2009.03.24 23:00:08.280,1.6619,1.66265,1.60,1.00
2009.03.24 23:00:08.509,1.66185,1.66265,1.60,1.00
2009.03.24 23:00:08.619,1.66165,1.66255,9.80,1.00
2009.03.24 23:00:08.839,1.66165,1.66255,6.80,1.00
2009.03.24 23:00:09.009,1.66165,1.66255,2.00,1.00
2009.03.24 23:00:09.299,1.6617,1.6628,2.00,5.00
2009.03.24 23:00:09.569,1.6617,1.6629,2.00,1.00
2009.03.24 23:00:11.179,1.66185,1.66265,2.00,1.00
2009.03.24 23:00:15.808,1.6618,1.6626,2.00,1.00
2009.03.24 23:00:17.757,1.6618,1.66265,2.00,1.00
2009.03.24 23:00:19.527,1.6618,1.6626,2.00,1.00
2009.03.24 23:00:20.547,1.66175,1.6626,2.00,1.00
2009.03.24 23:00:20.727,1.6618,1.66265,2.00,1.00
2009.03.24 23:00:23.996,1.66185,1.6627,2.00,1.00
2009.03.24 23:00:26.615,1.6619,1.66265,2.00,1.00
2009.03.24 23:00:36.113,1.66185,1.66255,2.00,1.00
2009.03.24 23:00:38.822,1.66185,1.66265,2.00,1.00
2009.03.24 23:00:41.002,1.66185,1.6626,2.00,1.00
2009.03.24 23:00:41.751,1.66185,1.66265,2.00,1.00
2009.03.24 23:00:51.359,1.6617,1.6624,2.00,1.00
2009.03.24 23:00:54.418,1.6617,1.6623,2.00,1.00
2009.03.24 23:01:00.957,1.6617,1.6624,2.00,1.00
2009.03.24 23:01:01.347,1.6618,1.6626,2.00,1.60
2009.03.24 23:01:01.577,1.6618,1.6627,2.00,1.00
2009.03.24 23:01:01.797,1.66185,1.6628,2.00,1.00
2009.03.24 23:01:06.746,1.66185,1.66275,2.00,1.00
2009.03.24 23:01:06.985,1.6618,1.66255,2.00,1.00
2009.03.24 23:01:21.752,1.66175,1.6624,2.00,1.00
2009.03.24 23:01:25.841,1.6618,1.66245,2.00,1.00
2009.03.24 23:01:27.810,1.66175,1.6624,2.00,1.00
2009.03.24 23:01:38.788,1.6618,1.66245,2.00,1.00
2009.03.24 23:01:40.508,1.66175,1.66245,2.00,1.00
2009.03.24 23:01:40.737,1.66175,1.66245,9.80,1.00
2009.03.24 23:01:41.087,1.66175,1.66245,2.00,1.00
2009.03.24 23:01:41.657,1.66175,1.66245,6.80,1.00
2009.03.24 23:01:41.837,1.66175,1.66245,9.80,1.00
2009.03.24 23:01:44.776,1.6618,1.6625,2.00,1.00
2009.03.24 23:01:44.996,1.6618,1.6625,5.00,1.00
2009.03.24 23:01:45.226,1.6618,1.6625,9.80,1.00
2009.03.24 23:01:56.223,1.6618,1.6624,7.80,1.00
2009.03.24 23:01:56.563,1.66175,1.6624,9.80,1.00
2009.03.24 23:02:22.917,1.6618,1.66275,2.00,1.00
2009.03.24 23:02:23.308,1.66185,1.66285,2.00,1.00
2009.03.24 23:02:23.486,1.6619,1.6629,3.20,1.00
2009.03.24 23:02:23.647,1.6619,1.6629,2.00,1.00
2009.03.24 23:02:37.273,1.66205,1.663,2.00,6.40
2009.03.24 23:02:37.813,1.6617,1.663,1.60,4.80
2009.03.24 23:02:37.983,1.66175,1.663,3.20,4.80
2009.03.24 23:02:38.103,1.6617,1.663,1.60,4.80
2009.03.24 23:02:54.179,1.662,1.6629,2.00,1.00
2009.03.24 23:03:05.517,1.662,1.66275,2.00,1.00
2009.03.24 23:03:06.666,1.6619,1.66265,2.00,1.00
2009.03.24 23:04:10.471,1.66195,1.6628,2.00,1.00
2009.03.24 23:04:12.070,1.66195,1.66285,2.00,1.00
2009.03.24 23:04:19.468,1.66205,1.6628,2.00,1.00
2009.03.24 23:04:19.869,1.662,1.66275,2.00,1.00
2009.03.24 23:04:20.338,1.662,1.66295,2.00,1.00
2009.03.24 23:04:29.706,1.6621,1.66295,2.00,1.00
2009.03.24 23:04:54.230,1.6622,1.66305,2.00,1.00
2009.03.24 23:05:02.108,1.6622,1.66315,2.00,4.80
2009.03.24 23:05:02.498,1.66225,1.66325,7.80,1.60
2009.03.24 23:05:02.558,1.66225,1.6633,7.80,5.00
2009.03.24 23:05:02.788,1.66225,1.6633,3.00,5.00
2009.03.24 23:05:03.018,1.6622,1.6633,9.80,5.00
2009.03.24 23:05:05.297,1.6622,1.6633,2.00,5.00
2009.03.24 23:05:06.687,1.6622,1.66315,2.00,1.00
2009.03.24 23:05:24.813,1.66185,1.66265,2.00,1.00
2009.03.24 23:05:28.702,1.6617,1.66245,2.00,1.00
2009.03.24 23:05:29.421,1.66175,1.66265,2.00,1.00
2009.03.24 23:05:29.651,1.66175,1.6627,2.00,1.00
2009.03.24 23:05:29.931,1.66175,1.6625,2.00,1.00
2009.03.24 23:05:30.441,1.66175,1.66265,2.00,1.00
2009.03.24 23:05:30.621,1.6618,1.66265,2.00,1.00
2009.03.24 23:05:30.731,1.6618,1.6628,2.00,1.60
2009.03.24 23:05:31.031,1.6618,1.6629,2.00,1.00
2009.03.24 23:05:31.611,1.6618,1.6628,2.00,1.00
2009.03.24 23:05:31.961,1.6618,1.6629,2.00,1.00
2009.03.24 23:05:32.301,1.6618,1.6628,2.00,1.00
2009.03.24 23:05:32.881,1.6618,1.6628,3.60,1.00
2009.03.24 23:05:33.460,1.6618,1.6628,2.00,1.00
2009.03.24 23:05:34.730,1.66185,1.6628,1.60,1.00
2009.03.24 23:05:37.340,1.6618,1.6628,3.60,1.00
2009.03.24 23:05:37.520,1.66195,1.66275,2.00,1.00
2009.03.24 23:05:38.020,1.66185,1.6627,2.00,1.00
2009.03.24 23:05:39.019,1.66195,1.6626,2.00,1.00
2009.03.24 23:05:39.879,1.6619,1.6626,2.00,1.00
2009.03.24 23:05:40.049,1.6619,1.66265,2.00,1.00
2009.03.24 23:05:40.509,1.6619,1.6627,2.00,1.00
2009.03.24 23:05:40.739,1.6619,1.66265,2.00,1.00
2009.03.24 23:05:41.449,1.66185,1.6626,2.00,1.00
2009.03.24 23:05:42.219,1.6619,1.66265,2.00,1.00
2009.03.24 23:05:45.988,1.6619,1.66265,2.00,1.00
2009.03.24 23:05:46.218,1.6619,1.66265,2.00,1.00
2009.03.24 23:05:46.637,1.6619,1.66265,2.00,1.00
2009.03.24 23:05:47.157,1.6619,1.66265,2.00,1.00
2009.03.24 23:05:50.617,1.6617,1.66245,2.00,1.00
2009.03.24 23:05:51.146,1.66165,1.6628,2.00,6.40
2009.03.24 23:05:51.446,1.6616,1.6627,2.00,1.00
2009.03.24 23:05:51.676,1.66165,1.6629,2.00,1.80
2009.03.24 23:05:51.957,1.66165,1.6629,2.00,2.00
2009.03.24 23:05:52.366,1.66165,1.6628,2.00,1.00
2009.03.24 23:05:52.486,1.66175,1.6627,2.00,1.00
2009.03.24 23:05:55.845,1.66175,1.66255,2.00,1.00
2009.03.24 23:05:56.365,1.6618,1.66265,2.00,1.00
2009.03.24 23:05:56.595,1.66175,1.6626,2.00,1.00
2009.03.24 23:05:58.684,1.66175,1.66265,2.00,1.00
2009.03.24 23:05:59.404,1.66175,1.6627,2.00,1.00
2009.03.24 23:06:02.374,1.66175,1.66275,2.00,1.00
2009.03.24 23:06:06.202,1.66185,1.66285,2.00,1.60
2009.03.24 23:06:06.703,1.66185,1.6629,2.00,3.20
2009.03.24 23:06:06.873,1.66185,1.66285,2.00,1.00
2009.03.24 23:06:16.100,1.6618,1.6627,2.00,1.00
2009.03.24 23:06:59.980,1.6618,1.6628,2.00,1.00
2009.03.24 23:07:05.048,1.6618,1.66285,2.00,1.00
2009.03.24 23:07:06.448,1.6618,1.66285,2.00,1.00
2009.03.24 23:07:08.678,1.66175,1.66275,2.00,1.00
2009.03.24 23:07:10.937,1.66175,1.6626,2.00,1.00
2009.03.24 23:07:11.227,1.66165,1.6624,2.00,1.00
2009.03.24 23:08:07.633,1.6616,1.66225,2.00,1.00
2009.03.24 23:08:10.932,1.66145,1.66215,2.00,1.00
2009.03.24 23:08:11.162,1.66145,1.66225,2.00,1.00
2009.03.24 23:08:11.332,1.6613,1.6621,2.00,1.00
2009.03.24 23:08:16.861,1.6612,1.66225,2.00,1.00
2009.03.24 23:08:18.690,1.6612,1.6621,2.00,1.00
2009.03.24 23:08:20.310,1.66115,1.662,2.00,1.00
2009.03.24 23:08:38.715,1.66115,1.6618,2.00,1.00
2009.03.24 23:09:07.398,1.66105,1.6617,2.00,1.00
2009.03.24 23:09:11.057,1.66105,1.6618,2.00,1.00
2009.03.24 23:09:42.430,1.6611,1.66185,2.00,1.00
2009.03.24 23:09:42.610,1.6611,1.6619,2.00,1.00
2009.03.24 23:09:43.050,1.6611,1.66205,2.00,2.00
2009.03.24 23:09:43.450,1.66115,1.66205,2.00,1.00
2009.03.24 23:09:47.469,1.6612,1.6619,2.00,1.00
2009.03.24 23:09:50.528,1.6612,1.662,2.00,1.00
2009.03.24 23:09:57.806,1.6612,1.6619,2.00,1.00
2009.03.24 23:09:57.986,1.66115,1.6619,2.00,1.00
2009.03.24 23:09:59.066,1.6612,1.66195,2.00,1.00
2009.03.24 23:09:59.626,1.6611,1.6618,2.00,1.00
2009.03.24 23:10:00.186,1.6611,1.66185,2.00,1.00
2009.03.24 23:10:01.526,1.66115,1.6619,2.00,1.00
2009.03.24 23:10:04.044,1.66115,1.66195,2.00,1.00
2009.03.24 23:10:09.393,1.66115,1.66195,3.20,1.00
2009.03.24 23:10:09.514,1.66115,1.66205,5.20,1.00
2009.03.24 23:10:10.033,1.66115,1.6621,5.20,1.00
2009.03.24 23:10:25.220,1.66125,1.66195,2.00,1.00
2009.03.24 23:11:01.121,1.6613,1.6621,2.00,1.00
2009.03.24 23:11:01.591,1.6613,1.6621,2.00,1.00
2009.03.24 23:11:10.299,1.66125,1.66195,2.00,1.00
2009.03.24 23:11:37.172,1.66125,1.66195,3.20,1.00
2009.03.24 23:11:56.067,1.6613,1.66195,3.20,1.00
2009.03.24 23:12:01.156,1.6613,1.6621,3.20,1.00
2009.03.24 23:12:34.858,1.66125,1.6621,5.20,1.00
2009.03.24 23:12:58.892,1.66135,1.6621,3.20,1.00
2009.03.24 23:13:14.098,1.6613,1.6621,2.00,1.00
2009.03.24 23:13:14.318,1.66135,1.662,2.00,1.00
2009.03.24 23:13:16.768,1.66135,1.662,3.20,1.00
2009.03.24 23:13:16.878,1.66135,1.6621,3.20,1.00
2009.03.24 23:13:22.817,1.66135,1.662,2.00,1.00
2009.03.24 23:13:25.766,1.66135,1.6621,3.20,1.00
2009.03.24 23:13:32.864,1.66135,1.662,2.00,1.00
2009.03.24 23:14:06.286,1.66135,1.66205,2.00,1.00
2009.03.24 23:14:09.985,1.6614,1.6622,2.00,1.60
2009.03.24 23:14:10.215,1.6614,1.66225,2.00,1.00
2009.03.24 23:14:13.854,1.66135,1.6621,2.00,1.00
2009.03.24 23:14:14.654,1.66135,1.66215,2.00,1.00
2009.03.24 23:14:16.373,1.66125,1.662,5.20,1.00
2009.03.24 23:14:34.289,1.66135,1.66205,2.00,1.00
2009.03.24 23:14:45.066,1.6613,1.662,2.00,1.00
2009.03.24 23:14:46.606,1.66125,1.6619,2.00,1.00
2009.03.24 23:14:58.593,1.66135,1.66225,2.00,1.60
2009.03.24 23:14:58.993,1.66135,1.6623,2.00,1.00
2009.03.24 23:14:59.103,1.66135,1.66235,2.00,1.60
2009.03.24 23:14:59.393,1.66135,1.66245,2.00,1.00
2009.03.24 23:15:02.123,1.6614,1.6623,2.00,1.00
2009.03.24 23:15:02.403,1.66135,1.6623,2.00,1.00
2009.03.24 23:15:02.512,1.6613,1.66225,2.00,1.00
2009.03.24 23:15:03.042,1.6613,1.66225,5.20,1.00
2009.03.24 23:15:08.011,1.6614,1.66225,2.00,1.00
2009.03.24 23:15:10.011,1.6613,1.6622,5.20,1.00
2009.03.24 23:15:31.935,1.6614,1.66255,2.00,1.80
2009.03.24 23:15:31.985,1.66145,1.66255,3.20,1.80
2009.03.24 23:15:32.275,1.66145,1.66255,3.20,1.00
2009.03.24 23:15:32.815,1.6614,1.66235,3.20,1.00
2009.03.24 23:15:37.874,1.6614,1.6623,3.20,1.00
2009.03.24 23:15:38.394,1.6614,1.66245,3.20,1.00
2009.03.24 23:15:38.683,1.66145,1.66245,3.20,1.00
2009.03.24 23:16:10.896,1.66145,1.6623,3.20,1.00
2009.03.24 23:16:11.236,1.6614,1.6623,3.20,1.00
2009.03.24 23:16:15.284,1.6614,1.66235,3.20,1.60
2009.03.24 23:16:15.624,1.6614,1.6624,3.20,1.00
2009.03.24 23:16:15.864,1.6614,1.66245,3.20,1.00
2009.03.24 23:16:20.165,1.6614,1.6624,5.20,1.00
2009.03.24 23:16:24.952,1.6615,1.66235,2.00,1.00
2009.03.24 23:16:30.051,1.66155,1.6623,2.00,1.00
2009.03.24 23:16:31.631,1.66165,1.66265,2.00,1.80
2009.03.24 23:16:31.991,1.6617,1.6628,2.00,1.80
2009.03.24 23:16:32.170,1.66175,1.6628,2.00,1.60
2009.03.24 23:16:32.341,1.66175,1.66295,2.00,1.60
2009.03.24 23:16:32.450,1.66175,1.66305,2.00,1.00
2009.03.24 23:16:34.640,1.6616,1.66305,1.60,8.00
2009.03.24 23:16:34.860,1.66165,1.66305,3.00,8.00
2009.03.24 23:16:34.920,1.66165,1.66305,7.80,8.00
2009.03.24 23:16:35.210,1.66165,1.66315,9.40,8.00
2009.03.24 23:16:36.250,1.66165,1.66315,7.80,8.00
2009.03.24 23:16:38.049,1.66165,1.66305,9.40,8.00
2009.03.24 23:17:03.593,1.66165,1.66305,4.80,8.00
2009.03.24 23:17:04.083,1.6616,1.66295,6.40,8.00
2009.03.24 23:17:05.293,1.6616,1.66295,3.20,8.00
2009.03.24 23:17:09.062,1.6616,1.6629,7.80,1.00
2009.03.24 23:17:09.392,1.6612,1.66275,7.80,8.00
2009.03.24 23:17:09.612,1.6612,1.66275,4.80,8.00
2009.03.24 23:17:09.671,1.6612,1.66275,7.80,8.00
2009.03.24 23:17:10.201,1.66125,1.6628,3.00,4.80
2009.03.24 23:17:10.252,1.66125,1.66285,7.80,12.80
2009.03.24 23:17:10.361,1.66125,1.66285,9.40,14.40
2009.03.24 23:17:10.661,1.66135,1.66285,9.40,9.60
2009.03.24 23:17:18.229,1.66135,1.66285,7.80,8.00
2009.03.24 23:17:19.469,1.6614,1.66285,3.00,8.00
2009.03.24 23:17:19.689,1.66135,1.6629,7.80,4.80
2009.03.24 23:17:19.800,1.6614,1.6629,3.00,4.80
2009.03.24 23:17:20.140,1.6614,1.66295,7.80,14.40
2009.03.24 23:17:50.802,1.6614,1.66285,7.80,8.00
2009.03.24 23:17:51.201,1.6614,1.66295,7.80,12.80
2009.03.24 23:17:51.491,1.66145,1.66295,7.80,12.80
2009.03.24 23:17:52.411,1.66145,1.66285,7.80,8.00
2009.03.24 23:17:56.600,1.66145,1.66285,3.00,8.00
2009.03.24 23:17:56.660,1.6614,1.66285,7.80,8.00
2009.03.24 23:17:59.080,1.66135,1.66295,3.20,6.40
2009.03.24 23:17:59.309,1.66135,1.66295,7.80,4.80
2009.03.24 23:17:59.641,1.66135,1.663,12.60,4.80
2009.03.24 23:18:01.069,1.66145,1.663,7.80,4.80
2009.03.24 23:18:03.228,1.66145,1.66285,7.80,8.00
2009.03.24 23:18:03.588,1.6614,1.6628,1.60,4.80
2009.03.24 23:18:03.948,1.66135,1.6628,3.20,4.80
2009.03.24 23:18:05.918,1.66135,1.6628,3.20,6.40
2009.03.24 23:18:06.757,1.66135,1.66275,3.20,8.00
2009.03.24 23:18:06.867,1.66135,1.66275,3.20,9.60
2009.03.24 23:18:07.477,1.6612,1.66275,4.80,9.60
2009.03.24 23:18:08.107,1.66135,1.6629,9.40,4.80
2009.03.24 23:18:08.397,1.6614,1.6629,3.00,4.80
2009.03.24 23:18:08.687,1.6614,1.6629,7.80,4.80
2009.03.24 23:18:08.967,1.6614,1.6629,9.40,4.80
2009.03.24 23:18:14.036,1.66145,1.6629,1.60,4.80
2009.03.24 23:18:20.294,1.66135,1.6629,4.80,4.80
2009.03.24 23:18:24.363,1.66135,1.6629,3.20,6.40
2009.03.24 23:18:25.053,1.66135,1.66285,3.20,8.00
2009.03.24 23:18:25.163,1.66135,1.66285,4.80,8.00
2009.03.24 23:18:25.333,1.66135,1.66285,3.20,8.00
2009.03.24 23:18:26.603,1.66135,1.66295,3.20,6.40
2009.03.24 23:18:26.833,1.6614,1.66295,3.20,4.80
2009.03.24 23:18:27.123,1.6614,1.66295,4.80,4.80
2009.03.24 23:18:29.282,1.66145,1.66295,1.60,4.80
2009.03.24 23:18:29.962,1.66145,1.66295,4.80,4.80
2009.03.24 23:18:30.412,1.66155,1.66295,3.20,4.80
2009.03.24 23:18:30.532,1.66155,1.663,3.20,4.80
2009.03.24 23:18:31.422,1.6616,1.663,3.20,4.80
2009.03.24 23:18:34.331,1.6616,1.66295,3.20,12.80
2009.03.24 23:18:35.181,1.66155,1.66295,3.20,12.80
2009.03.24 23:18:35.980,1.6615,1.66295,3.20,12.80
2009.03.24 23:18:38.770,1.66155,1.66295,3.20,4.80
2009.03.24 23:18:39.180,1.66155,1.66305,3.20,9.60
2009.03.24 23:18:39.460,1.66155,1.66305,3.20,8.00
2009.03.24 23:18:40.439,1.66145,1.66275,6.20,1.00
2009.03.24 23:18:40.659,1.66145,1.66275,3.20,1.00
2009.03.24 23:18:43.319,1.66145,1.6626,2.00,1.00
2009.03.24 23:18:48.298,1.66145,1.66265,2.00,1.00
2009.03.24 23:19:00.754,1.66155,1.66275,2.00,1.60
2009.03.24 23:19:00.814,1.6616,1.66275,2.00,1.60
2009.03.24 23:19:00.925,1.6616,1.66285,2.00,4.80
2009.03.24 23:19:01.334,1.6616,1.6629,2.00,5.00
2009.03.24 23:19:03.844,1.6616,1.66285,2.00,8.00
2009.03.24 23:19:05.034,1.6616,1.6629,2.00,5.00
2009.03.24 23:19:05.214,1.66155,1.6629,2.00,4.80
2009.03.24 23:19:05.433,1.66145,1.6629,1.60,4.80
2009.03.24 23:19:05.724,1.6615,1.663,3.20,4.80
2009.03.24 23:19:06.183,1.66155,1.663,3.20,4.80
2009.03.24 23:19:09.522,1.66155,1.663,5.20,5.00
2009.03.24 23:19:09.852,1.66155,1.663,5.20,1.00
2009.03.24 23:19:10.492,1.66155,1.66295,5.20,8.00
2009.03.24 23:19:11.802,1.6616,1.66295,2.00,8.00
2009.03.24 23:19:34.716,1.66145,1.6624,2.00,1.00
2009.03.24 23:19:40.005,1.66145,1.6623,2.00,1.00
2009.03.24 23:19:50.063,1.6614,1.6623,2.00,1.00
2009.03.24 23:20:13.887,1.6614,1.66235,2.00,1.00
2009.03.24 23:20:30.473,1.6614,1.6623,2.00,1.00
2009.03.24 23:20:34.522,1.6613,1.6622,2.00,1.00
2009.03.24 23:20:39.181,1.6613,1.66225,2.00,1.00
2009.03.24 23:20:39.411,1.66125,1.6623,2.00,1.00
2009.03.24 23:20:43.310,1.6613,1.66235,2.00,1.00
2009.03.24 23:20:44.599,1.6613,1.66225,2.00,1.00
2009.03.24 23:20:47.049,1.6614,1.66235,2.00,1.60
2009.03.24 23:20:47.399,1.66145,1.66235,2.00,1.60
2009.03.24 23:20:47.509,1.66145,1.6625,2.00,1.60
2009.03.24 23:20:47.628,1.66145,1.66255,2.00,1.60
2009.03.24 23:20:47.930,1.66145,1.66265,2.00,1.60
2009.03.24 23:20:48.169,1.66145,1.6627,2.00,1.00
2009.03.24 23:20:49.358,1.6614,1.66245,3.60,1.00
2009.03.24 23:20:49.538,1.6614,1.66245,2.00,1.00
2009.03.24 23:21:20.870,1.66135,1.66235,2.00,1.00
2009.03.24 23:21:21.491,1.6614,1.66235,2.00,1.00
2009.03.24 23:21:23.100,1.66135,1.6624,2.00,1.00
2009.03.24 23:21:23.440,1.66135,1.6624,2.00,1.00
2009.03.24 23:21:24.580,1.66135,1.66235,2.00,1.00
2009.03.24 23:21:28.299,1.66145,1.6627,2.00,1.00
2009.03.24 23:21:32.198,1.66135,1.66245,2.00,1.00
2009.03.24 23:21:36.497,1.6614,1.66245,2.00,1.00
2009.03.24 23:21:36.667,1.6614,1.6625,2.00,1.60
2009.03.24 23:21:37.067,1.66145,1.6626,2.00,1.60
2009.03.24 23:21:37.236,1.66145,1.6627,2.00,1.60
2009.03.24 23:21:37.527,1.66145,1.66275,2.00,1.00
2009.03.24 23:22:01.751,1.6614,1.66235,2.00,1.00
2009.03.24 23:22:02.320,1.66135,1.6623,2.00,1.00
2009.03.24 23:22:03.530,1.6614,1.6624,2.00,1.00
2009.03.24 23:22:13.148,1.66145,1.6624,2.00,1.00
2009.03.24 23:22:14.618,1.6615,1.6625,2.00,1.60
2009.03.24 23:22:14.848,1.6615,1.66255,2.00,1.00
2009.03.24 23:22:15.078,1.66155,1.66265,2.00,1.00
2009.03.24 23:22:34.823,1.6616,1.6625,2.00,1.00
2009.03.24 23:22:53.858,1.66155,1.66255,2.00,1.00
2009.03.24 23:22:56.808,1.6615,1.6626,2.00,1.00
2009.03.24 23:23:07.265,1.66145,1.6625,2.00,1.00
2009.03.24 23:23:08.035,1.66145,1.6624,2.00,1.00
2009.03.24 23:23:32.329,1.6615,1.6625,2.00,1.00
2009.03.24 23:23:34.878,1.6615,1.66245,2.00,1.00
2009.03.24 23:24:46.981,1.66135,1.66215,1.60,1.00
2009.03.24 23:24:47.270,1.6613,1.66215,2.00,1.00
2009.03.24 23:24:53.709,1.6613,1.66195,2.00,1.00
2009.03.24 23:25:16.463,1.6613,1.66205,2.00,1.00
2009.03.24 23:25:19.043,1.66125,1.66195,2.00,1.00
2009.03.24 23:25:23.952,1.6613,1.66195,2.00,1.00
2009.03.24 23:25:24.451,1.6612,1.6619,2.00,1.00
2009.03.24 23:25:28.220,1.6612,1.66195,2.00,1.00
2009.03.24 23:25:31.389,1.6612,1.6619,2.00,1.00
2009.03.24 23:25:55.764,1.66125,1.6619,2.00,1.00
2009.03.24 23:25:59.263,1.6612,1.6619,2.00,1.00
2009.03.24 23:26:00.383,1.6612,1.66185,2.00,1.00
2009.03.24 23:26:01.222,1.661,1.6616,1.60,1.00
2009.03.24 23:26:01.452,1.66085,1.6616,2.00,2.00
2009.03.24 23:26:02.192,1.66065,1.66145,3.60,1.00
2009.03.24 23:26:02.532,1.6606,1.6613,2.00,1.00
2009.03.24 23:26:04.102,1.6606,1.66135,2.00,1.00
2009.03.24 23:26:06.801,1.6606,1.66125,2.00,1.00
2009.03.24 23:26:11.840,1.66055,1.6612,2.00,1.00
2009.03.24 23:26:14.809,1.66055,1.6613,2.00,1.00
2009.03.24 23:26:17.618,1.66055,1.66125,2.00,1.00
2009.03.24 23:26:22.277,1.6606,1.66125,2.00,1.00
2009.03.24 23:26:25.177,1.6606,1.66125,2.00,1.00
2009.03.24 23:26:25.467,1.66055,1.6612,2.00,1.00
2009.03.24 23:26:25.647,1.6605,1.66115,2.00,1.00
2009.03.24 23:26:26.296,1.66045,1.6612,2.00,1.00
2009.03.24 23:26:26.407,1.66045,1.6613,2.00,1.00
2009.03.24 23:26:29.376,1.6605,1.6613,3.20,1.00
2009.03.24 23:26:29.615,1.6605,1.66135,3.20,1.00
2009.03.24 23:26:29.895,1.66055,1.66135,3.20,1.00
2009.03.24 23:26:30.705,1.6604,1.6613,5.20,1.00
2009.03.24 23:26:30.825,1.6604,1.6613,5.20,1.00
2009.03.24 23:26:32.725,1.6604,1.6613,3.20,1.00
2009.03.24 23:26:33.364,1.66055,1.6613,3.20,1.00
2009.03.24 23:26:33.654,1.66055,1.6613,3.20,1.00
2009.03.24 23:26:37.823,1.66045,1.66125,3.20,1.00
2009.03.24 23:26:38.004,1.6604,1.6613,3.20,1.00
2009.03.24 23:26:38.124,1.66035,1.6613,5.20,1.00
2009.03.24 23:26:40.683,1.66035,1.66125,3.20,1.00
2009.03.24 23:26:41.243,1.6604,1.66125,3.20,1.00
2009.03.24 23:26:46.531,1.66025,1.661,3.20,1.00
2009.03.24 23:26:46.701,1.6602,1.661,3.20,1.00
2009.03.24 23:26:46.872,1.6602,1.661,1.60,1.00
2009.03.24 23:26:47.151,1.66,1.66095,1.60,1.00
2009.03.24 23:26:47.371,1.65995,1.66095,3.20,1.00
2009.03.24 23:26:47.531,1.65995,1.66105,3.20,1.00
2009.03.24 23:26:47.591,1.66005,1.66105,3.20,1.00
2009.03.24 23:26:48.201,1.6601,1.66115,3.20,3.20
2009.03.24 23:26:48.321,1.6602,1.66115,3.20,1.60
2009.03.24 23:26:48.501,1.6602,1.6612,3.20,1.00
2009.03.24 23:26:48.831,1.6602,1.66125,3.20,1.00
2009.03.24 23:26:49.231,1.6602,1.6612,3.20,1.00
2009.03.24 23:26:51.150,1.6602,1.66115,3.20,1.00
2009.03.24 23:26:51.610,1.6602,1.6612,3.20,1.00
2009.03.24 23:26:51.880,1.6602,1.6613,3.20,2.00
2009.03.24 23:26:54.839,1.6602,1.66125,3.20,1.60
2009.03.24 23:26:55.129,1.6602,1.6613,3.20,1.00
2009.03.24 23:26:56.989,1.66025,1.6613,1.60,1.00
2009.03.24 23:26:59.018,1.6603,1.66135,1.60,1.00
2009.03.24 23:26:59.528,1.6605,1.66135,2.00,1.00
2009.03.24 23:27:02.437,1.6607,1.6613,3.20,1.00
2009.03.24 23:27:02.718,1.6607,1.6613,3.20,1.00
2009.03.24 23:27:05.327,1.6606,1.6613,3.20,1.00
2009.03.24 23:27:05.507,1.6606,1.66135,3.20,1.00
2009.03.24 23:27:05.807,1.66055,1.66135,3.20,1.00
2009.03.24 23:27:06.147,1.66045,1.66135,5.20,1.00
2009.03.24 23:27:06.787,1.6605,1.66135,2.00,1.00
2009.03.24 23:27:21.893,1.6605,1.6613,2.00,1.00
2009.03.24 23:27:26.432,1.6605,1.66115,2.00,1.00
2009.03.24 23:27:28.991,1.66045,1.66125,2.00,1.00
2009.03.24 23:27:35.330,1.66045,1.6613,3.20,1.00
2009.03.24 23:27:36.529,1.66045,1.66135,5.20,1.00
2009.03.24 23:27:37.939,1.66055,1.6613,2.00,1.00
2009.03.24 23:27:45.327,1.66055,1.6613,3.20,1.00
2009.03.24 23:27:45.617,1.66055,1.6613,3.20,1.00
2009.03.24 23:27:51.945,1.66065,1.6613,3.20,1.00
2009.03.24 23:27:51.996,1.66065,1.66155,3.20,3.20
2009.03.24 23:27:52.226,1.6607,1.66155,3.20,1.60
2009.03.24 23:27:52.345,1.6607,1.66165,3.20,2.00
2009.03.24 23:27:52.686,1.6607,1.6618,3.20,1.60
2009.03.24 23:27:53.035,1.6607,1.66235,11.00,1.60
2009.03.24 23:27:53.325,1.66065,1.6624,11.00,6.40
2009.03.24 23:27:53.655,1.66065,1.6624,11.00,1.60
2009.03.24 23:27:53.995,1.6609,1.66255,3.20,4.80
2009.03.24 23:27:58.554,1.66085,1.6624,7.80,4.80
2009.03.24 23:27:58.604,1.6608,1.66225,7.80,8.00
2009.03.24 23:27:58.724,1.6608,1.66225,4.80,8.00
2009.03.24 23:27:58.784,1.66065,1.66225,15.80,12.80
2009.03.24 23:27:59.334,1.66065,1.6622,11.00,4.80
2009.03.24 23:28:05.742,1.6607,1.66215,6.40,12.80
2009.03.24 23:28:08.751,1.6607,1.66215,6.40,8.00
2009.03.24 23:28:19.669,1.6606,1.6616,7.80,1.00
2009.03.24 23:28:19.949,1.6606,1.66165,4.80,1.00
2009.03.24 23:28:20.179,1.6607,1.66225,6.40,6.40
2009.03.24 23:28:20.479,1.66065,1.6622,6.40,6.40
2009.03.24 23:28:20.829,1.66065,1.6622,6.40,4.80
2009.03.24 23:28:21.188,1.66065,1.6622,9.40,4.80
2009.03.24 23:28:21.548,1.66085,1.66235,4.80,9.60
2009.03.24 23:28:21.598,1.66085,1.66235,4.80,1.60
2009.03.24 23:28:21.658,1.66085,1.66235,7.80,1.60
2009.03.24 23:28:23.078,1.6608,1.66235,11.00,1.60
2009.03.24 23:28:23.258,1.6609,1.6623,1.60,4.80
2009.03.24 23:28:23.838,1.6609,1.66225,1.60,4.80
2009.03.24 23:28:24.977,1.66095,1.6623,1.60,4.80
2009.03.24 23:28:26.187,1.66085,1.6623,3.20,4.80
2009.03.24 23:28:28.097,1.66095,1.6623,1.60,4.80
2009.03.24 23:28:32.936,1.661,1.66225,1.60,4.80
2009.03.24 23:28:40.324,1.66105,1.66225,2.00,4.80
2009.03.24 23:28:53.531,1.6611,1.66225,2.00,4.80
2009.03.24 23:28:53.830,1.66105,1.6623,3.00,4.80
2009.03.24 23:28:54.281,1.661,1.6623,6.20,4.80
2009.03.24 23:28:54.460,1.66115,1.66235,3.00,4.80
2009.03.24 23:28:54.840,1.66125,1.66235,3.00,4.80
2009.03.24 23:28:55.320,1.66125,1.6624,3.00,4.80
2009.03.24 23:28:57.870,1.66135,1.6624,2.00,4.80
2009.03.24 23:28:58.739,1.66135,1.6625,2.00,4.80
2009.03.24 23:28:59.209,1.6613,1.66255,3.00,4.80
2009.03.24 23:28:59.669,1.6614,1.66255,3.00,4.80
2009.03.24 23:29:04.978,1.66135,1.66255,1.60,4.80
2009.03.24 23:29:05.378,1.6612,1.66255,8.00,4.80
2009.03.24 23:29:05.738,1.66135,1.66255,3.20,4.80
2009.03.24 23:29:06.088,1.6612,1.66255,3.20,4.80
2009.03.24 23:29:06.257,1.6613,1.66255,3.20,4.80
2009.03.24 23:29:09.507,1.66135,1.6626,3.20,4.80
2009.03.24 23:29:10.896,1.66125,1.6626,3.20,4.80
2009.03.24 23:29:11.066,1.6611,1.66205,3.60,1.00
2009.03.24 23:29:11.247,1.6612,1.6622,3.20,4.80
2009.03.24 23:29:11.726,1.6612,1.6626,3.20,4.80
2009.03.24 23:29:11.846,1.6612,1.66275,3.20,4.80
2009.03.24 23:29:14.636,1.66125,1.66265,3.20,4.80
2009.03.24 23:29:25.223,1.6612,1.66265,3.20,4.80
2009.03.24 23:29:25.563,1.66115,1.6624,3.20,1.00
2009.03.24 23:29:26.433,1.6611,1.66225,3.20,1.00
2009.03.24 23:29:34.921,1.66115,1.66215,3.20,1.00
2009.03.24 23:29:46.538,1.66115,1.66215,3.20,1.00
2009.03.24 23:29:47.218,1.66115,1.66225,3.20,1.00
2009.03.24 23:30:05.933,1.66115,1.6623,5.20,5.00
2009.03.24 23:30:06.793,1.6611,1.6623,9.20,1.00
2009.03.24 23:30:08.982,1.66115,1.6622,5.20,1.00
2009.03.24 23:30:11.312,1.66115,1.6623,5.20,1.00
2009.03.24 23:30:14.041,1.66115,1.6622,5.20,1.00
2009.03.24 23:30:15.191,1.6612,1.6622,2.00,1.00
2009.03.24 23:30:17.950,1.66105,1.6621,5.20,1.00
2009.03.24 23:30:21.249,1.66115,1.66225,2.00,1.00
2009.03.24 23:30:23.759,1.66115,1.6623,3.00,1.00
2009.03.24 23:30:25.308,1.661,1.6621,7.60,1.00
2009.03.24 23:30:25.598,1.66105,1.66195,3.20,1.00
2009.03.24 23:30:25.838,1.661,1.66195,5.20,1.00
2009.03.24 23:30:44.904,1.661,1.6618,3.20,1.00
2009.03.24 23:30:48.542,1.66105,1.66175,3.20,1.00
2009.03.24 23:30:48.722,1.661,1.66185,3.20,1.00
2009.03.24 23:30:48.953,1.66105,1.6617,3.20,1.00
2009.03.24 23:30:52.282,1.6611,1.6618,3.20,1.00
2009.03.24 23:30:57.081,1.66115,1.6618,3.20,1.00
2009.03.24 23:30:57.141,1.66115,1.66195,3.20,1.80
2009.03.24 23:30:57.261,1.66125,1.66195,3.20,1.80
2009.03.24 23:30:57.491,1.66125,1.662,3.20,1.60
2009.03.24 23:30:57.601,1.66125,1.6621,3.20,1.60
2009.03.24 23:30:57.840,1.66125,1.6622,3.20,1.00
2009.03.24 23:31:00.860,1.6612,1.662,3.20,1.00
2009.03.24 23:31:05.538,1.66125,1.66215,3.20,1.80
2009.03.24 23:31:05.929,1.66125,1.66215,3.20,1.00
2009.03.24 23:31:10.867,1.66125,1.6621,3.20,1.00
2009.03.24 23:31:54.037,1.66125,1.66215,3.20,1.00
2009.03.24 23:31:54.157,1.66135,1.66215,3.20,1.00
2009.03.24 23:31:57.916,1.66135,1.6623,3.20,2.00
2009.03.24 23:31:58.716,1.6613,1.6623,3.20,1.00
2009.03.24 23:32:01.035,1.66135,1.6622,5.20,1.00
2009.03.24 23:32:01.755,1.66135,1.66215,3.20,1.00
2009.03.24 23:32:02.335,1.66135,1.6621,3.20,1.00
2009.03.24 23:32:10.653,1.66135,1.66215,3.20,1.00
2009.03.24 23:32:11.423,1.6614,1.66215,3.20,1.00
2009.03.24 23:32:11.593,1.6614,1.6623,3.20,1.60
2009.03.24 23:32:11.763,1.66135,1.66265,5.20,6.40
2009.03.24 23:32:12.062,1.66135,1.66265,5.20,4.80
2009.03.24 23:32:17.311,1.6614,1.66245,3.20,1.00
2009.03.24 23:32:24.650,1.6614,1.6624,3.20,1.00
2009.03.24 23:32:27.379,1.66135,1.6625,5.20,1.00
2009.03.24 23:32:29.818,1.6614,1.66255,5.20,5.00
2009.03.24 23:32:30.168,1.66135,1.66255,6.20,1.00
2009.03.24 23:32:31.138,1.6615,1.66265,3.00,6.40
2009.03.24 23:32:31.368,1.6615,1.66265,3.00,1.60
2009.03.24 23:32:31.548,1.6615,1.6627,3.00,1.00
2009.03.24 23:32:32.747,1.6616,1.6625,3.00,1.00
2009.03.24 23:32:34.527,1.66155,1.66235,2.00,1.00
2009.03.24 23:33:09.039,1.66165,1.6623,3.20,1.00
2009.03.24 23:33:10.148,1.66165,1.66245,3.20,1.00
2009.03.24 23:33:20.176,1.6618,1.66245,3.20,1.00
2009.03.24 23:33:20.406,1.66175,1.66255,3.20,1.60
2009.03.24 23:33:20.626,1.6618,1.66265,3.20,1.00
2009.03.24 23:33:20.806,1.66175,1.66265,3.20,1.00
2009.03.24 23:33:21.046,1.6618,1.66275,3.20,1.60
2009.03.24 23:33:21.266,1.66175,1.6627,3.20,1.00
2009.03.24 23:33:21.496,1.6618,1.66285,3.20,5.00
2009.03.24 23:33:23.615,1.6618,1.6626,3.20,1.00
2009.03.24 23:33:29.334,1.66185,1.6627,3.20,1.60
2009.03.24 23:33:29.853,1.6618,1.66275,3.20,1.00
2009.03.24 23:33:30.133,1.6618,1.6626,3.20,1.00
2009.03.24 23:33:47.399,1.66185,1.6627,3.20,1.60
2009.03.24 23:33:47.969,1.6618,1.66285,3.20,4.80
2009.03.24 23:33:48.249,1.6618,1.6628,3.20,1.00
2009.03.24 23:34:06.484,1.6618,1.6628,3.20,1.00
2009.03.24 23:34:06.655,1.6618,1.66265,3.20,1.00
2009.03.24 23:34:20.782,1.6618,1.66265,3.20,1.00
2009.03.24 23:34:21.411,1.66185,1.6628,3.20,1.00
2009.03.24 23:34:22.041,1.6618,1.66285,3.20,4.80
2009.03.24 23:34:22.451,1.6618,1.6628,3.20,1.00
2009.03.24 23:35:00.222,1.66185,1.6626,3.20,1.00
2009.03.24 23:35:02.691,1.66175,1.6625,3.20,1.00
2009.03.24 23:35:10.039,1.6617,1.6625,3.20,1.00
2009.03.24 23:35:10.219,1.66165,1.66245,3.20,1.00
2009.03.24 23:35:10.979,1.6617,1.66245,3.20,1.00
2009.03.24 23:35:11.829,1.6617,1.66255,3.20,1.00
2009.03.24 23:35:11.939,1.6617,1.6626,3.20,1.00
2009.03.24 23:35:13.339,1.6617,1.66255,3.20,1.00
2009.03.24 23:35:22.986,1.66175,1.6625,3.20,1.00
2009.03.24 23:35:23.346,1.66175,1.6625,3.20,1.00
2009.03.24 23:35:23.456,1.66175,1.6627,3.20,1.60
2009.03.24 23:35:23.746,1.66175,1.66285,3.20,4.80
2009.03.24 23:35:24.026,1.6619,1.66285,3.20,4.80
2009.03.24 23:35:24.306,1.66165,1.6632,6.40,4.80
2009.03.24 23:35:24.536,1.66165,1.66325,6.40,14.40
2009.03.24 23:35:24.826,1.6619,1.66325,3.20,4.80
2009.03.24 23:35:25.186,1.66205,1.6637,7.80,4.00
2009.03.24 23:35:25.415,1.6621,1.6637,7.80,12.00
2009.03.24 23:35:25.976,1.66225,1.6637,7.80,4.00
2009.03.24 23:35:26.216,1.66225,1.66365,7.80,8.00
2009.03.24 23:35:26.637,1.66225,1.66365,7.80,8.00
2009.03.24 23:35:26.805,1.66225,1.66365,4.80,8.00
2009.03.24 23:35:27.095,1.66215,1.66365,7.80,6.40
2009.03.24 23:35:27.255,1.662,1.66365,11.00,6.40
2009.03.24 23:35:27.375,1.66205,1.6633,11.00,1.00
2009.03.24 23:35:29.525,1.66205,1.6633,11.00,1.00
2009.03.24 23:35:30.154,1.6621,1.6633,3.20,1.00
2009.03.24 23:35:30.324,1.6621,1.66345,3.20,1.00
2009.03.24 23:35:30.674,1.6621,1.66345,3.20,4.80
2009.03.24 23:35:30.954,1.66215,1.66345,3.20,4.80
2009.03.24 23:35:31.284,1.66215,1.6634,3.20,1.00
2009.03.24 23:35:31.854,1.6622,1.6634,3.20,5.00
2009.03.24 23:35:32.244,1.6622,1.66335,3.20,4.80
2009.03.24 23:35:32.484,1.6622,1.6634,3.20,5.00
2009.03.24 23:35:32.984,1.6622,1.6634,3.20,4.80
2009.03.24 23:35:33.494,1.6622,1.66335,3.20,4.80
2009.03.24 23:35:33.614,1.66225,1.66335,3.20,4.80
2009.03.24 23:35:33.903,1.66225,1.66335,3.20,5.00
2009.03.24 23:35:34.363,1.66225,1.66335,3.20,1.00
2009.03.24 23:35:35.553,1.66225,1.6632,3.20,4.80
2009.03.24 23:35:37.303,1.66225,1.6631,3.20,4.80
2009.03.24 23:35:40.332,1.66225,1.6632,3.20,4.80
2009.03.24 23:35:40.812,1.66225,1.6631,3.20,4.80
2009.03.24 23:35:41.112,1.66225,1.66315,3.20,4.80
2009.03.24 23:35:41.511,1.66225,1.6631,3.20,4.80
2009.03.24 23:35:43.481,1.6619,1.6631,2.00,4.80
2009.03.24 23:35:43.801,1.6619,1.66305,2.00,4.80
2009.03.24 23:35:44.211,1.66185,1.66305,2.00,4.80
2009.03.24 23:35:44.331,1.66185,1.663,2.00,4.80
2009.03.24 23:35:47.480,1.662,1.663,2.00,4.80
2009.03.24 23:35:47.641,1.662,1.6631,2.00,4.80
2009.03.24 23:35:47.980,1.662,1.6632,2.00,4.80
2009.03.24 23:35:50.289,1.66215,1.6632,2.00,4.80
2009.03.24 23:36:04.206,1.6623,1.6632,3.20,4.80
2009.03.24 23:36:04.426,1.6623,1.66355,3.20,8.00
2009.03.24 23:36:04.766,1.66215,1.66355,2.00,8.00
2009.03.24 23:36:04.826,1.66215,1.6636,2.00,5.00
2009.03.24 23:36:05.116,1.66215,1.66335,2.00,4.80
2009.03.24 23:36:10.745,1.6621,1.66325,2.00,4.80
2009.03.24 23:36:18.463,1.662,1.66325,5.20,4.80
2009.03.24 23:36:19.103,1.662,1.6633,5.20,4.80
2009.03.24 23:36:22.222,1.662,1.6633,3.20,4.80
2009.03.24 23:36:26.681,1.662,1.6633,3.20,5.00
2009.03.24 23:36:28.531,1.662,1.66325,3.20,4.80
2009.03.24 23:36:40.507,1.662,1.6633,3.20,5.00
2009.03.24 23:36:40.737,1.662,1.6633,3.20,4.80
2009.03.24 23:36:41.127,1.662,1.6633,3.20,5.00
2009.03.24 23:36:41.347,1.662,1.6633,3.20,4.80
2009.03.24 23:36:41.917,1.662,1.6634,3.20,4.80
2009.03.24 23:36:51.495,1.6621,1.6633,2.00,1.00
2009.03.24 23:36:55.184,1.6621,1.66325,2.00,1.00
2009.03.24 23:37:01.142,1.66215,1.6634,2.00,6.60
2009.03.24 23:37:01.322,1.66215,1.6634,2.00,5.00
2009.03.24 23:37:01.852,1.66215,1.6634,2.00,1.00
2009.03.24 23:37:04.531,1.66225,1.66325,2.00,1.00
2009.03.24 23:37:05.482,1.66235,1.6634,2.00,1.60
2009.03.24 23:37:05.942,1.66235,1.66345,2.00,4.80
2009.03.24 23:37:06.271,1.66225,1.66325,2.00,4.80
2009.03.24 23:37:06.691,1.66225,1.6633,2.00,4.80
2009.03.24 23:37:06.931,1.66225,1.6633,2.00,1.00
2009.03.24 23:37:10.370,1.66225,1.66325,2.00,4.80
2009.03.24 23:37:12.340,1.6622,1.663,2.00,1.00
2009.03.24 23:37:14.949,1.66215,1.6628,2.00,1.00
2009.03.24 23:37:17.438,1.66215,1.66285,2.00,1.00
2009.03.24 23:37:17.558,1.6622,1.663,2.00,1.00
2009.03.24 23:37:17.678,1.6622,1.66305,2.00,1.60
2009.03.24 23:37:18.148,1.6622,1.6631,2.00,1.00
2009.03.24 23:37:18.928,1.6622,1.66305,2.00,1.00
2009.03.24 23:37:19.448,1.66225,1.66305,2.00,1.00
2009.03.24 23:37:20.708,1.6619,1.66295,1.60,1.00
2009.03.24 23:37:21.008,1.6618,1.66315,5.20,1.60
2009.03.24 23:37:21.427,1.6618,1.6632,5.20,1.60
2009.03.24 23:37:22.457,1.66195,1.6632,3.60,1.60
2009.03.24 23:37:22.787,1.6621,1.66305,2.00,1.00
2009.03.24 23:37:23.067,1.6619,1.6629,1.60,1.00
2009.03.24 23:37:23.187,1.66185,1.6629,1.60,1.00
2009.03.24 23:37:23.427,1.6617,1.66285,2.00,1.00
2009.03.24 23:37:25.007,1.6618,1.6627,2.00,1.00
2009.03.24 23:37:25.857,1.66175,1.66275,5.20,1.00
2009.03.24 23:37:26.196,1.66185,1.6628,2.00,2.00
2009.03.24 23:37:26.416,1.6619,1.6628,2.00,2.00
2009.03.24 23:37:28.206,1.662,1.66295,2.00,1.60
2009.03.24 23:37:28.427,1.66195,1.6629,2.00,1.00
2009.03.24 23:37:28.596,1.66195,1.663,2.00,1.60
2009.03.24 23:37:28.936,1.66205,1.66305,2.00,1.60
2009.03.24 23:37:29.336,1.66205,1.6631,2.00,1.60
2009.03.24 23:37:29.675,1.6621,1.6632,2.00,1.00
2009.03.24 23:37:30.585,1.66205,1.66295,2.00,1.00
2009.03.24 23:37:31.565,1.662,1.6629,2.00,1.00
2009.03.24 23:37:36.024,1.6619,1.66285,5.20,1.00
2009.03.24 23:37:36.584,1.662,1.6629,2.00,1.00
2009.03.24 23:37:39.113,1.662,1.6629,3.20,1.00
2009.03.24 23:37:39.283,1.662,1.663,3.20,1.80
2009.03.24 23:37:39.453,1.662,1.6628,3.20,1.00
2009.03.24 23:38:03.407,1.6619,1.6628,3.20,1.00
2009.03.24 23:38:03.527,1.6619,1.6627,3.20,1.00
2009.03.24 23:38:08.646,1.6619,1.66255,3.20,1.00
2009.03.24 23:38:08.706,1.6618,1.66255,5.60,1.00
2009.03.24 23:38:08.876,1.6618,1.6627,4.80,1.00
2009.03.24 23:38:11.115,1.6618,1.6627,3.20,1.00
2009.03.24 23:38:12.085,1.6618,1.6627,3.60,1.00
2009.03.24 23:38:12.195,1.6618,1.6627,2.00,1.00
2009.03.24 23:38:22.813,1.66185,1.66265,2.00,1.00
2009.03.24 23:38:42.128,1.66165,1.6625,2.00,1.00
2009.03.24 23:38:44.727,1.6617,1.6625,2.00,1.00
2009.03.24 23:38:50.836,1.66175,1.6625,2.00,1.00
2009.03.24 23:38:52.685,1.66175,1.66245,2.00,1.00
2009.03.24 23:38:52.966,1.66175,1.6625,2.00,1.00
2009.03.24 23:38:55.085,1.66155,1.6623,1.60,1.00
2009.03.24 23:38:55.305,1.66165,1.6626,2.00,1.00
2009.03.24 23:38:55.535,1.6617,1.6626,2.00,1.00
2009.03.24 23:38:56.095,1.66155,1.6626,3.20,1.00
2009.03.24 23:38:56.375,1.66155,1.6625,4.80,1.00
2009.03.24 23:38:56.554,1.66155,1.6625,3.20,1.00
2009.03.24 23:38:56.844,1.6616,1.6625,1.60,1.00
2009.03.24 23:38:57.144,1.66155,1.6625,4.80,1.00
2009.03.24 23:38:57.434,1.66165,1.6625,3.20,1.00
2009.03.24 23:38:57.774,1.66175,1.6625,2.00,1.00
2009.03.24 23:39:00.314,1.6619,1.6626,2.00,1.00
2009.03.24 23:39:00.604,1.66185,1.6626,2.00,1.00
2009.03.24 23:39:00.893,1.6619,1.66275,2.00,1.00
2009.03.24 23:39:01.134,1.6619,1.6628,2.00,1.00
2009.03.24 23:39:04.392,1.6619,1.6627,2.00,1.00
2009.03.24 23:39:04.672,1.66185,1.6626,2.00,1.00
2009.03.24 23:39:05.952,1.6618,1.6626,2.00,1.00
2009.03.24 23:39:08.591,1.6618,1.66255,2.00,1.00
2009.03.24 23:39:09.111,1.6616,1.6625,1.60,1.00
2009.03.24 23:39:09.351,1.6614,1.6625,2.00,1.00
2009.03.24 23:39:09.631,1.66145,1.66255,2.00,1.00
2009.03.24 23:39:09.971,1.66145,1.6625,2.00,4.80
2009.03.24 23:39:14.260,1.66145,1.66255,2.00,1.00
2009.03.24 23:39:26.377,1.66145,1.6626,2.00,5.00
2009.03.24 23:39:26.607,1.66145,1.6626,2.00,1.00
2009.03.24 23:39:34.505,1.66145,1.66255,2.00,1.00
2009.03.24 23:39:36.525,1.6614,1.66245,2.00,1.00
2009.03.24 23:39:43.813,1.66145,1.6625,2.00,1.00
2009.03.24 23:39:52.871,1.6614,1.66245,2.00,1.00
2009.03.24 23:39:53.281,1.66145,1.66255,2.00,5.00
2009.03.24 23:39:53.611,1.66145,1.66255,2.00,1.00
2009.03.24 23:40:00.989,1.6615,1.6626,3.20,4.80
2009.03.24 23:40:01.209,1.6615,1.66245,3.20,1.00
2009.03.24 23:40:02.818,1.6615,1.66245,4.80,1.00
2009.03.24 23:40:03.948,1.66155,1.66245,1.60,1.00
2009.03.24 23:40:11.956,1.6617,1.66245,2.00,1.00
2009.03.24 23:40:13.276,1.6617,1.66255,2.00,1.00
2009.03.24 23:40:16.985,1.6618,1.66255,2.00,1.00
2009.03.24 23:40:20.834,1.6618,1.66255,2.00,1.00
2009.03.24 23:40:23.513,1.66185,1.66255,2.00,1.00
2009.03.24 23:40:23.623,1.66185,1.66265,2.00,1.00
2009.03.24 23:40:23.903,1.66185,1.66275,2.00,1.00
2009.03.24 23:40:24.083,1.66185,1.6628,2.00,1.80
2009.03.24 23:40:24.263,1.66195,1.66285,2.00,1.60
2009.03.24 23:40:24.863,1.662,1.663,2.00,2.00
2009.03.24 23:40:25.203,1.662,1.66285,2.00,1.00
2009.03.24 23:40:25.373,1.662,1.66295,2.00,1.00
2009.03.24 23:40:25.773,1.66205,1.663,2.00,1.00
2009.03.24 23:40:26.103,1.66205,1.66305,2.00,1.00
2009.03.24 23:40:26.463,1.662,1.66285,2.00,1.00
2009.03.24 23:40:28.172,1.66205,1.6629,2.00,1.00
2009.03.24 23:40:41.479,1.66205,1.66285,2.00,1.00
2009.03.24 23:40:43.878,1.66205,1.6629,2.00,1.00
2009.03.24 23:40:50.107,1.662,1.6627,2.00,1.00
2009.03.24 23:41:01.474,1.6619,1.6628,2.00,1.00
2009.03.24 23:41:01.764,1.6619,1.6629,2.00,1.80
2009.03.24 23:41:02.104,1.6619,1.6629,2.00,1.00
2009.03.24 23:41:02.334,1.66195,1.66285,2.00,1.00
2009.03.24 23:41:05.184,1.662,1.6628,2.00,1.00
2009.03.24 23:41:05.813,1.662,1.66285,2.00,1.00
2009.03.24 23:41:06.093,1.662,1.6628,2.00,1.00
2009.03.24 23:41:08.013,1.66205,1.66275,2.00,1.00
2009.03.24 23:41:12.971,1.66205,1.6628,2.00,1.00
2009.03.24 23:41:17.350,1.66185,1.6627,1.60,1.00
2009.03.24 23:41:17.640,1.6618,1.6627,2.00,1.00
2009.03.24 23:41:17.810,1.66175,1.6625,2.00,1.00
2009.03.24 23:41:18.680,1.6618,1.6628,2.00,1.00
2009.03.24 23:41:19.130,1.6618,1.6628,2.00,1.00
2009.03.24 23:41:21.199,1.66175,1.6627,2.00,1.00
2009.03.24 23:41:40.125,1.6618,1.6628,2.00,1.60
2009.03.24 23:41:40.245,1.66195,1.6628,3.20,1.60
2009.03.24 23:41:40.535,1.66195,1.66295,3.20,1.60
2009.03.24 23:41:44.024,1.66195,1.663,3.20,1.60
2009.03.24 23:41:46.923,1.66185,1.6628,1.60,1.00
2009.03.24 23:41:47.223,1.66175,1.6628,2.00,1.00
2009.03.24 23:41:48.323,1.66175,1.66275,2.00,1.00
2009.03.24 23:41:50.292,1.66175,1.6627,2.00,1.00
2009.03.24 23:41:55.281,1.66175,1.66275,2.00,1.00
2009.03.24 23:42:12.207,1.66175,1.6627,2.00,1.00
2009.03.24 23:42:41.290,1.6617,1.66265,2.00,1.00
2009.03.24 23:42:46.908,1.66165,1.66235,4.80,1.00
2009.03.24 23:42:47.079,1.6616,1.66235,1.60,1.00
2009.03.24 23:42:47.199,1.6615,1.66235,2.00,1.00
2009.03.24 23:42:47.538,1.6615,1.6623,2.00,1.00
2009.03.24 23:42:48.578,1.66145,1.66215,2.00,1.00
2009.03.24 23:42:48.928,1.66145,1.6622,2.00,1.00
2009.03.24 23:42:53.787,1.6615,1.66225,2.00,1.60
2009.03.24 23:42:54.077,1.66155,1.6624,2.00,3.20
2009.03.24 23:42:54.197,1.66155,1.6624,2.00,3.20
2009.03.24 23:42:54.257,1.66155,1.66245,2.00,1.00
2009.03.24 23:42:54.667,1.66155,1.6625,2.00,4.80
2009.03.24 23:42:55.126,1.6616,1.6625,2.00,4.80
2009.03.24 23:42:59.955,1.66145,1.6624,2.00,1.00
2009.03.24 23:43:00.825,1.6614,1.6624,2.00,1.00
2009.03.24 23:43:01.115,1.66125,1.66225,2.00,1.00
2009.03.24 23:43:01.515,1.6612,1.6621,2.00,1.00
2009.03.24 23:43:01.855,1.66125,1.66245,2.00,1.00
2009.03.24 23:43:02.085,1.66125,1.66245,3.20,1.00
2009.03.24 23:43:02.255,1.6614,1.66275,7.80,1.80
2009.03.24 23:43:02.495,1.6614,1.66275,7.80,1.00
2009.03.24 23:43:02.885,1.66145,1.66275,3.00,1.00
2009.03.24 23:43:03.165,1.66145,1.66275,7.80,1.00
2009.03.24 23:43:03.344,1.66155,1.66265,4.80,1.00
2009.03.24 23:43:03.504,1.66155,1.66265,7.80,1.00
2009.03.24 23:43:03.724,1.66155,1.663,7.80,1.60
2009.03.24 23:43:03.894,1.66155,1.66295,7.80,1.60
2009.03.24 23:43:06.654,1.66155,1.66305,7.80,6.40
2009.03.24 23:43:08.163,1.66155,1.663,7.80,1.60
2009.03.24 23:43:13.422,1.66155,1.663,3.00,6.40
2009.03.24 23:43:13.542,1.66145,1.663,7.80,6.40
2009.03.24 23:43:15.902,1.6614,1.66295,7.80,4.80
2009.03.24 23:43:16.591,1.66145,1.66295,7.80,6.40
2009.03.24 23:43:17.091,1.66145,1.66295,7.80,1.60
2009.03.24 23:43:18.181,1.66145,1.6629,7.80,1.60
2009.03.24 23:43:19.311,1.6615,1.6629,7.80,1.60
2009.03.24 23:43:19.481,1.6615,1.663,7.80,6.40
2009.03.24 23:43:21.990,1.66145,1.663,7.80,6.40
2009.03.24 23:43:23.150,1.66145,1.66295,7.80,1.60
2009.03.24 23:43:24.089,1.66145,1.66295,7.80,6.40
2009.03.24 23:43:24.310,1.66145,1.6629,7.80,1.60
2009.03.24 23:43:26.109,1.66145,1.66275,7.80,1.00
2009.03.24 23:43:26.229,1.66145,1.66275,4.80,1.00
2009.03.24 23:43:26.579,1.66145,1.66275,2.00,1.00
2009.03.24 23:43:26.919,1.6615,1.6627,3.00,1.00
2009.03.24 23:43:27.259,1.6615,1.6627,7.80,1.00
2009.03.24 23:43:27.609,1.6616,1.6627,4.80,1.00
2009.03.24 23:43:27.898,1.6616,1.6627,7.80,1.00
2009.03.24 23:43:36.386,1.6616,1.6628,7.80,1.00
2009.03.24 23:43:39.046,1.6616,1.6628,7.80,1.80
2009.03.24 23:43:58.251,1.6616,1.6627,9.80,1.00
2009.03.24 23:43:58.701,1.6616,1.66275,9.80,1.00
2009.03.24 23:44:13.507,1.6616,1.66275,5.00,1.00
2009.03.24 23:44:13.567,1.6616,1.66275,2.00,1.00
2009.03.24 23:44:14.997,1.6616,1.66265,2.00,1.00
2009.03.24 23:44:16.037,1.6616,1.66265,9.80,1.00
2009.03.24 23:44:16.317,1.6616,1.6627,9.80,1.00
2009.03.24 23:44:16.657,1.6616,1.6627,2.00,1.00
2009.03.24 23:44:19.276,1.6616,1.66265,2.00,1.00
2009.03.24 23:44:20.076,1.6616,1.66265,5.00,1.00
2009.03.24 23:44:20.196,1.6616,1.66265,9.80,1.00
2009.03.24 23:44:28.484,1.6616,1.6627,9.80,1.00
2009.03.24 23:44:31.163,1.6616,1.6627,2.00,1.00
2009.03.24 23:44:40.291,1.66155,1.6626,2.00,1.00
2009.03.24 23:44:41.570,1.66155,1.66275,2.00,5.00
2009.03.24 23:44:42.031,1.66155,1.66275,2.00,1.00
2009.03.24 23:44:48.659,1.6616,1.6627,2.00,1.00
2009.03.24 23:44:48.829,1.6616,1.66275,2.00,1.00
2009.03.24 23:44:58.207,1.6616,1.6626,2.00,1.00
2009.03.24 23:44:58.596,1.6616,1.6626,9.80,1.00
2009.03.24 23:44:59.356,1.6616,1.6625,5.00,1.00
2009.03.24 23:44:59.406,1.6616,1.6625,2.00,1.00
2009.03.24 23:45:00.326,1.66155,1.6625,2.00,1.00
2009.03.24 23:45:05.295,1.66155,1.66255,2.00,1.00
2009.03.24 23:45:12.313,1.6616,1.6626,2.00,1.00
2009.03.24 23:45:14.093,1.66165,1.6625,2.00,1.00
2009.03.24 23:45:17.702,1.6616,1.6626,2.00,1.00
2009.03.24 23:46:01.441,1.6616,1.6627,2.00,1.80
2009.03.24 23:46:01.961,1.6616,1.6627,2.00,1.00
2009.03.24 23:46:06.510,1.66165,1.6626,2.00,1.00
2009.03.24 23:46:16.489,1.6616,1.66245,2.00,1.00
2009.03.24 23:46:49.490,1.6616,1.6624,2.00,1.00
2009.03.24 23:46:49.660,1.66145,1.6622,3.20,1.00
2009.03.24 23:46:49.969,1.66145,1.6622,1.60,1.00
2009.03.24 23:46:50.259,1.6614,1.6622,2.00,1.00
2009.03.24 23:46:53.059,1.6614,1.6623,2.00,1.00
2009.03.24 23:46:56.288,1.6614,1.6624,2.00,1.80
2009.03.24 23:46:56.468,1.66145,1.6624,2.00,1.60
2009.03.24 23:46:56.708,1.66145,1.6625,2.00,1.00
2009.03.24 23:46:57.008,1.6615,1.66255,2.00,1.60
2009.03.24 23:46:57.298,1.6615,1.6626,2.00,1.00
2009.03.24 23:47:04.056,1.66155,1.6625,2.00,1.00
2009.03.24 23:47:04.746,1.66155,1.6624,2.00,1.00
2009.03.24 23:47:09.505,1.66155,1.66245,2.00,1.00
2009.03.24 23:47:09.845,1.6616,1.66255,2.00,4.80
2009.03.24 23:47:18.892,1.6615,1.6624,2.00,1.00
2009.03.24 23:47:23.472,1.6613,1.66215,1.60,1.00
2009.03.24 23:47:23.931,1.6611,1.66215,1.60,1.00
2009.03.24 23:47:37.028,1.66115,1.6623,1.60,1.60
2009.03.24 23:47:37.318,1.66115,1.6623,3.60,1.60
2009.03.24 23:47:37.548,1.66115,1.66245,3.60,4.80
2009.03.24 23:47:38.028,1.66125,1.66245,2.00,4.80
2009.03.24 23:47:38.719,1.66115,1.66225,1.60,1.00
2009.03.24 23:47:39.058,1.6611,1.66225,1.60,1.00
2009.03.24 23:48:00.862,1.6611,1.66205,1.60,1.00
2009.03.24 23:48:01.362,1.66115,1.66215,3.20,1.00
2009.03.24 23:48:04.192,1.66115,1.6621,3.20,1.00
2009.03.24 23:48:04.772,1.66115,1.6622,3.20,1.00
2009.03.24 23:48:06.911,1.6611,1.66215,1.60,1.00
2009.03.24 23:48:08.600,1.6611,1.6622,1.60,1.00
2009.03.24 23:48:08.720,1.66115,1.6622,3.20,1.00
2009.03.24 23:48:24.307,1.6611,1.6622,1.60,1.00
2009.03.24 23:48:24.367,1.66115,1.6622,3.20,1.00
2009.03.24 23:48:29.175,1.6611,1.6622,1.60,1.00
2009.03.24 23:48:29.335,1.6611,1.6621,1.60,1.00
2009.03.24 23:48:43.802,1.661,1.6621,10.80,1.00
2009.03.24 23:48:43.922,1.661,1.6621,10.00,1.00
2009.03.24 23:48:46.221,1.66125,1.6624,1.60,4.80
2009.03.24 23:48:46.691,1.66125,1.6626,1.60,5.00
2009.03.24 23:48:50.860,1.66125,1.6624,1.60,4.80
2009.03.24 23:48:51.090,1.6611,1.6624,3.60,4.80
2009.03.24 23:48:51.310,1.6611,1.66225,1.60,1.00
2009.03.24 23:48:56.559,1.6611,1.6622,1.60,1.00
2009.03.24 23:48:57.459,1.6611,1.66225,1.60,1.00
2009.03.24 23:49:08.426,1.66115,1.66225,1.60,1.00
2009.03.24 23:49:13.835,1.66115,1.6624,1.60,1.60
2009.03.24 23:49:14.185,1.66105,1.66235,4.80,4.80
2009.03.24 23:49:14.355,1.66105,1.66235,4.80,6.40
2009.03.24 23:49:14.415,1.66105,1.66235,3.20,6.40
2009.03.24 23:49:14.465,1.66105,1.66225,3.20,4.80
2009.03.24 23:49:32.060,1.6613,1.6623,3.20,1.60
2009.03.24 23:49:32.400,1.66155,1.6625,3.20,1.60
2009.03.24 23:49:32.950,1.66155,1.66255,3.20,1.60
2009.03.24 23:49:46.807,1.66165,1.66235,3.20,1.00
2009.03.24 23:49:55.645,1.6617,1.66235,3.20,1.00
2009.03.24 23:49:55.814,1.6617,1.66235,4.80,1.00
2009.03.24 23:49:56.274,1.66175,1.66235,1.60,1.00
2009.03.24 23:49:57.964,1.6617,1.66235,3.20,1.00
2009.03.24 23:49:58.274,1.66175,1.66235,1.60,1.00
2009.03.24 23:49:58.744,1.6617,1.66235,3.20,1.00
2009.03.24 23:49:59.453,1.6617,1.6625,3.20,1.00
2009.03.24 23:49:59.833,1.6618,1.6625,3.20,1.00
2009.03.24 23:50:00.113,1.6618,1.6627,3.20,1.80
2009.03.24 23:50:00.333,1.6618,1.6627,3.20,1.00
2009.03.24 23:50:08.751,1.6618,1.66255,3.20,1.00
2009.03.24 23:50:21.498,1.6618,1.6625,3.20,1.00
2009.03.24 23:50:28.497,1.6619,1.6625,3.20,1.00
2009.03.24 23:50:32.236,1.6619,1.6625,3.20,1.00
2009.03.24 23:50:32.595,1.6619,1.66245,3.20,1.00
2009.03.24 23:50:33.795,1.6619,1.66255,3.20,1.00
2009.03.24 23:50:36.545,1.6619,1.66275,3.20,1.60
2009.03.24 23:50:37.005,1.6619,1.6629,3.20,1.80
2009.03.24 23:50:37.175,1.66205,1.6629,3.20,1.80
2009.03.24 23:50:37.394,1.66175,1.6629,3.20,1.00
2009.03.24 23:50:37.804,1.6617,1.6629,3.20,1.00
2009.03.24 23:50:38.614,1.6618,1.6627,5.20,1.00
2009.03.24 23:50:51.811,1.6618,1.6626,5.20,1.00
2009.03.24 23:50:53.001,1.6618,1.6625,3.20,1.00
2009.03.24 23:50:53.810,1.6618,1.6626,5.20,1.00
2009.03.24 23:51:15.045,1.6618,1.66265,5.20,1.00
2009.03.24 23:51:22.063,1.6618,1.6627,5.20,1.00
2009.03.24 23:51:22.384,1.6618,1.66265,5.20,1.00
2009.03.24 23:51:30.252,1.6618,1.6626,5.20,1.00
2009.03.24 23:52:07.013,1.66165,1.66255,5.20,1.00
2009.03.24 23:52:07.253,1.6617,1.66255,3.60,1.00
2009.03.24 23:52:07.542,1.6617,1.66255,2.00,1.00
2009.03.24 23:52:15.591,1.66165,1.66255,5.20,1.00
2009.03.24 23:52:15.651,1.6618,1.66255,3.20,1.00
2009.03.24 23:52:15.811,1.6618,1.6627,3.20,1.00
2009.03.24 23:52:16.710,1.6618,1.66255,3.20,1.00
2009.03.24 23:52:37.985,1.6618,1.6626,5.20,1.00
2009.03.24 23:52:47.183,1.6618,1.6626,3.20,1.00
2009.03.24 23:52:53.831,1.6618,1.6624,3.20,1.00
2009.03.24 23:52:59.280,1.6618,1.6624,3.20,1.00
2009.03.24 23:53:07.628,1.6618,1.66245,3.20,1.00
2009.03.24 23:53:13.327,1.6618,1.6625,3.20,1.00
2009.03.24 23:53:13.506,1.6618,1.6627,5.20,1.80
2009.03.24 23:53:13.736,1.66185,1.6627,3.20,1.00
2009.03.24 23:53:23.354,1.6618,1.6625,3.20,1.00
2009.03.24 23:53:29.633,1.66175,1.66245,3.20,1.00
2009.03.24 23:53:30.033,1.66175,1.6624,3.20,1.00
2009.03.24 23:53:45.309,1.66175,1.6625,3.20,1.00
2009.03.24 23:53:45.939,1.66175,1.6624,3.20,1.00
2009.03.24 23:54:02.245,1.6616,1.66235,2.00,1.00
2009.03.24 23:54:02.355,1.6615,1.66225,2.00,1.00
2009.03.24 23:54:03.145,1.66145,1.6622,2.00,1.00
2009.03.24 23:54:04.175,1.66135,1.6621,3.20,1.00
2009.03.24 23:54:04.354,1.66135,1.66205,3.20,1.00
2009.03.24 23:54:04.824,1.66135,1.662,3.20,1.00
2009.03.24 23:54:06.014,1.66135,1.66205,3.20,1.00
2009.03.24 23:54:11.282,1.66135,1.66215,3.20,1.00
2009.03.24 23:54:12.562,1.661,1.662,4.80,1.00
2009.03.24 23:54:12.802,1.661,1.662,3.20,1.00
2009.03.24 23:54:13.172,1.661,1.66205,3.20,1.00
2009.03.24 23:54:23.130,1.6611,1.662,3.20,1.00
2009.03.24 23:54:24.339,1.6611,1.66205,5.20,1.00
2009.03.24 23:54:29.868,1.66135,1.66205,3.20,1.00
2009.03.24 23:54:30.258,1.66135,1.6622,3.20,1.60
2009.03.24 23:54:30.438,1.66135,1.6623,3.20,1.80
2009.03.24 23:54:31.638,1.6615,1.66215,3.20,1.60
2009.03.24 23:54:32.757,1.66145,1.66215,3.20,1.60
2009.03.24 23:54:33.477,1.66145,1.6622,3.20,1.80
2009.03.24 23:54:39.026,1.66145,1.6622,3.20,1.80
2009.03.24 23:54:39.256,1.66145,1.66205,3.20,1.00
2009.03.24 23:54:39.546,1.66145,1.662,3.20,1.00
2009.03.24 23:54:48.224,1.6611,1.662,3.20,1.00
2009.03.24 23:54:48.523,1.661,1.66185,1.60,1.00
2009.03.24 23:54:48.744,1.66095,1.66185,3.20,1.00
2009.03.24 23:54:53.442,1.66105,1.6619,3.20,1.00
2009.03.24 23:54:55.132,1.66105,1.66185,3.20,1.00
2009.03.24 23:55:02.120,1.66105,1.66185,4.80,1.00
2009.03.24 23:55:02.470,1.66105,1.66185,6.40,1.00
2009.03.24 23:55:08.159,1.6611,1.66195,5.20,1.00
2009.03.24 23:55:08.439,1.6611,1.6619,3.20,1.00
2009.03.24 23:55:09.318,1.66115,1.6617,3.20,1.00
2009.03.24 23:55:10.358,1.66115,1.66165,3.20,1.00
2009.03.24 23:55:16.447,1.66115,1.66165,3.20,1.00
2009.03.24 23:55:20.246,1.66115,1.6618,3.20,1.60
2009.03.24 23:55:20.516,1.66115,1.66185,3.20,1.80
2009.03.24 23:55:20.748,1.66115,1.66185,3.20,1.60
2009.03.24 23:55:20.866,1.66115,1.66195,3.20,1.60
2009.03.24 23:55:20.976,1.66115,1.6621,3.20,1.60
2009.03.24 23:55:21.366,1.6612,1.6622,3.20,1.60
2009.03.24 23:55:21.655,1.6612,1.6626,3.20,4.80
2009.03.24 23:55:21.925,1.6612,1.66275,3.20,4.80
2009.03.24 23:55:22.665,1.6612,1.6628,3.20,6.40
2009.03.24 23:55:23.015,1.6612,1.66275,3.20,4.80
2009.03.24 23:55:23.125,1.6612,1.66275,6.40,4.80
2009.03.24 23:55:23.415,1.66125,1.66275,3.20,4.80
2009.03.24 23:55:24.255,1.66135,1.66275,3.20,4.80
2009.03.24 23:55:24.475,1.66115,1.6625,3.20,1.00
2009.03.24 23:55:24.695,1.6612,1.6625,3.20,1.00
2009.03.24 23:55:26.384,1.6612,1.66235,2.40,1.00
2009.03.24 23:55:26.544,1.6611,1.66215,5.60,1.00
2009.03.24 23:55:27.005,1.6612,1.66215,3.20,1.00
2009.03.24 23:55:40.451,1.66115,1.662,3.20,1.00
2009.03.24 23:55:43.210,1.6611,1.6619,3.20,1.00
2009.03.24 23:55:48.229,1.66135,1.6621,3.20,1.80
2009.03.24 23:55:48.569,1.66135,1.662,3.20,1.00
2009.03.24 23:55:48.919,1.66135,1.66195,3.20,1.00
2009.03.24 23:55:49.551,1.6613,1.66195,3.20,1.00
2009.03.24 23:55:49.779,1.66135,1.66205,3.20,1.60
2009.03.24 23:55:49.959,1.66135,1.6619,3.20,1.00
2009.03.24 23:55:50.239,1.6612,1.6619,4.80,1.00
2009.03.24 23:55:51.548,1.6612,1.66175,4.80,1.00
2009.03.24 23:55:52.078,1.6612,1.6618,4.80,1.00
2009.03.24 23:55:52.928,1.66135,1.662,3.20,1.60
2009.03.24 23:55:53.438,1.66115,1.6621,3.20,1.60
2009.03.24 23:55:53.498,1.66125,1.66215,3.20,1.60
2009.03.24 23:55:53.738,1.66135,1.66225,3.20,1.60
2009.03.24 23:55:54.218,1.66135,1.66235,3.20,2.00
2009.03.24 23:55:56.777,1.66135,1.6621,3.20,1.00
2009.03.24 23:55:56.897,1.66135,1.66205,3.20,1.00
2009.03.24 23:55:56.957,1.66125,1.66205,3.20,1.00
2009.03.24 23:55:58.347,1.66125,1.662,3.20,1.00
2009.03.24 23:56:00.706,1.66135,1.6624,3.20,2.00
2009.03.24 23:56:00.826,1.66135,1.6624,3.20,1.80
2009.03.24 23:56:01.306,1.66135,1.6624,3.20,1.00
2009.03.24 23:56:01.486,1.66125,1.6624,3.20,1.00
2009.03.24 23:56:02.006,1.66135,1.6623,3.20,1.00
2009.03.24 23:56:06.565,1.6614,1.66235,3.20,1.80
2009.03.24 23:56:06.924,1.6614,1.66235,3.20,1.00
2009.03.24 23:56:07.144,1.6614,1.66235,3.20,1.80
2009.03.24 23:56:08.574,1.6614,1.66235,6.40,1.80
2009.03.24 23:56:08.744,1.66165,1.66235,3.20,1.60
2009.03.24 23:56:09.264,1.66165,1.66245,3.20,1.60
2009.03.24 23:56:11.683,1.66175,1.66245,3.20,1.60
2009.03.24 23:56:12.243,1.6618,1.66245,3.20,1.60
2009.03.24 23:56:12.803,1.6618,1.6625,3.20,1.60
2009.03.24 23:56:14.183,1.6614,1.66245,5.60,1.00
2009.03.24 23:56:14.523,1.6617,1.6625,3.20,1.60
2009.03.24 23:56:14.742,1.6617,1.66245,3.20,1.60
2009.03.24 23:56:15.133,1.6617,1.6625,3.20,1.60
2009.03.24 23:56:17.772,1.6618,1.66255,3.20,1.60
2009.03.24 23:56:18.622,1.6616,1.66245,1.60,1.00
2009.03.24 23:56:18.962,1.66145,1.6625,3.20,1.60
2009.03.24 23:56:19.242,1.66145,1.66245,3.20,1.60
2009.03.24 23:56:19.292,1.6615,1.6625,3.20,1.60
2009.03.24 23:56:20.841,1.6615,1.66255,3.20,1.60
2009.03.24 23:56:31.908,1.6615,1.6627,3.20,4.80
2009.03.24 23:56:32.028,1.6615,1.66275,3.20,6.40
2009.03.24 23:56:32.418,1.6615,1.66275,3.20,1.60
2009.03.24 23:56:32.538,1.66155,1.6628,3.20,6.40
2009.03.24 23:56:32.888,1.66155,1.6628,3.20,1.60
2009.03.24 23:56:33.238,1.66155,1.66285,3.20,4.80
2009.03.24 23:56:33.578,1.66155,1.66275,3.20,1.00
2009.03.24 23:56:33.968,1.66155,1.6627,3.20,1.00
2009.03.24 23:56:35.278,1.66155,1.6628,3.20,1.60
2009.03.24 23:56:35.688,1.66155,1.6629,3.20,6.40
2009.03.24 23:56:36.567,1.66155,1.6629,3.20,1.60
2009.03.24 23:56:37.427,1.66155,1.6628,3.20,1.00
2009.03.24 23:56:37.817,1.66155,1.66275,6.40,1.00
2009.03.24 23:56:38.117,1.66155,1.6627,6.40,1.00
2009.03.24 23:56:38.757,1.66155,1.66265,6.40,1.00
2009.03.24 23:56:39.387,1.66155,1.66275,3.20,1.60
2009.03.24 23:56:39.687,1.66155,1.66275,6.40,1.60
2009.03.24 23:56:39.927,1.66155,1.6628,6.40,6.40
2009.03.24 23:56:40.267,1.66155,1.6628,6.40,4.80
2009.03.24 23:56:40.566,1.66155,1.6629,6.40,4.80
2009.03.24 23:56:40.917,1.66155,1.6628,6.40,1.00
2009.03.24 23:56:41.796,1.66155,1.66285,6.40,1.60
2009.03.24 23:56:41.966,1.66155,1.66285,6.40,1.80
2009.03.24 23:56:42.547,1.66155,1.66275,6.40,1.00
2009.03.24 23:56:43.596,1.66155,1.66265,6.40,1.00
2009.03.24 23:56:43.986,1.66155,1.6626,6.40,1.00
2009.03.24 23:56:44.916,1.66165,1.66265,3.20,1.60
2009.03.24 23:56:45.655,1.66165,1.6628,3.20,6.60
2009.03.24 23:56:47.025,1.66165,1.6628,3.20,6.40
2009.03.24 23:56:47.495,1.66165,1.6628,3.20,1.60
2009.03.24 23:56:47.665,1.66155,1.6628,6.40,1.60
2009.03.24 23:56:48.944,1.66155,1.6626,3.20,1.00
2009.03.24 23:56:49.464,1.6615,1.66255,3.20,1.00
2009.03.24 23:56:51.514,1.6615,1.6626,3.20,4.80
2009.03.24 23:56:52.154,1.6615,1.66275,3.20,5.00
2009.03.24 23:56:52.323,1.66155,1.66275,3.20,5.00
2009.03.24 23:56:52.723,1.66155,1.66265,3.20,1.00
2009.03.24 23:56:53.763,1.66155,1.66255,3.20,1.00
2009.03.24 23:56:55.363,1.6615,1.66255,3.20,1.00
2009.03.24 23:56:56.322,1.6615,1.6625,3.20,1.00
2009.03.24 23:57:01.991,1.66155,1.66255,3.20,1.00
2009.03.24 23:57:02.781,1.66155,1.66245,3.20,1.00
2009.03.24 23:57:03.851,1.66155,1.6625,3.20,1.00
2009.03.24 23:57:04.950,1.66155,1.6626,3.20,1.00
2009.03.24 23:57:13.958,1.66155,1.6625,3.20,1.00
2009.03.24 23:57:16.717,1.6615,1.6625,3.20,1.00
2009.03.24 23:57:22.456,1.6615,1.66265,3.20,1.60
2009.03.24 23:57:22.846,1.6615,1.66275,3.20,4.80
2009.03.24 23:57:28.895,1.66165,1.66295,3.20,4.80
2009.03.24 23:57:29.235,1.6617,1.66295,3.20,4.80
2009.03.24 23:57:36.443,1.6618,1.663,3.20,4.80
2009.03.24 23:58:09.735,1.66175,1.66305,3.20,1.00
2009.03.24 23:58:10.904,1.66175,1.66285,3.20,1.00
2009.03.24 23:58:11.175,1.6616,1.66285,3.20,1.00
2009.03.24 23:58:11.415,1.6615,1.66285,3.20,1.00
2009.03.24 23:58:12.954,1.6614,1.66285,4.80,1.00
2009.03.24 23:58:14.114,1.6614,1.6628,4.80,1.00
2009.03.24 23:58:14.464,1.6614,1.6628,3.20,6.60
2009.03.24 23:58:16.043,1.6614,1.66275,3.20,1.60
2009.03.24 23:58:17.043,1.66135,1.66275,4.80,1.60
2009.03.24 23:58:17.773,1.66135,1.6628,4.80,6.40
2009.03.24 23:58:18.293,1.6614,1.66285,1.60,6.40
2009.03.24 23:58:20.292,1.66145,1.66285,1.60,4.80
2009.03.24 23:58:20.622,1.66145,1.66285,1.60,6.40
2009.03.24 23:58:29.090,1.6617,1.66285,2.00,6.60
2009.03.24 23:58:29.490,1.6617,1.66285,2.00,1.00
2009.03.24 23:58:30.520,1.66175,1.6628,2.00,1.00
2009.03.24 23:58:31.020,1.6617,1.66275,2.00,1.00
2009.03.24 23:58:32.569,1.66175,1.6628,2.00,1.00
2009.03.24 23:58:42.397,1.6617,1.6628,2.00,1.00
2009.03.24 23:58:43.906,1.66175,1.66285,2.00,1.00
2009.03.24 23:58:49.535,1.6617,1.66285,5.20,1.00
2009.03.24 23:58:51.974,1.6618,1.6629,2.00,1.00
2009.03.24 23:58:53.784,1.66175,1.6627,2.00,1.00
2009.03.24 23:58:57.283,1.6618,1.66265,2.00,1.00
2009.03.24 23:58:59.183,1.66175,1.66265,5.20,1.00
2009.03.24 23:59:00.633,1.66185,1.6626,2.00,1.00
2009.03.24 23:59:02.682,1.66175,1.66255,2.00,1.00
2009.03.24 23:59:03.032,1.66155,1.6625,3.00,5.00
2009.03.24 23:59:03.242,1.6615,1.6625,1.60,1.00
2009.03.24 23:59:03.522,1.6614,1.6625,2.00,5.00
2009.03.24 23:59:03.871,1.66125,1.66245,1.60,1.00
2009.03.24 23:59:04.151,1.6612,1.66245,1.60,1.00
2009.03.24 23:59:04.561,1.66115,1.66245,2.00,1.00
2009.03.24 23:59:04.672,1.66115,1.6625,2.00,5.00
2009.03.24 23:59:04.901,1.6611,1.6625,5.20,5.00
2009.03.24 23:59:05.131,1.66125,1.6625,2.00,4.80
2009.03.24 23:59:05.252,1.66135,1.6625,2.00,4.80
2009.03.24 23:59:05.821,1.66155,1.66285,7.80,1.00
2009.03.24 23:59:06.051,1.66155,1.6629,7.80,1.80
2009.03.24 23:59:06.391,1.66155,1.6629,7.80,1.00
2009.03.24 23:59:06.611,1.6616,1.66295,3.00,1.60
2009.03.24 23:59:06.891,1.6616,1.66285,7.80,1.60
2009.03.24 23:59:07.221,1.6616,1.66265,7.80,1.00
2009.03.24 23:59:07.401,1.6616,1.6626,2.00,4.80
2009.03.24 23:59:08.111,1.6616,1.66255,2.00,4.80
2009.03.24 23:59:08.410,1.6616,1.66265,2.00,1.00
2009.03.24 23:59:08.760,1.6617,1.66255,2.00,4.80
2009.03.24 23:59:09.040,1.6617,1.66265,2.00,1.00
2009.03.24 23:59:09.700,1.6618,1.66275,2.00,1.60
2009.03.24 23:59:09.940,1.66175,1.66275,5.20,1.60
2009.03.24 23:59:09.990,1.66175,1.66295,5.20,1.00
2009.03.24 23:59:12.100,1.66175,1.66295,6.80,1.00
2009.03.24 23:59:13.139,1.6618,1.66295,2.00,1.00
2009.03.24 23:59:14.369,1.66175,1.6627,1.60,1.00
2009.03.24 23:59:14.649,1.6617,1.6627,2.00,1.00
2009.03.24 23:59:15.569,1.6618,1.6629,2.00,4.80
2009.03.24 23:59:16.039,1.6618,1.663,2.00,1.00
2009.03.24 23:59:16.778,1.6618,1.6628,2.00,4.80
2009.03.24 23:59:16.838,1.6618,1.6629,2.00,1.00
2009.03.24 23:59:17.298,1.6618,1.6627,2.00,1.00
2009.03.24 23:59:19.128,1.6616,1.66255,1.60,1.00
2009.03.24 23:59:19.668,1.66145,1.66255,2.00,1.00
2009.03.24 23:59:20.008,1.6613,1.6627,1.60,4.80
2009.03.24 23:59:20.228,1.66125,1.6627,3.20,6.40
2009.03.24 23:59:20.458,1.6612,1.66255,3.20,4.80
2009.03.24 23:59:20.637,1.6612,1.6624,3.20,4.80
2009.03.24 23:59:22.877,1.6613,1.6624,1.60,4.80
2009.03.24 23:59:24.147,1.66145,1.6624,1.60,4.80
2009.03.24 23:59:25.496,1.66145,1.6624,4.80,4.80
2009.03.24 23:59:25.616,1.6616,1.66275,2.00,1.00
2009.03.24 23:59:26.136,1.6616,1.66265,2.00,1.00
2009.03.24 23:59:26.246,1.6616,1.6626,2.00,4.80
2009.03.24 23:59:26.356,1.66165,1.6626,2.00,4.80
2009.03.24 23:59:26.876,1.66175,1.66265,2.00,1.00
2009.03.24 23:59:27.466,1.66175,1.6626,2.00,1.00
2009.03.24 23:59:28.376,1.6618,1.6627,2.00,1.00
2009.03.24 23:59:41.303,1.66185,1.6625,2.00,1.00
2009.03.24 23:59:41.983,1.66185,1.66255,2.00,1.00
2009.03.24 23:59:45.081,1.6618,1.66245,2.00,1.00
2009.03.24 23:59:45.642,1.6618,1.6625,2.00,1.00
2009.03.24 23:59:47.681,1.66185,1.6627,2.00,1.60
2009.03.24 23:59:47.861,1.66185,1.6628,2.00,1.00
2009.03.24 23:59:49.261,1.66185,1.66275,2.00,1.00
2009.03.24 23:59:51.180,1.6619,1.66295,5.20,1.60
2009.03.24 23:59:51.410,1.6619,1.66295,3.20,1.60
2009.03.24 23:59:51.590,1.6619,1.66305,3.20,4.80
2009.03.24 23:59:51.710,1.6619,1.6632,3.20,1.60
2009.03.24 23:59:51.940,1.6618,1.6632,3.20,1.60
2009.03.24 23:59:52.000,1.6618,1.6633,3.20,1.60
2009.03.24 23:59:52.160,1.6619,1.6633,5.20,1.80
2009.03.24 23:59:52.440,1.6619,1.6633,3.20,1.60
2009.03.24 23:59:52.780,1.6619,1.66335,3.20,6.40
2009.03.24 23:59:54.909,1.6619,1.66335,4.80,6.40
2009.03.24 23:59:56.159,1.662,1.66325,2.00,1.00
2009.03.24 23:59:56.619,1.66195,1.66325,5.20,1.00
2009.03.24 23:59:58.638,1.66195,1.6632,3.20,1.00
2009.03.24 23:59:59.268,1.66195,1.66315,3.20,1.00
