2007.05.07 14:00:00.633,2.4133,2.4136,3.80,0.80
2007.05.07 14:00:00.985,2.4133,2.4137,3.80,4.80
2007.05.07 14:00:01.264,2.4134,2.4136,4.00,4.00
2007.05.07 14:00:01.564,2.4134,2.4136,4.00,0.80
2007.05.07 14:00:01.910,2.4135,2.4137,3.80,0.80
2007.05.07 14:00:02.752,2.4135,2.4136,3.80,4.00
2007.05.07 14:00:03.075,2.4134,2.4136,7.80,4.00
2007.05.07 14:00:04.377,2.4134,2.4136,4.80,4.00
2007.05.07 14:00:04.674,2.4134,2.4137,4.80,4.80
2007.05.07 14:00:05.094,2.4134,2.4136,4.00,4.00
2007.05.07 14:00:05.973,2.4133,2.4135,3.80,0.80
2007.05.07 14:00:06.678,2.4133,2.4136,9.30,4.00
2007.05.07 14:00:07.811,2.4133,2.4137,13.30,0.80
2007.05.07 14:00:08.197,2.4134,2.4137,3.80,0.80
2007.05.07 14:00:08.653,2.4133,2.4137,9.50,4.80
2007.05.07 14:00:11.543,2.4133,2.4137,13.30,0.80
2007.05.07 14:00:11.757,2.4133,2.4137,13.30,1.60
2007.05.07 14:00:12.279,2.4133,2.4137,13.30,0.80
2007.05.07 14:00:12.501,2.4133,2.4137,7.80,1.60
2007.05.07 14:00:12.887,2.4133,2.4136,3.80,4.00
2007.05.07 14:00:13.241,2.4134,2.4137,4.00,4.80
2007.05.07 14:00:13.530,2.4134,2.4137,7.80,4.80
2007.05.07 14:00:14.620,2.4134,2.4137,11.80,0.80
2007.05.07 14:00:15.594,2.4134,2.4137,11.80,1.60
2007.05.07 14:00:16.136,2.4134,2.4138,11.80,0.80
2007.05.07 14:00:17.060,2.4134,2.4138,14.20,0.80
2007.05.07 14:00:20.135,2.4134,2.4138,11.80,0.80
2007.05.07 14:00:20.566,2.4134,2.4138,11.80,1.60
2007.05.07 14:00:21.101,2.4135,2.4138,3.80,1.60
2007.05.07 14:00:21.705,2.4135,2.4138,3.80,0.80
2007.05.07 14:00:22.183,2.4134,2.4138,11.80,0.80
2007.05.07 14:00:23.035,2.4134,2.4138,11.80,1.60
2007.05.07 14:00:23.652,2.4134,2.4138,11.80,0.80
2007.05.07 14:00:23.989,2.4134,2.4138,12.60,0.80
2007.05.07 14:00:25.539,2.4133,2.4138,24.50,0.80
2007.05.07 14:00:25.569,2.4134,2.4138,1.50,0.80
2007.05.07 14:00:26.892,2.4133,2.4139,26.50,8.00
2007.05.07 14:00:27.496,2.4134,2.4139,16.60,16.70
2007.05.07 14:00:27.794,2.4136,2.4139,0.90,4.80
2007.05.07 14:00:28.445,2.4135,2.4139,11.80,0.80
2007.05.07 14:00:32.967,2.4135,2.4139,17.30,0.80
2007.05.07 14:00:33.571,2.4136,2.4139,0.80,0.80
2007.05.07 14:00:34.060,2.4135,2.4139,17.30,1.60
2007.05.07 14:00:35.473,2.4135,2.4139,17.30,0.80
2007.05.07 14:00:36.807,2.4136,2.4139,1.70,0.80
2007.05.07 14:00:38.636,2.4135,2.4138,15.00,0.80
2007.05.07 14:00:39.443,2.4135,2.4138,11.80,0.80
2007.05.07 14:00:41.783,2.4133,2.4138,18.20,4.80
2007.05.07 14:00:42.112,2.4133,2.4138,10.20,4.80
2007.05.07 14:00:43.212,2.4134,2.4138,6.20,4.80
2007.05.07 14:00:43.986,2.4132,2.4138,23.60,8.80
2007.05.07 14:00:44.197,2.4132,2.4137,22.80,0.80
2007.05.07 14:00:44.828,2.4134,2.4138,0.80,8.80
2007.05.07 14:00:45.115,2.4133,2.4138,6.20,8.80
2007.05.07 14:00:45.595,2.4132,2.4137,22.80,4.00
2007.05.07 14:00:46.712,2.4135,2.4138,8.00,4.80
2007.05.07 14:00:47.002,2.4132,2.4138,26.00,4.80
2007.05.07 14:00:47.220,2.4132,2.4138,30.00,8.80
2007.05.07 14:00:47.488,2.4133,2.4138,21.30,4.80
2007.05.07 14:00:47.741,2.4134,2.4138,4.90,0.80
2007.05.07 14:00:48.594,2.4134,2.4137,5.60,0.80
2007.05.07 14:00:49.062,2.4133,2.4138,21.30,0.80
2007.05.07 14:00:49.701,2.4134,2.4139,1.50,8.80
2007.05.07 14:00:50.138,2.4134,2.4139,0.50,8.00
2007.05.07 14:00:52.408,2.4135,2.4139,15.80,8.00
2007.05.07 14:00:52.694,2.4135,2.4138,0.60,4.00
2007.05.07 14:00:53.352,2.4135,2.4138,5.50,8.00
2007.05.07 14:00:55.013,2.4135,2.4138,5.50,4.00
2007.05.07 14:00:55.956,2.4135,2.4138,0.80,4.00
2007.05.07 14:00:57.094,2.4134,2.4138,8.60,4.00
2007.05.07 14:00:58.321,2.4134,2.4138,4.60,4.00
2007.05.07 14:00:58.773,2.4134,2.4138,3.80,4.00
2007.05.07 14:00:59.031,2.4134,2.4138,0.80,8.00
2007.05.07 14:01:00.043,2.4134,2.4138,3.80,4.00
2007.05.07 14:01:01.412,2.4134,2.4138,7.80,4.00
2007.05.07 14:01:01.644,2.4134,2.4138,8.60,4.00
2007.05.07 14:01:02.139,2.4134,2.4138,7.80,4.00
2007.05.07 14:01:02.666,2.4134,2.4138,8.60,4.00
2007.05.07 14:01:02.894,2.4135,2.4138,0.80,4.00
2007.05.07 14:01:04.697,2.4135,2.4138,6.30,4.00
2007.05.07 14:01:05.499,2.4135,2.4138,10.10,4.00
2007.05.07 14:01:06.384,2.4135,2.4138,6.30,4.00
2007.05.07 14:01:06.683,2.4135,2.4139,10.30,4.00
2007.05.07 14:01:07.288,2.4135,2.414,14.10,8.80
2007.05.07 14:01:08.025,2.4136,2.414,4.00,8.00
2007.05.07 14:01:08.582,2.4136,2.414,7.80,4.00
2007.05.07 14:01:09.083,2.4136,2.4139,3.80,4.00
2007.05.07 14:01:09.376,2.4135,2.4139,4.60,4.00
2007.05.07 14:01:09.623,2.4136,2.414,9.50,8.00
2007.05.07 14:01:09.876,2.4136,2.414,9.50,8.80
2007.05.07 14:01:10.141,2.4136,2.414,13.30,4.80
2007.05.07 14:01:10.585,2.4136,2.414,13.30,4.00
2007.05.07 14:01:11.352,2.4136,2.414,14.10,4.00
2007.05.07 14:01:12.081,2.4136,2.4139,14.10,0.80
2007.05.07 14:01:12.466,2.4136,2.414,14.10,4.00
2007.05.07 14:01:14.733,2.4136,2.414,13.30,4.00
2007.05.07 14:01:30.065,2.4136,2.414,14.10,4.00
2007.05.07 14:01:30.596,2.4136,2.414,14.10,4.80
2007.05.07 14:01:32.696,2.4136,2.414,14.10,4.00
2007.05.07 14:01:33.435,2.4137,2.414,3.80,4.00
2007.05.07 14:01:34.103,2.4137,2.4141,7.80,4.00
2007.05.07 14:01:36.486,2.4137,2.414,7.80,0.80
2007.05.07 14:01:36.950,2.4137,2.4141,7.80,4.00
2007.05.07 14:01:45.037,2.4137,2.4139,7.80,0.80
2007.05.07 14:01:50.225,2.4136,2.4139,18.10,0.80
2007.05.07 14:01:53.162,2.4136,2.4141,18.10,8.00
2007.05.07 14:01:56.472,2.4136,2.4139,18.10,0.80
2007.05.07 14:01:59.657,2.4136,2.4141,18.10,8.00
2007.05.07 14:02:07.619,2.4136,2.414,18.10,0.80
2007.05.07 14:02:08.537,2.4136,2.4139,18.10,0.80
2007.05.07 14:02:08.975,2.4136,2.414,18.10,0.80
2007.05.07 14:02:11.794,2.4136,2.414,17.30,0.80
2007.05.07 14:02:11.996,2.4136,2.4141,17.30,8.80
2007.05.07 14:02:14.434,2.4138,2.4141,4.00,8.80
2007.05.07 14:02:14.698,2.4138,2.4141,8.00,0.80
2007.05.07 14:02:15.190,2.4138,2.4141,8.00,4.80
2007.05.07 14:02:19.282,2.4138,2.4139,8.00,0.80
2007.05.07 14:02:19.558,2.4138,2.4141,8.00,5.60
2007.05.07 14:02:20.056,2.4138,2.4141,8.00,4.80
2007.05.07 14:02:24.113,2.4138,2.4141,8.00,0.80
2007.05.07 14:02:24.638,2.4138,2.4141,8.00,1.60
2007.05.07 14:02:27.044,2.4138,2.4141,8.00,0.80
2007.05.07 14:02:29.806,2.4138,2.4141,4.00,0.80
2007.05.07 14:02:33.470,2.4138,2.414,7.80,0.80
2007.05.07 14:02:33.762,2.4139,2.414,4.00,0.80
2007.05.07 14:02:36.567,2.4139,2.4141,4.00,0.80
2007.05.07 14:02:38.045,2.4139,2.414,4.00,0.80
2007.05.07 14:02:38.311,2.4138,2.414,8.00,0.80
2007.05.07 14:02:40.072,2.4138,2.4141,8.00,0.80
2007.05.07 14:02:44.402,2.4138,2.4141,17.30,0.80
2007.05.07 14:02:44.890,2.4138,2.4141,7.80,0.80
2007.05.07 14:02:45.340,2.4138,2.4141,4.00,4.80
2007.05.07 14:02:45.613,2.4136,2.4141,17.30,8.80
2007.05.07 14:02:46.368,2.4136,2.4142,17.30,13.20
2007.05.07 14:02:48.033,2.4136,2.4142,18.10,13.20
2007.05.07 14:02:48.649,2.4136,2.4141,17.30,0.80
2007.05.07 14:02:49.545,2.4136,2.4142,18.10,13.20
2007.05.07 14:02:49.941,2.4138,2.4142,4.00,13.20
2007.05.07 14:02:50.215,2.4138,2.4141,4.00,0.70
2007.05.07 14:02:50.635,2.4138,2.4142,8.00,9.20
2007.05.07 14:02:52.207,2.4139,2.4141,4.00,0.80
2007.05.07 14:03:02.952,2.4139,2.4142,7.80,0.80
2007.05.07 14:03:06.313,2.4139,2.4143,8.60,6.80
2007.05.07 14:03:07.055,2.4139,2.4143,7.80,6.80
2007.05.07 14:03:08.314,2.4139,2.4143,4.00,10.80
2007.05.07 14:03:08.701,2.4139,2.4142,4.00,4.80
2007.05.07 14:03:09.885,2.4139,2.4142,4.00,6.80
2007.05.07 14:03:12.567,2.4139,2.414,4.00,0.80
2007.05.07 14:03:13.088,2.4139,2.4142,4.00,6.80
2007.05.07 14:03:13.363,2.4138,2.4141,7.80,4.80
2007.05.07 14:03:13.687,2.4138,2.414,4.00,4.00
2007.05.07 14:03:14.863,2.4137,2.414,4.60,4.00
2007.05.07 14:03:15.242,2.4137,2.414,0.80,4.00
2007.05.07 14:03:16.052,2.4136,2.414,8.60,4.00
2007.05.07 14:03:16.881,2.4138,2.4141,4.00,8.00
2007.05.07 14:03:17.147,2.4138,2.4141,4.00,4.00
2007.05.07 14:03:17.658,2.4138,2.4142,8.00,4.80
2007.05.07 14:03:18.092,2.4138,2.4142,8.00,5.60
2007.05.07 14:03:19.052,2.4138,2.4142,7.20,4.80
2007.05.07 14:03:19.511,2.4138,2.4142,7.20,5.60
2007.05.07 14:03:20.476,2.4138,2.4142,7.20,4.80
2007.05.07 14:03:21.124,2.4138,2.4142,7.20,5.60
2007.05.07 14:03:21.595,2.4138,2.4142,7.20,4.80
2007.05.07 14:03:23.161,2.4138,2.414,7.20,0.80
2007.05.07 14:03:23.550,2.4138,2.4142,7.20,5.60
2007.05.07 14:03:24.025,2.4138,2.414,4.00,0.80
2007.05.07 14:03:24.717,2.4138,2.414,3.20,0.80
2007.05.07 14:03:25.602,2.4138,2.414,7.00,0.80
2007.05.07 14:03:25.886,2.4138,2.4141,7.00,4.80
2007.05.07 14:03:27.038,2.4138,2.414,7.00,0.80
2007.05.07 14:03:27.461,2.4138,2.414,3.80,0.80
2007.05.07 14:03:27.994,2.4137,2.4141,7.00,4.80
2007.05.07 14:03:34.226,2.4137,2.4141,7.80,4.80
2007.05.07 14:03:40.058,2.4137,2.4141,7.00,4.80
2007.05.07 14:03:53.423,2.4137,2.4141,3.80,4.80
2007.05.07 14:03:53.743,2.4136,2.4141,18.90,8.80
2007.05.07 14:03:56.583,2.4136,2.4141,18.10,8.80
2007.05.07 14:03:58.955,2.4138,2.4141,2.40,4.80
2007.05.07 14:04:04.921,2.4138,2.4141,6.40,0.80
2007.05.07 14:04:05.241,2.4138,2.4141,10.20,0.80
2007.05.07 14:04:06.045,2.4138,2.4141,11.00,0.80
2007.05.07 14:04:07.970,2.4138,2.4141,10.20,0.80
2007.05.07 14:04:11.498,2.4138,2.4141,6.40,0.80
2007.05.07 14:04:11.846,2.4138,2.4142,6.40,6.80
2007.05.07 14:04:14.440,2.4138,2.414,6.40,0.80
2007.05.07 14:04:15.610,2.4138,2.4141,6.40,0.80
2007.05.07 14:04:15.823,2.4138,2.4141,10.20,0.80
2007.05.07 14:04:17.661,2.4138,2.414,10.20,0.80
2007.05.07 14:04:18.001,2.4138,2.4141,10.20,0.80
2007.05.07 14:04:23.580,2.4139,2.4141,0.80,0.80
2007.05.07 14:04:27.752,2.4138,2.4141,10.20,0.80
2007.05.07 14:04:33.088,2.4138,2.4141,6.20,0.80
2007.05.07 14:04:34.066,2.4139,2.4141,0.80,0.80
2007.05.07 14:04:35.560,2.4138,2.4141,6.20,0.80
2007.05.07 14:04:35.908,2.4137,2.4141,18.10,0.80
2007.05.07 14:04:42.067,2.4138,2.4141,1.60,0.80
2007.05.07 14:04:43.006,2.4137,2.4141,11.00,0.80
2007.05.07 14:04:44.642,2.4138,2.4141,3.80,0.80
2007.05.07 14:04:45.911,2.4137,2.4141,15.70,0.80
2007.05.07 14:04:47.988,2.4139,2.4141,1.30,0.80
2007.05.07 14:04:48.546,2.4138,2.4141,15.70,0.80
2007.05.07 14:04:50.004,2.4138,2.4141,11.70,0.80
2007.05.07 14:04:50.673,2.4137,2.4141,20.40,0.80
2007.05.07 14:04:52.007,2.4138,2.4141,3.50,0.80
2007.05.07 14:05:02.901,2.4137,2.4141,10.20,0.80
2007.05.07 14:05:03.211,2.4137,2.414,6.20,4.00
2007.05.07 14:05:03.415,2.4134,2.414,18.60,4.00
2007.05.07 14:05:03.743,2.4136,2.414,6.20,4.00
2007.05.07 14:05:04.819,2.4138,2.4141,2.40,0.80
2007.05.07 14:05:05.934,2.4138,2.4141,6.20,0.80
2007.05.07 14:05:07.643,2.4138,2.4141,7.00,0.80
2007.05.07 14:05:08.045,2.4138,2.4141,6.20,0.80
2007.05.07 14:05:10.563,2.4138,2.4141,7.00,0.80
2007.05.07 14:05:10.976,2.4138,2.4141,6.20,0.80
2007.05.07 14:05:11.623,2.4138,2.4141,7.00,0.80
2007.05.07 14:05:16.689,2.4138,2.4141,3.20,0.80
2007.05.07 14:05:19.741,2.4138,2.4141,7.00,0.80
2007.05.07 14:05:20.092,2.4138,2.4141,6.20,0.80
2007.05.07 14:05:20.538,2.4138,2.4141,6.20,1.60
2007.05.07 14:05:22.192,2.4138,2.4141,6.20,0.80
2007.05.07 14:05:23.550,2.4138,2.4142,6.20,5.60
2007.05.07 14:05:26.842,2.4138,2.4142,7.00,5.60
2007.05.07 14:05:27.603,2.4138,2.4142,4.60,5.60
2007.05.07 14:05:28.979,2.4138,2.4142,4.60,8.00
2007.05.07 14:05:29.225,2.4138,2.4141,0.80,4.00
2007.05.07 14:05:29.650,2.4138,2.414,0.80,4.00
2007.05.07 14:05:36.561,2.4137,2.414,1.60,4.00
2007.05.07 14:05:36.966,2.4138,2.414,0.80,4.00
2007.05.07 14:05:37.379,2.4137,2.414,1.60,4.00
2007.05.07 14:05:37.686,2.4137,2.414,5.40,4.00
2007.05.07 14:05:38.201,2.4136,2.414,10.60,4.00
2007.05.07 14:05:38.396,2.4137,2.414,6.20,4.00
2007.05.07 14:05:49.726,2.4138,2.414,4.60,4.00
2007.05.07 14:05:50.564,2.4138,2.4142,4.60,5.60
2007.05.07 14:05:51.005,2.4138,2.4142,4.60,4.80
2007.05.07 14:05:52.481,2.4138,2.4142,5.40,4.80
2007.05.07 14:05:53.665,2.4138,2.4142,4.60,4.80
2007.05.07 14:05:55.324,2.4138,2.4142,4.60,5.60
2007.05.07 14:05:55.929,2.4138,2.4142,0.80,9.60
2007.05.07 14:05:56.638,2.4138,2.414,1.60,4.00
2007.05.07 14:05:57.563,2.4138,2.414,0.80,4.00
2007.05.07 14:06:00.025,2.4138,2.414,0.80,4.80
2007.05.07 14:06:02.508,2.4138,2.414,0.80,4.00
2007.05.07 14:06:03.127,2.4138,2.414,0.80,4.80
2007.05.07 14:06:03.702,2.4138,2.414,0.80,4.00
2007.05.07 14:06:06.178,2.4138,2.414,4.60,4.00
2007.05.07 14:06:06.641,2.4138,2.4141,4.60,0.80
2007.05.07 14:06:11.292,2.4138,2.4141,0.80,0.80
2007.05.07 14:06:11.604,2.4138,2.414,0.80,4.00
2007.05.07 14:06:15.694,2.4138,2.414,0.80,4.80
2007.05.07 14:06:16.525,2.4138,2.414,4.60,4.80
2007.05.07 14:06:16.806,2.4138,2.414,4.60,0.80
2007.05.07 14:06:17.663,2.4138,2.414,0.80,0.80
2007.05.07 14:06:18.548,2.4138,2.4141,0.80,0.80
2007.05.07 14:06:19.488,2.4137,2.414,3.80,4.00
2007.05.07 14:06:19.715,2.4136,2.414,4.60,4.00
2007.05.07 14:06:26.043,2.4137,2.4139,0.80,0.80
2007.05.07 14:06:26.304,2.4137,2.4139,0.80,4.80
2007.05.07 14:06:27.899,2.4137,2.414,0.80,8.80
2007.05.07 14:06:28.077,2.4137,2.414,0.80,11.20
2007.05.07 14:06:29.096,2.4135,2.4139,6.30,8.80
2007.05.07 14:06:32.221,2.4135,2.4138,0.80,4.00
2007.05.07 14:06:39.857,2.4136,2.4138,0.80,4.00
2007.05.07 14:06:40.177,2.4136,2.4138,4.60,4.00
2007.05.07 14:06:40.769,2.4136,2.414,4.60,4.00
2007.05.07 14:06:41.075,2.4136,2.414,4.60,4.80
2007.05.07 14:06:41.787,2.4136,2.414,8.60,0.80
2007.05.07 14:06:42.091,2.4136,2.4141,8.60,10.40
2007.05.07 14:06:43.996,2.4136,2.4141,8.60,9.60
2007.05.07 14:06:57.961,2.4136,2.4141,8.60,10.40
2007.05.07 14:06:59.035,2.4136,2.4141,8.60,9.60
2007.05.07 14:07:12.382,2.4137,2.4141,4.00,5.60
2007.05.07 14:07:16.992,2.4137,2.414,4.00,0.80
2007.05.07 14:07:17.654,2.4137,2.414,7.80,0.80
2007.05.07 14:07:18.476,2.4137,2.414,4.00,0.80
2007.05.07 14:07:19.566,2.4137,2.4141,4.00,5.60
2007.05.07 14:07:23.995,2.4137,2.414,7.80,0.80
2007.05.07 14:07:26.934,2.4137,2.414,4.00,0.80
2007.05.07 14:07:28.842,2.4137,2.4139,4.00,0.80
2007.05.07 14:07:30.371,2.4136,2.4139,9.40,0.80
2007.05.07 14:07:30.993,2.4136,2.414,5.60,4.80
2007.05.07 14:07:31.605,2.4136,2.4139,1.60,4.00
2007.05.07 14:07:34.166,2.4136,2.4139,1.60,4.80
2007.05.07 14:07:34.442,2.4135,2.4139,3.80,4.80
2007.05.07 14:07:34.688,2.4134,2.4139,10.20,8.80
2007.05.07 14:07:35.176,2.4135,2.4139,3.80,4.80
2007.05.07 14:07:38.052,2.4135,2.4139,3.80,4.00
2007.05.07 14:07:38.391,2.4136,2.4139,1.60,4.80
2007.05.07 14:07:38.660,2.4136,2.4139,5.60,0.80
2007.05.07 14:07:40.043,2.4136,2.414,5.60,4.80
2007.05.07 14:07:40.991,2.4136,2.4139,5.60,0.80
2007.05.07 14:07:41.561,2.4136,2.414,5.60,4.80
2007.05.07 14:07:44.329,2.4136,2.4139,5.60,0.80
2007.05.07 14:07:46.423,2.4136,2.414,5.60,4.80
2007.05.07 14:07:49.924,2.4136,2.4139,1.60,0.80
2007.05.07 14:07:52.911,2.4136,2.4138,1.60,0.80
2007.05.07 14:07:55.244,2.4136,2.4137,5.60,0.80
2007.05.07 14:07:57.131,2.4137,2.4138,4.00,0.80
2007.05.07 14:08:00.138,2.4137,2.4138,4.00,0.80
2007.05.07 14:08:01.572,2.4136,2.4138,3.80,0.80
2007.05.07 14:08:01.821,2.4135,2.4138,15.70,0.80
2007.05.07 14:08:03.072,2.4135,2.4139,15.70,2.80
2007.05.07 14:08:08.917,2.4135,2.4139,3.80,7.60
2007.05.07 14:08:11.638,2.4135,2.4137,3.80,0.80
2007.05.07 14:08:12.562,2.4135,2.4138,3.80,0.80
2007.05.07 14:08:17.658,2.4135,2.4138,3.80,0.90
2007.05.07 14:08:19.082,2.4135,2.4138,3.80,0.80
2007.05.07 14:08:22.473,2.4135,2.4138,3.80,0.50
2007.05.07 14:08:24.188,2.4135,2.4139,3.80,7.60
2007.05.07 14:08:58.506,2.4134,2.4138,6.20,4.80
2007.05.07 14:08:59.548,2.4134,2.4138,5.40,4.80
2007.05.07 14:09:01.563,2.4134,2.4138,9.40,0.80
2007.05.07 14:09:02.294,2.4135,2.4138,3.80,0.80
2007.05.07 14:09:02.792,2.4134,2.4138,9.40,0.80
2007.05.07 14:09:05.527,2.4134,2.4138,10.20,0.80
2007.05.07 14:09:06.097,2.4135,2.4138,0.80,0.80
2007.05.07 14:09:06.512,2.4134,2.4138,10.20,0.80
2007.05.07 14:09:06.584,2.4134,2.4138,3.60,0.80
2007.05.07 14:09:17.360,2.4133,2.4138,17.30,4.80
2007.05.07 14:09:17.570,2.4133,2.4138,17.30,0.80
2007.05.07 14:09:17.931,2.4133,2.4139,18.10,9.60
2007.05.07 14:09:19.063,2.4135,2.4139,2.00,4.80
2007.05.07 14:09:19.978,2.4135,2.4139,1.90,4.00
2007.05.07 14:09:20.485,2.4133,2.4139,20.10,8.80
2007.05.07 14:09:20.694,2.4133,2.4138,14.60,4.00
2007.05.07 14:09:20.945,2.4133,2.4138,14.60,4.80
2007.05.07 14:09:21.148,2.4133,2.4138,14.60,0.80
2007.05.07 14:09:21.659,2.4133,2.4138,14.60,4.80
2007.05.07 14:09:23.005,2.4133,2.4138,14.60,4.00
2007.05.07 14:09:25.536,2.4134,2.4138,8.20,4.00
2007.05.07 14:09:33.673,2.4134,2.4138,1.90,4.00
2007.05.07 14:09:36.141,2.4135,2.4138,0.80,4.00
2007.05.07 14:09:38.336,2.4135,2.4138,0.80,4.80
2007.05.07 14:09:39.887,2.4135,2.4139,0.80,8.80
2007.05.07 14:09:40.682,2.4134,2.4139,7.00,8.80
2007.05.07 14:09:49.000,2.4134,2.4139,7.00,8.80
2007.05.07 14:09:49.855,2.4136,2.4139,2.40,4.80
2007.05.07 14:09:50.674,2.4136,2.414,2.40,9.60
2007.05.07 14:09:50.981,2.4137,2.4139,3.80,0.80
2007.05.07 14:09:52.610,2.4137,2.414,3.80,0.90
2007.05.07 14:09:53.999,2.4138,2.414,0.80,0.80
2007.05.07 14:09:54.625,2.4137,2.4141,3.80,6.80
2007.05.07 14:09:56.987,2.4138,2.4141,0.80,6.80
2007.05.07 14:09:57.649,2.4137,2.4141,3.80,6.80
2007.05.07 14:10:04.489,2.4137,2.4141,3.80,7.60
2007.05.07 14:10:05.842,2.4137,2.4138,3.80,0.80
2007.05.07 14:10:07.065,2.4137,2.4139,3.80,0.80
2007.05.07 14:10:07.682,2.4137,2.4141,3.80,6.80
2007.05.07 14:10:11.059,2.4137,2.414,3.80,1.60
2007.05.07 14:10:11.768,2.4137,2.414,3.80,0.80
2007.05.07 14:10:16.052,2.4137,2.414,3.80,1.60
2007.05.07 14:10:18.417,2.4137,2.414,3.80,0.80
2007.05.07 14:10:21.114,2.4138,2.414,0.80,0.80
2007.05.07 14:10:31.695,2.4137,2.414,3.80,0.80
2007.05.07 14:10:31.948,2.4137,2.4141,3.80,4.80
2007.05.07 14:10:37.983,2.4137,2.4141,3.80,5.60
2007.05.07 14:10:47.973,2.4137,2.4141,3.80,1.60
2007.05.07 14:10:49.530,2.4137,2.4139,3.80,0.80
2007.05.07 14:10:50.078,2.4137,2.4141,3.80,0.80
2007.05.07 14:10:51.612,2.4137,2.414,3.80,0.80
2007.05.07 14:10:52.550,2.4137,2.4141,3.80,1.60
2007.05.07 14:10:53.544,2.4137,2.414,3.80,0.80
2007.05.07 14:10:55.830,2.4137,2.4141,3.80,1.60
2007.05.07 14:10:57.990,2.4137,2.4141,3.80,0.80
2007.05.07 14:11:13.869,2.4138,2.4141,4.80,0.80
2007.05.07 14:11:14.081,2.4139,2.4141,3.80,0.80
2007.05.07 14:11:15.553,2.4138,2.4141,10.20,1.60
2007.05.07 14:11:15.789,2.4138,2.4141,6.20,5.60
2007.05.07 14:11:16.084,2.4138,2.4141,6.20,4.80
2007.05.07 14:11:18.564,2.4138,2.4141,6.20,5.60
2007.05.07 14:11:19.079,2.4138,2.4141,6.20,4.80
2007.05.07 14:11:20.009,2.4138,2.4141,8.60,4.80
2007.05.07 14:11:20.250,2.4139,2.4141,3.80,4.80
2007.05.07 14:11:20.702,2.4139,2.4141,3.80,0.80
2007.05.07 14:11:22.102,2.4138,2.4141,10.20,0.80
2007.05.07 14:11:22.780,2.4138,2.4141,6.20,4.80
2007.05.07 14:11:23.249,2.4139,2.4141,3.80,4.80
2007.05.07 14:11:23.708,2.4139,2.4141,3.80,0.80
2007.05.07 14:11:28.065,2.414,2.4141,6.20,0.80
2007.05.07 14:11:28.350,2.4141,2.4142,3.80,2.80
2007.05.07 14:11:28.676,2.4141,2.4142,3.80,0.80
2007.05.07 14:11:29.023,2.4139,2.4142,15.70,0.80
2007.05.07 14:11:29.403,2.4139,2.4143,15.70,0.80
2007.05.07 14:11:30.695,2.414,2.4143,3.80,0.80
2007.05.07 14:11:31.493,2.414,2.4143,6.20,0.80
2007.05.07 14:11:34.622,2.414,2.4143,3.80,0.80
2007.05.07 14:11:35.994,2.414,2.4143,4.60,0.80
2007.05.07 14:11:36.620,2.414,2.4143,3.80,0.80
2007.05.07 14:11:38.056,2.414,2.4143,3.80,1.60
2007.05.07 14:11:38.542,2.414,2.4143,3.80,0.80
2007.05.07 14:11:39.430,2.414,2.4143,8.60,0.80
2007.05.07 14:11:39.757,2.4141,2.4142,7.80,0.80
2007.05.07 14:11:40.196,2.4141,2.4143,7.80,0.80
2007.05.07 14:11:40.476,2.4141,2.4143,4.00,0.80
2007.05.07 14:11:42.364,2.414,2.4144,6.20,5.60
2007.05.07 14:11:43.532,2.414,2.4144,6.20,4.80
2007.05.07 14:11:44.088,2.414,2.4144,6.20,5.60
2007.05.07 14:11:45.061,2.414,2.4144,6.20,4.80
2007.05.07 14:11:50.568,2.414,2.4144,6.20,5.60
2007.05.07 14:11:51.096,2.414,2.4144,6.20,4.80
2007.05.07 14:11:51.556,2.414,2.4144,6.20,5.60
2007.05.07 14:11:51.908,2.414,2.4143,6.20,0.80
2007.05.07 14:11:53.032,2.4141,2.4143,0.80,0.80
2007.05.07 14:11:53.561,2.414,2.4143,6.20,0.80
2007.05.07 14:11:54.695,2.4141,2.4143,2.40,0.80
2007.05.07 14:11:55.270,2.4141,2.4143,6.20,0.80
2007.05.07 14:11:58.505,2.4141,2.4142,6.20,0.80
2007.05.07 14:11:59.073,2.4141,2.4143,6.20,0.80
2007.05.07 14:11:59.499,2.4141,2.4142,6.20,1.60
2007.05.07 14:12:00.117,2.4141,2.4142,6.20,0.80
2007.05.07 14:12:03.544,2.4141,2.4142,7.00,0.80
2007.05.07 14:12:05.409,2.4141,2.4143,4.60,0.80
2007.05.07 14:12:06.790,2.4141,2.4143,0.80,0.80
2007.05.07 14:12:07.786,2.414,2.4143,6.40,0.80
2007.05.07 14:12:09.551,2.414,2.4142,6.40,0.80
2007.05.07 14:12:09.912,2.414,2.4143,11.90,0.80
2007.05.07 14:12:10.378,2.414,2.4143,15.70,0.80
2007.05.07 14:12:12.806,2.414,2.4143,6.20,0.80
2007.05.07 14:12:14.853,2.414,2.4144,6.20,5.60
2007.05.07 14:12:15.799,2.414,2.4144,6.20,4.80
2007.05.07 14:12:18.380,2.414,2.4143,6.20,0.80
2007.05.07 14:12:21.593,2.414,2.4143,6.20,1.60
2007.05.07 14:12:23.078,2.414,2.4143,6.20,0.80
2007.05.07 14:12:26.053,2.414,2.4143,2.40,0.80
2007.05.07 14:12:26.633,2.414,2.4142,2.40,4.00
2007.05.07 14:12:29.522,2.414,2.4142,2.40,4.80
2007.05.07 14:12:29.966,2.414,2.4141,2.40,0.80
2007.05.07 14:12:38.273,2.414,2.4141,6.20,0.80
2007.05.07 14:12:41.054,2.414,2.4141,7.00,0.80
2007.05.07 14:12:41.565,2.414,2.4141,6.20,0.80
2007.05.07 14:12:43.446,2.414,2.4141,6.20,0.80
2007.05.07 14:12:45.262,2.414,2.4141,2.40,0.80
2007.05.07 14:12:45.869,2.414,2.4143,2.40,2.80
2007.05.07 14:12:50.715,2.414,2.4142,6.20,0.80
2007.05.07 14:12:51.462,2.414,2.4143,6.20,0.80
2007.05.07 14:12:52.450,2.414,2.4143,8.60,0.80
2007.05.07 14:12:52.710,2.4141,2.4144,3.80,6.80
2007.05.07 14:12:53.083,2.4141,2.4144,3.80,0.70
2007.05.07 14:12:53.631,2.414,2.4145,7.00,9.60
2007.05.07 14:12:54.016,2.414,2.4145,6.20,15.10
2007.05.07 14:12:54.410,2.414,2.4145,6.20,15.90
2007.05.07 14:12:54.928,2.414,2.4144,2.40,8.80
2007.05.07 14:12:55.572,2.414,2.4145,2.40,15.90
2007.05.07 14:12:55.933,2.414,2.4144,2.40,0.80
2007.05.07 14:12:56.503,2.414,2.4144,2.40,0.60
2007.05.07 14:12:56.705,2.414,2.4144,6.20,0.80
2007.05.07 14:12:57.112,2.414,2.4144,6.20,0.70
2007.05.07 14:12:57.395,2.414,2.4144,6.20,0.90
2007.05.07 14:12:58.394,2.414,2.4143,6.20,0.80
2007.05.07 14:12:59.218,2.414,2.4143,2.40,0.80
2007.05.07 14:13:02.216,2.414,2.4144,2.40,11.60
2007.05.07 14:13:03.055,2.414,2.4144,2.40,11.60
2007.05.07 14:13:03.984,2.414,2.4143,2.40,2.80
2007.05.07 14:13:04.752,2.414,2.4143,6.20,2.80
2007.05.07 14:13:06.444,2.414,2.4141,6.20,0.80
2007.05.07 14:13:08.373,2.414,2.4142,3.80,2.80
2007.05.07 14:13:08.642,2.414,2.4144,3.80,7.60
2007.05.07 14:13:08.945,2.414,2.4144,6.20,7.60
2007.05.07 14:13:09.441,2.414,2.4144,2.40,10.80
2007.05.07 14:13:10.457,2.4141,2.4143,4.00,0.80
2007.05.07 14:13:11.022,2.4141,2.4143,7.80,0.80
2007.05.07 14:13:14.352,2.4141,2.4142,7.80,0.80
2007.05.07 14:13:17.556,2.4141,2.4142,6.40,0.80
2007.05.07 14:13:18.502,2.4141,2.4142,7.80,0.80
2007.05.07 14:13:19.119,2.4141,2.4142,4.00,0.80
2007.05.07 14:13:19.684,2.414,2.4142,3.80,0.80
2007.05.07 14:13:19.977,2.414,2.4142,6.20,0.80
2007.05.07 14:13:20.181,2.4141,2.4142,3.80,0.80
2007.05.07 14:13:20.803,2.414,2.4142,7.00,0.80
2007.05.07 14:13:21.228,2.414,2.4142,4.60,0.80
2007.05.07 14:13:21.454,2.4139,2.4142,7.80,0.80
2007.05.07 14:13:24.602,2.4139,2.4142,10.20,0.80
2007.05.07 14:13:24.870,2.4139,2.4142,15.70,0.80
2007.05.07 14:13:25.838,2.414,2.4142,3.80,0.80
2007.05.07 14:13:34.974,2.4141,2.4142,3.80,0.80
2007.05.07 14:13:35.498,2.414,2.4142,3.80,0.80
2007.05.07 14:13:40.368,2.4139,2.4142,7.80,0.80
2007.05.07 14:13:40.712,2.4139,2.4142,3.80,4.80
2007.05.07 14:13:41.953,2.414,2.4142,3.80,4.80
2007.05.07 14:13:42.653,2.414,2.4142,3.80,0.80
2007.05.07 14:13:46.262,2.4139,2.4142,3.80,0.80
2007.05.07 14:13:47.246,2.414,2.4142,1.60,0.80
2007.05.07 14:13:47.484,2.414,2.4142,4.00,0.80
2007.05.07 14:13:47.785,2.4141,2.4142,3.80,0.80
2007.05.07 14:13:53.051,2.414,2.4142,4.00,0.80
2007.05.07 14:13:53.733,2.4139,2.4142,9.30,0.80
2007.05.07 14:13:54.469,2.4139,2.4142,9.30,1.60
2007.05.07 14:13:54.734,2.414,2.4142,0.80,0.80
2007.05.07 14:13:55.997,2.4139,2.4142,9.30,0.80
2007.05.07 14:14:01.016,2.4139,2.414,9.30,0.80
2007.05.07 14:14:01.691,2.4139,2.4142,9.30,0.80
2007.05.07 14:14:09.513,2.4139,2.4142,14.90,0.80
2007.05.07 14:14:09.893,2.4139,2.4142,13.30,0.80
2007.05.07 14:14:10.384,2.4139,2.4142,7.80,0.80
2007.05.07 14:14:10.926,2.4139,2.4142,7.80,1.60
2007.05.07 14:14:11.342,2.4139,2.4142,3.80,4.80
2007.05.07 14:14:11.636,2.4139,2.4142,3.80,0.80
2007.05.07 14:14:11.856,2.4138,2.4142,5.60,4.80
2007.05.07 14:14:12.100,2.4139,2.4142,1.60,4.80
2007.05.07 14:14:12.489,2.4139,2.4142,5.40,0.80
2007.05.07 14:14:32.830,2.4139,2.4142,5.40,1.60
2007.05.07 14:14:38.481,2.4139,2.414,5.40,0.80
2007.05.07 14:14:40.674,2.4139,2.4142,5.40,0.80
2007.05.07 14:14:48.112,2.4139,2.4141,5.40,0.80
2007.05.07 14:14:54.247,2.414,2.4141,3.80,0.80
2007.05.07 14:14:57.070,2.414,2.4142,3.80,1.60
2007.05.07 14:14:57.340,2.4139,2.4142,5.40,1.60
2007.05.07 14:14:57.627,2.4139,2.4142,5.40,0.80
2007.05.07 14:15:05.177,2.4139,2.4142,3.80,4.80
2007.05.07 14:15:05.461,2.4138,2.4142,13.30,4.80
2007.05.07 14:15:15.172,2.4139,2.4142,3.80,4.80
2007.05.07 14:15:15.381,2.414,2.4142,1.60,4.80
2007.05.07 14:15:15.710,2.414,2.4142,1.60,0.80
2007.05.07 14:15:21.880,2.4139,2.4142,4.00,0.80
2007.05.07 14:15:22.701,2.4138,2.4142,14.10,4.80
2007.05.07 14:15:24.571,2.4138,2.4142,13.30,4.80
2007.05.07 14:15:27.592,2.4138,2.4142,14.10,4.80
2007.05.07 14:15:37.425,2.4138,2.4142,14.10,5.60
2007.05.07 14:15:39.109,2.4138,2.4142,14.10,4.80
2007.05.07 14:15:39.526,2.4138,2.4142,11.70,4.00
2007.05.07 14:15:40.075,2.4138,2.414,11.70,0.80
2007.05.07 14:15:46.574,2.4138,2.4142,11.70,4.80
2007.05.07 14:15:50.008,2.4139,2.414,3.80,0.80
2007.05.07 14:15:51.709,2.4139,2.4142,3.80,4.00
2007.05.07 14:15:52.586,2.4138,2.4142,11.70,4.00
2007.05.07 14:16:00.809,2.4138,2.4142,11.70,4.80
2007.05.07 14:16:08.281,2.4138,2.4142,11.70,4.00
2007.05.07 14:16:09.425,2.4138,2.4142,6.20,4.00
2007.05.07 14:16:09.637,2.4138,2.414,2.40,4.00
2007.05.07 14:16:15.098,2.4138,2.414,6.20,4.00
2007.05.07 14:16:15.404,2.4138,2.4141,6.20,0.80
2007.05.07 14:16:17.295,2.4138,2.4141,3.80,1.60
2007.05.07 14:16:17.873,2.4137,2.4141,15.70,1.60
2007.05.07 14:16:23.638,2.4138,2.4141,0.80,1.60
2007.05.07 14:16:25.355,2.4138,2.4141,0.80,0.80
2007.05.07 14:16:26.532,2.4137,2.4141,13.30,0.80
2007.05.07 14:16:33.795,2.4137,2.414,13.30,0.80
2007.05.07 14:16:35.172,2.4136,2.414,20.40,0.80
2007.05.07 14:16:35.203,2.4137,2.414,5.20,0.80
2007.05.07 14:16:35.417,2.4138,2.414,2.20,0.80
2007.05.07 14:16:36.021,2.4137,2.414,15.70,1.60
2007.05.07 14:16:39.073,2.4138,2.414,3.80,0.80
2007.05.07 14:16:39.354,2.4137,2.414,9.30,0.80
2007.05.07 14:16:40.317,2.4137,2.4141,9.30,5.60
2007.05.07 14:16:41.590,2.4137,2.4141,11.70,5.60
2007.05.07 14:16:41.891,2.4137,2.4141,15.70,0.80
2007.05.07 14:16:42.104,2.4138,2.4141,3.80,0.80
2007.05.07 14:16:43.799,2.4138,2.4141,3.80,5.60
2007.05.07 14:16:44.033,2.4137,2.4141,3.80,5.60
2007.05.07 14:16:47.986,2.4137,2.4141,3.80,4.80
2007.05.07 14:16:51.114,2.4137,2.4141,3.80,5.60
2007.05.07 14:16:51.646,2.4137,2.4141,3.80,4.80
2007.05.07 14:16:52.060,2.4137,2.4141,4.60,4.80
2007.05.07 14:16:52.497,2.4137,2.4141,7.00,4.00
2007.05.07 14:16:52.919,2.4137,2.4141,14.10,0.80
2007.05.07 14:16:53.229,2.4137,2.4142,11.00,9.60
2007.05.07 14:16:53.472,2.4137,2.4142,15.70,10.40
2007.05.07 14:16:53.761,2.4138,2.4142,3.80,6.40
2007.05.07 14:16:54.592,2.4138,2.4142,3.80,5.60
2007.05.07 14:16:55.185,2.4138,2.4142,3.80,6.40
2007.05.07 14:16:55.534,2.4138,2.414,3.80,4.00
2007.05.07 14:16:56.060,2.4137,2.414,3.80,4.00
2007.05.07 14:16:56.877,2.4136,2.4139,5.40,0.80
2007.05.07 14:16:57.345,2.4136,2.414,7.80,4.00
2007.05.07 14:16:57.651,2.4136,2.414,7.00,4.00
2007.05.07 14:16:58.082,2.4136,2.414,7.80,4.00
2007.05.07 14:16:58.589,2.4136,2.414,7.00,4.80
2007.05.07 14:16:59.527,2.4136,2.414,7.00,4.00
2007.05.07 14:17:00.408,2.4136,2.4139,4.60,0.80
2007.05.07 14:17:00.627,2.4136,2.4139,0.80,0.80
2007.05.07 14:17:01.189,2.4136,2.4139,4.60,0.80
2007.05.07 14:17:01.786,2.4136,2.414,0.80,9.60
2007.05.07 14:17:02.164,2.4136,2.414,4.60,5.60
2007.05.07 14:17:02.752,2.4136,2.414,4.60,4.80
2007.05.07 14:17:04.503,2.4136,2.414,4.60,5.60
2007.05.07 14:17:05.979,2.4136,2.414,3.80,5.60
2007.05.07 14:17:06.990,2.4136,2.414,3.80,4.80
2007.05.07 14:17:18.005,2.4136,2.4139,3.80,0.80
2007.05.07 14:17:18.620,2.4136,2.414,3.80,4.80
2007.05.07 14:17:20.714,2.4136,2.4139,3.80,0.80
2007.05.07 14:17:22.449,2.4136,2.414,3.80,4.80
2007.05.07 14:17:22.952,2.4136,2.414,3.80,5.60
2007.05.07 14:17:26.894,2.4135,2.4139,7.80,0.80
2007.05.07 14:17:27.210,2.4135,2.4139,4.00,4.80
2007.05.07 14:17:28.031,2.4135,2.4139,7.80,0.80
2007.05.07 14:17:34.556,2.4136,2.4139,0.80,0.80
2007.05.07 14:17:36.012,2.4135,2.4139,7.80,0.80
2007.05.07 14:17:37.633,2.4135,2.4139,7.80,1.60
2007.05.07 14:17:37.991,2.4135,2.4139,13.30,0.80
2007.05.07 14:17:40.425,2.4135,2.414,16.50,10.40
2007.05.07 14:17:40.738,2.4136,2.414,3.80,6.40
2007.05.07 14:17:41.010,2.4136,2.4138,3.80,0.80
2007.05.07 14:17:41.479,2.4136,2.414,3.80,6.40
2007.05.07 14:17:43.058,2.4138,2.414,0.80,5.60
2007.05.07 14:17:45.099,2.4136,2.414,3.80,6.40
2007.05.07 14:17:49.063,2.4136,2.4139,3.80,0.80
2007.05.07 14:17:50.053,2.4136,2.414,3.80,5.60
2007.05.07 14:17:50.492,2.4136,2.414,3.80,6.40
2007.05.07 14:17:56.621,2.4135,2.4139,3.80,4.80
2007.05.07 14:18:01.521,2.4135,2.4139,3.80,5.60
2007.05.07 14:18:02.574,2.4135,2.4139,3.80,4.80
2007.05.07 14:18:02.923,2.4135,2.4139,3.80,10.30
2007.05.07 14:18:07.327,2.4135,2.4137,3.80,0.80
2007.05.07 14:18:08.010,2.4135,2.4139,3.80,11.10
2007.05.07 14:18:09.234,2.4135,2.4139,4.60,10.30
2007.05.07 14:18:09.449,2.4135,2.4139,4.60,5.60
2007.05.07 14:18:09.690,2.4136,2.4139,4.00,1.60
2007.05.07 14:18:10.060,2.4136,2.4139,4.00,0.80
2007.05.07 14:18:10.351,2.4136,2.4139,7.80,0.80
2007.05.07 14:18:13.454,2.4136,2.4139,7.80,1.60
2007.05.07 14:18:16.018,2.4136,2.4137,7.80,0.80
2007.05.07 14:18:17.095,2.4136,2.4138,7.80,0.80
2007.05.07 14:18:17.781,2.4136,2.4139,7.80,1.60
2007.05.07 14:18:18.624,2.4136,2.4139,7.80,0.80
2007.05.07 14:18:27.451,2.4137,2.4139,4.00,0.80
2007.05.07 14:18:35.573,2.4137,2.4139,4.00,1.60
2007.05.07 14:18:37.191,2.4137,2.4139,4.00,0.80
2007.05.07 14:18:38.568,2.4137,2.414,4.00,2.40
2007.05.07 14:18:40.525,2.4137,2.414,4.00,1.60
2007.05.07 14:18:42.510,2.4137,2.4139,4.00,0.80
2007.05.07 14:18:42.758,2.4136,2.4139,3.80,0.80
2007.05.07 14:18:43.045,2.4136,2.414,5.40,4.80
2007.05.07 14:18:44.072,2.4136,2.414,5.40,5.60
2007.05.07 14:18:45.880,2.4136,2.4139,5.40,0.80
2007.05.07 14:18:46.124,2.4136,2.414,5.40,5.60
2007.05.07 14:18:46.593,2.4136,2.414,5.40,4.80
2007.05.07 14:18:49.481,2.4136,2.4139,5.40,0.80
2007.05.07 14:18:50.233,2.4136,2.414,5.40,5.60
2007.05.07 14:18:51.728,2.4136,2.414,5.40,4.80
2007.05.07 14:18:53.419,2.4136,2.4139,3.80,0.80
2007.05.07 14:18:53.445,2.4136,2.414,3.80,5.60
2007.05.07 14:18:53.625,2.4137,2.4138,0.80,0.90
2007.05.07 14:18:55.103,2.4135,2.4139,3.80,4.80
2007.05.07 14:19:01.869,2.4136,2.4138,1.60,0.90
2007.05.07 14:19:02.489,2.4136,2.4138,5.40,0.70
2007.05.07 14:19:02.695,2.4136,2.4141,5.40,17.90
2007.05.07 14:19:03.344,2.4136,2.4139,3.80,0.80
2007.05.07 14:19:04.488,2.4135,2.414,4.00,10.40
2007.05.07 14:19:05.115,2.4136,2.4139,0.80,0.50
2007.05.07 14:19:05.571,2.4135,2.414,4.00,10.40
2007.05.07 14:19:06.202,2.4135,2.4139,4.00,0.70
2007.05.07 14:19:06.652,2.4134,2.4139,7.80,9.60
2007.05.07 14:19:07.348,2.4134,2.4138,5.40,0.80
2007.05.07 14:19:15.901,2.4134,2.4139,6.20,8.80
2007.05.07 14:19:23.011,2.4135,2.4138,0.80,4.00
2007.05.07 14:19:25.065,2.4134,2.4138,6.20,4.00
2007.05.07 14:19:32.195,2.4134,2.4138,5.40,4.00
2007.05.07 14:19:35.586,2.4134,2.4138,6.20,4.00
2007.05.07 14:19:42.520,2.4134,2.4138,5.40,4.00
2007.05.07 14:19:43.055,2.4134,2.4137,4.60,0.80
2007.05.07 14:19:43.403,2.4134,2.4137,0.80,0.80
2007.05.07 14:19:43.630,2.4134,2.4138,0.80,8.80
2007.05.07 14:19:45.012,2.4133,2.4138,15.70,8.80
2007.05.07 14:19:45.647,2.4135,2.4138,0.80,8.00
2007.05.07 14:19:46.579,2.4134,2.4138,1.60,8.00
2007.05.07 14:19:47.772,2.4134,2.4138,2.40,8.00
2007.05.07 14:19:50.232,2.4134,2.4137,0.80,4.80
2007.05.07 14:19:50.940,2.4134,2.4137,0.80,4.00
2007.05.07 14:19:51.195,2.4133,2.4137,18.10,4.00
2007.05.07 14:19:51.401,2.4133,2.4137,11.70,4.00
2007.05.07 14:19:52.016,2.4134,2.4137,0.80,4.00
2007.05.07 14:19:53.021,2.4134,2.4137,4.60,4.00
2007.05.07 14:19:53.473,2.4134,2.4139,10.20,8.80
2007.05.07 14:19:53.917,2.4135,2.4138,7.10,0.80
2007.05.07 14:19:54.211,2.4135,2.4138,13.30,0.80
2007.05.07 14:19:54.707,2.4135,2.4139,13.30,4.00
2007.05.07 14:19:55.016,2.4135,2.4139,13.30,4.80
2007.05.07 14:19:55.782,2.4136,2.4139,3.80,4.80
2007.05.07 14:19:56.187,2.4136,2.4139,3.80,4.00
2007.05.07 14:19:56.511,2.4136,2.4138,3.80,0.80
2007.05.07 14:19:56.756,2.4135,2.4138,13.30,0.80
2007.05.07 14:19:57.069,2.4135,2.4139,13.30,4.00
2007.05.07 14:19:57.458,2.4135,2.4138,11.70,0.80
2007.05.07 14:19:58.867,2.4136,2.4139,0.80,4.80
2007.05.07 14:19:59.587,2.4135,2.4139,11.70,4.80
2007.05.07 14:20:00.067,2.4135,2.4139,11.70,5.60
2007.05.07 14:20:00.596,2.4135,2.4139,13.30,4.80
2007.05.07 14:20:00.800,2.4135,2.414,17.30,9.60
2007.05.07 14:20:02.475,2.4135,2.4139,14.90,0.80
2007.05.07 14:20:03.730,2.4136,2.4139,3.80,1.60
2007.05.07 14:20:03.945,2.4136,2.4139,3.80,2.40
2007.05.07 14:20:04.190,2.4136,2.4139,3.80,6.40
2007.05.07 14:20:04.666,2.4136,2.4139,3.80,0.90
2007.05.07 14:20:04.945,2.4136,2.4139,3.80,0.90
2007.05.07 14:20:05.686,2.4136,2.414,9.40,3.60
2007.05.07 14:20:06.246,2.4137,2.4141,3.80,0.60
2007.05.07 14:20:06.563,2.4136,2.4142,9.40,20.60
2007.05.07 14:20:08.567,2.4137,2.4141,3.80,0.70
2007.05.07 14:20:09.675,2.4137,2.4142,9.40,9.60
2007.05.07 14:20:10.750,2.4138,2.4141,5.60,0.80
2007.05.07 14:20:11.388,2.4138,2.4143,9.40,17.10
2007.05.07 14:20:13.176,2.4138,2.4142,5.40,5.60
2007.05.07 14:20:14.835,2.4138,2.4141,3.80,0.60
2007.05.07 14:20:16.012,2.4137,2.4142,7.80,10.40
2007.05.07 14:20:17.594,2.4137,2.4142,7.80,10.40
2007.05.07 14:20:18.590,2.4137,2.4141,7.80,0.60
2007.05.07 14:20:21.209,2.4137,2.4141,9.40,0.80
2007.05.07 14:20:21.753,2.4137,2.4142,11.80,9.60
2007.05.07 14:20:22.128,2.4138,2.4142,3.80,5.60
2007.05.07 14:20:25.117,2.4137,2.4142,9.40,9.60
2007.05.07 14:20:26.367,2.4137,2.4141,11.80,0.80
2007.05.07 14:20:30.989,2.4138,2.4141,3.80,0.80
2007.05.07 14:20:33.757,2.4137,2.4141,17.30,0.80
2007.05.07 14:20:34.991,2.4138,2.4141,3.80,0.80
2007.05.07 14:20:35.693,2.4139,2.4142,4.00,1.60
2007.05.07 14:20:41.743,2.4139,2.4142,4.00,1.60
2007.05.07 14:20:45.596,2.4139,2.4142,4.00,2.40
2007.05.07 14:20:51.622,2.4138,2.4141,3.80,4.40
2007.05.07 14:20:51.860,2.4137,2.4141,7.80,4.40
2007.05.07 14:20:52.622,2.4137,2.414,7.80,0.80
2007.05.07 14:20:54.035,2.4138,2.414,3.80,1.60
2007.05.07 14:20:54.630,2.4138,2.414,3.80,2.40
2007.05.07 14:20:55.064,2.4138,2.414,3.80,1.60
2007.05.07 14:20:55.403,2.4138,2.414,6.20,1.60
2007.05.07 14:20:55.692,2.4139,2.414,3.80,1.60
2007.05.07 14:20:55.967,2.4139,2.414,3.80,0.80
2007.05.07 14:20:57.004,2.4138,2.414,3.80,0.80
2007.05.07 14:21:05.014,2.4138,2.414,3.80,1.60
2007.05.07 14:21:06.484,2.4138,2.414,3.80,0.80
2007.05.07 14:21:08.529,2.4138,2.414,3.80,4.80
2007.05.07 14:21:09.018,2.4137,2.414,3.80,4.80
2007.05.07 14:21:10.932,2.4137,2.414,6.20,6.40
2007.05.07 14:21:11.143,2.4138,2.414,3.80,6.40
2007.05.07 14:21:11.263,2.4138,2.4141,3.80,9.20
2007.05.07 14:21:11.653,2.4138,2.4141,3.80,4.40
2007.05.07 14:21:13.041,2.4138,2.414,3.80,3.20
2007.05.07 14:21:14.018,2.4138,2.4141,3.80,4.40
2007.05.07 14:21:14.903,2.4138,2.4141,3.80,4.40
2007.05.07 14:21:15.270,2.4137,2.4141,10.20,4.40
2007.05.07 14:21:15.476,2.4137,2.4141,3.80,8.40
2007.05.07 14:21:18.476,2.4137,2.414,3.80,4.80
2007.05.07 14:21:19.185,2.4137,2.4141,3.80,5.60
2007.05.07 14:21:21.491,2.4137,2.4142,5.40,10.40
2007.05.07 14:21:21.695,2.4138,2.4142,3.80,0.50
2007.05.07 14:21:22.092,2.4138,2.4143,3.80,18.70
2007.05.07 14:21:22.579,2.4138,2.4143,3.80,17.90
2007.05.07 14:21:24.936,2.4138,2.4142,4.60,6.40
2007.05.07 14:21:25.323,2.4138,2.4143,0.80,22.70
2007.05.07 14:21:25.577,2.4137,2.4142,11.80,0.90
2007.05.07 14:21:25.906,2.4138,2.4142,3.80,0.90
2007.05.07 14:21:27.652,2.4138,2.4142,4.60,0.70
2007.05.07 14:21:28.068,2.4138,2.4143,3.80,17.10
2007.05.07 14:21:28.369,2.4138,2.4143,4.60,17.10
2007.05.07 14:21:29.072,2.4138,2.4143,3.80,17.10
2007.05.07 14:21:36.191,2.4138,2.4142,3.80,6.40
2007.05.07 14:21:40.292,2.4137,2.414,7.80,0.80
2007.05.07 14:21:40.736,2.4137,2.414,3.80,4.80
2007.05.07 14:21:42.150,2.4137,2.414,3.80,4.00
2007.05.07 14:21:42.427,2.4138,2.4142,3.80,5.60
2007.05.07 14:21:44.559,2.4138,2.4141,3.80,0.80
2007.05.07 14:21:44.861,2.4138,2.4141,3.80,1.60
2007.05.07 14:21:45.126,2.4137,2.4141,7.80,1.60
2007.05.07 14:21:45.606,2.4137,2.414,3.80,4.00
2007.05.07 14:21:47.905,2.4137,2.414,7.00,4.00
2007.05.07 14:21:48.188,2.4138,2.414,3.80,4.00
2007.05.07 14:21:48.626,2.4138,2.4142,3.80,6.40
2007.05.07 14:21:49.045,2.4138,2.414,3.80,0.80
2007.05.07 14:21:51.076,2.4138,2.4142,3.80,5.60
2007.05.07 14:21:51.602,2.4138,2.4142,3.80,6.40
2007.05.07 14:21:52.629,2.4138,2.4142,3.80,5.60
2007.05.07 14:21:58.819,2.4138,2.4141,3.80,0.80
2007.05.07 14:22:03.164,2.4137,2.4141,7.80,0.80
2007.05.07 14:22:03.699,2.4137,2.414,3.80,4.00
2007.05.07 14:22:05.947,2.4138,2.414,3.80,4.00
2007.05.07 14:22:06.665,2.4138,2.4142,3.80,6.40
2007.05.07 14:22:08.015,2.4138,2.4142,3.80,5.60
2007.05.07 14:22:09.078,2.4138,2.4142,3.80,6.40
2007.05.07 14:22:09.528,2.4138,2.4142,3.80,5.60
2007.05.07 14:22:12.073,2.4138,2.4142,4.60,5.60
2007.05.07 14:22:13.083,2.4138,2.4142,3.80,5.60
2007.05.07 14:22:16.473,2.4138,2.4142,6.20,5.60
2007.05.07 14:22:16.732,2.4139,2.4142,3.80,6.40
2007.05.07 14:22:18.554,2.4138,2.4142,3.80,6.40
2007.05.07 14:22:18.894,2.4137,2.4141,7.80,0.80
2007.05.07 14:22:20.442,2.4137,2.414,7.80,0.80
2007.05.07 14:22:20.957,2.4138,2.4141,3.80,0.80
2007.05.07 14:22:21.514,2.4138,2.414,3.80,4.00
2007.05.07 14:22:22.002,2.4137,2.414,3.80,4.00
2007.05.07 14:22:22.510,2.4137,2.4142,8.60,9.60
2007.05.07 14:22:22.899,2.4137,2.4142,14.10,9.60
2007.05.07 14:22:23.754,2.4139,2.4142,4.00,5.60
2007.05.07 14:22:24.076,2.4137,2.4142,14.10,5.60
2007.05.07 14:22:24.233,2.4139,2.4142,2.90,1.60
2007.05.07 14:22:24.898,2.4138,2.4142,10.20,2.40
2007.05.07 14:22:25.559,2.4139,2.4142,7.80,1.60
2007.05.07 14:22:28.588,2.4139,2.4142,7.80,0.80
2007.05.07 14:22:29.473,2.414,2.4143,3.80,0.80
2007.05.07 14:22:30.071,2.414,2.4142,3.80,0.80
2007.05.07 14:22:30.529,2.414,2.4143,3.80,0.80
2007.05.07 14:22:32.440,2.414,2.4143,3.80,1.60
2007.05.07 14:22:32.687,2.4139,2.4143,7.80,1.60
2007.05.07 14:22:33.849,2.4139,2.4143,8.60,0.80
2007.05.07 14:22:34.483,2.414,2.4143,3.80,0.80
2007.05.07 14:22:42.518,2.414,2.4143,3.80,5.60
2007.05.07 14:22:42.991,2.4139,2.4143,3.80,5.60
2007.05.07 14:22:51.047,2.4139,2.4143,3.80,6.40
2007.05.07 14:22:52.082,2.4139,2.4143,3.80,5.60
2007.05.07 14:22:54.474,2.4139,2.4143,8.60,0.80
2007.05.07 14:22:54.714,2.414,2.4143,3.80,0.80
2007.05.07 14:22:58.108,2.4139,2.4143,11.00,0.80
2007.05.07 14:22:58.472,2.4139,2.4143,7.80,6.30
2007.05.07 14:22:59.257,2.4139,2.4143,3.80,10.30
2007.05.07 14:22:59.473,2.4138,2.4139,7.20,0.80
2007.05.07 14:22:59.838,2.4139,2.4143,3.80,13.50
2007.05.07 14:23:00.165,2.4139,2.4141,3.80,0.80
2007.05.07 14:23:00.448,2.4139,2.4141,3.80,1.60
2007.05.07 14:23:00.657,2.4138,2.4141,3.80,5.60
2007.05.07 14:23:00.918,2.4138,2.4141,3.80,13.50
2007.05.07 14:23:01.529,2.4136,2.4141,9.40,17.50
2007.05.07 14:23:01.950,2.4136,2.4141,8.60,17.50
2007.05.07 14:23:02.888,2.4136,2.414,7.80,0.80
2007.05.07 14:23:03.890,2.4136,2.4141,8.60,15.10
2007.05.07 14:23:04.362,2.4136,2.4141,8.60,17.50
2007.05.07 14:23:04.816,2.4136,2.4139,4.60,4.00
2007.05.07 14:23:05.082,2.4136,2.4139,4.60,4.80
2007.05.07 14:23:05.529,2.4136,2.4139,4.60,4.00
2007.05.07 14:23:06.591,2.4136,2.4139,0.80,4.00
2007.05.07 14:23:06.861,2.4138,2.4139,0.80,4.00
2007.05.07 14:23:08.532,2.4136,2.4139,0.80,4.00
2007.05.07 14:23:09.060,2.4136,2.414,1.60,8.00
2007.05.07 14:23:09.358,2.4136,2.414,5.40,4.00
2007.05.07 14:23:10.888,2.4136,2.4139,4.60,0.80
2007.05.07 14:23:11.175,2.4136,2.4139,0.80,0.80
2007.05.07 14:23:11.399,2.4135,2.4139,13.00,0.80
2007.05.07 14:23:16.328,2.4135,2.414,11.40,8.80
2007.05.07 14:23:16.666,2.4137,2.414,0.60,4.80
2007.05.07 14:23:20.025,2.4137,2.4139,1.80,0.80
2007.05.07 14:23:20.641,2.4136,2.414,8.60,0.80
2007.05.07 14:23:21.455,2.4135,2.4139,13.00,0.80
2007.05.07 14:23:21.888,2.4135,2.4139,13.00,0.80
2007.05.07 14:23:23.830,2.4135,2.414,11.40,8.80
2007.05.07 14:23:24.162,2.4136,2.414,0.80,9.60
2007.05.07 14:23:24.543,2.4137,2.4139,1.40,0.80
2007.05.07 14:23:25.052,2.4137,2.414,1.40,1.60
2007.05.07 14:23:26.504,2.4137,2.414,1.10,0.80
2007.05.07 14:23:31.746,2.4137,2.4141,1.80,12.70
2007.05.07 14:23:33.345,2.4136,2.414,5.60,4.00
2007.05.07 14:23:34.130,2.4136,2.4141,9.40,12.70
2007.05.07 14:23:34.940,2.4136,2.4141,11.80,6.30
2007.05.07 14:23:36.566,2.4136,2.4141,11.80,7.10
2007.05.07 14:23:37.101,2.4136,2.4141,11.80,6.30
2007.05.07 14:23:37.585,2.4137,2.4141,1.20,10.30
2007.05.07 14:23:39.992,2.4137,2.414,4.00,4.00
2007.05.07 14:23:40.395,2.4137,2.4141,4.00,10.30
2007.05.07 14:23:40.616,2.4137,2.414,4.00,0.80
2007.05.07 14:23:41.090,2.4137,2.4141,4.00,10.30
2007.05.07 14:23:42.665,2.4137,2.4139,4.00,0.80
2007.05.07 14:23:42.881,2.4137,2.4141,4.00,11.10
2007.05.07 14:23:43.644,2.4137,2.414,4.00,0.80
2007.05.07 14:23:44.080,2.4137,2.4141,4.00,10.30
2007.05.07 14:23:44.588,2.4137,2.414,4.00,0.80
2007.05.07 14:23:45.858,2.4137,2.4139,4.00,0.80
2007.05.07 14:23:46.094,2.4137,2.4141,4.00,10.30
2007.05.07 14:23:47.102,2.4137,2.414,4.00,0.80
2007.05.07 14:23:47.666,2.4137,2.4141,4.00,10.30
2007.05.07 14:23:48.140,2.4137,2.414,4.00,0.80
2007.05.07 14:23:48.586,2.4138,2.4141,0.80,10.30
2007.05.07 14:23:48.966,2.4138,2.4139,0.80,0.80
2007.05.07 14:23:51.670,2.4136,2.4139,0.80,0.80
2007.05.07 14:23:54.965,2.4136,2.414,4.60,4.80
2007.05.07 14:23:55.566,2.4137,2.414,4.00,0.80
2007.05.07 14:23:56.318,2.4137,2.414,7.80,0.80
2007.05.07 14:23:56.998,2.4137,2.414,7.80,1.60
2007.05.07 14:23:58.019,2.4137,2.414,7.80,0.80
2007.05.07 14:23:59.506,2.4136,2.414,7.00,5.60
2007.05.07 14:23:59.755,2.4136,2.414,4.60,5.60
2007.05.07 14:24:01.087,2.4136,2.414,4.60,4.80
2007.05.07 14:24:02.571,2.4136,2.4139,4.60,0.80
2007.05.07 14:24:03.003,2.4136,2.414,4.60,4.80
2007.05.07 14:24:04.089,2.4136,2.414,4.60,5.60
2007.05.07 14:24:05.522,2.4137,2.414,7.80,1.60
2007.05.07 14:24:07.613,2.4136,2.414,11.00,1.60
2007.05.07 14:24:08.563,2.4136,2.4139,11.00,0.80
2007.05.07 14:24:09.017,2.4137,2.414,1.80,0.80
2007.05.07 14:24:10.079,2.4136,2.414,8.60,0.80
2007.05.07 14:24:10.596,2.4136,2.414,1.80,4.80
2007.05.07 14:24:13.038,2.4135,2.4138,19.30,0.80
2007.05.07 14:24:13.610,2.4136,2.414,1.80,5.60
2007.05.07 14:24:17.097,2.4135,2.414,19.30,4.80
2007.05.07 14:24:20.659,2.4135,2.414,19.30,5.60
2007.05.07 14:24:22.584,2.4135,2.414,19.30,4.80
2007.05.07 14:24:24.081,2.4136,2.414,7.00,4.80
2007.05.07 14:24:27.231,2.4136,2.414,1.90,4.80
2007.05.07 14:24:34.585,2.4135,2.414,17.30,5.60
2007.05.07 14:24:36.440,2.4136,2.414,1.30,4.80
2007.05.07 14:24:44.505,2.4136,2.414,3.80,5.60
2007.05.07 14:24:52.578,2.4136,2.4139,3.80,0.80
2007.05.07 14:24:56.020,2.4136,2.414,3.80,5.60
2007.05.07 14:24:56.594,2.4136,2.4139,3.80,0.80
2007.05.07 14:25:01.062,2.4136,2.414,3.80,4.80
2007.05.07 14:25:04.016,2.4136,2.4139,3.80,0.80
2007.05.07 14:25:13.201,2.4136,2.4139,6.20,0.80
2007.05.07 14:25:13.457,2.4137,2.4139,3.80,0.80
2007.05.07 14:25:13.676,2.4137,2.4139,7.80,0.80
2007.05.07 14:25:14.071,2.4137,2.414,7.80,2.40
2007.05.07 14:25:16.111,2.4137,2.414,7.80,1.60
2007.05.07 14:25:16.709,2.4137,2.414,7.80,2.40
2007.05.07 14:25:18.593,2.4137,2.414,7.80,1.60
2007.05.07 14:25:19.063,2.4137,2.414,7.80,2.40
2007.05.07 14:25:20.002,2.4137,2.414,7.80,0.80
2007.05.07 14:25:20.246,2.4137,2.414,4.00,0.80
2007.05.07 14:25:21.585,2.4136,2.414,3.80,4.80
2007.05.07 14:25:21.881,2.4136,2.414,3.80,5.60
2007.05.07 14:25:23.569,2.4136,2.414,3.80,6.40
2007.05.07 14:25:27.308,2.4136,2.414,3.80,5.60
2007.05.07 14:25:28.942,2.4137,2.414,3.80,5.60
2007.05.07 14:25:31.592,2.4136,2.414,3.80,5.60
2007.05.07 14:25:32.170,2.4136,2.414,3.80,6.40
2007.05.07 14:25:34.521,2.4136,2.4138,3.80,0.80
2007.05.07 14:25:37.695,2.4136,2.414,3.80,5.60
2007.05.07 14:25:38.125,2.4136,2.414,3.80,6.40
2007.05.07 14:25:41.101,2.4136,2.414,3.80,5.60
2007.05.07 14:25:51.011,2.4136,2.4138,3.80,0.80
2007.05.07 14:25:57.700,2.4136,2.414,3.80,5.60
2007.05.07 14:25:57.936,2.4136,2.4139,3.80,0.80
2007.05.07 14:25:58.393,2.4136,2.4139,3.80,5.60
2007.05.07 14:25:58.647,2.4135,2.4139,3.80,5.60
2007.05.07 14:25:59.038,2.4134,2.4139,8.60,9.60
2007.05.07 14:25:59.384,2.4135,2.4139,5.50,9.60
2007.05.07 14:25:59.665,2.4134,2.4139,11.00,9.60
2007.05.07 14:25:59.914,2.4135,2.4139,3.80,5.60
2007.05.07 14:26:00.197,2.4135,2.4139,4.00,9.60
2007.05.07 14:26:00.496,2.4135,2.4139,9.50,5.60
2007.05.07 14:26:00.707,2.4135,2.4139,13.30,1.60
2007.05.07 14:26:02.484,2.4135,2.4139,13.30,0.70
2007.05.07 14:26:02.570,2.4135,2.4139,7.80,0.70
2007.05.07 14:26:02.809,2.4135,2.4139,7.80,0.70
2007.05.07 14:26:06.057,2.4135,2.4139,7.80,0.50
2007.05.07 14:26:06.658,2.4135,2.4139,7.80,0.50
2007.05.07 14:26:07.950,2.4135,2.4139,7.80,0.70
2007.05.07 14:26:14.029,2.4135,2.4139,7.80,0.90
2007.05.07 14:26:17.611,2.4135,2.4139,7.80,0.60
2007.05.07 14:26:21.902,2.4135,2.414,7.80,12.00
2007.05.07 14:26:24.086,2.4135,2.4138,7.80,0.80
2007.05.07 14:26:24.757,2.4135,2.4139,7.80,0.80
2007.05.07 14:26:26.665,2.4135,2.414,7.80,11.20
2007.05.07 14:26:28.165,2.4134,2.4139,8.60,0.90
2007.05.07 14:26:30.527,2.4134,2.4139,9.40,0.50
2007.05.07 14:26:31.599,2.4134,2.414,8.60,21.40
2007.05.07 14:26:31.922,2.4134,2.4139,8.60,10.40
2007.05.07 14:26:32.128,2.4135,2.4139,4.00,6.40
2007.05.07 14:26:47.967,2.4135,2.4138,4.00,2.40
2007.05.07 14:26:48.686,2.4134,2.4138,4.60,6.40
2007.05.07 14:27:00.058,2.4134,2.4138,4.60,7.20
2007.05.07 14:27:00.490,2.4134,2.4136,4.60,0.80
2007.05.07 14:27:01.693,2.4134,2.4138,4.60,7.20
2007.05.07 14:27:06.836,2.4134,2.4138,4.60,6.40
2007.05.07 14:27:09.872,2.4134,2.4137,4.60,2.40
2007.05.07 14:27:10.430,2.4133,2.4137,8.60,2.40
2007.05.07 14:27:12.884,2.4134,2.4138,3.80,6.40
2007.05.07 14:27:13.551,2.4135,2.4138,4.00,2.40
2007.05.07 14:27:15.425,2.4135,2.4137,4.00,2.40
2007.05.07 14:27:15.745,2.4133,2.4137,8.60,2.40
2007.05.07 14:27:17.892,2.4134,2.4138,3.80,6.40
2007.05.07 14:27:18.595,2.4135,2.4137,4.00,0.80
2007.05.07 14:27:21.072,2.4135,2.4138,4.00,2.40
2007.05.07 14:27:37.042,2.4135,2.4137,4.00,2.40
2007.05.07 14:27:37.665,2.4133,2.4137,8.60,2.40
2007.05.07 14:27:39.391,2.4134,2.4138,3.80,6.40
2007.05.07 14:27:39.704,2.4135,2.4138,4.00,2.40
2007.05.07 14:27:42.244,2.4135,2.4138,4.00,3.20
2007.05.07 14:27:44.000,2.4135,2.4138,4.00,2.40
2007.05.07 14:27:44.179,2.4135,2.4138,2.20,2.40
2007.05.07 14:27:45.833,2.4134,2.4138,7.80,3.20
2007.05.07 14:27:47.461,2.4135,2.4138,2.10,4.00
2007.05.07 14:27:50.063,2.4134,2.4138,7.80,3.20
2007.05.07 14:27:51.873,2.4133,2.4138,15.70,7.20
2007.05.07 14:27:53.054,2.4133,2.4137,13.30,0.80
2007.05.07 14:27:55.104,2.4135,2.4138,0.60,6.40
2007.05.07 14:27:55.630,2.4133,2.4138,13.30,7.20
2007.05.07 14:28:00.611,2.4134,2.4138,2.10,7.20
2007.05.07 14:28:01.949,2.4134,2.4137,0.50,7.90
2007.05.07 14:28:02.691,2.4132,2.4137,10.20,11.90
2007.05.07 14:28:02.955,2.4132,2.4135,10.20,0.80
2007.05.07 14:28:03.566,2.4132,2.4137,10.20,7.20
2007.05.07 14:28:04.040,2.4132,2.4137,10.20,6.40
2007.05.07 14:28:04.283,2.4132,2.4137,12.60,4.00
2007.05.07 14:28:04.574,2.4133,2.4137,4.60,4.00
2007.05.07 14:28:04.862,2.4134,2.4137,1.60,0.80
2007.05.07 14:28:05.550,2.4134,2.4138,0.90,7.20
2007.05.07 14:28:05.887,2.4133,2.4137,7.80,2.40
2007.05.07 14:28:06.107,2.4134,2.4137,0.60,3.20
2007.05.07 14:28:06.687,2.4131,2.4137,22.90,11.20
2007.05.07 14:28:06.913,2.4132,2.4137,20.40,8.80
2007.05.07 14:28:07.988,2.4132,2.4137,20.40,4.00
2007.05.07 14:28:10.635,2.4132,2.4137,20.50,4.00
2007.05.07 14:28:13.696,2.4133,2.4137,6.20,4.00
2007.05.07 14:28:17.655,2.4133,2.4137,14.10,4.00
2007.05.07 14:28:19.584,2.4133,2.4137,9.30,4.00
2007.05.07 14:28:19.893,2.4133,2.4137,3.80,6.40
2007.05.07 14:28:20.864,2.4132,2.4137,11.00,10.40
2007.05.07 14:28:21.660,2.4133,2.4137,0.80,10.40
2007.05.07 14:28:22.889,2.4133,2.4137,6.30,8.00
2007.05.07 14:28:23.297,2.4133,2.4135,10.10,0.80
2007.05.07 14:28:23.705,2.4133,2.4137,10.10,4.00
2007.05.07 14:28:24.870,2.4133,2.4137,10.10,4.80
2007.05.07 14:28:25.486,2.4133,2.4137,4.60,7.20
2007.05.07 14:28:25.802,2.4133,2.4137,0.80,11.20
2007.05.07 14:28:27.426,2.4133,2.4137,6.30,8.80
2007.05.07 14:28:27.913,2.4133,2.4137,10.10,4.80
2007.05.07 14:28:29.066,2.4133,2.4137,10.10,4.00
2007.05.07 14:28:29.426,2.4133,2.4137,10.10,6.40
2007.05.07 14:28:29.644,2.4133,2.4137,0.80,16.70
2007.05.07 14:28:30.615,2.4133,2.4137,0.80,15.90
2007.05.07 14:28:30.954,2.4133,2.4137,4.60,12.70
2007.05.07 14:28:31.456,2.4133,2.4137,4.60,4.00
2007.05.07 14:28:32.575,2.4133,2.4137,4.60,4.80
2007.05.07 14:28:33.083,2.4133,2.4137,4.60,4.00
2007.05.07 14:28:33.561,2.4133,2.4138,14.10,10.40
2007.05.07 14:28:34.403,2.4133,2.4137,8.60,2.40
2007.05.07 14:28:35.212,2.4133,2.4137,4.80,4.00
2007.05.07 14:28:35.421,2.4133,2.4137,10.30,4.00
2007.05.07 14:28:35.778,2.4135,2.4138,4.00,6.40
2007.05.07 14:28:44.403,2.4135,2.4137,4.00,2.40
2007.05.07 14:28:44.617,2.4133,2.4137,4.80,6.40
2007.05.07 14:28:44.721,2.4133,2.4137,4.80,0.60
2007.05.07 14:28:44.937,2.4133,2.4138,8.60,10.40
2007.05.07 14:28:45.790,2.4133,2.4137,4.80,0.60
2007.05.07 14:28:46.807,2.4133,2.4138,14.10,0.70
2007.05.07 14:28:47.610,2.4135,2.4138,4.00,0.80
2007.05.07 14:28:48.171,2.4135,2.414,4.00,16.40
2007.05.07 14:28:50.514,2.4135,2.414,4.00,15.60
2007.05.07 14:28:52.576,2.4135,2.4139,4.00,8.00
2007.05.07 14:28:53.579,2.4135,2.414,4.00,15.60
2007.05.07 14:28:54.013,2.4135,2.414,4.00,23.40
2007.05.07 14:28:54.588,2.4136,2.4139,0.80,0.50
2007.05.07 14:28:54.822,2.4134,2.4139,4.60,16.70
2007.05.07 14:28:56.019,2.4134,2.4139,3.80,11.20
2007.05.07 14:28:56.520,2.4133,2.4138,18.90,0.70
2007.05.07 14:28:56.754,2.4134,2.4139,3.80,12.00
2007.05.07 14:28:59.583,2.4134,2.4139,4.60,11.20
2007.05.07 14:29:00.528,2.4134,2.4139,3.80,11.20
2007.05.07 14:29:01.770,2.4134,2.4138,3.80,0.70
2007.05.07 14:29:04.604,2.4135,2.4139,2.40,10.80
2007.05.07 14:29:05.603,2.4135,2.4138,2.40,0.80
2007.05.07 14:29:07.463,2.4135,2.4138,2.40,0.90
2007.05.07 14:29:09.539,2.4136,2.4139,0.80,10.80
2007.05.07 14:29:09.901,2.4133,2.4138,18.10,0.70
2007.05.07 14:29:12.080,2.4134,2.4138,0.80,8.80
2007.05.07 14:29:12.443,2.4135,2.4138,2.40,8.80
2007.05.07 14:29:12.766,2.4135,2.4138,2.40,4.80
2007.05.07 14:29:16.141,2.4134,2.4138,3.80,4.80
2007.05.07 14:29:16.584,2.4133,2.4138,18.10,8.80
2007.05.07 14:29:18.101,2.4134,2.4138,0.80,8.80
2007.05.07 14:29:18.996,2.4133,2.4138,18.10,8.80
2007.05.07 14:29:24.389,2.4133,2.4138,13.30,11.20
2007.05.07 14:29:24.908,2.4133,2.4137,9.50,4.00
2007.05.07 14:29:25.255,2.4133,2.4138,13.30,11.20
2007.05.07 14:29:26.879,2.4133,2.4138,18.10,8.80
2007.05.07 14:29:27.117,2.4133,2.4137,6.20,4.00
2007.05.07 14:29:27.627,2.4134,2.4138,4.00,4.80
2007.05.07 14:29:29.965,2.4134,2.4138,4.00,9.60
2007.05.07 14:29:30.210,2.4134,2.4137,4.00,4.00
2007.05.07 14:29:30.574,2.4133,2.4137,3.80,4.00
2007.05.07 14:29:30.854,2.4133,2.4138,13.30,11.20
2007.05.07 14:29:31.396,2.4133,2.4138,18.10,8.80
2007.05.07 14:29:38.373,2.4133,2.4138,13.30,11.20
2007.05.07 14:29:38.632,2.4133,2.4137,9.50,4.00
2007.05.07 14:29:39.071,2.4133,2.4138,13.30,11.20
2007.05.07 14:29:54.862,2.4133,2.4137,7.80,2.40
2007.05.07 14:29:56.617,2.4134,2.4137,0.80,2.40
2007.05.07 14:29:58.591,2.4133,2.4137,7.80,2.40
2007.05.07 14:30:01.352,2.4133,2.4137,7.80,3.20
2007.05.07 14:30:02.088,2.4133,2.4135,7.80,0.80
2007.05.07 14:30:03.021,2.4135,2.4137,0.80,3.20
2007.05.07 14:30:04.593,2.4133,2.4135,7.80,0.80
2007.05.07 14:30:05.548,2.4133,2.4137,7.80,3.20
2007.05.07 14:30:12.595,2.4133,2.4136,7.80,0.80
2007.05.07 14:30:14.847,2.4133,2.4136,4.00,0.80
2007.05.07 14:30:15.097,2.4133,2.4135,4.00,0.80
2007.05.07 14:30:16.015,2.4133,2.4136,4.00,0.80
2007.05.07 14:30:17.715,2.4133,2.4136,7.80,0.80
2007.05.07 14:30:18.931,2.4133,2.4136,4.00,0.80
2007.05.07 14:30:20.219,2.4133,2.4135,4.00,0.80
2007.05.07 14:30:20.550,2.4132,2.4135,6.20,0.80
2007.05.07 14:30:21.510,2.4132,2.4135,3.80,0.80
2007.05.07 14:30:21.731,2.4131,2.4135,15.70,0.80
2007.05.07 14:30:23.402,2.4131,2.4135,4.00,4.80
2007.05.07 14:30:23.957,2.4131,2.4135,7.80,0.80
2007.05.07 14:30:26.122,2.4131,2.4134,7.80,0.80
2007.05.07 14:30:26.568,2.4131,2.4135,7.80,0.80
2007.05.07 14:30:27.006,2.4131,2.4134,7.80,0.80
2007.05.07 14:30:28.955,2.4131,2.4135,7.80,0.80
2007.05.07 14:30:29.968,2.4131,2.4136,7.80,10.40
2007.05.07 14:30:31.335,2.4131,2.4134,7.80,0.80
2007.05.07 14:30:31.637,2.4131,2.4134,4.00,0.80
2007.05.07 14:30:32.332,2.4131,2.4133,4.00,0.80
2007.05.07 14:30:33.069,2.4131,2.4135,4.00,4.00
2007.05.07 14:30:48.605,2.4131,2.4136,7.80,11.20
2007.05.07 14:30:52.677,2.4131,2.4136,10.20,11.20
2007.05.07 14:30:52.890,2.4131,2.4136,18.10,9.60
2007.05.07 14:30:53.650,2.4133,2.4136,4.00,5.60
2007.05.07 14:30:54.113,2.4133,2.4134,4.00,0.80
2007.05.07 14:30:54.414,2.4133,2.4136,4.00,1.60
2007.05.07 14:30:55.502,2.4133,2.4136,4.00,0.80
2007.05.07 14:31:05.631,2.4133,2.4136,7.80,0.80
2007.05.07 14:31:06.093,2.4133,2.4136,4.00,0.80
2007.05.07 14:31:08.578,2.4133,2.4135,4.00,0.80
2007.05.07 14:31:09.335,2.4133,2.4136,4.00,0.80
2007.05.07 14:31:10.040,2.4133,2.4135,4.00,0.80
2007.05.07 14:31:10.331,2.4132,2.4135,10.20,0.80
2007.05.07 14:31:11.080,2.4132,2.4136,10.20,0.80
2007.05.07 14:31:12.630,2.4132,2.4135,10.20,0.80
2007.05.07 14:31:13.099,2.4132,2.4136,10.20,0.80
2007.05.07 14:31:19.763,2.4132,2.4136,1.10,4.80
2007.05.07 14:31:23.378,2.4131,2.4135,18.10,0.80
2007.05.07 14:31:24.671,2.4132,2.4136,2.10,4.80
2007.05.07 14:31:25.426,2.4131,2.4134,6.00,0.80
2007.05.07 14:31:26.968,2.413,2.4134,12.60,0.80
2007.05.07 14:31:28.972,2.413,2.4134,11.80,0.80
2007.05.07 14:31:34.024,2.4131,2.4134,1.50,0.80
2007.05.07 14:31:34.456,2.4129,2.4134,16.50,4.80
2007.05.07 14:31:35.469,2.4132,2.4134,0.80,0.80
2007.05.07 14:31:36.266,2.4132,2.4134,0.70,0.80
2007.05.07 14:31:36.494,2.4131,2.4134,8.60,0.80
2007.05.07 14:31:48.123,2.4132,2.4135,0.80,1.60
2007.05.07 14:31:49.740,2.4133,2.4135,4.00,1.60
2007.05.07 14:31:50.146,2.4132,2.4135,8.60,1.60
2007.05.07 14:31:50.393,2.4132,2.4135,4.00,0.80
2007.05.07 14:31:50.624,2.4131,2.4135,0.80,8.80
2007.05.07 14:31:50.892,2.4132,2.4135,0.80,8.80
2007.05.07 14:31:51.381,2.4131,2.4135,3.20,8.80
2007.05.07 14:31:51.629,2.4131,2.4135,7.00,4.80
2007.05.07 14:31:52.113,2.4131,2.4135,0.80,8.80
2007.05.07 14:31:52.563,2.4131,2.4135,4.60,4.80
2007.05.07 14:31:53.102,2.4131,2.4135,4.60,5.60
2007.05.07 14:31:53.525,2.4131,2.4135,4.60,4.80
2007.05.07 14:31:54.404,2.4132,2.4135,0.80,4.80
2007.05.07 14:31:54.723,2.4132,2.4135,4.80,0.80
2007.05.07 14:31:54.944,2.4132,2.4135,4.00,4.80
2007.05.07 14:31:55.463,2.4132,2.4135,1.20,4.80
2007.05.07 14:31:55.630,2.4131,2.4135,0.80,8.80
2007.05.07 14:31:59.613,2.4131,2.4134,0.80,0.80
2007.05.07 14:32:01.116,2.413,2.4135,11.00,8.80
2007.05.07 14:32:03.495,2.413,2.4133,20.40,0.80
2007.05.07 14:32:06.056,2.413,2.4134,20.40,0.80
2007.05.07 14:32:19.642,2.4129,2.4134,22.90,0.80
2007.05.07 14:32:24.854,2.413,2.4135,12.60,9.60
2007.05.07 14:32:25.108,2.413,2.4135,12.60,8.80
2007.05.07 14:32:25.386,2.4131,2.4135,7.90,8.80
2007.05.07 14:32:25.653,2.4131,2.4135,11.70,4.80
2007.05.07 14:32:26.825,2.4132,2.4135,3.80,4.80
2007.05.07 14:32:27.480,2.4131,2.4135,14.10,4.80
2007.05.07 14:32:27.849,2.4133,2.4135,5.50,0.80
2007.05.07 14:32:31.387,2.4132,2.4135,7.80,0.80
2007.05.07 14:32:35.503,2.4132,2.4135,8.60,0.80
2007.05.07 14:32:38.498,2.4132,2.4135,7.80,0.80
2007.05.07 14:32:38.714,2.4132,2.4136,7.80,2.80
2007.05.07 14:32:50.961,2.4132,2.4134,4.00,0.80
2007.05.07 14:32:51.696,2.4131,2.4134,14.10,0.80
2007.05.07 14:32:55.140,2.4132,2.4135,3.80,6.80
2007.05.07 14:32:55.590,2.4133,2.4135,0.80,2.80
2007.05.07 14:32:56.616,2.4132,2.4135,7.80,2.80
2007.05.07 14:32:58.090,2.4133,2.4134,0.80,0.80
2007.05.07 14:32:59.064,2.4132,2.4134,7.80,0.80
2007.05.07 14:33:00.750,2.4132,2.4136,7.80,3.60
2007.05.07 14:33:00.977,2.4132,2.4136,7.80,3.60
2007.05.07 14:33:02.956,2.4132,2.4134,7.80,0.80
2007.05.07 14:33:03.855,2.4132,2.4134,4.00,0.80
2007.05.07 14:33:06.001,2.4132,2.4135,7.80,3.60
2007.05.07 14:33:06.596,2.4132,2.4134,7.80,0.80
2007.05.07 14:33:07.239,2.4132,2.4134,7.80,1.60
2007.05.07 14:33:07.468,2.4132,2.4134,7.80,0.80
2007.05.07 14:33:07.897,2.4132,2.4135,7.80,1.60
2007.05.07 14:33:09.019,2.4132,2.4135,7.80,0.80
2007.05.07 14:33:10.355,2.4132,2.4134,7.80,0.80
2007.05.07 14:33:11.567,2.4131,2.4134,14.10,0.80
2007.05.07 14:33:13.471,2.4132,2.4134,7.80,0.80
2007.05.07 14:33:16.005,2.4133,2.4134,2.40,0.80
2007.05.07 14:33:16.245,2.4133,2.4134,10.20,0.80
2007.05.07 14:33:18.079,2.4133,2.4134,4.00,0.80
2007.05.07 14:33:18.530,2.4132,2.4134,3.80,0.80
2007.05.07 14:33:20.224,2.4132,2.4134,4.60,0.80
2007.05.07 14:33:20.580,2.4132,2.4134,3.80,0.80
2007.05.07 14:33:22.516,2.4132,2.4134,6.20,0.80
2007.05.07 14:33:22.967,2.4132,2.4134,3.80,0.80
2007.05.07 14:33:23.955,2.4131,2.4134,18.10,0.80
2007.05.07 14:33:24.422,2.4132,2.4134,1.40,0.80
2007.05.07 14:33:25.279,2.4132,2.4135,4.60,0.80
2007.05.07 14:33:25.607,2.4132,2.4135,3.80,0.80
2007.05.07 14:33:26.094,2.4134,2.4135,0.80,0.80
2007.05.07 14:33:27.785,2.4132,2.4135,4.60,0.80
2007.05.07 14:33:28.076,2.4132,2.4136,3.80,4.80
2007.05.07 14:33:28.985,2.4133,2.4136,3.80,4.80
2007.05.07 14:33:29.408,2.4133,2.4136,3.80,4.00
2007.05.07 14:33:29.829,2.4133,2.4137,7.80,1.60
2007.05.07 14:33:30.084,2.4133,2.4137,7.80,2.40
2007.05.07 14:33:31.954,2.4133,2.4137,7.80,1.60
2007.05.07 14:33:41.882,2.4133,2.4136,7.80,0.80
2007.05.07 14:33:43.223,2.4133,2.4135,7.80,0.80
2007.05.07 14:33:44.247,2.4132,2.4135,8.60,0.80
2007.05.07 14:33:51.784,2.4132,2.4133,8.60,0.80
2007.05.07 14:33:53.476,2.4132,2.4133,7.80,0.80
2007.05.07 14:33:53.788,2.4132,2.4133,3.80,0.80
2007.05.07 14:33:54.095,2.4131,2.4133,0.80,0.80
2007.05.07 14:33:56.121,2.4131,2.4134,0.80,0.80
2007.05.07 14:33:57.639,2.4131,2.4134,0.80,1.60
2007.05.07 14:33:59.074,2.413,2.4134,10.20,0.80
2007.05.07 14:34:03.602,2.413,2.4133,10.20,0.80
2007.05.07 14:34:06.406,2.413,2.4134,10.20,0.80
2007.05.07 14:34:10.256,2.413,2.4133,10.20,0.80
2007.05.07 14:34:10.520,2.413,2.4133,10.20,1.60
2007.05.07 14:34:11.610,2.413,2.4133,10.20,0.80
2007.05.07 14:34:23.201,2.413,2.4133,11.00,0.80
2007.05.07 14:34:26.869,2.413,2.4133,8.60,0.80
2007.05.07 14:34:28.510,2.413,2.4133,7.80,0.80
2007.05.07 14:34:28.737,2.413,2.4133,4.00,0.80
2007.05.07 14:34:29.576,2.413,2.4132,4.00,0.80
2007.05.07 14:34:30.233,2.4131,2.4132,0.80,0.80
2007.05.07 14:34:31.196,2.4131,2.4133,0.80,0.80
2007.05.07 14:34:33.491,2.4131,2.4133,0.80,1.60
2007.05.07 14:34:33.767,2.4131,2.4134,0.80,3.60
2007.05.07 14:34:33.792,2.413,2.4133,3.80,0.70
2007.05.07 14:34:34.069,2.4129,2.4133,8.60,0.80
2007.05.07 14:34:34.739,2.4129,2.4133,8.60,0.60
2007.05.07 14:34:35.583,2.4129,2.4133,8.60,0.80
2007.05.07 14:34:36.281,2.4129,2.4134,8.60,0.60
2007.05.07 14:34:36.540,2.4129,2.4134,8.60,10.40
2007.05.07 14:34:37.035,2.4129,2.4134,8.60,10.40
2007.05.07 14:34:37.688,2.4129,2.4134,8.60,0.50
2007.05.07 14:34:38.330,2.4129,2.4135,9.40,17.50
2007.05.07 14:34:39.896,2.4129,2.4134,8.60,0.50
2007.05.07 14:34:42.410,2.4129,2.4135,9.40,17.50
2007.05.07 14:34:43.366,2.4129,2.4135,8.60,19.50
2007.05.07 14:34:50.825,2.4129,2.4134,8.60,9.60
2007.05.07 14:35:13.391,2.4129,2.4132,8.60,0.80
2007.05.07 14:35:15.432,2.4129,2.4133,8.60,0.80
2007.05.07 14:35:17.118,2.4128,2.4133,11.00,0.80
2007.05.07 14:35:26.877,2.4128,2.4133,7.00,0.80
2007.05.07 14:35:34.563,2.4128,2.4134,7.80,11.90
2007.05.07 14:35:36.261,2.4128,2.4134,7.80,6.40
2007.05.07 14:35:40.303,2.4128,2.4133,7.00,0.80
2007.05.07 14:35:58.571,2.4128,2.4134,7.00,5.60
2007.05.07 14:35:59.016,2.4129,2.4134,1.20,4.80
2007.05.07 14:35:59.530,2.4128,2.4132,7.00,0.80
2007.05.07 14:36:01.869,2.4129,2.4133,2.30,0.80
2007.05.07 14:36:13.067,2.4129,2.4133,4.60,1.60
2007.05.07 14:36:15.606,2.4129,2.4133,4.60,0.80
2007.05.07 14:36:25.206,2.4129,2.4133,5.40,0.80
2007.05.07 14:36:32.676,2.4129,2.4133,4.60,0.80
2007.05.07 14:36:33.112,2.4129,2.4132,0.80,4.00
2007.05.07 14:36:51.836,2.4129,2.4132,0.80,4.80
2007.05.07 14:36:52.967,2.4128,2.4132,3.80,5.60
2007.05.07 14:36:53.202,2.4127,2.4132,8.60,9.60
2007.05.07 14:36:53.678,2.4127,2.413,4.60,4.00
2007.05.07 14:36:55.490,2.4127,2.413,0.80,4.00
2007.05.07 14:37:05.428,2.4127,2.413,1.60,4.00
2007.05.07 14:37:13.783,2.4127,2.413,0.80,4.00
2007.05.07 14:37:18.254,2.4127,2.4131,8.60,1.60
2007.05.07 14:37:20.317,2.4127,2.4131,8.60,0.80
2007.05.07 14:37:24.312,2.4127,2.4131,4.80,4.80
2007.05.07 14:37:26.185,2.4127,2.4131,5.60,4.80
2007.05.07 14:37:26.612,2.4127,2.4131,4.80,4.80
2007.05.07 14:37:50.025,2.4127,2.413,4.80,0.80
2007.05.07 14:37:52.280,2.4127,2.413,4.80,1.60
2007.05.07 14:37:55.299,2.4127,2.413,4.80,0.80
2007.05.07 14:37:55.832,2.4127,2.4131,4.80,4.80
2007.05.07 14:38:05.521,2.4127,2.4129,4.80,0.80
2007.05.07 14:38:06.012,2.4127,2.413,4.80,0.80
2007.05.07 14:38:08.094,2.4127,2.4131,4.80,4.80
2007.05.07 14:38:09.588,2.4127,2.413,4.80,0.80
2007.05.07 14:38:18.631,2.4127,2.4131,4.80,4.80
2007.05.07 14:38:25.048,2.4127,2.413,4.80,0.80
2007.05.07 14:38:38.344,2.4127,2.413,4.80,4.00
2007.05.07 14:38:38.584,2.4127,2.413,0.80,8.00
2007.05.07 14:38:41.876,2.4127,2.413,0.80,8.80
2007.05.07 14:38:42.424,2.4125,2.413,8.60,12.00
2007.05.07 14:38:42.825,2.4125,2.4129,4.80,4.00
2007.05.07 14:38:45.166,2.4125,2.4129,4.80,4.80
2007.05.07 14:38:45.695,2.4125,2.4129,4.80,4.00
2007.05.07 14:38:47.030,2.4125,2.4129,6.40,4.00
2007.05.07 14:38:48.343,2.4125,2.413,6.40,12.80
2007.05.07 14:38:53.624,2.4125,2.413,10.20,0.50
2007.05.07 14:38:55.042,2.4125,2.4129,10.20,0.80
2007.05.07 14:38:57.988,2.4127,2.413,2.40,10.80
2007.05.07 14:38:58.898,2.4125,2.4129,10.20,0.80
2007.05.07 14:39:01.097,2.4125,2.413,11.00,11.60
2007.05.07 14:39:01.516,2.4125,2.4129,10.20,0.80
2007.05.07 14:39:06.355,2.4125,2.413,10.20,0.90
2007.05.07 14:39:09.449,2.4125,2.413,11.00,0.60
2007.05.07 14:39:09.857,2.4126,2.413,4.00,0.60
2007.05.07 14:39:12.320,2.4126,2.4131,4.00,10.40
2007.05.07 14:39:21.006,2.4126,2.4131,4.00,13.20
2007.05.07 14:39:30.439,2.4125,2.4129,7.00,0.70
2007.05.07 14:39:30.645,2.4125,2.4129,0.80,0.50
2007.05.07 14:39:31.629,2.4124,2.4129,8.60,0.90
2007.05.07 14:39:31.967,2.4125,2.413,4.00,11.20
2007.05.07 14:39:33.115,2.4125,2.413,4.00,9.60
2007.05.07 14:39:33.415,2.4125,2.4127,7.80,0.80
2007.05.07 14:39:34.053,2.4125,2.413,7.80,8.80
2007.05.07 14:39:34.699,2.4125,2.4129,8.60,0.70
2007.05.07 14:39:35.104,2.4125,2.413,7.80,8.80
2007.05.07 14:39:36.644,2.4125,2.4129,7.80,0.90
2007.05.07 14:39:37.119,2.4125,2.413,7.80,8.80
2007.05.07 14:39:37.442,2.4125,2.413,8.60,8.00
2007.05.07 14:39:39.653,2.4125,2.4129,8.60,4.80
2007.05.07 14:39:40.019,2.4125,2.4129,8.60,4.00
2007.05.07 14:39:41.009,2.4125,2.4129,9.40,4.00
2007.05.07 14:39:44.594,2.4126,2.4129,0.80,4.00
2007.05.07 14:39:45.095,2.4125,2.4129,8.60,4.00
2007.05.07 14:39:51.833,2.4125,2.4129,7.00,4.00
2007.05.07 14:39:52.119,2.4125,2.4128,3.20,0.80
2007.05.07 14:39:52.523,2.4125,2.4129,7.00,4.80
2007.05.07 14:39:52.956,2.4125,2.4129,6.20,4.80
2007.05.07 14:39:53.609,2.4125,2.413,6.20,8.80
2007.05.07 14:39:55.834,2.4125,2.4129,6.20,4.80
2007.05.07 14:39:56.710,2.4125,2.413,6.20,8.80
2007.05.07 14:39:58.016,2.4125,2.413,6.20,9.60
2007.05.07 14:39:58.468,2.4125,2.4129,7.00,0.60
2007.05.07 14:39:59.113,2.4125,2.4127,7.00,0.80
2007.05.07 14:39:59.498,2.4125,2.413,6.20,9.60
2007.05.07 14:39:59.754,2.4125,2.4129,7.00,0.50
2007.05.07 14:40:00.019,2.4125,2.4129,7.00,4.80
2007.05.07 14:40:02.051,2.4125,2.413,3.20,13.20
2007.05.07 14:40:03.872,2.4127,2.413,3.20,10.80
2007.05.07 14:40:06.193,2.4124,2.413,10.20,11.60
2007.05.07 14:40:06.610,2.4124,2.413,10.20,11.60
2007.05.07 14:40:07.394,2.4124,2.413,10.20,10.80
2007.05.07 14:40:08.124,2.4124,2.413,10.20,11.60
2007.05.07 14:40:09.011,2.4127,2.4129,3.20,0.90
2007.05.07 14:40:09.215,2.4127,2.413,3.20,11.60
2007.05.07 14:40:09.687,2.4127,2.413,3.20,2.80
2007.05.07 14:40:11.545,2.4127,2.4129,3.20,0.50
2007.05.07 14:40:12.741,2.4127,2.413,3.20,2.80
2007.05.07 14:40:13.519,2.4127,2.413,4.00,2.80
2007.05.07 14:40:15.383,2.4127,2.413,3.20,2.80
2007.05.07 14:40:15.603,2.4127,2.413,4.00,2.80
2007.05.07 14:40:15.896,2.4127,2.4129,3.20,0.80
2007.05.07 14:40:16.343,2.4126,2.4129,4.00,0.80
2007.05.07 14:40:16.639,2.4125,2.413,7.00,10.80
2007.05.07 14:40:18.000,2.4125,2.413,3.20,13.20
2007.05.07 14:40:21.375,2.4125,2.413,3.20,21.10
2007.05.07 14:40:21.724,2.4125,2.4127,3.20,0.50
2007.05.07 14:40:22.313,2.4125,2.4127,3.20,3.70
2007.05.07 14:40:22.546,2.4125,2.4129,3.20,12.70
2007.05.07 14:40:22.735,2.4125,2.413,3.20,17.90
2007.05.07 14:40:23.155,2.4125,2.4129,4.00,12.70
2007.05.07 14:40:24.087,2.4125,2.4128,3.20,0.80
2007.05.07 14:40:25.813,2.4125,2.4128,3.20,4.80
2007.05.07 14:40:28.071,2.4125,2.4126,3.20,0.80
2007.05.07 14:40:28.521,2.4125,2.4128,3.20,4.00
2007.05.07 14:40:29.756,2.4125,2.4129,3.20,12.70
2007.05.07 14:40:34.545,2.4125,2.4128,3.20,0.80
2007.05.07 14:40:37.135,2.4125,2.4129,3.20,12.70
2007.05.07 14:40:38.181,2.4125,2.4126,3.20,0.80
2007.05.07 14:40:39.050,2.4125,2.4129,3.20,11.90
2007.05.07 14:40:40.899,2.4125,2.4129,1.70,11.90
2007.05.07 14:40:41.450,2.4124,2.4129,7.80,12.70
2007.05.07 14:40:42.070,2.4125,2.4128,1.80,3.70
2007.05.07 14:40:45.382,2.4124,2.4128,9.40,3.70
2007.05.07 14:40:46.025,2.4124,2.4128,5.60,7.70
2007.05.07 14:40:47.527,2.4125,2.4128,4.80,7.70
2007.05.07 14:40:47.736,2.4126,2.4128,2.30,4.00
2007.05.07 14:40:48.175,2.4125,2.4129,8.80,4.00
2007.05.07 14:40:49.590,2.4125,2.4129,1.40,4.80
2007.05.07 14:40:50.092,2.4125,2.4129,3.00,4.80
2007.05.07 14:40:50.554,2.4124,2.4129,15.80,4.00
2007.05.07 14:40:51.172,2.4125,2.4129,2.70,4.80
2007.05.07 14:40:51.683,2.4125,2.4129,4.00,4.00
2007.05.07 14:40:52.120,2.4124,2.4129,15.40,4.00
2007.05.07 14:40:52.655,2.4125,2.4129,9.60,4.00
2007.05.07 14:40:54.592,2.4126,2.413,1.50,8.50
2007.05.07 14:40:55.131,2.4125,2.413,13.40,7.70
2007.05.07 14:40:56.055,2.4125,2.413,13.40,4.00
2007.05.07 14:40:56.952,2.4126,2.413,3.20,4.80
2007.05.07 14:40:58.979,2.4125,2.413,13.40,4.00
2007.05.07 14:40:59.334,2.4126,2.4129,4.10,4.00
2007.05.07 14:40:59.554,2.4126,2.4129,0.90,8.00
2007.05.07 14:41:00.304,2.4125,2.4129,9.40,4.00
2007.05.07 14:41:03.629,2.4125,2.4128,9.40,4.00
2007.05.07 14:41:17.659,2.4127,2.4128,0.80,4.00
2007.05.07 14:41:18.074,2.4126,2.4128,4.00,4.00
2007.05.07 14:41:22.084,2.4128,2.413,0.80,4.00
2007.05.07 14:41:24.038,2.4128,2.4131,0.80,4.80
2007.05.07 14:41:24.739,2.4128,2.413,0.80,4.00
2007.05.07 14:41:25.916,2.4128,2.413,0.80,4.80
2007.05.07 14:41:26.906,2.4126,2.413,7.80,4.80
2007.05.07 14:41:34.027,2.4126,2.4128,7.80,0.80
2007.05.07 14:41:36.109,2.4126,2.4129,7.80,0.80
2007.05.07 14:41:36.561,2.4126,2.413,3.80,4.80
2007.05.07 14:41:37.528,2.4125,2.413,19.70,8.80
2007.05.07 14:41:37.825,2.4125,2.4129,15.90,4.00
2007.05.07 14:41:41.131,2.4125,2.4129,15.90,4.80
2007.05.07 14:41:44.093,2.4125,2.4129,15.90,4.00
2007.05.07 14:41:46.447,2.4125,2.4129,8.00,4.00
2007.05.07 14:41:46.688,2.4125,2.4128,8.00,4.00
2007.05.07 14:41:50.597,2.4125,2.4126,8.00,0.80
2007.05.07 14:41:52.522,2.4125,2.4128,8.00,4.80
2007.05.07 14:41:52.927,2.4125,2.4127,4.00,4.00
2007.05.07 14:41:53.599,2.4123,2.4128,18.10,8.80
2007.05.07 14:41:56.581,2.4124,2.4128,4.00,8.00
2007.05.07 14:41:57.586,2.4123,2.4128,18.10,8.00
2007.05.07 14:42:01.546,2.4124,2.4128,4.00,8.00
2007.05.07 14:42:01.929,2.4124,2.4128,7.80,4.00
2007.05.07 14:42:09.118,2.4124,2.4128,3.80,4.00
2007.05.07 14:42:09.469,2.4123,2.4128,18.10,8.00
2007.05.07 14:42:10.305,2.4123,2.4127,13.50,4.00
2007.05.07 14:42:12.148,2.4124,2.4127,4.00,4.00
2007.05.07 14:42:13.324,2.4124,2.4128,4.00,8.00
2007.05.07 14:42:16.082,2.4123,2.4128,17.30,8.00
2007.05.07 14:42:16.410,2.4123,2.4127,14.10,4.00
2007.05.07 14:42:16.994,2.4123,2.4127,10.30,8.00
2007.05.07 14:42:17.727,2.4123,2.4127,9.50,8.00
2007.05.07 14:42:17.961,2.4123,2.4127,7.10,8.00
2007.05.07 14:42:24.628,2.4125,2.4127,0.80,4.00
2007.05.07 14:42:26.127,2.4123,2.4127,10.90,4.00
2007.05.07 14:42:26.763,2.4123,2.4128,14.90,9.60
2007.05.07 14:42:27.598,2.4126,2.4128,0.80,8.80
2007.05.07 14:42:28.024,2.4124,2.4127,1.60,0.80
2007.05.07 14:42:28.229,2.4124,2.4127,5.40,0.80
2007.05.07 14:42:28.456,2.4124,2.4127,1.60,0.80
2007.05.07 14:42:29.189,2.4123,2.4127,13.30,4.80
2007.05.07 14:42:29.646,2.4123,2.4127,13.30,5.60
2007.05.07 14:42:29.993,2.4123,2.4127,9.50,8.80
2007.05.07 14:42:30.207,2.4124,2.4127,1.60,0.80
2007.05.07 14:42:30.581,2.4125,2.4127,0.80,0.80
2007.05.07 14:42:31.116,2.4126,2.4127,0.80,0.80
2007.05.07 14:42:32.053,2.4125,2.4127,0.80,0.80
2007.05.07 14:42:32.627,2.4125,2.4128,0.80,6.80
2007.05.07 14:42:32.632,2.4124,2.4127,6.20,0.80
2007.05.07 14:42:33.621,2.4126,2.4127,0.80,0.80
2007.05.07 14:42:35.250,2.4124,2.4128,7.00,6.80
2007.05.07 14:42:36.534,2.4124,2.4128,6.20,6.80
2007.05.07 14:42:38.164,2.4124,2.4128,6.20,7.60
2007.05.07 14:42:39.178,2.4124,2.4128,2.40,11.60
2007.05.07 14:42:41.036,2.4124,2.4128,2.40,11.60
2007.05.07 14:42:45.926,2.4124,2.4128,6.40,7.60
2007.05.07 14:42:46.419,2.4124,2.4127,2.40,0.80
2007.05.07 14:42:46.642,2.4124,2.4128,6.20,7.60
2007.05.07 14:42:47.424,2.4124,2.4128,2.40,10.80
2007.05.07 14:42:50.992,2.4124,2.4129,2.40,14.80
2007.05.07 14:42:52.392,2.4123,2.4128,13.30,0.80
2007.05.07 14:42:52.733,2.4126,2.4129,2.40,13.20
2007.05.07 14:43:02.658,2.4125,2.4128,2.40,4.80
2007.05.07 14:43:03.663,2.4125,2.4127,2.40,0.80
2007.05.07 14:43:04.454,2.4125,2.4127,11.90,0.80
2007.05.07 14:43:04.819,2.4125,2.4127,2.40,0.80
2007.05.07 14:43:05.535,2.4125,2.4128,2.40,0.80
2007.05.07 14:43:06.454,2.4127,2.4128,2.40,0.80
2007.05.07 14:43:10.993,2.4127,2.4129,2.40,0.80
2007.05.07 14:43:11.291,2.4127,2.4129,11.90,0.80
2007.05.07 14:43:24.931,2.4127,2.4129,6.40,0.80
2007.05.07 14:43:26.885,2.4127,2.4129,4.00,0.80
2007.05.07 14:43:27.143,2.4127,2.4129,4.00,4.80
2007.05.07 14:43:27.685,2.4125,2.4129,11.90,4.00
2007.05.07 14:43:28.030,2.4126,2.4129,0.80,4.00
2007.05.07 14:43:28.528,2.4125,2.4129,11.90,4.00
2007.05.07 14:43:32.235,2.4125,2.4129,12.70,4.00
2007.05.07 14:43:32.735,2.4125,2.4129,11.90,4.00
2007.05.07 14:43:33.278,2.4126,2.4129,2.40,4.00
2007.05.07 14:43:33.605,2.4126,2.413,2.40,8.80
2007.05.07 14:43:37.926,2.4125,2.413,13.30,8.80
2007.05.07 14:43:41.539,2.4125,2.413,14.10,8.80
2007.05.07 14:43:42.152,2.4125,2.413,13.30,8.80
2007.05.07 14:43:45.419,2.4126,2.413,2.40,8.80
2007.05.07 14:43:47.140,2.4125,2.413,15.70,8.80
2007.05.07 14:43:48.881,2.4124,2.413,18.00,8.80
2007.05.07 14:43:49.479,2.4125,2.413,15.70,8.80
2007.05.07 14:43:50.401,2.4124,2.413,18.00,8.80
2007.05.07 14:43:52.607,2.4128,2.413,1.00,8.80
2007.05.07 14:43:53.115,2.4124,2.413,18.00,8.80
2007.05.07 14:43:55.098,2.4126,2.413,3.20,8.80
2007.05.07 14:43:55.573,2.4124,2.413,18.00,8.80
2007.05.07 14:43:57.482,2.4126,2.413,6.40,4.00
2007.05.07 14:43:58.031,2.4128,2.4131,1.40,8.80
2007.05.07 14:44:18.460,2.4128,2.4131,6.40,4.80
2007.05.07 14:44:19.270,2.4128,2.4131,6.40,0.80
2007.05.07 14:44:19.757,2.4128,2.413,6.40,0.80
2007.05.07 14:44:20.503,2.4128,2.413,2.40,0.80
2007.05.07 14:44:20.971,2.4128,2.413,4.00,0.80
2007.05.07 14:44:22.516,2.4127,2.413,8.60,0.80
2007.05.07 14:44:22.797,2.4127,2.413,4.80,0.80
2007.05.07 14:44:23.608,2.4128,2.413,0.80,0.80
2007.05.07 14:44:24.134,2.4127,2.413,4.00,0.80
2007.05.07 14:44:29.090,2.4127,2.413,4.80,0.80
2007.05.07 14:44:29.467,2.4127,2.4131,4.80,8.80
2007.05.07 14:44:30.652,2.4127,2.4131,4.00,8.80
2007.05.07 14:44:31.697,2.4127,2.4131,4.80,8.80
2007.05.07 14:44:34.003,2.4127,2.4131,10.30,8.80
2007.05.07 14:44:34.644,2.4127,2.4132,10.30,13.20
2007.05.07 14:44:34.668,2.4127,2.4132,10.30,11.20
2007.05.07 14:44:34.971,2.4128,2.4132,4.00,10.40
2007.05.07 14:44:35.526,2.4128,2.4133,4.00,10.40
2007.05.07 14:44:38.057,2.4128,2.4133,7.80,8.00
2007.05.07 14:44:44.712,2.4128,2.4133,4.00,18.30
2007.05.07 14:44:48.205,2.4128,2.4132,4.00,0.80
2007.05.07 14:44:49.539,2.4128,2.4131,4.00,1.60
2007.05.07 14:44:50.110,2.4128,2.4132,4.00,11.60
2007.05.07 14:44:51.633,2.4128,2.4132,4.00,10.80
2007.05.07 14:44:51.916,2.4127,2.4131,8.00,0.70
2007.05.07 14:44:53.483,2.4128,2.4132,8.00,6.80
2007.05.07 14:44:54.422,2.4127,2.4131,8.00,0.80
2007.05.07 14:44:55.904,2.4128,2.4131,4.00,0.80
2007.05.07 14:44:56.106,2.4128,2.4132,8.00,6.80
2007.05.07 14:45:04.369,2.4128,2.4131,8.00,4.00
2007.05.07 14:45:04.584,2.4128,2.4132,8.00,4.80
2007.05.07 14:45:05.679,2.4128,2.4132,11.80,0.80
2007.05.07 14:45:06.767,2.4128,2.4131,7.80,4.00
2007.05.07 14:45:07.485,2.4128,2.4132,7.80,4.80
2007.05.07 14:45:13.048,2.4128,2.4132,3.80,4.80
2007.05.07 14:45:13.289,2.4127,2.4132,18.10,8.80
2007.05.07 14:45:14.520,2.4127,2.4132,17.30,8.80
2007.05.07 14:45:15.865,2.4127,2.4132,18.10,8.80
2007.05.07 14:45:18.026,2.4127,2.4132,17.30,8.80
2007.05.07 14:45:20.648,2.4127,2.4132,18.10,8.80
2007.05.07 14:45:22.049,2.4127,2.4132,17.30,8.80
2007.05.07 14:45:23.100,2.4127,2.4132,17.30,9.60
2007.05.07 14:45:26.353,2.4127,2.4132,17.30,8.80
2007.05.07 14:45:27.833,2.4126,2.4132,24.40,8.80
2007.05.07 14:45:30.962,2.4128,2.4132,12.60,8.80
2007.05.07 14:45:31.200,2.4128,2.4132,16.40,4.80
2007.05.07 14:45:31.664,2.4128,2.4132,20.40,0.80
2007.05.07 14:45:38.882,2.4129,2.4132,1.40,0.80
2007.05.07 14:45:42.100,2.4129,2.4132,1.20,0.80
2007.05.07 14:45:42.515,2.4129,2.4132,1.60,0.80
2007.05.07 14:45:46.041,2.413,2.4132,1.20,0.80
2007.05.07 14:45:46.639,2.413,2.4132,0.70,0.80
2007.05.07 14:45:46.836,2.4129,2.4132,3.80,0.80
2007.05.07 14:45:47.291,2.4129,2.4132,0.50,0.80
2007.05.07 14:45:47.521,2.4129,2.4132,0.50,0.80
2007.05.07 14:45:47.745,2.4128,2.4132,22.80,0.80
2007.05.07 14:45:50.290,2.4128,2.4132,22.80,0.80
2007.05.07 14:45:50.552,2.4129,2.4132,3.40,0.80
2007.05.07 14:45:51.100,2.4129,2.4132,1.50,0.80
2007.05.07 14:45:51.603,2.4129,2.4132,2.30,0.80
2007.05.07 14:45:52.906,2.413,2.4132,7.20,0.80
2007.05.07 14:45:54.443,2.4128,2.4132,19.00,0.80
2007.05.07 14:45:54.685,2.4129,2.4132,2.40,0.80
2007.05.07 14:45:54.928,2.4128,2.4132,17.40,0.80
2007.05.07 14:45:55.141,2.4128,2.4132,10.20,0.80
2007.05.07 14:45:55.433,2.4128,2.4132,3.00,0.80
2007.05.07 14:45:58.188,2.4129,2.4132,4.00,0.80
2007.05.07 14:45:58.553,2.413,2.4132,7.80,0.80
2007.05.07 14:45:58.979,2.413,2.4133,7.80,1.60
2007.05.07 14:46:01.712,2.413,2.4133,7.80,0.80
2007.05.07 14:46:05.386,2.413,2.4133,3.80,4.80
2007.05.07 14:46:05.640,2.4128,2.4133,7.80,8.80
2007.05.07 14:46:05.998,2.4129,2.4133,9.50,8.80
2007.05.07 14:46:06.233,2.413,2.4133,3.80,4.80
2007.05.07 14:46:06.584,2.413,2.4133,7.80,0.80
2007.05.07 14:46:07.379,2.413,2.4133,4.00,0.80
2007.05.07 14:46:08.119,2.413,2.4132,4.00,0.80
2007.05.07 14:46:09.024,2.413,2.4133,4.00,0.80
2007.05.07 14:46:09.902,2.413,2.4133,4.00,4.80
2007.05.07 14:46:10.773,2.413,2.4133,4.00,0.80
2007.05.07 14:46:11.613,2.413,2.4133,4.00,1.60
2007.05.07 14:46:11.951,2.4127,2.4132,17.30,4.00
2007.05.07 14:46:12.196,2.4127,2.4132,16.50,4.00
2007.05.07 14:46:12.600,2.4128,2.4133,7.80,8.80
2007.05.07 14:46:13.146,2.4128,2.4133,8.60,8.80
2007.05.07 14:46:13.547,2.4128,2.4133,7.80,8.80
2007.05.07 14:46:14.604,2.4128,2.4133,7.80,9.60
2007.05.07 14:46:15.861,2.4128,2.4133,7.80,8.80
2007.05.07 14:46:16.637,2.4129,2.4133,4.00,8.80
2007.05.07 14:46:17.073,2.4129,2.4133,7.80,4.80
2007.05.07 14:46:17.620,2.4129,2.4133,7.80,5.60
2007.05.07 14:46:18.019,2.4129,2.4133,4.00,9.60
2007.05.07 14:46:18.490,2.4129,2.4133,4.00,8.00
2007.05.07 14:46:19.023,2.4129,2.4133,8.60,4.00
2007.05.07 14:46:19.585,2.4129,2.4133,7.80,4.00
2007.05.07 14:46:21.720,2.413,2.4133,0.80,4.00
2007.05.07 14:46:27.972,2.4131,2.4133,0.80,4.00
2007.05.07 14:46:45.619,2.4131,2.4134,4.80,4.00
2007.05.07 14:46:47.040,2.4131,2.4135,8.60,4.80
2007.05.07 14:46:48.051,2.4131,2.4135,4.80,8.00
2007.05.07 14:46:59.644,2.4131,2.4135,4.80,8.80
2007.05.07 14:47:01.280,2.4131,2.4135,10.30,8.80
2007.05.07 14:47:01.557,2.4132,2.4135,4.00,8.80
2007.05.07 14:47:01.895,2.4132,2.4135,4.00,0.80
2007.05.07 14:47:03.749,2.4132,2.4135,11.80,0.80
2007.05.07 14:47:04.145,2.4132,2.4137,11.80,9.60
2007.05.07 14:47:04.880,2.4132,2.4136,7.80,4.00
2007.05.07 14:47:05.115,2.4132,2.4135,7.80,0.80
2007.05.07 14:47:05.615,2.4132,2.4136,7.80,4.00
2007.05.07 14:47:10.087,2.4132,2.4136,7.80,4.80
2007.05.07 14:47:20.716,2.4132,2.4135,7.80,0.80
2007.05.07 14:47:21.542,2.4132,2.4136,7.80,4.80
2007.05.07 14:47:23.835,2.4132,2.4136,8.60,4.80
2007.05.07 14:47:26.767,2.4133,2.4136,7.80,4.80
2007.05.07 14:47:26.973,2.4133,2.4136,7.80,0.80
2007.05.07 14:47:27.460,2.4133,2.4136,3.80,4.00
2007.05.07 14:47:28.276,2.4133,2.4137,7.80,4.00
2007.05.07 14:47:28.604,2.4133,2.4137,7.80,4.80
2007.05.07 14:47:29.849,2.4133,2.4138,7.80,10.80
2007.05.07 14:47:31.646,2.4133,2.4138,7.80,11.60
2007.05.07 14:47:31.992,2.4135,2.4138,4.00,11.60
2007.05.07 14:47:32.208,2.4135,2.4137,4.00,5.60
2007.05.07 14:47:33.085,2.4134,2.4138,7.80,6.80
2007.05.07 14:47:34.049,2.4134,2.4138,4.00,10.80
2007.05.07 14:47:36.873,2.4134,2.4137,4.00,6.80
2007.05.07 14:47:39.820,2.4134,2.4138,4.00,11.60
2007.05.07 14:47:40.168,2.4134,2.4138,4.00,11.60
2007.05.07 14:47:41.102,2.4134,2.4137,4.00,0.70
2007.05.07 14:47:43.155,2.4134,2.4138,4.80,10.80
2007.05.07 14:47:49.821,2.4134,2.4136,4.80,0.80
2007.05.07 14:47:50.063,2.4136,2.4137,0.80,4.00
2007.05.07 14:47:52.143,2.4134,2.4137,4.00,4.80
2007.05.07 14:47:53.128,2.4134,2.4136,4.80,0.80
2007.05.07 14:47:53.614,2.4134,2.4137,4.00,4.80
2007.05.07 14:47:54.146,2.4136,2.4137,0.80,4.80
2007.05.07 14:47:58.142,2.4134,2.4137,4.80,4.80
2007.05.07 14:47:58.407,2.4134,2.4136,4.80,2.80
2007.05.07 14:47:58.965,2.4134,2.4135,0.80,0.80
2007.05.07 14:47:59.665,2.4132,2.4135,12.60,0.80
2007.05.07 14:48:00.734,2.4133,2.4135,3.80,0.80
2007.05.07 14:48:01.147,2.4132,2.4135,11.00,0.80
2007.05.07 14:48:01.423,2.4132,2.4135,8.60,0.80
2007.05.07 14:48:02.161,2.4132,2.4135,7.80,0.80
2007.05.07 14:48:02.375,2.4132,2.4134,7.80,0.80
2007.05.07 14:48:04.137,2.4132,2.4134,8.60,0.80
2007.05.07 14:48:05.249,2.4132,2.4134,7.80,0.80
2007.05.07 14:48:05.572,2.4132,2.4134,3.80,0.80
2007.05.07 14:48:05.781,2.4131,2.4134,19.70,0.80
2007.05.07 14:48:05.988,2.4132,2.4134,4.00,0.80
2007.05.07 14:48:06.045,2.4131,2.4134,19.70,0.80
2007.05.07 14:48:06.810,2.4132,2.4135,2.00,0.80
2007.05.07 14:48:07.407,2.4131,2.4135,22.10,0.80
2007.05.07 14:48:07.931,2.4131,2.4135,18.30,4.80
2007.05.07 14:48:08.190,2.4131,2.4135,22.10,0.80
2007.05.07 14:48:10.435,2.4131,2.4135,22.10,0.80
2007.05.07 14:48:11.276,2.4131,2.4135,22.10,0.80
2007.05.07 14:48:11.652,2.4131,2.4135,22.10,0.80
2007.05.07 14:48:13.688,2.4131,2.4135,22.10,0.80
2007.05.07 14:48:15.397,2.4132,2.4135,0.60,0.80
2007.05.07 14:48:15.677,2.4132,2.4135,1.90,0.80
2007.05.07 14:48:18.528,2.4131,2.4135,3.60,0.80
2007.05.07 14:48:18.883,2.4131,2.4135,4.60,0.80
2007.05.07 14:48:19.165,2.413,2.4135,11.00,0.80
2007.05.07 14:48:19.406,2.4132,2.4136,2.00,8.80
2007.05.07 14:48:20.655,2.4132,2.4135,0.70,0.80
2007.05.07 14:48:20.913,2.4131,2.4136,15.80,8.80
2007.05.07 14:48:21.704,2.4132,2.4135,2.40,0.80
2007.05.07 14:48:22.156,2.4132,2.4136,2.00,8.80
2007.05.07 14:48:23.701,2.4131,2.4135,15.80,0.80
2007.05.07 14:48:24.107,2.4131,2.4136,15.80,8.80
2007.05.07 14:48:27.959,2.413,2.4135,11.00,4.00
2007.05.07 14:48:28.574,2.4129,2.4134,22.50,4.00
2007.05.07 14:48:28.981,2.4131,2.4134,8.00,4.00
2007.05.07 14:48:29.760,2.4131,2.4136,15.80,8.80
2007.05.07 14:48:31.706,2.4132,2.4134,1.20,0.80
2007.05.07 14:48:32.305,2.4131,2.4136,15.80,8.80
2007.05.07 14:48:33.427,2.4132,2.4136,0.90,0.80
2007.05.07 14:48:41.597,2.4132,2.4135,4.00,0.80
2007.05.07 14:48:52.050,2.4132,2.4136,4.00,0.60
2007.05.07 14:48:54.211,2.4132,2.4137,4.80,21.10
2007.05.07 14:48:54.934,2.4132,2.4136,4.80,0.60
2007.05.07 14:48:55.524,2.4133,2.4137,0.80,21.10
2007.05.07 14:48:57.435,2.4132,2.4135,4.80,0.80
2007.05.07 14:48:58.929,2.4132,2.4136,0.80,18.70
2007.05.07 14:48:59.154,2.4132,2.4135,0.80,0.50
2007.05.07 14:48:59.600,2.4131,2.4135,0.80,8.80
2007.05.07 14:48:59.961,2.4132,2.4135,4.00,8.80
2007.05.07 14:49:00.653,2.4132,2.4136,4.00,19.50
2007.05.07 14:49:01.670,2.4132,2.4135,4.00,0.80
2007.05.07 14:49:02.018,2.4132,2.4134,4.00,0.80
2007.05.07 14:49:02.571,2.4132,2.4135,4.00,0.80
2007.05.07 14:49:07.053,2.4132,2.4135,4.00,1.60
2007.05.07 14:49:10.093,2.4132,2.4134,4.00,0.80
2007.05.07 14:49:14.397,2.4131,2.4135,7.80,0.80
2007.05.07 14:49:14.705,2.4132,2.4134,4.00,4.00
2007.05.07 14:49:16.426,2.4132,2.4134,4.00,4.80
2007.05.07 14:49:17.899,2.4132,2.4134,4.00,4.00
2007.05.07 14:49:24.723,2.4132,2.4134,4.00,4.80
2007.05.07 14:49:31.102,2.4132,2.4133,4.00,0.80
2007.05.07 14:49:31.652,2.4132,2.4134,4.00,4.00
2007.05.07 14:49:39.491,2.4131,2.4134,3.80,4.00
2007.05.07 14:49:39.723,2.4131,2.4135,3.80,5.60
2007.05.07 14:49:40.441,2.413,2.4134,3.80,0.60
2007.05.07 14:49:40.999,2.4132,2.4135,4.00,9.60
2007.05.07 14:49:41.313,2.4132,2.4134,4.00,0.60
2007.05.07 14:49:45.183,2.4132,2.4134,4.80,0.50
2007.05.07 14:49:48.623,2.4132,2.4135,4.80,4.80
2007.05.07 14:49:49.159,2.4132,2.4135,4.00,4.80
2007.05.07 14:49:57.489,2.4132,2.4135,8.00,2.80
2007.05.07 14:49:57.890,2.4132,2.4136,8.00,6.80
2007.05.07 14:50:00.108,2.4132,2.4135,8.00,0.80
2007.05.07 14:50:00.659,2.4132,2.4135,8.00,0.80
2007.05.07 14:50:05.794,2.4132,2.4135,4.00,0.80
2007.05.07 14:50:05.994,2.4132,2.4136,4.00,11.60
2007.05.07 14:50:06.242,2.4132,2.4135,4.00,0.80
2007.05.07 14:50:06.458,2.4131,2.4136,7.80,20.30
2007.05.07 14:50:06.675,2.4129,2.4134,12.60,0.80
2007.05.07 14:50:06.969,2.4132,2.4135,4.00,11.20
2007.05.07 14:50:07.194,2.4132,2.4135,4.00,4.80
2007.05.07 14:50:07.746,2.4132,2.4136,8.00,6.80
2007.05.07 14:50:08.282,2.4132,2.4136,11.80,2.80
2007.05.07 14:50:08.820,2.4132,2.4135,8.00,2.80
2007.05.07 14:50:09.051,2.4132,2.4135,8.00,3.60
2007.05.07 14:50:09.284,2.4132,2.4135,4.00,3.60
2007.05.07 14:50:09.850,2.4132,2.4135,4.00,2.80
2007.05.07 14:50:13.159,2.4132,2.4135,4.00,3.60
2007.05.07 14:50:13.624,2.4132,2.4134,4.00,0.80
2007.05.07 14:50:13.794,2.4132,2.4135,4.00,3.60
2007.05.07 14:50:15.040,2.4132,2.4136,4.00,11.60
2007.05.07 14:50:37.130,2.4132,2.4136,7.80,6.80
2007.05.07 14:50:37.835,2.4132,2.4135,11.80,0.50
2007.05.07 14:50:38.214,2.4132,2.4135,7.80,0.70
2007.05.07 14:50:42.653,2.4132,2.4134,7.80,0.80
2007.05.07 14:50:43.128,2.4132,2.4135,7.80,2.80
2007.05.07 14:50:43.596,2.4132,2.4135,7.80,3.60
2007.05.07 14:50:48.256,2.4132,2.4135,7.80,2.80
2007.05.07 14:50:48.588,2.4132,2.4135,7.80,0.80
2007.05.07 14:50:54.192,2.4132,2.4135,4.00,0.80
2007.05.07 14:50:56.438,2.4131,2.4135,7.80,0.80
2007.05.07 14:50:56.659,2.4131,2.4135,17.30,0.80
2007.05.07 14:50:57.490,2.4134,2.4135,3.80,0.80
2007.05.07 14:50:57.823,2.4132,2.4135,7.80,0.80
2007.05.07 14:50:58.265,2.4132,2.4136,7.80,6.80
2007.05.07 14:50:58.896,2.4132,2.4136,11.80,2.80
2007.05.07 14:50:59.380,2.4132,2.4136,7.80,2.80
2007.05.07 14:50:59.612,2.4132,2.4135,7.80,0.80
2007.05.07 14:50:59.822,2.4132,2.4135,3.80,4.80
2007.05.07 14:51:00.055,2.4131,2.4135,4.00,15.90
2007.05.07 14:51:00.563,2.4131,2.4135,4.00,8.00
2007.05.07 14:51:00.879,2.4131,2.4135,7.80,11.90
2007.05.07 14:51:01.296,2.4131,2.4135,7.80,4.00
2007.05.07 14:51:01.647,2.4131,2.4136,3.80,6.80
2007.05.07 14:51:01.853,2.4131,2.4135,3.80,4.00
2007.05.07 14:51:02.465,2.413,2.4135,15.70,8.00
2007.05.07 14:51:03.511,2.4133,2.4135,4.00,8.00
2007.05.07 14:51:03.786,2.4133,2.4136,4.00,7.60
2007.05.07 14:51:04.181,2.4133,2.4135,4.00,0.80
2007.05.07 14:51:04.457,2.4133,2.4136,4.00,5.60
2007.05.07 14:51:05.065,2.4133,2.4137,4.00,11.60
2007.05.07 14:51:05.585,2.4133,2.4135,4.00,0.80
2007.05.07 14:51:06.043,2.4133,2.4136,4.00,0.90
2007.05.07 14:51:08.441,2.4133,2.4135,4.00,0.80
2007.05.07 14:51:08.694,2.4133,2.4136,4.00,4.80
2007.05.07 14:51:09.567,2.4133,2.4136,12.60,0.80
2007.05.07 14:51:10.978,2.4133,2.4136,8.80,0.80
2007.05.07 14:51:11.186,2.4133,2.4136,8.00,0.80
2007.05.07 14:51:11.722,2.4133,2.4136,8.00,1.60
2007.05.07 14:51:12.080,2.4133,2.4136,11.80,0.80
2007.05.07 14:51:12.427,2.4133,2.4137,11.80,1.60
2007.05.07 14:51:14.351,2.4133,2.4137,7.80,5.60
2007.05.07 14:51:15.447,2.4134,2.4137,4.00,0.80
2007.05.07 14:51:15.681,2.4134,2.4137,4.00,4.80
2007.05.07 14:51:15.898,2.4134,2.4137,4.00,0.80
2007.05.07 14:51:17.648,2.4134,2.4137,4.00,1.60
2007.05.07 14:51:18.151,2.4134,2.4137,4.00,4.80
2007.05.07 14:51:18.622,2.4133,2.4137,4.00,8.80
2007.05.07 14:51:21.002,2.4133,2.4137,7.80,4.80
2007.05.07 14:51:24.940,2.4133,2.4137,3.80,4.80
2007.05.07 14:51:25.244,2.4133,2.4137,7.80,0.80
2007.05.07 14:51:25.653,2.4132,2.4136,4.60,4.00
2007.05.07 14:51:26.473,2.4132,2.4136,7.00,4.00
2007.05.07 14:51:26.704,2.4133,2.4136,3.80,4.00
2007.05.07 14:51:27.515,2.4131,2.4136,12.60,8.00
2007.05.07 14:51:28.063,2.4131,2.4136,15.00,8.00
2007.05.07 14:51:28.321,2.4133,2.4136,4.00,4.00
2007.05.07 14:51:29.536,2.4133,2.4136,4.00,4.80
2007.05.07 14:51:30.108,2.4133,2.4136,4.00,4.00
2007.05.07 14:51:30.644,2.4133,2.4136,4.00,4.80
2007.05.07 14:51:31.282,2.4133,2.4136,4.00,4.00
2007.05.07 14:51:32.062,2.4132,2.4135,3.80,4.00
2007.05.07 14:51:32.604,2.4131,2.4135,7.20,8.00
2007.05.07 14:51:32.821,2.4131,2.4135,4.80,8.00
2007.05.07 14:51:33.372,2.4133,2.4135,1.60,8.00
2007.05.07 14:51:33.725,2.4131,2.4133,2.40,4.00
2007.05.07 14:51:34.796,2.413,2.4132,2.40,4.00
2007.05.07 14:51:36.917,2.4131,2.4132,0.80,4.00
2007.05.07 14:51:37.558,2.413,2.4131,2.00,4.00
2007.05.07 14:51:38.062,2.4131,2.4132,0.80,4.00
2007.05.07 14:51:38.282,2.4129,2.4132,4.40,4.00
2007.05.07 14:51:38.490,2.4129,2.4131,2.40,4.00
2007.05.07 14:51:39.155,2.4129,2.4131,8.00,4.00
2007.05.07 14:51:39.729,2.413,2.4132,1.60,4.00
2007.05.07 14:51:40.432,2.413,2.4134,1.60,8.00
2007.05.07 14:51:40.848,2.413,2.4134,2.40,8.00
2007.05.07 14:51:42.219,2.413,2.4133,0.80,4.80
2007.05.07 14:51:42.381,2.413,2.4134,0.80,8.80
2007.05.07 14:51:42.594,2.413,2.4134,0.80,0.80
2007.05.07 14:51:44.235,2.413,2.4134,2.40,10.40
2007.05.07 14:51:45.308,2.413,2.4134,3.20,10.40
2007.05.07 14:51:45.704,2.413,2.4132,3.20,0.70
2007.05.07 14:51:46.734,2.413,2.4133,2.40,8.00
2007.05.07 14:51:47.698,2.4129,2.4133,3.20,8.00
2007.05.07 14:51:48.523,2.413,2.4134,2.40,10.40
2007.05.07 14:51:48.747,2.413,2.4132,2.40,0.80
2007.05.07 14:51:49.220,2.413,2.4133,3.20,8.00
2007.05.07 14:51:49.758,2.4129,2.4131,4.00,0.90
2007.05.07 14:51:50.333,2.413,2.4133,3.20,8.00
2007.05.07 14:51:50.999,2.413,2.4134,3.20,10.40
2007.05.07 14:51:51.502,2.4129,2.4133,3.20,0.80
2007.05.07 14:51:51.821,2.413,2.4133,3.80,0.50
2007.05.07 14:51:52.187,2.413,2.4134,3.80,4.80
2007.05.07 14:51:52.494,2.413,2.4136,7.80,16.40
2007.05.07 14:51:52.950,2.413,2.4133,4.00,0.80
2007.05.07 14:51:53.181,2.4131,2.4133,3.80,0.80
2007.05.07 14:51:54.170,2.4131,2.4134,3.80,0.80
2007.05.07 14:51:54.615,2.4131,2.4135,3.80,0.90
2007.05.07 14:51:55.683,2.4131,2.4135,7.10,0.50
2007.05.07 14:51:56.186,2.4131,2.4136,7.80,11.60
2007.05.07 14:51:56.602,2.4131,2.4135,7.80,0.50
2007.05.07 14:51:57.100,2.4131,2.4136,4.00,13.20
2007.05.07 14:52:00.036,2.4131,2.4135,4.00,0.90
2007.05.07 14:52:01.335,2.4131,2.4136,7.80,11.60
2007.05.07 14:52:01.634,2.4131,2.4135,7.80,0.60
2007.05.07 14:52:02.588,2.4133,2.4135,4.00,0.80
2007.05.07 14:52:02.854,2.4133,2.4135,4.00,0.70
2007.05.07 14:52:04.059,2.4133,2.4136,4.00,14.00
2007.05.07 14:52:04.282,2.4131,2.4133,3.50,0.80
2007.05.07 14:52:04.593,2.413,2.4133,3.80,0.70
2007.05.07 14:52:05.494,2.4131,2.4133,4.00,0.50
2007.05.07 14:52:09.652,2.413,2.4135,3.80,16.70
2007.05.07 14:52:10.294,2.4129,2.4134,8.60,8.00
2007.05.07 14:52:10.662,2.4131,2.4133,4.00,0.60
2007.05.07 14:52:20.771,2.4131,2.4133,4.80,4.00
2007.05.07 14:52:21.625,2.4131,2.4133,4.00,4.00
2007.05.07 14:52:22.845,2.4131,2.4133,0.80,4.00
2007.05.07 14:52:23.180,2.4131,2.4134,0.80,0.80
2007.05.07 14:52:23.387,2.413,2.4131,0.80,4.00
2007.05.07 14:52:26.297,2.413,2.4131,0.80,4.00
2007.05.07 14:52:27.167,2.4129,2.4131,4.80,4.00
2007.05.07 14:52:29.128,2.4129,2.4131,5.60,4.00
2007.05.07 14:52:29.615,2.4129,2.4131,4.80,4.00
2007.05.07 14:52:31.671,2.4129,2.4131,5.60,4.00
2007.05.07 14:52:32.596,2.4129,2.4131,4.80,4.00
2007.05.07 14:52:39.442,2.4129,2.4131,0.80,8.00
2007.05.07 14:52:40.371,2.4129,2.4131,4.80,8.00
2007.05.07 14:52:40.660,2.4129,2.4131,4.80,4.00
2007.05.07 14:52:46.360,2.4129,2.4131,4.80,4.80
2007.05.07 14:52:48.046,2.4129,2.4131,4.80,4.00
2007.05.07 14:52:48.347,2.4129,2.4131,4.00,4.00
2007.05.07 14:52:49.384,2.4129,2.4131,4.00,4.80
2007.05.07 14:52:50.106,2.4128,2.4129,2.40,0.80
2007.05.07 14:52:50.901,2.4129,2.4132,4.00,4.00
2007.05.07 14:52:51.130,2.4129,2.413,4.00,4.00
2007.05.07 14:52:51.710,2.4129,2.4132,8.00,4.00
2007.05.07 14:52:52.508,2.413,2.4134,3.80,4.80
2007.05.07 14:52:53.069,2.4129,2.4134,11.80,8.80
2007.05.07 14:52:53.535,2.413,2.4134,3.80,4.80
2007.05.07 14:52:54.644,2.4129,2.4133,11.80,0.80
2007.05.07 14:52:55.143,2.4129,2.4134,12.60,8.80
2007.05.07 14:52:55.373,2.413,2.4134,4.00,4.80
2007.05.07 14:52:55.866,2.413,2.4134,7.80,0.80
2007.05.07 14:52:56.132,2.413,2.4134,4.00,4.80
2007.05.07 14:52:56.992,2.4132,2.4134,3.80,0.80
2007.05.07 14:52:57.842,2.4131,2.4134,4.00,0.80
2007.05.07 14:52:58.658,2.4131,2.4133,4.00,0.80
2007.05.07 14:52:59.629,2.4131,2.4135,4.00,8.80
2007.05.07 14:53:00.170,2.4131,2.4135,4.80,8.00
2007.05.07 14:53:00.653,2.4131,2.4133,4.00,0.80
2007.05.07 14:53:01.133,2.4131,2.4134,4.00,0.80
2007.05.07 14:53:07.344,2.4131,2.4134,9.50,0.80
2007.05.07 14:53:08.901,2.4131,2.4134,13.30,0.80
2007.05.07 14:53:09.112,2.4131,2.4134,9.50,0.80
2007.05.07 14:53:13.508,2.4129,2.4133,10.30,8.00
2007.05.07 14:53:13.744,2.4131,2.4133,4.00,8.00
2007.05.07 14:53:14.116,2.4131,2.4133,4.00,4.00
2007.05.07 14:53:17.910,2.4131,2.4133,9.50,4.00
2007.05.07 14:53:18.801,2.4131,2.4135,9.50,9.60
2007.05.07 14:53:19.616,2.4131,2.4135,9.50,8.80
2007.05.07 14:53:21.834,2.4131,2.4134,9.50,0.80
2007.05.07 14:53:22.224,2.4131,2.4135,9.50,8.80
2007.05.07 14:53:23.042,2.4131,2.4135,9.50,9.60
2007.05.07 14:53:24.096,2.4131,2.4135,9.50,8.80
2007.05.07 14:53:24.522,2.4131,2.4135,9.50,9.60
2007.05.07 14:53:25.605,2.4131,2.4135,9.50,8.80
2007.05.07 14:53:28.567,2.4131,2.4133,13.30,0.80
2007.05.07 14:53:28.961,2.4131,2.4133,17.30,0.80
2007.05.07 14:53:29.946,2.4131,2.4136,17.30,10.80
2007.05.07 14:53:31.454,2.4131,2.4136,17.30,8.80
2007.05.07 14:53:40.443,2.4131,2.4135,13.50,4.00
2007.05.07 14:53:41.023,2.4131,2.4135,13.50,4.80
2007.05.07 14:53:46.118,2.4131,2.4135,13.50,4.00
2007.05.07 14:53:47.012,2.413,2.4135,24.40,4.00
2007.05.07 14:53:47.152,2.413,2.4134,24.40,0.80
2007.05.07 14:53:50.892,2.4132,2.4134,0.90,0.80
2007.05.07 14:53:51.454,2.4132,2.4134,1.80,4.80
2007.05.07 14:53:51.750,2.4131,2.4133,9.60,0.80
2007.05.07 14:53:52.440,2.4133,2.4135,5.60,4.80
2007.05.07 14:53:52.686,2.4133,2.4135,15.80,0.80
2007.05.07 14:53:53.227,2.4133,2.4136,15.80,0.80
2007.05.07 14:53:53.464,2.4134,2.4135,2.40,0.80
2007.05.07 14:53:54.020,2.4133,2.4135,4.20,0.80
2007.05.07 14:53:54.647,2.4132,2.4136,18.90,1.60
2007.05.07 14:53:55.159,2.4132,2.4136,18.90,0.80
2007.05.07 14:53:57.066,2.4133,2.4136,9.60,0.80
2007.05.07 14:53:57.747,2.4134,2.4136,0.50,4.80
2007.05.07 14:53:57.954,2.4131,2.4136,13.40,8.80
2007.05.07 14:53:58.207,2.4133,2.4134,5.60,0.80
2007.05.07 14:53:58.450,2.4133,2.4136,5.60,8.80
2007.05.07 14:53:59.483,2.4133,2.4136,5.60,4.80
2007.05.07 14:54:00.499,2.4134,2.4136,2.30,8.80
2007.05.07 14:54:03.930,2.4132,2.4136,2.20,8.80
2007.05.07 14:54:05.569,2.4132,2.4136,4.30,4.80
2007.05.07 14:54:05.884,2.4134,2.4136,2.40,4.80
2007.05.07 14:54:06.153,2.4133,2.4136,6.40,0.80
2007.05.07 14:54:06.501,2.4135,2.4136,1.20,1.60
2007.05.07 14:54:06.924,2.4133,2.4136,15.90,1.60
2007.05.07 14:54:08.251,2.4132,2.4136,14.20,0.80
2007.05.07 14:54:08.478,2.4132,2.4136,0.50,4.80
2007.05.07 14:54:09.065,2.4131,2.4136,14.20,8.80
2007.05.07 14:54:09.429,2.4133,2.4136,6.40,8.80
2007.05.07 14:54:09.743,2.4133,2.4136,6.40,4.80
2007.05.07 14:54:12.457,2.4134,2.4136,1.40,0.80
2007.05.07 14:54:13.137,2.4133,2.4135,14.20,0.80
2007.05.07 14:54:13.543,2.4133,2.4136,14.20,0.80
2007.05.07 14:54:14.035,2.4133,2.4137,14.20,2.80
2007.05.07 14:54:17.982,2.4134,2.4137,8.00,2.80
2007.05.07 14:54:19.910,2.4134,2.4136,8.00,0.80
2007.05.07 14:54:22.118,2.4134,2.4136,8.00,1.60
2007.05.07 14:54:22.614,2.4134,2.4136,8.00,0.80
2007.05.07 14:54:23.553,2.4134,2.4136,4.00,0.80
2007.05.07 14:54:24.683,2.4134,2.4136,8.00,0.80
2007.05.07 14:54:25.779,2.4134,2.4136,4.00,0.80
2007.05.07 14:54:26.403,2.4134,2.4137,4.00,6.80
2007.05.07 14:54:26.669,2.4134,2.4137,8.00,6.80
2007.05.07 14:54:27.426,2.4134,2.4137,4.00,6.80
2007.05.07 14:54:27.697,2.4132,2.4136,8.00,4.00
2007.05.07 14:54:29.442,2.4134,2.4137,4.00,10.80
2007.05.07 14:54:31.143,2.4134,2.4137,4.00,11.60
2007.05.07 14:54:31.774,2.4134,2.4137,4.00,10.80
2007.05.07 14:54:33.529,2.4134,2.4136,4.00,4.00
2007.05.07 14:54:33.857,2.4132,2.4136,8.60,4.00
2007.05.07 14:54:34.371,2.4132,2.4136,4.80,8.00
2007.05.07 14:54:35.555,2.4132,2.4136,8.00,4.00
2007.05.07 14:54:36.095,2.4132,2.4136,8.80,4.00
2007.05.07 14:54:36.666,2.4132,2.4136,8.00,4.00
2007.05.07 14:55:00.216,2.4132,2.4137,11.80,8.80
2007.05.07 14:55:01.613,2.4132,2.4136,8.00,4.00
2007.05.07 14:55:03.599,2.4132,2.4137,11.80,9.60
2007.05.07 14:55:04.152,2.4132,2.4137,11.80,8.80
2007.05.07 14:55:04.557,2.4132,2.4136,11.80,0.80
2007.05.07 14:55:05.383,2.4132,2.4137,11.80,9.60
2007.05.07 14:55:07.955,2.4132,2.4136,8.00,4.00
2007.05.07 14:55:08.669,2.4132,2.4135,4.00,4.00
2007.05.07 14:55:09.411,2.4132,2.4137,11.80,8.80
2007.05.07 14:55:10.776,2.4132,2.4137,11.80,9.60
2007.05.07 14:55:11.638,2.4132,2.4137,11.80,8.80
2007.05.07 14:55:21.627,2.4133,2.4137,3.80,4.80
2007.05.07 14:55:22.057,2.4132,2.4137,11.80,8.80
2007.05.07 14:55:24.126,2.4132,2.4137,12.60,8.80
2007.05.07 14:55:24.613,2.4132,2.4137,11.80,8.80
2007.05.07 14:55:26.224,2.4133,2.4137,9.50,4.80
2007.05.07 14:55:32.993,2.4133,2.4137,4.00,4.80
2007.05.07 14:55:33.536,2.4133,2.4137,4.00,6.80
2007.05.07 14:55:33.830,2.4133,2.4137,9.50,4.00
2007.05.07 14:55:35.541,2.4133,2.4137,4.00,4.00
2007.05.07 14:55:36.556,2.4134,2.4137,4.00,4.00
2007.05.07 14:55:37.044,2.4133,2.4137,9.50,4.80
2007.05.07 14:55:37.485,2.4133,2.4137,5.50,9.60
2007.05.07 14:55:37.693,2.4133,2.4137,5.50,8.80
2007.05.07 14:55:42.484,2.4132,2.4136,8.00,4.00
2007.05.07 14:55:44.261,2.4132,2.4136,8.00,4.80
2007.05.07 14:55:46.193,2.4132,2.4135,8.00,0.80
2007.05.07 14:55:46.624,2.4132,2.4135,8.00,1.60
2007.05.07 14:55:47.105,2.4132,2.4135,8.00,0.80
2007.05.07 14:55:52.938,2.4132,2.4134,8.00,0.80
2007.05.07 14:55:53.372,2.4132,2.4134,8.00,1.60
2007.05.07 14:55:53.965,2.4132,2.4134,11.80,1.60
2007.05.07 14:55:54.297,2.4132,2.4134,11.80,0.80
2007.05.07 14:55:55.658,2.4132,2.4135,11.80,1.60
2007.05.07 14:55:56.186,2.4132,2.4136,11.80,2.80
2007.05.07 14:55:57.168,2.4133,2.4136,5.50,2.80
2007.05.07 14:56:00.559,2.4132,2.4136,14.20,2.80
2007.05.07 14:56:02.072,2.4133,2.4135,4.00,0.80
2007.05.07 14:56:02.293,2.4133,2.4135,9.50,0.80
2007.05.07 14:56:05.619,2.4133,2.4136,4.00,2.80
2007.05.07 14:56:06.364,2.4132,2.4136,11.80,2.80
2007.05.07 14:56:11.830,2.4133,2.4136,4.00,2.80
2007.05.07 14:56:17.311,2.4133,2.4135,4.00,0.70
2007.05.07 14:56:17.549,2.4131,2.4135,11.80,0.80
2007.05.07 14:56:19.410,2.4131,2.4136,17.30,10.80
2007.05.07 14:56:22.364,2.4132,2.4136,4.00,10.80
2007.05.07 14:56:23.142,2.4132,2.4135,4.00,0.80
2007.05.07 14:56:24.251,2.4132,2.4135,4.00,0.80
2007.05.07 14:56:29.282,2.4131,2.4135,13.30,4.80
2007.05.07 14:56:29.505,2.4131,2.4135,7.80,4.80
2007.05.07 14:56:29.741,2.4131,2.4135,7.80,4.00
2007.05.07 14:56:30.370,2.4131,2.4136,11.80,8.80
2007.05.07 14:56:30.749,2.4131,2.4135,7.80,4.00
2007.05.07 14:56:33.004,2.4131,2.4135,7.80,4.80
2007.05.07 14:56:34.099,2.4131,2.4135,3.80,5.60
2007.05.07 14:56:34.702,2.4131,2.4135,7.80,5.60
2007.05.07 14:56:35.021,2.4131,2.4135,11.80,1.60
2007.05.07 14:56:37.676,2.4131,2.4135,11.80,0.80
2007.05.07 14:56:40.925,2.4131,2.4135,7.80,4.80
2007.05.07 14:56:41.883,2.4132,2.4135,3.80,4.80
2007.05.07 14:56:42.630,2.4131,2.4135,7.80,4.80
2007.05.07 14:56:45.543,2.4131,2.4135,10.20,4.80
2007.05.07 14:56:45.785,2.4132,2.4135,3.80,4.80
2007.05.07 14:56:46.293,2.4132,2.4135,7.80,0.80
2007.05.07 14:56:48.943,2.4131,2.4135,7.80,0.80
2007.05.07 14:56:49.177,2.4131,2.4134,4.00,4.00
2007.05.07 14:56:49.576,2.413,2.4134,4.00,8.00
2007.05.07 14:56:49.864,2.413,2.4134,7.80,4.00
2007.05.07 14:56:53.451,2.413,2.4134,7.80,4.80
2007.05.07 14:56:55.358,2.413,2.4133,3.80,0.80
2007.05.07 14:56:56.017,2.413,2.4133,3.80,4.80
2007.05.07 14:56:56.592,2.4129,2.4133,4.60,4.80
2007.05.07 14:56:56.984,2.4129,2.4133,11.80,0.80
2007.05.07 14:56:58.118,2.4129,2.4133,7.80,1.60
2007.05.07 14:56:58.330,2.4129,2.4132,7.80,0.80
2007.05.07 14:56:58.563,2.4129,2.4132,4.00,0.80
2007.05.07 14:56:58.818,2.4129,2.4133,8.00,4.00
2007.05.07 14:56:59.304,2.4129,2.4133,8.00,4.80
2007.05.07 14:57:00.091,2.4129,2.4133,8.00,0.50
2007.05.07 14:57:00.631,2.4129,2.4133,8.80,0.80
2007.05.07 14:57:01.616,2.4129,2.4133,8.00,4.80
2007.05.07 14:57:01.878,2.4129,2.4133,4.00,12.70
2007.05.07 14:57:02.093,2.4129,2.4131,4.00,4.00
2007.05.07 14:57:02.440,2.4129,2.4131,8.80,4.00
2007.05.07 14:57:02.687,2.4129,2.4133,8.80,10.30
2007.05.07 14:57:05.121,2.4129,2.4133,8.00,10.30
2007.05.07 14:57:05.500,2.413,2.4133,4.00,4.80
2007.05.07 14:57:07.206,2.413,2.4133,4.00,0.80
2007.05.07 14:57:08.645,2.413,2.4133,4.00,4.80
2007.05.07 14:57:09.860,2.4128,2.4133,14.20,8.80
2007.05.07 14:57:10.150,2.4128,2.4132,11.80,0.80
2007.05.07 14:57:13.523,2.4129,2.4133,0.80,8.80
2007.05.07 14:57:14.039,2.4129,2.4133,4.60,4.80
2007.05.07 14:57:14.442,2.4129,2.4133,7.80,4.80
2007.05.07 14:57:15.089,2.4129,2.4133,8.60,4.80
2007.05.07 14:57:16.551,2.4129,2.4133,7.80,4.80
2007.05.07 14:57:17.069,2.4129,2.4133,9.40,4.00
2007.05.07 14:57:17.975,2.4129,2.4133,7.80,4.00
2007.05.07 14:57:19.144,2.4129,2.4133,8.60,4.00
2007.05.07 14:57:20.221,2.4129,2.4133,7.80,4.00
2007.05.07 14:57:23.436,2.413,2.4133,4.00,4.00
2007.05.07 14:57:23.659,2.413,2.4134,11.80,0.80
2007.05.07 14:57:26.890,2.413,2.4134,7.80,0.80
2007.05.07 14:57:27.616,2.4129,2.4133,8.60,4.00
2007.05.07 14:57:28.118,2.4129,2.4133,7.80,4.00
2007.05.07 14:57:29.431,2.4129,2.4133,7.80,4.80
2007.05.07 14:57:33.940,2.4129,2.4133,7.80,4.00
2007.05.07 14:57:34.994,2.4129,2.4133,7.80,4.80
2007.05.07 14:57:37.466,2.4129,2.4132,4.00,4.00
2007.05.07 14:57:38.018,2.4129,2.4132,4.00,8.00
2007.05.07 14:57:46.360,2.4127,2.4132,12.60,15.90
2007.05.07 14:57:46.790,2.4127,2.4131,8.80,4.00
2007.05.07 14:57:51.398,2.4128,2.4131,0.80,4.00
2007.05.07 14:57:54.817,2.4128,2.4132,0.80,15.90
2007.05.07 14:57:55.096,2.4128,2.4131,0.80,4.00
2007.05.07 14:57:55.496,2.4128,2.4132,0.80,8.00
2007.05.07 14:57:55.537,2.4128,2.4133,0.80,11.20
2007.05.07 14:57:57.665,2.4129,2.4132,3.80,4.00
2007.05.07 14:57:58.005,2.4129,2.4131,4.00,0.80
2007.05.07 14:57:59.129,2.4129,2.4132,4.00,4.80
2007.05.07 14:58:00.051,2.4129,2.4132,4.00,4.00
2007.05.07 14:58:01.893,2.4128,2.4132,4.60,4.00
2007.05.07 14:58:03.227,2.4128,2.4132,8.60,5.50
2007.05.07 14:58:03.770,2.4128,2.4131,4.60,4.00
2007.05.07 14:58:04.423,2.4128,2.4131,0.80,4.00
2007.05.07 14:58:07.126,2.4128,2.4131,0.80,4.80
2007.05.07 14:58:07.485,2.4128,2.4131,0.80,8.00
2007.05.07 14:58:08.647,2.4128,2.413,0.80,0.80
2007.05.07 14:58:09.128,2.4128,2.4131,0.80,8.00
2007.05.07 14:58:10.590,2.4127,2.4131,4.00,8.00
2007.05.07 14:58:12.946,2.4127,2.4131,7.80,4.00
2007.05.07 14:58:14.194,2.4127,2.4131,10.20,4.00
2007.05.07 14:58:14.680,2.4128,2.4132,4.00,4.80
2007.05.07 14:58:15.138,2.4128,2.4131,4.00,0.80
2007.05.07 14:58:15.650,2.4128,2.4132,4.00,4.80
2007.05.07 14:58:17.979,2.4128,2.4131,4.00,0.80
2007.05.07 14:58:19.650,2.4128,2.4132,4.00,5.60
2007.05.07 14:58:20.127,2.4128,2.4132,4.00,4.80
2007.05.07 14:58:22.060,2.4127,2.4132,11.80,8.80
2007.05.07 14:58:23.635,2.4127,2.4132,12.60,8.80
2007.05.07 14:58:24.054,2.4127,2.4132,11.80,8.80
2007.05.07 14:58:26.873,2.4128,2.4132,4.00,8.80
2007.05.07 14:58:27.130,2.4128,2.4132,4.00,4.80
2007.05.07 14:58:32.475,2.4129,2.4132,4.00,4.80
2007.05.07 14:58:32.688,2.4129,2.4132,8.00,4.80
2007.05.07 14:58:33.606,2.4129,2.4132,8.00,0.80
2007.05.07 14:58:37.378,2.4129,2.4132,4.00,0.80
2007.05.07 14:58:37.615,2.4127,2.4132,11.80,8.80
2007.05.07 14:58:39.191,2.4128,2.4132,6.40,4.80
2007.05.07 14:58:39.559,2.4129,2.4132,3.80,0.80
2007.05.07 14:58:39.787,2.4128,2.4132,4.00,4.80
2007.05.07 14:58:40.168,2.4128,2.4132,4.80,4.00
2007.05.07 14:58:40.528,2.4128,2.4132,8.80,4.00
2007.05.07 14:58:40.741,2.4128,2.4132,12.60,0.80
2007.05.07 14:58:41.142,2.4128,2.4133,12.60,8.00
2007.05.07 14:58:41.624,2.4128,2.4132,12.60,0.80
2007.05.07 14:58:42.160,2.4128,2.4133,12.60,8.00
2007.05.07 14:58:42.476,2.4128,2.4133,11.80,8.80
2007.05.07 14:58:42.943,2.4131,2.4133,3.80,4.80
2007.05.07 14:58:43.272,2.4131,2.4133,3.80,0.80
2007.05.07 14:58:43.575,2.4131,2.4132,3.80,4.00
2007.05.07 14:58:43.814,2.413,2.4132,6.20,4.00
2007.05.07 14:58:44.119,2.4129,2.4132,7.80,4.00
2007.05.07 14:58:44.779,2.4129,2.4133,6.20,4.00
2007.05.07 14:58:45.910,2.413,2.4133,9.40,4.00
2007.05.07 14:58:46.139,2.4131,2.4133,1.80,8.00
2007.05.07 14:58:46.454,2.413,2.4133,5.60,8.80
2007.05.07 14:58:46.732,2.4131,2.4133,1.00,0.80
2007.05.07 14:58:47.240,2.4129,2.4134,14.20,1.60
2007.05.07 14:58:47.604,2.4129,2.4133,10.20,4.00
2007.05.07 14:58:48.819,2.4128,2.4133,16.60,4.00
2007.05.07 14:58:49.556,2.4128,2.4133,15.00,4.80
2007.05.07 14:58:49.998,2.4128,2.4133,17.00,4.00
2007.05.07 14:58:50.905,2.4129,2.4133,12.60,4.00
2007.05.07 14:58:54.323,2.413,2.4133,1.50,4.00
2007.05.07 14:58:54.638,2.4129,2.4133,2.60,4.00
2007.05.07 14:58:55.037,2.413,2.4133,1.70,4.00
2007.05.07 14:58:57.178,2.4128,2.4133,17.00,4.00
2007.05.07 14:58:57.797,2.4128,2.4133,17.80,4.00
2007.05.07 14:58:58.197,2.4128,2.4133,17.00,4.00
2007.05.07 14:59:03.752,2.4129,2.4133,2.40,4.00
2007.05.07 14:59:06.110,2.4128,2.4133,17.00,4.00
2007.05.07 14:59:09.062,2.4129,2.4133,1.80,4.80
2007.05.07 14:59:10.182,2.4129,2.4133,5.40,4.00
2007.05.07 14:59:13.597,2.4129,2.4133,4.60,4.00
2007.05.07 14:59:14.374,2.4129,2.4133,3.80,4.00
2007.05.07 14:59:27.697,2.4129,2.4133,4.60,4.00
2007.05.07 14:59:28.487,2.4129,2.4131,4.60,4.00
2007.05.07 14:59:28.776,2.4129,2.4131,0.80,4.00
2007.05.07 14:59:29.161,2.4128,2.4131,6.00,4.00
2007.05.07 14:59:29.192,2.4128,2.4134,12.20,6.40
2007.05.07 14:59:29.553,2.4129,2.4133,0.70,4.00
2007.05.07 14:59:31.792,2.4128,2.4133,17.00,4.00
2007.05.07 14:59:32.087,2.413,2.4133,2.20,0.80
2007.05.07 14:59:32.571,2.4129,2.4135,15.00,19.10
2007.05.07 14:59:36.647,2.413,2.4135,2.60,11.20
2007.05.07 14:59:38.184,2.413,2.4135,1.10,12.00
2007.05.07 14:59:38.694,2.413,2.4134,2.80,0.80
2007.05.07 14:59:39.231,2.413,2.4135,0.80,11.20
2007.05.07 14:59:39.668,2.413,2.4135,1.20,12.00
2007.05.07 14:59:40.160,2.413,2.4135,3.60,11.20
2007.05.07 14:59:40.877,2.4129,2.4135,22.50,10.40
2007.05.07 14:59:41.137,2.413,2.4135,3.70,10.40
2007.05.07 14:59:41.615,2.413,2.4134,3.40,0.80
2007.05.07 14:59:41.966,2.413,2.4134,14.20,0.80
2007.05.07 14:59:42.169,2.413,2.4135,14.20,4.00
2007.05.07 14:59:42.653,2.4132,2.4134,1.80,0.80
2007.05.07 14:59:43.292,2.4132,2.4136,0.70,4.80
2007.05.07 14:59:43.885,2.4132,2.4135,1.50,2.40
2007.05.07 14:59:44.123,2.4131,2.4135,7.80,3.20
2007.05.07 14:59:44.331,2.413,2.4135,8.60,7.20
2007.05.07 14:59:44.631,2.413,2.4135,1.40,10.40
2007.05.07 14:59:45.034,2.413,2.4135,11.80,8.00
2007.05.07 14:59:45.262,2.413,2.4135,17.30,4.00
2007.05.07 14:59:45.474,2.413,2.4135,17.30,4.00
2007.05.07 14:59:45.782,2.413,2.4136,19.70,8.00
2007.05.07 14:59:46.451,2.4131,2.4136,11.80,8.00
2007.05.07 14:59:46.708,2.4131,2.4136,11.80,4.00
2007.05.07 14:59:46.968,2.4131,2.4137,11.80,8.40
2007.05.07 14:59:47.260,2.4132,2.4137,10.20,6.00
2007.05.07 14:59:47.472,2.4133,2.4137,2.30,3.60
2007.05.07 14:59:47.806,2.4132,2.4137,13.40,1.60
2007.05.07 14:59:48.637,2.4133,2.4137,5.20,0.80
2007.05.07 14:59:48.975,2.4132,2.4137,11.00,4.80
2007.05.07 14:59:49.449,2.4133,2.4137,1.80,8.80
2007.05.07 14:59:49.912,2.4132,2.4137,7.80,7.20
2007.05.07 14:59:50.630,2.4131,2.4136,14.20,4.00
2007.05.07 14:59:50.905,2.413,2.4136,21.70,8.00
2007.05.07 14:59:52.628,2.4131,2.4136,14.20,4.00
2007.05.07 14:59:53.122,2.4131,2.4136,14.20,4.80
2007.05.07 14:59:53.432,2.4131,2.4136,5.30,8.80
2007.05.07 14:59:53.654,2.4131,2.4136,0.80,8.00
2007.05.07 14:59:55.807,2.4131,2.4136,4.30,8.80
2007.05.07 14:59:56.135,2.413,2.4136,21.70,8.00
2007.05.07 14:59:58.119,2.4131,2.4135,11.80,0.80
2007.05.07 14:59:58.962,2.4131,2.4135,7.80,4.00
2007.05.07 14:59:59.384,2.4131,2.4135,4.00,8.00
2007.05.07 14:59:59.941,2.4131,2.4135,4.00,8.80
