2009.07.28 20:00:00.220,1.7673,1.76785,5.00,4.80
2009.07.28 20:00:01.179,1.76725,1.76795,3.20,6.60
2009.07.28 20:00:03.429,1.7673,1.76795,1.60,6.60
2009.07.28 20:00:04.059,1.7673,1.76785,1.60,6.40
2009.07.28 20:00:04.359,1.7673,1.7678,1.60,4.80
2009.07.28 20:00:04.799,1.7673,1.76795,1.60,6.60
2009.07.28 20:00:06.528,1.7673,1.7679,1.60,1.80
2009.07.28 20:00:06.998,1.7672,1.7677,1.60,4.80
2009.07.28 20:00:08.028,1.7672,1.7677,1.80,4.80
2009.07.28 20:00:08.369,1.76725,1.7677,1.60,4.80
2009.07.28 20:00:09.727,1.76725,1.76775,1.60,4.80
2009.07.28 20:00:10.067,1.76725,1.7679,1.60,6.60
2009.07.28 20:00:10.188,1.76725,1.7679,1.80,6.60
2009.07.28 20:00:11.327,1.7673,1.7678,1.60,4.80
2009.07.28 20:00:11.907,1.7673,1.7678,1.60,1.60
2009.07.28 20:00:12.477,1.7673,1.7678,1.60,6.40
2009.07.28 20:00:13.057,1.7673,1.76785,1.60,1.80
2009.07.28 20:00:13.396,1.76735,1.76785,1.60,1.80
2009.07.28 20:00:22.154,1.76735,1.7678,1.60,4.80
2009.07.28 20:00:22.894,1.76735,1.76775,1.60,1.60
2009.07.28 20:00:23.174,1.76735,1.76775,4.80,1.60
2009.07.28 20:00:23.584,1.76735,1.76775,5.60,1.60
2009.07.28 20:00:23.864,1.7674,1.76785,1.60,1.80
2009.07.28 20:00:24.304,1.7674,1.7679,1.60,6.60
2009.07.28 20:00:24.574,1.76735,1.7679,4.80,6.60
2009.07.28 20:00:25.583,1.76735,1.76785,4.80,1.00
2009.07.28 20:00:25.974,1.76735,1.7679,4.80,6.60
2009.07.28 20:00:26.433,1.76745,1.7679,1.60,6.60
2009.07.28 20:00:27.763,1.7675,1.76795,1.60,1.80
2009.07.28 20:00:28.183,1.7675,1.76795,1.60,4.80
2009.07.28 20:00:28.463,1.76745,1.76805,1.60,6.40
2009.07.28 20:00:31.152,1.76755,1.76805,1.60,6.40
2009.07.28 20:00:31.682,1.76755,1.76805,1.60,1.60
2009.07.28 20:00:31.972,1.76755,1.7681,1.60,1.80
2009.07.28 20:00:33.072,1.76755,1.76805,1.60,1.60
2009.07.28 20:00:33.572,1.76755,1.76805,1.60,6.40
2009.07.28 20:00:34.561,1.7676,1.76805,1.60,6.40
2009.07.28 20:00:34.851,1.7676,1.76805,1.60,1.60
2009.07.28 20:00:36.681,1.76765,1.76805,1.60,1.60
2009.07.28 20:00:37.021,1.7676,1.76805,1.60,1.60
2009.07.28 20:00:37.371,1.7676,1.76805,1.60,6.40
2009.07.28 20:00:41.030,1.7676,1.76815,1.60,6.60
2009.07.28 20:00:41.210,1.7676,1.76805,1.60,4.80
2009.07.28 20:00:53.587,1.7675,1.7681,1.60,4.80
2009.07.28 20:00:53.807,1.7675,1.76805,1.60,4.80
2009.07.28 20:00:54.157,1.76745,1.76805,6.40,4.80
2009.07.28 20:00:54.607,1.76745,1.76805,6.60,4.80
2009.07.28 20:00:55.137,1.7675,1.76805,1.60,4.80
2009.07.28 20:00:56.566,1.76755,1.76805,1.60,4.80
2009.07.28 20:00:57.536,1.7675,1.76805,1.80,4.80
2009.07.28 20:00:57.766,1.7675,1.76805,6.60,4.80
2009.07.28 20:00:58.056,1.7675,1.768,1.00,4.80
2009.07.28 20:00:59.745,1.76765,1.768,1.60,4.80
2009.07.28 20:01:00.495,1.76765,1.76805,1.60,4.80
2009.07.28 20:01:01.285,1.7675,1.76805,1.60,4.80
2009.07.28 20:01:01.625,1.7675,1.7681,1.60,4.80
2009.07.28 20:01:01.965,1.7675,1.76795,1.60,1.60
2009.07.28 20:01:02.485,1.7674,1.7678,6.60,4.80
2009.07.28 20:01:02.845,1.76735,1.7678,5.20,4.80
2009.07.28 20:01:03.194,1.7673,1.76795,1.80,7.60
2009.07.28 20:01:03.534,1.7674,1.7678,1.60,4.80
2009.07.28 20:01:03.714,1.76725,1.76785,1.00,4.80
2009.07.28 20:01:04.165,1.76725,1.76795,1.00,4.80
2009.07.28 20:01:05.024,1.7673,1.76785,1.00,4.80
2009.07.28 20:01:05.414,1.7673,1.76785,1.80,4.80
2009.07.28 20:01:08.213,1.7673,1.7679,4.80,10.80
2009.07.28 20:01:08.433,1.7673,1.7679,4.80,6.00
2009.07.28 20:01:08.673,1.76735,1.7679,1.60,6.00
2009.07.28 20:01:08.953,1.76735,1.76775,1.60,4.80
2009.07.28 20:01:09.883,1.76735,1.76775,1.80,4.80
2009.07.28 20:01:09.943,1.7674,1.76775,1.60,4.80
2009.07.28 20:01:10.693,1.76745,1.76775,1.60,4.80
2009.07.28 20:01:11.453,1.76745,1.7677,1.60,4.80
2009.07.28 20:01:11.914,1.76745,1.76765,1.60,4.80
2009.07.28 20:01:12.422,1.7673,1.76765,1.80,4.80
2009.07.28 20:01:12.772,1.7673,1.7676,1.00,4.80
2009.07.28 20:01:14.362,1.7674,1.7676,1.60,4.80
2009.07.28 20:01:15.382,1.7674,1.76765,1.60,4.80
2009.07.28 20:01:15.672,1.7675,1.76765,1.60,4.80
2009.07.28 20:01:18.411,1.7675,1.7676,1.60,4.80
2009.07.28 20:01:19.510,1.7674,1.7676,3.20,4.80
2009.07.28 20:01:19.620,1.7674,1.7676,1.60,4.80
2009.07.28 20:01:28.588,1.7674,1.76765,1.60,4.80
2009.07.28 20:01:38.086,1.7674,1.7676,1.60,4.80
2009.07.28 20:01:38.656,1.7674,1.7676,1.80,4.80
2009.07.28 20:01:38.936,1.7674,1.76765,1.00,4.80
2009.07.28 20:01:39.286,1.7674,1.7678,1.00,4.80
2009.07.28 20:01:39.986,1.7674,1.76795,1.00,6.00
2009.07.28 20:01:40.336,1.7674,1.7678,1.00,4.80
2009.07.28 20:01:41.165,1.76745,1.7678,1.00,4.80
2009.07.28 20:01:44.035,1.7675,1.7679,1.80,4.80
2009.07.28 20:01:44.385,1.76755,1.7679,1.00,4.80
2009.07.28 20:01:45.304,1.76755,1.7679,1.00,3.20
2009.07.28 20:01:45.894,1.7675,1.7679,1.80,3.20
2009.07.28 20:01:47.414,1.7674,1.7679,5.00,4.80
2009.07.28 20:01:47.744,1.7674,1.7679,1.60,4.80
2009.07.28 20:01:48.144,1.7674,1.76775,1.80,4.80
2009.07.28 20:01:48.493,1.7674,1.7679,4.80,3.20
2009.07.28 20:01:48.873,1.76745,1.7679,1.00,3.20
2009.07.28 20:01:49.373,1.7675,1.7679,1.00,3.20
2009.07.28 20:01:50.623,1.76755,1.7679,1.00,3.20
2009.07.28 20:01:50.903,1.76755,1.7679,1.00,4.80
2009.07.28 20:01:51.293,1.76755,1.7679,3.40,4.80
2009.07.28 20:01:51.523,1.76745,1.76795,1.80,4.80
2009.07.28 20:01:51.763,1.76745,1.76785,1.80,4.80
2009.07.28 20:01:52.283,1.76745,1.768,1.80,5.00
2009.07.28 20:01:57.341,1.76745,1.7679,1.80,4.80
2009.07.28 20:01:58.201,1.76745,1.76805,1.80,5.00
2009.07.28 20:01:59.111,1.7675,1.76805,1.00,5.00
2009.07.28 20:01:59.841,1.7675,1.76805,1.00,8.20
2009.07.28 20:02:00.931,1.76745,1.7679,1.80,4.80
2009.07.28 20:02:02.060,1.76745,1.768,1.80,5.00
2009.07.28 20:02:06.809,1.76745,1.768,1.00,5.00
2009.07.28 20:02:10.968,1.7675,1.768,1.00,5.00
2009.07.28 20:02:11.468,1.76745,1.7679,1.00,4.80
2009.07.28 20:02:12.238,1.76745,1.76805,5.00,8.20
2009.07.28 20:02:12.528,1.76745,1.76805,1.00,8.20
2009.07.28 20:02:13.238,1.7675,1.76805,1.00,8.20
2009.07.28 20:02:15.557,1.76745,1.76805,1.00,8.20
2009.07.28 20:02:16.187,1.76745,1.76805,1.00,13.00
2009.07.28 20:02:16.407,1.76745,1.7679,1.00,4.80
2009.07.28 20:02:16.987,1.76745,1.768,1.00,5.00
2009.07.28 20:02:23.035,1.7674,1.7679,1.60,4.80
2009.07.28 20:02:23.325,1.7674,1.768,1.60,6.60
2009.07.28 20:02:23.775,1.7674,1.76785,1.60,4.80
2009.07.28 20:02:24.125,1.7675,1.768,1.60,5.00
2009.07.28 20:02:28.184,1.7675,1.7678,1.60,4.80
2009.07.28 20:02:28.984,1.7675,1.768,1.60,5.00
2009.07.28 20:02:32.283,1.7675,1.76795,1.60,3.20
2009.07.28 20:02:32.573,1.7675,1.76795,1.60,6.60
2009.07.28 20:02:32.923,1.76755,1.76805,3.20,6.60
2009.07.28 20:02:33.323,1.76755,1.76805,3.20,8.00
2009.07.28 20:02:33.673,1.7677,1.76805,3.20,3.20
2009.07.28 20:02:34.142,1.76755,1.76805,2.80,3.20
2009.07.28 20:02:34.432,1.76745,1.76805,1.60,11.40
2009.07.28 20:02:35.012,1.76745,1.768,1.60,5.00
2009.07.28 20:02:35.712,1.7674,1.768,1.80,5.00
2009.07.28 20:02:36.682,1.7674,1.768,1.00,5.00
2009.07.28 20:02:41.831,1.76745,1.768,1.60,5.00
2009.07.28 20:02:43.810,1.7675,1.768,1.60,5.00
2009.07.28 20:02:44.160,1.7675,1.7679,1.60,4.80
2009.07.28 20:02:44.500,1.76745,1.76795,1.60,4.80
2009.07.28 20:02:44.840,1.76745,1.76795,1.80,4.80
2009.07.28 20:02:45.990,1.76745,1.76805,1.80,5.00
2009.07.28 20:02:52.328,1.7675,1.76795,1.00,4.80
2009.07.28 20:02:52.558,1.7676,1.76795,3.20,4.80
2009.07.28 20:02:53.138,1.7676,1.76835,3.20,8.20
2009.07.28 20:02:53.358,1.7676,1.76835,3.20,1.80
2009.07.28 20:02:53.568,1.7676,1.7683,3.40,8.00
2009.07.28 20:02:53.908,1.76765,1.7682,4.80,1.60
2009.07.28 20:02:54.418,1.7675,1.7681,1.60,6.40
2009.07.28 20:02:54.707,1.76745,1.7681,8.40,6.40
2009.07.28 20:02:55.337,1.76755,1.76815,4.80,1.80
2009.07.28 20:02:55.678,1.76755,1.7681,4.80,8.00
2009.07.28 20:02:55.977,1.76755,1.7681,4.80,9.60
2009.07.28 20:02:56.368,1.76745,1.7681,8.40,9.80
2009.07.28 20:02:57.207,1.76755,1.7681,4.80,9.80
2009.07.28 20:02:58.257,1.7675,1.7681,5.00,5.00
2009.07.28 20:02:59.836,1.7675,1.7681,3.40,5.00
2009.07.28 20:03:00.076,1.7675,1.7681,5.00,5.00
2009.07.28 20:03:01.056,1.7675,1.7681,5.00,6.60
2009.07.28 20:03:01.386,1.76755,1.7681,1.60,5.00
2009.07.28 20:03:01.916,1.76755,1.76805,1.80,3.20
2009.07.28 20:03:02.246,1.76755,1.7682,5.00,9.80
2009.07.28 20:03:03.225,1.76755,1.7681,5.00,4.80
2009.07.28 20:03:07.594,1.76755,1.76805,5.00,1.60
2009.07.28 20:03:07.944,1.76755,1.76805,5.00,3.20
2009.07.28 20:03:08.854,1.76755,1.7681,5.00,8.00
2009.07.28 20:03:09.134,1.76755,1.7681,5.00,6.40
2009.07.28 20:03:09.694,1.76755,1.7681,5.00,4.80
2009.07.28 20:03:11.924,1.76755,1.768,5.00,3.20
2009.07.28 20:03:12.273,1.76755,1.768,5.00,1.60
2009.07.28 20:03:12.504,1.7676,1.7682,1.00,8.20
2009.07.28 20:03:18.452,1.76755,1.76805,5.00,3.20
2009.07.28 20:03:18.792,1.76755,1.76805,1.00,3.20
2009.07.28 20:03:19.962,1.76755,1.76805,5.00,3.20
2009.07.28 20:03:20.142,1.76755,1.76815,5.00,1.80
2009.07.28 20:03:20.311,1.76755,1.7681,5.00,4.80
2009.07.28 20:03:23.211,1.7676,1.7682,1.00,8.20
2009.07.28 20:03:27.849,1.76755,1.768,1.00,4.80
2009.07.28 20:03:29.030,1.76755,1.7681,5.00,4.80
2009.07.28 20:03:31.049,1.7676,1.7682,1.00,8.20
2009.07.28 20:03:32.959,1.7676,1.76805,1.00,3.20
2009.07.28 20:03:38.777,1.7675,1.76805,3.40,3.20
2009.07.28 20:03:39.117,1.7675,1.76805,5.00,8.00
2009.07.28 20:03:39.457,1.7675,1.768,5.00,4.80
2009.07.28 20:03:45.975,1.7675,1.768,3.40,4.80
2009.07.28 20:03:46.365,1.7675,1.76805,3.40,8.00
2009.07.28 20:03:51.514,1.7675,1.76805,5.00,3.20
2009.07.28 20:03:52.224,1.7675,1.76805,3.40,3.20
2009.07.28 20:03:52.993,1.76755,1.76805,5.00,3.20
2009.07.28 20:04:03.441,1.76765,1.76805,3.20,3.20
2009.07.28 20:04:03.661,1.76765,1.76805,3.20,3.40
2009.07.28 20:04:03.941,1.76765,1.76805,3.20,9.80
2009.07.28 20:04:06.200,1.7679,1.76825,3.20,3.40
2009.07.28 20:04:06.730,1.76775,1.7682,4.80,1.80
2009.07.28 20:04:07.200,1.76755,1.7682,1.80,1.80
2009.07.28 20:04:07.550,1.76755,1.76805,1.00,4.80
2009.07.28 20:04:08.219,1.76755,1.76815,1.00,5.00
2009.07.28 20:04:10.469,1.7676,1.76805,1.00,4.80
2009.07.28 20:04:11.119,1.7676,1.76815,5.00,6.40
2009.07.28 20:04:11.529,1.7676,1.76815,5.00,4.80
2009.07.28 20:04:11.919,1.76765,1.76815,1.00,4.80
2009.07.28 20:04:12.949,1.76765,1.7681,1.00,1.60
2009.07.28 20:04:13.118,1.76765,1.7681,1.00,3.20
2009.07.28 20:04:14.738,1.76765,1.76815,5.00,3.20
2009.07.28 20:04:18.187,1.76755,1.76805,5.00,1.60
2009.07.28 20:04:18.427,1.76755,1.7681,5.00,3.20
2009.07.28 20:04:19.267,1.76755,1.76805,1.00,4.80
2009.07.28 20:04:20.378,1.7676,1.7681,5.00,8.00
2009.07.28 20:04:20.487,1.7676,1.7681,5.00,6.40
2009.07.28 20:04:20.887,1.7676,1.7681,4.80,4.80
2009.07.28 20:04:22.006,1.7676,1.7681,5.00,6.40
2009.07.28 20:04:22.346,1.7676,1.7681,5.00,8.00
2009.07.28 20:04:32.294,1.7675,1.7681,5.00,9.60
2009.07.28 20:04:32.754,1.7675,1.76805,5.00,4.80
2009.07.28 20:04:34.014,1.76755,1.76805,1.00,4.80
2009.07.28 20:04:34.953,1.7675,1.76805,5.00,4.80
2009.07.28 20:04:36.053,1.7675,1.7681,4.80,1.80
2009.07.28 20:04:36.293,1.7675,1.76805,5.00,6.40
2009.07.28 20:04:36.513,1.7675,1.768,1.00,4.80
2009.07.28 20:04:37.043,1.7675,1.76805,5.00,6.40
2009.07.28 20:04:37.333,1.7675,1.76805,5.00,8.00
2009.07.28 20:04:38.082,1.7675,1.768,5.00,3.20
2009.07.28 20:04:39.782,1.76755,1.768,1.00,3.20
2009.07.28 20:04:40.222,1.76755,1.768,5.00,3.20
2009.07.28 20:04:40.962,1.7676,1.768,1.00,3.20
2009.07.28 20:04:43.001,1.7676,1.768,1.00,8.00
2009.07.28 20:04:43.461,1.7674,1.768,6.60,8.00
2009.07.28 20:04:43.691,1.76735,1.76785,8.40,4.80
2009.07.28 20:04:44.581,1.76735,1.76795,1.60,4.80
2009.07.28 20:04:44.931,1.76735,1.76785,1.60,4.80
2009.07.28 20:04:45.451,1.76735,1.76785,5.00,4.80
2009.07.28 20:04:45.801,1.7674,1.7679,5.00,4.80
2009.07.28 20:04:46.201,1.7674,1.768,5.00,3.20
2009.07.28 20:04:46.361,1.76745,1.768,4.80,8.00
2009.07.28 20:04:46.761,1.7674,1.768,5.00,3.20
2009.07.28 20:04:47.150,1.7675,1.768,4.80,3.20
2009.07.28 20:04:48.970,1.7675,1.7679,4.80,1.60
2009.07.28 20:04:49.210,1.7675,1.7679,4.80,3.20
2009.07.28 20:04:51.049,1.7675,1.76785,4.80,1.60
2009.07.28 20:04:51.329,1.7675,1.76785,4.80,3.20
2009.07.28 20:04:56.458,1.7673,1.76775,5.00,1.60
2009.07.28 20:04:56.798,1.7674,1.76775,4.80,3.20
2009.07.28 20:04:57.208,1.76725,1.7677,11.60,1.60
2009.07.28 20:04:57.498,1.76725,1.7677,11.60,3.20
2009.07.28 20:04:57.778,1.76725,1.7677,6.80,3.20
2009.07.28 20:04:58.368,1.76725,1.7676,6.80,1.60
2009.07.28 20:04:58.638,1.76725,1.7677,6.80,3.20
2009.07.28 20:04:59.558,1.76725,1.7677,6.80,1.60
2009.07.28 20:04:59.857,1.76725,1.76785,6.80,3.20
2009.07.28 20:05:01.957,1.76725,1.7678,6.80,1.60
2009.07.28 20:05:02.247,1.76725,1.7678,6.80,3.20
2009.07.28 20:05:03.517,1.7673,1.7678,6.40,3.20
2009.07.28 20:05:03.916,1.7673,1.7678,11.20,3.20
2009.07.28 20:05:04.146,1.76745,1.76785,4.80,3.20
2009.07.28 20:05:05.256,1.76745,1.7679,4.80,3.20
2009.07.28 20:05:05.546,1.7675,1.7679,4.80,3.20
2009.07.28 20:05:06.126,1.7674,1.7679,5.00,3.20
2009.07.28 20:05:06.886,1.7675,1.7679,4.80,3.20
2009.07.28 20:05:13.994,1.7675,1.7677,4.80,3.20
2009.07.28 20:05:17.083,1.76735,1.7679,5.00,8.00
2009.07.28 20:05:18.893,1.7674,1.7679,2.80,8.00
2009.07.28 20:05:19.063,1.76745,1.7679,3.20,1.60
2009.07.28 20:05:19.423,1.7674,1.76795,2.80,3.20
2009.07.28 20:05:19.933,1.76735,1.76795,5.00,3.20
2009.07.28 20:05:20.273,1.7674,1.76795,4.80,9.60
2009.07.28 20:05:20.782,1.76735,1.76785,4.80,4.80
2009.07.28 20:05:20.952,1.76735,1.7679,4.80,4.80
2009.07.28 20:05:21.992,1.76725,1.7679,5.00,4.80
2009.07.28 20:05:24.871,1.76735,1.7679,4.80,4.80
2009.07.28 20:05:27.021,1.76735,1.7679,4.80,6.40
2009.07.28 20:05:27.471,1.76735,1.76785,4.80,4.80
2009.07.28 20:05:28.321,1.7673,1.7679,1.60,4.80
2009.07.28 20:05:28.550,1.7673,1.7679,6.40,4.80
2009.07.28 20:05:28.780,1.7673,1.76795,11.20,8.00
2009.07.28 20:05:29.130,1.76745,1.76795,4.80,3.20
2009.07.28 20:05:29.930,1.76735,1.76795,5.00,3.20
2009.07.28 20:05:30.040,1.76735,1.7679,5.00,3.20
2009.07.28 20:05:33.899,1.76745,1.7679,4.80,3.20
2009.07.28 20:05:34.819,1.7674,1.7679,3.40,3.20
2009.07.28 20:05:35.289,1.76755,1.768,4.80,3.20
2009.07.28 20:05:36.139,1.76755,1.768,4.80,4.80
2009.07.28 20:05:39.038,1.76755,1.768,4.80,5.00
2009.07.28 20:05:42.517,1.76755,1.768,4.80,4.80
2009.07.28 20:05:42.807,1.7674,1.76785,8.00,3.20
2009.07.28 20:05:43.916,1.7674,1.7678,8.00,1.60
2009.07.28 20:05:44.147,1.7674,1.7678,8.20,1.60
2009.07.28 20:05:44.486,1.7674,1.7678,8.20,3.20
2009.07.28 20:05:45.176,1.7674,1.7678,8.00,3.20
2009.07.28 20:05:50.215,1.7675,1.76785,4.80,1.60
2009.07.28 20:05:50.505,1.76745,1.7679,5.00,3.20
2009.07.28 20:05:52.175,1.76745,1.76785,5.00,3.20
2009.07.28 20:05:56.984,1.76755,1.76785,4.80,3.20
2009.07.28 20:06:08.061,1.7674,1.76785,4.80,3.20
2009.07.28 20:06:08.351,1.76725,1.76785,5.00,3.20
2009.07.28 20:06:09.851,1.76735,1.76785,4.80,3.20
2009.07.28 20:06:18.198,1.76735,1.7678,4.80,1.60
2009.07.28 20:06:18.538,1.76735,1.7678,4.80,3.20
2009.07.28 20:06:19.368,1.7672,1.7678,11.60,3.20
2009.07.28 20:06:19.488,1.76735,1.7678,4.80,3.20
2009.07.28 20:06:24.287,1.76725,1.7678,5.00,1.60
2009.07.28 20:06:24.627,1.7674,1.76785,4.80,3.20
2009.07.28 20:06:26.117,1.7674,1.7678,4.80,1.60
2009.07.28 20:06:26.536,1.7674,1.7678,4.80,3.20
2009.07.28 20:06:28.616,1.76745,1.7678,4.80,3.20
2009.07.28 20:06:29.986,1.7673,1.7678,5.00,3.20
2009.07.28 20:06:40.033,1.7674,1.7678,4.80,3.20
2009.07.28 20:06:48.111,1.7673,1.76785,8.00,3.20
2009.07.28 20:06:48.341,1.76745,1.76785,4.80,3.20
2009.07.28 20:06:50.460,1.7673,1.76785,5.00,3.20
2009.07.28 20:07:12.435,1.76725,1.7678,1.00,4.80
2009.07.28 20:07:14.105,1.7672,1.7678,1.80,4.80
2009.07.28 20:07:14.445,1.7672,1.76775,1.80,4.80
2009.07.28 20:07:15.555,1.7672,1.7678,1.80,4.80
2009.07.28 20:07:15.954,1.76725,1.7678,5.00,4.80
2009.07.28 20:07:16.644,1.7673,1.76785,4.80,8.00
2009.07.28 20:07:17.334,1.7672,1.76785,6.60,9.60
2009.07.28 20:07:17.864,1.7672,1.76775,1.80,4.80
2009.07.28 20:07:26.122,1.7672,1.76785,1.80,5.00
2009.07.28 20:07:35.720,1.76735,1.76775,1.60,4.80
2009.07.28 20:07:35.950,1.76715,1.76775,1.00,4.80
2009.07.28 20:07:36.290,1.7672,1.76785,4.80,4.80
2009.07.28 20:07:38.069,1.7673,1.76785,5.00,4.80
2009.07.28 20:07:39.029,1.7673,1.76795,4.80,6.60
2009.07.28 20:07:40.578,1.7674,1.76795,3.20,6.60
2009.07.28 20:07:40.818,1.7674,1.76795,7.60,6.60
2009.07.28 20:07:41.149,1.7674,1.76795,6.00,9.60
2009.07.28 20:07:41.378,1.76745,1.76795,7.60,3.20
2009.07.28 20:07:42.188,1.76745,1.76795,8.00,3.20
2009.07.28 20:07:43.268,1.76745,1.76795,9.60,3.20
2009.07.28 20:07:43.908,1.76755,1.76795,4.80,3.20
2009.07.28 20:07:48.237,1.7677,1.7683,3.20,6.60
2009.07.28 20:07:48.407,1.7677,1.7683,6.00,5.00
2009.07.28 20:07:48.637,1.7677,1.7683,10.80,1.00
2009.07.28 20:07:49.137,1.7678,1.7683,4.80,3.40
2009.07.28 20:07:49.496,1.7676,1.7682,1.60,6.60
2009.07.28 20:07:50.176,1.7675,1.7682,1.80,6.60
2009.07.28 20:07:50.456,1.7675,1.7681,1.80,4.80
2009.07.28 20:07:50.976,1.7675,1.7682,1.60,6.60
2009.07.28 20:07:52.176,1.76755,1.7682,4.80,6.60
2009.07.28 20:07:54.185,1.76755,1.76805,4.80,1.60
2009.07.28 20:07:54.465,1.76755,1.76805,4.80,3.20
2009.07.28 20:08:01.004,1.76755,1.76805,3.20,3.20
2009.07.28 20:08:01.344,1.7676,1.76805,2.80,3.20
2009.07.28 20:08:09.921,1.7676,1.76805,3.20,3.20
2009.07.28 20:08:13.921,1.7676,1.76805,2.80,3.20
2009.07.28 20:08:14.310,1.76755,1.76805,17.80,3.20
2009.07.28 20:08:15.950,1.76755,1.7681,17.80,4.80
2009.07.28 20:08:18.400,1.76765,1.7681,4.80,4.80
2009.07.28 20:08:18.860,1.7676,1.7681,3.20,3.20
2009.07.28 20:08:19.139,1.76765,1.76815,6.00,3.20
2009.07.28 20:08:19.659,1.76765,1.76815,12.60,3.20
2009.07.28 20:08:20.199,1.76765,1.76815,13.00,3.20
2009.07.28 20:08:21.969,1.7677,1.76815,8.20,3.20
2009.07.28 20:08:30.066,1.76765,1.76815,13.00,3.20
2009.07.28 20:08:30.446,1.76765,1.76825,13.00,8.00
2009.07.28 20:08:30.627,1.76765,1.76825,13.00,6.40
2009.07.28 20:08:30.867,1.76765,1.76825,13.00,4.80
2009.07.28 20:08:44.103,1.76765,1.76825,13.00,1.60
2009.07.28 20:08:44.273,1.76765,1.76805,1.80,1.60
2009.07.28 20:08:44.623,1.76755,1.768,3.20,4.80
2009.07.28 20:08:45.323,1.76755,1.76795,3.20,1.60
2009.07.28 20:08:45.793,1.76755,1.76795,3.20,3.20
2009.07.28 20:09:01.689,1.76755,1.76795,3.40,3.20
2009.07.28 20:09:05.868,1.76755,1.76795,3.40,3.20
2009.07.28 20:09:17.195,1.76755,1.768,3.20,3.20
2009.07.28 20:09:31.252,1.76755,1.76795,3.20,1.60
2009.07.28 20:09:31.482,1.76755,1.76795,3.20,3.20
2009.07.28 20:10:01.795,1.76755,1.76795,3.20,1.60
2009.07.28 20:10:01.975,1.76755,1.768,3.20,1.00
2009.07.28 20:10:17.311,1.76755,1.768,3.20,1.80
2009.07.28 20:10:17.951,1.76755,1.768,3.20,1.00
2009.07.28 20:10:20.440,1.76755,1.76805,3.20,9.60
2009.07.28 20:10:31.447,1.76755,1.768,3.20,8.00
2009.07.28 20:10:31.787,1.76755,1.768,3.20,3.20
2009.07.28 20:10:35.757,1.76755,1.768,3.40,3.20
2009.07.28 20:10:36.167,1.76755,1.76805,3.40,1.80
2009.07.28 20:10:38.366,1.76755,1.768,3.20,3.40
2009.07.28 20:10:47.733,1.76755,1.768,3.20,8.20
2009.07.28 20:10:47.903,1.76755,1.768,3.20,3.40
2009.07.28 20:11:02.030,1.76755,1.768,3.20,1.00
2009.07.28 20:11:06.209,1.76755,1.76805,3.40,6.60
2009.07.28 20:11:06.499,1.76755,1.76805,3.40,5.00
2009.07.28 20:11:06.679,1.76755,1.768,3.20,1.00
2009.07.28 20:11:25.944,1.76755,1.76805,3.40,5.00
2009.07.28 20:11:27.054,1.76755,1.76805,3.40,6.60
2009.07.28 20:11:27.394,1.76755,1.768,3.20,1.00
2009.07.28 20:11:34.602,1.76755,1.76805,3.40,5.00
2009.07.28 20:11:41.410,1.76755,1.76805,3.20,5.00
2009.07.28 20:11:41.751,1.76755,1.76805,3.20,6.60
2009.07.28 20:11:42.210,1.76755,1.7681,3.20,9.80
2009.07.28 20:11:42.720,1.76755,1.76805,3.20,5.00
2009.07.28 20:11:44.050,1.76755,1.768,3.20,6.60
2009.07.28 20:11:46.269,1.76775,1.768,3.20,6.40
2009.07.28 20:11:46.560,1.76775,1.768,3.20,4.80
2009.07.28 20:11:46.729,1.76775,1.76815,3.20,1.00
2009.07.28 20:11:46.959,1.76775,1.76795,3.20,1.60
2009.07.28 20:11:47.129,1.7676,1.76795,4.80,1.60
2009.07.28 20:11:47.470,1.7677,1.76805,4.80,5.00
2009.07.28 20:11:47.699,1.76755,1.76805,3.20,5.00
2009.07.28 20:11:49.049,1.76755,1.768,3.20,6.60
2009.07.28 20:11:49.899,1.76755,1.768,3.20,9.80
2009.07.28 20:11:51.128,1.76755,1.76795,3.20,1.00
2009.07.28 20:11:57.147,1.76755,1.76805,3.20,6.40
2009.07.28 20:11:57.437,1.76775,1.7681,3.20,1.00
2009.07.28 20:11:57.797,1.76775,1.76815,3.20,5.00
2009.07.28 20:12:00.856,1.76785,1.7681,3.20,1.00
2009.07.28 20:12:01.076,1.76775,1.7681,1.60,1.00
2009.07.28 20:12:01.476,1.76755,1.7681,3.20,1.80
2009.07.28 20:12:02.286,1.76755,1.76805,3.20,6.60
2009.07.28 20:12:03.136,1.76755,1.768,3.20,1.00
2009.07.28 20:12:29.849,1.76755,1.76805,3.40,5.00
2009.07.28 20:12:32.199,1.76755,1.76805,3.40,4.80
2009.07.28 20:12:34.368,1.76755,1.76805,5.00,4.80
2009.07.28 20:12:34.878,1.76755,1.76805,3.40,4.80
2009.07.28 20:12:35.178,1.76755,1.7681,3.40,8.20
2009.07.28 20:12:36.167,1.76755,1.76805,3.40,4.80
2009.07.28 20:12:36.447,1.76755,1.7681,3.40,5.00
2009.07.28 20:12:37.447,1.76755,1.76805,3.40,4.80
2009.07.28 20:12:37.967,1.76755,1.7681,3.40,5.00
2009.07.28 20:12:38.637,1.76765,1.7681,3.20,6.60
2009.07.28 20:12:38.937,1.76765,1.7681,3.20,1.80
2009.07.28 20:12:40.107,1.76765,1.76815,3.20,6.60
2009.07.28 20:12:42.106,1.76765,1.76815,3.20,1.80
2009.07.28 20:12:43.116,1.76765,1.76815,3.20,6.60
2009.07.28 20:12:48.854,1.76765,1.7681,3.20,1.00
2009.07.28 20:12:51.694,1.76765,1.76825,6.40,5.00
2009.07.28 20:12:51.744,1.7677,1.76825,2.80,9.80
2009.07.28 20:12:52.374,1.7677,1.76825,2.80,5.00
2009.07.28 20:12:53.063,1.7677,1.7682,2.80,1.00
2009.07.28 20:12:57.342,1.7677,1.7682,2.80,1.60
2009.07.28 20:12:57.522,1.7677,1.7682,2.80,3.20
2009.07.28 20:12:58.322,1.7677,1.7682,2.80,1.60
2009.07.28 20:12:58.552,1.7677,1.76825,2.80,9.80
2009.07.28 20:13:00.102,1.7677,1.7682,2.80,1.00
2009.07.28 20:13:01.631,1.7677,1.76825,2.80,5.00
2009.07.28 20:13:02.891,1.7677,1.76825,3.20,5.00
2009.07.28 20:13:03.862,1.7677,1.7682,2.80,1.80
2009.07.28 20:13:04.081,1.7677,1.7682,5.00,3.20
2009.07.28 20:13:04.871,1.7677,1.76815,5.00,1.60
2009.07.28 20:13:05.170,1.7678,1.76815,4.80,3.20
2009.07.28 20:13:13.958,1.7677,1.76815,5.00,3.20
2009.07.28 20:13:19.647,1.76765,1.7682,11.20,3.40
2009.07.28 20:13:19.997,1.76765,1.7682,11.20,1.80
2009.07.28 20:13:20.407,1.76765,1.7682,11.20,1.00
2009.07.28 20:13:20.747,1.76765,1.7682,6.40,1.00
2009.07.28 20:13:22.427,1.76765,1.7682,6.40,3.40
2009.07.28 20:13:22.756,1.76765,1.7682,6.40,3.20
2009.07.28 20:13:23.046,1.7678,1.7682,4.80,1.60
2009.07.28 20:13:23.216,1.76765,1.7683,3.20,1.80
2009.07.28 20:13:23.556,1.76765,1.76825,3.20,6.60
2009.07.28 20:13:23.916,1.7678,1.76825,4.80,1.80
2009.07.28 20:13:33.674,1.76765,1.76815,10.80,3.20
2009.07.28 20:13:35.023,1.76765,1.76815,11.20,3.20
2009.07.28 20:13:36.343,1.76765,1.7682,11.20,3.20
2009.07.28 20:13:36.743,1.76765,1.7683,11.20,9.80
2009.07.28 20:13:38.092,1.76775,1.7683,4.80,9.80
2009.07.28 20:13:40.652,1.76775,1.76825,4.80,3.20
2009.07.28 20:13:40.982,1.7677,1.7682,1.00,4.80
2009.07.28 20:13:43.131,1.7677,1.7682,1.00,6.40
2009.07.28 20:13:43.361,1.7677,1.7682,1.00,8.00
2009.07.28 20:13:45.401,1.7676,1.76815,3.20,4.80
2009.07.28 20:13:46.091,1.7676,1.7682,3.20,8.00
2009.07.28 20:13:46.370,1.7676,1.76815,3.20,4.80
2009.07.28 20:13:52.989,1.7676,1.7683,3.20,6.60
2009.07.28 20:13:53.669,1.7676,1.7682,3.20,4.80
2009.07.28 20:13:58.838,1.76765,1.7682,4.80,4.80
2009.07.28 20:13:58.957,1.76765,1.76825,4.80,1.80
2009.07.28 20:13:59.187,1.76755,1.7682,8.00,4.80
2009.07.28 20:13:59.357,1.76755,1.7682,11.20,4.80
2009.07.28 20:13:59.648,1.76755,1.76815,11.20,4.80
2009.07.28 20:13:59.817,1.76755,1.7682,11.20,4.80
2009.07.28 20:14:00.337,1.76755,1.7682,8.00,4.80
2009.07.28 20:14:00.697,1.76755,1.76815,3.20,4.80
2009.07.28 20:14:01.497,1.7676,1.76815,5.00,4.80
2009.07.28 20:14:03.406,1.76755,1.7681,5.00,4.80
2009.07.28 20:14:03.687,1.76755,1.7681,3.20,4.80
2009.07.28 20:14:04.036,1.76755,1.76815,6.40,4.80
2009.07.28 20:14:04.376,1.76755,1.76815,3.20,4.80
2009.07.28 20:14:04.996,1.7676,1.76815,5.00,4.80
2009.07.28 20:14:09.725,1.7677,1.76815,2.80,4.80
2009.07.28 20:14:09.775,1.7677,1.76825,2.80,8.00
2009.07.28 20:14:10.325,1.7677,1.76815,2.80,3.20
2009.07.28 20:14:11.015,1.7677,1.76825,3.20,8.00
2009.07.28 20:14:28.380,1.76755,1.76825,6.40,4.80
2009.07.28 20:14:28.730,1.76755,1.76835,4.80,5.00
2009.07.28 20:14:29.410,1.7676,1.76835,1.00,5.00
2009.07.28 20:14:29.710,1.76775,1.76825,3.20,4.80
2009.07.28 20:14:30.000,1.76785,1.76825,2.80,4.80
2009.07.28 20:14:30.360,1.76785,1.76835,4.40,4.80
2009.07.28 20:14:32.889,1.76785,1.76835,1.60,4.80
2009.07.28 20:14:33.279,1.7678,1.76835,3.20,4.80
2009.07.28 20:14:39.898,1.7679,1.76835,3.20,4.80
2009.07.28 20:14:47.636,1.7679,1.7684,3.20,6.60
2009.07.28 20:14:48.376,1.7679,1.7684,3.20,5.00
2009.07.28 20:14:48.715,1.7678,1.76835,2.80,4.80
2009.07.28 20:14:49.925,1.7678,1.76835,3.20,4.80
2009.07.28 20:15:00.973,1.7678,1.76835,4.80,4.80
2009.07.28 20:15:01.033,1.7679,1.76835,2.80,4.80
2009.07.28 20:15:01.393,1.76785,1.7684,4.40,6.40
2009.07.28 20:15:01.512,1.76785,1.76845,2.80,1.80
2009.07.28 20:15:01.862,1.76785,1.76845,2.80,6.60
2009.07.28 20:15:02.342,1.76785,1.76835,2.80,4.80
2009.07.28 20:15:03.362,1.7679,1.76835,1.60,4.80
2009.07.28 20:15:27.366,1.7679,1.76835,1.60,5.00
2009.07.28 20:15:27.936,1.7679,1.76835,1.60,6.60
2009.07.28 20:15:28.276,1.7679,1.76835,1.60,5.00
2009.07.28 20:15:29.016,1.7678,1.76835,4.40,6.60
2009.07.28 20:15:29.306,1.76775,1.76835,6.40,6.60
2009.07.28 20:15:34.184,1.7678,1.76835,3.20,4.80
2009.07.28 20:16:34.290,1.7678,1.76835,2.80,4.80
2009.07.28 20:16:46.317,1.7678,1.76835,2.80,5.00
2009.07.28 20:16:46.487,1.7678,1.76835,3.20,4.80
2009.07.28 20:16:52.046,1.76785,1.76835,1.00,4.80
2009.07.28 20:16:56.665,1.768,1.7684,3.20,9.80
2009.07.28 20:16:57.065,1.768,1.7684,3.20,8.20
2009.07.28 20:17:03.513,1.768,1.7684,3.20,11.40
2009.07.28 20:17:04.143,1.768,1.7684,3.20,9.80
2009.07.28 20:17:04.493,1.768,1.7684,3.20,1.80
2009.07.28 20:17:04.883,1.768,1.7684,3.20,1.00
2009.07.28 20:17:24.228,1.768,1.7685,3.20,3.40
2009.07.28 20:17:24.558,1.768,1.7685,3.20,1.80
2009.07.28 20:17:28.907,1.768,1.76845,3.20,1.80
2009.07.28 20:17:31.916,1.768,1.76845,3.20,6.60
2009.07.28 20:17:53.961,1.768,1.7685,3.20,1.80
2009.07.28 20:17:54.201,1.768,1.76845,3.20,4.80
2009.07.28 20:17:54.261,1.768,1.7685,3.20,1.80
2009.07.28 20:18:00.899,1.768,1.7685,3.40,1.60
2009.07.28 20:18:01.289,1.768,1.76855,3.40,4.80
2009.07.28 20:18:02.129,1.76805,1.76855,1.00,4.80
2009.07.28 20:18:04.068,1.7681,1.76855,1.00,4.80
2009.07.28 20:18:08.007,1.7681,1.76855,1.00,6.40
2009.07.28 20:18:08.418,1.768,1.76855,3.40,6.40
2009.07.28 20:18:08.648,1.768,1.76845,3.40,4.80
2009.07.28 20:18:09.337,1.768,1.76855,3.40,5.00
2009.07.28 20:18:09.977,1.768,1.76845,3.20,4.80
2009.07.28 20:18:11.007,1.768,1.76845,3.40,4.80
2009.07.28 20:18:15.366,1.76805,1.76845,1.00,4.80
2009.07.28 20:18:15.876,1.76805,1.76855,1.00,4.80
2009.07.28 20:18:17.445,1.7681,1.76855,1.00,4.80
2009.07.28 20:18:18.005,1.768,1.76855,3.40,6.40
2009.07.28 20:18:18.455,1.768,1.76845,3.40,4.80
2009.07.28 20:18:18.985,1.768,1.76855,3.40,5.00
2009.07.28 20:18:20.925,1.768,1.76845,3.20,4.80
2009.07.28 20:18:23.134,1.768,1.76845,3.40,4.80
2009.07.28 20:18:40.140,1.768,1.76855,3.40,5.00
2009.07.28 20:18:40.909,1.768,1.7685,3.40,4.80
2009.07.28 20:19:14.781,1.76805,1.7685,1.00,4.80
2009.07.28 20:19:15.871,1.768,1.7685,3.40,4.80
2009.07.28 20:19:16.221,1.768,1.76855,3.40,5.00
2009.07.28 20:19:17.261,1.768,1.76845,3.40,4.80
2009.07.28 20:19:51.133,1.768,1.7685,3.40,1.00
2009.07.28 20:20:14.547,1.768,1.76845,3.20,1.00
2009.07.28 20:20:25.265,1.768,1.76855,3.40,1.80
2009.07.28 20:20:25.615,1.768,1.76855,3.40,6.60
2009.07.28 20:21:00.896,1.768,1.7686,3.40,3.20
2009.07.28 20:21:02.176,1.768,1.76855,3.40,8.20
2009.07.28 20:21:02.405,1.768,1.76855,3.40,9.80
2009.07.28 20:21:05.155,1.768,1.76855,3.20,9.80
2009.07.28 20:21:05.665,1.768,1.76855,3.20,8.20
2009.07.28 20:21:06.005,1.768,1.76855,3.40,6.60
2009.07.28 20:21:23.480,1.768,1.76855,3.40,8.20
2009.07.28 20:21:23.840,1.768,1.7685,3.20,1.80
2009.07.28 20:21:23.960,1.768,1.7685,3.20,6.60
2009.07.28 20:21:25.890,1.768,1.76845,3.20,1.00
2009.07.28 20:21:27.939,1.768,1.76845,3.20,1.80
2009.07.28 20:21:28.109,1.768,1.76845,3.20,3.40
2009.07.28 20:21:31.289,1.76795,1.76845,1.00,1.80
2009.07.28 20:21:31.698,1.7678,1.7683,1.00,4.80
2009.07.28 20:21:32.288,1.7678,1.76835,1.00,4.80
2009.07.28 20:21:51.254,1.7678,1.76835,1.00,6.40
2009.07.28 20:21:51.944,1.7678,1.76835,1.00,6.60
2009.07.28 20:21:53.933,1.7678,1.76835,1.00,5.00
2009.07.28 20:21:55.023,1.76785,1.76835,1.00,5.00
2009.07.28 20:21:56.963,1.7679,1.76835,1.00,5.00
2009.07.28 20:21:57.782,1.7678,1.76835,1.00,5.00
2009.07.28 20:21:57.842,1.7678,1.76835,1.00,6.60
2009.07.28 20:21:58.982,1.7678,1.76835,1.00,3.20
2009.07.28 20:21:59.712,1.7678,1.76835,1.00,9.60
2009.07.28 20:22:00.221,1.76775,1.76835,1.00,9.60
2009.07.28 20:22:01.251,1.76775,1.7683,1.00,1.00
2009.07.28 20:22:04.001,1.76775,1.7683,5.00,1.00
2009.07.28 20:22:05.041,1.7678,1.76835,1.00,1.80
2009.07.28 20:22:05.840,1.7678,1.7683,1.00,1.00
2009.07.28 20:22:20.897,1.76785,1.76835,1.00,1.00
2009.07.28 20:22:35.053,1.76785,1.7683,1.00,1.00
2009.07.28 20:22:52.319,1.7678,1.7684,1.00,1.60
2009.07.28 20:22:52.549,1.7678,1.7683,1.00,3.20
2009.07.28 20:23:00.607,1.76785,1.7683,5.00,3.20
2009.07.28 20:23:00.937,1.76785,1.7683,1.00,1.60
2009.07.28 20:23:01.297,1.76785,1.7685,1.00,1.80
2009.07.28 20:23:01.967,1.76785,1.76845,1.00,1.80
2009.07.28 20:23:04.086,1.7678,1.7684,5.80,1.00
2009.07.28 20:23:04.376,1.7678,1.7684,5.00,1.80
2009.07.28 20:23:06.006,1.7678,1.76835,1.00,6.60
2009.07.28 20:23:06.396,1.7678,1.76835,1.00,5.00
2009.07.28 20:23:10.494,1.7678,1.76835,1.00,1.80
2009.07.28 20:23:14.144,1.76775,1.7683,1.00,2.80
2009.07.28 20:23:15.104,1.7678,1.7683,1.00,3.20
2009.07.28 20:23:22.032,1.76775,1.76825,1.00,3.20
2009.07.28 20:23:22.202,1.7678,1.7683,1.00,3.20
2009.07.28 20:23:22.612,1.7678,1.7683,1.00,5.00
2009.07.28 20:23:22.782,1.7678,1.76835,1.00,3.40
2009.07.28 20:23:23.921,1.76785,1.76835,1.00,3.40
2009.07.28 20:23:27.291,1.76775,1.76835,1.00,5.00
2009.07.28 20:23:27.511,1.7677,1.76835,1.80,9.60
2009.07.28 20:23:27.681,1.7677,1.7684,1.80,1.80
2009.07.28 20:23:27.911,1.76775,1.76835,1.00,6.60
2009.07.28 20:23:28.351,1.76775,1.76835,1.00,1.80
2009.07.28 20:23:28.690,1.76775,1.76835,1.00,6.60
2009.07.28 20:23:28.980,1.7678,1.76835,1.00,6.60
2009.07.28 20:23:34.809,1.76775,1.76835,1.00,6.60
2009.07.28 20:23:35.029,1.76775,1.7683,1.00,4.80
2009.07.28 20:23:35.479,1.76775,1.76835,1.00,1.80
2009.07.28 20:23:40.868,1.76775,1.76835,1.00,6.40
2009.07.28 20:23:41.207,1.76775,1.76835,1.00,12.80
2009.07.28 20:23:42.387,1.7678,1.76835,1.00,12.80
2009.07.28 20:23:42.887,1.76775,1.7683,1.00,1.00
2009.07.28 20:23:45.996,1.76775,1.76835,1.00,12.80
2009.07.28 20:23:46.396,1.76775,1.76835,1.00,5.00
2009.07.28 20:23:46.916,1.7678,1.76835,1.00,5.00
2009.07.28 20:23:47.276,1.7678,1.76835,1.00,3.40
2009.07.28 20:23:47.386,1.7678,1.76835,1.00,1.80
2009.07.28 20:23:56.034,1.7678,1.7683,1.00,1.00
2009.07.28 20:24:01.053,1.76775,1.76835,1.00,5.00
2009.07.28 20:24:01.393,1.76775,1.76835,1.00,8.00
2009.07.28 20:24:01.742,1.76775,1.76835,1.00,1.80
2009.07.28 20:24:02.892,1.7678,1.76835,1.00,1.80
2009.07.28 20:24:11.740,1.7678,1.7683,1.00,1.00
2009.07.28 20:24:22.467,1.76795,1.7685,3.20,3.40
2009.07.28 20:24:24.487,1.76805,1.76845,3.20,3.20
2009.07.28 20:24:29.056,1.76805,1.76845,3.20,3.40
2009.07.28 20:24:31.755,1.76805,1.76845,3.20,1.00
2009.07.28 20:24:33.415,1.76805,1.7684,3.20,1.00
2009.07.28 20:24:33.585,1.7679,1.76835,4.80,1.80
2009.07.28 20:24:33.805,1.7678,1.76835,6.40,1.80
2009.07.28 20:24:34.035,1.7678,1.76835,1.60,1.80
2009.07.28 20:24:35.064,1.7678,1.7683,1.60,1.80
2009.07.28 20:24:41.943,1.7678,1.76825,1.60,1.00
2009.07.28 20:24:43.392,1.76775,1.76825,1.00,1.00
2009.07.28 20:24:44.332,1.7677,1.7683,3.40,1.80
2009.07.28 20:24:45.082,1.76775,1.7683,1.00,1.80
2009.07.28 20:24:51.170,1.76775,1.76815,1.00,6.00
2009.07.28 20:24:51.331,1.7677,1.76815,3.20,6.00
2009.07.28 20:24:51.511,1.7677,1.7682,5.00,3.20
2009.07.28 20:24:51.740,1.7677,1.7682,3.40,1.60
2009.07.28 20:24:51.960,1.7677,1.76825,3.40,3.20
2009.07.28 20:24:52.960,1.76775,1.76825,1.00,3.20
2009.07.28 20:24:53.360,1.76775,1.7682,1.00,3.20
2009.07.28 20:24:55.379,1.7677,1.76815,3.20,3.20
2009.07.28 20:24:55.709,1.76765,1.76815,5.00,6.00
2009.07.28 20:24:55.999,1.76765,1.76805,1.00,3.20
2009.07.28 20:25:00.538,1.76755,1.76805,5.00,6.00
2009.07.28 20:25:00.768,1.7676,1.768,1.00,3.20
2009.07.28 20:25:01.478,1.7676,1.7681,1.00,3.20
2009.07.28 20:25:01.828,1.7676,1.7682,1.00,6.00
2009.07.28 20:25:02.288,1.7676,1.7682,1.00,7.60
2009.07.28 20:25:02.628,1.7677,1.7683,1.00,6.60
2009.07.28 20:25:03.208,1.7677,1.7683,1.00,1.80
2009.07.28 20:25:03.657,1.7677,1.7682,1.00,3.20
2009.07.28 20:25:03.947,1.7678,1.7682,1.00,3.20
2009.07.28 20:25:06.837,1.7677,1.7682,1.00,3.20
2009.07.28 20:25:07.406,1.7677,1.7682,1.00,1.60
2009.07.28 20:25:07.466,1.7677,1.7683,1.00,12.80
2009.07.28 20:25:07.576,1.7677,1.7683,1.00,9.60
2009.07.28 20:25:07.957,1.76775,1.7683,1.00,9.60
2009.07.28 20:25:09.236,1.76775,1.76825,1.00,1.00
2009.07.28 20:25:23.393,1.76775,1.7682,1.00,2.80
2009.07.28 20:25:28.602,1.7677,1.76815,1.00,4.80
2009.07.28 20:25:29.411,1.7677,1.76815,1.00,10.80
2009.07.28 20:25:37.339,1.7677,1.7681,1.00,2.80
2009.07.28 20:25:37.689,1.7677,1.76805,1.00,3.20
2009.07.28 20:25:40.039,1.7677,1.76805,1.00,6.00
2009.07.28 20:25:57.284,1.76765,1.76805,1.00,6.00
2009.07.28 20:25:57.565,1.76755,1.76805,1.80,6.00
2009.07.28 20:25:57.684,1.7675,1.768,1.00,4.80
2009.07.28 20:25:58.024,1.76755,1.76795,1.00,4.80
2009.07.28 20:25:58.694,1.7675,1.768,1.00,4.80
2009.07.28 20:26:01.054,1.76755,1.768,1.00,4.80
2009.07.28 20:26:01.633,1.76755,1.76795,1.00,3.20
2009.07.28 20:26:26.548,1.7674,1.76795,1.00,3.20
2009.07.28 20:26:26.938,1.7673,1.7679,1.00,1.60
2009.07.28 20:26:27.287,1.76735,1.7679,1.00,3.20
2009.07.28 20:26:27.517,1.76735,1.7679,1.00,2.80
2009.07.28 20:26:27.807,1.76735,1.76785,1.00,4.80
2009.07.28 20:26:28.097,1.7674,1.76785,1.00,4.80
2009.07.28 20:26:40.764,1.76745,1.76795,1.00,4.80
2009.07.28 20:26:41.114,1.76745,1.768,1.00,8.00
2009.07.28 20:26:41.884,1.76745,1.768,1.00,3.20
2009.07.28 20:26:43.264,1.7674,1.76805,1.00,10.80
2009.07.28 20:26:43.433,1.7674,1.76795,1.00,4.80
2009.07.28 20:26:44.083,1.7674,1.768,1.00,4.80
2009.07.28 20:26:44.373,1.7674,1.76805,1.00,10.80
2009.07.28 20:26:45.323,1.76745,1.76805,1.00,10.80
2009.07.28 20:26:45.543,1.76745,1.76805,1.00,6.00
2009.07.28 20:26:46.113,1.76745,1.76805,1.00,10.80
2009.07.28 20:26:52.861,1.7675,1.76805,5.00,1.60
2009.07.28 20:26:53.101,1.7675,1.7681,5.00,1.60
2009.07.28 20:26:53.271,1.7675,1.7681,5.00,3.20
2009.07.28 20:26:54.011,1.76755,1.7681,1.00,3.20
2009.07.28 20:26:59.130,1.76755,1.7681,1.00,4.80
2009.07.28 20:26:59.710,1.76745,1.7681,5.00,4.80
2009.07.28 20:27:00.299,1.76745,1.7681,1.00,4.80
2009.07.28 20:27:03.539,1.76745,1.768,1.00,1.60
2009.07.28 20:27:03.998,1.76745,1.768,1.00,3.20
2009.07.28 20:27:04.948,1.7674,1.76785,4.80,1.60
2009.07.28 20:27:05.418,1.7674,1.76785,4.80,3.20
2009.07.28 20:27:05.708,1.76735,1.768,1.00,3.20
2009.07.28 20:27:06.058,1.7674,1.76805,1.00,9.60
2009.07.28 20:27:06.698,1.7674,1.76805,1.00,8.00
2009.07.28 20:27:07.168,1.7674,1.76815,1.00,12.40
2009.07.28 20:27:07.917,1.76745,1.76815,1.00,12.40
2009.07.28 20:27:08.847,1.76745,1.76805,1.00,1.60
2009.07.28 20:27:09.177,1.76745,1.76805,1.00,3.20
2009.07.28 20:27:10.597,1.76745,1.76805,5.00,3.20
2009.07.28 20:27:16.266,1.76745,1.76805,1.00,3.20
2009.07.28 20:27:20.985,1.7675,1.76805,1.00,3.20
2009.07.28 20:27:21.385,1.7675,1.7681,1.00,6.00
2009.07.28 20:27:21.734,1.76745,1.768,1.00,2.80
2009.07.28 20:27:22.094,1.7674,1.768,1.00,8.00
2009.07.28 20:27:22.434,1.7674,1.768,1.00,12.40
2009.07.28 20:27:22.904,1.76745,1.768,1.00,12.40
2009.07.28 20:27:23.024,1.76745,1.768,1.00,3.20
2009.07.28 20:27:23.134,1.7674,1.768,1.00,8.00
2009.07.28 20:27:23.304,1.7674,1.76795,1.00,1.60
2009.07.28 20:27:23.584,1.76745,1.76795,1.00,3.20
2009.07.28 20:27:23.704,1.7674,1.76795,1.00,3.20
2009.07.28 20:27:23.884,1.76745,1.76795,1.00,3.20
2009.07.28 20:27:24.363,1.7674,1.76795,1.00,3.20
2009.07.28 20:27:24.594,1.76745,1.76795,1.00,3.20
2009.07.28 20:27:24.764,1.7674,1.76795,1.00,3.20
2009.07.28 20:27:25.064,1.76745,1.76795,1.00,3.20
2009.07.28 20:27:25.293,1.7674,1.76795,1.00,3.20
2009.07.28 20:27:25.523,1.76745,1.76795,1.00,3.20
2009.07.28 20:27:25.763,1.7674,1.76795,1.00,3.20
2009.07.28 20:27:25.993,1.76745,1.76795,1.00,3.20
2009.07.28 20:27:26.603,1.76745,1.76805,1.00,10.80
2009.07.28 20:27:27.163,1.76735,1.768,1.00,15.40
2009.07.28 20:27:27.453,1.76735,1.768,1.00,16.20
2009.07.28 20:27:27.743,1.76735,1.7679,1.00,4.80
2009.07.28 20:27:28.093,1.7674,1.7679,1.00,4.80
2009.07.28 20:27:29.342,1.76745,1.7679,1.00,6.40
2009.07.28 20:27:29.392,1.76745,1.7679,1.00,3.20
2009.07.28 20:27:29.503,1.7675,1.7679,1.00,3.20
2009.07.28 20:27:38.700,1.7675,1.76795,1.00,7.60
2009.07.28 20:27:39.490,1.7675,1.7679,1.00,3.20
2009.07.28 20:27:40.050,1.76745,1.7679,1.00,3.20
2009.07.28 20:27:40.270,1.76735,1.7679,1.00,3.20
2009.07.28 20:27:40.500,1.7674,1.7679,1.00,4.80
2009.07.28 20:27:40.729,1.7674,1.7679,1.00,10.80
2009.07.28 20:27:40.970,1.7674,1.76795,1.00,10.80
2009.07.28 20:27:41.199,1.7674,1.7679,1.00,4.80
2009.07.28 20:27:42.509,1.7674,1.7679,1.00,8.00
2009.07.28 20:27:43.039,1.7672,1.76785,1.60,4.80
2009.07.28 20:27:43.499,1.76735,1.76785,4.80,1.60
2009.07.28 20:27:44.009,1.7672,1.76785,6.40,1.60
2009.07.28 20:27:44.929,1.7672,1.76785,6.60,1.60
2009.07.28 20:27:45.788,1.7672,1.76785,5.00,1.60
2009.07.28 20:27:46.178,1.7673,1.7679,4.80,1.60
2009.07.28 20:27:47.048,1.7672,1.76785,5.00,1.60
2009.07.28 20:27:47.728,1.7673,1.76795,4.80,1.60
2009.07.28 20:27:47.908,1.76725,1.76795,5.00,1.60
2009.07.28 20:27:48.658,1.7674,1.76795,4.80,1.60
2009.07.28 20:27:48.828,1.7674,1.76805,4.80,1.80
2009.07.28 20:27:50.197,1.7673,1.76805,5.00,1.80
2009.07.28 20:27:50.737,1.7673,1.76805,17.80,1.80
2009.07.28 20:27:50.917,1.7674,1.76805,4.80,1.80
2009.07.28 20:28:06.183,1.7673,1.76805,11.60,1.80
2009.07.28 20:28:09.703,1.7674,1.76805,4.80,1.80
2009.07.28 20:28:13.972,1.76735,1.76805,5.00,1.80
2009.07.28 20:28:15.871,1.76745,1.76805,4.80,1.80
2009.07.28 20:28:22.310,1.7674,1.76805,1.00,1.80
2009.07.28 20:28:23.129,1.7674,1.76805,5.00,1.80
2009.07.28 20:28:23.529,1.76745,1.76805,4.80,1.80
2009.07.28 20:28:25.899,1.7673,1.76805,5.00,1.80
2009.07.28 20:28:26.548,1.7673,1.76795,5.00,1.60
2009.07.28 20:28:26.939,1.7673,1.768,5.00,10.60
2009.07.28 20:28:27.239,1.76735,1.768,4.80,10.60
2009.07.28 20:28:28.268,1.76735,1.76795,4.80,7.60
2009.07.28 20:28:29.658,1.76735,1.768,4.80,5.80
2009.07.28 20:28:29.998,1.76735,1.76795,4.80,1.80
2009.07.28 20:28:35.427,1.76735,1.768,4.80,6.00
2009.07.28 20:28:35.607,1.76735,1.768,4.80,4.40
2009.07.28 20:28:35.776,1.76735,1.768,5.00,1.20
2009.07.28 20:28:36.007,1.7674,1.76805,4.80,6.00
2009.07.28 20:28:36.926,1.7674,1.768,5.00,1.00
2009.07.28 20:28:37.906,1.76745,1.76805,1.00,6.00
2009.07.28 20:28:38.926,1.76745,1.768,1.00,1.00
2009.07.28 20:28:46.544,1.76745,1.76795,1.00,2.80
2009.07.28 20:28:49.883,1.76745,1.76795,1.00,3.20
2009.07.28 20:29:10.088,1.76745,1.7679,1.00,1.00
2009.07.28 20:29:10.598,1.76745,1.76795,1.00,2.80
2009.07.28 20:29:10.948,1.76745,1.768,1.00,1.00
2009.07.28 20:29:20.776,1.7675,1.76805,1.00,1.60
2009.07.28 20:29:21.005,1.7675,1.7681,1.00,9.20
2009.07.28 20:29:21.365,1.7675,1.7681,1.00,3.20
2009.07.28 20:29:21.645,1.7675,1.7681,5.00,3.20
2009.07.28 20:29:21.935,1.76755,1.76805,1.00,1.00
2009.07.28 20:29:23.095,1.7676,1.7681,1.00,3.20
2009.07.28 20:29:23.915,1.7676,1.76805,1.00,1.00
2009.07.28 20:29:57.157,1.7676,1.76815,1.00,1.80
2009.07.28 20:29:57.607,1.7676,1.7682,4.80,1.80
2009.07.28 20:29:58.007,1.76755,1.7682,5.00,1.80
2009.07.28 20:29:58.756,1.76765,1.7682,4.80,1.80
2009.07.28 20:29:58.876,1.7676,1.7682,5.00,1.80
2009.07.28 20:30:00.016,1.7676,1.76815,5.00,1.00
2009.07.28 20:30:08.874,1.76765,1.76815,1.00,1.00
2009.07.28 20:31:09.209,1.7676,1.7682,4.80,1.60
2009.07.28 20:31:14.828,1.7676,1.7682,5.00,1.80
2009.07.28 20:31:15.178,1.7676,1.7682,5.00,3.40
2009.07.28 20:31:15.518,1.7676,1.7682,5.00,5.00
2009.07.28 20:31:16.268,1.7676,1.76815,5.00,1.00
2009.07.28 20:31:19.507,1.7676,1.76815,5.00,1.80
2009.07.28 20:31:20.027,1.7676,1.76815,1.00,1.80
2009.07.28 20:31:28.065,1.7676,1.7681,1.00,1.00
2009.07.28 20:31:49.460,1.7676,1.7681,1.00,3.40
2009.07.28 20:32:27.810,1.76745,1.76815,2.80,9.00
2009.07.28 20:32:41.647,1.76735,1.7681,7.00,6.00
2009.07.28 20:32:41.877,1.76745,1.7681,4.80,2.80
2009.07.28 20:32:42.157,1.7674,1.7681,4.80,2.80
2009.07.28 20:32:46.556,1.76745,1.7681,1.00,3.20
2009.07.28 20:32:48.646,1.76745,1.7681,3.20,5.00
2009.07.28 20:32:48.866,1.76745,1.7681,1.00,3.20
2009.07.28 20:32:54.634,1.7675,1.7681,1.00,3.20
2009.07.28 20:33:00.353,1.7674,1.76805,1.00,4.80
2009.07.28 20:33:00.753,1.7674,1.76805,5.00,4.80
2009.07.28 20:33:01.043,1.7674,1.76805,5.00,3.20
2009.07.28 20:33:01.223,1.7674,1.76805,5.00,2.80
2009.07.28 20:33:01.573,1.7674,1.7681,1.00,3.20
2009.07.28 20:33:01.973,1.76745,1.76795,1.00,2.80
2009.07.28 20:33:02.482,1.76735,1.76795,4.80,4.40
2009.07.28 20:33:02.932,1.7672,1.76795,1.80,4.40
2009.07.28 20:33:03.932,1.76725,1.76785,1.00,4.80
2009.07.28 20:33:04.921,1.7673,1.76785,1.00,4.80
2009.07.28 20:33:05.901,1.76725,1.7678,1.00,1.00
2009.07.28 20:33:07.681,1.76735,1.7679,1.00,8.00
2009.07.28 20:33:08.201,1.7673,1.7679,1.00,9.60
2009.07.28 20:33:08.901,1.7673,1.7679,1.00,4.80
2009.07.28 20:33:09.161,1.76735,1.7679,1.00,4.80
2009.07.28 20:33:10.300,1.76725,1.76785,1.00,1.80
2009.07.28 20:33:10.540,1.76725,1.76785,1.00,3.20
2009.07.28 20:33:16.989,1.76725,1.76775,1.00,1.60
2009.07.28 20:33:17.339,1.76725,1.7677,1.00,3.20
2009.07.28 20:33:18.008,1.7672,1.7677,1.00,3.20
2009.07.28 20:33:22.058,1.76715,1.7677,1.80,3.20
2009.07.28 20:33:23.167,1.7672,1.7677,1.00,3.20
2009.07.28 20:33:24.337,1.7672,1.7678,1.80,4.80
2009.07.28 20:33:24.857,1.7672,1.7678,1.80,3.20
2009.07.28 20:33:25.027,1.7672,1.7678,1.80,4.80
2009.07.28 20:33:25.247,1.7672,1.7677,1.80,3.20
2009.07.28 20:33:25.417,1.7672,1.7677,1.00,3.20
2009.07.28 20:33:26.227,1.76715,1.7677,1.00,3.20
2009.07.28 20:33:26.996,1.7672,1.7677,1.00,3.20
2009.07.28 20:33:32.735,1.76715,1.7677,1.00,3.20
2009.07.28 20:33:33.945,1.7672,1.7677,1.00,3.20
2009.07.28 20:33:42.223,1.76695,1.7676,1.80,5.80
2009.07.28 20:33:42.523,1.76695,1.7676,1.80,10.60
2009.07.28 20:33:42.882,1.76695,1.7676,1.00,10.60
2009.07.28 20:33:44.922,1.7669,1.7676,1.00,10.80
2009.07.28 20:33:45.152,1.7669,1.76755,1.00,6.40
2009.07.28 20:33:45.392,1.7669,1.76755,5.00,1.60
2009.07.28 20:33:53.850,1.76695,1.76755,1.00,1.60
2009.07.28 20:33:53.910,1.76695,1.7676,3.40,6.40
2009.07.28 20:33:54.920,1.767,1.7676,1.00,6.40
2009.07.28 20:33:56.859,1.76705,1.7676,1.00,6.40
2009.07.28 20:33:57.429,1.767,1.7676,1.00,3.20
2009.07.28 20:33:57.779,1.7669,1.76755,3.80,3.20
2009.07.28 20:33:58.129,1.7669,1.76755,5.00,3.20
2009.07.28 20:33:59.478,1.7669,1.76755,3.40,3.20
2009.07.28 20:33:59.768,1.7669,1.76755,5.00,3.20
2009.07.28 20:33:59.998,1.76695,1.76755,4.80,3.20
2009.07.28 20:34:00.178,1.7669,1.76755,5.00,3.20
2009.07.28 20:34:01.508,1.7669,1.7675,5.00,3.20
2009.07.28 20:34:02.888,1.76695,1.7675,1.00,3.20
2009.07.28 20:34:11.696,1.7669,1.7675,5.00,3.20
2009.07.28 20:34:15.535,1.7669,1.76755,5.00,3.20
2009.07.28 20:34:16.045,1.76695,1.76755,1.00,3.20
2009.07.28 20:34:16.214,1.76695,1.76755,5.00,3.20
2009.07.28 20:34:16.435,1.76695,1.76755,4.80,3.20
2009.07.28 20:34:16.665,1.7669,1.76755,5.00,4.80
2009.07.28 20:34:20.883,1.76695,1.76755,1.00,3.20
2009.07.28 20:34:23.693,1.76695,1.76755,1.00,1.60
2009.07.28 20:34:23.813,1.76695,1.7676,1.00,7.60
2009.07.28 20:34:31.541,1.76695,1.76755,1.00,3.20
2009.07.28 20:34:35.590,1.76695,1.7675,1.00,1.60
2009.07.28 20:34:35.810,1.76695,1.7675,1.00,3.20
2009.07.28 20:34:46.987,1.76695,1.7676,1.00,3.20
2009.07.28 20:34:47.857,1.767,1.7676,1.00,3.20
2009.07.28 20:34:49.157,1.76705,1.7676,1.00,3.20
2009.07.28 20:35:00.684,1.76705,1.7676,1.00,8.00
2009.07.28 20:35:05.143,1.76705,1.7676,1.00,4.80
2009.07.28 20:35:07.192,1.76705,1.7677,3.20,3.40
2009.07.28 20:35:07.412,1.7671,1.7677,1.00,6.40
2009.07.28 20:35:07.632,1.7671,1.7677,1.00,8.00
2009.07.28 20:35:07.912,1.7671,1.7677,1.00,6.40
2009.07.28 20:35:08.492,1.7672,1.7677,3.20,3.40
2009.07.28 20:35:12.361,1.76715,1.7677,3.20,3.40
2009.07.28 20:35:12.921,1.76715,1.7676,2.80,4.80
2009.07.28 20:35:13.251,1.76715,1.7678,2.80,1.80
2009.07.28 20:35:17.890,1.76715,1.7678,3.20,1.80
2009.07.28 20:35:18.959,1.7672,1.7678,1.60,1.80
2009.07.28 20:35:22.119,1.7672,1.7679,1.80,4.80
2009.07.28 20:35:22.459,1.7672,1.76795,5.00,7.60
2009.07.28 20:35:23.149,1.76725,1.76795,1.00,7.60
2009.07.28 20:35:23.658,1.76715,1.7678,3.20,1.60
2009.07.28 20:35:23.828,1.76715,1.76785,3.20,1.60
2009.07.28 20:35:24.558,1.76715,1.7678,3.20,1.60
2009.07.28 20:35:24.668,1.76715,1.7678,3.20,3.20
2009.07.28 20:35:26.978,1.76715,1.76775,3.20,3.20
2009.07.28 20:35:35.315,1.76725,1.7678,1.00,1.60
2009.07.28 20:35:35.595,1.76715,1.76785,3.20,3.20
2009.07.28 20:35:36.635,1.76715,1.7677,3.20,1.60
2009.07.28 20:35:37.105,1.76715,1.7677,1.00,4.80
2009.07.28 20:35:37.525,1.7671,1.7677,2.80,4.80
2009.07.28 20:35:38.055,1.7671,1.7677,3.20,4.80
2009.07.28 20:35:38.974,1.7671,1.7677,2.80,4.80
2009.07.28 20:35:44.313,1.7671,1.7677,3.20,5.00
2009.07.28 20:35:44.943,1.7671,1.76765,2.80,1.00
2009.07.28 20:35:45.183,1.7671,1.76765,3.20,1.00
2009.07.28 20:35:47.093,1.7671,1.7677,3.20,5.00
2009.07.28 20:35:52.721,1.7671,1.7677,1.00,5.00
2009.07.28 20:35:54.981,1.7671,1.7677,1.00,3.40
2009.07.28 20:35:55.141,1.7673,1.7677,3.20,3.40
2009.07.28 20:35:55.771,1.7673,1.7677,3.20,3.20
2009.07.28 20:35:56.570,1.7672,1.7677,2.80,3.20
2009.07.28 20:35:56.851,1.76715,1.7676,1.60,1.60
2009.07.28 20:35:57.080,1.76715,1.7675,1.60,1.60
2009.07.28 20:35:57.530,1.76695,1.7675,1.60,1.60
2009.07.28 20:35:57.980,1.7669,1.7675,3.80,1.60
2009.07.28 20:35:59.050,1.76695,1.7676,3.40,1.80
2009.07.28 20:35:59.160,1.767,1.7676,2.80,1.80
2009.07.28 20:35:59.520,1.767,1.76765,2.80,1.80
2009.07.28 20:36:01.009,1.767,1.76765,3.20,1.80
2009.07.28 20:36:15.766,1.767,1.76765,3.20,3.40
2009.07.28 20:36:15.946,1.767,1.76765,3.20,5.00
2009.07.28 20:36:17.675,1.767,1.76765,3.20,3.40
2009.07.28 20:36:18.025,1.76705,1.76765,8.00,3.20
2009.07.28 20:36:18.715,1.76705,1.76765,3.20,3.20
2009.07.28 20:36:25.873,1.76705,1.76765,3.20,1.60
2009.07.28 20:36:25.993,1.76705,1.76775,3.20,3.40
2009.07.28 20:36:26.283,1.76705,1.76775,3.20,1.80
2009.07.28 20:36:27.783,1.76705,1.76775,2.80,1.80
2009.07.28 20:36:28.123,1.767,1.76765,1.80,1.60
2009.07.28 20:36:28.413,1.767,1.76765,6.80,1.60
2009.07.28 20:36:28.742,1.767,1.76765,1.00,1.60
2009.07.28 20:36:29.852,1.76695,1.7677,5.00,1.80
2009.07.28 20:36:30.272,1.767,1.7677,1.00,6.40
2009.07.28 20:36:31.942,1.76705,1.7677,1.00,6.40
2009.07.28 20:36:32.872,1.76705,1.7677,3.20,6.40
2009.07.28 20:36:33.402,1.76705,1.76765,2.80,1.60
2009.07.28 20:36:34.851,1.767,1.7677,8.00,4.80
2009.07.28 20:36:35.081,1.767,1.7677,3.20,5.00
2009.07.28 20:36:37.540,1.767,1.76765,3.20,1.80
2009.07.28 20:36:54.126,1.767,1.76765,3.20,6.60
2009.07.28 20:36:59.345,1.767,1.76765,3.20,1.80
2009.07.28 20:37:06.044,1.76695,1.76755,3.40,6.40
2009.07.28 20:37:06.273,1.76695,1.76745,3.40,3.20
2009.07.28 20:37:13.832,1.767,1.7675,2.80,1.00
2009.07.28 20:37:14.912,1.767,1.76765,3.20,1.80
2009.07.28 20:37:17.531,1.767,1.7676,1.00,2.80
2009.07.28 20:37:17.711,1.767,1.76745,1.00,3.20
2009.07.28 20:37:18.071,1.76695,1.76745,3.40,3.20
2009.07.28 20:37:28.888,1.767,1.76745,1.00,3.20
2009.07.28 20:37:29.008,1.767,1.76765,3.20,1.80
2009.07.28 20:37:30.368,1.767,1.76765,3.20,5.00
2009.07.28 20:37:31.068,1.767,1.7676,3.20,3.20
2009.07.28 20:37:37.036,1.767,1.7676,2.80,3.40
2009.07.28 20:37:38.016,1.767,1.7676,3.20,3.40
2009.07.28 20:37:42.325,1.76695,1.76745,3.40,3.20
2009.07.28 20:37:59.411,1.76705,1.76745,5.00,3.20
2009.07.28 20:38:00.630,1.76715,1.76745,4.80,3.20
2009.07.28 20:38:06.519,1.7671,1.7675,3.40,3.20
2009.07.28 20:38:15.007,1.7671,1.7675,3.20,3.20
2009.07.28 20:38:15.937,1.7671,1.7675,3.40,3.20
2009.07.28 20:38:52.948,1.76715,1.7677,3.20,9.20
2009.07.28 20:38:53.228,1.76715,1.76775,8.20,1.80
2009.07.28 20:38:53.758,1.76715,1.76775,3.40,1.80
2009.07.28 20:38:54.197,1.7672,1.7678,1.00,4.80
2009.07.28 20:38:54.318,1.7672,1.7678,5.00,3.20
2009.07.28 20:38:57.906,1.7672,1.7678,1.00,3.20
2009.07.28 20:38:59.376,1.76715,1.7678,3.40,3.40
2009.07.28 20:38:59.476,1.76715,1.7677,3.40,1.60
2009.07.28 20:39:00.946,1.76715,1.76775,3.40,1.80
2009.07.28 20:39:02.046,1.76715,1.7677,3.40,1.80
2009.07.28 20:39:06.965,1.76715,1.76775,3.40,1.80
2009.07.28 20:39:07.205,1.76715,1.76775,3.40,6.60
2009.07.28 20:39:07.494,1.76715,1.76775,3.40,5.00
2009.07.28 20:39:07.794,1.76715,1.76775,3.40,3.40
2009.07.28 20:39:08.124,1.76715,1.76775,3.40,1.80
2009.07.28 20:39:08.794,1.76715,1.7677,3.40,3.20
2009.07.28 20:39:08.964,1.76715,1.76765,3.40,1.60
2009.07.28 20:39:09.194,1.76715,1.76765,3.40,3.20
2009.07.28 20:39:09.374,1.76715,1.7676,3.40,1.60
2009.07.28 20:39:09.534,1.76715,1.7676,3.40,3.20
2009.07.28 20:39:11.063,1.76715,1.7676,3.40,1.60
2009.07.28 20:39:11.294,1.76715,1.76765,3.40,3.20
2009.07.28 20:39:12.104,1.76715,1.7677,3.20,1.80
2009.07.28 20:39:13.203,1.76715,1.76765,3.20,3.40
2009.07.28 20:39:18.632,1.76715,1.76765,3.20,5.00
2009.07.28 20:39:19.042,1.76715,1.76765,3.20,3.40
2009.07.28 20:39:19.382,1.76715,1.76765,3.20,5.00
2009.07.28 20:39:22.051,1.76715,1.7676,3.20,1.00
2009.07.28 20:40:04.851,1.76715,1.7676,3.20,3.40
2009.07.28 20:40:18.957,1.76715,1.7676,3.20,1.00
2009.07.28 20:40:21.836,1.76715,1.76765,3.20,4.80
2009.07.28 20:40:25.176,1.76715,1.7676,3.20,1.60
2009.07.28 20:40:25.525,1.76715,1.7676,3.20,3.20
2009.07.28 20:40:25.875,1.76715,1.7676,3.20,1.60
2009.07.28 20:40:26.175,1.76715,1.76765,3.20,4.80
2009.07.28 20:40:35.053,1.76715,1.76765,3.20,3.20
2009.07.28 20:40:35.463,1.76715,1.76765,3.20,1.60
2009.07.28 20:40:48.580,1.76715,1.7676,3.20,1.60
2009.07.28 20:40:48.760,1.76715,1.7676,3.20,3.20
2009.07.28 20:40:49.690,1.76715,1.7676,3.20,1.60
2009.07.28 20:40:50.020,1.76715,1.76765,3.20,4.80
2009.07.28 20:40:53.139,1.76715,1.76765,3.20,3.20
2009.07.28 20:41:01.617,1.76715,1.76765,3.20,3.40
2009.07.28 20:41:22.582,1.767,1.76745,1.00,3.20
2009.07.28 20:41:24.471,1.76695,1.7673,3.20,3.20
2009.07.28 20:41:24.801,1.7671,1.7675,3.20,4.80
2009.07.28 20:41:24.971,1.7671,1.7675,3.20,3.20
2009.07.28 20:41:25.211,1.76695,1.76745,3.40,3.20
2009.07.28 20:41:26.811,1.767,1.76745,1.00,3.20
2009.07.28 20:41:27.461,1.76695,1.7673,3.40,3.20
2009.07.28 20:41:27.971,1.76695,1.76745,3.40,3.20
2009.07.28 20:41:29.900,1.767,1.76745,1.00,3.20
2009.07.28 20:41:31.530,1.76695,1.7673,3.20,3.20
2009.07.28 20:41:48.406,1.76695,1.76745,3.40,3.20
2009.07.28 20:41:50.435,1.76695,1.7673,3.40,3.20
2009.07.28 20:41:50.735,1.76695,1.7673,3.20,3.20
2009.07.28 20:41:53.814,1.76695,1.76745,3.20,3.40
2009.07.28 20:41:54.454,1.76695,1.76745,3.40,3.20
2009.07.28 20:41:55.834,1.767,1.76745,1.00,3.20
2009.07.28 20:42:02.292,1.76695,1.76745,3.40,3.20
2009.07.28 20:42:02.402,1.76695,1.76755,6.40,6.60
2009.07.28 20:42:02.752,1.76695,1.76755,6.40,5.00
2009.07.28 20:42:05.082,1.767,1.76755,1.00,5.00
2009.07.28 20:42:05.561,1.76695,1.76755,6.40,5.00
2009.07.28 20:42:05.902,1.76695,1.76745,3.40,3.20
2009.07.28 20:42:06.811,1.767,1.76745,1.00,3.20
2009.07.28 20:42:18.978,1.76695,1.76745,3.40,3.20
2009.07.28 20:42:34.874,1.767,1.76745,1.00,3.20
2009.07.28 20:42:36.894,1.76695,1.76745,3.40,3.20
2009.07.28 20:42:39.153,1.767,1.76745,1.00,3.20
2009.07.28 20:42:41.903,1.76695,1.76745,3.40,3.20
2009.07.28 20:42:56.889,1.76695,1.76745,3.20,3.40
2009.07.28 20:42:57.159,1.76695,1.76745,3.40,3.20
2009.07.28 20:42:58.599,1.76695,1.76745,6.40,4.80
2009.07.28 20:42:59.648,1.76695,1.76745,6.40,3.20
2009.07.28 20:43:00.068,1.767,1.76745,1.00,3.20
2009.07.28 20:43:00.788,1.76705,1.76745,1.00,3.20
2009.07.28 20:43:01.608,1.767,1.76745,1.00,3.20
2009.07.28 20:43:08.356,1.76695,1.76745,3.40,3.20
2009.07.28 20:43:10.076,1.767,1.76745,1.00,3.20
2009.07.28 20:43:11.336,1.76695,1.76745,3.40,3.20
2009.07.28 20:43:17.985,1.76695,1.7674,3.20,1.60
2009.07.28 20:43:18.154,1.76695,1.7674,3.20,3.20
2009.07.28 20:43:18.664,1.76695,1.76745,3.20,3.40
2009.07.28 20:43:19.004,1.76695,1.7674,3.20,1.80
2009.07.28 20:43:19.354,1.76695,1.7674,3.20,3.40
2009.07.28 20:43:24.283,1.76695,1.7674,3.20,3.20
2009.07.28 20:43:26.172,1.76695,1.7674,3.20,3.40
2009.07.28 20:43:26.342,1.76695,1.7673,3.20,3.20
2009.07.28 20:43:26.582,1.76685,1.7674,1.00,3.40
2009.07.28 20:43:27.962,1.76685,1.7674,1.00,1.00
2009.07.28 20:43:40.159,1.76685,1.7674,1.00,1.80
2009.07.28 20:43:40.269,1.76685,1.7674,1.00,1.00
2009.07.28 20:43:42.178,1.76685,1.7673,1.00,3.20
2009.07.28 20:43:54.875,1.7668,1.7673,3.40,3.20
2009.07.28 20:43:55.105,1.7668,1.7673,3.20,3.20
2009.07.28 20:43:55.286,1.7667,1.7673,3.40,3.20
2009.07.28 20:43:55.405,1.7667,1.7673,3.40,4.80
2009.07.28 20:43:55.575,1.7667,1.7673,3.40,5.00
2009.07.28 20:43:55.685,1.7667,1.7673,1.00,3.40
2009.07.28 20:43:56.045,1.7667,1.7673,1.00,5.00
2009.07.28 20:43:56.385,1.7667,1.7673,1.00,3.40
2009.07.28 20:43:58.185,1.7667,1.76725,1.00,1.80
2009.07.28 20:43:58.524,1.7667,1.76725,1.00,6.60
2009.07.28 20:44:00.294,1.76675,1.7673,1.00,4.80
2009.07.28 20:44:00.414,1.76675,1.7673,1.00,3.20
2009.07.28 20:44:00.644,1.7668,1.7673,3.20,3.20
2009.07.28 20:44:01.694,1.7668,1.7673,3.40,3.20
2009.07.28 20:44:23.838,1.76685,1.7673,1.00,3.20
2009.07.28 20:44:44.583,1.7669,1.7673,1.00,3.20
2009.07.28 20:44:48.092,1.76685,1.7673,1.00,3.20
2009.07.28 20:45:01.319,1.7668,1.7673,2.80,3.20
2009.07.28 20:45:01.779,1.76675,1.76745,1.00,1.60
2009.07.28 20:45:02.009,1.7669,1.76745,4.80,1.60
2009.07.28 20:45:02.419,1.76685,1.76745,4.80,1.60
2009.07.28 20:45:02.829,1.76665,1.76735,1.00,4.80
2009.07.28 20:45:02.949,1.7667,1.76735,1.00,4.80
2009.07.28 20:45:04.988,1.7668,1.7674,1.00,4.80
2009.07.28 20:45:06.668,1.76685,1.7674,1.00,4.80
2009.07.28 20:45:11.967,1.76685,1.7674,1.00,6.40
2009.07.28 20:45:12.187,1.76685,1.7674,1.00,8.00
2009.07.28 20:45:12.466,1.76685,1.7674,1.00,4.80
2009.07.28 20:45:13.337,1.7668,1.7674,1.00,4.80
2009.07.28 20:45:15.366,1.7668,1.7674,1.00,6.40
2009.07.28 20:45:15.586,1.76675,1.7674,1.00,8.00
2009.07.28 20:45:15.756,1.76675,1.7674,1.00,4.80
2009.07.28 20:45:19.795,1.7668,1.7674,1.00,4.80
2009.07.28 20:45:19.976,1.7668,1.7674,5.00,4.80
2009.07.28 20:45:21.584,1.76675,1.7674,3.20,3.20
2009.07.28 20:45:23.104,1.7668,1.7674,5.00,3.20
2009.07.28 20:45:42.699,1.7668,1.7675,5.00,4.80
2009.07.28 20:45:43.109,1.7668,1.76745,6.80,1.60
2009.07.28 20:45:43.399,1.76685,1.76745,4.80,1.60
2009.07.28 20:45:45.099,1.76685,1.76745,5.00,1.60
2009.07.28 20:45:45.448,1.7669,1.76745,2.80,3.20
2009.07.28 20:45:45.859,1.7669,1.7675,2.80,4.80
2009.07.28 20:45:46.098,1.7669,1.76765,2.80,1.80
2009.07.28 20:45:47.088,1.76695,1.76755,5.00,3.20
2009.07.28 20:45:47.438,1.767,1.76755,1.00,3.20
2009.07.28 20:45:47.948,1.7668,1.76745,5.00,3.20
2009.07.28 20:45:50.068,1.7668,1.76745,4.80,3.20
2009.07.28 20:45:50.307,1.7667,1.76745,5.00,10.80
2009.07.28 20:45:50.587,1.76685,1.76745,4.80,10.80
2009.07.28 20:45:51.347,1.7667,1.76745,5.00,15.60
2009.07.28 20:45:51.867,1.76675,1.76745,1.00,15.60
2009.07.28 20:45:53.177,1.7667,1.76745,3.20,4.80
2009.07.28 20:45:53.767,1.7667,1.76745,8.00,4.80
2009.07.28 20:45:54.126,1.7668,1.76745,4.80,4.80
2009.07.28 20:45:54.697,1.7667,1.76745,5.00,4.80
2009.07.28 20:45:55.206,1.7667,1.7674,5.00,1.60
2009.07.28 20:45:55.366,1.7668,1.7674,6.60,3.20
2009.07.28 20:45:55.696,1.7668,1.7674,4.80,3.20
2009.07.28 20:45:56.026,1.76685,1.7674,4.80,3.20
2009.07.28 20:45:56.606,1.76675,1.76745,5.00,1.60
2009.07.28 20:45:57.117,1.76675,1.7675,5.00,10.80
2009.07.28 20:45:57.456,1.7669,1.7675,4.80,10.80
2009.07.28 20:45:58.266,1.7668,1.76745,5.00,3.20
2009.07.28 20:45:59.125,1.7669,1.76745,4.80,3.20
2009.07.28 20:46:00.065,1.7669,1.76745,5.00,3.20
2009.07.28 20:46:01.305,1.7669,1.76745,1.00,3.20
2009.07.28 20:46:03.194,1.76685,1.76745,1.80,3.20
2009.07.28 20:46:03.715,1.7668,1.76745,1.80,8.00
2009.07.28 20:46:04.104,1.7669,1.76745,1.60,3.20
2009.07.28 20:46:04.454,1.7669,1.76745,1.60,1.60
2009.07.28 20:46:04.794,1.7669,1.7676,1.80,6.00
2009.07.28 20:46:05.954,1.7669,1.7676,1.80,7.60
2009.07.28 20:46:06.364,1.7669,1.7675,1.80,1.60
2009.07.28 20:46:06.814,1.7669,1.7675,6.60,3.20
2009.07.28 20:46:07.163,1.7669,1.7674,1.80,3.20
2009.07.28 20:46:08.133,1.7669,1.7672,1.00,4.80
2009.07.28 20:46:08.593,1.7667,1.7672,1.00,4.80
2009.07.28 20:46:08.893,1.7667,1.76735,1.00,6.40
2009.07.28 20:46:09.183,1.7667,1.76735,1.00,1.60
2009.07.28 20:46:09.803,1.76675,1.76735,1.00,1.60
2009.07.28 20:46:10.902,1.76675,1.7672,1.00,3.20
2009.07.28 20:46:11.262,1.76665,1.7672,1.00,3.20
2009.07.28 20:46:11.474,1.76665,1.76725,1.00,3.20
2009.07.28 20:46:12.242,1.76665,1.7671,1.00,1.60
2009.07.28 20:46:12.352,1.76665,1.7671,1.00,3.20
2009.07.28 20:46:12.872,1.76665,1.76715,1.00,3.20
2009.07.28 20:46:13.172,1.76665,1.76715,4.40,3.20
2009.07.28 20:46:13.572,1.7667,1.76715,1.00,3.20
2009.07.28 20:46:15.221,1.76675,1.76715,1.00,3.20
2009.07.28 20:46:22.050,1.76665,1.76715,1.00,3.20
2009.07.28 20:46:23.709,1.76665,1.7671,1.00,1.60
2009.07.28 20:46:24.059,1.76665,1.76715,1.00,3.20
2009.07.28 20:46:25.089,1.7667,1.76715,1.00,3.20
2009.07.28 20:46:26.019,1.76675,1.76715,1.00,3.20
2009.07.28 20:46:27.849,1.76665,1.7671,1.00,1.60
2009.07.28 20:46:28.079,1.76665,1.7671,1.00,3.20
2009.07.28 20:46:29.478,1.76665,1.76715,1.00,3.20
2009.07.28 20:46:30.239,1.7667,1.76715,1.00,3.20
2009.07.28 20:46:30.468,1.76665,1.7672,1.00,3.20
2009.07.28 20:46:31.028,1.76665,1.7672,1.00,8.00
2009.07.28 20:46:32.188,1.76665,1.76715,1.00,1.60
2009.07.28 20:46:32.527,1.76665,1.76715,1.00,3.20
2009.07.28 20:46:32.997,1.7667,1.76715,1.00,3.20
2009.07.28 20:46:39.905,1.7667,1.76715,1.00,1.60
2009.07.28 20:46:40.315,1.7667,1.7672,1.00,8.00
2009.07.28 20:46:51.083,1.7667,1.76715,1.00,1.60
2009.07.28 20:46:51.312,1.7667,1.76715,1.00,3.20
2009.07.28 20:46:53.693,1.76665,1.76715,1.00,3.20
2009.07.28 20:46:54.072,1.76665,1.76725,1.00,4.40
2009.07.28 20:46:55.202,1.7667,1.76725,1.00,4.40
2009.07.28 20:46:55.972,1.76675,1.76725,1.00,4.40
2009.07.28 20:46:57.161,1.76675,1.7671,1.00,1.60
2009.07.28 20:46:57.341,1.7666,1.7671,1.00,4.40
2009.07.28 20:46:57.451,1.7666,1.76705,1.00,3.20
2009.07.28 20:46:59.181,1.76655,1.76705,1.00,3.20
2009.07.28 20:47:00.880,1.7666,1.76705,1.00,3.20
2009.07.28 20:47:09.628,1.7666,1.7671,1.00,4.80
2009.07.28 20:47:09.808,1.7667,1.7672,1.80,4.80
2009.07.28 20:47:10.028,1.7667,1.7673,6.60,3.20
2009.07.28 20:47:10.948,1.76675,1.7673,1.00,3.20
2009.07.28 20:47:12.078,1.76675,1.7673,5.00,3.20
2009.07.28 20:47:12.138,1.76675,1.7673,1.00,3.20
2009.07.28 20:47:13.397,1.76675,1.76725,1.00,3.20
2009.07.28 20:47:13.757,1.7667,1.76725,1.00,3.20
2009.07.28 20:47:14.097,1.7667,1.7672,1.00,1.60
2009.07.28 20:47:14.507,1.7667,1.7672,1.00,3.20
2009.07.28 20:47:18.027,1.76675,1.76725,1.00,3.20
2009.07.28 20:47:19.746,1.76675,1.7672,1.00,1.60
2009.07.28 20:47:20.266,1.76675,1.7672,1.00,3.20
2009.07.28 20:47:29.214,1.76675,1.7672,1.00,1.60
2009.07.28 20:47:29.444,1.76675,1.76725,1.00,8.00
2009.07.28 20:47:31.383,1.76675,1.76725,1.00,3.20
2009.07.28 20:47:32.293,1.76675,1.7672,1.00,1.60
2009.07.28 20:47:32.513,1.76675,1.7672,1.00,3.20
2009.07.28 20:47:42.870,1.76655,1.76705,1.00,3.20
2009.07.28 20:47:45.330,1.7666,1.76705,1.00,3.20
2009.07.28 20:47:54.308,1.76655,1.76705,3.20,3.20
2009.07.28 20:47:55.897,1.7666,1.76705,1.00,3.20
2009.07.28 20:47:58.767,1.76645,1.76705,1.00,7.60
2009.07.28 20:47:59.796,1.76645,1.7671,1.00,20.80
2009.07.28 20:48:00.146,1.7664,1.7671,1.00,22.40
2009.07.28 20:48:00.846,1.76645,1.7671,2.80,21.80
2009.07.28 20:48:01.466,1.76645,1.76695,2.80,3.20
2009.07.28 20:48:01.926,1.76645,1.76695,3.20,3.20
2009.07.28 20:48:03.545,1.76645,1.7669,3.20,1.60
2009.07.28 20:48:03.876,1.76645,1.76695,3.20,3.20
2009.07.28 20:48:06.825,1.76645,1.76695,3.20,2.60
2009.07.28 20:48:08.514,1.76645,1.76695,3.20,1.60
2009.07.28 20:48:09.544,1.76645,1.76705,3.20,4.80
2009.07.28 20:48:12.094,1.7664,1.76705,1.00,4.80
2009.07.28 20:48:14.053,1.7664,1.76705,1.00,5.00
2009.07.28 20:48:14.403,1.7664,1.76695,1.00,3.20
2009.07.28 20:48:15.992,1.76645,1.76695,1.00,3.20
2009.07.28 20:48:16.572,1.76645,1.7669,1.00,1.60
2009.07.28 20:48:16.852,1.76645,1.7669,1.00,3.20
2009.07.28 20:48:17.992,1.76645,1.767,1.00,3.20
2009.07.28 20:48:19.242,1.7665,1.76695,1.80,1.60
2009.07.28 20:48:19.471,1.76665,1.76695,4.80,3.20
2009.07.28 20:48:20.741,1.76645,1.76695,1.00,3.20
2009.07.28 20:48:21.931,1.76645,1.76695,3.20,3.20
2009.07.28 20:48:22.271,1.7665,1.76695,3.20,3.20
2009.07.28 20:48:22.611,1.7665,1.767,1.00,3.20
2009.07.28 20:48:24.270,1.7665,1.76695,1.00,3.20
2009.07.28 20:48:25.450,1.76655,1.76695,1.00,3.20
2009.07.28 20:48:25.610,1.7665,1.76695,1.00,3.20
2009.07.28 20:48:26.080,1.76655,1.76695,1.00,3.20
2009.07.28 20:48:26.550,1.7665,1.76695,1.00,3.20
2009.07.28 20:48:27.180,1.7665,1.76695,3.20,1.60
2009.07.28 20:48:27.539,1.7665,1.7671,3.20,3.20
2009.07.28 20:48:28.060,1.7665,1.76705,3.20,1.60
2009.07.28 20:48:28.399,1.7665,1.767,3.20,3.20
2009.07.28 20:48:29.099,1.76655,1.767,1.00,3.20
2009.07.28 20:48:37.227,1.7665,1.767,3.20,3.20
2009.07.28 20:48:37.457,1.7665,1.767,1.00,3.20
2009.07.28 20:48:39.546,1.7665,1.76705,1.00,3.20
2009.07.28 20:48:40.346,1.7665,1.76715,1.00,8.00
2009.07.28 20:48:40.526,1.7665,1.76715,1.00,6.40
2009.07.28 20:48:44.375,1.7665,1.76705,1.00,3.20
2009.07.28 20:48:49.044,1.7665,1.767,1.00,1.60
2009.07.28 20:48:49.444,1.7665,1.767,1.00,3.20
2009.07.28 20:48:57.402,1.76655,1.767,2.80,3.20
2009.07.28 20:48:58.252,1.76655,1.76705,2.80,3.20
2009.07.28 20:48:58.492,1.76655,1.7671,2.80,3.20
2009.07.28 20:48:58.962,1.76655,1.76715,2.80,3.20
2009.07.28 20:49:03.491,1.76655,1.767,2.80,1.60
2009.07.28 20:49:03.661,1.76655,1.76715,2.80,3.20
2009.07.28 20:49:03.881,1.76655,1.767,2.80,1.60
2009.07.28 20:49:04.171,1.76655,1.76715,2.80,1.60
2009.07.28 20:49:05.061,1.7666,1.7672,2.80,3.20
2009.07.28 20:49:05.901,1.7666,1.7671,2.80,1.60
2009.07.28 20:49:06.190,1.7666,1.7671,3.20,3.20
2009.07.28 20:49:07.940,1.76665,1.7671,3.20,3.20
2009.07.28 20:49:08.280,1.76665,1.7672,3.20,1.60
2009.07.28 20:49:10.109,1.76665,1.7672,2.80,1.60
2009.07.28 20:49:10.339,1.7666,1.76715,1.00,1.60
2009.07.28 20:49:13.638,1.7666,1.7672,1.00,5.20
2009.07.28 20:49:14.338,1.7666,1.7672,3.20,3.20
2009.07.28 20:49:14.678,1.7666,1.7672,3.20,1.60
2009.07.28 20:49:15.888,1.7666,1.7672,4.80,1.60
2009.07.28 20:49:17.158,1.76665,1.7672,1.00,1.60
2009.07.28 20:49:25.925,1.7666,1.7672,4.80,1.60
2009.07.28 20:49:50.490,1.76665,1.7672,2.80,1.60
2009.07.28 20:49:50.820,1.7666,1.7672,4.80,1.60
2009.07.28 20:50:00.817,1.7666,1.76715,4.80,3.20
2009.07.28 20:50:02.267,1.7666,1.7672,4.80,1.60
2009.07.28 20:50:02.837,1.7666,1.7672,3.20,1.60
2009.07.28 20:50:04.676,1.7666,1.7672,4.80,1.60
2009.07.28 20:50:05.056,1.76665,1.7672,1.00,1.60
2009.07.28 20:50:15.984,1.76665,1.7672,1.00,5.60
2009.07.28 20:50:16.043,1.76665,1.76715,6.40,3.20
2009.07.28 20:50:17.594,1.7667,1.76715,1.00,3.20
2009.07.28 20:50:24.831,1.76665,1.7673,8.00,1.80
2009.07.28 20:50:25.991,1.7667,1.7673,1.00,1.80
2009.07.28 20:50:37.858,1.7667,1.76725,1.00,1.60
2009.07.28 20:50:38.038,1.7667,1.76725,1.00,3.20
2009.07.28 20:50:38.268,1.7667,1.7671,1.00,3.20
2009.07.28 20:50:38.538,1.7667,1.7671,1.00,8.00
2009.07.28 20:50:39.928,1.76665,1.7671,3.20,8.00
2009.07.28 20:50:40.988,1.7666,1.767,6.40,3.20
2009.07.28 20:51:21.188,1.76665,1.76715,6.40,3.20
2009.07.28 20:51:23.617,1.7667,1.76715,1.00,3.20
2009.07.28 20:51:30.506,1.7666,1.767,8.00,3.20
2009.07.28 20:51:30.736,1.7666,1.767,6.40,3.20
2009.07.28 20:51:33.505,1.76665,1.76715,3.40,3.20
2009.07.28 20:51:33.855,1.76665,1.76715,6.40,3.20
2009.07.28 20:51:36.104,1.7667,1.76715,1.00,3.20
2009.07.28 20:51:37.794,1.7667,1.76725,1.00,4.80
2009.07.28 20:51:47.321,1.7667,1.7673,3.20,1.80
2009.07.28 20:51:47.611,1.7667,1.7673,3.20,3.20
2009.07.28 20:51:47.771,1.7667,1.7673,3.20,1.60
2009.07.28 20:51:48.101,1.76675,1.7673,1.00,1.60
2009.07.28 20:51:54.820,1.7667,1.7673,1.80,1.60
2009.07.28 20:51:56.010,1.7667,1.7673,1.80,1.80
2009.07.28 20:51:57.359,1.7667,1.76715,1.80,3.20
2009.07.28 20:51:59.578,1.76675,1.7673,3.20,1.60
2009.07.28 20:52:00.778,1.76675,1.7673,3.20,4.00
2009.07.28 20:52:00.889,1.76675,1.76735,3.20,3.20
2009.07.28 20:52:02.778,1.7668,1.76735,2.80,3.20
2009.07.28 20:52:03.128,1.7667,1.7673,6.60,1.60
2009.07.28 20:52:03.417,1.7667,1.7673,1.80,1.60
2009.07.28 20:52:03.977,1.7667,1.7673,6.60,1.60
2009.07.28 20:52:04.437,1.7667,1.7673,1.80,1.60
2009.07.28 20:52:04.787,1.7667,1.76725,1.80,4.80
2009.07.28 20:52:05.827,1.7667,1.7672,1.80,1.60
2009.07.28 20:52:05.987,1.76675,1.7672,1.00,1.60
2009.07.28 20:52:06.877,1.7667,1.7672,1.80,1.60
2009.07.28 20:52:12.935,1.7667,1.76715,1.80,3.20
2009.07.28 20:52:24.842,1.7667,1.76715,4.80,3.20
2009.07.28 20:52:25.362,1.7667,1.76715,1.80,3.20
2009.07.28 20:52:38.269,1.7667,1.76715,1.00,3.20
2009.07.28 20:52:44.628,1.7667,1.76715,1.80,3.20
2009.07.28 20:52:54.765,1.7667,1.76715,1.00,3.20
2009.07.28 20:52:57.304,1.76665,1.76715,7.60,3.20
2009.07.28 20:52:57.705,1.76665,1.76715,4.80,3.20
2009.07.28 20:52:57.984,1.76665,1.76715,3.20,3.20
2009.07.28 20:52:59.784,1.7666,1.76715,3.20,3.20
2009.07.28 20:53:00.004,1.76645,1.76705,1.60,1.60
2009.07.28 20:53:00.304,1.76645,1.76705,1.60,6.40
2009.07.28 20:53:04.213,1.76645,1.76715,7.60,9.80
2009.07.28 20:53:04.443,1.76645,1.76715,7.60,5.00
2009.07.28 20:53:05.882,1.76645,1.76715,8.00,5.00
2009.07.28 20:53:09.612,1.76645,1.76715,8.00,6.60
2009.07.28 20:53:10.251,1.7665,1.76715,1.80,6.60
2009.07.28 20:53:10.671,1.7665,1.76715,5.00,6.60
2009.07.28 20:53:10.831,1.7665,1.76715,3.40,6.60
2009.07.28 20:53:20.049,1.7665,1.76715,3.40,5.00
2009.07.28 20:53:20.809,1.7665,1.76715,1.80,5.00
2009.07.28 20:53:24.278,1.7665,1.76715,3.40,5.00
2009.07.28 20:53:27.757,1.7665,1.76715,3.40,6.60
2009.07.28 20:53:31.246,1.7665,1.76715,1.80,6.60
2009.07.28 20:53:31.477,1.7665,1.76715,1.60,5.00
2009.07.28 20:53:31.656,1.7665,1.76705,1.60,1.60
2009.07.28 20:53:32.116,1.7665,1.76705,1.60,6.40
2009.07.28 20:53:37.535,1.7665,1.76695,1.60,3.20
2009.07.28 20:54:26.263,1.7666,1.767,3.20,3.20
2009.07.28 20:54:32.762,1.76655,1.76695,3.20,3.20
2009.07.28 20:54:33.113,1.7666,1.767,3.20,3.20
2009.07.28 20:54:38.360,1.76655,1.76695,3.20,3.20
2009.07.28 20:54:40.460,1.76645,1.76695,3.20,3.20
2009.07.28 20:54:41.919,1.7665,1.76695,1.00,3.20
2009.07.28 20:55:00.275,1.7665,1.76695,3.40,3.20
2009.07.28 20:55:00.615,1.7665,1.76695,1.00,3.20
2009.07.28 20:55:02.464,1.7664,1.76695,5.00,3.20
2009.07.28 20:55:02.745,1.7664,1.76695,1.60,3.20
2009.07.28 20:55:02.914,1.76635,1.76695,1.60,3.20
2009.07.28 20:55:03.034,1.76635,1.76695,1.60,8.00
2009.07.28 20:55:03.204,1.7663,1.76695,1.80,8.00
2009.07.28 20:55:35.717,1.7662,1.7668,4.80,3.20
2009.07.28 20:55:35.937,1.7662,1.7668,1.80,3.20
2009.07.28 20:55:36.886,1.7662,1.7668,1.00,3.20
2009.07.28 20:55:52.532,1.7662,1.7668,1.60,3.20
2009.07.28 20:55:54.532,1.7662,1.7668,1.60,3.40
2009.07.28 20:56:05.179,1.76615,1.7668,1.80,3.40
2009.07.28 20:56:06.449,1.76615,1.7668,1.00,3.40
2009.07.28 20:56:10.868,1.76615,1.7668,1.00,8.20
2009.07.28 20:56:15.087,1.76615,1.7668,1.00,3.40
2009.07.28 20:56:15.327,1.76615,1.7668,1.00,3.20
2009.07.28 20:56:16.207,1.76615,1.7668,1.80,3.20
2009.07.28 20:56:17.076,1.7662,1.7668,1.80,3.20
2009.07.28 20:56:32.473,1.76625,1.7668,1.60,3.20
2009.07.28 20:56:39.841,1.76625,1.7668,1.60,3.40
2009.07.28 20:56:41.241,1.76625,1.76675,1.60,4.80
2009.07.28 20:56:41.531,1.76625,1.76685,1.60,6.40
2009.07.28 20:56:41.820,1.76625,1.76695,3.20,10.40
2009.07.28 20:56:42.231,1.76625,1.76695,3.20,9.80
2009.07.28 20:56:43.280,1.76645,1.76695,1.60,9.80
2009.07.28 20:56:52.848,1.76645,1.76695,1.60,9.60
2009.07.28 20:56:52.968,1.76645,1.76695,1.60,8.00
2009.07.28 20:56:53.208,1.76645,1.76695,1.60,3.20
2009.07.28 20:56:58.486,1.7664,1.76695,1.60,3.20
2009.07.28 20:57:04.395,1.76645,1.76695,1.60,3.20
2009.07.28 20:57:05.595,1.7665,1.76695,1.60,3.20
2009.07.28 20:57:11.644,1.7665,1.76695,1.60,4.80
2009.07.28 20:57:12.044,1.76645,1.76695,1.60,4.80
2009.07.28 20:57:12.273,1.76645,1.76695,1.60,9.60
2009.07.28 20:57:13.073,1.76645,1.76695,1.60,9.80
2009.07.28 20:57:16.062,1.7665,1.76695,1.60,9.80
2009.07.28 20:57:16.524,1.76645,1.76695,1.60,9.80
2009.07.28 20:57:17.662,1.76645,1.76695,7.40,9.80
2009.07.28 20:57:18.172,1.76625,1.76695,1.80,9.80
2009.07.28 20:57:18.812,1.7663,1.76695,1.60,9.80
2009.07.28 20:57:20.661,1.7665,1.76695,1.60,9.80
2009.07.28 20:57:22.171,1.76655,1.76685,1.60,6.40
2009.07.28 20:57:22.401,1.7665,1.76685,1.60,6.40
2009.07.28 20:57:23.141,1.7661,1.76685,1.80,6.40
2009.07.28 20:57:24.510,1.76635,1.76685,1.60,6.40
2009.07.28 20:57:25.330,1.7663,1.76685,1.60,6.40
2009.07.28 20:57:32.108,1.76625,1.76685,1.60,6.40
2009.07.28 20:57:33.458,1.76645,1.76685,1.60,6.40
2009.07.28 20:57:37.467,1.76645,1.76685,7.40,6.40
2009.07.28 20:57:37.697,1.7663,1.76685,2.80,6.40
2009.07.28 20:57:38.047,1.76645,1.76695,1.60,8.00
2009.07.28 20:57:38.347,1.7663,1.7668,2.80,4.80
2009.07.28 20:57:38.577,1.76625,1.76695,3.20,9.60
2009.07.28 20:57:39.597,1.76625,1.76695,3.40,9.60
2009.07.28 20:57:39.956,1.7665,1.76695,1.60,9.60
2009.07.28 20:57:40.286,1.76645,1.76695,1.60,9.60
2009.07.28 20:57:41.106,1.76655,1.76695,1.60,9.80
2009.07.28 20:57:41.376,1.76655,1.76695,7.40,9.60
2009.07.28 20:57:41.546,1.76655,1.76695,7.40,8.00
2009.07.28 20:57:41.716,1.76645,1.76695,1.60,8.00
2009.07.28 20:57:42.886,1.7664,1.76695,1.80,8.00
2009.07.28 20:57:42.996,1.7664,1.76695,3.40,8.00
2009.07.28 20:57:43.167,1.7664,1.7668,1.60,1.60
2009.07.28 20:57:43.816,1.76635,1.7668,1.60,1.60
2009.07.28 20:57:44.115,1.7663,1.76695,3.20,3.20
2009.07.28 20:57:44.515,1.7663,1.76695,1.60,3.20
2009.07.28 20:57:45.095,1.7664,1.76695,1.60,3.20
2009.07.28 20:57:45.375,1.7663,1.76695,1.60,3.20
2009.07.28 20:57:47.944,1.7663,1.76695,1.80,3.20
2009.07.28 20:58:01.471,1.7663,1.76695,1.00,3.20
2009.07.28 20:58:16.538,1.76645,1.76695,1.60,3.20
2009.07.28 20:58:23.606,1.76635,1.76695,1.60,3.20
2009.07.28 20:58:25.166,1.7663,1.76695,1.80,3.20
2009.07.28 20:58:30.454,1.7663,1.7668,1.00,4.80
2009.07.28 20:58:30.694,1.76615,1.76675,1.00,3.20
2009.07.28 20:58:31.864,1.7661,1.76665,3.40,3.20
2009.07.28 20:58:32.874,1.76615,1.76665,1.00,3.20
2009.07.28 20:58:33.973,1.76625,1.76665,2.80,3.20
2009.07.28 20:58:34.323,1.7664,1.7667,1.60,4.80
2009.07.28 20:58:34.653,1.7664,1.76705,1.60,3.20
2009.07.28 20:58:35.563,1.7665,1.76705,1.60,3.20
2009.07.28 20:58:40.202,1.76645,1.76695,1.60,5.00
2009.07.28 20:58:45.631,1.76645,1.76695,1.60,4.80
2009.07.28 20:58:45.801,1.76645,1.76695,1.60,3.20
2009.07.28 20:58:47.531,1.76635,1.76695,7.60,3.20
2009.07.28 20:58:48.160,1.76635,1.76695,9.20,3.20
2009.07.28 20:58:49.750,1.76645,1.76695,1.60,3.20
2009.07.28 20:58:52.439,1.76635,1.76695,1.60,3.20
2009.07.28 20:58:53.399,1.7663,1.76695,3.20,3.20
2009.07.28 20:58:54.069,1.76635,1.76695,1.60,3.20
2009.07.28 20:58:56.528,1.7663,1.76695,1.80,3.20
2009.07.28 20:58:56.828,1.7664,1.76695,2.80,3.20
2009.07.28 20:58:57.000,1.7665,1.76695,1.60,3.20
2009.07.28 20:58:57.238,1.76645,1.76695,1.60,3.20
2009.07.28 20:58:59.217,1.76635,1.76695,1.60,3.20
2009.07.28 20:59:00.127,1.76635,1.767,1.60,9.60
2009.07.28 20:59:03.366,1.76635,1.767,1.60,4.80
2009.07.28 20:59:05.096,1.7664,1.76695,2.80,1.60
2009.07.28 20:59:05.796,1.7664,1.76705,4.40,1.60
2009.07.28 20:59:06.806,1.7664,1.76705,4.80,1.60
2009.07.28 20:59:10.695,1.76645,1.76705,1.80,1.60
2009.07.28 20:59:14.794,1.7663,1.76695,1.80,1.60
2009.07.28 20:59:20.683,1.7664,1.767,1.60,4.40
2009.07.28 20:59:21.212,1.7664,1.76705,1.60,1.80
2009.07.28 20:59:21.742,1.7664,1.76685,1.60,2.80
2009.07.28 20:59:21.982,1.7662,1.76685,4.80,4.40
2009.07.28 20:59:22.732,1.76625,1.7669,4.80,1.60
2009.07.28 20:59:25.051,1.7663,1.7669,1.80,1.80
2009.07.28 20:59:26.861,1.76625,1.76685,1.80,4.40
2009.07.28 20:59:27.201,1.7663,1.76685,2.80,1.60
2009.07.28 20:59:27.421,1.7663,1.76695,4.80,1.60
2009.07.28 20:59:27.770,1.7663,1.7671,3.20,3.20
2009.07.28 20:59:28.940,1.76635,1.7671,1.00,3.20
2009.07.28 20:59:30.110,1.7664,1.7671,2.80,3.20
2009.07.28 20:59:32.939,1.7664,1.7671,3.20,3.20
2009.07.28 20:59:33.159,1.7664,1.76705,1.00,2.80
2009.07.28 20:59:33.689,1.76635,1.76705,3.20,2.80
2009.07.28 20:59:35.179,1.76635,1.76705,3.20,3.20
2009.07.28 20:59:38.008,1.76635,1.767,3.20,1.00
2009.07.28 20:59:45.156,1.76635,1.7671,1.00,2.80
2009.07.28 20:59:46.966,1.7664,1.76715,1.00,3.20
2009.07.28 20:59:49.795,1.76635,1.7671,1.00,3.20
2009.07.28 20:59:58.083,1.7663,1.76705,3.20,1.00
