2016.05.31 18:00:00.683,1.44013,1.44038,1.12,1.00
2016.05.31 18:00:00.938,1.44009,1.44034,1.37,1.00
2016.05.31 18:00:00.989,1.44009,1.44036,1.50,1.00
2016.05.31 18:00:03.530,1.44011,1.4404,1.50,1.00
2016.05.31 18:00:03.632,1.4401,1.4404,1.75,1.37
2016.05.31 18:00:03.785,1.44008,1.44036,1.12,1.37
2016.05.31 18:00:03.887,1.44008,1.44036,1.50,1.37
2016.05.31 18:00:04.429,1.44008,1.44036,1.12,1.37
2016.05.31 18:00:04.582,1.44008,1.44036,1.75,1.37
2016.05.31 18:00:05.157,1.44009,1.44036,1.12,1.00
2016.05.31 18:00:09.381,1.44008,1.44036,2.62,1.00
2016.05.31 18:00:09.887,1.44012,1.44036,1.50,1.00
2016.05.31 18:00:11.685,1.44012,1.44036,1.75,1.00
2016.05.31 18:00:11.787,1.44012,1.44041,1.75,1.00
2016.05.31 18:00:12.092,1.44016,1.44041,1.87,1.00
2016.05.31 18:00:12.827,1.44016,1.44041,1.50,1.00
2016.05.31 18:00:13.284,1.44013,1.44041,1.00,1.12
2016.05.31 18:00:13.538,1.44012,1.44041,1.12,1.12
2016.05.31 18:00:14.078,1.44014,1.44044,1.00,1.87
2016.05.31 18:00:14.433,1.44013,1.44044,1.12,1.37
2016.05.31 18:00:14.535,1.44013,1.44044,1.12,1.87
2016.05.31 18:00:15.014,1.44016,1.44044,1.75,1.00
2016.05.31 18:00:15.218,1.44017,1.44048,1.12,1.87
2016.05.31 18:00:15.269,1.44017,1.44045,1.37,1.00
2016.05.31 18:00:15.849,1.44017,1.44045,1.12,1.00
2016.05.31 18:00:16.405,1.44016,1.44049,1.12,2.16
2016.05.31 18:00:16.456,1.44019,1.44049,1.87,1.12
2016.05.31 18:00:16.666,1.44021,1.44052,1.87,1.00
2016.05.31 18:00:17.749,1.44023,1.44052,1.12,1.00
2016.05.31 18:00:19.022,1.44024,1.44052,1.75,1.00
2016.05.31 18:00:21.335,1.44025,1.44052,1.12,1.00
2016.05.31 18:00:22.018,1.44026,1.44052,1.00,1.00
2016.05.31 18:00:27.195,1.44025,1.44052,1.12,1.00
2016.05.31 18:00:28.970,1.44025,1.44052,1.12,1.00
2016.05.31 18:00:29.123,1.44027,1.44052,1.00,1.00
2016.05.31 18:00:29.275,1.44026,1.44052,1.12,1.00
2016.05.31 18:00:29.824,1.44026,1.44052,1.12,1.00
2016.05.31 18:00:30.444,1.44026,1.44052,1.12,1.00
2016.05.31 18:00:30.813,1.44029,1.44055,1.37,1.00
2016.05.31 18:00:31.433,1.44029,1.44054,1.37,1.00
2016.05.31 18:00:31.953,1.44029,1.44054,1.12,1.00
2016.05.31 18:00:32.272,1.44029,1.44057,1.12,1.00
2016.05.31 18:00:32.323,1.4403,1.44057,1.37,1.00
2016.05.31 18:00:32.644,1.44031,1.44057,1.12,1.00
2016.05.31 18:00:33.219,1.44031,1.44057,1.12,1.00
2016.05.31 18:00:33.802,1.4403,1.44057,1.75,1.00
2016.05.31 18:00:37.206,1.4403,1.44057,1.50,1.00
2016.05.31 18:00:40.842,1.44028,1.44057,1.75,1.50
2016.05.31 18:00:40.894,1.44028,1.44057,1.00,1.50
2016.05.31 18:00:41.048,1.44025,1.44054,3.75,1.00
2016.05.31 18:00:41.354,1.44022,1.4405,1.50,1.00
2016.05.31 18:00:41.558,1.44022,1.4405,1.12,1.00
2016.05.31 18:00:41.813,1.44022,1.4405,1.50,1.00
2016.05.31 18:00:42.344,1.44022,1.4405,1.12,1.37
2016.05.31 18:00:42.889,1.44023,1.4405,1.00,1.37
2016.05.31 18:00:43.093,1.4402,1.4405,1.00,1.50
2016.05.31 18:00:43.249,1.4402,1.4405,1.37,1.50
2016.05.31 18:00:43.564,1.4402,1.44045,1.37,1.00
2016.05.31 18:00:44.093,1.4402,1.44045,1.00,1.00
2016.05.31 18:00:44.603,1.44019,1.44045,1.37,1.00
2016.05.31 18:00:45.219,1.44019,1.44045,1.12,1.00
2016.05.31 18:00:45.543,1.44024,1.44045,1.00,1.00
2016.05.31 18:00:46.092,1.44021,1.44045,1.12,1.00
2016.05.31 18:00:46.576,1.44018,1.44045,2.25,1.00
2016.05.31 18:00:46.747,1.44015,1.44045,1.37,1.37
2016.05.31 18:00:46.900,1.44014,1.44044,1.37,1.00
2016.05.31 18:00:47.104,1.44013,1.44042,1.12,1.00
2016.05.31 18:00:47.983,1.44012,1.44042,1.75,1.37
2016.05.31 18:00:49.251,1.44014,1.44042,1.00,1.00
2016.05.31 18:00:49.558,1.44015,1.44042,1.37,1.00
2016.05.31 18:00:50.912,1.44013,1.44042,1.87,1.00
2016.05.31 18:00:51.633,1.44013,1.44037,1.87,1.00
2016.05.31 18:00:53.471,1.44013,1.44041,1.50,1.00
2016.05.31 18:00:53.837,1.44013,1.44034,1.00,1.00
2016.05.31 18:00:53.889,1.44008,1.44034,1.00,1.00
2016.05.31 18:00:55.583,1.44005,1.44031,1.75,1.37
2016.05.31 18:00:55.699,1.44001,1.44028,1.00,1.00
2016.05.31 18:00:55.750,1.44,1.44024,1.37,1.00
2016.05.31 18:00:55.802,1.43998,1.44024,1.12,1.00
2016.05.31 18:00:56.483,1.43997,1.44024,1.50,1.00
2016.05.31 18:00:56.992,1.43997,1.44024,1.12,1.37
2016.05.31 18:00:57.580,1.43995,1.4402,1.12,1.00
2016.05.31 18:00:57.733,1.4399,1.4402,2.62,1.00
2016.05.31 18:00:58.246,1.43992,1.44019,1.00,1.00
2016.05.31 18:00:58.821,1.43989,1.44019,1.50,1.00
2016.05.31 18:00:58.974,1.43989,1.44019,1.50,1.37
2016.05.31 18:01:00.016,1.43989,1.44019,1.50,1.37
2016.05.31 18:01:00.067,1.43989,1.44019,1.50,1.12
2016.05.31 18:01:00.998,1.43989,1.44019,1.50,1.12
2016.05.31 18:01:01.713,1.43989,1.44019,1.50,1.12
2016.05.31 18:01:01.815,1.43997,1.44025,1.37,1.50
2016.05.31 18:01:03.517,1.43997,1.44025,1.12,1.00
2016.05.31 18:01:03.568,1.44005,1.4403,1.37,1.12
2016.05.31 18:01:03.620,1.44005,1.4403,1.75,1.12
2016.05.31 18:01:03.722,1.44006,1.44034,1.12,1.00
2016.05.31 18:01:04.013,1.44006,1.44037,1.12,1.00
2016.05.31 18:01:04.420,1.44012,1.44037,1.00,1.00
2016.05.31 18:01:04.930,1.44011,1.44037,1.00,1.00
2016.05.31 18:01:05.033,1.44009,1.44037,1.00,1.00
2016.05.31 18:01:05.248,1.44007,1.44037,1.00,1.00
2016.05.31 18:01:05.776,1.44007,1.44037,1.37,1.00
2016.05.31 18:01:06.334,1.44007,1.44037,1.12,1.00
2016.05.31 18:01:06.664,1.44007,1.44037,1.12,1.00
2016.05.31 18:01:07.193,1.44007,1.44037,1.37,1.00
2016.05.31 18:01:08.630,1.44007,1.44037,1.12,1.00
2016.05.31 18:01:09.248,1.44007,1.44037,1.00,1.00
2016.05.31 18:01:10.130,1.44007,1.44037,1.37,1.00
2016.05.31 18:01:10.723,1.44006,1.44037,1.50,1.00
2016.05.31 18:01:14.246,1.44006,1.44037,1.12,1.00
2016.05.31 18:01:14.400,1.44007,1.4404,1.12,1.87
2016.05.31 18:01:14.684,1.44011,1.44039,1.00,1.00
2016.05.31 18:01:15.499,1.44011,1.4404,1.00,1.00
2016.05.31 18:01:16.155,1.44011,1.4404,1.00,1.75
2016.05.31 18:01:16.358,1.44011,1.4404,1.00,1.50
2016.05.31 18:01:16.562,1.44011,1.4404,1.00,1.75
2016.05.31 18:01:20.579,1.44011,1.4404,1.00,1.87
2016.05.31 18:01:21.273,1.44011,1.4404,1.37,1.12
2016.05.31 18:01:21.706,1.44011,1.44042,1.75,1.12
2016.05.31 18:01:25.235,1.44011,1.44043,1.50,1.87
2016.05.31 18:01:25.794,1.44011,1.44043,1.75,1.50
2016.05.31 18:01:27.895,1.44013,1.44043,1.00,1.87
2016.05.31 18:01:28.439,1.44011,1.44041,1.37,1.00
2016.05.31 18:01:28.998,1.44013,1.44043,1.00,2.62
2016.05.31 18:01:29.344,1.44011,1.44043,1.50,2.25
2016.05.31 18:01:29.396,1.44011,1.44043,1.50,2.25
2016.05.31 18:01:29.802,1.44011,1.44043,1.75,2.25
2016.05.31 18:01:30.350,1.44011,1.44043,1.12,2.25
2016.05.31 18:01:31.309,1.44016,1.44047,1.07,1.12
2016.05.31 18:01:31.412,1.4402,1.44048,1.00,1.87
2016.05.31 18:01:32.552,1.44019,1.44048,1.07,1.50
2016.05.31 18:01:33.318,1.4402,1.44048,1.07,1.00
2016.05.31 18:01:34.155,1.4402,1.44048,1.12,1.00
2016.05.31 18:01:34.409,1.4402,1.44048,1.37,1.00
2016.05.31 18:01:34.918,1.44023,1.44048,1.00,1.00
2016.05.31 18:01:35.827,1.44023,1.44048,1.32,1.00
2016.05.31 18:01:35.929,1.44023,1.44052,1.00,1.50
2016.05.31 18:01:36.082,1.44019,1.44052,1.07,2.25
2016.05.31 18:01:36.765,1.44019,1.44052,1.07,2.25
2016.05.31 18:01:37.274,1.44021,1.44054,1.75,1.37
2016.05.31 18:01:37.802,1.44022,1.44053,1.12,1.37
2016.05.31 18:01:38.270,1.44019,1.44051,1.50,1.00
2016.05.31 18:01:38.820,1.44019,1.44052,1.50,1.50
2016.05.31 18:01:40.136,1.44019,1.44052,1.50,1.50
2016.05.31 18:01:40.658,1.44019,1.44052,1.50,1.37
2016.05.31 18:01:41.203,1.44019,1.4405,1.00,1.37
2016.05.31 18:01:41.712,1.44019,1.44052,1.75,1.37
2016.05.31 18:01:41.967,1.4402,1.44052,1.00,1.12
2016.05.31 18:01:42.552,1.44019,1.4405,1.00,1.37
2016.05.31 18:01:43.080,1.44017,1.4405,1.45,1.12
2016.05.31 18:01:43.862,1.44017,1.4405,1.37,1.37
2016.05.31 18:01:44.387,1.44018,1.44049,1.37,1.37
2016.05.31 18:01:45.757,1.44018,1.44049,1.12,1.12
2016.05.31 18:01:48.392,1.44018,1.4405,1.37,1.37
2016.05.31 18:01:48.898,1.44018,1.4405,1.12,1.37
2016.05.31 18:01:49.614,1.44018,1.4405,1.12,1.37
2016.05.31 18:01:49.918,1.44017,1.4405,1.45,1.50
2016.05.31 18:01:50.122,1.44013,1.44042,1.00,1.00
2016.05.31 18:01:50.275,1.44011,1.44042,1.07,1.37
2016.05.31 18:01:50.581,1.44004,1.44038,1.87,1.87
2016.05.31 18:01:52.559,1.44007,1.44035,1.00,1.00
2016.05.31 18:01:53.068,1.44004,1.44035,1.12,1.50
2016.05.31 18:01:53.602,1.44004,1.44035,1.12,1.12
2016.05.31 18:01:55.363,1.44004,1.44035,1.12,1.00
2016.05.31 18:01:56.109,1.44004,1.44035,1.12,1.00
2016.05.31 18:01:57.706,1.44004,1.44035,1.75,1.00
2016.05.31 18:01:58.164,1.44004,1.44035,1.12,1.00
2016.05.31 18:01:58.317,1.44008,1.44035,1.00,1.00
2016.05.31 18:01:59.292,1.44008,1.44035,1.37,1.00
2016.05.31 18:02:00.521,1.44004,1.44035,1.37,1.87
2016.05.31 18:02:00.574,1.44004,1.44033,1.00,1.37
2016.05.31 18:02:02.154,1.44001,1.44034,1.12,1.75
2016.05.31 18:02:02.675,1.44001,1.44034,1.12,1.12
2016.05.31 18:02:03.286,1.44001,1.44034,1.12,1.12
2016.05.31 18:02:03.836,1.44004,1.44033,1.00,1.00
2016.05.31 18:02:04.141,1.43998,1.44029,1.12,1.00
2016.05.31 18:02:04.653,1.43998,1.44031,1.12,1.87
2016.05.31 18:02:05.197,1.43997,1.4403,1.12,1.12
2016.05.31 18:02:06.778,1.43998,1.44031,1.12,2.62
2016.05.31 18:02:07.084,1.44001,1.44033,1.12,3.37
2016.05.31 18:02:07.594,1.44001,1.44033,1.12,3.37
2016.05.31 18:02:07.962,1.44001,1.44033,1.12,1.12
2016.05.31 18:02:08.345,1.44001,1.44033,1.12,1.12
2016.05.31 18:02:14.126,1.44003,1.44033,1.12,1.50
2016.05.31 18:02:14.963,1.44001,1.44033,2.25,1.50
2016.05.31 18:02:15.116,1.4401,1.44039,1.00,2.25
2016.05.31 18:02:15.664,1.44007,1.44039,1.12,1.37
2016.05.31 18:02:16.165,1.4401,1.44039,1.00,1.37
2016.05.31 18:02:18.572,1.44008,1.44039,1.12,1.37
2016.05.31 18:02:19.084,1.44014,1.4404,1.00,1.00
2016.05.31 18:02:19.288,1.44018,1.44046,1.37,1.00
2016.05.31 18:02:19.496,1.44016,1.44048,1.75,1.12
2016.05.31 18:02:20.382,1.44017,1.44048,1.37,1.37
2016.05.31 18:02:20.912,1.44019,1.44048,1.37,1.00
2016.05.31 18:02:21.420,1.44017,1.44048,1.75,1.12
2016.05.31 18:02:21.664,1.44017,1.44048,1.00,1.00
2016.05.31 18:02:21.867,1.44017,1.44048,1.75,1.37
2016.05.31 18:02:22.412,1.44017,1.44048,1.37,1.37
2016.05.31 18:02:22.718,1.44017,1.44044,1.00,1.50
2016.05.31 18:02:23.175,1.44016,1.44045,1.37,1.12
2016.05.31 18:02:24.177,1.44016,1.44045,1.12,1.50
2016.05.31 18:02:24.684,1.44016,1.44045,1.50,1.00
2016.05.31 18:02:25.200,1.44016,1.44045,1.87,1.00
2016.05.31 18:02:25.757,1.44016,1.44045,1.87,1.00
2016.05.31 18:02:25.873,1.44016,1.44045,1.50,1.12
2016.05.31 18:02:27.620,1.44017,1.44049,1.00,1.12
2016.05.31 18:02:30.112,1.44017,1.44049,1.37,1.12
2016.05.31 18:02:30.265,1.44017,1.44049,1.50,1.87
2016.05.31 18:02:31.382,1.44017,1.44049,1.12,1.50
2016.05.31 18:02:31.587,1.44017,1.44047,1.50,1.00
2016.05.31 18:02:32.105,1.44017,1.44048,1.75,1.00
2016.05.31 18:02:32.612,1.4402,1.44049,1.37,1.00
2016.05.31 18:02:34.179,1.4402,1.44049,1.75,1.00
2016.05.31 18:02:35.621,1.4402,1.44049,1.50,1.12
2016.05.31 18:02:36.122,1.4402,1.44049,1.00,1.75
2016.05.31 18:02:38.599,1.4402,1.44049,1.12,1.50
2016.05.31 18:02:39.005,1.4402,1.4405,2.25,1.50
2016.05.31 18:02:39.494,1.4402,1.44052,2.25,1.75
2016.05.31 18:02:39.822,1.4402,1.4405,1.12,1.75
2016.05.31 18:02:40.330,1.4402,1.44048,1.00,1.12
2016.05.31 18:02:40.932,1.4402,1.4405,1.37,1.75
2016.05.31 18:02:41.471,1.4402,1.44048,1.00,1.37
2016.05.31 18:02:41.979,1.4402,1.44049,1.00,1.37
2016.05.31 18:02:42.594,1.4402,1.44049,1.00,1.00
2016.05.31 18:02:43.146,1.4402,1.4405,1.37,1.50
2016.05.31 18:02:43.662,1.44021,1.4405,1.00,1.12
2016.05.31 18:02:43.713,1.4402,1.4405,1.75,1.12
2016.05.31 18:02:44.220,1.44021,1.44051,1.12,1.00
2016.05.31 18:02:44.819,1.44022,1.44051,1.00,1.00
2016.05.31 18:02:46.904,1.44024,1.44053,1.00,2.25
2016.05.31 18:02:48.480,1.44023,1.44052,1.12,1.00
2016.05.31 18:02:49.837,1.44023,1.44053,1.87,1.87
2016.05.31 18:02:50.040,1.44023,1.44053,1.75,1.50
2016.05.31 18:02:50.345,1.44024,1.44054,1.12,1.37
2016.05.31 18:02:50.871,1.44024,1.44057,1.12,2.25
2016.05.31 18:02:51.260,1.44025,1.44056,1.12,1.00
2016.05.31 18:02:52.356,1.44025,1.44056,1.12,1.00
2016.05.31 18:02:52.887,1.44026,1.44057,1.12,2.25
2016.05.31 18:02:53.929,1.44027,1.44056,1.00,1.00
2016.05.31 18:02:54.715,1.44026,1.44056,1.12,1.00
2016.05.31 18:02:55.466,1.44024,1.44056,1.12,1.37
2016.05.31 18:02:55.568,1.44024,1.44056,1.75,1.50
2016.05.31 18:02:55.619,1.44026,1.44056,1.37,1.12
2016.05.31 18:02:55.721,1.44027,1.44056,1.50,1.00
2016.05.31 18:02:56.722,1.44027,1.44057,1.75,1.87
2016.05.31 18:02:57.993,1.44025,1.44056,1.12,1.50
2016.05.31 18:02:58.095,1.44025,1.44054,1.37,1.00
2016.05.31 18:02:58.546,1.44025,1.44053,1.00,1.37
2016.05.31 18:02:58.851,1.44016,1.44044,2.62,1.50
2016.05.31 18:02:59.004,1.44014,1.44044,1.00,2.25
2016.05.31 18:02:59.542,1.44012,1.44043,1.37,1.12
2016.05.31 18:03:00.058,1.44013,1.44043,1.37,1.37
2016.05.31 18:03:00.159,1.44011,1.44041,1.37,1.00
2016.05.31 18:03:00.362,1.44008,1.44041,1.87,1.87
2016.05.31 18:03:00.413,1.44008,1.44039,1.37,1.12
2016.05.31 18:03:01.426,1.44006,1.44035,1.87,1.00
2016.05.31 18:03:01.477,1.44008,1.44037,1.00,1.00
2016.05.31 18:03:01.985,1.44006,1.44038,1.37,2.25
2016.05.31 18:03:02.461,1.44005,1.44038,1.12,3.75
2016.05.31 18:03:03.303,1.44006,1.44037,1.00,1.37
2016.05.31 18:03:03.852,1.44004,1.44035,1.37,1.50
2016.05.31 18:03:04.363,1.44005,1.44038,1.12,1.75
2016.05.31 18:03:05.100,1.44006,1.44039,1.12,3.37
2016.05.31 18:03:06.076,1.44006,1.44039,1.37,3.00
2016.05.31 18:03:06.281,1.44006,1.44039,1.50,1.12
2016.05.31 18:03:06.821,1.44008,1.44039,1.75,1.12
2016.05.31 18:03:07.131,1.44008,1.44039,1.50,1.12
2016.05.31 18:03:07.488,1.44005,1.44039,1.50,1.87
2016.05.31 18:03:08.149,1.44006,1.44039,1.37,1.87
2016.05.31 18:03:10.490,1.44006,1.44039,1.37,1.12
2016.05.31 18:03:12.734,1.44007,1.44039,1.00,1.12
2016.05.31 18:03:13.808,1.44009,1.44038,1.00,1.00
2016.05.31 18:03:14.114,1.4401,1.4404,1.37,1.37
2016.05.31 18:03:14.216,1.44015,1.44044,1.00,2.25
2016.05.31 18:03:14.318,1.44014,1.44044,1.12,1.00
2016.05.31 18:03:15.627,1.44018,1.44043,1.00,2.25
2016.05.31 18:03:15.830,1.44013,1.44043,1.37,2.62
2016.05.31 18:03:15.976,1.44013,1.44041,1.37,1.00
2016.05.31 18:03:16.130,1.4401,1.44039,2.62,1.00
2016.05.31 18:03:16.454,1.44009,1.44039,1.75,1.37
2016.05.31 18:03:17.115,1.44009,1.44039,1.75,1.37
2016.05.31 18:03:17.534,1.44009,1.44042,1.75,2.25
2016.05.31 18:03:19.106,1.44009,1.44042,1.75,4.12
2016.05.31 18:03:19.929,1.44009,1.44042,1.75,2.25
2016.05.31 18:03:20.031,1.44015,1.44045,1.12,3.37
2016.05.31 18:03:20.134,1.44016,1.44045,1.12,1.12
2016.05.31 18:03:21.243,1.44015,1.44045,1.00,1.37
2016.05.31 18:03:22.458,1.44015,1.44045,1.50,1.50
2016.05.31 18:03:23.011,1.44015,1.44045,1.75,1.37
2016.05.31 18:03:23.164,1.44015,1.44045,1.00,1.37
2016.05.31 18:03:23.666,1.44015,1.44045,1.50,1.37
2016.05.31 18:03:24.196,1.44015,1.44045,1.00,1.37
2016.05.31 18:03:25.220,1.44014,1.44047,1.87,1.50
2016.05.31 18:03:27.054,1.44014,1.44042,1.50,1.00
2016.05.31 18:03:27.360,1.44005,1.44035,1.75,1.75
2016.05.31 18:03:27.411,1.44005,1.44035,1.00,1.87
2016.05.31 18:03:27.665,1.44002,1.44035,1.00,1.87
2016.05.31 18:03:27.767,1.44002,1.44032,1.37,1.37
2016.05.31 18:03:28.010,1.44002,1.44032,1.00,1.37
2016.05.31 18:03:28.265,1.44003,1.44036,1.75,3.00
2016.05.31 18:03:28.368,1.44008,1.44037,1.00,1.87
2016.05.31 18:03:28.420,1.44008,1.44039,1.00,3.37
2016.05.31 18:03:28.471,1.4401,1.44039,1.00,2.62
2016.05.31 18:03:28.780,1.4401,1.44039,1.75,2.25
2016.05.31 18:03:29.305,1.44005,1.44034,1.12,1.37
2016.05.31 18:03:29.357,1.44001,1.44033,3.00,2.62
2016.05.31 18:03:29.408,1.44001,1.44032,2.62,1.12
2016.05.31 18:03:29.919,1.44001,1.44031,1.87,1.37
2016.05.31 18:03:30.557,1.44001,1.44031,1.50,1.37
2016.05.31 18:03:31.083,1.44001,1.44032,1.37,1.12
2016.05.31 18:03:31.692,1.44001,1.44033,1.00,2.62
2016.05.31 18:03:32.062,1.43998,1.44029,1.00,1.12
2016.05.31 18:03:32.519,1.43998,1.44032,2.25,1.37
2016.05.31 18:03:33.156,1.43999,1.4403,1.12,1.12
2016.05.31 18:03:33.382,1.43998,1.44029,1.87,1.00
2016.05.31 18:03:33.930,1.43998,1.44029,1.75,1.37
2016.05.31 18:03:34.328,1.43998,1.44029,1.50,1.12
2016.05.31 18:03:34.863,1.43998,1.44028,1.12,1.00
2016.05.31 18:03:34.965,1.43998,1.44028,1.12,2.62
2016.05.31 18:03:35.368,1.43997,1.44023,1.37,3.37
2016.05.31 18:03:35.421,1.43989,1.44019,1.50,1.75
2016.05.31 18:03:35.575,1.43987,1.44017,1.00,3.00
2016.05.31 18:03:36.502,1.43985,1.44017,2.25,3.00
2016.05.31 18:03:37.536,1.43985,1.44015,1.50,1.12
2016.05.31 18:03:37.638,1.43981,1.44011,1.50,1.00
2016.05.31 18:03:38.252,1.43981,1.44012,1.75,1.00
2016.05.31 18:03:38.457,1.43981,1.44012,1.87,1.37
2016.05.31 18:03:38.559,1.43981,1.44012,2.25,1.37
2016.05.31 18:03:38.864,1.43987,1.44015,1.37,2.62
2016.05.31 18:03:39.741,1.43985,1.44016,1.87,1.37
2016.05.31 18:03:40.346,1.43985,1.44014,1.75,2.62
2016.05.31 18:03:40.448,1.43981,1.44014,1.87,2.62
2016.05.31 18:03:40.705,1.43981,1.4401,1.00,1.87
2016.05.31 18:03:40.920,1.4398,1.4401,1.12,1.50
2016.05.31 18:03:41.224,1.43984,1.44014,1.50,3.00
2016.05.31 18:03:41.547,1.43985,1.44014,1.12,2.25
2016.05.31 18:03:42.060,1.43985,1.44014,1.37,2.25
2016.05.31 18:03:42.589,1.43985,1.44015,1.37,1.37
2016.05.31 18:03:43.097,1.43984,1.44015,1.50,1.87
2016.05.31 18:03:43.616,1.43984,1.44015,1.75,1.50
2016.05.31 18:03:44.251,1.43985,1.44017,1.50,2.62
2016.05.31 18:03:44.755,1.43989,1.44017,1.00,2.62
2016.05.31 18:03:46.535,1.43988,1.44017,1.12,2.25
2016.05.31 18:03:47.045,1.43989,1.44019,1.37,3.00
2016.05.31 18:03:47.570,1.43989,1.44019,1.12,3.75
2016.05.31 18:03:47.921,1.43989,1.44019,1.12,1.87
2016.05.31 18:03:49.139,1.43989,1.44018,1.37,1.37
2016.05.31 18:03:49.703,1.43989,1.44018,1.12,1.37
2016.05.31 18:03:49.912,1.43987,1.44016,1.00,1.75
2016.05.31 18:03:50.852,1.43984,1.44015,1.12,1.87
2016.05.31 18:03:50.943,1.43984,1.44015,1.37,1.75
2016.05.31 18:03:51.492,1.43984,1.44015,1.12,1.12
2016.05.31 18:03:56.270,1.43984,1.44014,1.37,1.37
2016.05.31 18:03:56.964,1.43984,1.44013,1.00,1.00
2016.05.31 18:03:59.364,1.43983,1.44013,1.00,1.00
2016.05.31 18:03:59.670,1.43978,1.4401,1.87,1.37
2016.05.31 18:04:00.314,1.4398,1.4401,1.00,1.50
2016.05.31 18:04:00.773,1.43978,1.44007,1.87,2.25
2016.05.31 18:04:01.400,1.43979,1.44007,1.00,2.25
2016.05.31 18:04:01.706,1.43978,1.44007,1.87,2.25
2016.05.31 18:04:03.360,1.43978,1.44007,1.12,2.25
2016.05.31 18:04:03.614,1.43979,1.44007,1.00,2.25
2016.05.31 18:04:03.717,1.43978,1.44007,1.87,2.25
2016.05.31 18:04:03.819,1.43978,1.44007,1.37,2.25
2016.05.31 18:04:04.236,1.43977,1.44007,1.75,2.25
2016.05.31 18:04:05.281,1.43978,1.44007,1.00,2.62
2016.05.31 18:04:05.485,1.43971,1.43996,3.00,3.00
2016.05.31 18:04:05.536,1.43971,1.43996,1.50,3.00
2016.05.31 18:04:05.760,1.43965,1.43995,1.00,1.87
2016.05.31 18:04:06.369,1.43962,1.43991,1.12,2.25
2016.05.31 18:04:10.101,1.43962,1.43991,1.12,2.25
2016.05.31 18:04:10.813,1.43962,1.43992,1.12,2.25
2016.05.31 18:04:11.448,1.43962,1.43992,1.37,2.25
2016.05.31 18:04:11.990,1.43962,1.43993,1.37,3.00
2016.05.31 18:04:12.510,1.4396,1.4399,1.50,1.12
2016.05.31 18:04:13.185,1.4396,1.43991,1.37,3.00
2016.05.31 18:04:14.303,1.43962,1.43992,1.00,3.00
2016.05.31 18:04:16.343,1.43961,1.43992,1.12,1.37
2016.05.31 18:04:16.445,1.43961,1.43994,1.12,4.87
2016.05.31 18:04:16.870,1.43962,1.43993,1.00,2.25
2016.05.31 18:04:18.421,1.43961,1.43993,1.12,1.50
2016.05.31 18:04:18.931,1.43962,1.43993,1.37,1.37
2016.05.31 18:04:18.984,1.43965,1.43993,1.75,1.00
2016.05.31 18:04:19.035,1.43965,1.43993,2.62,1.00
2016.05.31 18:04:19.087,1.43968,1.43999,1.75,1.00
2016.05.31 18:04:19.412,1.43976,1.44008,1.12,2.62
2016.05.31 18:04:19.569,1.43976,1.44008,2.62,2.25
2016.05.31 18:04:19.824,1.43983,1.44011,1.00,2.25
2016.05.31 18:04:20.342,1.43984,1.44011,1.00,1.12
2016.05.31 18:04:20.867,1.43981,1.44011,1.12,1.87
2016.05.31 18:04:20.918,1.43981,1.44011,1.37,2.25
2016.05.31 18:04:20.969,1.43981,1.44011,1.00,2.62
2016.05.31 18:04:29.311,1.43979,1.44006,1.12,2.25
2016.05.31 18:04:29.363,1.43977,1.44006,1.12,2.62
2016.05.31 18:04:30.300,1.43974,1.44,1.12,2.25
2016.05.31 18:04:30.758,1.43971,1.44,1.12,2.25
2016.05.31 18:04:31.322,1.43971,1.44,1.37,2.25
2016.05.31 18:04:31.955,1.43971,1.44002,1.12,2.62
2016.05.31 18:04:33.190,1.43971,1.44002,1.12,2.62
2016.05.31 18:04:34.828,1.43971,1.44002,1.12,2.62
2016.05.31 18:04:36.014,1.43971,1.44002,1.00,2.62
2016.05.31 18:04:36.589,1.4397,1.44,1.75,1.37
2016.05.31 18:04:38.717,1.43971,1.44,1.00,1.37
2016.05.31 18:04:41.205,1.43971,1.44,1.12,1.37
2016.05.31 18:04:41.679,1.43971,1.44,1.12,1.37
2016.05.31 18:04:41.985,1.43971,1.44001,1.12,2.25
2016.05.31 18:04:42.647,1.43975,1.44003,1.00,2.62
2016.05.31 18:04:43.160,1.43974,1.44003,1.00,2.62
2016.05.31 18:04:44.250,1.43971,1.44003,1.12,3.37
2016.05.31 18:04:44.606,1.43972,1.44003,1.00,3.00
2016.05.31 18:04:44.939,1.43971,1.43999,1.37,1.37
2016.05.31 18:04:45.549,1.43975,1.43999,1.00,1.87
2016.05.31 18:04:45.600,1.43974,1.43999,1.12,1.87
2016.05.31 18:04:45.702,1.43975,1.43999,1.00,1.87
2016.05.31 18:04:46.243,1.43973,1.43999,1.37,1.87
2016.05.31 18:04:46.549,1.43974,1.44004,1.00,1.50
2016.05.31 18:04:46.650,1.43974,1.44004,1.12,1.50
2016.05.31 18:04:46.854,1.43972,1.44004,1.12,1.75
2016.05.31 18:04:47.394,1.4397,1.44004,1.87,2.25
2016.05.31 18:04:47.918,1.4397,1.44001,1.87,1.87
2016.05.31 18:04:48.460,1.4397,1.44001,1.37,1.87
2016.05.31 18:04:49.746,1.4397,1.44001,1.12,2.25
2016.05.31 18:04:50.330,1.4397,1.44001,1.12,2.62
2016.05.31 18:04:50.664,1.4397,1.44002,1.12,3.37
2016.05.31 18:04:51.559,1.43969,1.43998,1.87,1.37
2016.05.31 18:04:51.661,1.43969,1.44,2.25,1.00
2016.05.31 18:04:52.044,1.43969,1.44001,1.75,1.87
2016.05.31 18:04:52.567,1.43971,1.43999,1.00,1.87
2016.05.31 18:04:53.735,1.43969,1.44001,1.75,1.87
2016.05.31 18:04:54.767,1.43969,1.44001,1.75,1.87
2016.05.31 18:04:56.180,1.4397,1.44001,1.12,2.25
2016.05.31 18:04:56.840,1.4397,1.44001,1.37,2.25
2016.05.31 18:04:57.551,1.4397,1.44001,1.00,2.25
2016.05.31 18:04:58.246,1.4397,1.44002,1.00,3.37
2016.05.31 18:04:59.653,1.43968,1.43998,1.87,1.37
2016.05.31 18:04:59.958,1.43969,1.43995,1.50,1.87
2016.05.31 18:05:03.524,1.43968,1.43997,1.12,2.25
2016.05.31 18:05:03.786,1.43966,1.43997,1.37,4.12
2016.05.31 18:05:03.837,1.43966,1.43997,1.00,4.12
2016.05.31 18:05:03.888,1.43963,1.43997,2.25,3.37
2016.05.31 18:05:03.940,1.43963,1.43997,2.25,3.37
2016.05.31 18:05:04.501,1.43963,1.43997,2.25,3.37
2016.05.31 18:05:05.087,1.43963,1.43993,1.50,2.25
2016.05.31 18:05:08.929,1.43963,1.43993,1.00,2.25
2016.05.31 18:05:08.980,1.43963,1.43993,1.37,1.87
2016.05.31 18:05:09.082,1.43963,1.43997,2.62,1.12
2016.05.31 18:05:09.133,1.43963,1.43997,2.62,1.12
2016.05.31 18:05:09.235,1.4397,1.43999,1.50,1.00
2016.05.31 18:05:09.743,1.4397,1.44,1.75,2.25
2016.05.31 18:05:11.062,1.43971,1.44002,1.37,1.50
2016.05.31 18:05:12.629,1.43971,1.44002,1.12,2.62
2016.05.31 18:05:13.326,1.43974,1.44002,1.00,4.12
2016.05.31 18:05:13.879,1.43971,1.44002,1.12,2.25
2016.05.31 18:05:14.184,1.43978,1.44003,1.00,1.87
2016.05.31 18:05:15.107,1.43974,1.44003,1.12,1.87
2016.05.31 18:05:15.322,1.43974,1.44006,1.12,2.25
2016.05.31 18:05:15.636,1.43974,1.44006,1.12,2.62
2016.05.31 18:05:16.391,1.43974,1.44006,1.12,2.62
2016.05.31 18:05:16.684,1.43974,1.44006,1.12,2.62
2016.05.31 18:05:17.330,1.43973,1.44005,1.87,1.75
2016.05.31 18:05:17.382,1.43973,1.44004,1.50,1.50
2016.05.31 18:05:17.586,1.43972,1.44002,1.75,1.12
2016.05.31 18:05:18.111,1.43972,1.44004,1.75,2.25
2016.05.31 18:05:19.054,1.43969,1.43998,1.12,1.75
2016.05.31 18:05:19.156,1.4397,1.43998,1.37,3.37
2016.05.31 18:05:19.512,1.43966,1.43995,1.75,1.12
2016.05.31 18:05:20.023,1.43966,1.43995,1.75,1.12
2016.05.31 18:05:21.044,1.43968,1.43999,1.12,1.87
2016.05.31 18:05:21.593,1.43972,1.44,1.00,1.87
2016.05.31 18:05:21.645,1.43971,1.44,1.12,1.75
2016.05.31 18:05:22.155,1.43972,1.44004,1.87,2.62
2016.05.31 18:05:22.382,1.43972,1.44004,1.87,1.12
2016.05.31 18:05:23.306,1.43975,1.44004,1.12,1.12
2016.05.31 18:05:23.461,1.43975,1.44006,1.75,1.12
2016.05.31 18:05:24.190,1.43974,1.44003,1.75,2.62
2016.05.31 18:05:25.058,1.4397,1.44002,1.75,1.12
2016.05.31 18:05:25.269,1.4397,1.43997,1.37,1.12
2016.05.31 18:05:25.523,1.43966,1.43994,1.00,1.00
2016.05.31 18:05:25.763,1.43965,1.43997,1.12,1.12
2016.05.31 18:05:26.068,1.43972,1.44001,1.00,3.00
2016.05.31 18:05:27.092,1.4397,1.44001,1.50,2.25
2016.05.31 18:05:28.774,1.43969,1.43997,1.75,1.00
2016.05.31 18:05:29.359,1.43972,1.43997,1.37,1.00
2016.05.31 18:05:29.984,1.4397,1.43997,1.12,1.00
2016.05.31 18:05:33.965,1.4397,1.44001,1.75,1.87
2016.05.31 18:05:34.271,1.43972,1.44001,1.12,1.75
2016.05.31 18:05:35.755,1.43972,1.44001,1.12,1.75
2016.05.31 18:05:36.289,1.4397,1.44001,1.75,1.87
2016.05.31 18:05:36.340,1.4397,1.44001,1.50,2.25
2016.05.31 18:05:37.191,1.43969,1.43992,1.12,1.00
2016.05.31 18:05:37.243,1.43969,1.43992,1.00,1.00
2016.05.31 18:05:37.548,1.43965,1.43992,1.37,1.00
2016.05.31 18:05:38.058,1.43965,1.43992,1.12,1.00
2016.05.31 18:05:38.502,1.43965,1.43998,1.12,2.62
2016.05.31 18:05:40.059,1.43965,1.43998,1.12,1.87
2016.05.31 18:05:40.780,1.43965,1.43998,1.12,1.87
2016.05.31 18:05:42.203,1.43969,1.43998,1.50,1.75
2016.05.31 18:05:42.786,1.43969,1.43998,1.00,1.75
2016.05.31 18:05:44.462,1.43968,1.43998,1.00,1.75
2016.05.31 18:05:44.770,1.43962,1.43992,1.37,1.12
2016.05.31 18:05:45.319,1.43962,1.43995,1.87,2.25
2016.05.31 18:05:46.080,1.43966,1.43995,1.12,2.25
2016.05.31 18:05:46.626,1.43966,1.43995,1.12,2.25
2016.05.31 18:05:46.800,1.43966,1.43993,1.12,1.00
2016.05.31 18:05:50.069,1.43969,1.43994,1.00,1.00
2016.05.31 18:05:51.643,1.43969,1.43993,1.00,1.00
2016.05.31 18:05:53.882,1.43966,1.43996,1.12,1.75
2016.05.31 18:05:54.874,1.43968,1.43996,1.00,1.75
2016.05.31 18:05:55.224,1.43966,1.43993,1.12,1.00
2016.05.31 18:05:55.418,1.43966,1.43993,1.12,1.00
2016.05.31 18:05:55.470,1.43966,1.43993,1.12,1.00
2016.05.31 18:05:55.522,1.43966,1.43995,1.12,1.00
2016.05.31 18:05:55.979,1.4397,1.43995,1.12,1.00
2016.05.31 18:05:56.755,1.43971,1.43995,1.00,1.00
2016.05.31 18:05:57.311,1.4397,1.43996,1.37,1.00
2016.05.31 18:05:57.827,1.4397,1.43996,1.12,1.00
2016.05.31 18:05:58.372,1.4397,1.43999,1.12,1.75
2016.05.31 18:06:00.515,1.43968,1.43999,1.12,1.75
2016.05.31 18:06:02.322,1.43972,1.43999,1.12,1.75
2016.05.31 18:06:03.864,1.4397,1.43999,1.50,1.87
2016.05.31 18:06:03.915,1.4397,1.43999,1.50,1.87
2016.05.31 18:06:04.221,1.43969,1.43997,1.37,2.62
2016.05.31 18:06:04.374,1.43963,1.43987,1.87,1.00
2016.05.31 18:06:04.477,1.43963,1.43987,1.87,1.00
2016.05.31 18:06:04.528,1.43965,1.43992,1.00,1.00
2016.05.31 18:06:04.580,1.43963,1.43992,1.87,1.00
2016.05.31 18:06:05.577,1.43966,1.43992,1.75,1.00
2016.05.31 18:06:05.730,1.43966,1.43995,1.75,1.00
2016.05.31 18:06:06.257,1.43966,1.43995,1.50,1.00
2016.05.31 18:06:07.006,1.43968,1.43995,1.00,1.00
2016.05.31 18:06:07.126,1.43968,1.43993,1.00,1.00
2016.05.31 18:06:08.586,1.43968,1.43992,1.00,1.00
2016.05.31 18:06:09.105,1.43966,1.43992,1.75,1.00
2016.05.31 18:06:11.194,1.43966,1.43997,1.75,1.75
2016.05.31 18:06:11.950,1.43966,1.43997,1.75,1.75
2016.05.31 18:06:12.481,1.43966,1.43997,1.75,1.75
2016.05.31 18:06:13.008,1.43968,1.43997,1.00,1.75
2016.05.31 18:06:13.551,1.43966,1.43997,1.75,1.75
2016.05.31 18:06:14.254,1.43968,1.43997,1.00,1.75
2016.05.31 18:06:14.843,1.43966,1.43997,1.75,1.75
2016.05.31 18:06:15.380,1.43966,1.43997,1.75,1.75
2016.05.31 18:06:17.572,1.43966,1.43996,1.50,1.12
2016.05.31 18:06:18.201,1.43966,1.43997,1.12,1.75
2016.05.31 18:06:18.353,1.43966,1.43997,1.37,1.75
2016.05.31 18:06:18.405,1.43967,1.43998,1.37,1.12
2016.05.31 18:06:18.456,1.43967,1.43999,1.75,1.87
2016.05.31 18:06:19.005,1.43972,1.44003,1.12,1.75
2016.05.31 18:06:19.429,1.43972,1.44,1.12,1.87
2016.05.31 18:06:19.582,1.43966,1.43996,1.37,1.12
2016.05.31 18:06:19.633,1.43966,1.43997,1.37,1.87
2016.05.31 18:06:19.861,1.43966,1.43996,2.25,1.00
2016.05.31 18:06:20.357,1.43966,1.43996,2.25,1.00
2016.05.31 18:06:20.459,1.43969,1.43996,1.75,1.00
2016.05.31 18:06:20.765,1.43974,1.43996,1.00,1.00
2016.05.31 18:06:20.918,1.43974,1.44003,1.12,2.62
2016.05.31 18:06:21.126,1.43974,1.44003,1.50,1.50
2016.05.31 18:06:21.891,1.43976,1.44003,1.00,1.50
2016.05.31 18:06:22.741,1.43972,1.44003,1.75,1.50
2016.05.31 18:06:23.063,1.43974,1.44003,1.00,1.50
2016.05.31 18:06:23.166,1.43971,1.44004,2.62,1.87
2016.05.31 18:06:23.710,1.43979,1.44007,1.12,1.12
2016.05.31 18:06:24.170,1.43975,1.44005,1.37,1.12
2016.05.31 18:06:24.477,1.43971,1.44003,1.87,1.87
2016.05.31 18:06:25.318,1.43971,1.44003,1.87,1.87
2016.05.31 18:06:25.420,1.43971,1.44003,1.87,1.75
2016.05.31 18:06:29.699,1.43968,1.43996,1.12,1.12
2016.05.31 18:06:30.005,1.43962,1.43994,1.87,1.75
2016.05.31 18:06:30.107,1.43963,1.43991,1.00,1.00
2016.05.31 18:06:30.209,1.43962,1.43992,1.12,1.75
2016.05.31 18:06:30.405,1.43963,1.43992,1.00,1.50
2016.05.31 18:06:30.609,1.43962,1.43992,1.12,1.50
2016.05.31 18:06:31.284,1.43962,1.43992,1.12,1.50
2016.05.31 18:06:31.813,1.43962,1.4399,1.87,1.00
2016.05.31 18:06:32.685,1.43965,1.4399,1.00,1.00
2016.05.31 18:06:33.460,1.43962,1.43991,1.87,1.00
2016.05.31 18:06:33.970,1.43966,1.43991,1.00,1.00
2016.05.31 18:06:34.524,1.43962,1.43994,1.87,1.75
2016.05.31 18:06:34.809,1.43962,1.43992,1.12,1.12
2016.05.31 18:06:35.014,1.43962,1.43992,1.37,1.87
2016.05.31 18:06:35.844,1.43962,1.43986,1.37,1.00
2016.05.31 18:06:36.151,1.43966,1.43986,1.12,1.00
2016.05.31 18:06:36.380,1.43966,1.43986,1.00,1.00
2016.05.31 18:06:36.637,1.43965,1.43986,1.75,1.00
2016.05.31 18:06:36.893,1.43962,1.43986,1.12,1.00
2016.05.31 18:06:37.255,1.43966,1.43994,1.12,1.00
2016.05.31 18:06:37.306,1.43967,1.43998,1.75,1.12
2016.05.31 18:06:37.358,1.4397,1.43999,1.12,1.75
2016.05.31 18:06:37.714,1.43971,1.44001,1.12,2.25
2016.05.31 18:06:37.918,1.43971,1.44001,1.12,2.25
2016.05.31 18:06:38.021,1.43975,1.44001,1.12,2.25
2016.05.31 18:06:38.840,1.43977,1.44006,1.12,1.75
2016.05.31 18:06:39.145,1.43978,1.44006,1.37,1.50
2016.05.31 18:06:40.094,1.43977,1.44006,1.12,1.50
2016.05.31 18:06:40.145,1.43976,1.44,1.87,1.00
2016.05.31 18:06:40.196,1.43973,1.44,2.25,1.00
2016.05.31 18:06:41.278,1.43973,1.44,1.50,1.00
2016.05.31 18:06:41.329,1.4397,1.43998,1.75,1.00
2016.05.31 18:06:41.838,1.4397,1.43998,1.75,1.00
2016.05.31 18:06:42.143,1.43975,1.43998,1.37,1.00
2016.05.31 18:06:43.022,1.43975,1.44002,1.37,1.50
2016.05.31 18:06:43.629,1.43975,1.44002,1.37,1.50
2016.05.31 18:06:44.206,1.43975,1.44002,1.12,1.75
2016.05.31 18:06:45.137,1.43976,1.44002,1.00,1.75
2016.05.31 18:06:45.393,1.43974,1.44004,1.00,1.12
2016.05.31 18:06:45.895,1.43973,1.44003,1.75,1.12
2016.05.31 18:06:46.048,1.43973,1.44004,1.75,1.12
2016.05.31 18:06:46.264,1.43975,1.44006,1.12,1.75
2016.05.31 18:06:46.670,1.43975,1.44,1.37,1.00
2016.05.31 18:06:47.727,1.43975,1.44006,1.12,1.87
2016.05.31 18:06:48.149,1.43975,1.44006,1.00,2.62
2016.05.31 18:06:49.049,1.43975,1.44001,1.37,1.00
2016.05.31 18:06:51.029,1.43975,1.43999,1.12,1.00
2016.05.31 18:06:51.561,1.43975,1.43999,1.12,1.00
2016.05.31 18:06:52.531,1.43975,1.44001,1.12,1.00
2016.05.31 18:06:53.055,1.43979,1.44001,1.00,1.00
2016.05.31 18:06:53.689,1.43978,1.44001,1.00,1.00
2016.05.31 18:06:53.964,1.43972,1.43995,1.75,1.00
2016.05.31 18:06:54.117,1.43967,1.43995,1.12,1.00
2016.05.31 18:06:54.728,1.43967,1.43995,1.12,1.00
2016.05.31 18:06:54.881,1.43967,1.44,1.75,1.37
2016.05.31 18:06:55.425,1.43971,1.44,1.00,1.00
2016.05.31 18:06:55.884,1.43967,1.44,1.75,1.00
2016.05.31 18:06:55.986,1.43972,1.44003,1.37,1.12
2016.05.31 18:06:56.291,1.43972,1.44003,1.75,1.12
2016.05.31 18:06:56.597,1.43972,1.44003,1.00,1.87
2016.05.31 18:06:56.802,1.43965,1.43995,1.37,1.00
2016.05.31 18:06:57.006,1.43965,1.43995,1.50,1.00
2016.05.31 18:06:57.160,1.43963,1.43994,1.12,1.00
2016.05.31 18:06:57.685,1.43963,1.43994,1.12,1.00
2016.05.31 18:06:58.159,1.43963,1.43994,1.12,1.37
2016.05.31 18:06:58.262,1.43963,1.43996,1.75,1.37
2016.05.31 18:06:58.315,1.43968,1.43999,1.12,1.50
2016.05.31 18:06:58.367,1.43969,1.43999,1.12,1.12
2016.05.31 18:06:58.877,1.43971,1.44002,1.12,3.37
2016.05.31 18:06:59.395,1.43971,1.44002,1.50,1.50
2016.05.31 18:07:00.016,1.4397,1.44,1.12,1.37
2016.05.31 18:07:00.723,1.43971,1.43998,1.37,1.37
2016.05.31 18:07:00.825,1.43966,1.43994,1.12,1.37
2016.05.31 18:07:00.927,1.43965,1.43994,1.00,1.37
2016.05.31 18:07:02.995,1.43963,1.43994,1.12,1.75
2016.05.31 18:07:03.098,1.43962,1.43994,1.75,2.25
2016.05.31 18:07:03.521,1.4396,1.43986,1.12,1.00
2016.05.31 18:07:04.559,1.4396,1.43985,2.25,1.00
2016.05.31 18:07:05.005,1.43958,1.43982,2.25,1.12
2016.05.31 18:07:05.056,1.43951,1.43982,1.50,1.75
2016.05.31 18:07:05.568,1.43951,1.43983,1.75,1.87
2016.05.31 18:07:05.670,1.43951,1.43981,1.50,1.12
2016.05.31 18:07:05.823,1.43951,1.43983,1.75,1.87
2016.05.31 18:07:06.257,1.43956,1.43982,1.00,1.00
2016.05.31 18:07:06.309,1.43956,1.43982,1.12,1.00
2016.05.31 18:07:07.572,1.43958,1.43985,1.00,1.00
2016.05.31 18:07:08.081,1.43958,1.43986,1.00,1.12
2016.05.31 18:07:08.234,1.43951,1.4398,1.75,1.00
2016.05.31 18:07:08.387,1.43951,1.4398,1.12,1.00
2016.05.31 18:07:08.676,1.4395,1.43981,1.75,1.37
2016.05.31 18:07:08.982,1.4395,1.4398,1.50,1.37
2016.05.31 18:07:09.338,1.43951,1.43981,1.12,1.37
2016.05.31 18:07:09.917,1.43952,1.43978,1.37,1.00
2016.05.31 18:07:10.430,1.43952,1.43978,1.12,1.00
2016.05.31 18:07:10.736,1.4395,1.43981,1.87,1.12
2016.05.31 18:07:11.241,1.4395,1.43979,1.50,1.12
2016.05.31 18:07:11.765,1.4395,1.43981,1.87,1.12
2016.05.31 18:07:12.020,1.4395,1.43978,1.50,1.12
2016.05.31 18:07:12.325,1.43946,1.43978,1.12,1.75
2016.05.31 18:07:12.890,1.43947,1.43978,1.00,1.87
2016.05.31 18:07:13.420,1.43948,1.43978,1.00,1.75
2016.05.31 18:07:14.433,1.43946,1.43973,1.37,1.00
2016.05.31 18:07:14.847,1.43949,1.43973,1.12,1.00
2016.05.31 18:07:15.729,1.43946,1.43974,1.87,1.00
2016.05.31 18:07:15.832,1.43945,1.43974,1.50,1.00
2016.05.31 18:07:15.883,1.43945,1.43974,1.75,1.00
2016.05.31 18:07:16.189,1.43948,1.43974,1.12,1.00
2016.05.31 18:07:16.393,1.43946,1.43974,1.75,1.00
2016.05.31 18:07:16.883,1.43948,1.43977,1.87,1.00
2016.05.31 18:07:17.393,1.43949,1.43977,1.12,1.00
2016.05.31 18:07:17.699,1.43955,1.43977,1.00,1.00
2016.05.31 18:07:17.802,1.43953,1.43977,1.12,1.00
2016.05.31 18:07:18.194,1.43953,1.43977,1.12,1.00
2016.05.31 18:07:18.853,1.43953,1.43981,1.12,1.54
2016.05.31 18:07:19.364,1.43954,1.43981,1.00,1.54
2016.05.31 18:07:20.006,1.4395,1.43981,1.87,2.04
2016.05.31 18:07:20.909,1.4395,1.4398,1.75,1.67
2016.05.31 18:07:21.094,1.43948,1.4398,1.50,1.67
2016.05.31 18:07:21.778,1.43948,1.4398,1.12,2.04
2016.05.31 18:07:22.342,1.43948,1.43976,1.50,1.00
2016.05.31 18:07:22.404,1.43948,1.43976,1.75,1.00
2016.05.31 18:07:22.455,1.43948,1.4398,1.75,1.67
2016.05.31 18:07:22.506,1.43948,1.4398,1.75,1.67
2016.05.31 18:07:22.964,1.43953,1.43982,1.12,1.00
2016.05.31 18:07:23.015,1.43953,1.43982,1.12,1.00
2016.05.31 18:07:23.219,1.43953,1.43982,1.12,1.00
2016.05.31 18:07:23.504,1.43953,1.43982,1.12,1.00
2016.05.31 18:07:24.963,1.43953,1.43983,1.12,1.00
2016.05.31 18:07:25.483,1.43954,1.43984,1.00,1.54
2016.05.31 18:07:25.535,1.43953,1.43985,1.12,1.54
2016.05.31 18:07:26.044,1.43957,1.43986,1.37,1.67
2016.05.31 18:07:26.494,1.43957,1.43986,1.37,1.67
2016.05.31 18:07:26.649,1.43954,1.43986,1.12,2.42
2016.05.31 18:07:26.918,1.43954,1.43986,1.00,2.42
2016.05.31 18:07:27.020,1.43954,1.43986,1.12,2.42
2016.05.31 18:07:27.602,1.43954,1.43986,1.12,2.04
2016.05.31 18:07:28.177,1.43954,1.43986,1.12,2.04
2016.05.31 18:07:28.228,1.43954,1.43986,1.37,2.04
2016.05.31 18:07:28.736,1.43954,1.43983,1.00,1.00
2016.05.31 18:07:29.770,1.43954,1.43983,1.00,1.54
2016.05.31 18:07:30.514,1.43952,1.43977,1.75,2.04
2016.05.31 18:07:30.566,1.43945,1.43977,1.12,2.04
2016.05.31 18:07:30.772,1.43947,1.43977,1.00,2.04
2016.05.31 18:07:30.878,1.43945,1.43977,1.12,2.04
2016.05.31 18:07:30.930,1.43944,1.43977,1.75,2.42
2016.05.31 18:07:30.981,1.43941,1.43973,1.12,2.04
2016.05.31 18:07:31.083,1.43942,1.4397,1.00,1.54
2016.05.31 18:07:31.337,1.43941,1.4397,1.12,1.54
2016.05.31 18:07:31.591,1.43941,1.4397,1.37,1.54
2016.05.31 18:07:32.142,1.43941,1.4397,1.00,1.54
2016.05.31 18:07:33.892,1.43938,1.43967,1.12,1.54
2016.05.31 18:07:34.219,1.43938,1.43967,1.12,1.29
2016.05.31 18:07:34.784,1.43938,1.4397,1.87,2.42
2016.05.31 18:07:35.181,1.43939,1.4397,1.12,1.54
2016.05.31 18:07:37.078,1.43938,1.4397,2.25,1.54
2016.05.31 18:07:38.963,1.43941,1.43971,1.12,1.12
2016.05.31 18:07:39.015,1.43941,1.43971,1.12,1.00
2016.05.31 18:07:39.067,1.43943,1.43971,1.87,1.00
2016.05.31 18:07:39.579,1.43943,1.43973,1.75,1.12
2016.05.31 18:07:40.085,1.43945,1.43976,1.12,2.62
2016.05.31 18:07:41.785,1.43946,1.43975,1.37,1.75
2016.05.31 18:07:42.379,1.43946,1.43975,1.75,1.75
2016.05.31 18:07:43.184,1.43947,1.43975,1.37,1.00
2016.05.31 18:07:43.896,1.43947,1.43975,1.12,1.00
2016.05.31 18:07:44.426,1.43947,1.43977,1.37,1.37
2016.05.31 18:07:47.611,1.43946,1.43977,1.37,1.37
2016.05.31 18:07:49.622,1.43948,1.43978,1.75,1.75
2016.05.31 18:07:50.405,1.43948,1.43974,2.25,1.00
2016.05.31 18:07:50.930,1.43948,1.43973,2.25,1.00
2016.05.31 18:07:51.032,1.43948,1.43977,2.25,1.50
2016.05.31 18:07:51.335,1.43942,1.43974,2.10,1.12
2016.05.31 18:07:51.896,1.43941,1.43972,1.50,3.00
2016.05.31 18:07:51.947,1.43941,1.43969,1.00,1.12
2016.05.31 18:07:51.999,1.43938,1.43967,1.50,1.12
2016.05.31 18:07:52.397,1.43938,1.4397,1.12,1.75
2016.05.31 18:07:52.704,1.43943,1.43972,1.37,2.25
2016.05.31 18:07:53.215,1.43942,1.43974,1.75,1.12
2016.05.31 18:07:53.817,1.43943,1.4397,1.00,1.75
2016.05.31 18:07:55.429,1.43942,1.43973,1.75,1.12
2016.05.31 18:07:55.634,1.43943,1.43975,1.12,1.75
2016.05.31 18:07:55.838,1.43943,1.43975,1.12,1.75
2016.05.31 18:07:56.143,1.43943,1.43975,1.37,1.75
2016.05.31 18:07:56.786,1.43942,1.43974,1.37,1.12
2016.05.31 18:07:57.040,1.43943,1.43973,1.12,1.12
2016.05.31 18:07:58.454,1.43943,1.43974,1.00,1.12
2016.05.31 18:07:59.131,1.43943,1.43974,1.00,1.12
2016.05.31 18:07:59.630,1.43942,1.4397,1.37,1.12
2016.05.31 18:07:59.938,1.43937,1.43966,1.00,1.00
2016.05.31 18:08:00.040,1.43935,1.43963,1.00,1.12
2016.05.31 18:08:01.829,1.43935,1.43965,1.00,1.75
2016.05.31 18:08:03.012,1.43935,1.43965,1.00,3.75
2016.05.31 18:08:04.167,1.43931,1.43964,1.87,1.12
2016.05.31 18:08:04.218,1.43931,1.43964,1.87,1.75
2016.05.31 18:08:04.370,1.43932,1.43962,1.00,1.37
2016.05.31 18:08:04.472,1.43931,1.43962,1.50,1.12
2016.05.31 18:08:04.630,1.4393,1.4396,1.12,2.62
2016.05.31 18:08:04.987,1.43928,1.43953,1.37,1.00
2016.05.31 18:08:05.633,1.43928,1.43952,1.37,1.00
2016.05.31 18:08:05.786,1.43928,1.43959,1.37,1.12
2016.05.31 18:08:06.390,1.43928,1.43959,1.50,1.12
2016.05.31 18:08:07.249,1.43928,1.43954,1.50,1.00
2016.05.31 18:08:07.546,1.43928,1.4396,1.75,1.12
2016.05.31 18:08:07.871,1.43928,1.4396,1.75,1.12
2016.05.31 18:08:08.396,1.43928,1.4396,1.75,1.75
2016.05.31 18:08:08.448,1.43929,1.4396,1.00,1.87
2016.05.31 18:08:08.997,1.43926,1.43958,1.75,1.00
2016.05.31 18:08:09.621,1.43926,1.43959,1.75,1.12
2016.05.31 18:08:10.357,1.43927,1.43959,1.12,1.37
2016.05.31 18:08:10.663,1.43927,1.43957,1.12,1.00
2016.05.31 18:08:10.765,1.43926,1.43957,1.37,1.75
2016.05.31 18:08:11.273,1.43928,1.43957,1.00,1.12
2016.05.31 18:08:11.628,1.43925,1.43956,1.00,1.37
2016.05.31 18:08:13.777,1.43921,1.43955,3.00,1.50
2016.05.31 18:08:14.352,1.4392,1.43951,2.25,1.12
2016.05.31 18:08:15.296,1.43921,1.43949,1.37,1.00
2016.05.31 18:08:15.908,1.43922,1.43953,1.00,1.87
2016.05.31 18:08:18.105,1.4392,1.43953,1.12,1.87
2016.05.31 18:08:18.259,1.43914,1.43944,1.50,1.87
2016.05.31 18:08:18.413,1.43915,1.43944,1.37,1.00
2016.05.31 18:08:18.718,1.43915,1.43947,1.87,1.87
2016.05.31 18:08:19.722,1.43916,1.43944,1.00,1.00
2016.05.31 18:08:20.236,1.43915,1.43944,1.50,1.00
2016.05.31 18:08:20.786,1.43915,1.43945,1.50,1.00
2016.05.31 18:08:20.939,1.43911,1.43945,1.75,1.87
2016.05.31 18:08:20.991,1.43911,1.43942,1.00,1.00
2016.05.31 18:08:22.496,1.43912,1.43943,1.00,1.00
2016.05.31 18:08:22.700,1.43911,1.43945,1.37,2.62
2016.05.31 18:08:23.005,1.43909,1.43941,1.37,1.12
2016.05.31 18:08:23.520,1.43908,1.43938,1.50,1.00
2016.05.31 18:08:24.028,1.43907,1.43938,1.37,1.37
2016.05.31 18:08:25.848,1.43907,1.43938,1.37,1.37
2016.05.31 18:08:26.776,1.43907,1.43938,1.75,1.37
2016.05.31 18:08:27.290,1.43907,1.43938,1.75,1.37
2016.05.31 18:08:27.805,1.43907,1.43938,1.75,1.37
2016.05.31 18:08:27.959,1.43911,1.43941,1.37,1.00
2016.05.31 18:08:28.062,1.43911,1.43943,1.37,1.12
2016.05.31 18:08:28.261,1.43911,1.43943,1.12,1.12
2016.05.31 18:08:28.668,1.43911,1.43943,1.87,1.00
2016.05.31 18:08:28.974,1.43917,1.43948,1.75,2.25
2016.05.31 18:08:29.025,1.43917,1.43951,1.75,1.87
2016.05.31 18:08:29.566,1.4392,1.43952,1.75,1.87
2016.05.31 18:08:29.772,1.4392,1.43952,2.25,1.37
2016.05.31 18:08:29.823,1.43926,1.43952,1.00,1.00
2016.05.31 18:08:29.976,1.43921,1.43952,1.12,1.00
2016.05.31 18:08:30.028,1.43921,1.43954,1.12,1.00
2016.05.31 18:08:30.181,1.43925,1.43957,2.25,1.00
2016.05.31 18:08:31.402,1.43925,1.43959,2.25,3.00
2016.05.31 18:08:32.441,1.43925,1.43959,2.25,3.00
2016.05.31 18:08:34.153,1.43925,1.43958,2.25,1.12
2016.05.31 18:08:34.205,1.43925,1.43956,2.25,1.00
2016.05.31 18:08:34.558,1.43925,1.43956,1.00,1.37
2016.05.31 18:08:34.813,1.43921,1.43953,1.00,1.75
2016.05.31 18:08:35.327,1.43921,1.43953,1.00,1.50
2016.05.31 18:08:35.867,1.4392,1.43953,1.12,1.50
2016.05.31 18:08:35.918,1.43922,1.43953,1.12,1.12
2016.05.31 18:08:36.224,1.43925,1.43956,1.12,1.37
2016.05.31 18:08:36.979,1.43925,1.43956,1.37,1.12
2016.05.31 18:08:37.485,1.43925,1.43956,1.12,1.12
2016.05.31 18:08:37.793,1.43925,1.43954,1.00,1.00
2016.05.31 18:08:38.098,1.43922,1.43953,1.12,1.37
2016.05.31 18:08:38.149,1.4392,1.43952,1.12,1.00
2016.05.31 18:08:38.673,1.4392,1.43954,1.12,2.25
2016.05.31 18:08:39.184,1.4392,1.43953,1.12,1.50
2016.05.31 18:08:40.213,1.4392,1.43953,1.12,1.37
2016.05.31 18:08:40.366,1.43921,1.43953,1.75,1.37
2016.05.31 18:08:41.000,1.43921,1.43953,1.75,1.37
2016.05.31 18:08:43.068,1.43924,1.43953,1.00,1.37
2016.05.31 18:08:43.272,1.43921,1.43952,1.12,1.37
2016.05.31 18:08:43.374,1.43921,1.43952,1.37,1.50
2016.05.31 18:08:44.678,1.4392,1.43949,1.37,1.00
2016.05.31 18:08:45.035,1.43919,1.43949,1.75,1.00
2016.05.31 18:08:45.595,1.4392,1.43949,1.37,1.00
2016.05.31 18:08:46.235,1.4392,1.43951,1.37,1.50
2016.05.31 18:08:47.582,1.4392,1.43951,1.12,1.50
2016.05.31 18:08:48.691,1.4392,1.43951,1.12,1.50
2016.05.31 18:08:53.422,1.4392,1.43951,1.12,1.12
2016.05.31 18:08:54.643,1.4392,1.43951,1.12,1.87
2016.05.31 18:08:55.050,1.4392,1.43951,1.37,1.00
2016.05.31 18:08:55.355,1.43926,1.43956,1.00,2.62
2016.05.31 18:08:55.884,1.43926,1.43952,1.00,1.00
2016.05.31 18:08:57.926,1.43926,1.43954,1.00,1.00
2016.05.31 18:08:58.398,1.43923,1.43954,2.25,1.50
2016.05.31 18:08:58.551,1.43924,1.43954,1.00,1.50
2016.05.31 18:08:59.418,1.43924,1.43953,1.00,1.00
2016.05.31 18:09:00.731,1.43923,1.43949,1.87,1.00
2016.05.31 18:09:01.635,1.43923,1.43949,1.12,1.00
2016.05.31 18:09:02.144,1.43921,1.43953,1.12,1.75
2016.05.31 18:09:03.269,1.43923,1.43952,1.37,1.12
2016.05.31 18:09:10.180,1.43921,1.43951,1.12,1.00
2016.05.31 18:09:12.206,1.43922,1.43951,1.12,1.37
2016.05.31 18:09:12.739,1.43921,1.43951,1.75,1.50
2016.05.31 18:09:13.585,1.43921,1.43951,1.87,1.00
2016.05.31 18:09:14.488,1.43921,1.43952,1.37,1.12
2016.05.31 18:09:15.949,1.43921,1.43951,1.37,1.12
2016.05.31 18:09:22.430,1.43921,1.43953,1.12,1.12
2016.05.31 18:09:23.014,1.43923,1.43953,1.12,1.12
2016.05.31 18:09:23.977,1.43923,1.43953,1.12,1.12
2016.05.31 18:09:24.535,1.43923,1.43953,1.37,1.12
2016.05.31 18:09:25.797,1.43923,1.43954,1.00,1.75
2016.05.31 18:09:26.023,1.43923,1.43954,1.00,1.75
2016.05.31 18:09:28.180,1.43923,1.4395,1.00,1.75
2016.05.31 18:09:28.486,1.43913,1.43944,1.12,2.25
2016.05.31 18:09:28.639,1.43912,1.4394,1.00,1.12
2016.05.31 18:09:29.175,1.43911,1.43939,1.00,1.12
2016.05.31 18:09:29.705,1.43911,1.43937,1.00,1.00
2016.05.31 18:09:30.108,1.43911,1.43937,1.37,1.00
2016.05.31 18:09:30.672,1.43911,1.43942,1.50,1.87
2016.05.31 18:09:31.313,1.43909,1.43938,1.00,1.00
2016.05.31 18:09:31.364,1.43906,1.43936,1.87,1.12
2016.05.31 18:09:31.517,1.43905,1.43934,1.00,1.12
2016.05.31 18:09:31.689,1.43902,1.43933,1.50,1.75
2016.05.31 18:09:31.791,1.43902,1.43932,1.50,1.12
2016.05.31 18:09:32.586,1.43902,1.43931,1.75,1.00
2016.05.31 18:09:33.137,1.43906,1.43931,1.12,1.00
2016.05.31 18:09:34.260,1.43906,1.43932,1.75,1.00
2016.05.31 18:09:36.431,1.43909,1.43932,1.00,1.00
2016.05.31 18:09:36.482,1.43909,1.43937,1.00,1.00
2016.05.31 18:09:36.764,1.4391,1.43937,1.75,1.00
2016.05.31 18:09:37.989,1.43913,1.4394,1.00,1.00
2016.05.31 18:09:38.390,1.43909,1.4394,1.75,1.75
2016.05.31 18:09:38.442,1.43909,1.4394,1.00,1.75
2016.05.31 18:09:38.494,1.43908,1.4394,1.12,1.75
2016.05.31 18:09:38.800,1.43905,1.43931,1.75,1.00
2016.05.31 18:09:38.852,1.43905,1.43931,1.00,1.00
2016.05.31 18:09:39.797,1.43905,1.4393,1.00,1.00
2016.05.31 18:09:42.098,1.43904,1.43931,1.00,1.37
2016.05.31 18:09:42.650,1.43904,1.43931,1.00,1.75
2016.05.31 18:09:43.770,1.43904,1.43931,1.00,1.75
2016.05.31 18:09:44.321,1.43903,1.4393,1.00,1.12
2016.05.31 18:09:48.058,1.43899,1.43928,1.50,1.00
2016.05.31 18:09:48.604,1.439,1.43928,1.12,1.37
2016.05.31 18:09:48.807,1.43896,1.43927,2.05,1.37
2016.05.31 18:09:49.761,1.43894,1.43927,1.12,1.50
2016.05.31 18:09:49.812,1.43894,1.43922,1.75,1.00
2016.05.31 18:09:49.965,1.43892,1.43921,1.00,1.00
2016.05.31 18:09:50.577,1.43892,1.43919,1.00,1.37
2016.05.31 18:09:50.891,1.43878,1.43906,1.12,1.37
2016.05.31 18:09:50.997,1.43878,1.43907,1.12,1.50
2016.05.31 18:09:51.150,1.43878,1.43909,1.50,1.75
2016.05.31 18:09:51.460,1.43882,1.43912,1.37,1.12
2016.05.31 18:09:51.811,1.43882,1.43913,1.12,1.00
2016.05.31 18:09:51.863,1.43884,1.43913,1.75,1.00
2016.05.31 18:09:53.607,1.43883,1.43913,1.12,1.12
2016.05.31 18:09:54.020,1.43883,1.43911,1.12,1.00
2016.05.31 18:09:54.072,1.43881,1.43911,1.00,1.50
2016.05.31 18:09:54.124,1.43877,1.43907,1.75,1.75
2016.05.31 18:09:54.277,1.43876,1.43906,1.00,1.50
2016.05.31 18:09:54.328,1.43876,1.43906,1.00,1.50
2016.05.31 18:09:54.905,1.43876,1.43906,1.00,1.50
2016.05.31 18:09:55.322,1.43876,1.43902,1.00,1.00
2016.05.31 18:09:55.808,1.43876,1.43908,1.37,1.87
2016.05.31 18:09:55.910,1.43873,1.43908,1.12,1.50
2016.05.31 18:09:56.013,1.43874,1.43908,1.00,1.50
2016.05.31 18:09:56.115,1.43872,1.43898,1.00,1.00
2016.05.31 18:09:56.221,1.43867,1.43898,1.00,1.50
2016.05.31 18:09:56.528,1.43864,1.43898,1.37,1.12
2016.05.31 18:09:56.630,1.43869,1.43898,1.75,1.00
2016.05.31 18:09:57.134,1.4387,1.43907,1.75,1.50
2016.05.31 18:09:57.237,1.4387,1.43907,1.75,1.50
2016.05.31 18:09:57.542,1.43878,1.43912,1.00,1.87
2016.05.31 18:09:57.593,1.43878,1.43912,1.50,1.50
2016.05.31 18:09:57.644,1.43875,1.43912,1.87,1.75
2016.05.31 18:09:57.977,1.43876,1.43904,1.87,1.00
2016.05.31 18:09:58.337,1.43878,1.43904,1.00,1.00
2016.05.31 18:09:58.845,1.43877,1.43904,1.00,1.00
2016.05.31 18:09:59.480,1.43876,1.43904,1.87,1.00
2016.05.31 18:09:59.597,1.43876,1.43902,1.12,1.00
2016.05.31 18:09:59.750,1.43868,1.43895,1.12,1.00
2016.05.31 18:10:00.311,1.43866,1.43895,1.75,1.00
2016.05.31 18:10:00.580,1.43866,1.43895,1.75,1.00
2016.05.31 18:10:01.098,1.43868,1.43895,1.12,1.00
2016.05.31 18:10:01.644,1.43868,1.43895,1.12,1.00
2016.05.31 18:10:01.696,1.43868,1.43904,1.12,1.75
2016.05.31 18:10:01.796,1.4387,1.43904,2.25,1.37
2016.05.31 18:10:02.065,1.43873,1.43904,1.12,1.00
2016.05.31 18:10:02.574,1.43873,1.43905,1.12,1.07
2016.05.31 18:10:03.031,1.43873,1.43905,1.12,1.07
2016.05.31 18:10:04.134,1.43873,1.43905,1.12,1.07
2016.05.31 18:10:04.338,1.43873,1.43898,1.00,1.00
2016.05.31 18:10:04.441,1.43865,1.43896,1.37,1.07
2016.05.31 18:10:04.985,1.43865,1.43896,1.00,1.70
2016.05.31 18:10:05.691,1.43865,1.43896,1.00,1.70
2016.05.31 18:10:06.212,1.43865,1.43896,1.50,1.07
2016.05.31 18:10:07.005,1.43865,1.43894,1.37,1.07
2016.05.31 18:10:07.760,1.43865,1.43896,1.00,1.07
2016.05.31 18:10:08.950,1.43865,1.43893,1.00,1.45
2016.05.31 18:10:09.052,1.43861,1.43892,1.12,1.12
2016.05.31 18:10:09.560,1.4386,1.4389,1.50,1.07
2016.05.31 18:10:10.075,1.43861,1.4389,1.00,1.07
2016.05.31 18:10:10.589,1.4386,1.4389,1.00,1.07
2016.05.31 18:10:10.844,1.43857,1.4389,1.87,1.45
2016.05.31 18:10:11.526,1.43857,1.43888,1.75,1.07
2016.05.31 18:10:12.522,1.43858,1.43887,1.37,1.07
2016.05.31 18:10:12.861,1.43851,1.43878,2.17,1.07
2016.05.31 18:10:13.065,1.43847,1.43878,1.37,1.07
2016.05.31 18:10:13.270,1.43844,1.43875,1.12,1.07
2016.05.31 18:10:13.373,1.43844,1.43873,1.87,1.00
2016.05.31 18:10:14.048,1.43843,1.43873,1.87,1.07
2016.05.31 18:10:15.280,1.43844,1.43872,1.12,1.32
2016.05.31 18:10:15.383,1.43845,1.43877,1.12,1.82
2016.05.31 18:10:15.587,1.43845,1.43877,1.12,1.07
2016.05.31 18:10:15.639,1.43847,1.43878,1.12,1.45
2016.05.31 18:10:15.691,1.43851,1.43882,1.12,1.07
2016.05.31 18:10:15.996,1.43851,1.43881,1.00,1.07
2016.05.31 18:10:16.911,1.4385,1.43881,1.37,1.07
2016.05.31 18:10:17.721,1.43851,1.43881,1.00,1.07
2016.05.31 18:10:18.152,1.43849,1.43879,1.75,1.70
2016.05.31 18:10:19.405,1.4385,1.43879,1.50,1.70
2016.05.31 18:10:22.721,1.43848,1.43875,1.75,1.07
2016.05.31 18:10:22.925,1.43844,1.43874,1.75,1.45
2016.05.31 18:10:23.432,1.43844,1.43874,1.12,1.07
2016.05.31 18:10:24.048,1.43843,1.43874,1.75,1.45
2016.05.31 18:10:24.571,1.43843,1.43873,1.75,1.07
2016.05.31 18:10:25.231,1.43843,1.43872,1.75,1.07
2016.05.31 18:10:26.513,1.43843,1.43871,1.75,1.07
2016.05.31 18:10:27.727,1.43843,1.43871,1.75,1.07
2016.05.31 18:10:33.699,1.43844,1.43871,1.50,1.12
2016.05.31 18:10:33.750,1.43844,1.43871,1.12,1.12
2016.05.31 18:10:34.244,1.43843,1.43874,1.37,1.75
2016.05.31 18:10:34.347,1.43842,1.43872,1.37,1.00
2016.05.31 18:10:34.449,1.43842,1.43874,1.37,1.75
2016.05.31 18:10:34.501,1.43842,1.43872,1.00,1.37
2016.05.31 18:10:34.552,1.43839,1.43872,1.50,1.12
2016.05.31 18:10:34.756,1.43836,1.4387,1.75,1.75
2016.05.31 18:10:35.383,1.43834,1.43865,1.75,1.00
2016.05.31 18:10:35.900,1.43836,1.4387,1.12,1.75
2016.05.31 18:10:38.458,1.43835,1.43871,2.25,1.75
2016.05.31 18:10:38.763,1.43835,1.43871,1.12,1.75
2016.05.31 18:10:39.110,1.43834,1.43865,1.37,1.75
2016.05.31 18:10:39.161,1.43833,1.43863,1.87,1.00
2016.05.31 18:10:40.202,1.43833,1.43864,1.50,1.00
2016.05.31 18:10:40.457,1.43833,1.43865,1.50,1.75
2016.05.31 18:10:40.864,1.43832,1.43858,1.75,1.75
2016.05.31 18:10:40.967,1.43825,1.43852,1.75,1.12
2016.05.31 18:10:41.305,1.43826,1.43855,1.37,1.00
2016.05.31 18:10:41.459,1.43832,1.43859,1.00,1.00
2016.05.31 18:10:41.969,1.43831,1.43859,1.37,1.37
2016.05.31 18:10:42.122,1.43829,1.43859,1.37,1.12
2016.05.31 18:10:42.595,1.43828,1.43859,1.12,1.00
2016.05.31 18:10:42.647,1.43829,1.43864,1.75,2.25
2016.05.31 18:10:42.851,1.43831,1.43864,1.12,1.50
2016.05.31 18:10:43.360,1.43832,1.43864,1.12,1.75
2016.05.31 18:10:44.361,1.43832,1.43865,1.37,1.87
2016.05.31 18:10:45.278,1.43832,1.43865,1.37,1.37
2016.05.31 18:10:45.598,1.43841,1.43873,1.37,1.75
2016.05.31 18:10:45.700,1.43841,1.43874,1.87,2.25
2016.05.31 18:10:46.068,1.43845,1.43878,1.37,1.75
2016.05.31 18:10:46.375,1.43855,1.43882,1.00,1.00
2016.05.31 18:10:46.578,1.43852,1.43876,1.00,1.37
2016.05.31 18:10:46.771,1.43844,1.43874,1.42,1.00
2016.05.31 18:10:46.874,1.43843,1.43876,1.12,1.75
2016.05.31 18:10:47.384,1.43841,1.43876,1.75,1.75
2016.05.31 18:10:47.911,1.43842,1.43875,1.75,1.75
2016.05.31 18:10:48.574,1.43841,1.43875,1.75,1.75
2016.05.31 18:10:50.013,1.43842,1.43872,1.75,1.50
2016.05.31 18:10:51.313,1.43848,1.43874,1.12,1.00
2016.05.31 18:10:51.416,1.4385,1.43879,1.12,1.00
2016.05.31 18:10:51.875,1.43851,1.43881,1.75,1.75
2016.05.31 18:10:52.201,1.4385,1.43881,1.75,1.75
2016.05.31 18:10:52.253,1.43851,1.43876,1.75,1.00
2016.05.31 18:10:52.765,1.43851,1.43877,1.75,1.00
2016.05.31 18:10:54.217,1.43851,1.4388,1.75,1.75
2016.05.31 18:10:55.018,1.43851,1.4388,1.75,1.50
2016.05.31 18:10:55.248,1.43853,1.43881,1.37,1.12
2016.05.31 18:10:55.300,1.43855,1.43881,1.37,1.00
2016.05.31 18:10:55.352,1.43858,1.43888,1.12,1.00
2016.05.31 18:10:55.505,1.43862,1.4389,1.00,1.87
2016.05.31 18:10:56.122,1.43862,1.4389,1.00,1.87
2016.05.31 18:10:58.133,1.43862,1.4389,1.00,1.12
2016.05.31 18:10:58.236,1.43862,1.43891,1.12,1.00
2016.05.31 18:10:59.144,1.43866,1.43895,1.00,1.00
2016.05.31 18:11:00.914,1.43866,1.43895,1.00,1.37
2016.05.31 18:11:01.220,1.43859,1.43889,1.75,1.00
2016.05.31 18:11:01.757,1.43859,1.43894,1.87,3.75
2016.05.31 18:11:02.292,1.43859,1.43889,1.75,1.00
2016.05.31 18:11:04.236,1.43859,1.43893,1.75,1.75
2016.05.31 18:11:05.061,1.43858,1.43893,2.25,1.75
2016.05.31 18:11:05.367,1.43858,1.43893,2.25,1.75
2016.05.31 18:11:05.870,1.43858,1.43893,2.25,1.75
2016.05.31 18:11:06.445,1.43859,1.43888,1.12,1.00
2016.05.31 18:11:06.982,1.43859,1.43893,1.87,1.75
2016.05.31 18:11:07.660,1.43859,1.43893,1.75,1.75
2016.05.31 18:11:10.869,1.4386,1.4389,1.12,1.50
2016.05.31 18:11:13.343,1.43861,1.43891,1.37,1.12
2016.05.31 18:11:14.376,1.43861,1.43891,1.37,1.37
2016.05.31 18:11:16.281,1.43859,1.4389,1.75,1.75
2016.05.31 18:11:16.383,1.43861,1.43889,1.37,1.00
2016.05.31 18:11:16.739,1.43861,1.43891,1.37,1.87
2016.05.31 18:11:18.524,1.43859,1.43892,1.75,1.50
2016.05.31 18:11:19.055,1.43863,1.43892,1.00,1.50
2016.05.31 18:11:19.158,1.43863,1.43893,1.12,2.25
2016.05.31 18:11:19.209,1.43863,1.43893,1.12,2.25
2016.05.31 18:11:19.362,1.43868,1.43897,1.00,1.87
2016.05.31 18:11:19.413,1.43867,1.43897,1.12,1.87
2016.05.31 18:11:21.097,1.43872,1.43897,1.00,1.50
2016.05.31 18:11:21.701,1.43872,1.43897,1.00,1.37
2016.05.31 18:11:23.454,1.43866,1.43898,1.75,1.75
2016.05.31 18:11:23.915,1.43866,1.43897,1.75,1.50
2016.05.31 18:11:24.245,1.43857,1.4388,1.37,1.37
2016.05.31 18:11:24.296,1.43851,1.43882,1.12,1.12
2016.05.31 18:11:24.348,1.4385,1.43882,1.75,1.12
2016.05.31 18:11:24.399,1.43854,1.43882,1.00,1.12
2016.05.31 18:11:25.115,1.43849,1.4388,2.25,1.37
2016.05.31 18:11:25.166,1.43849,1.4388,1.12,1.37
2016.05.31 18:11:25.710,1.43849,1.43879,1.37,1.00
2016.05.31 18:11:26.221,1.43848,1.43879,1.37,1.50
2016.05.31 18:11:26.765,1.43849,1.43879,1.00,1.50
2016.05.31 18:11:27.122,1.43845,1.43878,1.87,1.37
2016.05.31 18:11:27.377,1.43843,1.43874,1.00,1.37
2016.05.31 18:11:27.890,1.43843,1.43874,1.50,1.00
2016.05.31 18:11:29.047,1.43843,1.43874,1.37,1.00
2016.05.31 18:11:29.576,1.43843,1.43874,1.75,1.00
2016.05.31 18:11:29.906,1.43843,1.43874,1.75,1.37
2016.05.31 18:11:30.439,1.43843,1.43874,1.75,1.37
2016.05.31 18:11:30.490,1.43843,1.43876,1.75,1.00
2016.05.31 18:11:30.672,1.43843,1.43877,1.75,1.12
2016.05.31 18:11:30.978,1.43844,1.43877,2.25,1.37
2016.05.31 18:11:31.182,1.43841,1.43876,1.12,1.75
2016.05.31 18:11:31.386,1.43841,1.4387,1.00,1.00
2016.05.31 18:11:31.911,1.4384,1.43872,2.25,1.37
2016.05.31 18:11:32.479,1.43841,1.43874,1.00,1.12
2016.05.31 18:11:32.530,1.4384,1.43875,1.75,1.12
2016.05.31 18:11:33.115,1.43842,1.43876,1.12,1.50
2016.05.31 18:11:34.050,1.43841,1.43875,1.75,1.75
2016.05.31 18:11:34.152,1.4384,1.43873,2.62,1.50
2016.05.31 18:11:34.203,1.4384,1.43871,1.50,1.37
2016.05.31 18:11:34.502,1.4384,1.43871,1.37,1.75
2016.05.31 18:11:34.811,1.43838,1.43871,1.12,1.75
2016.05.31 18:11:35.338,1.4384,1.43871,1.12,1.50
2016.05.31 18:11:35.857,1.43839,1.43871,2.25,1.75
2016.05.31 18:11:36.386,1.43839,1.4387,2.25,1.00
2016.05.31 18:11:37.454,1.43839,1.43874,2.62,2.25
2016.05.31 18:11:37.505,1.43845,1.43874,1.00,1.87
2016.05.31 18:11:38.556,1.43845,1.43874,1.00,1.50
2016.05.31 18:11:38.709,1.43845,1.43874,1.00,1.87
2016.05.31 18:11:38.963,1.43845,1.43874,1.00,2.25
2016.05.31 18:11:39.166,1.43845,1.43874,1.75,1.00
2016.05.31 18:11:39.472,1.43855,1.43882,1.00,1.00
2016.05.31 18:11:40.261,1.43854,1.43882,1.12,1.00
2016.05.31 18:11:40.313,1.43855,1.43885,1.12,1.00
2016.05.31 18:11:40.415,1.43858,1.43885,1.75,1.00
2016.05.31 18:11:40.568,1.43858,1.4389,1.75,1.50
2016.05.31 18:11:41.428,1.43858,1.43891,1.75,1.87
2016.05.31 18:11:42.075,1.43858,1.43891,1.75,1.87
2016.05.31 18:11:42.278,1.43863,1.43891,1.37,1.00
2016.05.31 18:11:43.391,1.43864,1.43895,1.37,1.00
2016.05.31 18:11:43.443,1.43868,1.43897,1.50,1.00
2016.05.31 18:11:43.596,1.43869,1.43897,1.75,1.00
2016.05.31 18:11:43.800,1.43868,1.43897,1.50,1.00
2016.05.31 18:11:44.005,1.43868,1.43897,1.37,1.00
2016.05.31 18:11:44.316,1.43871,1.43897,1.37,1.00
2016.05.31 18:11:44.862,1.43871,1.43898,1.12,1.00
2016.05.31 18:11:45.287,1.4387,1.43898,1.12,1.37
2016.05.31 18:11:45.389,1.43866,1.43897,1.87,1.75
2016.05.31 18:11:45.569,1.43863,1.43896,1.75,1.87
2016.05.31 18:11:45.620,1.43863,1.43896,1.75,1.87
2016.05.31 18:11:45.926,1.43862,1.43895,1.12,1.75
2016.05.31 18:11:46.079,1.43864,1.43895,1.75,1.00
2016.05.31 18:11:47.855,1.43866,1.439,1.50,3.00
2016.05.31 18:11:47.907,1.43866,1.439,2.62,3.00
2016.05.31 18:11:48.866,1.43866,1.43897,2.62,1.00
2016.05.31 18:11:48.917,1.43866,1.43897,1.50,1.37
2016.05.31 18:11:48.970,1.43866,1.43894,1.00,1.37
2016.05.31 18:11:49.021,1.43866,1.43891,1.00,1.12
2016.05.31 18:11:49.073,1.43859,1.43889,1.00,1.37
2016.05.31 18:11:49.327,1.43856,1.43884,1.12,2.25
2016.05.31 18:11:49.429,1.43855,1.43879,1.00,1.00
2016.05.31 18:11:49.481,1.43851,1.43879,1.87,1.00
2016.05.31 18:11:50.504,1.43851,1.43883,1.12,1.12
2016.05.31 18:11:50.758,1.43847,1.43881,2.25,1.12
2016.05.31 18:11:51.090,1.4385,1.43882,1.50,1.75
2016.05.31 18:11:51.142,1.4385,1.43881,1.50,1.00
2016.05.31 18:11:51.295,1.43853,1.43884,1.00,1.00
2016.05.31 18:11:51.346,1.43856,1.43885,1.00,1.50
2016.05.31 18:11:51.651,1.43858,1.4389,2.25,1.12
2016.05.31 18:11:52.283,1.4386,1.43892,1.50,1.12
2016.05.31 18:11:52.546,1.4386,1.43894,1.12,2.25
2016.05.31 18:11:52.597,1.43863,1.43894,1.12,1.50
2016.05.31 18:11:52.699,1.43863,1.43894,1.12,1.50
2016.05.31 18:11:52.750,1.43863,1.43893,1.12,2.25
2016.05.31 18:11:52.852,1.43858,1.43891,1.50,1.12
2016.05.31 18:11:52.903,1.43858,1.43888,1.12,1.37
2016.05.31 18:11:53.865,1.43858,1.43889,1.00,3.37
2016.05.31 18:11:54.375,1.43856,1.43886,1.37,1.12
2016.05.31 18:11:54.876,1.43856,1.43886,1.00,1.12
2016.05.31 18:11:55.051,1.43856,1.43888,1.00,1.12
2016.05.31 18:11:56.977,1.43855,1.43884,1.87,1.00
2016.05.31 18:11:57.130,1.43852,1.43877,1.37,1.00
2016.05.31 18:11:57.232,1.43849,1.43877,1.37,1.12
2016.05.31 18:11:57.283,1.43846,1.43874,1.00,1.00
2016.05.31 18:11:57.422,1.43841,1.43875,1.87,1.87
2016.05.31 18:11:57.779,1.43843,1.43875,1.12,1.12
2016.05.31 18:11:58.084,1.43841,1.43868,1.75,1.37
2016.05.31 18:11:58.187,1.43833,1.43861,1.52,1.00
2016.05.31 18:11:58.727,1.43835,1.43861,2.25,1.00
2016.05.31 18:11:58.779,1.43835,1.43869,2.25,1.00
2016.05.31 18:11:58.880,1.43845,1.43869,1.00,1.00
2016.05.31 18:11:58.932,1.43845,1.43874,1.87,1.37
2016.05.31 18:11:58.983,1.43847,1.43874,1.12,1.00
2016.05.31 18:11:59.034,1.43847,1.43881,1.12,2.62
2016.05.31 18:11:59.085,1.43848,1.43881,1.75,2.25
2016.05.31 18:11:59.187,1.43852,1.43881,1.37,1.50
2016.05.31 18:11:59.661,1.43852,1.43872,1.00,1.00
2016.05.31 18:11:59.865,1.43838,1.43869,1.37,1.87
2016.05.31 18:11:59.967,1.43837,1.43869,1.75,1.50
2016.05.31 18:12:00.070,1.43842,1.43869,1.37,1.00
2016.05.31 18:12:00.172,1.43842,1.43869,1.37,1.37
2016.05.31 18:12:00.223,1.43842,1.43869,1.00,1.75
2016.05.31 18:12:00.275,1.43845,1.43861,1.00,1.00
2016.05.31 18:12:00.326,1.43833,1.43861,2.25,1.00
2016.05.31 18:12:00.377,1.43831,1.43861,1.12,1.00
2016.05.31 18:12:00.430,1.43832,1.43861,1.50,1.87
2016.05.31 18:12:00.584,1.43838,1.43865,1.00,1.00
2016.05.31 18:12:00.711,1.4384,1.43865,1.00,1.00
2016.05.31 18:12:00.763,1.4384,1.43868,1.00,1.00
2016.05.31 18:12:01.638,1.43838,1.43863,1.12,1.00
2016.05.31 18:12:01.690,1.43837,1.43863,1.37,1.00
2016.05.31 18:12:01.741,1.43837,1.43869,1.37,1.75
2016.05.31 18:12:01.921,1.43837,1.43869,1.50,1.12
2016.05.31 18:12:02.075,1.43837,1.43869,1.50,1.75
2016.05.31 18:12:02.230,1.43833,1.43866,1.87,1.37
2016.05.31 18:12:02.485,1.43833,1.4386,1.00,1.00
2016.05.31 18:12:02.790,1.4383,1.4386,1.00,1.50
2016.05.31 18:12:03.340,1.4383,1.43858,1.00,1.00
2016.05.31 18:12:03.695,1.4383,1.43858,1.37,1.00
2016.05.31 18:12:03.797,1.4383,1.43858,1.12,1.00
2016.05.31 18:12:03.900,1.43826,1.43858,1.12,2.62
2016.05.31 18:12:04.205,1.43826,1.43856,1.00,1.12
2016.05.31 18:12:04.730,1.43825,1.43857,1.50,1.37
2016.05.31 18:12:05.359,1.43825,1.43857,1.75,1.12
2016.05.31 18:12:05.871,1.43827,1.43856,1.00,1.00
2016.05.31 18:12:06.081,1.43825,1.43856,1.12,1.75
2016.05.31 18:12:06.133,1.43819,1.4385,2.25,1.00
2016.05.31 18:12:06.184,1.43819,1.43847,2.25,1.00
2016.05.31 18:12:06.490,1.43816,1.43847,1.37,1.12
2016.05.31 18:12:06.697,1.43815,1.43847,1.50,1.75
2016.05.31 18:12:06.799,1.43811,1.4384,1.00,1.00
2016.05.31 18:12:06.850,1.43809,1.4384,1.12,1.00
2016.05.31 18:12:06.902,1.43809,1.4384,1.00,1.50
2016.05.31 18:12:07.119,1.43808,1.4384,1.37,1.50
2016.05.31 18:12:07.332,1.43809,1.4384,1.37,1.00
2016.05.31 18:12:07.638,1.43818,1.43848,1.37,1.37
2016.05.31 18:12:07.690,1.43818,1.43848,1.37,1.00
2016.05.31 18:12:08.219,1.43818,1.43848,1.37,1.00
2016.05.31 18:12:08.745,1.4382,1.43847,1.00,1.00
2016.05.31 18:12:08.949,1.43821,1.43847,1.12,1.00
2016.05.31 18:12:09.492,1.43817,1.43847,1.75,1.00
2016.05.31 18:12:09.543,1.43817,1.43847,1.00,1.00
2016.05.31 18:12:09.594,1.43817,1.43843,1.00,1.00
2016.05.31 18:12:09.798,1.43815,1.43843,1.00,1.00
2016.05.31 18:12:10.309,1.43814,1.43843,1.12,1.00
2016.05.31 18:12:10.846,1.43814,1.43842,1.00,1.00
2016.05.31 18:12:11.106,1.43814,1.43842,1.37,1.00
2016.05.31 18:12:11.717,1.43812,1.43842,1.12,1.12
2016.05.31 18:12:11.861,1.43809,1.43842,1.87,1.87
2016.05.31 18:12:12.068,1.43809,1.43836,1.37,1.00
2016.05.31 18:12:12.426,1.43805,1.43836,1.12,1.00
2016.05.31 18:12:12.963,1.43806,1.43836,1.00,1.00
2016.05.31 18:12:13.115,1.43805,1.43836,1.12,1.00
2016.05.31 18:12:13.421,1.43806,1.43833,1.75,1.00
2016.05.31 18:12:14.380,1.43809,1.43833,1.00,1.00
2016.05.31 18:12:14.482,1.43809,1.43838,1.00,1.50
2016.05.31 18:12:17.502,1.43806,1.43836,1.75,1.00
2016.05.31 18:12:18.020,1.43806,1.43836,1.75,1.00
2016.05.31 18:12:18.071,1.43806,1.43836,1.50,1.12
2016.05.31 18:12:18.605,1.43808,1.43834,1.00,1.00
2016.05.31 18:12:18.812,1.43805,1.43834,1.00,1.37
2016.05.31 18:12:18.965,1.438,1.43834,2.25,1.50
2016.05.31 18:12:19.513,1.438,1.43834,2.25,1.87
2016.05.31 18:12:19.847,1.438,1.43833,1.50,1.50
2016.05.31 18:12:19.899,1.438,1.43825,1.50,1.00
2016.05.31 18:12:20.103,1.438,1.4383,1.50,1.00
2016.05.31 18:12:20.772,1.438,1.4383,1.50,1.00
2016.05.31 18:12:22.537,1.438,1.4383,2.25,1.00
2016.05.31 18:12:22.844,1.43808,1.4383,1.00,1.00
2016.05.31 18:12:22.895,1.43808,1.43837,1.00,1.00
2016.05.31 18:12:22.946,1.43805,1.43837,1.00,1.75
2016.05.31 18:12:23.278,1.43801,1.4383,1.50,1.00
2016.05.31 18:12:24.471,1.43802,1.43829,1.00,1.00
2016.05.31 18:12:25.183,1.43802,1.43836,1.12,2.25
2016.05.31 18:12:25.285,1.43808,1.43837,1.00,1.37
2016.05.31 18:12:25.336,1.43808,1.43837,1.00,1.00
2016.05.31 18:12:26.712,1.43807,1.43836,1.00,1.12
2016.05.31 18:12:26.763,1.43803,1.43829,1.50,1.00
2016.05.31 18:12:27.017,1.43797,1.43829,1.75,1.37
2016.05.31 18:12:27.556,1.43799,1.43829,1.00,1.50
2016.05.31 18:12:27.795,1.43797,1.43829,1.50,1.50
2016.05.31 18:12:27.897,1.43797,1.43829,1.12,1.75
2016.05.31 18:12:27.999,1.43794,1.43823,1.50,1.00
2016.05.31 18:12:28.050,1.43794,1.43823,1.00,1.00
2016.05.31 18:12:28.153,1.43791,1.43823,2.25,1.50
2016.05.31 18:12:28.306,1.43794,1.43822,1.12,1.00
2016.05.31 18:12:28.459,1.43796,1.43822,1.00,1.12
2016.05.31 18:12:28.691,1.43792,1.43822,1.12,1.12
2016.05.31 18:12:28.895,1.43791,1.43822,1.75,1.00
2016.05.31 18:12:29.202,1.43798,1.43829,1.00,1.87
2016.05.31 18:12:29.714,1.43796,1.43829,1.00,2.25
2016.05.31 18:12:30.326,1.43796,1.43827,1.37,1.00
2016.05.31 18:12:30.595,1.43791,1.43818,1.75,1.37
2016.05.31 18:12:30.698,1.43786,1.43818,2.25,1.75
2016.05.31 18:12:30.749,1.43784,1.43818,1.12,1.75
2016.05.31 18:12:30.851,1.43782,1.43814,1.00,1.37
2016.05.31 18:12:30.903,1.43781,1.43809,1.50,1.00
2016.05.31 18:12:31.142,1.4378,1.43809,1.12,1.00
2016.05.31 18:12:31.660,1.43786,1.43809,1.00,1.00
2016.05.31 18:12:31.762,1.43786,1.43815,1.75,1.12
2016.05.31 18:12:31.813,1.43786,1.43815,1.50,1.00
2016.05.31 18:12:33.703,1.43787,1.43815,1.37,1.00
2016.05.31 18:12:33.989,1.43789,1.43818,1.00,1.00
2016.05.31 18:12:35.282,1.43789,1.43816,1.00,1.00
2016.05.31 18:12:35.647,1.43786,1.43816,1.50,1.50
2016.05.31 18:12:36.159,1.43784,1.43815,1.75,1.00
2016.05.31 18:12:36.415,1.43784,1.43813,1.12,1.00
2016.05.31 18:12:37.618,1.43783,1.43812,2.25,1.00
2016.05.31 18:12:38.119,1.43783,1.43812,1.37,1.75
2016.05.31 18:12:38.170,1.43783,1.43812,1.00,1.75
2016.05.31 18:12:38.378,1.43774,1.43805,1.12,1.00
2016.05.31 18:12:39.592,1.43776,1.43803,1.00,1.00
2016.05.31 18:12:40.218,1.43772,1.43803,1.75,1.37
2016.05.31 18:12:40.524,1.43766,1.438,1.75,1.12
2016.05.31 18:12:40.744,1.4377,1.43803,1.37,2.23
2016.05.31 18:12:40.947,1.4377,1.43803,1.00,2.23
2016.05.31 18:12:41.150,1.43769,1.43802,1.75,1.11
2016.05.31 18:12:41.353,1.4377,1.43802,1.00,1.11
2016.05.31 18:12:41.557,1.43771,1.43802,1.00,1.11
2016.05.31 18:12:42.559,1.43771,1.43799,1.00,1.37
2016.05.31 18:12:42.763,1.43764,1.43792,1.00,1.12
2016.05.31 18:12:42.864,1.43762,1.43792,1.12,1.00
2016.05.31 18:12:42.916,1.43765,1.43797,1.12,1.49
2016.05.31 18:12:42.967,1.43769,1.43797,1.37,1.00
2016.05.31 18:12:43.487,1.43773,1.43797,1.00,1.00
2016.05.31 18:12:43.792,1.43771,1.43803,1.75,1.50
2016.05.31 18:12:43.843,1.43772,1.43803,1.00,2.23
2016.05.31 18:12:43.945,1.43772,1.43803,1.00,1.87
2016.05.31 18:12:44.250,1.43771,1.43803,1.87,1.49
2016.05.31 18:12:44.578,1.43778,1.43803,1.00,1.00
2016.05.31 18:12:44.834,1.43775,1.43809,1.75,1.73
2016.05.31 18:12:44.937,1.43775,1.43809,1.12,1.73
2016.05.31 18:12:45.446,1.43776,1.4381,1.87,2.98
2016.05.31 18:12:45.979,1.43776,1.43806,1.87,1.73
2016.05.31 18:12:46.030,1.43776,1.43806,1.50,1.48
2016.05.31 18:12:46.233,1.43776,1.43806,1.00,1.74
2016.05.31 18:12:46.335,1.43773,1.43805,1.37,1.11
2016.05.31 18:12:46.438,1.43773,1.43806,1.37,1.74
2016.05.31 18:12:46.540,1.43779,1.43806,1.12,1.00
2016.05.31 18:12:46.591,1.4378,1.43811,1.12,1.48
2016.05.31 18:12:47.117,1.4378,1.43813,1.12,1.73
2016.05.31 18:12:47.269,1.43782,1.43813,1.00,1.37
2016.05.31 18:12:47.778,1.43779,1.43813,1.75,1.48
2016.05.31 18:12:47.880,1.4378,1.43813,1.12,1.73
2016.05.31 18:12:48.423,1.4378,1.43813,1.12,1.73
2016.05.31 18:12:48.576,1.4378,1.43813,1.12,1.12
2016.05.31 18:12:48.627,1.4378,1.43811,1.12,1.00
2016.05.31 18:12:49.084,1.43782,1.43811,1.12,1.00
2016.05.31 18:12:49.186,1.43782,1.43811,1.12,1.00
2016.05.31 18:12:49.389,1.43782,1.43811,1.37,1.00
2016.05.31 18:12:49.926,1.43782,1.43813,1.12,1.48
2016.05.31 18:12:50.232,1.43778,1.43814,1.87,1.86
2016.05.31 18:12:50.385,1.43783,1.43814,1.00,1.86
2016.05.31 18:12:50.971,1.4378,1.43814,1.50,1.11
2016.05.31 18:12:51.074,1.4378,1.43814,1.37,1.11
2016.05.31 18:12:51.584,1.43782,1.4381,1.37,1.00
2016.05.31 18:12:52.263,1.43782,1.4381,1.37,1.00
2016.05.31 18:12:52.773,1.43782,1.4381,1.12,1.00
2016.05.31 18:12:52.889,1.43786,1.43817,1.50,2.62
2016.05.31 18:12:52.940,1.43786,1.43817,1.87,2.24
2016.05.31 18:12:53.144,1.43795,1.43817,1.00,1.00
2016.05.31 18:12:53.365,1.4379,1.43817,1.00,1.00
2016.05.31 18:12:53.873,1.43791,1.43817,1.00,1.00
2016.05.31 18:12:54.333,1.43789,1.43818,1.00,1.37
2016.05.31 18:12:54.386,1.43788,1.43818,1.50,1.73
2016.05.31 18:12:54.605,1.43783,1.43817,1.37,2.23
2016.05.31 18:12:55.119,1.43783,1.43817,1.00,1.73
2016.05.31 18:12:55.170,1.43783,1.43817,1.00,1.73
2016.05.31 18:12:55.424,1.43787,1.43817,1.00,1.73
2016.05.31 18:12:55.526,1.43783,1.43815,1.00,1.73
2016.05.31 18:12:55.773,1.43782,1.43815,1.12,1.48
2016.05.31 18:12:55.825,1.43786,1.43815,1.12,1.00
2016.05.31 18:12:56.338,1.43787,1.43815,1.00,1.00
2016.05.31 18:12:56.642,1.43792,1.43815,1.00,1.00
2016.05.31 18:12:56.693,1.43792,1.43821,1.00,2.25
2016.05.31 18:12:57.223,1.43793,1.43821,1.00,3.00
2016.05.31 18:12:58.210,1.43793,1.43821,1.00,2.25
2016.05.31 18:12:58.892,1.43794,1.43821,1.00,2.25
2016.05.31 18:12:59.549,1.43795,1.43821,1.00,2.25
2016.05.31 18:13:00.497,1.43795,1.43821,1.00,2.25
2016.05.31 18:13:00.650,1.43787,1.43821,1.50,2.25
2016.05.31 18:13:01.745,1.43787,1.43819,1.00,1.40
2016.05.31 18:13:01.944,1.43787,1.43819,1.50,1.40
2016.05.31 18:13:01.995,1.43794,1.43819,1.00,1.40
2016.05.31 18:13:02.952,1.43793,1.43819,1.00,1.40
2016.05.31 18:13:03.054,1.43787,1.43818,1.00,1.40
2016.05.31 18:13:03.106,1.43786,1.43818,1.50,1.40
2016.05.31 18:13:03.259,1.43783,1.43815,1.00,1.12
2016.05.31 18:13:03.714,1.43783,1.43815,1.00,1.12
2016.05.31 18:13:03.765,1.43787,1.43815,1.00,1.12
2016.05.31 18:13:04.289,1.43786,1.43816,1.00,1.37
2016.05.31 18:13:04.593,1.43786,1.43817,1.87,1.40
2016.05.31 18:13:04.777,1.43791,1.43823,1.37,2.15
2016.05.31 18:13:04.879,1.43796,1.43823,1.00,1.77
2016.05.31 18:13:05.414,1.43797,1.43822,1.00,1.02
2016.05.31 18:13:05.465,1.43795,1.43822,1.00,1.02
2016.05.31 18:13:05.669,1.43793,1.43824,1.50,2.52
2016.05.31 18:13:05.898,1.43793,1.43824,1.12,1.87
2016.05.31 18:13:06.051,1.43798,1.43824,1.00,1.87
2016.05.31 18:13:07.256,1.43797,1.43824,1.00,1.87
2016.05.31 18:13:07.791,1.43798,1.43824,1.00,1.50
2016.05.31 18:13:08.336,1.43797,1.43824,1.00,1.87
2016.05.31 18:13:08.910,1.43798,1.43824,1.00,1.87
2016.05.31 18:13:09.098,1.4379,1.43824,2.62,3.00
2016.05.31 18:13:09.250,1.4379,1.43823,2.62,1.00
2016.05.31 18:13:09.352,1.4379,1.43824,2.25,2.62
2016.05.31 18:13:09.492,1.4379,1.43824,1.87,2.62
2016.05.31 18:13:09.645,1.43782,1.43816,2.62,1.75
2016.05.31 18:13:09.747,1.43782,1.43816,1.50,1.75
2016.05.31 18:13:10.154,1.43781,1.43812,1.00,1.50
2016.05.31 18:13:10.627,1.43781,1.43808,1.00,1.00
2016.05.31 18:13:10.781,1.43781,1.4381,1.50,1.00
2016.05.31 18:13:11.305,1.43781,1.43811,1.00,1.40
2016.05.31 18:13:11.905,1.43781,1.43809,1.00,1.02
2016.05.31 18:13:12.617,1.43782,1.43809,1.00,1.02
2016.05.31 18:13:13.016,1.43781,1.43812,1.00,1.77
2016.05.31 18:13:13.617,1.43781,1.43812,1.00,2.15
2016.05.31 18:13:13.668,1.43781,1.43812,1.00,2.15
2016.05.31 18:13:13.821,1.43776,1.43807,1.50,1.65
2016.05.31 18:13:13.872,1.43776,1.43805,1.00,1.02
2016.05.31 18:13:14.485,1.43772,1.43805,2.25,1.40
2016.05.31 18:13:15.125,1.43772,1.43803,1.37,1.37
2016.05.31 18:13:15.227,1.4377,1.43802,1.50,1.77
2016.05.31 18:13:15.278,1.43771,1.43802,1.00,1.40
2016.05.31 18:13:15.786,1.43771,1.43802,1.00,1.77
2016.05.31 18:13:16.500,1.43771,1.43802,1.50,1.77
2016.05.31 18:13:17.085,1.43772,1.43802,1.00,1.77
2016.05.31 18:13:17.638,1.4377,1.43801,1.37,1.02
2016.05.31 18:13:18.185,1.43771,1.43802,1.37,1.77
2016.05.31 18:13:18.693,1.43773,1.43802,1.00,2.15
2016.05.31 18:13:18.795,1.4377,1.43802,1.37,1.77
2016.05.31 18:13:18.897,1.43773,1.43802,1.00,2.15
2016.05.31 18:13:19.077,1.43768,1.43802,2.25,2.15
2016.05.31 18:13:19.603,1.43769,1.43802,1.12,2.15
2016.05.31 18:13:20.315,1.4377,1.43802,1.75,1.12
2016.05.31 18:13:20.740,1.43772,1.43802,1.37,1.00
2016.05.31 18:13:21.256,1.43773,1.43803,1.12,1.00
2016.05.31 18:13:21.841,1.43774,1.43806,1.37,1.50
2016.05.31 18:13:22.388,1.43775,1.43807,1.50,1.50
2016.05.31 18:13:23.446,1.4378,1.43807,1.00,1.37
2016.05.31 18:13:23.747,1.43782,1.43807,1.00,1.37
2016.05.31 18:13:23.798,1.43775,1.43807,2.62,1.37
2016.05.31 18:13:23.849,1.4378,1.43809,1.37,1.37
2016.05.31 18:13:24.155,1.43781,1.43809,1.12,1.00
2016.05.31 18:13:24.932,1.43786,1.43809,1.00,1.00
2016.05.31 18:13:25.051,1.43781,1.43813,1.12,1.37
2016.05.31 18:13:26.863,1.4378,1.43813,1.87,1.87
2016.05.31 18:13:26.915,1.4378,1.43813,1.50,2.25
2016.05.31 18:13:27.171,1.43782,1.43813,1.00,3.00
2016.05.31 18:13:27.222,1.43779,1.43813,1.00,3.00
2016.05.31 18:13:27.477,1.43779,1.43811,1.00,1.00
2016.05.31 18:13:28.254,1.43779,1.43811,1.37,1.12
2016.05.31 18:13:28.565,1.43784,1.43811,1.00,1.00
2016.05.31 18:13:28.768,1.43781,1.43811,1.50,1.00
2016.05.31 18:13:28.971,1.43781,1.43813,1.50,3.00
2016.05.31 18:13:29.909,1.43781,1.43813,1.50,2.62
2016.05.31 18:13:30.373,1.43784,1.43814,1.12,1.37
2016.05.31 18:13:30.899,1.43788,1.43814,1.37,1.00
2016.05.31 18:13:31.626,1.43788,1.43818,1.37,1.50
2016.05.31 18:13:31.830,1.43791,1.43818,1.00,1.00
2016.05.31 18:13:31.932,1.43787,1.43818,1.75,1.00
2016.05.31 18:13:31.983,1.43787,1.43818,1.12,1.00
2016.05.31 18:13:32.034,1.43787,1.4382,1.12,1.12
2016.05.31 18:13:32.187,1.43789,1.4382,1.12,1.00
2016.05.31 18:13:32.730,1.43789,1.43821,1.50,1.12
2016.05.31 18:13:33.233,1.43786,1.4382,2.25,1.87
2016.05.31 18:13:33.284,1.43786,1.43818,1.37,1.12
2016.05.31 18:13:33.782,1.43786,1.43817,1.00,1.00
2016.05.31 18:13:36.695,1.43786,1.43818,1.00,1.00
2016.05.31 18:13:37.178,1.43792,1.43818,1.00,1.37
2016.05.31 18:13:37.955,1.43791,1.43817,1.12,1.00
2016.05.31 18:13:38.526,1.43792,1.43817,1.00,1.00
2016.05.31 18:13:38.679,1.43792,1.4382,1.00,1.37
2016.05.31 18:13:39.184,1.43788,1.4382,1.12,1.50
2016.05.31 18:13:39.744,1.43788,1.4382,1.75,1.50
2016.05.31 18:13:40.385,1.43788,1.4382,1.12,1.50
2016.05.31 18:13:41.281,1.43788,1.4382,1.12,1.12
2016.05.31 18:13:41.485,1.43787,1.4382,1.87,1.75
2016.05.31 18:13:42.031,1.43792,1.4382,1.00,1.37
2016.05.31 18:13:42.554,1.43788,1.4382,1.12,1.37
2016.05.31 18:13:43.158,1.43788,1.43818,1.12,1.00
2016.05.31 18:13:43.856,1.43788,1.4382,1.12,1.37
2016.05.31 18:13:44.485,1.43787,1.4382,2.25,1.50
2016.05.31 18:13:45.207,1.43789,1.4382,1.37,1.50
2016.05.31 18:13:48.637,1.4379,1.4382,1.12,1.00
2016.05.31 18:13:48.688,1.4379,1.43823,1.12,2.25
2016.05.31 18:13:49.190,1.4379,1.43822,1.12,1.00
2016.05.31 18:13:50.020,1.4379,1.43822,1.12,1.00
2016.05.31 18:13:51.316,1.4379,1.43822,1.12,1.00
2016.05.31 18:13:51.924,1.4379,1.43823,1.37,2.62
2016.05.31 18:13:53.345,1.4379,1.43823,1.37,1.87
2016.05.31 18:13:53.752,1.43789,1.43823,1.75,1.87
2016.05.31 18:13:54.250,1.43789,1.43816,1.37,1.00
2016.05.31 18:13:54.301,1.43787,1.43816,1.87,1.00
2016.05.31 18:13:54.454,1.43786,1.43816,1.37,1.12
2016.05.31 18:13:54.976,1.43785,1.43815,1.75,1.00
2016.05.31 18:13:55.860,1.43784,1.43815,1.87,1.37
2016.05.31 18:13:56.383,1.43785,1.43815,1.87,1.00
2016.05.31 18:13:57.604,1.43784,1.43815,2.25,1.12
2016.05.31 18:13:58.112,1.43784,1.43815,1.00,1.12
2016.05.31 18:13:58.492,1.43784,1.43813,1.37,1.00
2016.05.31 18:13:59.154,1.43784,1.43813,1.00,1.00
2016.05.31 18:13:59.720,1.43783,1.43813,1.75,1.00
2016.05.31 18:14:00.268,1.43784,1.43815,1.12,1.70
2016.05.31 18:14:04.158,1.43784,1.43814,1.00,1.07
2016.05.31 18:14:04.362,1.43783,1.43814,1.50,1.07
2016.05.31 18:14:05.444,1.43785,1.43815,1.00,2.20
2016.05.31 18:14:06.868,1.43784,1.43815,1.37,2.20
2016.05.31 18:14:10.264,1.43784,1.43815,1.00,2.20
2016.05.31 18:14:10.367,1.43783,1.43815,1.75,2.20
2016.05.31 18:14:10.917,1.43786,1.43815,1.00,2.57
2016.05.31 18:14:11.587,1.43786,1.43815,1.50,2.20
2016.05.31 18:14:12.128,1.43787,1.43815,1.12,2.20
2016.05.31 18:14:12.450,1.43795,1.43821,1.50,1.00
2016.05.31 18:14:12.958,1.43795,1.43821,1.00,1.00
2016.05.31 18:14:13.832,1.43793,1.43819,1.50,1.00
2016.05.31 18:14:14.341,1.43793,1.43819,1.00,1.00
2016.05.31 18:14:14.752,1.43793,1.43819,1.50,1.00
2016.05.31 18:14:14.854,1.43797,1.43823,1.37,1.00
2016.05.31 18:14:14.906,1.43797,1.43827,1.37,1.00
2016.05.31 18:14:15.008,1.43793,1.43823,2.25,1.00
2016.05.31 18:14:15.661,1.43794,1.43823,1.37,1.00
2016.05.31 18:14:16.112,1.43793,1.43819,1.50,1.00
2016.05.31 18:14:16.623,1.4379,1.43819,1.00,1.00
2016.05.31 18:14:16.778,1.43788,1.43814,1.12,1.00
2016.05.31 18:14:18.943,1.43786,1.43814,1.12,1.00
2016.05.31 18:14:18.995,1.43786,1.43819,1.00,1.37
2016.05.31 18:14:19.507,1.43785,1.43819,1.37,1.12
2016.05.31 18:14:19.780,1.43785,1.43814,1.37,1.00
2016.05.31 18:14:21.103,1.43785,1.43814,1.12,1.00
2016.05.31 18:14:21.154,1.43785,1.43817,1.87,1.00
2016.05.31 18:14:21.205,1.43786,1.43817,1.12,1.00
2016.05.31 18:14:21.905,1.43787,1.43817,1.12,1.00
2016.05.31 18:14:22.058,1.4379,1.43817,1.00,1.00
2016.05.31 18:14:22.160,1.43787,1.43817,1.37,1.00
2016.05.31 18:14:22.212,1.43784,1.43816,1.75,1.87
2016.05.31 18:14:22.365,1.43782,1.43816,1.75,2.62
2016.05.31 18:14:22.653,1.43782,1.43816,1.75,1.87
2016.05.31 18:14:23.161,1.43782,1.43816,1.75,1.87
2016.05.31 18:14:23.517,1.43782,1.43816,1.75,1.50
2016.05.31 18:14:23.619,1.43782,1.43816,1.50,1.87
2016.05.31 18:14:23.822,1.43779,1.43811,1.12,1.37
2016.05.31 18:14:23.873,1.43778,1.43811,2.25,1.50
2016.05.31 18:14:26.416,1.43778,1.4381,1.87,1.00
2016.05.31 18:14:27.346,1.43778,1.4381,1.50,1.37
2016.05.31 18:14:27.448,1.43776,1.4381,2.25,1.75
2016.05.31 18:14:27.652,1.43774,1.43804,1.12,1.50
2016.05.31 18:14:28.383,1.43774,1.43804,1.37,1.00
2016.05.31 18:14:29.554,1.43774,1.43804,1.37,1.00
2016.05.31 18:14:30.330,1.43774,1.43804,1.12,1.00
2016.05.31 18:14:30.636,1.4378,1.43806,1.00,1.00
2016.05.31 18:14:31.227,1.43778,1.43813,1.12,2.62
2016.05.31 18:14:31.329,1.43782,1.43813,1.37,1.00
2016.05.31 18:14:31.634,1.4379,1.43814,1.00,1.00
2016.05.31 18:14:32.176,1.4379,1.43815,1.12,1.00
2016.05.31 18:14:32.606,1.43791,1.43818,1.00,1.00
2016.05.31 18:14:33.064,1.43792,1.4382,1.12,1.00
2016.05.31 18:14:33.572,1.43792,1.4382,1.12,1.00
2016.05.31 18:14:34.148,1.43795,1.4382,1.00,1.00
2016.05.31 18:14:34.387,1.43794,1.43822,1.00,1.00
2016.05.31 18:14:35.027,1.43795,1.43822,1.00,1.00
2016.05.31 18:14:35.230,1.43792,1.43822,1.00,1.12
2016.05.31 18:14:35.741,1.4379,1.43822,1.75,1.50
2016.05.31 18:14:36.282,1.4379,1.43822,1.50,1.00
2016.05.31 18:14:36.764,1.43788,1.43822,1.75,1.75
2016.05.31 18:14:37.018,1.43788,1.43818,1.00,1.12
2016.05.31 18:14:37.527,1.43787,1.43818,1.37,1.50
2016.05.31 18:14:38.139,1.43787,1.43818,1.37,1.75
2016.05.31 18:14:38.685,1.43784,1.43817,1.37,1.12
2016.05.31 18:14:38.736,1.43782,1.43815,2.17,1.50
2016.05.31 18:14:38.788,1.43783,1.43815,1.37,1.50
2016.05.31 18:14:39.325,1.43784,1.43815,1.00,1.00
2016.05.31 18:14:39.784,1.43783,1.43814,1.12,1.00
2016.05.31 18:14:40.294,1.43784,1.43814,1.12,1.00
2016.05.31 18:14:40.601,1.43784,1.43814,1.00,1.50
2016.05.31 18:14:40.805,1.43784,1.43814,1.12,1.00
2016.05.31 18:14:41.111,1.43784,1.43815,1.12,1.00
2016.05.31 18:14:42.278,1.43784,1.43815,1.12,1.00
2016.05.31 18:14:43.170,1.43787,1.43815,1.00,1.00
2016.05.31 18:14:43.612,1.43787,1.43817,1.12,1.37
2016.05.31 18:14:43.767,1.4379,1.43818,1.12,1.00
2016.05.31 18:14:43.872,1.4379,1.43821,1.12,1.00
2016.05.31 18:14:44.384,1.4379,1.43822,1.12,1.87
2016.05.31 18:14:45.009,1.43792,1.43822,1.00,1.87
2016.05.31 18:14:45.111,1.4379,1.43822,1.87,1.12
2016.05.31 18:14:46.612,1.4379,1.43823,1.87,2.62
2016.05.31 18:14:49.397,1.4379,1.43823,1.87,2.25
2016.05.31 18:14:49.731,1.4379,1.43818,1.12,1.00
2016.05.31 18:14:50.288,1.4379,1.43818,1.12,1.00
2016.05.31 18:14:50.823,1.4379,1.43818,1.12,1.00
2016.05.31 18:14:51.026,1.4379,1.43818,1.37,1.00
2016.05.31 18:14:52.643,1.4379,1.43812,1.37,1.00
2016.05.31 18:14:52.898,1.43767,1.43793,1.75,1.87
2016.05.31 18:14:52.950,1.43767,1.43793,1.50,1.37
2016.05.31 18:14:53.002,1.43763,1.43793,2.25,1.50
2016.05.31 18:14:53.104,1.43762,1.43793,1.37,1.37
2016.05.31 18:14:53.410,1.43762,1.43793,1.75,1.12
2016.05.31 18:14:53.512,1.43763,1.43796,1.75,1.00
2016.05.31 18:14:53.614,1.4377,1.43799,1.37,1.00
2016.05.31 18:14:54.342,1.4377,1.43799,1.12,1.00
2016.05.31 18:14:54.444,1.43772,1.43802,1.12,1.00
2016.05.31 18:14:54.647,1.43774,1.43805,1.12,1.37
2016.05.31 18:14:55.206,1.43773,1.43805,1.12,1.37
2016.05.31 18:14:55.527,1.4376,1.43794,4.50,1.50
2016.05.31 18:14:55.579,1.4376,1.43791,2.25,1.50
2016.05.31 18:14:55.884,1.43759,1.43791,1.87,1.50
2016.05.31 18:14:56.393,1.43761,1.43791,1.37,1.37
2016.05.31 18:14:56.910,1.43761,1.4379,1.12,1.00
2016.05.31 18:14:57.013,1.43761,1.4379,1.00,1.12
2016.05.31 18:14:57.115,1.43761,1.4379,1.37,1.00
2016.05.31 18:14:57.624,1.43761,1.4379,1.12,1.00
2016.05.31 18:14:58.314,1.43761,1.43794,1.12,1.50
2016.05.31 18:14:58.818,1.43761,1.43794,1.37,2.25
2016.05.31 18:14:59.234,1.43757,1.4379,1.75,1.50
2016.05.31 18:14:59.437,1.43755,1.43786,1.00,1.75
2016.05.31 18:14:59.828,1.43752,1.43783,1.12,1.37
2016.05.31 18:15:00.972,1.43753,1.43781,1.12,1.37
2016.05.31 18:15:01.279,1.43751,1.4377,1.12,1.00
2016.05.31 18:15:01.432,1.43754,1.43783,1.50,1.37
2016.05.31 18:15:01.635,1.43754,1.43786,1.37,3.00
2016.05.31 18:15:01.849,1.43755,1.43786,1.00,3.00
2016.05.31 18:15:01.951,1.43754,1.43785,1.12,1.00
2016.05.31 18:15:02.280,1.43754,1.43786,1.12,1.37
2016.05.31 18:15:02.550,1.43756,1.43788,1.00,1.75
2016.05.31 18:15:02.652,1.43758,1.43788,1.37,1.00
2016.05.31 18:15:02.957,1.43761,1.43789,1.12,1.00
2016.05.31 18:15:03.465,1.43761,1.4379,1.37,1.12
2016.05.31 18:15:03.975,1.4376,1.4379,1.12,1.50
2016.05.31 18:15:04.486,1.4376,1.4379,1.12,1.50
2016.05.31 18:15:04.792,1.43749,1.43783,3.00,1.75
2016.05.31 18:15:04.945,1.43746,1.43779,1.75,1.50
2016.05.31 18:15:05.471,1.43749,1.4378,1.37,1.75
2016.05.31 18:15:06.348,1.43749,1.43779,1.37,1.00
2016.05.31 18:15:08.458,1.43749,1.4378,1.37,1.75
2016.05.31 18:15:08.979,1.43749,1.4378,1.37,1.75
2016.05.31 18:15:09.483,1.43748,1.43779,1.75,1.00
2016.05.31 18:15:09.585,1.43748,1.4378,1.12,1.75
2016.05.31 18:15:09.752,1.43746,1.43776,2.25,1.37
2016.05.31 18:15:09.805,1.43746,1.43776,1.12,1.75
2016.05.31 18:15:10.330,1.43746,1.43776,1.12,1.75
2016.05.31 18:15:10.839,1.43744,1.43775,1.75,1.00
2016.05.31 18:15:11.584,1.43743,1.43776,1.12,1.75
2016.05.31 18:15:11.687,1.43744,1.43776,1.12,1.75
2016.05.31 18:15:11.790,1.43746,1.43776,1.12,1.12
2016.05.31 18:15:11.892,1.43745,1.43779,2.25,1.12
2016.05.31 18:15:12.095,1.43748,1.4378,1.12,1.75
2016.05.31 18:15:12.585,1.43744,1.43773,1.37,1.00
2016.05.31 18:15:12.636,1.43743,1.43773,2.25,1.00
2016.05.31 18:15:12.687,1.43746,1.43774,1.00,2.62
2016.05.31 18:15:12.739,1.4374,1.43774,3.52,1.87
2016.05.31 18:15:13.589,1.43739,1.4377,1.12,1.50
2016.05.31 18:15:13.792,1.43741,1.4377,1.37,1.12
2016.05.31 18:15:14.656,1.43741,1.43774,1.12,1.50
2016.05.31 18:15:14.708,1.43745,1.43776,1.37,1.12
2016.05.31 18:15:14.963,1.43742,1.43774,1.50,1.12
2016.05.31 18:15:15.498,1.4374,1.43773,1.75,1.75
2016.05.31 18:15:15.882,1.43738,1.4377,1.75,1.75
2016.05.31 18:15:16.034,1.43733,1.43765,1.00,1.37
2016.05.31 18:15:16.086,1.43731,1.43765,1.12,1.12
2016.05.31 18:15:16.188,1.43733,1.43763,1.00,1.00
2016.05.31 18:15:16.776,1.43731,1.43762,1.87,1.00
2016.05.31 18:15:19.309,1.43731,1.43762,1.87,1.00
2016.05.31 18:15:19.800,1.43731,1.43765,1.00,1.12
2016.05.31 18:15:20.214,1.43729,1.43765,1.12,1.12
2016.05.31 18:15:20.366,1.43731,1.43765,1.12,1.12
2016.05.31 18:15:20.418,1.4373,1.43765,1.75,1.12
2016.05.31 18:15:20.727,1.4373,1.43765,1.75,1.12
2016.05.31 18:15:21.036,1.43728,1.43761,1.75,2.25
2016.05.31 18:15:21.189,1.43724,1.43759,1.37,1.12
2016.05.31 18:15:21.646,1.43724,1.43759,1.50,1.87
2016.05.31 18:15:22.041,1.43724,1.43753,1.50,1.12
2016.05.31 18:15:22.347,1.43722,1.43751,1.12,1.00
2016.05.31 18:15:22.449,1.43721,1.43755,1.50,1.75
2016.05.31 18:15:23.037,1.43721,1.43748,1.00,1.00
2016.05.31 18:15:24.111,1.43721,1.43751,1.00,1.75
2016.05.31 18:15:24.651,1.43721,1.43753,1.00,1.75
2016.05.31 18:15:25.817,1.43721,1.43747,1.00,1.00
2016.05.31 18:15:26.384,1.43721,1.43754,1.37,1.75
2016.05.31 18:15:26.697,1.43721,1.43756,1.75,1.75
2016.05.31 18:15:27.155,1.43722,1.43756,1.75,1.75
2016.05.31 18:15:27.308,1.43716,1.43746,3.00,1.00
2016.05.31 18:15:27.581,1.43716,1.43751,3.00,1.75
2016.05.31 18:15:27.632,1.43716,1.43751,2.25,1.75
2016.05.31 18:15:27.734,1.43716,1.43748,2.25,1.12
2016.05.31 18:15:27.836,1.43716,1.43747,3.37,1.00
2016.05.31 18:15:27.887,1.43716,1.43749,2.25,1.12
2016.05.31 18:15:28.192,1.43717,1.43748,1.75,1.00
2016.05.31 18:15:28.719,1.4372,1.43754,1.37,1.12
2016.05.31 18:15:30.164,1.4372,1.43754,1.12,1.12
2016.05.31 18:15:30.447,1.43716,1.43749,3.00,1.75
2016.05.31 18:15:30.675,1.43716,1.43748,3.00,1.50
2016.05.31 18:15:30.880,1.43717,1.43747,1.37,1.00
2016.05.31 18:15:31.236,1.43717,1.4375,1.37,1.12
2016.05.31 18:15:31.903,1.43717,1.43746,1.37,1.75
2016.05.31 18:15:32.423,1.43717,1.43745,1.37,1.00
2016.05.31 18:15:32.981,1.43717,1.43744,1.37,1.00
2016.05.31 18:15:33.293,1.43717,1.43746,1.37,1.12
2016.05.31 18:15:33.561,1.43715,1.43746,1.12,1.37
2016.05.31 18:15:34.098,1.43717,1.43746,1.37,1.12
2016.05.31 18:15:34.963,1.43716,1.43746,1.75,1.87
2016.05.31 18:15:37.845,1.43715,1.43746,2.25,1.50
2016.05.31 18:15:37.896,1.43716,1.43746,1.12,1.50
2016.05.31 18:15:38.467,1.43717,1.43751,1.12,1.75
2016.05.31 18:15:38.518,1.43718,1.43751,1.12,1.87
2016.05.31 18:15:38.570,1.43719,1.43751,1.12,1.75
2016.05.31 18:15:38.722,1.43719,1.4375,1.50,1.75
2016.05.31 18:15:38.926,1.43719,1.4375,2.25,1.12
2016.05.31 18:15:39.102,1.4372,1.4375,1.50,1.50
2016.05.31 18:15:39.645,1.43719,1.4375,1.50,1.50
2016.05.31 18:15:40.243,1.4372,1.4375,1.50,1.75
2016.05.31 18:15:41.377,1.43719,1.4375,1.87,1.75
2016.05.31 18:15:42.172,1.43717,1.4375,1.12,1.75
2016.05.31 18:15:42.438,1.4372,1.43752,1.12,1.50
2016.05.31 18:15:42.540,1.43723,1.43752,1.12,1.50
2016.05.31 18:15:43.827,1.43724,1.43754,1.50,1.00
2016.05.31 18:15:44.253,1.43724,1.43751,1.50,1.00
2016.05.31 18:15:44.457,1.43717,1.43746,1.00,1.50
2016.05.31 18:15:44.508,1.43717,1.43746,1.00,1.50
2016.05.31 18:15:45.190,1.43716,1.43746,1.87,1.12
2016.05.31 18:15:45.293,1.43719,1.43749,1.37,1.37
2016.05.31 18:15:45.457,1.43721,1.43749,1.50,1.37
2016.05.31 18:15:45.763,1.43725,1.43749,1.00,1.75
2016.05.31 18:15:45.864,1.43718,1.43749,1.00,1.75
2016.05.31 18:15:46.250,1.43719,1.43749,1.87,1.75
2016.05.31 18:15:46.476,1.43723,1.4375,1.00,1.00
2016.05.31 18:15:46.832,1.4372,1.4375,1.12,1.37
2016.05.31 18:15:47.087,1.43714,1.43741,1.00,1.12
2016.05.31 18:15:47.494,1.43714,1.43741,1.37,1.00
2016.05.31 18:15:47.820,1.43721,1.43746,1.87,1.00
2016.05.31 18:15:47.871,1.43721,1.43746,1.87,1.00
2016.05.31 18:15:47.923,1.43721,1.43746,1.87,1.00
2016.05.31 18:15:48.025,1.43722,1.43749,1.87,1.00
2016.05.31 18:15:49.575,1.43726,1.43757,1.37,1.37
2016.05.31 18:15:49.626,1.43728,1.43759,1.12,1.87
2016.05.31 18:15:49.728,1.43732,1.43759,1.37,1.00
2016.05.31 18:15:50.298,1.43732,1.43759,1.37,1.00
2016.05.31 18:15:52.005,1.43733,1.43762,1.37,1.50
2016.05.31 18:15:52.107,1.43733,1.43762,1.50,1.00
2016.05.31 18:15:52.209,1.43738,1.43768,1.12,1.87
2016.05.31 18:15:52.363,1.43741,1.43768,1.87,1.00
2016.05.31 18:15:54.750,1.43739,1.43768,3.00,1.87
2016.05.31 18:15:54.802,1.43734,1.4376,1.87,1.00
2016.05.31 18:15:54.904,1.43731,1.4376,1.00,1.00
2016.05.31 18:15:54.956,1.4373,1.4376,1.12,1.00
2016.05.31 18:15:55.460,1.4373,1.4376,1.12,1.00
2016.05.31 18:15:56.037,1.43729,1.4376,1.12,1.37
2016.05.31 18:15:56.541,1.43729,1.4376,1.37,1.12
2016.05.31 18:15:57.666,1.4373,1.4376,1.12,1.37
2016.05.31 18:15:58.232,1.43729,1.4376,1.12,1.12
2016.05.31 18:15:58.945,1.43729,1.4376,1.12,1.00
2016.05.31 18:15:59.933,1.43731,1.4376,1.00,1.00
2016.05.31 18:16:00.459,1.43729,1.4376,1.12,1.00
2016.05.31 18:16:01.972,1.43729,1.4376,1.12,1.00
2016.05.31 18:16:02.965,1.43733,1.4376,1.37,1.00
2016.05.31 18:16:03.168,1.43734,1.43763,1.37,1.00
2016.05.31 18:16:03.270,1.43734,1.43765,1.37,1.00
2016.05.31 18:16:03.577,1.43733,1.43766,1.87,1.87
2016.05.31 18:16:04.109,1.43734,1.43766,1.00,1.87
2016.05.31 18:16:04.162,1.43733,1.43764,1.87,1.00
2016.05.31 18:16:09.067,1.43734,1.43764,1.00,1.37
2016.05.31 18:16:09.221,1.43726,1.43754,1.37,1.12
2016.05.31 18:16:09.323,1.43722,1.43755,1.12,1.75
2016.05.31 18:16:09.374,1.43724,1.43757,1.12,2.25
2016.05.31 18:16:09.427,1.43725,1.43757,1.75,1.00
2016.05.31 18:16:09.608,1.43725,1.43758,1.50,1.82
2016.05.31 18:16:09.710,1.43725,1.43758,1.75,1.07
2016.05.31 18:16:09.964,1.43725,1.43758,2.25,1.07
2016.05.31 18:16:10.304,1.43726,1.43758,2.25,1.00
2016.05.31 18:16:10.407,1.43732,1.43764,1.12,1.50
2016.05.31 18:16:10.611,1.43733,1.43766,1.12,1.75
2016.05.31 18:16:11.131,1.4373,1.43761,2.25,1.00
2016.05.31 18:16:12.746,1.43733,1.43767,1.75,2.57
2016.05.31 18:16:12.797,1.43733,1.43767,1.75,2.20
2016.05.31 18:16:12.848,1.43735,1.43768,2.25,1.37
2016.05.31 18:16:12.900,1.43735,1.4377,2.25,2.62
2016.05.31 18:16:13.002,1.43741,1.4377,1.00,1.12
2016.05.31 18:16:13.053,1.43741,1.43773,1.12,1.82
2016.05.31 18:16:13.561,1.43741,1.43772,1.00,1.75
2016.05.31 18:16:13.894,1.43739,1.4377,1.75,1.00
2016.05.31 18:16:14.046,1.43741,1.43773,1.87,1.45
2016.05.31 18:16:14.795,1.43741,1.43773,1.12,1.00
2016.05.31 18:16:14.897,1.43742,1.43776,1.75,1.82
2016.05.31 18:16:15.400,1.43742,1.43776,1.75,1.07
2016.05.31 18:16:17.202,1.43742,1.43775,1.75,1.00
2016.05.31 18:16:17.406,1.43742,1.43775,1.75,1.37
2016.05.31 18:16:17.894,1.43743,1.43775,1.00,1.12
2016.05.31 18:16:18.444,1.43741,1.43774,1.87,1.37
2016.05.31 18:16:18.546,1.43741,1.43774,1.87,1.75
2016.05.31 18:16:18.956,1.43745,1.43774,1.00,1.00
2016.05.31 18:16:19.530,1.43746,1.43777,2.25,1.12
2016.05.31 18:16:19.632,1.43749,1.4378,1.12,1.00
2016.05.31 18:16:20.147,1.43749,1.43782,1.87,1.82
2016.05.31 18:16:21.913,1.43751,1.43783,1.00,1.87
2016.05.31 18:16:22.445,1.43749,1.43781,1.87,1.00
2016.05.31 18:16:23.218,1.43749,1.43781,1.87,1.00
2016.05.31 18:16:23.321,1.43749,1.43781,1.87,1.00
2016.05.31 18:16:23.493,1.43752,1.43782,1.37,1.50
2016.05.31 18:16:23.595,1.43748,1.4378,1.37,1.07
2016.05.31 18:16:24.099,1.43747,1.43782,1.37,1.81
2016.05.31 18:16:24.253,1.43748,1.43782,1.00,1.81
2016.05.31 18:16:24.405,1.43748,1.43778,1.00,1.00
2016.05.31 18:16:24.457,1.43748,1.43782,1.37,1.81
2016.05.31 18:16:24.990,1.43746,1.4378,1.75,1.19
2016.05.31 18:16:26.950,1.43748,1.43779,1.00,1.37
2016.05.31 18:16:27.280,1.43741,1.43771,1.50,1.37
2016.05.31 18:16:28.095,1.43741,1.43773,1.12,1.75
2016.05.31 18:16:28.462,1.43742,1.43775,1.37,2.31
2016.05.31 18:16:28.616,1.43744,1.43775,1.00,1.19
2016.05.31 18:16:28.668,1.43742,1.43775,1.12,1.44
2016.05.31 18:16:28.821,1.43741,1.43775,2.25,1.81
2016.05.31 18:16:28.872,1.43741,1.43775,1.87,1.81
2016.05.31 18:16:29.026,1.43739,1.43771,1.37,1.75
2016.05.31 18:16:29.562,1.4374,1.4377,1.00,1.00
2016.05.31 18:16:29.613,1.43739,1.43771,1.75,1.00
2016.05.31 18:16:30.186,1.4374,1.43772,1.75,1.37
2016.05.31 18:16:30.490,1.4374,1.43772,1.50,1.19
2016.05.31 18:16:31.005,1.43739,1.43772,1.37,1.94
2016.05.31 18:16:31.514,1.43739,1.43772,1.37,1.94
2016.05.31 18:16:31.827,1.43737,1.43769,1.12,1.12
2016.05.31 18:16:32.081,1.43738,1.43769,1.00,1.12
2016.05.31 18:16:33.115,1.43737,1.43769,1.00,1.50
2016.05.31 18:16:33.640,1.43737,1.43768,1.00,1.00
2016.05.31 18:16:34.177,1.43736,1.43769,2.25,1.12
2016.05.31 18:16:36.309,1.43736,1.43769,2.25,1.46
2016.05.31 18:16:36.715,1.43742,1.43769,1.00,1.08
2016.05.31 18:16:37.525,1.43736,1.43769,2.25,1.00
2016.05.31 18:16:37.728,1.43736,1.43769,3.00,1.00
2016.05.31 18:16:38.233,1.43736,1.43769,3.00,1.00
2016.05.31 18:16:39.231,1.4374,1.43769,1.00,1.00
2016.05.31 18:16:39.536,1.43738,1.43769,1.00,1.00
2016.05.31 18:16:40.308,1.43736,1.43769,2.62,1.12
2016.05.31 18:16:40.899,1.43738,1.43772,1.37,1.46
2016.05.31 18:16:42.328,1.43736,1.43769,3.37,1.00
2016.05.31 18:16:44.701,1.43738,1.43771,1.37,1.00
2016.05.31 18:16:44.803,1.43738,1.43772,1.37,1.75
2016.05.31 18:16:46.306,1.43739,1.4377,1.00,1.00
2016.05.31 18:16:48.616,1.43739,1.43772,1.00,1.50
2016.05.31 18:16:48.718,1.43739,1.43772,1.12,1.50
2016.05.31 18:16:49.019,1.43741,1.43772,1.00,1.75
2016.05.31 18:16:49.124,1.43741,1.43772,1.00,1.50
2016.05.31 18:16:49.633,1.4374,1.43772,1.00,1.75
2016.05.31 18:16:50.153,1.43741,1.43772,1.00,1.37
2016.05.31 18:16:50.664,1.43741,1.43772,1.00,1.00
2016.05.31 18:16:51.176,1.43741,1.43772,1.00,1.50
2016.05.31 18:16:51.546,1.4374,1.43772,1.00,1.75
2016.05.31 18:16:52.064,1.43738,1.43772,1.37,1.75
2016.05.31 18:16:53.519,1.43737,1.43769,1.12,1.00
2016.05.31 18:16:53.825,1.43736,1.4377,2.25,1.12
2016.05.31 18:16:54.047,1.43743,1.43775,1.50,1.12
2016.05.31 18:16:54.149,1.43744,1.43776,1.37,1.00
2016.05.31 18:16:54.677,1.43743,1.43776,2.62,1.12
2016.05.31 18:16:56.631,1.43744,1.43777,1.37,1.87
2016.05.31 18:16:56.859,1.43747,1.4378,2.25,1.87
2016.05.31 18:16:56.961,1.43751,1.4378,1.00,1.50
2016.05.31 18:16:57.064,1.43748,1.4378,1.37,1.12
2016.05.31 18:16:57.579,1.43749,1.4378,1.00,1.50
2016.05.31 18:16:57.782,1.43749,1.43781,1.12,1.50
2016.05.31 18:16:57.884,1.43749,1.43781,1.37,1.87
2016.05.31 18:16:58.418,1.43747,1.43781,2.62,1.50
2016.05.31 18:16:58.470,1.43749,1.43781,1.00,1.87
2016.05.31 18:16:58.572,1.43749,1.43781,1.00,1.50
2016.05.31 18:16:59.095,1.43749,1.43781,1.37,1.50
2016.05.31 18:17:00.190,1.43749,1.43781,1.00,1.50
2016.05.31 18:17:00.342,1.43751,1.43781,1.00,1.50
2016.05.31 18:17:00.719,1.43765,1.43794,1.75,1.00
2016.05.31 18:17:00.771,1.43766,1.43796,1.37,1.00
2016.05.31 18:17:01.127,1.43768,1.43797,1.12,1.00
2016.05.31 18:17:01.648,1.43768,1.43798,1.12,1.12
2016.05.31 18:17:02.014,1.43766,1.43795,1.50,1.00
2016.05.31 18:17:02.066,1.43766,1.43795,1.50,1.00
2016.05.31 18:17:02.976,1.43766,1.43797,1.87,1.50
2016.05.31 18:17:03.282,1.43772,1.438,1.12,1.00
2016.05.31 18:17:03.456,1.43772,1.43805,1.37,1.50
2016.05.31 18:17:04.041,1.43772,1.43805,1.12,1.75
2016.05.31 18:17:04.195,1.4377,1.43805,2.25,1.75
2016.05.31 18:17:04.298,1.43769,1.438,1.37,1.50
2016.05.31 18:17:04.349,1.43769,1.438,1.12,1.50
2016.05.31 18:17:04.400,1.43769,1.438,1.37,1.75
2016.05.31 18:17:04.928,1.43769,1.43798,1.37,1.00
2016.05.31 18:17:05.467,1.43767,1.43799,1.12,1.37
2016.05.31 18:17:05.620,1.4377,1.438,1.00,1.00
2016.05.31 18:17:05.722,1.43769,1.43801,1.00,2.62
2016.05.31 18:17:05.949,1.43769,1.43801,1.37,1.50
2016.05.31 18:17:06.103,1.43769,1.43801,1.00,2.62
2016.05.31 18:17:06.415,1.43769,1.43801,1.12,2.62
2016.05.31 18:17:06.518,1.4377,1.43801,1.00,1.50
2016.05.31 18:17:07.483,1.43769,1.43801,1.37,1.50
2016.05.31 18:17:08.019,1.43768,1.43801,1.75,1.87
2016.05.31 18:17:09.936,1.43769,1.43801,1.00,2.62
2016.05.31 18:17:10.613,1.43768,1.43793,1.37,1.00
2016.05.31 18:17:10.919,1.43768,1.43791,1.12,1.00
2016.05.31 18:17:11.238,1.43759,1.43786,1.37,1.87
2016.05.31 18:17:11.801,1.43758,1.43785,1.75,1.87
2016.05.31 18:17:11.852,1.43758,1.43785,1.75,1.12
2016.05.31 18:17:11.903,1.43758,1.43788,1.37,1.75
2016.05.31 18:17:12.005,1.43752,1.43782,1.87,1.12
2016.05.31 18:17:12.057,1.43752,1.43782,1.12,2.62
2016.05.31 18:17:13.121,1.43751,1.4378,1.87,1.12
2016.05.31 18:17:14.242,1.4375,1.43781,1.12,1.12
2016.05.31 18:17:14.750,1.43751,1.4378,1.50,1.12
2016.05.31 18:17:15.248,1.43751,1.43782,1.12,2.62
2016.05.31 18:17:16.047,1.43752,1.43782,1.00,2.25
2016.05.31 18:17:17.283,1.43751,1.43779,1.00,1.87
2016.05.31 18:17:19.360,1.43749,1.43778,1.00,1.12
2016.05.31 18:17:19.463,1.43747,1.43775,1.50,1.12
2016.05.31 18:17:19.819,1.43746,1.43772,1.00,1.87
2016.05.31 18:17:20.839,1.43745,1.43772,1.00,1.87
2016.05.31 18:17:21.559,1.4374,1.43772,1.37,2.25
2016.05.31 18:17:21.867,1.43745,1.43773,1.50,1.20
2016.05.31 18:17:22.161,1.43742,1.43774,1.75,1.12
2016.05.31 18:17:22.264,1.4374,1.43771,1.00,1.37
2016.05.31 18:17:22.367,1.4374,1.43766,1.50,1.00
2016.05.31 18:17:22.965,1.4374,1.43766,1.00,1.00
2016.05.31 18:17:23.627,1.43741,1.43766,1.00,1.00
2016.05.31 18:17:24.137,1.43742,1.43766,1.00,1.00
2016.05.31 18:17:24.835,1.43739,1.43766,2.25,1.00
2016.05.31 18:17:25.138,1.43746,1.43774,1.00,1.12
2016.05.31 18:17:25.647,1.43743,1.43773,1.37,1.12
2016.05.31 18:17:26.651,1.43741,1.43772,1.75,1.37
2016.05.31 18:17:27.173,1.43741,1.43772,1.75,1.37
2016.05.31 18:17:29.085,1.43743,1.43773,1.50,1.12
2016.05.31 18:17:29.289,1.43746,1.43775,1.12,1.37
2016.05.31 18:17:29.615,1.43743,1.43775,1.50,1.87
2016.05.31 18:17:31.052,1.43743,1.43774,1.37,1.12
2016.05.31 18:17:31.312,1.43743,1.43774,1.75,1.50
2016.05.31 18:17:31.839,1.43743,1.43775,1.75,1.37
2016.05.31 18:17:33.986,1.43746,1.43774,1.00,1.00
2016.05.31 18:17:34.523,1.43743,1.43774,1.87,1.00
2016.05.31 18:17:35.030,1.43743,1.43775,1.87,1.50
2016.05.31 18:17:36.508,1.43746,1.43774,1.50,1.12
2016.05.31 18:17:42.484,1.43745,1.43776,1.12,1.37
2016.05.31 18:17:42.944,1.43743,1.4377,1.37,1.00
2016.05.31 18:17:42.995,1.43743,1.4377,1.00,1.00
2016.05.31 18:17:43.046,1.43743,1.43773,1.50,1.00
2016.05.31 18:17:43.250,1.43743,1.43774,1.87,1.12
2016.05.31 18:17:43.774,1.43748,1.43776,1.00,1.37
2016.05.31 18:17:44.116,1.4375,1.4378,1.00,1.12
2016.05.31 18:17:44.430,1.4375,1.4378,2.62,1.00
2016.05.31 18:17:44.532,1.4375,1.4378,2.25,1.00
2016.05.31 18:17:44.634,1.43753,1.43784,2.25,1.00
2016.05.31 18:17:44.855,1.43755,1.43789,1.87,1.87
2016.05.31 18:17:46.433,1.43756,1.43787,1.50,1.00
2016.05.31 18:17:46.680,1.43755,1.43787,1.12,1.12
2016.05.31 18:17:46.985,1.43753,1.43783,1.50,1.37
2016.05.31 18:17:47.241,1.43746,1.43777,1.12,1.75
2016.05.31 18:17:47.649,1.43746,1.43778,1.50,1.75
2016.05.31 18:17:47.975,1.4375,1.4378,1.75,1.00
2016.05.31 18:17:48.536,1.43747,1.4378,1.75,1.00
2016.05.31 18:17:48.587,1.43747,1.4378,1.50,1.12
2016.05.31 18:17:48.639,1.43747,1.4378,1.12,1.50
2016.05.31 18:17:48.741,1.43747,1.43777,1.00,1.12
2016.05.31 18:17:50.101,1.43745,1.43778,1.50,2.62
2016.05.31 18:17:51.145,1.43745,1.43778,1.50,1.75
2016.05.31 18:17:51.348,1.43749,1.43778,1.00,1.00
2016.05.31 18:17:51.893,1.43747,1.43779,1.75,1.12
2016.05.31 18:17:52.935,1.4375,1.43779,1.00,1.12
2016.05.31 18:17:53.038,1.43752,1.43781,1.00,1.75
2016.05.31 18:17:53.241,1.43752,1.43784,1.00,1.00
2016.05.31 18:17:53.858,1.43751,1.43784,2.25,1.12
2016.05.31 18:17:54.654,1.43752,1.43785,1.37,3.00
2016.05.31 18:17:54.960,1.4375,1.43784,1.12,1.37
2016.05.31 18:17:55.165,1.43746,1.43776,1.12,1.50
2016.05.31 18:17:55.288,1.43748,1.43777,1.37,1.37
2016.05.31 18:17:55.339,1.43748,1.43777,1.50,1.00
2016.05.31 18:17:55.646,1.43748,1.43779,1.12,1.00
2016.05.31 18:17:55.747,1.43745,1.43778,2.25,1.75
2016.05.31 18:17:56.527,1.43748,1.43778,1.00,1.12
2016.05.31 18:17:56.831,1.43744,1.43779,1.87,1.20
2016.05.31 18:17:56.933,1.43741,1.43772,1.50,1.37
2016.05.31 18:17:57.515,1.4374,1.43772,1.75,1.12
2016.05.31 18:17:58.044,1.43742,1.43772,1.00,1.50
2016.05.31 18:17:58.451,1.43743,1.43774,1.37,1.75
2016.05.31 18:17:58.975,1.43744,1.43774,1.00,1.75
2016.05.31 18:17:59.281,1.43752,1.43785,1.87,1.12
2016.05.31 18:17:59.332,1.43755,1.4379,1.75,1.37
2016.05.31 18:17:59.638,1.43761,1.4379,1.12,1.00
2016.05.31 18:17:59.943,1.43758,1.43792,1.87,1.75
2016.05.31 18:17:59.995,1.43758,1.4379,1.50,1.12
2016.05.31 18:18:00.656,1.43758,1.4379,1.50,1.12
2016.05.31 18:18:01.242,1.43758,1.4379,1.12,1.12
2016.05.31 18:18:01.743,1.43758,1.4379,1.50,1.12
2016.05.31 18:18:01.946,1.43758,1.43792,1.50,1.87
2016.05.31 18:18:02.590,1.43758,1.43791,1.50,1.37
2016.05.31 18:18:03.071,1.43758,1.43791,1.50,1.12
2016.05.31 18:18:05.481,1.43759,1.4379,1.00,1.37
2016.05.31 18:18:06.047,1.43758,1.4379,1.87,1.37
2016.05.31 18:18:07.609,1.43758,1.4379,1.87,1.37
2016.05.31 18:18:07.762,1.43754,1.43785,1.50,1.00
2016.05.31 18:18:08.707,1.43754,1.43787,1.75,1.12
2016.05.31 18:18:09.303,1.43754,1.43788,1.75,1.87
2016.05.31 18:18:09.610,1.4376,1.43788,1.37,1.00
2016.05.31 18:18:09.661,1.4376,1.4379,1.75,1.00
2016.05.31 18:18:09.967,1.4376,1.43791,1.50,1.50
2016.05.31 18:18:10.152,1.4376,1.43791,1.50,1.50
2016.05.31 18:18:10.665,1.43761,1.43794,1.75,3.75
2016.05.31 18:18:11.672,1.43761,1.43794,1.00,2.25
2016.05.31 18:18:12.080,1.43761,1.43793,1.50,1.00
2016.05.31 18:18:12.588,1.43765,1.43794,1.00,1.00
2016.05.31 18:18:12.931,1.43771,1.43795,1.00,1.50
2016.05.31 18:18:13.455,1.43771,1.43796,1.00,1.50
2016.05.31 18:18:13.817,1.43771,1.438,1.00,1.00
2016.05.31 18:18:18.834,1.43771,1.43804,1.87,1.37
2016.05.31 18:18:19.089,1.43776,1.43806,1.00,2.25
2016.05.31 18:18:19.925,1.43776,1.43808,1.50,1.37
2016.05.31 18:18:20.788,1.43773,1.43806,1.12,1.12
2016.05.31 18:18:20.999,1.43773,1.43805,1.00,1.00
2016.05.31 18:18:22.984,1.43771,1.43805,2.25,1.00
2016.05.31 18:18:23.594,1.43771,1.43805,1.37,1.50
2016.05.31 18:18:24.112,1.43771,1.43805,1.87,1.50
2016.05.31 18:18:25.028,1.43771,1.43805,1.87,1.00
2016.05.31 18:18:26.398,1.43771,1.43805,1.12,1.00
2016.05.31 18:18:26.676,1.43771,1.43805,1.12,1.75
2016.05.31 18:18:26.778,1.43771,1.43804,1.12,1.00
2016.05.31 18:18:26.982,1.43774,1.43805,1.00,1.00
2016.05.31 18:18:27.034,1.43775,1.43807,1.00,1.00
2016.05.31 18:18:27.085,1.43775,1.43808,1.50,1.50
2016.05.31 18:18:27.238,1.43781,1.43813,1.50,1.50
2016.05.31 18:18:27.752,1.43781,1.43813,1.50,1.37
2016.05.31 18:18:27.904,1.43781,1.43815,1.50,1.50
2016.05.31 18:18:29.013,1.43781,1.43815,2.25,1.37
2016.05.31 18:18:29.115,1.43785,1.43815,1.12,1.37
2016.05.31 18:18:29.422,1.43789,1.43818,1.50,1.00
2016.05.31 18:18:29.727,1.4379,1.43822,1.37,1.50
2016.05.31 18:18:29.829,1.43796,1.43822,1.50,1.00
2016.05.31 18:18:29.931,1.43796,1.43828,1.50,1.37
2016.05.31 18:18:30.191,1.43795,1.43825,1.00,1.75
2016.05.31 18:18:30.242,1.43791,1.43823,2.25,1.00
2016.05.31 18:18:31.565,1.43791,1.43823,1.50,1.00
2016.05.31 18:18:33.129,1.43791,1.43824,1.50,1.75
2016.05.31 18:18:33.813,1.43791,1.43823,1.50,1.12
2016.05.31 18:18:34.353,1.4379,1.43822,1.37,1.50
2016.05.31 18:18:34.404,1.4379,1.43822,1.37,1.75
2016.05.31 18:18:34.716,1.4379,1.4382,1.37,1.00
2016.05.31 18:18:35.023,1.4379,1.43822,1.37,1.00
2016.05.31 18:18:35.228,1.43788,1.43821,1.37,1.75
2016.05.31 18:18:35.533,1.43785,1.4382,1.12,1.87
2016.05.31 18:18:36.122,1.43785,1.4382,1.12,1.87
2016.05.31 18:18:36.659,1.43785,1.43819,1.12,1.00
2016.05.31 18:18:37.516,1.43786,1.43819,1.75,1.12
2016.05.31 18:18:37.829,1.43787,1.43818,1.00,1.00
2016.05.31 18:18:38.356,1.43787,1.4382,1.00,1.37
2016.05.31 18:18:39.641,1.43787,1.4382,1.00,1.75
2016.05.31 18:18:39.757,1.43787,1.43819,1.00,1.12
2016.05.31 18:18:40.251,1.43787,1.4382,1.00,1.87
2016.05.31 18:18:40.509,1.43791,1.4382,1.50,1.37
2016.05.31 18:18:40.662,1.43793,1.43827,1.87,1.75
2016.05.31 18:18:41.544,1.43793,1.43827,1.87,1.75
2016.05.31 18:18:41.748,1.43788,1.43822,1.50,1.50
2016.05.31 18:18:41.799,1.43793,1.43824,1.00,1.12
2016.05.31 18:18:42.053,1.43793,1.43824,1.00,1.00
2016.05.31 18:18:42.689,1.4379,1.43821,1.00,1.37
2016.05.31 18:18:42.791,1.43786,1.43819,1.37,1.00
2016.05.31 18:18:43.316,1.43786,1.43819,1.00,1.00
2016.05.31 18:18:43.632,1.43786,1.43819,1.75,1.00
2016.05.31 18:18:44.038,1.43791,1.43819,1.12,1.00
2016.05.31 18:18:44.156,1.43791,1.43822,1.12,1.00
2016.05.31 18:18:45.178,1.43788,1.43822,1.87,1.37
2016.05.31 18:18:45.787,1.43788,1.43822,1.87,1.12
2016.05.31 18:18:46.168,1.43788,1.43822,1.87,1.50
2016.05.31 18:18:46.322,1.43785,1.43818,1.12,1.12
2016.05.31 18:18:46.374,1.43785,1.43818,1.87,1.37
2016.05.31 18:18:46.569,1.43785,1.43818,1.12,1.37
2016.05.31 18:18:46.825,1.43785,1.43817,1.12,1.00
2016.05.31 18:18:47.361,1.43785,1.43816,1.12,1.00
2016.05.31 18:18:48.866,1.43785,1.43818,1.12,1.12
2016.05.31 18:18:49.070,1.43785,1.43813,1.00,1.00
2016.05.31 18:18:49.356,1.4378,1.43813,1.75,1.00
2016.05.31 18:18:49.959,1.43781,1.43813,1.12,1.00
2016.05.31 18:18:50.165,1.43792,1.43825,1.12,1.37
2016.05.31 18:18:51.436,1.43792,1.43826,1.50,1.87
2016.05.31 18:18:52.553,1.43792,1.43826,1.12,1.87
2016.05.31 18:18:54.284,1.43792,1.43826,1.50,1.75
2016.05.31 18:18:54.488,1.43808,1.43833,1.87,1.00
2016.05.31 18:18:54.539,1.43813,1.43833,1.00,1.00
2016.05.31 18:18:54.744,1.43813,1.43842,1.00,1.00
2016.05.31 18:18:55.252,1.43809,1.43843,1.75,1.75
2016.05.31 18:18:55.506,1.43805,1.43841,2.25,1.87
2016.05.31 18:18:55.659,1.43811,1.43841,1.00,1.12
2016.05.31 18:18:55.933,1.43808,1.43841,1.00,1.12
2016.05.31 18:18:56.188,1.43808,1.43843,1.75,1.50
2016.05.31 18:18:56.239,1.43809,1.43843,1.50,1.12
2016.05.31 18:18:56.647,1.43818,1.43843,1.37,1.00
2016.05.31 18:18:56.801,1.43818,1.43847,1.37,1.00
2016.05.31 18:18:57.071,1.43818,1.4385,1.37,2.62
2016.05.31 18:18:57.973,1.43816,1.4385,1.50,2.62
2016.05.31 18:18:58.126,1.43821,1.4385,1.00,1.87
2016.05.31 18:18:58.454,1.43818,1.43851,1.00,1.37
2016.05.31 18:18:58.556,1.43816,1.4385,2.25,1.12
2016.05.31 18:18:59.488,1.43816,1.4385,1.50,1.12
2016.05.31 18:18:59.540,1.43819,1.43853,1.50,2.25
2016.05.31 18:18:59.845,1.43824,1.43853,1.00,1.37
2016.05.31 18:19:00.150,1.43824,1.43857,1.37,1.37
2016.05.31 18:19:00.404,1.43817,1.43853,1.87,1.37
2016.05.31 18:19:05.736,1.43818,1.43853,1.75,1.37
2016.05.31 18:19:06.041,1.43827,1.43859,1.75,1.00
2016.05.31 18:19:06.587,1.43826,1.4386,2.25,1.00
2016.05.31 18:19:07.097,1.43827,1.43859,1.75,1.12
2016.05.31 18:19:08.577,1.43827,1.43859,1.87,1.87
2016.05.31 18:19:08.628,1.43827,1.43858,1.12,1.12
2016.05.31 18:19:08.680,1.43827,1.43858,1.12,1.12
2016.05.31 18:19:08.884,1.43825,1.43856,1.37,1.75
2016.05.31 18:19:09.312,1.43822,1.43854,1.37,1.00
2016.05.31 18:19:09.516,1.43828,1.4386,1.87,1.00
2016.05.31 18:19:09.828,1.43834,1.43864,1.37,1.50
2016.05.31 18:19:10.134,1.43831,1.43864,1.00,1.87
2016.05.31 18:19:10.237,1.43829,1.43863,1.37,1.50
2016.05.31 18:19:10.542,1.43821,1.43853,1.37,2.25
2016.05.31 18:19:10.695,1.43821,1.43853,1.37,1.87
2016.05.31 18:19:10.746,1.43821,1.43853,1.37,1.87
2016.05.31 18:19:11.145,1.43821,1.43853,1.37,2.25
2016.05.31 18:19:11.361,1.43818,1.43853,1.00,2.62
2016.05.31 18:19:11.413,1.43816,1.43848,1.12,1.00
2016.05.31 18:19:11.921,1.43814,1.43848,1.50,1.50
2016.05.31 18:19:12.023,1.4382,1.43848,1.37,1.00
2016.05.31 18:19:12.329,1.43825,1.4386,1.50,1.37
2016.05.31 18:19:12.787,1.43825,1.43859,1.50,1.12
2016.05.31 18:19:13.319,1.43825,1.43858,1.50,1.00
2016.05.31 18:19:13.721,1.43823,1.43858,1.12,1.00
2016.05.31 18:19:14.233,1.43823,1.43859,1.75,1.00
2016.05.31 18:19:14.386,1.43823,1.4386,1.12,1.87
2016.05.31 18:19:14.437,1.43822,1.43855,1.37,1.00
2016.05.31 18:19:14.914,1.43823,1.4386,1.12,2.25
2016.05.31 18:19:15.017,1.43823,1.43859,1.12,1.00
2016.05.31 18:19:15.323,1.43825,1.43857,1.37,1.00
2016.05.31 18:19:16.176,1.43825,1.4386,1.37,1.87
2016.05.31 18:19:16.486,1.43823,1.43859,1.12,1.75
2016.05.31 18:19:16.538,1.43821,1.43854,1.12,1.12
2016.05.31 18:19:16.844,1.43821,1.43854,1.12,1.12
2016.05.31 18:19:17.363,1.43821,1.43854,1.12,1.37
2016.05.31 18:19:17.871,1.4382,1.43855,1.75,1.50
2016.05.31 18:19:18.742,1.43826,1.43858,1.75,1.37
2016.05.31 18:19:18.844,1.43832,1.43866,2.25,2.25
2016.05.31 18:19:18.946,1.43834,1.43866,1.12,1.50
2016.05.31 18:19:19.451,1.43834,1.43865,1.12,1.00
2016.05.31 18:19:20.339,1.43831,1.43864,2.25,1.12
2016.05.31 18:19:20.441,1.4383,1.43862,1.00,1.12
2016.05.31 18:19:20.949,1.43826,1.43862,1.75,1.37
2016.05.31 18:19:21.239,1.43826,1.43862,1.75,1.12
2016.05.31 18:19:21.751,1.43826,1.43862,1.12,1.12
2016.05.31 18:19:23.664,1.43826,1.43862,1.12,1.37
2016.05.31 18:19:24.191,1.43826,1.43864,1.87,3.00
2016.05.31 18:19:24.856,1.43827,1.43864,1.12,1.87
2016.05.31 18:19:25.062,1.43833,1.43864,1.00,1.00
2016.05.31 18:19:25.542,1.43829,1.43865,1.75,1.37
2016.05.31 18:19:25.746,1.43826,1.43862,1.12,1.12
2016.05.31 18:19:26.300,1.43826,1.43859,1.37,1.37
2016.05.31 18:19:26.843,1.43826,1.4386,1.87,1.75
2016.05.31 18:19:26.894,1.43826,1.4386,1.87,1.75
2016.05.31 18:19:27.301,1.43826,1.43859,1.87,1.00
2016.05.31 18:19:27.557,1.43831,1.43866,1.75,1.00
2016.05.31 18:19:27.609,1.43831,1.43867,1.12,1.87
2016.05.31 18:19:27.660,1.4383,1.43861,1.50,1.00
2016.05.31 18:19:28.168,1.43829,1.4386,1.12,1.00
2016.05.31 18:19:28.951,1.43826,1.43863,2.62,1.12
2016.05.31 18:19:29.054,1.4383,1.43864,1.75,1.00
2016.05.31 18:19:30.123,1.43829,1.43867,1.87,2.25
2016.05.31 18:19:30.635,1.43831,1.43864,1.12,1.00
2016.05.31 18:19:31.978,1.43832,1.43865,1.37,1.00
2016.05.31 18:19:34.617,1.43833,1.43865,1.00,1.50
2016.05.31 18:19:34.934,1.43833,1.43865,1.00,1.50
2016.05.31 18:19:35.248,1.43831,1.43862,1.37,1.12
2016.05.31 18:19:36.253,1.43826,1.43862,1.87,1.12
2016.05.31 18:19:36.655,1.43826,1.43862,1.87,1.12
2016.05.31 18:19:37.254,1.43826,1.43856,1.87,1.00
2016.05.31 18:19:37.818,1.43825,1.43856,1.87,1.00
2016.05.31 18:19:38.135,1.43837,1.43864,1.00,1.00
2016.05.31 18:19:38.288,1.43831,1.43864,1.87,2.25
2016.05.31 18:19:38.797,1.4383,1.43864,1.87,1.50
2016.05.31 18:19:39.175,1.4383,1.43864,1.12,1.50
2016.05.31 18:19:39.531,1.4383,1.43864,1.12,1.50
2016.05.31 18:19:40.591,1.43831,1.43865,1.50,1.37
2016.05.31 18:19:40.642,1.43835,1.43866,1.00,1.12
2016.05.31 18:19:40.694,1.43835,1.4387,1.50,3.00
2016.05.31 18:19:41.000,1.43838,1.4387,1.75,1.50
2016.05.31 18:19:41.518,1.43838,1.43869,1.75,1.00
2016.05.31 18:19:42.905,1.43838,1.43869,1.00,1.00
2016.05.31 18:19:42.956,1.43838,1.43869,1.00,1.37
2016.05.31 18:19:43.007,1.43834,1.43866,1.37,1.12
2016.05.31 18:19:44.804,1.43832,1.43866,1.50,1.87
2016.05.31 18:19:45.364,1.43832,1.43866,1.50,2.25
2016.05.31 18:19:45.870,1.43832,1.43866,1.50,2.25
2016.05.31 18:19:46.395,1.43832,1.43866,1.87,1.87
2016.05.31 18:19:46.902,1.43832,1.43866,1.87,2.25
2016.05.31 18:19:47.003,1.43832,1.43866,1.87,2.25
2016.05.31 18:19:47.512,1.43832,1.43866,1.87,2.25
2016.05.31 18:19:47.904,1.43832,1.43866,1.87,1.87
2016.05.31 18:19:48.054,1.43832,1.43866,1.87,1.87
2016.05.31 18:19:48.207,1.43832,1.43866,1.87,1.87
2016.05.31 18:19:49.792,1.43832,1.43866,2.25,1.87
2016.05.31 18:19:50.438,1.43832,1.43866,2.25,2.25
2016.05.31 18:19:50.744,1.43838,1.43869,1.37,2.25
2016.05.31 18:19:51.057,1.4384,1.43869,1.37,2.25
2016.05.31 18:19:51.856,1.43838,1.43869,1.37,1.12
2016.05.31 18:19:51.958,1.43838,1.43868,1.37,1.12
2016.05.31 18:19:52.060,1.43836,1.43867,1.12,1.12
2016.05.31 18:19:52.602,1.43834,1.43862,1.37,1.37
2016.05.31 18:19:53.174,1.43834,1.43862,1.37,1.00
2016.05.31 18:19:53.700,1.43832,1.43863,1.87,1.50
2016.05.31 18:19:54.299,1.43832,1.43863,2.25,1.12
2016.05.31 18:19:54.774,1.43832,1.43866,1.50,1.87
2016.05.31 18:19:54.876,1.43832,1.43866,1.50,1.87
2016.05.31 18:19:55.458,1.43829,1.4386,1.12,2.25
2016.05.31 18:19:55.611,1.43826,1.4386,1.37,2.25
2016.05.31 18:19:56.105,1.43826,1.4386,1.12,2.25
2016.05.31 18:19:56.707,1.43826,1.4386,1.50,2.25
2016.05.31 18:19:58.968,1.43826,1.43856,1.12,1.00
2016.05.31 18:19:59.300,1.43823,1.43856,3.37,1.37
2016.05.31 18:19:59.504,1.43826,1.43855,1.37,1.00
2016.05.31 18:19:59.810,1.43829,1.43857,1.37,1.50
2016.05.31 18:19:59.913,1.4383,1.43859,1.00,1.50
2016.05.31 18:20:00.400,1.43831,1.43859,1.50,1.00
2016.05.31 18:20:00.503,1.43831,1.43858,1.12,1.00
2016.05.31 18:20:01.050,1.43829,1.4386,1.37,1.75
2016.05.31 18:20:01.578,1.43832,1.43863,1.00,1.12
2016.05.31 18:20:02.194,1.43829,1.43863,1.37,1.87
2016.05.31 18:20:04.408,1.43828,1.43863,1.75,1.12
2016.05.31 18:20:07.023,1.43828,1.43858,1.00,1.50
2016.05.31 18:20:07.328,1.43828,1.43858,1.00,1.75
2016.05.31 18:20:07.531,1.43825,1.43852,1.12,1.00
2016.05.31 18:20:08.066,1.43824,1.43854,1.37,1.75
2016.05.31 18:20:09.551,1.43822,1.43854,1.12,1.75
2016.05.31 18:20:10.069,1.43822,1.43854,1.50,1.75
2016.05.31 18:20:10.576,1.43822,1.43853,1.87,1.00
2016.05.31 18:20:10.627,1.43822,1.43854,1.50,1.75
2016.05.31 18:20:11.145,1.43822,1.43854,1.12,1.75
2016.05.31 18:20:12.340,1.43822,1.43854,1.00,1.75
2016.05.31 18:20:12.773,1.43822,1.43854,1.00,1.75
2016.05.31 18:20:13.972,1.43826,1.43854,1.00,1.00
2016.05.31 18:20:14.074,1.43826,1.43856,1.37,1.37
2016.05.31 18:20:14.198,1.43826,1.43856,1.50,1.00
2016.05.31 18:20:14.454,1.43829,1.4386,1.12,1.75
2016.05.31 18:20:14.661,1.43829,1.4386,1.00,1.75
2016.05.31 18:20:15.299,1.43829,1.4386,1.00,1.75
2016.05.31 18:20:15.493,1.43829,1.4386,1.00,1.75
2016.05.31 18:20:15.544,1.43829,1.4386,1.37,1.50
2016.05.31 18:20:15.747,1.43831,1.43862,1.87,1.12
2016.05.31 18:20:16.269,1.43831,1.43863,1.87,1.37
2016.05.31 18:20:20.515,1.43831,1.43863,1.50,1.87
2016.05.31 18:20:21.026,1.43831,1.4386,1.00,1.00
2016.05.31 18:20:21.333,1.43837,1.43868,1.12,1.12
2016.05.31 18:20:21.385,1.43837,1.43869,1.50,1.75
2016.05.31 18:20:21.717,1.43837,1.43869,1.50,1.75
2016.05.31 18:20:22.074,1.43838,1.43869,1.00,1.75
2016.05.31 18:20:22.603,1.43838,1.4387,1.00,1.12
2016.05.31 18:20:23.165,1.43838,1.43867,1.00,1.12
2016.05.31 18:20:23.778,1.43835,1.43867,1.87,1.37
2016.05.31 18:20:23.829,1.43834,1.43867,1.50,1.12
2016.05.31 18:20:24.363,1.43834,1.43867,1.50,1.12
2016.05.31 18:20:24.996,1.43834,1.43867,1.12,1.12
2016.05.31 18:20:25.801,1.43834,1.43865,1.00,1.37
2016.05.31 18:20:26.316,1.43834,1.43865,1.00,1.00
2016.05.31 18:20:27.124,1.43834,1.43866,1.37,1.37
2016.05.31 18:20:27.770,1.43834,1.43865,1.12,1.00
2016.05.31 18:20:27.879,1.43834,1.43867,1.37,1.12
2016.05.31 18:20:28.186,1.43847,1.43878,1.00,2.62
2016.05.31 18:20:28.288,1.43844,1.43876,1.75,1.00
2016.05.31 18:20:28.339,1.43848,1.4388,1.87,1.12
2016.05.31 18:20:28.776,1.43851,1.4388,1.87,1.00
2016.05.31 18:20:29.474,1.43851,1.43881,2.25,1.00
2016.05.31 18:20:29.713,1.43852,1.43884,1.00,1.37
2016.05.31 18:20:30.026,1.43851,1.43884,2.25,1.12
2016.05.31 18:20:30.554,1.43851,1.43883,1.87,1.12
2016.05.31 18:20:31.037,1.43851,1.43882,1.87,1.00
2016.05.31 18:20:31.395,1.43851,1.43883,1.87,1.00
2016.05.31 18:20:31.915,1.43851,1.43883,1.87,1.50
2016.05.31 18:20:32.226,1.43857,1.43888,1.37,2.25
2016.05.31 18:20:32.278,1.43859,1.4389,1.00,1.12
2016.05.31 18:20:32.634,1.43859,1.4389,1.50,1.00
2016.05.31 18:20:32.736,1.43859,1.43891,1.50,1.75
2016.05.31 18:20:33.274,1.43857,1.43891,2.25,1.75
2016.05.31 18:20:33.594,1.43854,1.43888,1.37,1.12
2016.05.31 18:20:33.645,1.43854,1.43888,1.12,1.75
2016.05.31 18:20:35.603,1.43853,1.43885,1.37,1.75
2016.05.31 18:20:36.144,1.43854,1.43883,1.00,1.00
2016.05.31 18:20:36.245,1.43854,1.43888,1.50,1.87
2016.05.31 18:20:36.348,1.43858,1.43888,1.37,1.00
2016.05.31 18:20:36.881,1.43859,1.43892,1.12,2.25
2016.05.31 18:20:37.189,1.43859,1.43892,1.00,2.25
2016.05.31 18:20:37.341,1.43859,1.43892,1.37,2.25
2016.05.31 18:20:37.847,1.43859,1.43892,1.50,2.25
2016.05.31 18:20:38.378,1.43859,1.43892,1.75,2.25
2016.05.31 18:20:39.031,1.4386,1.43891,1.00,1.00
2016.05.31 18:20:41.467,1.43859,1.43892,1.50,1.50
2016.05.31 18:20:42.039,1.43861,1.43893,1.37,1.00
2016.05.31 18:20:42.192,1.43864,1.43897,4.12,1.12
2016.05.31 18:20:42.410,1.43864,1.43896,1.87,1.37
2016.05.31 18:20:42.867,1.43864,1.43896,1.50,1.12
2016.05.31 18:20:43.377,1.43864,1.43894,2.25,1.00
2016.05.31 18:20:43.790,1.43864,1.43897,1.50,1.12
2016.05.31 18:20:44.448,1.43864,1.43893,1.50,1.00
2016.05.31 18:20:45.091,1.43863,1.43894,1.87,1.00
2016.05.31 18:20:45.600,1.43863,1.43894,1.75,1.37
2016.05.31 18:20:45.855,1.43866,1.43897,1.12,1.37
2016.05.31 18:20:46.008,1.43868,1.43898,1.00,1.00
2016.05.31 18:20:46.323,1.43871,1.43899,1.00,1.12
2016.05.31 18:20:46.628,1.43871,1.43896,1.00,1.75
2016.05.31 18:20:46.679,1.43868,1.43895,1.00,1.75
2016.05.31 18:20:46.731,1.43863,1.4389,1.00,1.12
2016.05.31 18:20:46.782,1.4386,1.4389,1.12,1.12
2016.05.31 18:20:46.885,1.4386,1.43889,1.00,1.75
2016.05.31 18:20:47.037,1.43857,1.43889,1.00,1.75
2016.05.31 18:20:47.585,1.43854,1.43883,1.50,1.00
2016.05.31 18:20:48.111,1.43856,1.43887,1.00,1.12
2016.05.31 18:20:49.378,1.43856,1.43884,1.50,1.00
2016.05.31 18:20:49.930,1.43856,1.43887,1.50,1.12
2016.05.31 18:20:50.436,1.43856,1.43887,1.50,1.12
2016.05.31 18:20:52.167,1.43856,1.43888,1.50,1.12
2016.05.31 18:20:52.323,1.43856,1.43886,1.50,1.00
2016.05.31 18:20:52.780,1.43861,1.43889,1.12,1.12
2016.05.31 18:20:52.832,1.43861,1.43892,1.12,1.87
2016.05.31 18:20:53.030,1.43862,1.43893,1.37,1.00
2016.05.31 18:20:53.374,1.43865,1.43895,1.00,1.00
2016.05.31 18:20:53.679,1.43865,1.43896,1.00,1.12
2016.05.31 18:20:54.321,1.43865,1.43894,1.00,1.00
2016.05.31 18:20:54.782,1.43865,1.43896,1.00,1.12
2016.05.31 18:20:55.289,1.43865,1.43896,1.12,1.37
2016.05.31 18:20:55.835,1.43865,1.43897,1.00,1.50
2016.05.31 18:20:56.080,1.43878,1.43897,1.37,1.37
2016.05.31 18:20:56.131,1.43878,1.43908,1.75,1.75
2016.05.31 18:20:56.234,1.43882,1.4391,1.00,1.00
2016.05.31 18:20:56.285,1.43882,1.4391,1.00,1.37
2016.05.31 18:20:56.438,1.43879,1.43905,1.00,1.00
2016.05.31 18:20:56.712,1.43879,1.43911,1.50,1.12
2016.05.31 18:20:56.763,1.43879,1.43915,2.25,2.25
2016.05.31 18:20:56.867,1.43879,1.43913,1.12,1.12
2016.05.31 18:20:57.034,1.43879,1.43913,1.50,1.12
2016.05.31 18:20:57.186,1.43877,1.43909,2.16,1.12
2016.05.31 18:20:57.701,1.43877,1.43909,1.00,1.12
2016.05.31 18:20:58.026,1.43877,1.43909,1.00,1.12
2016.05.31 18:20:58.128,1.43877,1.43904,1.00,1.00
2016.05.31 18:20:58.642,1.43877,1.43906,1.00,1.00
2016.05.31 18:20:59.041,1.43877,1.43909,1.00,1.12
2016.05.31 18:20:59.450,1.43877,1.43909,1.12,1.12
2016.05.31 18:20:59.992,1.43877,1.43908,1.50,1.00
2016.05.31 18:21:00.195,1.43877,1.43909,1.12,1.12
2016.05.31 18:21:00.716,1.43877,1.43905,1.00,1.00
2016.05.31 18:21:01.197,1.43877,1.4391,1.37,1.75
2016.05.31 18:21:01.248,1.43877,1.4391,1.75,1.37
2016.05.31 18:21:01.351,1.43882,1.43913,1.50,1.00
2016.05.31 18:21:01.453,1.43885,1.43916,1.00,1.00
2016.05.31 18:21:01.605,1.43884,1.43917,1.12,1.87
2016.05.31 18:21:01.910,1.43886,1.43917,1.75,1.75
2016.05.31 18:21:02.465,1.4389,1.43922,1.00,2.62
2016.05.31 18:21:02.767,1.43885,1.43918,1.00,1.12
2016.05.31 18:21:03.224,1.43883,1.43918,1.00,1.87
2016.05.31 18:21:03.509,1.43885,1.43918,1.00,1.12
2016.05.31 18:21:03.662,1.43886,1.43919,1.00,2.25
2016.05.31 18:21:03.713,1.43885,1.43919,1.75,2.25
2016.05.31 18:21:04.069,1.43885,1.43917,1.00,1.75
2016.05.31 18:21:04.374,1.43874,1.43902,1.00,1.12
2016.05.31 18:21:04.541,1.43872,1.43901,1.41,1.12
2016.05.31 18:21:04.592,1.43871,1.43898,1.00,1.12
2016.05.31 18:21:04.694,1.43867,1.43898,1.12,1.12
2016.05.31 18:21:05.203,1.43866,1.43898,1.12,1.12
2016.05.31 18:21:05.254,1.43867,1.43898,1.37,1.12
2016.05.31 18:21:05.407,1.4387,1.43903,1.37,1.50
2016.05.31 18:21:05.459,1.4387,1.43903,1.00,1.75
2016.05.31 18:21:05.612,1.43865,1.43895,1.50,1.00
2016.05.31 18:21:06.060,1.43865,1.43896,1.00,1.12
2016.05.31 18:21:06.815,1.43862,1.43896,1.87,1.87
2016.05.31 18:21:07.453,1.43862,1.43895,1.87,1.87
2016.05.31 18:21:07.605,1.43862,1.43896,1.87,1.87
2016.05.31 18:21:07.758,1.43864,1.43896,1.00,1.87
2016.05.31 18:21:07.961,1.43862,1.43895,1.87,1.00
2016.05.31 18:21:08.063,1.43862,1.43896,1.87,1.87
2016.05.31 18:21:08.578,1.43868,1.43899,1.00,2.25
2016.05.31 18:21:09.148,1.43866,1.43898,1.00,1.12
2016.05.31 18:21:09.675,1.43864,1.43896,1.75,1.00
2016.05.31 18:21:10.083,1.43866,1.439,1.37,1.87
2016.05.31 18:21:10.265,1.43866,1.43899,1.37,1.00
2016.05.31 18:21:11.572,1.43866,1.439,1.37,1.87
2016.05.31 18:21:12.080,1.43866,1.43899,1.00,2.25
2016.05.31 18:21:12.334,1.43866,1.43899,1.00,2.25
2016.05.31 18:21:13.066,1.43866,1.43897,1.37,1.00
2016.05.31 18:21:13.321,1.43871,1.43902,1.00,1.75
2016.05.31 18:21:13.474,1.43872,1.43904,1.12,1.87
2016.05.31 18:21:13.526,1.43873,1.43904,1.37,1.50
2016.05.31 18:21:13.678,1.43873,1.43904,1.50,1.00
2016.05.31 18:21:14.217,1.43873,1.43905,1.87,1.37
2016.05.31 18:21:14.718,1.43873,1.43905,1.50,1.12
2016.05.31 18:21:15.248,1.43872,1.43905,1.12,1.12
2016.05.31 18:21:16.116,1.43871,1.43905,3.00,1.12
2016.05.31 18:21:16.573,1.43872,1.43905,2.25,1.12
2016.05.31 18:21:16.675,1.43872,1.43904,2.25,1.00
2016.05.31 18:21:17.214,1.43874,1.43905,1.00,1.12
2016.05.31 18:21:17.524,1.43878,1.43906,1.50,1.00
2016.05.31 18:21:17.576,1.43878,1.4391,1.50,1.12
2016.05.31 18:21:17.678,1.43878,1.4391,1.00,1.50
2016.05.31 18:21:18.258,1.43878,1.4391,1.00,1.87
2016.05.31 18:21:23.811,1.43876,1.4391,1.50,1.87
2016.05.31 18:21:25.035,1.43877,1.43909,1.37,1.00
2016.05.31 18:21:25.565,1.43879,1.43909,1.00,1.00
2016.05.31 18:21:26.119,1.43879,1.43909,1.50,1.00
2016.05.31 18:21:26.627,1.43879,1.43911,1.50,1.12
2016.05.31 18:21:27.902,1.43879,1.4391,1.50,1.00
2016.05.31 18:21:28.404,1.43883,1.43916,1.75,1.75
2016.05.31 18:21:28.456,1.43884,1.43917,1.75,1.12
2016.05.31 18:21:28.507,1.43884,1.43917,1.75,1.50
2016.05.31 18:21:28.885,1.4389,1.4392,1.00,1.00
2016.05.31 18:21:29.408,1.43889,1.43921,1.50,1.12
2016.05.31 18:21:30.942,1.43889,1.43921,1.50,1.37
2016.05.31 18:21:31.453,1.4389,1.43921,1.00,1.12
2016.05.31 18:21:31.922,1.43905,1.43923,1.50,1.37
2016.05.31 18:21:31.973,1.43906,1.43936,1.00,1.50
2016.05.31 18:21:32.233,1.43906,1.43938,1.12,1.12
2016.05.31 18:21:32.539,1.43901,1.43929,1.50,1.00
2016.05.31 18:21:32.641,1.43902,1.43934,1.12,1.12
2016.05.31 18:21:32.794,1.43898,1.43927,2.25,1.00
2016.05.31 18:21:33.318,1.43898,1.4393,1.87,1.75
2016.05.31 18:21:33.965,1.43898,1.4393,1.12,1.75
2016.05.31 18:21:34.236,1.43898,1.4393,1.50,1.75
2016.05.31 18:21:34.778,1.43898,1.43929,1.50,1.00
2016.05.31 18:21:35.134,1.43898,1.4393,1.00,1.75
2016.05.31 18:21:35.720,1.43898,1.4393,1.00,1.75
2016.05.31 18:21:36.080,1.43902,1.4393,1.00,1.50
2016.05.31 18:21:36.537,1.43902,1.4393,1.00,1.50
2016.05.31 18:21:38.257,1.43902,1.4393,1.00,1.50
2016.05.31 18:21:40.160,1.43902,1.4393,1.00,1.87
2016.05.31 18:21:40.689,1.43902,1.4393,1.00,1.87
2016.05.31 18:21:42.343,1.43902,1.4393,1.00,1.12
2016.05.31 18:21:44.064,1.43902,1.43934,1.12,1.87
2016.05.31 18:21:44.572,1.43902,1.43933,1.87,1.87
2016.05.31 18:21:44.910,1.43902,1.43933,1.12,1.12
2016.05.31 18:21:45.216,1.43909,1.43934,1.00,1.87
2016.05.31 18:21:45.319,1.43911,1.43938,1.50,1.37
2016.05.31 18:21:45.370,1.43911,1.43938,2.25,1.50
2016.05.31 18:21:45.474,1.43912,1.43943,1.00,1.12
2016.05.31 18:21:45.998,1.43911,1.43943,1.87,1.37
2016.05.31 18:21:46.405,1.43913,1.43943,1.00,1.12
2016.05.31 18:21:46.965,1.43911,1.43943,1.87,1.12
2016.05.31 18:21:47.555,1.43915,1.43943,1.00,1.50
2016.05.31 18:21:47.708,1.43916,1.43949,1.12,1.50
2016.05.31 18:21:47.759,1.43917,1.43949,1.75,1.12
2016.05.31 18:21:47.811,1.43917,1.43949,1.75,1.00
2016.05.31 18:21:47.913,1.43921,1.43949,1.50,1.00
2016.05.31 18:21:48.015,1.43921,1.43954,1.00,3.00
2016.05.31 18:21:48.547,1.43921,1.43953,1.50,1.50
2016.05.31 18:21:49.216,1.43921,1.43953,1.87,1.50
2016.05.31 18:21:49.318,1.43921,1.43954,2.25,1.12
2016.05.31 18:21:49.523,1.43923,1.43959,1.12,2.25
2016.05.31 18:21:49.672,1.43925,1.43959,1.12,1.87
2016.05.31 18:21:50.182,1.43925,1.43959,1.12,1.87
2016.05.31 18:21:50.437,1.43925,1.43959,1.75,1.12
2016.05.31 18:21:50.940,1.43921,1.43953,1.00,1.12
2016.05.31 18:21:51.398,1.43921,1.43953,1.00,1.12
2016.05.31 18:21:51.929,1.43919,1.43953,1.50,1.12
2016.05.31 18:21:52.642,1.43919,1.43949,1.37,1.00
2016.05.31 18:21:54.423,1.4392,1.43953,1.00,1.12
2016.05.31 18:21:54.728,1.4393,1.43959,1.00,1.50
2016.05.31 18:21:55.237,1.4393,1.43961,1.50,2.25
2016.05.31 18:21:55.516,1.4393,1.43961,1.50,1.00
2016.05.31 18:21:55.770,1.43931,1.43963,1.50,1.00
2016.05.31 18:21:56.247,1.43931,1.43964,1.75,2.62
2016.05.31 18:21:56.748,1.43931,1.43964,1.75,2.62
2016.05.31 18:21:57.959,1.4393,1.43964,2.25,2.25
2016.05.31 18:21:58.608,1.4393,1.43964,2.25,1.12
2016.05.31 18:21:58.914,1.4394,1.43966,1.00,1.00
2016.05.31 18:21:58.965,1.4394,1.43971,1.00,1.75
2016.05.31 18:21:59.450,1.4394,1.4397,1.00,1.12
2016.05.31 18:21:59.806,1.43935,1.43964,1.00,1.00
2016.05.31 18:22:00.586,1.43932,1.43957,1.00,1.00
2016.05.31 18:22:00.891,1.43921,1.43953,1.12,1.12
2016.05.31 18:22:01.348,1.43919,1.43953,1.37,1.12
2016.05.31 18:22:01.880,1.43918,1.43953,1.12,1.12
2016.05.31 18:22:02.567,1.4392,1.43953,1.37,1.75
2016.05.31 18:22:03.070,1.4392,1.43953,1.37,1.75
2016.05.31 18:22:03.716,1.43921,1.43953,1.12,1.75
2016.05.31 18:22:04.229,1.43921,1.43953,1.12,1.75
2016.05.31 18:22:04.578,1.43921,1.43952,1.50,1.00
2016.05.31 18:22:04.784,1.4393,1.43959,1.00,1.00
2016.05.31 18:22:05.038,1.43928,1.43962,2.62,1.87
2016.05.31 18:22:05.294,1.43928,1.43962,1.75,2.62
2016.05.31 18:22:05.929,1.43931,1.43961,1.00,1.00
2016.05.31 18:22:06.031,1.43931,1.43962,1.12,1.12
2016.05.31 18:22:06.540,1.43933,1.43961,1.75,1.00
2016.05.31 18:22:07.258,1.43933,1.43962,1.75,1.75
2016.05.31 18:22:10.147,1.43933,1.43964,1.75,1.12
2016.05.31 18:22:10.249,1.4393,1.4396,1.75,1.12
2016.05.31 18:22:10.351,1.4393,1.4396,1.75,1.12
2016.05.31 18:22:11.180,1.4393,1.4396,1.75,1.37
2016.05.31 18:22:11.794,1.4393,1.4396,1.75,1.12
2016.05.31 18:22:12.115,1.4393,1.43962,1.75,1.12
2016.05.31 18:22:12.620,1.43928,1.43962,1.12,1.12
2016.05.31 18:22:13.225,1.43928,1.43962,1.12,1.12
2016.05.31 18:22:13.621,1.43929,1.43961,1.12,1.37
2016.05.31 18:22:14.257,1.43929,1.43961,1.12,1.37
2016.05.31 18:22:14.359,1.4393,1.43961,1.12,1.12
2016.05.31 18:22:14.766,1.4393,1.43963,1.75,1.12
2016.05.31 18:22:15.696,1.43935,1.43965,1.12,1.12
2016.05.31 18:22:15.848,1.43938,1.4397,1.87,1.00
2016.05.31 18:22:15.900,1.43938,1.43971,1.87,1.00
2016.05.31 18:22:16.244,1.43942,1.43971,1.87,1.00
2016.05.31 18:22:16.550,1.4393,1.43965,1.87,1.12
2016.05.31 18:22:16.602,1.4393,1.43959,1.87,1.00
2016.05.31 18:22:16.909,1.43929,1.4396,1.00,1.12
2016.05.31 18:22:17.011,1.43926,1.43961,1.37,1.87
2016.05.31 18:22:17.062,1.43931,1.43961,1.00,1.87
2016.05.31 18:22:17.383,1.43931,1.43965,1.50,1.87
2016.05.31 18:22:18.160,1.43931,1.43963,1.50,1.00
2016.05.31 18:22:18.211,1.43931,1.43963,1.50,1.00
2016.05.31 18:22:18.717,1.43931,1.43962,1.00,1.00
2016.05.31 18:22:19.024,1.43931,1.43963,1.00,1.12
2016.05.31 18:22:19.331,1.43931,1.43963,1.00,1.87
2016.05.31 18:22:21.107,1.43931,1.43961,1.00,1.12
2016.05.31 18:22:21.209,1.43931,1.43957,1.00,1.00
2016.05.31 18:22:22.721,1.43931,1.43961,1.00,1.75
2016.05.31 18:22:22.874,1.43927,1.43961,1.50,2.25
2016.05.31 18:22:23.398,1.43927,1.43961,1.37,2.25
2016.05.31 18:22:23.552,1.43929,1.43961,1.37,1.87
2016.05.31 18:22:23.856,1.43929,1.43961,1.00,2.25
2016.05.31 18:22:25.044,1.43927,1.4396,1.12,1.12
2016.05.31 18:22:25.552,1.43927,1.43956,1.50,1.00
2016.05.31 18:22:26.030,1.43927,1.43961,1.50,2.25
2016.05.31 18:22:26.897,1.43927,1.43961,1.50,2.25
2016.05.31 18:22:27.518,1.43927,1.43959,1.00,1.12
2016.05.31 18:22:27.750,1.43927,1.43952,1.50,1.00
2016.05.31 18:22:28.625,1.43927,1.43958,1.50,1.12
2016.05.31 18:22:29.135,1.43927,1.43958,1.00,1.12
2016.05.31 18:22:30.771,1.43931,1.43959,1.00,1.12
2016.05.31 18:22:30.823,1.43934,1.43961,1.37,1.00
2016.05.31 18:22:30.975,1.43937,1.43961,1.75,1.00
2016.05.31 18:22:31.077,1.43937,1.43966,1.75,1.12
2016.05.31 18:22:31.129,1.43937,1.43963,1.75,1.37
2016.05.31 18:22:31.383,1.43934,1.43961,1.50,1.00
2016.05.31 18:22:31.536,1.43934,1.43963,1.50,1.12
2016.05.31 18:22:35.384,1.43936,1.43966,3.37,1.37
2016.05.31 18:22:35.566,1.43944,1.43972,1.12,1.37
2016.05.31 18:22:35.618,1.43946,1.43972,1.00,1.00
2016.05.31 18:22:35.776,1.43946,1.43978,1.87,1.12
2016.05.31 18:22:35.827,1.43946,1.43979,2.25,1.12
2016.05.31 18:22:36.235,1.43946,1.43979,1.75,1.12
2016.05.31 18:22:36.389,1.43944,1.43971,1.00,1.37
2016.05.31 18:22:36.914,1.43944,1.43971,1.00,1.12
2016.05.31 18:22:37.436,1.43944,1.43971,1.00,1.12
2016.05.31 18:22:37.539,1.4394,1.4397,1.12,1.12
2016.05.31 18:22:37.742,1.4394,1.43965,1.00,1.00
2016.05.31 18:22:38.488,1.43937,1.43965,1.00,1.00
2016.05.31 18:22:38.997,1.43937,1.43966,1.00,1.00
2016.05.31 18:22:39.505,1.43937,1.43968,1.00,1.75
2016.05.31 18:22:39.721,1.43937,1.43963,1.00,1.12
2016.05.31 18:22:41.128,1.43937,1.43969,1.50,1.12
2016.05.31 18:22:41.638,1.43937,1.43967,1.37,1.00
2016.05.31 18:22:42.154,1.43937,1.43969,1.50,1.12
2016.05.31 18:22:42.566,1.43938,1.43971,1.12,1.12
2016.05.31 18:22:42.668,1.43941,1.43973,1.50,2.25
2016.05.31 18:22:42.973,1.43941,1.43975,1.75,1.87
2016.05.31 18:22:43.126,1.43941,1.43973,1.00,1.75
2016.05.31 18:22:43.177,1.43941,1.43973,1.00,1.75
2016.05.31 18:22:43.228,1.43939,1.43972,1.00,1.75
2016.05.31 18:22:43.592,1.43939,1.43968,1.00,1.00
2016.05.31 18:22:43.810,1.43939,1.43971,1.00,1.12
2016.05.31 18:22:44.508,1.43939,1.43971,1.00,1.12
2016.05.31 18:22:45.184,1.43938,1.43971,1.37,1.75
2016.05.31 18:22:45.489,1.43935,1.43963,1.37,1.00
2016.05.31 18:22:46.312,1.43931,1.43962,1.87,1.00
2016.05.31 18:22:46.534,1.43928,1.43961,1.75,1.75
2016.05.31 18:22:46.585,1.43928,1.43961,1.37,1.87
2016.05.31 18:22:46.637,1.43928,1.43961,1.00,2.25
2016.05.31 18:22:46.688,1.43928,1.43961,1.00,2.25
2016.05.31 18:22:47.120,1.43928,1.43956,1.00,1.00
2016.05.31 18:22:47.222,1.43928,1.43961,1.00,1.75
2016.05.31 18:22:47.770,1.43928,1.43961,1.00,1.87
2016.05.31 18:22:47.998,1.43928,1.43961,1.00,1.87
2016.05.31 18:22:48.252,1.43924,1.43954,1.00,1.12
2016.05.31 18:22:48.762,1.43924,1.43954,1.00,1.37
2016.05.31 18:22:50.000,1.43924,1.43953,1.00,1.37
2016.05.31 18:22:50.532,1.43924,1.43953,1.00,1.37
2016.05.31 18:22:52.129,1.43924,1.43951,1.00,1.00
2016.05.31 18:22:52.835,1.43924,1.43951,1.00,1.37
2016.05.31 18:22:53.039,1.43924,1.43951,1.00,1.12
2016.05.31 18:22:53.142,1.43921,1.43951,1.00,1.50
2016.05.31 18:22:53.193,1.43918,1.43951,1.12,2.25
2016.05.31 18:22:53.295,1.43918,1.43946,1.12,1.37
2016.05.31 18:22:53.710,1.43916,1.43944,1.00,1.00
2016.05.31 18:22:54.239,1.43916,1.43944,1.00,1.37
2016.05.31 18:22:54.789,1.43916,1.43945,1.50,1.00
2016.05.31 18:22:55.367,1.43916,1.43948,1.12,1.12
2016.05.31 18:22:55.698,1.43916,1.43948,1.12,1.37
2016.05.31 18:22:55.955,1.43919,1.43948,1.00,1.00
2016.05.31 18:22:56.294,1.43916,1.43946,2.25,1.00
2016.05.31 18:22:58.009,1.43916,1.43948,2.25,1.37
2016.05.31 18:22:58.530,1.43916,1.4395,2.62,1.87
2016.05.31 18:22:59.056,1.43916,1.43945,1.87,1.00
2016.05.31 18:22:59.565,1.43916,1.43947,1.87,1.12
2016.05.31 18:23:00.648,1.43916,1.43947,1.50,1.37
2016.05.31 18:23:01.159,1.43916,1.43947,1.87,1.00
2016.05.31 18:23:01.482,1.43921,1.43947,1.00,1.00
2016.05.31 18:23:01.878,1.43917,1.43947,1.00,1.00
2016.05.31 18:23:02.389,1.43916,1.43949,2.25,1.12
2016.05.31 18:23:02.694,1.43926,1.43957,2.25,1.37
2016.05.31 18:23:02.847,1.43931,1.4396,1.00,1.12
2016.05.31 18:23:03.595,1.43931,1.4396,1.00,1.12
2016.05.31 18:23:03.799,1.43931,1.43961,1.12,1.50
2016.05.31 18:23:03.851,1.43931,1.43961,1.50,1.12
2016.05.31 18:23:03.953,1.43931,1.43965,1.50,1.75
2016.05.31 18:23:04.556,1.43934,1.43966,1.00,1.87
2016.05.31 18:23:05.485,1.43934,1.43966,1.00,1.12
2016.05.31 18:23:05.536,1.43931,1.43966,1.00,1.87
2016.05.31 18:23:05.588,1.4393,1.43966,1.50,1.87
2016.05.31 18:23:05.690,1.43929,1.43959,1.00,1.12
2016.05.31 18:23:06.261,1.43928,1.43959,1.00,1.12
2016.05.31 18:23:06.583,1.43928,1.43959,1.00,1.12
2016.05.31 18:23:07.036,1.43928,1.43959,1.00,1.12
2016.05.31 18:23:07.138,1.4393,1.43959,1.00,1.12
2016.05.31 18:23:07.314,1.43928,1.43959,1.00,1.12
2016.05.31 18:23:07.518,1.4393,1.43959,1.00,1.75
2016.05.31 18:23:07.721,1.43928,1.43959,1.00,1.75
2016.05.31 18:23:07.772,1.43928,1.43959,1.00,1.75
2016.05.31 18:23:08.672,1.43926,1.43955,1.00,1.12
2016.05.31 18:23:08.825,1.43921,1.43955,1.50,1.12
2016.05.31 18:23:09.340,1.43921,1.43951,1.37,1.75
2016.05.31 18:23:09.494,1.4392,1.43951,2.62,1.50
2016.05.31 18:23:09.966,1.4392,1.43951,1.50,1.50
2016.05.31 18:23:11.210,1.4392,1.43951,1.87,1.50
2016.05.31 18:23:11.312,1.43926,1.43951,1.00,1.50
2016.05.31 18:23:12.611,1.43926,1.43951,1.00,1.50
2016.05.31 18:23:13.005,1.43921,1.43951,1.00,1.37
2016.05.31 18:23:13.544,1.4392,1.43951,1.50,1.75
2016.05.31 18:23:15.505,1.43921,1.43951,1.00,1.37
2016.05.31 18:23:17.314,1.43921,1.43951,1.00,2.25
2016.05.31 18:23:17.416,1.43919,1.43947,1.00,1.12
2016.05.31 18:23:17.531,1.43916,1.43947,1.00,1.12
2016.05.31 18:23:17.735,1.43916,1.43943,1.00,1.12
2016.05.31 18:23:18.296,1.43915,1.43942,1.00,1.00
2016.05.31 18:23:25.641,1.43914,1.43943,1.00,1.12
2016.05.31 18:23:25.693,1.43912,1.43943,1.00,1.12
2016.05.31 18:23:25.745,1.43912,1.43944,1.37,1.75
2016.05.31 18:23:25.797,1.43912,1.43944,1.37,1.50
2016.05.31 18:23:25.848,1.43912,1.43943,1.37,1.00
2016.05.31 18:23:25.951,1.43912,1.43943,1.50,1.12
2016.05.31 18:23:26.492,1.43912,1.43943,1.50,1.37
2016.05.31 18:23:27.860,1.43912,1.43943,1.50,1.12
2016.05.31 18:23:29.266,1.43912,1.43943,1.12,1.12
2016.05.31 18:23:29.982,1.43912,1.43944,1.50,1.37
2016.05.31 18:23:30.568,1.43912,1.43943,1.00,1.37
2016.05.31 18:23:31.098,1.43912,1.43943,1.00,1.00
2016.05.31 18:23:34.571,1.43912,1.43944,1.00,1.75
2016.05.31 18:23:36.473,1.43912,1.43943,1.00,1.37
2016.05.31 18:23:37.568,1.43912,1.43941,1.00,1.00
2016.05.31 18:23:43.610,1.43912,1.43941,1.00,1.37
2016.05.31 18:23:46.209,1.43912,1.43941,1.00,1.87
2016.05.31 18:23:46.514,1.43912,1.4394,1.00,1.12
2016.05.31 18:23:46.616,1.43909,1.4394,1.00,1.12
2016.05.31 18:23:47.500,1.43909,1.43938,1.00,1.00
2016.05.31 18:23:48.741,1.43909,1.43938,1.00,1.37
2016.05.31 18:23:50.372,1.43909,1.43938,1.00,1.12
2016.05.31 18:23:52.190,1.43909,1.43939,1.00,1.37
2016.05.31 18:23:53.392,1.43909,1.43939,1.00,1.12
2016.05.31 18:23:54.601,1.43909,1.43939,1.00,1.00
2016.05.31 18:23:54.703,1.43909,1.4394,1.00,1.75
2016.05.31 18:23:59.412,1.43909,1.4394,1.00,1.75
2016.05.31 18:24:00.668,1.43909,1.4394,1.00,1.75
2016.05.31 18:24:01.246,1.43909,1.4394,1.00,1.75
2016.05.31 18:24:01.806,1.43909,1.43939,1.00,1.12
2016.05.31 18:24:01.858,1.43905,1.43932,1.37,1.37
2016.05.31 18:24:01.909,1.43901,1.43932,1.00,1.37
2016.05.31 18:24:02.443,1.439,1.43928,1.00,1.12
2016.05.31 18:24:02.978,1.439,1.43928,1.00,1.12
2016.05.31 18:24:03.528,1.43899,1.43928,1.00,1.12
2016.05.31 18:24:04.049,1.43899,1.43928,1.00,1.12
2016.05.31 18:24:04.626,1.43901,1.43927,1.00,1.12
2016.05.31 18:24:04.975,1.43901,1.43926,1.00,1.12
2016.05.31 18:24:05.452,1.43899,1.43926,1.00,1.12
2016.05.31 18:24:05.984,1.43899,1.43928,1.00,1.12
2016.05.31 18:24:06.513,1.43899,1.43928,1.00,1.12
2016.05.31 18:24:10.262,1.43899,1.43929,1.00,1.75
2016.05.31 18:24:11.341,1.43899,1.43929,1.00,1.75
2016.05.31 18:24:11.392,1.43894,1.43928,1.00,1.75
2016.05.31 18:24:11.444,1.43893,1.43928,1.50,1.75
2016.05.31 18:24:11.751,1.43891,1.43916,1.00,1.12
2016.05.31 18:24:11.802,1.43887,1.43916,1.00,1.12
2016.05.31 18:24:11.955,1.43887,1.43916,1.00,1.37
2016.05.31 18:24:12.057,1.43884,1.43911,1.00,1.00
2016.05.31 18:24:12.423,1.43884,1.43913,1.50,1.12
2016.05.31 18:24:12.486,1.43889,1.43913,1.00,1.00
2016.05.31 18:24:12.588,1.43889,1.43917,1.00,1.00
2016.05.31 18:24:12.740,1.43891,1.43919,1.00,1.50
2016.05.31 18:24:12.944,1.43889,1.4392,1.50,1.50
2016.05.31 18:24:13.147,1.43891,1.43919,1.00,1.12
2016.05.31 18:24:13.249,1.43889,1.43919,1.50,1.12
2016.05.31 18:24:14.032,1.43889,1.43919,1.50,1.12
2016.05.31 18:24:14.548,1.43889,1.43919,1.50,1.12
2016.05.31 18:24:14.913,1.43889,1.43919,1.00,1.12
2016.05.31 18:24:16.250,1.43889,1.43913,1.00,1.00
2016.05.31 18:24:16.938,1.43889,1.43914,1.00,1.00
2016.05.31 18:24:18.456,1.43889,1.43918,1.00,1.12
2016.05.31 18:24:19.076,1.43889,1.43918,1.00,1.12
2016.05.31 18:24:19.620,1.43889,1.43917,1.00,1.00
2016.05.31 18:24:22.581,1.43889,1.43919,1.00,1.37
2016.05.31 18:24:22.886,1.43889,1.43919,1.00,1.75
2016.05.31 18:24:23.330,1.43886,1.43918,1.00,1.12
2016.05.31 18:24:23.879,1.43886,1.43918,1.00,1.12
2016.05.31 18:24:24.389,1.43889,1.43919,1.00,1.12
2016.05.31 18:24:24.920,1.43889,1.43916,1.50,1.12
2016.05.31 18:24:25.073,1.43886,1.43914,1.12,1.12
2016.05.31 18:24:25.379,1.43886,1.43914,1.12,1.37
2016.05.31 18:24:25.962,1.43886,1.43915,1.12,1.12
2016.05.31 18:24:26.491,1.43886,1.43915,1.12,1.12
2016.05.31 18:24:26.796,1.43882,1.4391,1.00,1.12
2016.05.31 18:24:28.734,1.43882,1.43911,1.00,1.12
2016.05.31 18:24:30.279,1.43882,1.4391,1.00,1.00
2016.05.31 18:24:32.304,1.43882,1.43913,1.00,1.87
2016.05.31 18:24:34.604,1.43882,1.43913,1.00,1.87
2016.05.31 18:24:34.656,1.43887,1.43913,1.00,1.87
2016.05.31 18:24:34.707,1.43887,1.43913,1.00,1.12
2016.05.31 18:24:34.809,1.43891,1.43913,1.00,1.00
2016.05.31 18:24:35.508,1.43891,1.43914,1.00,1.00
2016.05.31 18:24:35.762,1.43891,1.43916,1.00,1.12
2016.05.31 18:24:37.424,1.43891,1.43919,1.00,1.75
2016.05.31 18:24:40.120,1.43891,1.43915,1.00,1.00
2016.05.31 18:24:40.476,1.43891,1.43918,1.00,1.37
2016.05.31 18:24:41.877,1.43891,1.43918,1.00,1.12
2016.05.31 18:24:42.086,1.43888,1.43918,1.12,1.12
2016.05.31 18:24:42.393,1.43888,1.43916,1.00,1.12
2016.05.31 18:24:42.951,1.43888,1.43914,1.00,1.12
2016.05.31 18:24:44.090,1.43888,1.43913,1.00,1.12
2016.05.31 18:24:45.153,1.43888,1.43913,1.00,1.12
2016.05.31 18:24:45.357,1.43888,1.43913,1.00,1.12
2016.05.31 18:24:45.925,1.43888,1.43914,1.00,1.12
2016.05.31 18:24:46.897,1.43888,1.43913,1.00,1.12
2016.05.31 18:24:47.399,1.43888,1.43913,1.00,1.37
2016.05.31 18:24:47.908,1.43888,1.43914,1.00,1.37
2016.05.31 18:24:48.504,1.43888,1.43912,1.00,1.00
2016.05.31 18:24:51.018,1.43888,1.43915,1.00,1.37
2016.05.31 18:24:51.566,1.43889,1.43916,1.00,1.50
2016.05.31 18:24:52.323,1.43889,1.43918,1.00,1.75
2016.05.31 18:24:55.100,1.43889,1.43916,1.00,1.37
2016.05.31 18:24:55.717,1.43887,1.43916,1.00,1.12
2016.05.31 18:24:56.022,1.43887,1.43916,1.00,1.12
2016.05.31 18:24:56.124,1.43887,1.43916,1.00,1.12
2016.05.31 18:25:00.735,1.43887,1.43915,1.00,1.12
2016.05.31 18:25:01.837,1.43887,1.4391,1.00,1.75
2016.05.31 18:25:01.888,1.43884,1.4391,1.00,1.75
2016.05.31 18:25:01.939,1.43884,1.43909,1.00,1.00
2016.05.31 18:25:02.144,1.43884,1.43909,1.00,1.12
2016.05.31 18:25:02.297,1.4388,1.43908,1.00,1.00
2016.05.31 18:25:02.399,1.4388,1.43909,1.00,1.37
2016.05.31 18:25:02.663,1.4388,1.43909,1.00,1.12
2016.05.31 18:25:04.803,1.4388,1.43909,1.00,1.12
2016.05.31 18:25:06.130,1.4388,1.43909,1.00,1.12
2016.05.31 18:25:06.232,1.4388,1.43908,1.00,1.00
2016.05.31 18:25:06.742,1.4388,1.43913,1.75,1.12
2016.05.31 18:25:07.475,1.43881,1.43914,1.12,1.87
2016.05.31 18:25:07.700,1.4388,1.43913,1.37,1.12
2016.05.31 18:25:08.035,1.4388,1.43913,1.00,1.12
2016.05.31 18:25:09.832,1.4388,1.43913,1.00,1.12
2016.05.31 18:25:10.362,1.4388,1.43906,1.00,1.37
2016.05.31 18:25:10.624,1.43876,1.43906,1.37,1.12
2016.05.31 18:25:10.675,1.43876,1.43906,1.00,1.12
2016.05.31 18:25:10.727,1.43876,1.43906,1.00,1.12
2016.05.31 18:25:11.272,1.43876,1.43906,1.00,1.12
2016.05.31 18:25:11.785,1.43876,1.43904,1.00,1.12
2016.05.31 18:25:12.092,1.43873,1.43899,1.00,1.00
2016.05.31 18:25:12.349,1.43871,1.43903,1.00,1.12
2016.05.31 18:25:12.892,1.4387,1.439,1.50,1.12
2016.05.31 18:25:13.401,1.4387,1.43901,1.50,1.75
2016.05.31 18:25:16.042,1.4387,1.43902,2.25,1.12
2016.05.31 18:25:16.347,1.43875,1.43903,1.00,1.87
2016.05.31 18:25:16.855,1.43876,1.43902,1.00,1.00
2016.05.31 18:25:18.750,1.43875,1.43904,1.87,1.12
2016.05.31 18:25:19.969,1.43876,1.43904,1.00,1.12
2016.05.31 18:25:20.531,1.43875,1.43904,1.87,1.12
2016.05.31 18:25:20.583,1.43875,1.43904,1.87,1.00
2016.05.31 18:25:22.813,1.43875,1.43905,1.87,1.12
2016.05.31 18:25:23.019,1.43875,1.43905,1.87,1.00
2016.05.31 18:25:23.529,1.43876,1.43905,1.00,1.00
2016.05.31 18:25:23.805,1.43881,1.43905,1.00,1.12
2016.05.31 18:25:23.958,1.43881,1.43904,1.00,1.00
2016.05.31 18:25:24.066,1.43877,1.43904,1.00,1.37
2016.05.31 18:25:24.626,1.43877,1.43904,1.00,1.12
2016.05.31 18:25:25.190,1.43876,1.43903,1.00,1.12
2016.05.31 18:25:26.024,1.43876,1.43903,1.00,1.37
2016.05.31 18:25:27.794,1.43876,1.43903,1.00,1.50
2016.05.31 18:25:28.667,1.43876,1.43903,1.00,1.12
2016.05.31 18:25:28.769,1.43873,1.43903,1.00,1.00
2016.05.31 18:25:28.871,1.43873,1.43903,1.00,1.12
2016.05.31 18:25:29.385,1.43873,1.43903,1.00,1.12
2016.05.31 18:25:29.883,1.43873,1.43903,1.00,1.12
2016.05.31 18:25:30.392,1.43873,1.43901,1.00,1.87
2016.05.31 18:25:50.691,1.43873,1.439,1.00,1.12
2016.05.31 18:25:50.997,1.43876,1.439,1.00,1.12
2016.05.31 18:25:51.769,1.43876,1.43904,1.00,1.87
2016.05.31 18:25:53.070,1.43876,1.43905,1.50,1.12
2016.05.31 18:25:54.194,1.43876,1.43905,1.00,1.12
2016.05.31 18:25:57.100,1.43876,1.43906,1.00,2.25
2016.05.31 18:25:58.159,1.4388,1.43906,1.00,1.37
2016.05.31 18:25:58.415,1.43879,1.43907,1.00,1.00
2016.05.31 18:25:58.967,1.43881,1.43907,1.00,1.00
2016.05.31 18:26:00.117,1.43881,1.43908,1.00,1.12
2016.05.31 18:26:00.738,1.43884,1.43908,1.00,1.50
2016.05.31 18:26:01.271,1.43884,1.43908,1.00,1.37
2016.05.31 18:26:02.760,1.43884,1.43908,1.00,1.12
2016.05.31 18:26:03.324,1.43884,1.43907,1.00,1.12
2016.05.31 18:26:03.857,1.43884,1.43908,1.00,1.12
2016.05.31 18:26:05.735,1.43884,1.43907,1.00,1.12
2016.05.31 18:26:05.787,1.43878,1.43907,1.50,1.12
2016.05.31 18:26:06.295,1.43878,1.43904,1.00,1.00
2016.05.31 18:26:06.890,1.43878,1.43904,1.00,1.50
2016.05.31 18:26:08.315,1.43878,1.43903,1.00,1.37
2016.05.31 18:26:08.815,1.43878,1.43906,1.00,1.12
2016.05.31 18:26:08.866,1.43878,1.43906,1.00,1.12
2016.05.31 18:26:09.172,1.43875,1.43897,1.00,1.37
2016.05.31 18:26:09.224,1.43872,1.43897,1.00,1.37
2016.05.31 18:26:09.377,1.43872,1.43893,1.00,1.00
2016.05.31 18:26:09.484,1.43867,1.43891,1.00,1.12
2016.05.31 18:26:10.502,1.43864,1.43891,1.00,1.75
2016.05.31 18:26:10.604,1.43864,1.43893,1.00,1.12
2016.05.31 18:26:12.060,1.43864,1.43893,1.00,1.12
2016.05.31 18:26:12.663,1.43864,1.43893,1.00,1.12
2016.05.31 18:26:13.041,1.43864,1.43893,1.00,1.37
2016.05.31 18:26:13.579,1.43864,1.4389,1.00,1.37
2016.05.31 18:26:14.868,1.43864,1.43889,1.00,1.37
2016.05.31 18:26:15.419,1.43864,1.43889,1.00,1.00
2016.05.31 18:26:15.963,1.43869,1.43898,1.00,1.75
2016.05.31 18:26:16.065,1.43871,1.439,1.50,1.00
2016.05.31 18:26:16.220,1.43874,1.43903,1.00,2.25
2016.05.31 18:26:20.063,1.43874,1.43901,1.00,1.12
2016.05.31 18:26:20.604,1.43874,1.43901,1.00,1.37
2016.05.31 18:26:28.172,1.43874,1.43904,1.00,1.37
2016.05.31 18:26:28.223,1.43874,1.43906,1.87,1.00
2016.05.31 18:26:28.325,1.43876,1.43906,1.00,1.00
2016.05.31 18:26:28.827,1.43877,1.43906,1.12,1.00
2016.05.31 18:26:28.879,1.43877,1.43909,1.50,1.00
2016.05.31 18:26:29.057,1.4388,1.4391,1.00,1.37
2016.05.31 18:26:32.038,1.43881,1.4391,1.00,1.37
2016.05.31 18:26:32.612,1.4388,1.43909,1.00,1.12
2016.05.31 18:26:33.217,1.43881,1.4391,1.00,1.50
2016.05.31 18:26:33.598,1.43883,1.43911,1.00,1.75
2016.05.31 18:26:44.994,1.43883,1.4391,1.00,1.00
2016.05.31 18:26:47.946,1.43883,1.43914,1.00,1.12
2016.05.31 18:26:52.688,1.43883,1.43913,1.37,1.37
2016.05.31 18:26:55.451,1.43885,1.43914,1.00,1.12
2016.05.31 18:26:55.553,1.43885,1.43916,1.12,1.87
2016.05.31 18:26:56.470,1.43885,1.43916,1.50,1.00
2016.05.31 18:26:57.571,1.43885,1.43916,1.50,1.12
2016.05.31 18:26:58.087,1.43885,1.43916,1.50,1.12
2016.05.31 18:27:01.134,1.43885,1.43916,1.00,1.00
2016.05.31 18:27:02.713,1.43885,1.43916,1.00,1.50
2016.05.31 18:27:03.282,1.43885,1.43916,1.00,1.50
2016.05.31 18:27:03.440,1.43883,1.43916,1.12,1.50
2016.05.31 18:27:03.636,1.43886,1.43916,1.00,1.50
2016.05.31 18:27:04.165,1.43886,1.43916,1.00,1.50
2016.05.31 18:27:05.574,1.43886,1.43916,1.00,1.12
2016.05.31 18:27:07.001,1.43883,1.43916,1.50,1.50
2016.05.31 18:27:07.343,1.4389,1.43918,1.00,1.12
2016.05.31 18:27:07.394,1.4389,1.43919,1.00,1.00
2016.05.31 18:27:07.958,1.4389,1.43922,2.25,1.50
2016.05.31 18:27:08.201,1.4389,1.43922,1.87,1.75
2016.05.31 18:27:08.413,1.4389,1.43921,1.87,1.12
2016.05.31 18:27:08.515,1.4389,1.43921,1.87,1.37
2016.05.31 18:27:09.024,1.43887,1.4392,2.62,1.37
2016.05.31 18:27:09.970,1.43888,1.43919,1.12,1.00
2016.05.31 18:27:11.724,1.43888,1.4392,1.12,1.12
2016.05.31 18:27:11.826,1.43888,1.4392,1.12,1.37
2016.05.31 18:27:13.096,1.43888,1.4392,1.12,1.37
2016.05.31 18:27:13.401,1.43888,1.4392,2.25,1.12
2016.05.31 18:27:13.932,1.43888,1.4392,2.25,1.12
2016.05.31 18:27:14.363,1.43887,1.4392,1.50,1.12
2016.05.31 18:27:16.426,1.43887,1.4392,1.50,1.12
2016.05.31 18:27:17.355,1.43887,1.4392,1.50,1.12
2016.05.31 18:27:18.252,1.43887,1.4392,1.50,1.12
2016.05.31 18:27:18.935,1.43887,1.4392,1.50,1.12
2016.05.31 18:27:19.634,1.43887,1.4392,1.50,1.12
2016.05.31 18:27:19.838,1.43882,1.43914,3.00,1.12
2016.05.31 18:27:20.919,1.43884,1.43916,1.12,1.12
2016.05.31 18:27:21.460,1.43885,1.43917,1.50,1.12
2016.05.31 18:27:22.006,1.43885,1.43917,1.37,1.12
2016.05.31 18:27:23.556,1.43882,1.43914,1.87,1.37
2016.05.31 18:27:24.106,1.43882,1.43913,1.12,1.75
2016.05.31 18:27:24.665,1.43882,1.43913,1.50,1.75
2016.05.31 18:27:25.270,1.43882,1.43911,1.50,1.12
2016.05.31 18:27:25.865,1.43882,1.43911,1.50,1.00
2016.05.31 18:27:26.763,1.43882,1.43911,1.50,1.00
2016.05.31 18:27:27.273,1.43885,1.43914,1.00,1.12
2016.05.31 18:27:28.362,1.43882,1.43912,1.87,1.12
2016.05.31 18:27:28.915,1.43882,1.43912,1.87,1.12
2016.05.31 18:27:29.728,1.43882,1.43911,1.87,1.37
2016.05.31 18:27:30.039,1.43882,1.43912,1.87,1.75
2016.05.31 18:27:30.968,1.43882,1.43908,1.12,1.37
2016.05.31 18:27:34.504,1.43882,1.43909,1.12,1.12
2016.05.31 18:27:35.225,1.43882,1.43909,1.50,1.00
2016.05.31 18:27:36.288,1.43882,1.43912,1.87,1.12
2016.05.31 18:27:36.825,1.43883,1.43911,1.37,1.37
2016.05.31 18:27:37.483,1.43882,1.43909,1.87,1.00
2016.05.31 18:27:38.875,1.43882,1.43911,1.87,1.12
2016.05.31 18:27:42.741,1.43882,1.43909,1.00,1.37
2016.05.31 18:27:42.793,1.4388,1.43909,1.12,1.50
2016.05.31 18:27:43.327,1.4388,1.43909,1.00,1.75
2016.05.31 18:27:43.829,1.4388,1.43909,1.00,1.75
2016.05.31 18:27:44.034,1.4388,1.43906,1.00,1.12
2016.05.31 18:27:44.278,1.43876,1.43905,1.00,1.75
2016.05.31 18:27:45.281,1.43876,1.43901,1.00,1.75
2016.05.31 18:27:46.483,1.43876,1.439,1.00,1.12
2016.05.31 18:27:47.985,1.43876,1.43899,1.00,1.12
2016.05.31 18:27:49.097,1.43876,1.43903,1.12,1.37
2016.05.31 18:27:49.148,1.43876,1.43903,1.75,1.00
2016.05.31 18:27:50.297,1.43875,1.43903,1.75,1.12
2016.05.31 18:27:52.207,1.43879,1.43902,1.00,1.00
2016.05.31 18:27:53.490,1.43878,1.43903,1.37,1.00
2016.05.31 18:27:55.215,1.43877,1.43902,1.12,1.00
2016.05.31 18:27:57.804,1.43876,1.43897,2.25,1.00
2016.05.31 18:27:57.856,1.43875,1.43897,1.00,1.00
2016.05.31 18:27:57.907,1.43875,1.43893,1.00,1.00
2016.05.31 18:27:57.958,1.43866,1.43893,1.12,1.00
2016.05.31 18:27:58.009,1.43865,1.43886,1.87,1.00
2016.05.31 18:27:58.061,1.43863,1.43886,1.87,1.00
2016.05.31 18:27:58.497,1.43864,1.43886,1.37,1.00
2016.05.31 18:27:58.873,1.43864,1.43886,2.25,1.00
2016.05.31 18:27:59.382,1.43864,1.43886,2.25,1.00
2016.05.31 18:27:59.433,1.43864,1.43888,2.25,1.00
2016.05.31 18:27:59.962,1.43866,1.43888,2.25,1.00
2016.05.31 18:28:00.328,1.43866,1.43888,2.25,1.00
2016.05.31 18:28:00.633,1.43866,1.43882,1.00,1.00
2016.05.31 18:28:00.878,1.43861,1.43882,1.87,1.00
2016.05.31 18:28:01.390,1.43861,1.43882,1.12,1.00
2016.05.31 18:28:02.135,1.43861,1.4389,1.00,1.00
2016.05.31 18:28:02.544,1.43861,1.4389,1.75,1.00
2016.05.31 18:28:02.903,1.43861,1.4389,2.25,1.00
2016.05.31 18:28:03.449,1.43861,1.43891,2.25,1.00
2016.05.31 18:28:03.654,1.43861,1.43891,1.50,1.00
2016.05.31 18:28:03.705,1.43861,1.43887,1.12,1.75
2016.05.31 18:28:03.757,1.43857,1.43887,1.50,1.75
2016.05.31 18:28:03.808,1.43857,1.43884,1.12,1.00
2016.05.31 18:28:04.428,1.43857,1.43887,1.50,1.12
2016.05.31 18:28:04.709,1.43857,1.43887,1.50,1.12
2016.05.31 18:28:04.913,1.4386,1.43887,1.37,1.00
2016.05.31 18:28:05.144,1.4386,1.43887,1.50,1.00
2016.05.31 18:28:05.449,1.4386,1.43887,1.87,1.00
2016.05.31 18:28:05.928,1.43863,1.43887,1.75,1.00
2016.05.31 18:28:06.030,1.43863,1.43891,2.25,1.00
2016.05.31 18:28:06.558,1.43863,1.43891,1.50,1.00
2016.05.31 18:28:06.613,1.43863,1.43891,1.50,1.37
2016.05.31 18:28:07.037,1.43855,1.43882,1.00,1.12
2016.05.31 18:28:08.158,1.43855,1.4388,1.00,1.12
2016.05.31 18:28:08.483,1.43849,1.43879,1.00,1.37
2016.05.31 18:28:08.535,1.43849,1.43876,1.00,1.12
2016.05.31 18:28:08.789,1.43847,1.43875,1.00,1.37
2016.05.31 18:28:09.305,1.43847,1.43877,1.50,1.75
2016.05.31 18:28:10.121,1.43847,1.43876,1.00,1.37
2016.05.31 18:28:10.658,1.4385,1.43878,1.00,1.12
2016.05.31 18:28:10.710,1.43847,1.43878,1.37,1.12
2016.05.31 18:28:10.812,1.43848,1.4388,1.12,1.12
2016.05.31 18:28:11.432,1.43848,1.43876,1.12,1.12
2016.05.31 18:28:13.526,1.4385,1.43883,1.50,1.75
2016.05.31 18:28:14.035,1.4385,1.43881,2.25,1.12
2016.05.31 18:28:14.541,1.4385,1.4388,1.50,1.75
2016.05.31 18:28:15.605,1.4385,1.43879,1.50,1.12
2016.05.31 18:28:17.839,1.4385,1.43877,1.50,1.37
2016.05.31 18:28:18.342,1.4385,1.43877,1.50,1.12
2016.05.31 18:28:18.980,1.43847,1.43876,1.75,1.37
2016.05.31 18:28:21.960,1.4385,1.43878,1.12,1.12
2016.05.31 18:28:22.012,1.43851,1.43881,1.87,1.00
2016.05.31 18:28:22.063,1.43851,1.43883,1.87,1.37
2016.05.31 18:28:22.216,1.43856,1.43886,1.87,1.00
2016.05.31 18:28:22.269,1.43856,1.43888,1.50,1.37
2016.05.31 18:28:22.371,1.43856,1.43888,1.50,1.00
2016.05.31 18:28:22.678,1.43862,1.43889,1.00,1.75
2016.05.31 18:28:22.730,1.43858,1.43888,1.50,1.12
2016.05.31 18:28:22.991,1.43858,1.43889,1.87,1.75
2016.05.31 18:28:23.042,1.43858,1.43889,2.25,1.37
2016.05.31 18:28:23.093,1.43858,1.43889,1.50,1.75
2016.05.31 18:28:23.248,1.43858,1.4389,1.12,1.75
2016.05.31 18:28:23.456,1.43858,1.43889,1.12,1.12
2016.05.31 18:28:23.762,1.43858,1.43885,1.00,1.12
2016.05.31 18:28:24.118,1.43858,1.43884,1.00,1.00
2016.05.31 18:28:24.170,1.43856,1.43884,1.00,1.00
2016.05.31 18:28:24.582,1.43856,1.43885,1.00,1.37
2016.05.31 18:28:24.634,1.43852,1.43881,1.50,1.00
2016.05.31 18:28:24.738,1.43854,1.43885,1.37,1.12
2016.05.31 18:28:25.152,1.43852,1.43882,2.25,1.12
2016.05.31 18:28:25.357,1.43849,1.43878,1.50,1.12
2016.05.31 18:28:25.685,1.43852,1.43881,1.00,1.87
2016.05.31 18:28:26.199,1.4385,1.43882,1.87,1.75
2016.05.31 18:28:26.725,1.4385,1.43882,1.12,1.75
2016.05.31 18:28:26.815,1.4385,1.43882,1.12,1.75
2016.05.31 18:28:26.917,1.43854,1.43882,1.00,1.75
2016.05.31 18:28:27.353,1.43856,1.43884,1.12,1.12
2016.05.31 18:28:27.912,1.43855,1.43883,1.00,1.12
2016.05.31 18:28:28.422,1.43853,1.43881,1.12,1.00
2016.05.31 18:28:29.913,1.43856,1.43883,1.00,1.75
2016.05.31 18:28:30.288,1.43856,1.43885,1.87,1.12
2016.05.31 18:28:30.852,1.43856,1.43887,1.75,1.75
2016.05.31 18:28:32.355,1.43855,1.43885,1.75,1.37
2016.05.31 18:28:32.508,1.43855,1.43885,1.37,1.12
2016.05.31 18:28:32.661,1.43849,1.43878,1.00,1.12
2016.05.31 18:28:32.763,1.43847,1.43877,1.12,1.75
2016.05.31 18:28:33.289,1.43846,1.43876,1.00,1.00
2016.05.31 18:28:33.558,1.43846,1.43876,1.75,1.00
2016.05.31 18:28:33.873,1.43846,1.43876,1.75,1.12
2016.05.31 18:28:34.812,1.43848,1.4388,1.50,1.87
2016.05.31 18:28:35.225,1.4385,1.43879,1.12,1.12
2016.05.31 18:28:36.300,1.43848,1.43878,1.37,1.37
2016.05.31 18:28:36.828,1.43848,1.43877,1.00,1.00
2016.05.31 18:28:37.275,1.43848,1.43877,1.12,1.12
2016.05.31 18:28:37.812,1.43849,1.4388,1.00,2.25
2016.05.31 18:28:38.134,1.43848,1.4388,1.75,2.25
2016.05.31 18:28:38.733,1.43848,1.4388,1.75,1.00
2016.05.31 18:28:38.835,1.43851,1.43882,1.75,1.37
2016.05.31 18:28:39.030,1.43856,1.43887,1.50,1.50
2016.05.31 18:28:39.539,1.43857,1.43889,1.12,1.75
2016.05.31 18:28:39.641,1.43857,1.43887,1.00,1.37
2016.05.31 18:28:39.947,1.43857,1.43884,1.00,1.37
2016.05.31 18:28:40.248,1.43855,1.43879,1.00,1.12
2016.05.31 18:28:40.300,1.4385,1.43878,1.95,1.12
2016.05.31 18:28:40.403,1.4385,1.43875,1.00,1.37
2016.05.31 18:28:40.608,1.43846,1.43875,1.12,1.37
2016.05.31 18:28:41.392,1.43846,1.43876,3.00,1.12
2016.05.31 18:28:43.548,1.43844,1.43871,1.00,1.12
2016.05.31 18:28:43.599,1.43841,1.43871,1.00,1.75
2016.05.31 18:28:44.052,1.43839,1.43869,1.00,1.75
2016.05.31 18:28:44.103,1.43841,1.43869,1.00,1.75
2016.05.31 18:28:45.048,1.43841,1.43871,1.00,1.37
2016.05.31 18:28:45.345,1.43841,1.43872,1.37,1.37
2016.05.31 18:28:46.056,1.43843,1.43872,1.87,1.37
2016.05.31 18:28:46.158,1.43844,1.43877,1.12,1.75
2016.05.31 18:28:46.210,1.4385,1.43877,1.00,1.12
2016.05.31 18:28:47.382,1.4385,1.43876,1.00,1.12
2016.05.31 18:28:47.485,1.4385,1.43876,1.00,1.00
2016.05.31 18:28:48.085,1.43847,1.43877,1.12,1.37
2016.05.31 18:28:48.759,1.43847,1.43874,1.12,1.00
2016.05.31 18:28:49.430,1.43847,1.43878,1.12,1.12
2016.05.31 18:28:49.736,1.43844,1.43873,1.00,1.12
2016.05.31 18:28:50.297,1.43844,1.43873,1.00,1.12
2016.05.31 18:28:50.714,1.43847,1.43874,1.00,1.37
2016.05.31 18:28:51.360,1.43847,1.43874,1.00,1.12
2016.05.31 18:28:51.667,1.43847,1.43874,1.00,1.12
2016.05.31 18:28:52.219,1.43847,1.43874,1.00,1.12
2016.05.31 18:28:52.577,1.43847,1.43874,1.00,1.37
2016.05.31 18:28:53.549,1.43847,1.43874,1.12,1.00
2016.05.31 18:28:54.280,1.43847,1.43875,1.12,1.12
2016.05.31 18:29:00.535,1.43847,1.43874,1.12,1.00
2016.05.31 18:29:01.123,1.43847,1.43874,1.12,1.37
2016.05.31 18:29:01.722,1.43847,1.43875,1.12,1.75
2016.05.31 18:29:02.435,1.43847,1.43874,1.12,1.12
2016.05.31 18:29:03.085,1.43847,1.43874,1.12,1.12
2016.05.31 18:29:03.289,1.43844,1.43874,1.00,1.12
2016.05.31 18:29:04.031,1.43844,1.43874,1.00,1.12
2016.05.31 18:29:04.835,1.43844,1.43871,1.00,1.12
2016.05.31 18:29:05.747,1.43844,1.4387,1.00,1.00
2016.05.31 18:29:06.426,1.43844,1.4387,1.00,1.37
2016.05.31 18:29:06.782,1.43844,1.4387,1.00,1.12
2016.05.31 18:29:07.088,1.43844,1.4387,1.00,1.12
2016.05.31 18:29:07.855,1.43844,1.4387,1.00,1.12
2016.05.31 18:29:08.376,1.43844,1.43869,1.00,1.00
2016.05.31 18:29:08.756,1.43844,1.4387,1.00,1.12
2016.05.31 18:29:10.349,1.43844,1.43871,1.87,1.12
2016.05.31 18:29:10.559,1.43848,1.43875,1.37,1.00
2016.05.31 18:29:11.475,1.43851,1.4388,1.00,1.75
2016.05.31 18:29:11.577,1.43848,1.4388,1.00,1.75
2016.05.31 18:29:11.868,1.43848,1.4388,1.12,1.50
2016.05.31 18:29:12.465,1.43848,1.4388,1.37,1.50
2016.05.31 18:29:13.077,1.43848,1.43879,1.75,1.00
2016.05.31 18:29:16.554,1.43848,1.4388,1.50,1.37
2016.05.31 18:29:16.860,1.4385,1.4388,1.00,1.75
2016.05.31 18:29:16.911,1.43848,1.4388,1.00,1.75
2016.05.31 18:29:17.183,1.43848,1.4388,1.00,1.75
2016.05.31 18:29:17.286,1.43848,1.43878,1.00,1.00
2016.05.31 18:29:17.642,1.43848,1.4388,1.50,1.50
2016.05.31 18:29:17.744,1.43848,1.4388,1.37,1.75
2016.05.31 18:29:18.249,1.43848,1.4388,1.00,1.75
2016.05.31 18:29:18.555,1.43851,1.43874,1.00,1.00
2016.05.31 18:29:18.657,1.43853,1.43885,1.00,2.25
2016.05.31 18:29:18.758,1.43853,1.43885,1.00,1.50
2016.05.31 18:29:18.810,1.43853,1.43885,1.37,1.50
2016.05.31 18:29:18.911,1.43856,1.43885,1.00,1.50
2016.05.31 18:29:19.714,1.43856,1.43885,1.50,1.12
2016.05.31 18:29:21.301,1.43855,1.43885,1.87,1.37
2016.05.31 18:29:21.505,1.43855,1.43885,1.37,1.75
2016.05.31 18:29:23.271,1.43855,1.43885,1.00,1.75
2016.05.31 18:29:23.619,1.43853,1.43884,1.00,1.75
2016.05.31 18:29:23.953,1.4384,1.43867,1.12,1.12
2016.05.31 18:29:24.360,1.4384,1.43873,1.12,1.75
2016.05.31 18:29:24.867,1.4384,1.43869,1.12,1.00
2016.05.31 18:29:25.394,1.43841,1.43871,1.12,1.37
2016.05.31 18:29:25.650,1.43841,1.43872,1.00,1.00
2016.05.31 18:29:27.040,1.43841,1.43873,1.37,1.75
2016.05.31 18:29:27.193,1.43841,1.43874,1.50,1.75
2016.05.31 18:29:27.705,1.43841,1.43874,1.00,1.75
2016.05.31 18:29:28.216,1.43841,1.43874,1.00,1.75
2016.05.31 18:29:29.798,1.43841,1.43874,1.87,1.12
2016.05.31 18:29:30.167,1.43851,1.43884,1.12,1.75
2016.05.31 18:29:30.835,1.43851,1.43884,1.00,1.75
2016.05.31 18:29:36.226,1.43851,1.43884,1.00,2.25
2016.05.31 18:29:38.246,1.43851,1.43884,1.12,2.25
2016.05.31 18:29:38.768,1.43851,1.43884,2.25,1.75
2016.05.31 18:29:42.437,1.43852,1.43885,1.00,1.60
2016.05.31 18:29:42.799,1.43857,1.43888,1.00,1.75
2016.05.31 18:29:42.850,1.43857,1.43884,1.00,1.00
2016.05.31 18:29:43.358,1.43857,1.43889,1.00,1.75
2016.05.31 18:29:43.460,1.43857,1.43889,1.00,1.75
2016.05.31 18:29:43.847,1.43853,1.4388,1.00,1.00
2016.05.31 18:29:43.950,1.43853,1.43884,1.00,1.12
2016.05.31 18:29:44.053,1.4385,1.43884,2.25,1.87
2016.05.31 18:29:44.155,1.43853,1.43884,1.00,1.87
2016.05.31 18:29:44.208,1.43854,1.43884,1.12,1.50
2016.05.31 18:29:44.571,1.43856,1.4389,1.75,1.75
2016.05.31 18:29:45.275,1.43856,1.43889,1.75,1.75
2016.05.31 18:29:45.327,1.43853,1.43878,1.50,1.00
2016.05.31 18:29:45.378,1.43853,1.43874,1.50,1.37
2016.05.31 18:29:45.430,1.4385,1.43867,1.00,1.12
2016.05.31 18:29:45.579,1.43837,1.43867,1.00,3.17
2016.05.31 18:29:45.682,1.43835,1.43864,1.12,1.17
2016.05.31 18:29:45.988,1.43835,1.43867,1.12,3.17
2016.05.31 18:29:46.090,1.43835,1.43862,1.12,1.00
2016.05.31 18:29:46.193,1.43835,1.43864,1.12,1.00
2016.05.31 18:29:46.246,1.43838,1.43869,1.12,1.97
2016.05.31 18:29:46.399,1.4384,1.43873,1.50,1.12
2016.05.31 18:29:46.726,1.4384,1.43873,1.50,1.12
2016.05.31 18:29:46.777,1.43841,1.43873,1.00,1.12
2016.05.31 18:29:46.829,1.43843,1.43873,1.00,1.12
2016.05.31 18:29:46.880,1.43843,1.43873,1.00,1.12
2016.05.31 18:29:47.401,1.43843,1.4387,1.00,1.00
2016.05.31 18:29:49.264,1.43843,1.43871,1.00,1.00
2016.05.31 18:29:49.467,1.43846,1.43874,1.00,1.50
2016.05.31 18:29:50.574,1.43846,1.43877,1.00,1.87
2016.05.31 18:29:50.879,1.43846,1.43877,1.00,1.29
2016.05.31 18:29:51.430,1.43844,1.43877,1.37,2.04
2016.05.31 18:29:56.536,1.43844,1.4387,1.00,1.00
2016.05.31 18:29:57.075,1.43844,1.43873,1.00,1.12
2016.05.31 18:30:00.334,1.43844,1.4387,1.00,1.00
2016.05.31 18:30:02.220,1.43844,1.43873,1.00,1.12
2016.05.31 18:30:03.095,1.43844,1.43873,1.00,1.12
2016.05.31 18:30:04.415,1.43844,1.43873,1.00,1.12
2016.05.31 18:30:04.467,1.43841,1.43873,1.12,1.12
2016.05.31 18:30:04.823,1.43841,1.43869,1.00,1.12
2016.05.31 18:30:05.027,1.43841,1.43869,1.00,1.12
2016.05.31 18:30:05.231,1.43841,1.43869,1.00,1.12
2016.05.31 18:30:05.536,1.43841,1.43869,1.00,1.12
2016.05.31 18:30:06.306,1.43841,1.43864,1.00,1.00
2016.05.31 18:30:07.906,1.43841,1.43869,1.00,1.12
2016.05.31 18:30:08.211,1.43837,1.43869,1.12,1.12
2016.05.31 18:30:08.821,1.43837,1.43864,1.00,1.12
2016.05.31 18:30:09.759,1.43837,1.43864,1.00,1.12
2016.05.31 18:30:10.014,1.43837,1.43864,1.00,1.12
2016.05.31 18:30:10.260,1.43837,1.43862,1.00,1.00
2016.05.31 18:30:13.353,1.43837,1.43864,1.00,1.12
2016.05.31 18:30:14.064,1.43837,1.43864,1.00,1.12
2016.05.31 18:30:15.158,1.43837,1.43864,1.00,1.12
2016.05.31 18:30:15.502,1.43833,1.43861,1.00,1.12
2016.05.31 18:30:15.757,1.43833,1.43857,1.00,1.00
2016.05.31 18:30:15.859,1.43833,1.43861,1.00,1.87
2016.05.31 18:30:15.961,1.43835,1.43861,1.00,1.37
2016.05.31 18:30:16.495,1.43835,1.43864,1.12,1.37
2016.05.31 18:30:16.851,1.43835,1.43868,1.12,1.12
2016.05.31 18:30:17.435,1.43839,1.43868,1.00,1.12
2016.05.31 18:30:18.011,1.43839,1.43868,1.00,1.37
2016.05.31 18:30:19.237,1.43839,1.43869,1.00,1.87
2016.05.31 18:30:19.566,1.43839,1.43869,1.00,1.87
2016.05.31 18:30:19.871,1.43839,1.43866,1.00,1.12
2016.05.31 18:30:21.794,1.43839,1.43865,1.00,1.12
2016.05.31 18:30:22.302,1.43839,1.43866,1.00,1.12
2016.05.31 18:30:22.826,1.43836,1.43866,1.00,1.12
2016.05.31 18:30:23.327,1.43836,1.43866,1.00,1.12
2016.05.31 18:30:24.134,1.43836,1.43866,1.00,1.12
2016.05.31 18:30:24.185,1.43836,1.43866,1.00,1.12
2016.05.31 18:30:26.147,1.43836,1.43866,1.00,1.12
2016.05.31 18:30:26.301,1.43836,1.43866,1.00,1.12
2016.05.31 18:30:26.509,1.43833,1.43859,1.00,1.00
2016.05.31 18:30:27.040,1.43833,1.43866,1.00,1.12
2016.05.31 18:30:27.766,1.43833,1.43863,1.00,1.12
2016.05.31 18:30:28.021,1.4383,1.43863,1.50,1.12
2016.05.31 18:30:28.072,1.4383,1.43863,1.50,1.12
2016.05.31 18:30:28.604,1.4383,1.43861,1.37,1.12
2016.05.31 18:30:29.115,1.4383,1.43855,1.00,1.00
2016.05.31 18:30:29.633,1.4383,1.43861,1.00,1.75
2016.05.31 18:30:30.184,1.4383,1.43861,1.00,1.87
2016.05.31 18:30:31.095,1.4383,1.43854,1.00,1.00
2016.05.31 18:30:32.960,1.43831,1.43861,1.00,1.87
2016.05.31 18:30:33.678,1.43831,1.43861,1.00,1.87
2016.05.31 18:30:35.382,1.43831,1.43861,1.00,1.87
2016.05.31 18:30:35.889,1.4383,1.43861,1.00,1.87
2016.05.31 18:30:37.785,1.4383,1.43861,1.00,1.87
2016.05.31 18:30:38.488,1.4383,1.43861,1.00,1.87
2016.05.31 18:30:38.990,1.4383,1.43861,1.00,2.62
2016.05.31 18:30:39.143,1.43825,1.43855,1.37,1.12
2016.05.31 18:30:39.651,1.43825,1.43854,1.00,1.12
2016.05.31 18:30:40.187,1.43825,1.43854,1.00,1.12
2016.05.31 18:30:44.436,1.43825,1.43849,1.00,1.00
2016.05.31 18:30:45.825,1.43825,1.4385,1.00,1.00
2016.05.31 18:30:48.114,1.43825,1.43854,1.00,1.12
2016.05.31 18:30:48.327,1.43825,1.43854,1.00,1.12
2016.05.31 18:30:49.038,1.43825,1.43854,1.00,1.37
2016.05.31 18:30:49.797,1.43825,1.43854,1.37,1.37
2016.05.31 18:30:50.113,1.43825,1.43854,1.37,1.12
2016.05.31 18:30:50.165,1.43821,1.43851,1.00,1.12
2016.05.31 18:30:50.503,1.43821,1.43845,1.12,1.00
2016.05.31 18:30:51.016,1.4382,1.43845,1.00,1.00
2016.05.31 18:30:51.546,1.4382,1.4385,1.00,1.12
2016.05.31 18:30:51.599,1.4382,1.43848,1.00,1.00
2016.05.31 18:30:52.176,1.4382,1.43851,1.87,1.87
2016.05.31 18:30:52.595,1.43821,1.43853,1.37,1.75
2016.05.31 18:30:53.636,1.4382,1.43854,2.62,1.87
2016.05.31 18:30:53.687,1.43821,1.43854,1.00,1.87
2016.05.31 18:30:56.440,1.43821,1.43854,1.00,1.87
2016.05.31 18:30:56.644,1.43826,1.4385,1.00,1.00
2016.05.31 18:30:56.746,1.43823,1.43854,1.00,1.12
2016.05.31 18:30:57.043,1.43823,1.43854,1.00,1.12
2016.05.31 18:30:57.348,1.43823,1.43854,1.00,1.12
2016.05.31 18:30:57.654,1.43826,1.43854,1.00,1.12
2016.05.31 18:30:57.959,1.43828,1.43854,1.00,1.12
2016.05.31 18:30:58.368,1.43828,1.43855,1.00,1.87
2016.05.31 18:30:58.841,1.4383,1.4386,1.00,1.87
2016.05.31 18:30:58.893,1.4383,1.43855,1.00,1.00
2016.05.31 18:30:59.437,1.43831,1.43855,1.00,1.00
2016.05.31 18:31:01.139,1.43835,1.4386,1.00,1.37
2016.05.31 18:31:01.340,1.43835,1.43869,2.62,2.25
2016.05.31 18:31:01.595,1.43835,1.43869,1.87,2.25
2016.05.31 18:31:02.103,1.43836,1.43869,1.00,1.75
2016.05.31 18:31:02.459,1.43835,1.43868,1.87,1.12
2016.05.31 18:31:05.209,1.43836,1.43869,1.00,1.87
2016.05.31 18:31:06.170,1.43835,1.43867,1.50,1.12
2016.05.31 18:31:06.717,1.43835,1.43863,1.50,1.00
2016.05.31 18:31:13.865,1.43828,1.43859,1.50,1.12
2016.05.31 18:31:15.655,1.43827,1.43857,1.12,1.00
2016.05.31 18:31:16.226,1.43827,1.43858,1.50,1.37
2016.05.31 18:31:16.632,1.43827,1.43858,1.12,1.12
2016.05.31 18:31:16.683,1.43827,1.43858,1.50,1.37
2016.05.31 18:31:16.786,1.43827,1.43857,1.12,1.00
2016.05.31 18:31:18.131,1.43827,1.43861,1.87,1.12
2016.05.31 18:31:18.436,1.43827,1.43858,1.87,1.00
2016.05.31 18:31:18.999,1.43827,1.43857,1.50,1.00
2016.05.31 18:31:19.254,1.43831,1.43858,1.00,1.00
2016.05.31 18:31:20.208,1.4383,1.4386,1.00,1.12
2016.05.31 18:31:20.740,1.43831,1.43861,1.00,1.12
2016.05.31 18:31:22.011,1.43831,1.4386,1.00,1.12
2016.05.31 18:31:22.739,1.43831,1.4386,1.12,1.37
2016.05.31 18:31:23.045,1.43827,1.4386,1.87,1.37
2016.05.31 18:31:24.754,1.43831,1.4386,1.00,1.37
2016.05.31 18:31:25.827,1.43831,1.43858,1.00,1.00
2016.05.31 18:31:26.393,1.43831,1.4386,1.00,1.12
2016.05.31 18:31:28.540,1.43831,1.43861,1.00,1.75
2016.05.31 18:31:29.076,1.43831,1.43861,1.12,1.37
2016.05.31 18:31:29.580,1.43832,1.43861,1.00,1.37
2016.05.31 18:31:30.038,1.43832,1.43863,1.37,1.37
2016.05.31 18:31:30.556,1.43833,1.43863,1.37,1.37
2016.05.31 18:31:30.916,1.43834,1.43866,1.12,1.75
2016.05.31 18:31:31.542,1.43834,1.43863,1.87,1.00
2016.05.31 18:31:32.232,1.43836,1.43863,1.37,1.12
2016.05.31 18:31:32.437,1.43828,1.43859,1.12,1.12
2016.05.31 18:31:32.951,1.43828,1.43859,1.12,1.12
2016.05.31 18:31:34.663,1.43828,1.43857,1.00,1.12
2016.05.31 18:31:35.192,1.43824,1.43857,1.75,1.12
2016.05.31 18:31:35.723,1.43824,1.43857,1.75,1.12
2016.05.31 18:31:36.265,1.43824,1.43853,1.75,1.00
2016.05.31 18:31:40.173,1.43824,1.43856,1.75,1.12
2016.05.31 18:31:40.378,1.43824,1.43855,1.00,1.75
2016.05.31 18:31:44.907,1.43824,1.43854,1.00,1.00
2016.05.31 18:31:45.009,1.43824,1.43855,1.12,1.12
2016.05.31 18:31:46.217,1.43824,1.43855,1.12,1.12
2016.05.31 18:31:47.586,1.43824,1.43855,1.12,1.12
2016.05.31 18:31:47.894,1.43824,1.43851,1.12,1.00
2016.05.31 18:31:49.416,1.43824,1.43855,1.12,1.12
2016.05.31 18:31:52.918,1.43824,1.43855,1.12,1.75
2016.05.31 18:31:53.456,1.43824,1.43852,1.00,1.00
2016.05.31 18:31:53.964,1.43824,1.43855,1.00,1.75
2016.05.31 18:31:54.419,1.43824,1.43854,1.00,1.12
2016.05.31 18:31:54.471,1.43821,1.43854,1.37,1.12
2016.05.31 18:31:54.999,1.43823,1.43853,1.37,1.37
2016.05.31 18:31:55.101,1.43828,1.43854,1.00,1.12
2016.05.31 18:31:55.152,1.43823,1.43854,2.25,1.12
2016.05.31 18:31:55.203,1.43823,1.43851,1.75,1.00
2016.05.31 18:31:55.756,1.43823,1.43856,1.75,1.87
2016.05.31 18:31:56.120,1.43823,1.43855,1.75,1.75
2016.05.31 18:31:59.757,1.43823,1.43855,1.75,1.87
2016.05.31 18:31:59.808,1.43823,1.43853,1.75,1.12
2016.05.31 18:32:01.942,1.43823,1.43854,1.75,1.12
2016.05.31 18:32:02.095,1.43823,1.43852,1.00,1.12
2016.05.31 18:32:02.247,1.43821,1.43852,1.00,1.12
2016.05.31 18:32:02.553,1.4382,1.43852,1.50,1.37
2016.05.31 18:32:02.814,1.4382,1.43853,1.50,1.37
2016.05.31 18:32:03.128,1.43825,1.43855,1.37,1.87
2016.05.31 18:32:03.230,1.43825,1.43855,1.37,1.50
2016.05.31 18:32:03.332,1.43824,1.43855,1.75,1.37
2016.05.31 18:32:09.027,1.43826,1.43856,1.00,1.37
2016.05.31 18:32:09.598,1.43827,1.43857,1.12,1.87
2016.05.31 18:32:10.100,1.43827,1.43857,1.00,1.87
2016.05.31 18:32:12.757,1.43827,1.43855,1.00,1.00
2016.05.31 18:32:14.027,1.43827,1.43857,1.00,1.87
2016.05.31 18:32:14.640,1.43827,1.43857,1.00,1.87
2016.05.31 18:32:15.178,1.43827,1.43857,1.00,1.12
2016.05.31 18:32:16.529,1.43827,1.43856,1.00,1.37
2016.05.31 18:32:17.049,1.43827,1.43856,1.00,1.12
2016.05.31 18:32:18.472,1.43827,1.43858,1.00,2.25
2016.05.31 18:32:19.283,1.43827,1.43858,1.00,2.25
2016.05.31 18:32:19.867,1.43827,1.43855,1.00,1.00
2016.05.31 18:32:20.681,1.43827,1.43858,1.00,2.25
2016.05.31 18:32:21.027,1.43827,1.43855,1.00,1.12
2016.05.31 18:32:21.180,1.43823,1.43854,2.25,1.00
2016.05.31 18:32:21.326,1.43824,1.43854,1.00,1.00
2016.05.31 18:32:23.776,1.43824,1.43855,1.00,1.12
2016.05.31 18:32:25.567,1.43824,1.43855,1.12,1.12
2016.05.31 18:32:26.103,1.43824,1.43855,1.00,1.12
2016.05.31 18:32:28.205,1.43824,1.43854,1.00,1.12
2016.05.31 18:32:28.855,1.43824,1.43853,1.00,1.00
2016.05.31 18:32:29.407,1.43824,1.43854,1.50,1.37
2016.05.31 18:32:29.610,1.43824,1.43854,1.00,1.87
2016.05.31 18:32:29.764,1.4382,1.43851,1.37,1.12
2016.05.31 18:32:30.528,1.43817,1.43847,1.75,1.00
2016.05.31 18:32:31.049,1.43817,1.43847,1.12,1.50
2016.05.31 18:32:32.311,1.43816,1.43847,1.87,1.50
2016.05.31 18:32:32.413,1.43817,1.43847,1.12,1.50
2016.05.31 18:32:32.915,1.43816,1.43847,1.75,1.87
2016.05.31 18:32:35.493,1.43816,1.43845,1.75,1.37
2016.05.31 18:32:36.026,1.43816,1.43846,1.75,1.12
2016.05.31 18:32:37.932,1.43815,1.43846,2.25,1.12
2016.05.31 18:32:38.085,1.43815,1.43846,1.12,1.12
2016.05.31 18:32:38.463,1.43815,1.43846,1.12,1.12
2016.05.31 18:32:38.968,1.43815,1.43846,1.12,1.12
2016.05.31 18:32:39.135,1.43814,1.43846,1.37,1.12
2016.05.31 18:32:41.637,1.43816,1.43844,1.00,1.00
2016.05.31 18:32:42.191,1.43815,1.43844,1.87,1.12
2016.05.31 18:32:42.739,1.43816,1.43844,1.00,1.12
2016.05.31 18:32:43.257,1.43815,1.43844,1.12,1.37
2016.05.31 18:32:43.874,1.43815,1.43846,2.62,1.37
2016.05.31 18:32:44.425,1.43815,1.43846,2.62,1.00
2016.05.31 18:32:45.120,1.43816,1.43847,1.00,2.25
2016.05.31 18:32:45.786,1.43815,1.43847,1.87,1.87
2016.05.31 18:32:46.394,1.43815,1.43843,1.87,1.00
2016.05.31 18:32:48.327,1.43815,1.43844,1.12,1.00
2016.05.31 18:32:49.130,1.43815,1.43847,1.12,1.87
2016.05.31 18:32:50.062,1.43816,1.43845,1.00,1.00
2016.05.31 18:32:50.864,1.43816,1.43846,1.00,1.00
2016.05.31 18:32:53.065,1.43816,1.43847,1.00,1.87
2016.05.31 18:32:54.553,1.43816,1.43847,1.00,1.87
2016.05.31 18:32:57.252,1.43816,1.43844,1.00,1.00
2016.05.31 18:32:58.349,1.43816,1.43847,1.00,1.75
2016.05.31 18:32:58.401,1.43814,1.43847,1.12,1.75
2016.05.31 18:32:58.503,1.43814,1.43847,1.00,3.00
2016.05.31 18:32:59.036,1.43814,1.43847,1.00,3.00
2016.05.31 18:32:59.190,1.43814,1.43841,1.00,1.00
2016.05.31 18:32:59.658,1.43814,1.43847,1.00,1.75
2016.05.31 18:33:00.205,1.43814,1.43839,1.00,1.00
2016.05.31 18:33:00.410,1.43811,1.43837,1.00,1.00
2016.05.31 18:33:00.462,1.43811,1.43841,1.00,1.12
2016.05.31 18:33:00.564,1.43806,1.43837,2.25,1.00
2016.05.31 18:33:00.821,1.43807,1.43839,1.50,1.00
2016.05.31 18:33:01.762,1.43808,1.43841,1.12,3.37
2016.05.31 18:33:02.423,1.43808,1.43839,1.37,1.00
2016.05.31 18:33:03.772,1.43808,1.43841,1.37,1.87
2016.05.31 18:33:04.479,1.43808,1.43841,1.37,2.62
2016.05.31 18:33:04.886,1.43805,1.43838,1.37,1.75
2016.05.31 18:33:05.039,1.43805,1.43838,1.87,1.75
2016.05.31 18:33:05.607,1.43805,1.43836,2.62,1.00
2016.05.31 18:33:06.018,1.43805,1.43836,2.25,1.00
2016.05.31 18:33:07.118,1.43805,1.43838,1.37,1.75
2016.05.31 18:33:07.698,1.43805,1.43838,2.25,1.75
2016.05.31 18:33:08.326,1.43805,1.43838,2.25,1.75
2016.05.31 18:33:08.857,1.43805,1.43838,1.87,1.75
2016.05.31 18:33:10.234,1.43805,1.43838,1.87,1.75
2016.05.31 18:33:10.892,1.43805,1.43835,1.50,1.00
2016.05.31 18:33:11.401,1.43806,1.43841,1.37,3.00
2016.05.31 18:33:11.668,1.43807,1.43837,1.12,1.00
2016.05.31 18:33:11.719,1.4381,1.43841,1.12,2.25
2016.05.31 18:33:11.924,1.43812,1.43843,1.87,1.00
2016.05.31 18:33:12.026,1.43812,1.43845,1.75,1.75
2016.05.31 18:33:12.129,1.43813,1.43845,1.75,1.75
2016.05.31 18:33:14.420,1.43815,1.43846,1.00,1.00
2016.05.31 18:33:14.990,1.43816,1.43847,1.00,2.62
2016.05.31 18:33:15.545,1.43815,1.43847,1.12,2.62
2016.05.31 18:33:16.049,1.43815,1.43847,1.75,2.62
2016.05.31 18:33:17.349,1.43815,1.43847,1.75,1.50
2016.05.31 18:33:17.857,1.43815,1.43847,2.25,1.37
2016.05.31 18:33:18.179,1.43815,1.43847,2.25,1.00
2016.05.31 18:33:19.446,1.43817,1.43849,1.12,2.25
2016.05.31 18:33:21.576,1.43817,1.43847,1.00,1.00
2016.05.31 18:33:21.779,1.43817,1.43849,1.75,1.75
2016.05.31 18:33:24.645,1.43817,1.43848,1.12,1.37
2016.05.31 18:33:25.867,1.43817,1.43849,1.50,1.37
2016.05.31 18:33:28.392,1.43819,1.43849,1.00,1.12
2016.05.31 18:33:29.762,1.43819,1.43851,1.00,1.87
2016.05.31 18:33:29.864,1.4382,1.4385,1.50,1.37
2016.05.31 18:33:30.208,1.43819,1.43848,1.12,1.00
2016.05.31 18:33:31.407,1.4382,1.4385,1.12,1.37
2016.05.31 18:33:36.217,1.43821,1.43851,1.75,2.25
2016.05.31 18:33:36.727,1.43821,1.43851,1.50,1.50
2016.05.31 18:33:38.482,1.43819,1.4385,1.12,1.37
2016.05.31 18:33:38.720,1.4382,1.43851,1.12,1.87
2016.05.31 18:33:39.424,1.43821,1.4385,1.37,1.00
2016.05.31 18:33:39.932,1.43821,1.43851,1.12,1.75
2016.05.31 18:33:49.703,1.43821,1.43851,1.12,2.25
2016.05.31 18:33:51.857,1.43819,1.43851,1.37,2.62
2016.05.31 18:33:53.155,1.43819,1.43851,1.37,2.62
2016.05.31 18:33:54.816,1.43821,1.4385,1.00,1.12
2016.05.31 18:33:57.222,1.43821,1.4385,1.12,1.37
2016.05.31 18:33:57.479,1.43817,1.43848,2.62,1.12
2016.05.31 18:33:57.986,1.4382,1.43848,1.12,1.12
2016.05.31 18:34:00.970,1.4382,1.43848,1.00,1.75
2016.05.31 18:34:01.249,1.4382,1.43848,1.00,1.50
2016.05.31 18:34:01.758,1.4382,1.43848,1.00,1.75
2016.05.31 18:34:02.290,1.4382,1.43844,1.00,1.00
2016.05.31 18:34:03.949,1.4382,1.43846,1.12,1.00
2016.05.31 18:34:04.001,1.4382,1.43851,4.12,1.50
2016.05.31 18:34:04.204,1.43824,1.4385,1.50,1.00
2016.05.31 18:34:04.461,1.43824,1.43853,1.50,1.00
2016.05.31 18:34:04.972,1.43824,1.43853,1.12,1.12
2016.05.31 18:34:05.074,1.43824,1.43853,3.37,1.12
2016.05.31 18:34:07.601,1.43825,1.43853,2.62,1.00
2016.05.31 18:34:11.283,1.43824,1.43853,1.50,1.12
2016.05.31 18:34:14.140,1.43824,1.43853,1.12,1.12
2016.05.31 18:34:16.625,1.43824,1.43853,1.00,1.75
2016.05.31 18:34:17.331,1.43824,1.43853,1.00,1.50
2016.05.31 18:34:17.880,1.43824,1.43853,1.00,1.12
2016.05.31 18:34:20.597,1.43824,1.43853,1.37,1.50
2016.05.31 18:34:23.421,1.43824,1.43853,1.87,1.00
2016.05.31 18:34:23.766,1.43826,1.43853,1.37,1.00
2016.05.31 18:34:28.257,1.43826,1.43855,1.37,1.37
2016.05.31 18:34:28.309,1.43823,1.43854,1.87,1.87
2016.05.31 18:34:28.412,1.4382,1.43854,2.25,1.37
2016.05.31 18:34:28.463,1.4382,1.43854,2.25,1.50
2016.05.31 18:34:28.981,1.43821,1.4385,1.12,1.37
2016.05.31 18:34:29.759,1.4382,1.4385,1.87,1.00
2016.05.31 18:34:30.042,1.43823,1.43852,1.87,1.00
2016.05.31 18:34:30.551,1.43823,1.43854,1.75,1.50
2016.05.31 18:34:31.280,1.43824,1.43854,1.37,1.12
2016.05.31 18:34:31.782,1.43824,1.43854,1.37,1.50
2016.05.31 18:34:31.986,1.43823,1.43854,1.87,1.75
2016.05.31 18:34:32.088,1.43823,1.43853,1.87,1.00
2016.05.31 18:34:32.292,1.43823,1.43856,1.87,1.75
2016.05.31 18:34:32.750,1.43823,1.43856,1.87,1.75
2016.05.31 18:34:33.105,1.43823,1.43856,3.75,1.75
2016.05.31 18:34:34.420,1.43823,1.43852,3.75,1.00
2016.05.31 18:34:34.522,1.43824,1.43852,1.37,1.00
2016.05.31 18:34:34.726,1.43826,1.43852,1.75,1.00
2016.05.31 18:34:35.245,1.43824,1.43853,1.75,1.12
2016.05.31 18:34:36.658,1.43827,1.43853,1.37,1.50
2016.05.31 18:34:37.205,1.43826,1.43853,1.12,1.50
2016.05.31 18:34:37.743,1.43826,1.43852,1.12,1.12
2016.05.31 18:34:40.670,1.43827,1.43852,1.37,1.37
2016.05.31 18:34:41.195,1.43826,1.43852,1.12,1.12
2016.05.31 18:34:44.003,1.43824,1.43852,2.62,1.50
2016.05.31 18:34:44.709,1.43824,1.43856,2.62,1.75
2016.05.31 18:34:47.893,1.43826,1.43855,1.75,1.50
2016.05.31 18:34:48.504,1.43826,1.43855,1.75,1.12
2016.05.31 18:34:49.600,1.43827,1.43855,1.50,1.50
2016.05.31 18:34:49.781,1.43826,1.43852,2.62,1.12
2016.05.31 18:34:49.833,1.43826,1.43852,1.87,1.12
2016.05.31 18:34:50.038,1.43826,1.43852,1.87,1.75
2016.05.31 18:34:51.178,1.43823,1.43852,1.00,1.75
2016.05.31 18:34:51.685,1.43823,1.43852,1.00,1.75
2016.05.31 18:34:51.736,1.43821,1.43852,1.87,1.75
2016.05.31 18:34:52.235,1.43822,1.43852,1.00,1.00
2016.05.31 18:34:52.439,1.43822,1.43852,1.00,1.37
2016.05.31 18:34:53.028,1.43822,1.43851,1.00,1.00
2016.05.31 18:34:53.557,1.43822,1.43852,1.00,1.75
2016.05.31 18:34:54.909,1.43822,1.43851,1.12,1.00
2016.05.31 18:34:56.612,1.43822,1.43852,1.37,1.12
2016.05.31 18:34:56.921,1.43822,1.43854,1.50,1.75
2016.05.31 18:34:57.227,1.43821,1.43853,2.25,1.00
2016.05.31 18:34:57.634,1.43822,1.43854,1.75,2.25
2016.05.31 18:34:58.434,1.43822,1.43854,1.87,2.25
2016.05.31 18:35:00.184,1.43822,1.43849,2.62,1.37
2016.05.31 18:35:00.286,1.43822,1.43849,1.87,1.50
2016.05.31 18:35:01.251,1.43822,1.43849,1.87,1.37
2016.05.31 18:35:01.537,1.43819,1.43847,1.00,1.00
2016.05.31 18:35:01.741,1.43819,1.43849,1.00,1.75
2016.05.31 18:35:02.675,1.43819,1.43846,1.00,1.00
2016.05.31 18:35:03.277,1.43819,1.43848,1.00,1.00
2016.05.31 18:35:03.684,1.43819,1.43849,1.00,1.75
2016.05.31 18:35:04.040,1.43819,1.43847,1.00,1.00
2016.05.31 18:35:06.481,1.43819,1.43849,1.00,1.75
2016.05.31 18:35:06.786,1.43819,1.43849,1.00,1.75
2016.05.31 18:35:07.293,1.43819,1.43849,1.00,1.75
2016.05.31 18:35:07.797,1.43819,1.43849,1.00,1.75
2016.05.31 18:35:08.985,1.43819,1.43849,1.00,1.75
2016.05.31 18:35:11.256,1.43819,1.43845,1.00,1.75
2016.05.31 18:35:11.460,1.43819,1.43844,1.00,1.00
2016.05.31 18:35:11.714,1.43816,1.43843,1.12,1.00
2016.05.31 18:35:12.294,1.43816,1.43845,1.12,1.75
2016.05.31 18:35:13.690,1.43815,1.43845,1.50,1.00
2016.05.31 18:35:15.183,1.43816,1.43845,1.87,1.12
2016.05.31 18:35:16.439,1.43816,1.43845,1.12,1.12
2016.05.31 18:35:18.896,1.43816,1.43845,1.12,1.75
2016.05.31 18:35:19.461,1.43815,1.43845,1.87,1.75
2016.05.31 18:35:20.856,1.43815,1.43845,1.87,1.75
2016.05.31 18:35:21.475,1.43816,1.43845,1.12,1.75
2016.05.31 18:35:25.119,1.43815,1.43845,1.37,1.75
2016.05.31 18:35:26.826,1.43813,1.43842,1.12,1.75
2016.05.31 18:35:27.339,1.43813,1.43842,1.12,1.75
2016.05.31 18:35:31.156,1.43813,1.4384,1.00,1.50
2016.05.31 18:35:31.881,1.43813,1.4384,1.00,1.50
2016.05.31 18:35:32.417,1.43813,1.43839,1.00,1.00
2016.05.31 18:35:33.502,1.43813,1.4384,1.00,1.75
2016.05.31 18:35:34.015,1.43813,1.4384,1.00,1.37
2016.05.31 18:35:34.523,1.43813,1.4384,1.00,1.00
2016.05.31 18:35:35.443,1.43813,1.4384,1.00,1.50
2016.05.31 18:35:36.577,1.43813,1.4384,1.00,1.50
2016.05.31 18:35:37.260,1.43813,1.4384,1.00,1.50
2016.05.31 18:35:37.566,1.43813,1.43841,1.12,1.75
2016.05.31 18:35:37.770,1.43806,1.43834,1.00,1.00
2016.05.31 18:35:37.872,1.43806,1.43837,1.00,1.75
2016.05.31 18:35:38.178,1.43806,1.43838,1.00,1.12
2016.05.31 18:35:38.361,1.43806,1.43837,1.00,1.75
2016.05.31 18:35:38.412,1.43806,1.43837,1.37,1.75
2016.05.31 18:35:39.876,1.43809,1.43835,1.00,1.37
2016.05.31 18:35:40.584,1.43809,1.43835,1.00,1.00
2016.05.31 18:35:41.142,1.43811,1.43839,1.00,1.12
2016.05.31 18:35:41.268,1.43811,1.43839,1.37,1.12
2016.05.31 18:35:42.994,1.43813,1.43839,1.12,1.37
2016.05.31 18:35:43.502,1.43813,1.43839,1.12,1.00
2016.05.31 18:35:44.800,1.43811,1.43839,1.87,1.37
2016.05.31 18:35:45.323,1.43812,1.43839,1.75,1.75
2016.05.31 18:35:46.078,1.43811,1.43842,1.75,1.75
2016.05.31 18:35:46.333,1.43812,1.43841,1.75,1.50
2016.05.31 18:35:47.617,1.43812,1.43842,1.87,1.00
2016.05.31 18:35:47.719,1.43812,1.43843,1.87,1.75
2016.05.31 18:35:49.784,1.43813,1.43841,1.12,1.00
2016.05.31 18:35:50.591,1.43813,1.43843,1.12,1.75
2016.05.31 18:35:52.833,1.43814,1.43843,1.37,1.75
2016.05.31 18:35:54.338,1.43814,1.43843,1.37,1.00
2016.05.31 18:35:54.977,1.43814,1.43843,1.37,1.50
2016.05.31 18:35:59.092,1.43814,1.43843,1.12,1.50
2016.05.31 18:36:02.529,1.43814,1.43843,1.00,1.12
2016.05.31 18:36:08.452,1.43812,1.43843,1.75,1.37
2016.05.31 18:36:10.215,1.43812,1.43842,1.12,1.00
2016.05.31 18:36:10.723,1.43812,1.43843,1.75,1.00
2016.05.31 18:36:11.290,1.43814,1.43843,1.12,1.00
2016.05.31 18:36:11.342,1.43813,1.43843,1.12,1.00
2016.05.31 18:36:11.987,1.43812,1.43843,1.87,1.00
2016.05.31 18:36:13.753,1.43813,1.43843,1.37,1.37
2016.05.31 18:36:15.860,1.43812,1.43843,1.75,1.37
2016.05.31 18:36:16.634,1.43812,1.43843,1.12,1.50
2016.05.31 18:36:21.778,1.43813,1.43843,1.37,1.75
2016.05.31 18:36:23.643,1.43813,1.43843,1.00,1.75
2016.05.31 18:36:30.673,1.43813,1.43843,1.00,1.50
2016.05.31 18:36:30.882,1.43811,1.43843,1.12,1.37
2016.05.31 18:36:32.689,1.43812,1.43844,1.37,1.75
2016.05.31 18:36:37.638,1.43812,1.43844,1.50,1.75
2016.05.31 18:36:38.173,1.43812,1.43843,1.87,1.00
2016.05.31 18:36:38.686,1.43812,1.43844,1.50,1.75
2016.05.31 18:36:39.546,1.43813,1.43843,1.12,1.00
2016.05.31 18:36:40.144,1.43813,1.43846,1.12,1.75
2016.05.31 18:36:40.450,1.43813,1.43846,1.50,1.75
2016.05.31 18:36:41.147,1.43813,1.43842,1.50,1.00
2016.05.31 18:36:42.168,1.43813,1.43842,1.12,1.00
2016.05.31 18:36:42.873,1.43813,1.43846,1.12,1.37
2016.05.31 18:36:43.690,1.43813,1.43846,1.37,1.37
2016.05.31 18:36:46.874,1.43815,1.43842,1.00,1.00
2016.05.31 18:36:47.181,1.43809,1.4384,1.37,1.75
2016.05.31 18:36:47.557,1.43807,1.43838,2.25,1.12
2016.05.31 18:36:47.660,1.43807,1.43833,2.25,1.00
2016.05.31 18:36:48.373,1.43806,1.43838,1.50,1.12
2016.05.31 18:36:49.974,1.43806,1.43838,1.12,1.12
2016.05.31 18:36:53.678,1.43806,1.43838,1.50,1.12
2016.05.31 18:36:53.780,1.43806,1.43838,1.12,1.12
2016.05.31 18:36:54.085,1.43805,1.43837,1.37,2.25
2016.05.31 18:36:57.692,1.43802,1.43834,1.75,1.75
2016.05.31 18:36:58.048,1.43802,1.43834,1.75,1.75
2016.05.31 18:36:58.597,1.43802,1.43831,1.75,1.00
2016.05.31 18:36:59.194,1.43802,1.4383,1.75,1.00
2016.05.31 18:36:59.718,1.43802,1.43834,1.75,1.75
2016.05.31 18:37:00.903,1.438,1.43827,1.75,1.12
2016.05.31 18:37:01.056,1.43792,1.4382,1.50,1.00
2016.05.31 18:37:09.076,1.43792,1.43826,1.50,2.62
2016.05.31 18:37:09.908,1.43792,1.43826,1.50,2.62
2016.05.31 18:37:10.961,1.43792,1.43826,1.87,2.25
2016.05.31 18:37:11.623,1.43792,1.43824,1.87,1.00
2016.05.31 18:37:12.136,1.43792,1.43826,1.87,3.00
2016.05.31 18:37:13.557,1.43792,1.43826,1.87,3.00
2016.05.31 18:37:16.045,1.43792,1.4382,1.00,1.00
2016.05.31 18:37:16.883,1.43792,1.43822,1.00,1.50
2016.05.31 18:37:18.361,1.43792,1.43822,1.00,1.50
2016.05.31 18:37:19.876,1.43792,1.43822,1.00,1.50
2016.05.31 18:37:20.466,1.43789,1.43822,1.12,1.75
2016.05.31 18:37:20.620,1.43789,1.43821,1.12,1.00
2016.05.31 18:37:21.134,1.43789,1.43822,1.75,1.75
2016.05.31 18:37:21.699,1.43789,1.43822,1.12,1.75
2016.05.31 18:37:23.692,1.4379,1.43821,1.12,1.50
2016.05.31 18:37:24.777,1.4379,1.43821,1.87,1.50
2016.05.31 18:37:25.028,1.4379,1.43821,1.12,1.75
2016.05.31 18:37:25.625,1.4379,1.43821,1.12,1.75
2016.05.31 18:37:26.789,1.43791,1.43821,1.12,1.75
2016.05.31 18:37:29.198,1.43787,1.43821,3.00,1.75
2016.05.31 18:37:29.705,1.43787,1.43821,3.00,1.75
2016.05.31 18:37:29.808,1.4379,1.43821,1.00,1.75
2016.05.31 18:37:30.364,1.4379,1.43817,1.00,1.00
2016.05.31 18:37:30.782,1.4379,1.43821,1.00,1.75
2016.05.31 18:37:31.087,1.43787,1.43816,1.50,1.37
2016.05.31 18:37:31.138,1.43787,1.43817,1.87,1.00
2016.05.31 18:37:31.240,1.43787,1.43819,2.25,1.12
2016.05.31 18:37:31.291,1.43787,1.43819,2.62,1.00
2016.05.31 18:37:31.612,1.43787,1.43819,1.12,1.50
2016.05.31 18:37:32.033,1.43787,1.43819,1.87,1.75
2016.05.31 18:37:32.434,1.43794,1.43819,2.25,1.00
2016.05.31 18:37:32.638,1.43788,1.43821,1.12,1.75
2016.05.31 18:37:32.792,1.43788,1.4382,1.12,1.37
2016.05.31 18:37:33.321,1.43788,1.4382,1.12,1.37
2016.05.31 18:37:33.868,1.43788,1.4382,1.00,1.12
2016.05.31 18:37:34.317,1.43789,1.43822,1.37,2.25
2016.05.31 18:37:34.648,1.4379,1.43822,1.12,1.00
2016.05.31 18:37:34.953,1.43795,1.43826,1.75,1.12
2016.05.31 18:37:35.755,1.43795,1.43826,1.87,1.50
2016.05.31 18:37:36.505,1.43795,1.43826,1.87,1.87
2016.05.31 18:37:38.412,1.43795,1.43826,1.12,1.50
2016.05.31 18:37:41.841,1.43796,1.43826,1.12,1.75
2016.05.31 18:37:42.657,1.43796,1.43824,1.12,1.00
2016.05.31 18:37:44.345,1.43796,1.43823,1.12,1.00
2016.05.31 18:37:44.752,1.43796,1.43825,1.12,1.00
2016.05.31 18:37:45.297,1.43796,1.43826,1.12,1.75
2016.05.31 18:37:46.054,1.43796,1.43825,1.12,1.00
2016.05.31 18:37:46.156,1.43796,1.43826,1.12,1.75
2016.05.31 18:37:46.686,1.43794,1.43825,1.87,1.00
2016.05.31 18:37:48.141,1.43795,1.43826,1.75,1.50
2016.05.31 18:37:48.645,1.43794,1.43826,2.25,1.50
2016.05.31 18:37:48.747,1.43795,1.43826,1.75,1.75
2016.05.31 18:37:49.351,1.43794,1.43826,1.87,1.75
2016.05.31 18:37:50.062,1.43795,1.43825,1.75,1.00
2016.05.31 18:37:51.132,1.43795,1.43826,1.75,1.75
2016.05.31 18:37:53.582,1.43794,1.43826,1.87,1.75
2016.05.31 18:37:53.842,1.43794,1.43824,1.37,1.75
2016.05.31 18:37:54.788,1.43794,1.43824,1.37,1.75
2016.05.31 18:37:55.499,1.43791,1.43824,1.87,1.75
2016.05.31 18:37:56.094,1.43792,1.43824,1.12,1.75
2016.05.31 18:37:56.627,1.43792,1.43824,1.12,1.50
2016.05.31 18:37:57.761,1.43799,1.43824,1.00,1.12
2016.05.31 18:37:59.475,1.43803,1.43826,2.25,1.00
2016.05.31 18:37:59.662,1.43806,1.43832,1.12,1.00
2016.05.31 18:38:01.549,1.43806,1.43836,1.87,1.75
2016.05.31 18:38:02.299,1.43806,1.43836,1.37,1.37
2016.05.31 18:38:03.381,1.43806,1.43836,1.37,1.37
2016.05.31 18:38:03.550,1.43802,1.43836,2.62,2.25
2016.05.31 18:38:03.805,1.43802,1.43832,1.87,1.75
2016.05.31 18:38:04.070,1.43802,1.4383,1.37,1.75
2016.05.31 18:38:04.223,1.43802,1.43828,1.37,1.00
2016.05.31 18:38:04.376,1.43802,1.43833,1.37,1.75
2016.05.31 18:38:04.928,1.43802,1.43832,1.50,1.00
2016.05.31 18:38:05.754,1.43802,1.43833,1.37,1.75
2016.05.31 18:38:06.357,1.43802,1.43833,1.37,1.75
2016.05.31 18:38:06.745,1.43802,1.43833,3.00,1.75
2016.05.31 18:38:07.287,1.43802,1.43833,3.00,1.75
2016.05.31 18:38:08.625,1.43802,1.43833,1.37,1.75
2016.05.31 18:38:09.162,1.43802,1.43833,1.37,1.75
2016.05.31 18:38:09.315,1.43802,1.43833,1.37,1.50
2016.05.31 18:38:09.937,1.43802,1.43833,3.00,1.50
2016.05.31 18:38:10.090,1.43802,1.43833,3.00,1.75
2016.05.31 18:38:11.325,1.43802,1.4383,3.00,1.00
2016.05.31 18:38:11.376,1.43802,1.4383,1.37,1.00
2016.05.31 18:38:13.293,1.43802,1.43833,1.37,1.75
2016.05.31 18:38:13.815,1.43802,1.43833,1.37,1.75
2016.05.31 18:38:14.474,1.43802,1.43833,1.37,1.75
2016.05.31 18:38:14.627,1.43802,1.43833,1.37,1.50
2016.05.31 18:38:14.729,1.43802,1.43833,1.37,1.12
2016.05.31 18:38:15.688,1.43802,1.43833,1.37,1.00
2016.05.31 18:38:16.046,1.43805,1.43833,1.00,1.12
2016.05.31 18:38:16.148,1.43807,1.43836,1.00,1.50
2016.05.31 18:38:16.200,1.43807,1.4384,1.75,1.37
2016.05.31 18:38:16.252,1.43808,1.4384,1.12,1.00
2016.05.31 18:38:16.355,1.43812,1.43841,2.25,1.37
2016.05.31 18:38:16.406,1.43812,1.43842,3.37,1.00
2016.05.31 18:38:16.609,1.43813,1.43846,1.50,3.00
2016.05.31 18:38:17.140,1.43816,1.43846,1.00,1.50
2016.05.31 18:38:18.356,1.43815,1.43846,1.12,2.25
2016.05.31 18:38:20.058,1.43816,1.43846,1.00,2.25
2016.05.31 18:38:21.852,1.43816,1.43846,1.00,1.50
2016.05.31 18:38:22.924,1.43816,1.43846,1.00,1.75
2016.05.31 18:38:23.481,1.43816,1.43846,1.50,1.75
2016.05.31 18:38:24.024,1.43816,1.43846,1.50,1.00
2016.05.31 18:38:24.495,1.43817,1.43849,1.75,1.75
2016.05.31 18:38:25.076,1.43818,1.43849,1.12,1.75
2016.05.31 18:38:25.852,1.4382,1.43848,1.00,1.00
2016.05.31 18:38:26.360,1.4382,1.43847,1.00,1.00
2016.05.31 18:38:26.990,1.4382,1.43851,1.00,1.75
2016.05.31 18:38:27.826,1.43819,1.43851,1.37,1.75
2016.05.31 18:38:29.526,1.43819,1.43849,1.37,1.00
2016.05.31 18:38:30.150,1.4382,1.43851,1.00,1.37
2016.05.31 18:38:30.303,1.43822,1.43851,2.25,1.12
2016.05.31 18:38:30.456,1.43822,1.43853,3.00,1.00
2016.05.31 18:38:30.914,1.43822,1.43852,3.75,1.50
2016.05.31 18:38:31.240,1.43822,1.43848,2.25,1.50
2016.05.31 18:38:31.393,1.43815,1.43848,3.37,1.50
2016.05.31 18:38:31.445,1.43815,1.43843,3.37,1.00
2016.05.31 18:38:31.598,1.43811,1.43843,1.50,1.50
2016.05.31 18:38:31.650,1.43809,1.43839,1.50,1.00
2016.05.31 18:38:36.914,1.43809,1.43843,1.50,1.75
2016.05.31 18:38:39.196,1.43809,1.43843,1.50,1.75
2016.05.31 18:38:39.732,1.43809,1.43843,1.50,1.75
2016.05.31 18:38:40.217,1.43808,1.43836,2.25,1.37
2016.05.31 18:38:40.419,1.43805,1.43836,1.00,1.75
2016.05.31 18:38:40.938,1.43805,1.43836,1.00,1.75
2016.05.31 18:38:40.995,1.43805,1.43832,1.00,1.00
2016.05.31 18:38:42.905,1.43805,1.43836,1.00,1.75
2016.05.31 18:38:45.603,1.43805,1.43833,1.00,1.00
2016.05.31 18:38:48.135,1.43805,1.43836,1.00,1.75
2016.05.31 18:38:50.015,1.43805,1.43836,1.00,1.50
2016.05.31 18:38:50.813,1.43805,1.43836,1.00,1.50
2016.05.31 18:38:50.915,1.43806,1.43836,1.00,1.50
2016.05.31 18:38:51.220,1.43806,1.4384,1.50,1.75
2016.05.31 18:38:51.664,1.43806,1.43837,1.50,1.75
2016.05.31 18:38:51.920,1.43806,1.43834,1.00,1.00
2016.05.31 18:38:52.429,1.43805,1.43837,1.37,1.75
2016.05.31 18:38:53.822,1.43805,1.43837,1.87,1.75
2016.05.31 18:38:54.077,1.43806,1.43836,1.50,1.00
2016.05.31 18:38:54.128,1.43806,1.43837,1.12,1.75
2016.05.31 18:38:54.518,1.43806,1.43835,1.00,1.00
2016.05.31 18:38:54.570,1.43806,1.43833,1.00,1.00
2016.05.31 18:38:55.077,1.43806,1.43837,1.00,1.75
2016.05.31 18:38:55.772,1.43806,1.43837,1.00,1.75
2016.05.31 18:38:58.478,1.43806,1.43833,1.00,1.00
2016.05.31 18:39:00.238,1.43806,1.43837,1.00,1.75
2016.05.31 18:39:02.324,1.43805,1.43837,1.12,1.75
2016.05.31 18:39:02.734,1.43806,1.43837,1.37,1.87
2016.05.31 18:39:02.836,1.43808,1.43841,1.00,1.75
2016.05.31 18:39:03.403,1.43808,1.43841,1.00,1.75
2016.05.31 18:39:04.107,1.43808,1.43841,2.62,1.75
2016.05.31 18:39:04.547,1.43808,1.43841,2.62,1.75
2016.05.31 18:39:04.910,1.43808,1.43841,3.00,1.87
2016.05.31 18:39:04.962,1.43808,1.43836,3.00,1.00
2016.05.31 18:39:05.166,1.43808,1.43841,3.00,1.87
2016.05.31 18:39:05.687,1.43808,1.43841,3.00,1.87
2016.05.31 18:39:05.903,1.43808,1.43837,1.37,1.00
2016.05.31 18:39:06.456,1.43808,1.43841,1.37,1.87
2016.05.31 18:39:10.322,1.43808,1.43841,1.37,1.87
2016.05.31 18:39:11.690,1.43808,1.43841,1.50,1.87
2016.05.31 18:39:12.213,1.43808,1.43841,1.37,1.87
2016.05.31 18:39:13.390,1.43806,1.43841,1.87,1.87
2016.05.31 18:39:13.493,1.43806,1.43833,1.12,1.75
2016.05.31 18:39:15.051,1.43801,1.43833,1.75,1.75
2016.05.31 18:39:15.789,1.43801,1.43833,1.12,1.75
2016.05.31 18:39:16.025,1.43801,1.43833,1.12,1.75
2016.05.31 18:39:16.279,1.43801,1.43833,1.12,1.75
2016.05.31 18:39:17.792,1.43801,1.43833,1.87,1.75
2016.05.31 18:39:17.894,1.438,1.43828,1.50,1.75
2016.05.31 18:39:18.199,1.438,1.43828,1.50,1.37
2016.05.31 18:39:18.352,1.438,1.43832,1.50,1.75
2016.05.31 18:39:18.607,1.43801,1.43831,1.00,1.00
2016.05.31 18:39:18.709,1.43801,1.43832,2.25,1.00
2016.05.31 18:39:19.012,1.43802,1.43835,1.75,1.12
2016.05.31 18:39:19.580,1.43804,1.43835,1.00,1.37
2016.05.31 18:39:20.883,1.43804,1.43835,1.12,1.50
2016.05.31 18:39:21.566,1.43804,1.43835,1.50,1.50
2016.05.31 18:39:22.988,1.43803,1.43835,1.50,1.75
2016.05.31 18:39:23.395,1.43803,1.43832,1.37,1.00
2016.05.31 18:39:24.969,1.43803,1.43835,1.37,1.75
2016.05.31 18:39:25.173,1.43804,1.43835,1.00,1.75
2016.05.31 18:39:25.682,1.43802,1.43832,2.25,1.75
2016.05.31 18:39:26.364,1.43804,1.43834,1.00,1.37
2016.05.31 18:39:26.871,1.43805,1.43837,1.00,1.75
2016.05.31 18:39:29.236,1.43806,1.43837,1.00,1.75
2016.05.31 18:39:33.308,1.43806,1.43837,1.87,1.75
2016.05.31 18:39:33.837,1.43806,1.43837,1.00,1.75
2016.05.31 18:39:38.337,1.43806,1.43837,1.00,1.75
2016.05.31 18:39:38.848,1.43806,1.43837,1.00,1.75
2016.05.31 18:39:39.328,1.43804,1.43837,3.00,1.75
2016.05.31 18:39:44.737,1.43806,1.43837,1.00,1.75
2016.05.31 18:39:49.977,1.43804,1.43837,1.87,1.75
2016.05.31 18:39:50.231,1.43811,1.43842,1.50,1.75
2016.05.31 18:39:50.333,1.43811,1.43841,1.87,1.00
2016.05.31 18:39:50.836,1.43815,1.43842,1.00,1.12
2016.05.31 18:39:51.754,1.43815,1.43842,1.37,1.12
2016.05.31 18:39:52.328,1.43815,1.43842,1.87,1.50
2016.05.31 18:39:53.145,1.43815,1.43842,1.00,1.50
2016.05.31 18:39:55.006,1.43815,1.43842,1.00,1.50
2016.05.31 18:39:55.562,1.43815,1.43842,1.00,1.37
2016.05.31 18:40:00.275,1.43815,1.43842,1.00,1.00
2016.05.31 18:40:00.529,1.43815,1.43848,2.70,1.12
2016.05.31 18:40:01.123,1.43819,1.4385,1.37,1.87
2016.05.31 18:40:01.802,1.43819,1.4385,1.37,1.50
2016.05.31 18:40:02.578,1.43819,1.4385,1.75,1.00
2016.05.31 18:40:02.629,1.43819,1.4385,1.75,1.00
2016.05.31 18:40:02.962,1.43822,1.43854,3.37,1.75
2016.05.31 18:40:03.065,1.43822,1.43852,4.12,1.00
2016.05.31 18:40:03.319,1.43822,1.43854,2.62,1.50
2016.05.31 18:40:04.495,1.43827,1.43857,1.75,1.50
2016.05.31 18:40:04.957,1.43826,1.43861,4.50,1.75
2016.05.31 18:40:05.566,1.43831,1.43861,1.12,1.75
2016.05.31 18:40:05.718,1.43831,1.43861,1.12,1.75
2016.05.31 18:40:05.989,1.43829,1.43861,1.12,1.12
2016.05.31 18:40:06.044,1.43833,1.43861,1.00,1.00
2016.05.31 18:40:06.095,1.43834,1.43862,2.25,1.87
2016.05.31 18:40:06.606,1.43837,1.43869,1.37,1.75
2016.05.31 18:40:06.912,1.43837,1.43869,1.37,1.75
2016.05.31 18:40:07.237,1.43834,1.43864,2.25,1.75
2016.05.31 18:40:07.288,1.43832,1.43864,1.37,1.75
2016.05.31 18:40:07.339,1.43832,1.43859,1.37,1.00
2016.05.31 18:40:07.859,1.43832,1.43865,1.37,1.87
2016.05.31 18:40:08.619,1.43832,1.43862,1.37,1.75
2016.05.31 18:40:09.127,1.43832,1.43861,1.37,1.75
2016.05.31 18:40:09.636,1.4383,1.43861,2.25,2.25
2016.05.31 18:40:10.058,1.43827,1.43861,2.62,3.00
2016.05.31 18:40:12.152,1.43827,1.43861,2.62,2.25
2016.05.31 18:40:12.862,1.43827,1.43861,2.62,2.25
2016.05.31 18:40:13.400,1.43827,1.43861,2.62,2.25
2016.05.31 18:40:15.072,1.43827,1.43853,1.00,1.50
2016.05.31 18:40:15.204,1.43827,1.43853,1.00,1.75
2016.05.31 18:40:15.650,1.43827,1.43853,1.00,1.75
2016.05.31 18:40:17.551,1.43827,1.43852,1.12,1.00
2016.05.31 18:40:18.041,1.43827,1.43853,1.00,1.75
2016.05.31 18:40:21.532,1.43827,1.43853,1.00,1.75
2016.05.31 18:40:23.334,1.43827,1.43853,1.00,1.75
2016.05.31 18:40:23.877,1.43827,1.43853,1.00,1.75
2016.05.31 18:40:26.189,1.43827,1.43853,1.00,1.75
2016.05.31 18:40:28.786,1.43827,1.43851,1.00,1.37
2016.05.31 18:40:28.838,1.43822,1.43851,2.25,1.75
2016.05.31 18:40:28.992,1.43824,1.4385,1.37,1.00
2016.05.31 18:40:29.496,1.43824,1.43851,1.37,1.75
2016.05.31 18:40:32.410,1.43822,1.43851,1.12,1.75
2016.05.31 18:40:32.512,1.43819,1.43851,1.12,1.75
2016.05.31 18:40:32.614,1.43819,1.43851,1.12,1.75
2016.05.31 18:40:32.818,1.43813,1.43839,1.87,1.00
2016.05.31 18:40:33.022,1.43811,1.43843,2.62,1.87
2016.05.31 18:40:34.149,1.43809,1.43843,1.50,1.87
2016.05.31 18:40:34.505,1.43808,1.4384,1.12,1.75
2016.05.31 18:40:35.052,1.43808,1.4384,1.12,1.75
2016.05.31 18:40:37.209,1.43809,1.43838,1.37,1.00
2016.05.31 18:40:38.815,1.43809,1.4384,1.37,1.75
2016.05.31 18:40:43.787,1.43809,1.4384,1.12,1.75
2016.05.31 18:40:47.497,1.43808,1.4384,1.12,1.75
2016.05.31 18:40:47.898,1.43805,1.43829,2.25,1.00
2016.05.31 18:40:50.236,1.43802,1.43833,1.00,1.75
2016.05.31 18:40:50.541,1.43802,1.43833,1.00,2.25
2016.05.31 18:40:51.917,1.43802,1.4383,1.00,1.75
2016.05.31 18:40:53.514,1.43799,1.4383,1.75,1.75
2016.05.31 18:40:54.161,1.43798,1.43826,1.87,1.00
2016.05.31 18:41:00.257,1.43799,1.43828,1.75,1.75
2016.05.31 18:41:00.360,1.43797,1.43828,1.37,1.75
2016.05.31 18:41:00.859,1.43797,1.43828,1.12,1.75
2016.05.31 18:41:01.063,1.43794,1.43819,2.25,1.12
2016.05.31 18:41:01.596,1.43794,1.43824,2.25,1.75
2016.05.31 18:41:01.647,1.43794,1.43824,2.25,1.75
2016.05.31 18:41:01.978,1.43794,1.43824,2.62,1.75
2016.05.31 18:41:02.488,1.43794,1.43824,1.12,1.75
2016.05.31 18:41:03.069,1.43794,1.43824,1.12,1.75
2016.05.31 18:41:03.584,1.43796,1.43824,1.00,1.75
2016.05.31 18:41:04.137,1.43792,1.43824,1.75,1.75
2016.05.31 18:41:04.367,1.43793,1.43824,1.75,1.75
2016.05.31 18:41:05.456,1.43793,1.4382,1.00,1.00
2016.05.31 18:41:05.761,1.43793,1.43822,1.00,1.00
2016.05.31 18:41:05.863,1.43793,1.43824,1.00,1.75
2016.05.31 18:41:06.990,1.43792,1.43824,1.12,1.75
2016.05.31 18:41:07.143,1.43784,1.43815,2.62,1.37
2016.05.31 18:41:07.245,1.43784,1.43815,2.25,1.87
2016.05.31 18:41:07.702,1.43784,1.43815,1.87,1.50
2016.05.31 18:41:08.899,1.43786,1.43815,1.00,1.50
2016.05.31 18:41:09.401,1.43786,1.43815,1.00,1.50
2016.05.31 18:41:10.689,1.43786,1.43815,1.00,1.75
2016.05.31 18:41:12.166,1.43786,1.43815,1.00,1.75
2016.05.31 18:41:12.981,1.43786,1.43815,1.00,1.75
2016.05.31 18:41:13.888,1.43786,1.43815,1.00,1.75
2016.05.31 18:41:13.991,1.43786,1.43815,1.00,1.50
2016.05.31 18:41:15.689,1.43786,1.43815,1.00,1.37
2016.05.31 18:41:16.016,1.43778,1.43808,2.25,1.00
2016.05.31 18:41:16.068,1.43779,1.43808,1.00,1.00
2016.05.31 18:41:16.782,1.43779,1.43812,1.00,1.75
2016.05.31 18:41:17.515,1.43779,1.43808,1.37,1.00
2016.05.31 18:41:18.094,1.43779,1.43812,1.12,1.75
2016.05.31 18:41:18.298,1.43776,1.43806,1.00,1.75
2016.05.31 18:41:18.400,1.43776,1.43806,1.37,1.12
2016.05.31 18:41:18.452,1.43775,1.43808,3.00,1.12
2016.05.31 18:41:18.739,1.43778,1.4381,1.12,1.75
2016.05.31 18:41:19.248,1.43779,1.4381,1.50,1.37
2016.05.31 18:41:19.788,1.43779,1.43811,2.25,1.75
2016.05.31 18:41:21.292,1.43781,1.43812,1.00,1.75
2016.05.31 18:41:21.642,1.4378,1.43812,1.00,1.75
2016.05.31 18:41:22.312,1.4378,1.43812,1.00,1.75
2016.05.31 18:41:22.567,1.43778,1.43806,1.00,1.00
2016.05.31 18:41:22.618,1.43778,1.4381,1.00,1.75
2016.05.31 18:41:23.022,1.43778,1.43807,1.00,1.00
2016.05.31 18:41:23.515,1.43778,1.4381,1.00,1.75
2016.05.31 18:41:26.755,1.43778,1.4381,1.00,1.75
2016.05.31 18:41:27.263,1.43778,1.43803,1.00,1.00
2016.05.31 18:41:27.619,1.43778,1.43807,1.00,1.75
2016.05.31 18:41:27.882,1.43778,1.43806,1.00,1.00
2016.05.31 18:41:28.036,1.43782,1.4381,1.00,1.12
2016.05.31 18:41:28.341,1.43789,1.43817,1.75,1.12
2016.05.31 18:41:28.655,1.43788,1.4382,1.75,1.50
2016.05.31 18:41:30.373,1.43789,1.43816,1.75,1.37
2016.05.31 18:41:30.476,1.43786,1.43816,1.00,1.75
2016.05.31 18:41:31.006,1.43786,1.43812,1.00,1.00
2016.05.31 18:41:31.776,1.43785,1.43814,1.00,1.75
2016.05.31 18:41:31.878,1.43785,1.43818,1.50,1.75
2016.05.31 18:41:31.981,1.43785,1.43819,2.25,1.87
2016.05.31 18:41:32.261,1.43788,1.43819,1.12,1.00
2016.05.31 18:41:32.862,1.43787,1.43819,2.62,1.37
2016.05.31 18:41:33.470,1.43788,1.43821,1.87,1.75
2016.05.31 18:41:34.866,1.4379,1.43821,1.50,1.75
2016.05.31 18:41:36.155,1.4379,1.43821,1.50,1.75
2016.05.31 18:41:36.460,1.43791,1.43813,1.00,1.00
2016.05.31 18:41:36.612,1.43785,1.43812,1.50,1.00
2016.05.31 18:41:36.664,1.43785,1.43817,1.50,1.75
2016.05.31 18:41:37.753,1.43785,1.43813,1.50,1.75
2016.05.31 18:41:37.804,1.43782,1.43813,1.50,1.75
2016.05.31 18:41:38.345,1.43781,1.43813,3.37,1.75
2016.05.31 18:41:39.394,1.43782,1.43811,1.37,1.00
2016.05.31 18:41:42.674,1.43783,1.43811,2.25,1.00
2016.05.31 18:41:43.056,1.43783,1.43815,4.12,1.37
2016.05.31 18:41:43.107,1.43788,1.43819,2.25,2.62
2016.05.31 18:41:43.261,1.43788,1.43816,2.25,1.00
2016.05.31 18:41:43.567,1.43788,1.43819,2.25,1.87
2016.05.31 18:41:43.670,1.43788,1.43819,2.25,1.87
2016.05.31 18:41:44.212,1.43788,1.43819,2.25,1.87
2016.05.31 18:41:44.519,1.43786,1.43819,2.62,1.87
2016.05.31 18:41:45.713,1.43786,1.43811,2.62,1.00
2016.05.31 18:41:46.213,1.43793,1.43816,2.25,1.37
2016.05.31 18:41:46.316,1.43793,1.4382,2.25,1.37
2016.05.31 18:41:46.367,1.43793,1.4382,2.25,1.37
2016.05.31 18:41:46.469,1.43793,1.43819,2.25,1.00
2016.05.31 18:41:47.124,1.43793,1.43818,2.25,1.00
2016.05.31 18:41:47.411,1.43788,1.43821,2.62,1.12
2016.05.31 18:41:49.108,1.4379,1.43822,3.00,1.75
2016.05.31 18:41:51.109,1.43786,1.43816,1.87,1.37
2016.05.31 18:41:51.160,1.43786,1.43816,1.95,1.37
2016.05.31 18:41:51.313,1.43788,1.43818,1.37,1.00
2016.05.31 18:41:51.648,1.43791,1.43816,2.25,1.00
2016.05.31 18:41:52.158,1.43791,1.43821,2.25,1.75
2016.05.31 18:41:52.810,1.43788,1.43821,3.37,1.75
2016.05.31 18:41:54.028,1.43787,1.43818,1.00,1.12
2016.05.31 18:41:54.262,1.43785,1.43815,2.25,1.50
2016.05.31 18:41:54.829,1.43785,1.43818,2.62,1.87
2016.05.31 18:41:55.086,1.43788,1.43818,2.25,1.87
2016.05.31 18:41:55.407,1.43788,1.43818,2.62,1.12
2016.05.31 18:41:55.910,1.43791,1.43821,1.00,1.12
2016.05.31 18:41:56.334,1.43788,1.43816,2.25,1.37
2016.05.31 18:41:56.436,1.4379,1.43819,1.00,1.75
2016.05.31 18:41:56.539,1.43791,1.43816,2.25,1.00
2016.05.31 18:41:57.133,1.43791,1.43819,2.25,1.50
2016.05.31 18:41:57.730,1.43792,1.43819,2.25,1.50
2016.05.31 18:41:59.440,1.43789,1.43817,2.62,1.00
2016.05.31 18:42:00.423,1.43789,1.43819,2.25,1.12
2016.05.31 18:42:00.728,1.43786,1.43818,1.87,1.87
2016.05.31 18:42:00.830,1.43786,1.43818,1.87,1.87
2016.05.31 18:42:01.347,1.43786,1.43818,1.87,1.50
2016.05.31 18:42:01.777,1.43786,1.43818,1.87,1.87
2016.05.31 18:42:03.659,1.43786,1.43818,1.87,1.87
2016.05.31 18:42:03.988,1.43789,1.43818,1.87,1.87
2016.05.31 18:42:05.197,1.43785,1.43812,2.25,1.00
2016.05.31 18:42:05.248,1.43785,1.43818,2.25,1.87
2016.05.31 18:42:05.758,1.43785,1.43811,2.25,1.00
2016.05.31 18:42:08.251,1.43785,1.43818,1.00,1.87
2016.05.31 18:42:08.747,1.43785,1.43818,1.00,1.87
2016.05.31 18:42:09.341,1.43785,1.43812,2.62,1.00
2016.05.31 18:42:09.875,1.43785,1.43818,2.62,1.87
2016.05.31 18:42:10.871,1.43784,1.43818,3.75,1.87
2016.05.31 18:42:11.471,1.43784,1.43818,3.75,1.87
2016.05.31 18:42:12.901,1.43785,1.43818,2.62,1.87
2016.05.31 18:42:13.429,1.43785,1.43813,2.62,1.00
2016.05.31 18:42:13.581,1.43785,1.43811,2.62,1.00
2016.05.31 18:42:14.239,1.43783,1.43811,1.12,1.00
2016.05.31 18:42:14.706,1.43783,1.43815,1.12,1.75
2016.05.31 18:42:15.078,1.43782,1.43814,2.25,1.75
2016.05.31 18:42:15.180,1.43783,1.43812,1.00,1.37
2016.05.31 18:42:15.333,1.43784,1.43816,1.12,1.50
2016.05.31 18:42:15.435,1.43785,1.43816,2.25,1.50
2016.05.31 18:42:15.759,1.43785,1.43816,2.25,1.75
2016.05.31 18:42:16.297,1.43785,1.43816,2.25,1.75
2016.05.31 18:42:16.573,1.43784,1.43816,3.00,1.75
2016.05.31 18:42:17.310,1.43784,1.43816,3.00,1.75
2016.05.31 18:42:17.831,1.43784,1.43816,3.00,1.75
2016.05.31 18:42:22.079,1.43785,1.43816,2.25,1.37
2016.05.31 18:42:23.452,1.43784,1.43814,1.37,1.00
2016.05.31 18:42:23.503,1.43784,1.4381,1.37,1.37
2016.05.31 18:42:23.706,1.43782,1.4381,2.62,1.50
2016.05.31 18:42:26.421,1.43782,1.43814,2.62,1.12
2016.05.31 18:42:26.675,1.43782,1.43814,2.62,1.12
2016.05.31 18:42:27.327,1.43782,1.43813,2.62,1.75
2016.05.31 18:42:28.154,1.43782,1.43813,1.00,1.75
2016.05.31 18:42:28.809,1.43782,1.43813,1.00,1.75
2016.05.31 18:42:29.116,1.43782,1.43813,1.00,1.75
2016.05.31 18:42:29.917,1.43782,1.43813,1.00,1.75
2016.05.31 18:42:30.484,1.43782,1.43813,1.00,1.75
2016.05.31 18:42:30.986,1.43782,1.43813,1.00,1.75
2016.05.31 18:42:31.531,1.43782,1.43813,1.00,1.75
2016.05.31 18:42:32.158,1.43782,1.43813,2.62,1.75
2016.05.31 18:42:32.590,1.43782,1.4381,2.62,1.00
2016.05.31 18:42:32.845,1.43782,1.43813,2.62,1.75
2016.05.31 18:42:33.139,1.43782,1.43811,2.62,1.50
2016.05.31 18:42:33.191,1.43783,1.43814,1.12,1.12
2016.05.31 18:42:33.512,1.43782,1.43813,1.87,1.00
2016.05.31 18:42:33.563,1.43787,1.43813,2.25,1.00
2016.05.31 18:42:33.615,1.43787,1.43815,2.25,1.87
2016.05.31 18:42:34.042,1.43787,1.43815,2.62,1.50
2016.05.31 18:42:34.752,1.43786,1.43815,1.12,1.50
2016.05.31 18:42:35.623,1.43785,1.43815,2.62,1.75
2016.05.31 18:42:36.160,1.43785,1.43815,2.25,1.87
2016.05.31 18:42:36.212,1.43785,1.43811,2.25,1.00
2016.05.31 18:42:36.263,1.43783,1.43811,1.00,1.00
2016.05.31 18:42:37.129,1.43783,1.43812,1.00,1.37
2016.05.31 18:42:37.360,1.43782,1.43812,3.00,1.75
2016.05.31 18:42:37.868,1.43782,1.43812,3.00,1.75
2016.05.31 18:42:38.453,1.43782,1.4381,3.00,1.00
2016.05.31 18:42:38.886,1.43782,1.43812,1.12,1.75
2016.05.31 18:42:39.039,1.43782,1.4381,1.12,1.00
2016.05.31 18:42:39.546,1.43782,1.43812,1.12,1.75
2016.05.31 18:42:40.148,1.43782,1.43812,1.37,1.75
2016.05.31 18:42:42.646,1.43782,1.43812,1.37,1.75
2016.05.31 18:42:43.170,1.43781,1.43812,1.12,1.37
2016.05.31 18:42:44.957,1.43781,1.43812,1.12,1.75
2016.05.31 18:42:45.263,1.4378,1.43805,2.25,1.37
2016.05.31 18:42:45.568,1.43776,1.438,2.25,1.00
2016.05.31 18:42:45.890,1.43776,1.43801,2.25,1.75
2016.05.31 18:42:46.678,1.4377,1.43798,1.50,1.00
2016.05.31 18:42:47.160,1.4377,1.438,1.50,1.12
2016.05.31 18:42:47.469,1.4377,1.43801,1.50,1.75
2016.05.31 18:42:47.778,1.43767,1.43796,1.00,1.12
2016.05.31 18:42:47.931,1.43763,1.43796,1.00,1.87
2016.05.31 18:42:48.084,1.43761,1.43793,1.50,1.50
2016.05.31 18:42:48.593,1.43761,1.4379,1.50,1.00
2016.05.31 18:42:48.926,1.43759,1.4379,1.75,1.50
2016.05.31 18:42:49.434,1.43759,1.4379,1.75,1.75
2016.05.31 18:42:49.942,1.4376,1.4379,1.75,1.50
2016.05.31 18:42:50.449,1.43759,1.4379,1.87,1.37
2016.05.31 18:42:50.702,1.43758,1.43787,1.00,1.00
2016.05.31 18:42:51.244,1.43758,1.43787,1.00,1.37
2016.05.31 18:42:51.600,1.43754,1.43787,2.55,1.87
2016.05.31 18:42:52.328,1.43755,1.43785,1.00,1.00
2016.05.31 18:42:52.430,1.43754,1.43787,1.87,1.87
2016.05.31 18:42:52.745,1.43754,1.43787,1.50,1.87
2016.05.31 18:42:53.051,1.43752,1.43784,1.12,1.75
2016.05.31 18:42:53.609,1.43752,1.43784,1.37,1.50
2016.05.31 18:42:53.712,1.43752,1.43784,1.37,1.50
2016.05.31 18:42:56.514,1.43751,1.43784,1.87,1.75
2016.05.31 18:42:56.820,1.43751,1.43781,1.00,1.75
2016.05.31 18:42:57.352,1.4375,1.43781,1.00,1.75
2016.05.31 18:42:57.823,1.43752,1.43784,1.37,1.87
2016.05.31 18:42:57.875,1.43752,1.43784,1.50,1.00
2016.05.31 18:42:57.926,1.43757,1.43787,1.00,1.50
2016.05.31 18:42:58.231,1.43757,1.43788,1.00,2.25
2016.05.31 18:43:01.007,1.43757,1.43787,1.00,1.50
2016.05.31 18:43:01.213,1.43757,1.43791,1.50,2.62
2016.05.31 18:43:01.743,1.43758,1.4379,1.00,1.00
2016.05.31 18:43:02.052,1.43761,1.43791,1.00,1.75
2016.05.31 18:43:02.920,1.43761,1.4379,1.00,1.00
2016.05.31 18:43:03.499,1.43761,1.43791,1.00,1.75
2016.05.31 18:43:05.544,1.43761,1.43791,1.00,1.75
2016.05.31 18:43:05.950,1.43761,1.43791,1.12,1.50
2016.05.31 18:43:06.479,1.43761,1.43791,1.87,1.12
2016.05.31 18:43:07.059,1.43761,1.43792,1.00,1.00
2016.05.31 18:43:09.525,1.43761,1.43794,2.25,1.37
2016.05.31 18:43:10.038,1.43765,1.43794,1.50,1.00
2016.05.31 18:43:10.562,1.43766,1.43794,1.00,1.12
2016.05.31 18:43:10.934,1.43766,1.43794,1.00,1.37
2016.05.31 18:43:11.240,1.43766,1.43798,1.75,1.00
2016.05.31 18:43:11.343,1.43765,1.43798,1.37,1.50
2016.05.31 18:43:11.772,1.43765,1.43798,2.25,1.00
2016.05.31 18:43:12.284,1.43768,1.43798,1.87,1.00
2016.05.31 18:43:12.335,1.43771,1.43802,1.00,1.50
2016.05.31 18:43:12.437,1.43768,1.43802,2.62,2.25
2016.05.31 18:43:12.983,1.43769,1.43801,1.87,1.50
2016.05.31 18:43:13.034,1.43769,1.43801,1.87,1.50
2016.05.31 18:43:13.187,1.4377,1.43801,1.00,1.50
2016.05.31 18:43:13.697,1.43769,1.43801,1.12,1.75
2016.05.31 18:43:13.850,1.43769,1.43801,1.50,1.50
2016.05.31 18:43:14.282,1.43769,1.43802,2.62,1.12
2016.05.31 18:43:14.790,1.43773,1.43802,1.00,1.50
2016.05.31 18:43:15.105,1.43773,1.43803,1.00,1.75
2016.05.31 18:43:15.654,1.43773,1.43803,1.00,1.75
2016.05.31 18:43:16.471,1.43769,1.43803,1.75,1.87
2016.05.31 18:43:16.686,1.43764,1.43794,1.12,1.75
2016.05.31 18:43:16.840,1.43766,1.43794,1.00,1.75
2016.05.31 18:43:17.578,1.43766,1.43794,1.00,1.75
2016.05.31 18:43:17.914,1.43764,1.43794,1.12,1.75
2016.05.31 18:43:18.195,1.43761,1.43791,2.25,1.75
2016.05.31 18:43:18.348,1.43759,1.43791,1.00,1.75
2016.05.31 18:43:18.399,1.43757,1.43787,1.87,1.75
2016.05.31 18:43:19.176,1.43757,1.43787,2.25,1.12
2016.05.31 18:43:19.390,1.43763,1.43794,1.12,1.75
2016.05.31 18:43:20.133,1.43765,1.43794,1.00,1.75
2016.05.31 18:43:20.184,1.43768,1.43794,1.50,1.00
2016.05.31 18:43:20.236,1.43768,1.43797,1.50,1.37
2016.05.31 18:43:20.440,1.43768,1.43799,1.50,1.50
2016.05.31 18:43:20.586,1.43768,1.43795,1.50,1.12
2016.05.31 18:43:20.892,1.43765,1.438,1.75,1.75
2016.05.31 18:43:20.994,1.43766,1.43795,1.12,1.12
2016.05.31 18:43:21.147,1.43762,1.43795,1.50,1.12
2016.05.31 18:43:21.401,1.43761,1.43793,1.87,1.75
2016.05.31 18:43:22.002,1.43761,1.43793,1.87,1.50
2016.05.31 18:43:22.270,1.4376,1.43793,1.87,1.75
2016.05.31 18:43:22.780,1.43761,1.43793,1.12,1.75
2016.05.31 18:43:23.331,1.43761,1.43793,1.12,1.75
2016.05.31 18:43:24.578,1.4376,1.43793,2.25,1.75
2016.05.31 18:43:24.782,1.4376,1.43787,1.12,1.00
2016.05.31 18:43:25.410,1.4376,1.4379,1.12,1.12
2016.05.31 18:43:25.986,1.43758,1.4379,1.87,1.12
2016.05.31 18:43:26.050,1.43758,1.43792,2.25,1.12
2016.05.31 18:43:26.102,1.43764,1.43793,1.12,1.12
2016.05.31 18:43:26.206,1.43764,1.43792,1.50,1.00
2016.05.31 18:43:26.796,1.43764,1.43796,1.50,1.87
2016.05.31 18:43:26.972,1.43764,1.43796,1.12,1.87
2016.05.31 18:43:28.154,1.43765,1.43796,1.00,1.87
2016.05.31 18:43:28.206,1.43765,1.43796,1.37,1.75
2016.05.31 18:43:29.795,1.43766,1.43796,1.37,1.50
2016.05.31 18:43:29.896,1.43766,1.43796,1.50,1.12
2016.05.31 18:43:30.100,1.43769,1.43799,1.12,1.12
2016.05.31 18:43:30.375,1.43761,1.4379,1.00,1.12
2016.05.31 18:43:30.579,1.43761,1.43794,1.87,1.50
2016.05.31 18:43:32.032,1.43761,1.43794,1.00,1.50
2016.05.31 18:43:32.566,1.43761,1.43794,1.12,1.50
2016.05.31 18:43:32.936,1.43761,1.43791,1.00,1.37
2016.05.31 18:43:33.089,1.43758,1.43789,1.00,1.75
2016.05.31 18:43:33.632,1.43758,1.43787,1.00,1.00
2016.05.31 18:43:35.654,1.43758,1.43789,1.12,1.50
2016.05.31 18:43:36.627,1.43758,1.43789,1.87,1.50
2016.05.31 18:43:36.729,1.43758,1.43789,2.62,1.50
2016.05.31 18:43:37.280,1.43758,1.43787,2.62,1.00
2016.05.31 18:43:38.242,1.4376,1.43789,1.87,1.75
2016.05.31 18:43:38.825,1.43755,1.43786,1.12,1.50
2016.05.31 18:43:39.070,1.43755,1.43786,1.12,1.50
2016.05.31 18:43:40.092,1.43755,1.43786,3.00,1.75
2016.05.31 18:43:40.822,1.43759,1.43786,2.25,1.75
2016.05.31 18:43:40.924,1.43759,1.43786,2.25,1.00
2016.05.31 18:43:41.534,1.43759,1.43789,2.25,1.87
2016.05.31 18:43:41.636,1.43763,1.43789,2.25,1.87
2016.05.31 18:43:42.171,1.43763,1.43793,2.25,1.12
2016.05.31 18:43:42.923,1.43763,1.43793,2.25,1.12
2016.05.31 18:43:43.659,1.43763,1.43791,2.25,1.00
2016.05.31 18:43:44.024,1.4376,1.43793,3.00,1.12
2016.05.31 18:43:45.026,1.4376,1.43793,3.00,1.12
2016.05.31 18:43:45.332,1.43754,1.43785,1.37,1.87
2016.05.31 18:43:45.910,1.43753,1.4378,2.25,1.00
2016.05.31 18:43:46.215,1.43753,1.43783,2.25,1.75
2016.05.31 18:43:46.521,1.43753,1.43776,2.25,1.00
2016.05.31 18:43:46.828,1.43753,1.4378,2.25,1.75
2016.05.31 18:43:47.342,1.43747,1.4378,3.00,1.75
2016.05.31 18:43:47.495,1.43747,1.4378,1.50,1.75
2016.05.31 18:43:48.005,1.43747,1.4378,1.87,1.75
2016.05.31 18:43:48.107,1.43747,1.4378,1.87,1.50
2016.05.31 18:43:48.210,1.43751,1.4378,1.00,1.50
2016.05.31 18:43:49.133,1.43751,1.4378,1.00,1.75
2016.05.31 18:43:49.617,1.43751,1.4378,1.00,1.75
2016.05.31 18:43:50.994,1.43751,1.4378,1.00,1.75
2016.05.31 18:43:51.097,1.43751,1.43776,1.00,1.00
2016.05.31 18:43:51.250,1.43744,1.43775,2.25,1.00
2016.05.31 18:43:51.301,1.43744,1.43778,2.25,1.75
2016.05.31 18:43:51.352,1.43744,1.43775,1.50,1.12
2016.05.31 18:43:51.454,1.43744,1.43776,1.00,1.50
2016.05.31 18:43:52.625,1.43747,1.43777,1.12,1.00
2016.05.31 18:43:52.728,1.43747,1.4378,1.37,1.37
2016.05.31 18:43:53.284,1.43748,1.4378,1.00,1.50
2016.05.31 18:43:58.326,1.43747,1.4378,1.75,1.12
2016.05.31 18:44:03.028,1.43747,1.4378,1.87,1.00
2016.05.31 18:44:03.283,1.43756,1.43788,1.00,2.25
2016.05.31 18:44:03.885,1.43754,1.43788,1.37,2.62
2016.05.31 18:44:04.262,1.43754,1.43788,1.37,2.62
2016.05.31 18:44:04.466,1.43751,1.43783,1.37,1.12
2016.05.31 18:44:04.997,1.43751,1.43783,1.37,1.37
2016.05.31 18:44:05.458,1.4375,1.43783,1.87,1.37
2016.05.31 18:44:06.437,1.4375,1.43783,1.87,1.12
2016.05.31 18:44:07.021,1.4375,1.43783,1.87,1.00
2016.05.31 18:44:07.390,1.43753,1.43783,1.00,1.00
2016.05.31 18:44:08.053,1.43752,1.43784,1.00,2.25
2016.05.31 18:44:08.360,1.4375,1.4378,1.37,1.37
2016.05.31 18:44:09.367,1.4375,1.4378,1.37,1.12
2016.05.31 18:44:09.470,1.4375,1.4378,1.00,1.00
2016.05.31 18:44:14.313,1.4375,1.4378,1.00,1.37
2016.05.31 18:44:14.364,1.43747,1.43777,1.00,1.37
2016.05.31 18:44:17.464,1.43746,1.43776,1.87,1.00
2016.05.31 18:44:18.260,1.43746,1.43777,1.87,1.37
2016.05.31 18:44:18.798,1.43751,1.43778,1.00,2.25
2016.05.31 18:44:19.804,1.43745,1.43778,2.25,1.87
2016.05.31 18:44:22.347,1.43746,1.43777,2.25,1.37
2016.05.31 18:44:24.469,1.43746,1.43778,2.62,1.87
2016.05.31 18:44:25.567,1.43746,1.43778,1.87,1.87
2016.05.31 18:44:26.889,1.43748,1.43779,1.12,1.00
2016.05.31 18:44:27.428,1.43748,1.43781,1.12,1.75
2016.05.31 18:44:27.530,1.43746,1.43779,1.37,1.50
2016.05.31 18:44:28.038,1.43746,1.43779,1.87,1.75
2016.05.31 18:44:28.539,1.43746,1.43779,1.87,1.75
2016.05.31 18:44:29.223,1.43746,1.43779,1.37,1.75
2016.05.31 18:44:30.197,1.43745,1.43779,3.37,1.75
2016.05.31 18:44:30.502,1.43746,1.43772,1.37,1.00
2016.05.31 18:44:31.462,1.43745,1.43774,1.37,1.87
2016.05.31 18:44:31.513,1.43745,1.43774,1.37,1.50
2016.05.31 18:44:32.544,1.43745,1.43774,1.37,1.50
2016.05.31 18:44:36.703,1.43748,1.43779,1.37,1.75
2016.05.31 18:44:36.856,1.43749,1.4378,1.00,1.00
2016.05.31 18:44:37.306,1.43747,1.43778,1.37,1.37
2016.05.31 18:44:37.612,1.43747,1.43778,1.50,1.37
2016.05.31 18:44:37.663,1.43747,1.4378,2.25,1.50
2016.05.31 18:44:38.222,1.43747,1.4378,1.87,1.50
2016.05.31 18:44:38.759,1.43747,1.43779,1.50,1.12
2016.05.31 18:44:39.075,1.43747,1.43779,1.50,1.12
2016.05.31 18:44:40.025,1.43747,1.43779,1.50,1.12
2016.05.31 18:44:40.562,1.43747,1.43779,1.50,1.12
2016.05.31 18:44:43.115,1.43747,1.4378,1.87,1.87
2016.05.31 18:44:43.166,1.43747,1.4378,1.87,1.87
2016.05.31 18:44:43.669,1.43747,1.43781,3.00,2.62
2016.05.31 18:44:43.823,1.4375,1.43782,1.87,1.12
2016.05.31 18:44:44.883,1.43751,1.43784,1.87,1.75
2016.05.31 18:44:45.424,1.43751,1.43784,1.37,2.25
2016.05.31 18:44:47.124,1.43751,1.43784,1.37,1.75
2016.05.31 18:44:48.188,1.43751,1.43783,1.00,1.12
2016.05.31 18:44:49.127,1.43751,1.43783,1.00,1.37
2016.05.31 18:44:49.752,1.43751,1.43783,1.12,1.00
2016.05.31 18:44:49.805,1.43751,1.43784,1.12,1.87
2016.05.31 18:44:53.460,1.43751,1.43781,1.12,1.00
2016.05.31 18:44:53.765,1.43748,1.4378,1.50,1.12
2016.05.31 18:44:54.606,1.43748,1.4378,1.50,1.37
2016.05.31 18:44:54.984,1.43749,1.4378,1.37,1.00
2016.05.31 18:44:56.139,1.43749,1.43781,1.50,1.50
2016.05.31 18:44:56.385,1.43749,1.4378,1.12,1.12
2016.05.31 18:44:56.589,1.43749,1.4378,1.87,1.12
2016.05.31 18:44:56.843,1.43749,1.4378,1.37,1.12
2016.05.31 18:44:57.173,1.43749,1.4378,1.37,1.12
2016.05.31 18:44:58.688,1.43747,1.43779,1.12,1.87
2016.05.31 18:44:58.841,1.43746,1.43776,1.00,1.12
2016.05.31 18:44:58.994,1.43745,1.43774,1.37,1.50
2016.05.31 18:44:59.496,1.43741,1.43774,1.50,1.87
2016.05.31 18:44:59.700,1.43741,1.43772,1.00,1.87
2016.05.31 18:45:00.239,1.43741,1.43772,1.12,1.87
2016.05.31 18:45:00.901,1.43741,1.43771,1.12,1.12
2016.05.31 18:45:01.677,1.43741,1.43771,1.12,1.12
2016.05.31 18:45:02.195,1.43741,1.43772,1.00,1.75
2016.05.31 18:45:02.779,1.43741,1.43772,1.00,1.75
2016.05.31 18:45:03.193,1.43741,1.43772,1.00,1.75
2016.05.31 18:45:03.498,1.43736,1.43766,1.37,1.75
2016.05.31 18:45:04.472,1.43736,1.43762,1.00,1.00
2016.05.31 18:45:06.037,1.43736,1.43766,1.00,1.87
2016.05.31 18:45:06.291,1.43736,1.43766,1.87,1.87
2016.05.31 18:45:07.279,1.43736,1.43766,1.50,1.12
2016.05.31 18:45:07.434,1.43734,1.43763,1.50,1.37
2016.05.31 18:45:07.536,1.43731,1.43763,1.37,1.75
2016.05.31 18:45:07.893,1.4373,1.43763,2.62,1.75
2016.05.31 18:45:08.402,1.43731,1.43763,1.50,1.75
2016.05.31 18:45:08.950,1.43731,1.43763,1.75,1.75
2016.05.31 18:45:10.924,1.43732,1.43765,1.50,1.12
2016.05.31 18:45:11.432,1.43732,1.43765,1.50,1.12
2016.05.31 18:45:12.001,1.43732,1.43765,1.37,1.12
2016.05.31 18:45:12.261,1.43733,1.43766,1.00,1.87
2016.05.31 18:45:12.312,1.43736,1.43766,1.00,1.50
2016.05.31 18:45:14.108,1.43736,1.43766,1.50,1.50
2016.05.31 18:45:16.573,1.43736,1.43766,2.25,1.00
2016.05.31 18:45:16.878,1.43731,1.43765,3.37,2.25
2016.05.31 18:45:16.981,1.43731,1.43757,1.00,1.00
2016.05.31 18:45:17.149,1.43726,1.4376,2.25,2.25
2016.05.31 18:45:17.200,1.43726,1.4376,1.87,1.75
2016.05.31 18:45:17.252,1.43726,1.43758,1.00,1.75
2016.05.31 18:45:17.456,1.43725,1.43754,1.00,1.75
2016.05.31 18:45:18.933,1.43725,1.43751,1.00,1.00
2016.05.31 18:45:18.984,1.4372,1.43751,3.75,1.00
2016.05.31 18:45:19.138,1.4372,1.43754,1.87,2.25
2016.05.31 18:45:20.224,1.4372,1.43754,2.25,2.25
2016.05.31 18:45:20.529,1.43714,1.43743,1.00,1.75
2016.05.31 18:45:20.580,1.43712,1.43743,1.00,1.75
2016.05.31 18:45:20.733,1.43709,1.4374,1.50,1.12
2016.05.31 18:45:20.937,1.43709,1.4374,1.00,1.12
2016.05.31 18:45:21.206,1.43708,1.4374,1.00,1.87
2016.05.31 18:45:22.532,1.43707,1.4374,1.37,2.25
2016.05.31 18:45:23.037,1.43708,1.4374,1.00,2.25
2016.05.31 18:45:23.256,1.43708,1.43739,1.12,1.00
2016.05.31 18:45:24.076,1.43708,1.43739,1.37,1.00
2016.05.31 18:45:24.420,1.43714,1.43744,1.00,1.50
2016.05.31 18:45:24.726,1.43722,1.4375,1.12,1.12
2016.05.31 18:45:25.032,1.43722,1.43752,1.12,1.37
2016.05.31 18:45:25.134,1.43719,1.43748,1.12,1.00
2016.05.31 18:45:25.440,1.43718,1.4375,1.87,1.00
2016.05.31 18:45:25.593,1.43722,1.43751,1.00,1.50
2016.05.31 18:45:25.904,1.43726,1.43757,1.37,1.00
2016.05.31 18:45:26.058,1.43728,1.43759,1.75,1.12
2016.05.31 18:45:26.465,1.43729,1.43759,1.75,1.12
2016.05.31 18:45:26.787,1.43726,1.43759,1.75,2.62
2016.05.31 18:45:26.839,1.43722,1.43754,2.62,1.12
2016.05.31 18:45:27.093,1.43722,1.43749,1.00,1.75
2016.05.31 18:45:27.607,1.43718,1.43749,1.37,1.75
2016.05.31 18:45:27.913,1.43717,1.43749,1.87,1.75
2016.05.31 18:45:28.452,1.43717,1.43749,1.50,1.75
2016.05.31 18:45:28.554,1.43718,1.43745,1.12,1.00
2016.05.31 18:45:29.055,1.43717,1.43749,1.50,1.75
2016.05.31 18:45:29.610,1.43718,1.43749,1.12,1.75
2016.05.31 18:45:30.249,1.43718,1.43749,1.12,1.75
2016.05.31 18:45:30.453,1.43713,1.43746,1.50,1.75
2016.05.31 18:45:30.682,1.43712,1.43746,3.00,1.75
2016.05.31 18:45:30.886,1.43712,1.43746,3.00,1.37
2016.05.31 18:45:31.090,1.43715,1.43747,1.12,1.00
2016.05.31 18:45:31.878,1.43715,1.43748,1.50,1.12
2016.05.31 18:45:32.412,1.43716,1.43748,1.00,1.12
2016.05.31 18:45:33.819,1.43715,1.43748,1.87,1.12
2016.05.31 18:45:33.870,1.43716,1.43749,1.75,1.75
2016.05.31 18:45:34.140,1.4372,1.43752,1.50,1.37
2016.05.31 18:45:34.191,1.43722,1.43754,1.37,1.50
2016.05.31 18:45:34.293,1.43723,1.43756,1.00,1.87
2016.05.31 18:45:37.799,1.43722,1.43754,2.25,1.00
2016.05.31 18:45:38.494,1.43722,1.43753,1.50,1.00
2016.05.31 18:45:38.596,1.43723,1.43751,1.00,1.00
2016.05.31 18:45:38.698,1.43722,1.43754,1.00,1.50
2016.05.31 18:45:38.902,1.43726,1.43754,1.00,1.50
2016.05.31 18:45:39.218,1.43724,1.43756,1.12,1.75
2016.05.31 18:45:39.269,1.43724,1.43756,1.00,1.50
2016.05.31 18:45:39.372,1.43722,1.43756,1.87,1.50
2016.05.31 18:45:39.788,1.43722,1.43753,1.87,1.00
2016.05.31 18:45:40.474,1.43722,1.43756,1.87,1.75
2016.05.31 18:45:41.000,1.43722,1.43754,1.87,1.00
2016.05.31 18:45:41.775,1.43722,1.43756,1.50,1.75
2016.05.31 18:45:42.300,1.43722,1.43756,1.12,1.75
2016.05.31 18:45:42.832,1.43722,1.43756,1.12,1.75
2016.05.31 18:45:45.234,1.43722,1.43756,1.12,1.87
2016.05.31 18:45:45.993,1.43721,1.43754,1.50,1.75
2016.05.31 18:45:46.299,1.43717,1.43749,1.00,1.75
2016.05.31 18:45:46.403,1.43717,1.43749,1.37,1.50
2016.05.31 18:45:46.455,1.43717,1.43749,1.50,1.12
2016.05.31 18:45:46.609,1.4372,1.43749,1.00,1.00
2016.05.31 18:45:46.992,1.4372,1.43753,1.87,1.75
2016.05.31 18:45:47.046,1.43721,1.43753,1.12,1.37
2016.05.31 18:45:48.190,1.43723,1.43756,1.00,2.62
2016.05.31 18:45:49.119,1.43722,1.43756,1.50,2.25
2016.05.31 18:45:49.734,1.43722,1.43756,1.50,2.25
2016.05.31 18:45:51.742,1.43722,1.43751,1.50,1.00
2016.05.31 18:45:51.844,1.43722,1.43756,1.87,2.62
2016.05.31 18:45:52.098,1.43716,1.43747,1.37,1.75
2016.05.31 18:45:52.400,1.43716,1.43746,1.37,1.00
2016.05.31 18:45:52.452,1.43718,1.43749,3.00,1.37
2016.05.31 18:45:52.555,1.43723,1.43753,1.37,2.25
2016.05.31 18:45:52.657,1.43724,1.43754,1.50,1.12
2016.05.31 18:45:53.166,1.43724,1.43756,1.00,1.12
2016.05.31 18:45:54.153,1.43723,1.43755,1.37,1.12
2016.05.31 18:45:54.931,1.43722,1.43752,1.37,1.00
2016.05.31 18:45:57.413,1.43721,1.43752,2.25,1.00
2016.05.31 18:45:57.719,1.4372,1.43749,1.37,1.00
2016.05.31 18:45:58.229,1.43718,1.43748,1.37,1.00
2016.05.31 18:45:59.990,1.43718,1.43751,1.87,1.75
2016.05.31 18:46:00.514,1.43718,1.43751,1.50,1.75
2016.05.31 18:46:01.031,1.43719,1.43751,1.00,1.75
2016.05.31 18:46:01.574,1.43719,1.43752,1.87,1.12
2016.05.31 18:46:02.392,1.43719,1.43748,1.12,1.00
2016.05.31 18:46:03.482,1.43719,1.43753,1.37,1.87
2016.05.31 18:46:03.584,1.43719,1.43753,1.12,1.87
2016.05.31 18:46:03.820,1.43719,1.43753,1.12,1.87
2016.05.31 18:46:03.973,1.43721,1.43753,1.00,1.87
2016.05.31 18:46:04.527,1.43722,1.43753,1.00,1.37
2016.05.31 18:46:05.272,1.43722,1.43755,1.37,1.75
2016.05.31 18:46:05.670,1.43722,1.43755,1.37,1.75
2016.05.31 18:46:05.975,1.43722,1.43755,1.37,1.75
2016.05.31 18:46:06.767,1.43722,1.43752,1.00,1.75
2016.05.31 18:46:07.011,1.43722,1.43752,1.00,1.75
2016.05.31 18:46:07.113,1.43722,1.43751,1.00,1.00
2016.05.31 18:46:07.164,1.43722,1.43751,1.37,1.00
2016.05.31 18:46:07.470,1.43725,1.43754,1.87,1.00
2016.05.31 18:46:07.674,1.43726,1.43756,1.75,1.12
2016.05.31 18:46:08.167,1.43726,1.43756,1.87,1.50
2016.05.31 18:46:08.475,1.43714,1.43743,2.25,1.75
2016.05.31 18:46:08.526,1.43711,1.43743,1.12,1.75
2016.05.31 18:46:09.042,1.43709,1.43743,1.12,1.75
2016.05.31 18:46:09.578,1.43709,1.43743,1.37,1.75
2016.05.31 18:46:10.282,1.43709,1.43743,1.37,1.75
2016.05.31 18:46:12.437,1.43707,1.4374,2.62,1.12
2016.05.31 18:46:12.715,1.43706,1.43738,1.12,1.75
2016.05.31 18:46:12.766,1.43706,1.43733,1.00,1.00
2016.05.31 18:46:13.291,1.43706,1.43734,1.00,1.12
2016.05.31 18:46:13.545,1.43701,1.43734,1.75,1.87
2016.05.31 18:46:13.596,1.43701,1.43734,2.25,1.87
2016.05.31 18:46:13.908,1.43701,1.43731,1.87,1.00
2016.05.31 18:46:14.415,1.43701,1.43734,2.25,1.87
2016.05.31 18:46:14.517,1.43709,1.43734,1.00,1.87
2016.05.31 18:46:14.619,1.43708,1.43733,1.00,1.00
2016.05.31 18:46:14.823,1.43707,1.43735,1.00,1.00
2016.05.31 18:46:16.233,1.43707,1.43736,1.00,1.00
2016.05.31 18:46:16.939,1.43706,1.43738,3.00,1.50
2016.05.31 18:46:17.041,1.43714,1.43739,1.00,1.12
2016.05.31 18:46:17.577,1.43715,1.43741,1.00,1.87
2016.05.31 18:46:18.137,1.43714,1.43741,1.00,1.87
2016.05.31 18:46:18.537,1.43716,1.43739,1.00,1.00
2016.05.31 18:46:18.640,1.43708,1.4374,1.12,1.12
2016.05.31 18:46:19.254,1.43707,1.4374,2.25,1.12
2016.05.31 18:46:19.560,1.43702,1.43735,1.87,1.12
2016.05.31 18:46:19.764,1.43705,1.43735,1.50,1.12
2016.05.31 18:46:20.664,1.43709,1.43735,1.00,1.12
2016.05.31 18:46:21.252,1.4371,1.43736,1.00,1.75
2016.05.31 18:46:21.793,1.4371,1.43736,1.00,1.75
2016.05.31 18:46:21.947,1.43705,1.43736,1.87,1.75
2016.05.31 18:46:22.125,1.43705,1.43732,1.50,1.37
2016.05.31 18:46:22.278,1.437,1.43728,2.25,1.00
2016.05.31 18:46:22.635,1.43705,1.43732,1.00,1.87
2016.05.31 18:46:23.164,1.43704,1.43732,1.00,1.87
2016.05.31 18:46:23.715,1.437,1.43732,1.87,1.87
2016.05.31 18:46:23.766,1.43701,1.43731,1.75,1.00
2016.05.31 18:46:24.021,1.43699,1.43732,2.62,1.87
2016.05.31 18:46:24.568,1.437,1.43732,1.75,1.87
2016.05.31 18:46:26.128,1.437,1.43732,1.75,1.87
2016.05.31 18:46:26.230,1.43701,1.4373,1.75,1.00
2016.05.31 18:46:26.332,1.43701,1.43732,1.75,1.87
2016.05.31 18:46:26.434,1.43701,1.4373,1.75,1.00
2016.05.31 18:46:26.536,1.43703,1.43736,1.37,1.75
2016.05.31 18:46:26.906,1.43709,1.43738,1.75,1.00
2016.05.31 18:46:27.452,1.43715,1.4374,1.00,1.75
2016.05.31 18:46:27.759,1.43709,1.4374,1.12,1.75
2016.05.31 18:46:28.695,1.43715,1.4374,1.00,1.75
2016.05.31 18:46:29.259,1.43715,1.43738,1.00,1.00
2016.05.31 18:46:29.362,1.43709,1.43741,1.12,1.75
2016.05.31 18:46:29.902,1.43709,1.43741,1.12,1.75
2016.05.31 18:46:31.655,1.43709,1.43741,1.75,1.75
2016.05.31 18:46:31.859,1.4371,1.4374,1.75,1.00
2016.05.31 18:46:31.910,1.4371,1.4374,1.37,1.00
2016.05.31 18:46:32.418,1.4371,1.43741,1.12,1.37
2016.05.31 18:46:32.902,1.43711,1.43742,1.12,1.37
2016.05.31 18:46:33.424,1.43711,1.43742,1.00,1.12
2016.05.31 18:46:34.583,1.43713,1.43741,1.00,1.37
2016.05.31 18:46:35.111,1.43714,1.43741,1.00,1.37
2016.05.31 18:46:35.765,1.43714,1.43741,1.00,1.00
2016.05.31 18:46:36.183,1.43716,1.43743,1.00,1.75
2016.05.31 18:46:37.039,1.43716,1.43741,1.00,1.37
2016.05.31 18:46:37.567,1.43715,1.43741,1.00,1.00
2016.05.31 18:46:38.075,1.43714,1.43742,1.00,1.37
2016.05.31 18:46:38.334,1.43714,1.43743,1.00,1.00
2016.05.31 18:46:38.436,1.43719,1.43745,1.00,2.25
2016.05.31 18:46:38.639,1.43713,1.43745,1.75,2.25
2016.05.31 18:46:39.485,1.43713,1.43745,1.87,1.50
2016.05.31 18:46:40.018,1.43713,1.43745,1.50,1.50
2016.05.31 18:46:40.069,1.43713,1.43745,1.50,1.75
2016.05.31 18:46:40.370,1.43716,1.43745,1.00,1.75
2016.05.31 18:46:40.707,1.43717,1.43745,1.00,1.75
2016.05.31 18:46:41.474,1.43717,1.43745,1.00,1.75
2016.05.31 18:46:41.729,1.43713,1.43738,1.12,1.00
2016.05.31 18:46:42.085,1.43715,1.43737,1.00,1.00
2016.05.31 18:46:42.391,1.43715,1.43742,1.00,1.12
2016.05.31 18:46:43.980,1.43715,1.43742,1.00,1.12
2016.05.31 18:46:44.325,1.43712,1.43742,1.12,1.12
2016.05.31 18:46:44.871,1.43712,1.4374,1.00,1.75
2016.05.31 18:46:44.973,1.43711,1.43742,1.75,1.00
2016.05.31 18:46:45.075,1.43711,1.43743,1.12,1.12
2016.05.31 18:46:46.449,1.4371,1.43742,2.62,1.12
2016.05.31 18:46:47.011,1.4371,1.43741,2.25,1.00
2016.05.31 18:46:48.852,1.43711,1.43742,1.12,1.12
2016.05.31 18:46:49.361,1.43711,1.43742,1.12,1.12
2016.05.31 18:46:50.030,1.43711,1.43744,1.37,1.75
2016.05.31 18:46:50.132,1.43712,1.43744,1.00,1.75
2016.05.31 18:46:50.791,1.43712,1.43744,1.37,1.75
2016.05.31 18:46:51.114,1.43711,1.43744,1.75,1.75
2016.05.31 18:46:51.771,1.43721,1.43747,1.00,1.75
2016.05.31 18:46:51.874,1.43722,1.43747,1.00,1.37
2016.05.31 18:46:52.441,1.43722,1.43747,1.00,1.12
2016.05.31 18:46:52.938,1.43726,1.43751,1.00,1.50
2016.05.31 18:46:52.989,1.43726,1.43751,1.00,1.12
2016.05.31 18:46:53.372,1.43728,1.43756,1.00,1.87
2016.05.31 18:46:53.423,1.43728,1.43756,1.75,1.00
2016.05.31 18:46:53.474,1.43727,1.4376,1.75,1.75
2016.05.31 18:46:53.830,1.4373,1.4376,1.37,1.00
2016.05.31 18:46:53.933,1.43732,1.43762,1.12,1.12
2016.05.31 18:46:54.269,1.43739,1.43762,1.00,1.12
2016.05.31 18:46:54.372,1.43732,1.43762,1.75,1.12
2016.05.31 18:46:55.331,1.43732,1.43761,1.75,1.00
2016.05.31 18:46:55.382,1.43739,1.43761,1.00,1.00
2016.05.31 18:46:56.073,1.43738,1.43761,1.00,1.00
2016.05.31 18:46:56.947,1.43739,1.43761,1.00,1.00
2016.05.31 18:46:57.172,1.43734,1.43761,1.12,1.00
2016.05.31 18:46:57.680,1.43734,1.43764,1.12,2.25
2016.05.31 18:47:03.753,1.43735,1.43764,1.37,2.25
2016.05.31 18:47:04.063,1.43735,1.43764,1.37,2.25
2016.05.31 18:47:04.165,1.43735,1.43765,1.37,1.50
2016.05.31 18:47:04.539,1.43733,1.43765,1.87,1.75
2016.05.31 18:47:05.046,1.43737,1.43764,1.00,1.50
2016.05.31 18:47:05.594,1.43736,1.43764,1.12,1.75
2016.05.31 18:47:09.050,1.43736,1.43764,1.12,1.75
2016.05.31 18:47:09.561,1.43732,1.43764,1.87,1.75
2016.05.31 18:47:09.663,1.43732,1.43764,1.12,1.75
2016.05.31 18:47:10.303,1.43735,1.43764,1.00,1.87
2016.05.31 18:47:10.506,1.43732,1.43764,1.50,1.87
2016.05.31 18:47:11.176,1.43733,1.43764,1.00,1.87
2016.05.31 18:47:11.603,1.43732,1.43761,1.00,1.75
2016.05.31 18:47:11.908,1.43727,1.43761,1.87,1.87
2016.05.31 18:47:12.010,1.43728,1.43761,1.37,1.87
2016.05.31 18:47:12.213,1.43729,1.43761,1.37,1.87
2016.05.31 18:47:12.417,1.43731,1.43763,1.50,1.00
2016.05.31 18:47:12.519,1.43737,1.43763,1.00,1.00
2016.05.31 18:47:12.922,1.43738,1.43763,1.00,1.75
2016.05.31 18:47:13.591,1.43737,1.43763,1.00,1.50
2016.05.31 18:47:14.594,1.43738,1.43763,1.00,1.50
2016.05.31 18:47:14.991,1.43735,1.43766,1.37,1.12
2016.05.31 18:47:15.043,1.43742,1.43766,1.00,1.00
2016.05.31 18:47:15.298,1.43746,1.43773,1.00,1.00
2016.05.31 18:47:15.871,1.43746,1.43774,1.00,1.00
2016.05.31 18:47:16.381,1.43746,1.43773,1.00,1.00
2016.05.31 18:47:16.433,1.43748,1.43773,1.00,1.75
2016.05.31 18:47:16.966,1.43748,1.43772,1.00,1.00
2016.05.31 18:47:17.018,1.43746,1.43774,1.00,1.50
2016.05.31 18:47:17.069,1.43744,1.43774,2.62,1.50
2016.05.31 18:47:18.011,1.4375,1.43774,1.50,1.37
2016.05.31 18:47:20.114,1.43751,1.43773,1.12,1.12
2016.05.31 18:47:24.765,1.43746,1.43778,1.12,2.25
2016.05.31 18:47:24.969,1.4375,1.43777,3.00,1.00
2016.05.31 18:47:25.272,1.43758,1.43782,1.37,1.12
2016.05.31 18:47:29.230,1.4376,1.43782,1.00,1.12
2016.05.31 18:47:29.669,1.43759,1.43785,1.12,1.00
2016.05.31 18:47:30.194,1.4376,1.43785,1.00,1.12
2016.05.31 18:47:31.481,1.43759,1.43785,1.50,1.50
2016.05.31 18:47:32.030,1.43759,1.43785,1.50,1.00
2016.05.31 18:47:32.764,1.43761,1.43785,1.00,1.00
2016.05.31 18:47:35.934,1.43761,1.43785,1.87,1.00
2016.05.31 18:47:36.087,1.43761,1.4379,1.87,1.00
2016.05.31 18:47:36.445,1.43765,1.4379,2.25,1.00
2016.05.31 18:47:36.496,1.43766,1.43792,1.12,1.00
2016.05.31 18:47:36.599,1.43768,1.43796,2.62,1.12
2016.05.31 18:47:36.752,1.43772,1.43796,2.62,1.00
2016.05.31 18:47:37.100,1.43775,1.43801,1.00,1.50
2016.05.31 18:47:37.651,1.43775,1.43801,1.00,1.12
2016.05.31 18:47:39.113,1.43773,1.43801,2.62,1.00
2016.05.31 18:47:39.520,1.43778,1.43802,1.00,1.37
2016.05.31 18:47:39.901,1.43767,1.43787,1.87,1.75
2016.05.31 18:47:39.952,1.43758,1.43787,1.75,1.75
2016.05.31 18:47:40.463,1.43759,1.43783,1.37,1.50
2016.05.31 18:47:40.515,1.43755,1.43783,1.87,1.75
2016.05.31 18:47:41.392,1.43753,1.43777,1.12,1.00
2016.05.31 18:47:41.917,1.43753,1.43781,1.12,1.75
2016.05.31 18:47:42.506,1.43752,1.43781,1.50,1.75
2016.05.31 18:47:43.014,1.43752,1.43781,1.50,1.75
2016.05.31 18:47:44.811,1.43748,1.43776,1.75,1.00
2016.05.31 18:47:45.369,1.43748,1.43781,1.75,1.75
2016.05.31 18:47:50.939,1.43748,1.43781,2.62,1.75
2016.05.31 18:47:56.514,1.43748,1.43777,2.62,1.75
2016.05.31 18:47:56.566,1.43748,1.43779,1.87,1.75
2016.05.31 18:47:56.618,1.43748,1.43773,1.87,1.37
2016.05.31 18:47:57.026,1.43748,1.43772,1.12,1.00
2016.05.31 18:47:57.331,1.43746,1.43777,1.12,1.50
2016.05.31 18:47:57.433,1.43749,1.43779,1.75,2.25
2016.05.31 18:47:59.825,1.43749,1.43779,1.75,1.75
2016.05.31 18:48:00.565,1.43748,1.43779,1.75,1.75
2016.05.31 18:48:00.943,1.43749,1.43779,2.62,1.75
2016.05.31 18:48:01.147,1.4375,1.43778,1.12,1.00
2016.05.31 18:48:01.452,1.43756,1.43783,1.75,1.00
2016.05.31 18:48:01.980,1.43757,1.43784,1.50,1.00
2016.05.31 18:48:03.335,1.43761,1.43788,1.12,1.37
2016.05.31 18:48:03.386,1.43762,1.43788,1.00,1.00
2016.05.31 18:48:03.438,1.43766,1.43788,1.87,1.00
2016.05.31 18:48:03.642,1.43766,1.43795,2.62,1.12
2016.05.31 18:48:04.173,1.43766,1.43796,2.62,1.00
2016.05.31 18:48:05.083,1.43767,1.43796,1.75,1.50
2016.05.31 18:48:05.389,1.4376,1.4379,1.67,1.75
2016.05.31 18:48:05.549,1.43758,1.4379,1.75,1.75
2016.05.31 18:48:06.058,1.43758,1.43784,1.75,1.00
2016.05.31 18:48:06.160,1.43757,1.43786,2.62,1.00
2016.05.31 18:48:07.144,1.43757,1.43789,1.75,1.75
2016.05.31 18:48:07.398,1.43751,1.4378,1.50,1.50
2016.05.31 18:48:07.907,1.43752,1.4378,1.87,1.75
2016.05.31 18:48:10.415,1.43756,1.4378,1.00,1.00
2016.05.31 18:48:10.466,1.4376,1.43785,1.00,1.50
2016.05.31 18:48:10.771,1.4376,1.43785,1.00,1.37
2016.05.31 18:48:10.874,1.43754,1.43777,1.00,1.00
2016.05.31 18:48:10.976,1.4375,1.4378,2.62,1.75
2016.05.31 18:48:11.181,1.43748,1.43779,1.37,1.75
2016.05.31 18:48:11.811,1.43748,1.43774,1.37,1.00
2016.05.31 18:48:12.271,1.43748,1.43775,1.00,1.00
2016.05.31 18:48:13.062,1.43748,1.43775,1.37,1.00
2016.05.31 18:48:13.590,1.43748,1.43776,1.37,1.00
2016.05.31 18:48:14.208,1.43748,1.43777,1.37,1.37
2016.05.31 18:48:14.716,1.43748,1.43777,1.37,1.75
2016.05.31 18:48:15.221,1.43748,1.43779,1.37,1.75
2016.05.31 18:48:16.047,1.43748,1.43779,1.37,1.75
2016.05.31 18:48:16.380,1.43748,1.43779,1.37,1.75
2016.05.31 18:48:16.920,1.43748,1.43779,1.37,1.75
2016.05.31 18:48:17.468,1.43748,1.43779,1.37,1.75
2016.05.31 18:48:18.178,1.43748,1.43779,1.37,1.75
2016.05.31 18:48:18.495,1.43748,1.43779,1.12,1.75
2016.05.31 18:48:18.598,1.43752,1.43784,1.12,1.75
2016.05.31 18:48:18.700,1.43756,1.43783,1.12,1.00
2016.05.31 18:48:19.005,1.43758,1.43783,1.12,1.00
2016.05.31 18:48:19.514,1.43758,1.43784,1.12,1.00
2016.05.31 18:48:20.883,1.43761,1.43784,1.37,1.00
2016.05.31 18:48:21.432,1.43761,1.43788,1.37,1.75
2016.05.31 18:48:22.384,1.43761,1.43787,1.37,1.00
2016.05.31 18:48:23.387,1.43763,1.43788,1.00,1.87
2016.05.31 18:48:25.297,1.43761,1.43793,1.37,1.75
2016.05.31 18:48:25.805,1.43761,1.43793,1.37,1.75
2016.05.31 18:48:28.238,1.43761,1.43793,1.37,1.75
2016.05.31 18:48:31.846,1.43763,1.43793,1.00,1.75
2016.05.31 18:48:31.897,1.43763,1.43793,1.00,1.75
2016.05.31 18:48:32.244,1.43763,1.43793,1.00,1.75
2016.05.31 18:48:32.839,1.43763,1.43793,1.00,1.75
2016.05.31 18:48:33.344,1.43763,1.43793,1.00,1.75
2016.05.31 18:48:33.756,1.43761,1.43789,1.37,1.00
2016.05.31 18:48:34.998,1.43761,1.43788,1.37,1.00
2016.05.31 18:48:35.844,1.43762,1.43793,3.00,2.25
2016.05.31 18:48:35.946,1.43766,1.43795,1.00,2.25
2016.05.31 18:48:36.048,1.43766,1.43794,1.37,1.00
2016.05.31 18:48:36.252,1.43768,1.43799,1.75,2.25
2016.05.31 18:48:36.456,1.43771,1.438,2.25,1.12
2016.05.31 18:48:36.942,1.43771,1.43799,3.00,1.37
2016.05.31 18:48:37.046,1.4377,1.438,1.00,2.25
2016.05.31 18:48:37.097,1.4377,1.438,1.37,2.25
2016.05.31 18:48:37.453,1.43769,1.43799,1.12,1.75
2016.05.31 18:48:38.153,1.43769,1.43799,1.12,1.75
2016.05.31 18:48:38.459,1.43772,1.43799,1.37,1.75
2016.05.31 18:48:38.760,1.43772,1.43797,1.37,1.00
2016.05.31 18:48:39.055,1.43772,1.43799,1.37,1.75
2016.05.31 18:48:40.480,1.4377,1.43797,1.12,1.00
2016.05.31 18:48:42.132,1.43769,1.438,1.12,2.25
2016.05.31 18:48:42.317,1.43769,1.43799,1.12,1.00
2016.05.31 18:48:42.838,1.43771,1.438,1.12,2.25
2016.05.31 18:48:43.341,1.43771,1.438,1.12,2.25
2016.05.31 18:48:43.443,1.43771,1.438,1.12,1.87
2016.05.31 18:48:45.490,1.43772,1.43799,1.37,1.75
2016.05.31 18:48:46.892,1.43767,1.43796,1.75,1.87
2016.05.31 18:48:47.084,1.43759,1.43792,1.87,1.75
2016.05.31 18:48:47.186,1.43759,1.43792,1.87,1.75
2016.05.31 18:48:47.702,1.4376,1.43787,1.75,1.00
2016.05.31 18:48:49.363,1.4376,1.43788,1.12,1.75
2016.05.31 18:48:49.465,1.43756,1.43788,1.12,1.37
2016.05.31 18:48:49.567,1.43756,1.43787,1.37,1.00
2016.05.31 18:48:50.282,1.43757,1.43791,1.75,1.75
2016.05.31 18:48:50.334,1.43757,1.43791,1.87,1.50
2016.05.31 18:48:50.486,1.43759,1.43791,1.12,1.00
2016.05.31 18:48:50.792,1.43761,1.43791,2.62,1.00
2016.05.31 18:48:51.097,1.43765,1.43795,1.37,1.50
2016.05.31 18:48:51.796,1.43765,1.43796,1.37,1.00
2016.05.31 18:48:52.314,1.43765,1.43796,3.00,1.00
2016.05.31 18:48:52.366,1.43765,1.43795,3.00,1.37
2016.05.31 18:48:52.468,1.43764,1.43795,1.12,1.50
2016.05.31 18:48:53.188,1.43766,1.43797,1.37,1.00
2016.05.31 18:48:53.813,1.43766,1.43797,1.75,1.37
2016.05.31 18:48:54.719,1.43766,1.43797,1.75,1.00
2016.05.31 18:48:55.298,1.43766,1.43799,1.75,1.00
2016.05.31 18:48:55.401,1.43768,1.43801,1.12,2.25
2016.05.31 18:48:55.605,1.43768,1.43801,1.12,1.50
2016.05.31 18:48:56.961,1.43769,1.43801,1.12,1.50
2016.05.31 18:48:58.183,1.43771,1.43801,1.00,1.50
2016.05.31 18:48:59.141,1.43771,1.43801,1.37,1.87
2016.05.31 18:48:59.649,1.43771,1.43801,1.87,1.00
2016.05.31 18:48:59.949,1.43771,1.43804,1.12,1.37
2016.05.31 18:49:00.454,1.43771,1.43804,1.87,1.12
2016.05.31 18:49:01.576,1.43772,1.43804,1.12,1.50
2016.05.31 18:49:01.881,1.43769,1.43801,1.87,1.00
2016.05.31 18:49:02.871,1.43769,1.43801,3.37,1.00
2016.05.31 18:49:04.417,1.43769,1.43801,3.75,1.12
2016.05.31 18:49:06.641,1.43771,1.43801,1.00,1.12
2016.05.31 18:49:20.964,1.43771,1.43803,1.37,1.50
2016.05.31 18:49:21.671,1.43771,1.43803,1.37,1.12
2016.05.31 18:49:21.723,1.43771,1.43803,1.37,1.50
2016.05.31 18:49:21.825,1.43771,1.43803,1.37,1.50
2016.05.31 18:49:22.166,1.43771,1.43803,1.37,1.75
2016.05.31 18:49:22.933,1.4377,1.43803,1.12,1.50
2016.05.31 18:49:23.263,1.4377,1.438,1.12,1.12
2016.05.31 18:49:24.381,1.43771,1.438,1.37,1.37
2016.05.31 18:49:25.335,1.43771,1.438,1.37,1.50
2016.05.31 18:49:26.283,1.43771,1.438,1.37,1.37
2016.05.31 18:49:26.486,1.43768,1.43798,3.75,1.00
2016.05.31 18:49:26.538,1.43768,1.438,3.75,1.75
2016.05.31 18:49:26.715,1.43768,1.438,1.50,1.75
2016.05.31 18:49:26.869,1.43768,1.438,1.50,1.50
2016.05.31 18:49:26.971,1.43769,1.438,1.37,1.00
2016.05.31 18:49:27.277,1.43773,1.438,2.62,1.00
2016.05.31 18:49:27.328,1.43768,1.438,1.87,1.00
2016.05.31 18:49:27.380,1.43768,1.438,1.87,1.37
2016.05.31 18:49:27.483,1.43769,1.438,1.12,1.37
2016.05.31 18:49:27.670,1.43769,1.438,1.12,1.37
2016.05.31 18:49:27.979,1.43768,1.43797,1.37,1.50
2016.05.31 18:49:28.720,1.43768,1.43799,1.87,1.00
2016.05.31 18:49:29.228,1.43768,1.438,1.87,1.00
2016.05.31 18:49:29.483,1.43768,1.43802,1.87,1.87
2016.05.31 18:49:31.211,1.43767,1.43798,1.75,1.12
2016.05.31 18:49:31.664,1.43767,1.43798,1.75,1.37
2016.05.31 18:49:32.511,1.43762,1.43798,3.75,1.50
2016.05.31 18:49:32.664,1.43763,1.43798,1.87,1.50
2016.05.31 18:49:33.188,1.43763,1.43797,1.75,1.12
2016.05.31 18:49:33.290,1.43762,1.43797,3.75,1.00
2016.05.31 18:49:33.627,1.43768,1.43801,1.75,1.00
2016.05.31 18:49:33.932,1.43773,1.43803,1.75,1.37
2016.05.31 18:49:34.441,1.43773,1.43803,1.75,1.00
2016.05.31 18:49:37.008,1.43773,1.43806,1.75,1.37
2016.05.31 18:49:38.710,1.43774,1.43807,1.75,1.75
2016.05.31 18:49:40.028,1.43774,1.43807,1.75,2.25
2016.05.31 18:49:40.131,1.43773,1.43807,1.12,2.25
2016.05.31 18:49:40.335,1.43769,1.43803,1.75,1.50
2016.05.31 18:49:40.437,1.43769,1.43799,1.12,1.37
2016.05.31 18:49:40.916,1.43764,1.43796,1.50,1.00
2016.05.31 18:49:41.018,1.43764,1.43798,2.25,1.00
2016.05.31 18:49:42.410,1.43761,1.43795,1.57,1.12
2016.05.31 18:49:42.462,1.43759,1.43793,1.37,1.50
2016.05.31 18:49:42.514,1.43757,1.43793,3.00,1.87
2016.05.31 18:49:42.616,1.43757,1.4379,1.87,1.00
2016.05.31 18:49:42.667,1.43757,1.4379,1.50,1.12
2016.05.31 18:49:42.922,1.43757,1.43792,3.00,1.00
2016.05.31 18:49:43.466,1.43761,1.43793,1.00,1.87
2016.05.31 18:49:43.517,1.43761,1.43793,1.00,1.50
2016.05.31 18:49:43.619,1.43761,1.43793,1.00,1.50
2016.05.31 18:49:43.822,1.43756,1.43787,1.00,1.87
2016.05.31 18:49:43.873,1.43753,1.43787,1.50,1.87
2016.05.31 18:49:44.381,1.43752,1.43786,1.87,1.00
2016.05.31 18:49:46.481,1.43756,1.43786,1.00,1.12
2016.05.31 18:49:47.038,1.43752,1.43785,1.75,1.00
2016.05.31 18:49:47.568,1.43754,1.43786,1.00,1.00
2016.05.31 18:49:48.079,1.43756,1.43786,1.00,1.00
2016.05.31 18:49:48.624,1.43756,1.43787,1.00,1.50
2016.05.31 18:49:50.443,1.43753,1.43787,1.12,1.87
2016.05.31 18:49:50.957,1.43754,1.43787,1.00,1.87
2016.05.31 18:49:53.735,1.43754,1.43787,1.12,1.50
2016.05.31 18:49:54.793,1.43755,1.43787,1.00,1.50
2016.05.31 18:49:55.536,1.43755,1.43787,1.00,1.12
2016.05.31 18:49:57.071,1.43755,1.43787,1.37,1.12
2016.05.31 18:49:57.299,1.43759,1.43793,1.37,2.62
2016.05.31 18:49:57.452,1.43763,1.43793,1.87,1.00
2016.05.31 18:49:58.426,1.43762,1.43794,1.87,1.12
2016.05.31 18:49:58.579,1.43758,1.4379,1.00,1.12
2016.05.31 18:49:59.103,1.43757,1.4379,1.50,1.00
2016.05.31 18:50:00.760,1.43757,1.4379,1.00,1.75
2016.05.31 18:50:02.116,1.43757,1.43788,1.37,1.50
2016.05.31 18:50:02.757,1.43757,1.43788,1.00,1.75
2016.05.31 18:50:03.710,1.43757,1.43788,1.00,1.50
2016.05.31 18:50:05.668,1.43757,1.43788,1.12,1.50
2016.05.31 18:50:06.218,1.43757,1.43787,1.12,1.00
2016.05.31 18:50:06.625,1.43757,1.43791,3.00,1.00
2016.05.31 18:50:06.676,1.43761,1.43791,1.00,1.00
2016.05.31 18:50:07.273,1.43761,1.43791,1.00,1.50
2016.05.31 18:50:07.521,1.43758,1.43791,1.00,1.12
2016.05.31 18:50:07.582,1.43758,1.43793,1.50,2.25
2016.05.31 18:50:07.685,1.43761,1.43794,1.37,1.50
2016.05.31 18:50:07.889,1.43761,1.43791,1.37,1.00
2016.05.31 18:50:08.143,1.43757,1.43791,3.00,1.12
2016.05.31 18:50:08.195,1.4376,1.43791,1.12,1.00
2016.05.31 18:50:08.668,1.4376,1.43794,1.12,1.37
2016.05.31 18:50:09.975,1.43759,1.43794,1.87,1.75
2016.05.31 18:50:10.519,1.43761,1.43794,1.75,1.75
2016.05.31 18:50:10.981,1.43758,1.43791,1.50,1.12
2016.05.31 18:50:11.499,1.43758,1.43791,1.50,1.12
2016.05.31 18:50:14.206,1.4376,1.43792,1.00,1.87
2016.05.31 18:50:14.511,1.43757,1.43792,1.87,1.50
2016.05.31 18:50:18.043,1.43761,1.43792,1.00,1.87
2016.05.31 18:50:18.607,1.4376,1.43791,1.00,1.00
2016.05.31 18:50:19.974,1.43758,1.43792,1.50,1.87
2016.05.31 18:50:21.220,1.43758,1.43792,1.50,1.87
2016.05.31 18:50:23.068,1.43757,1.43791,1.75,1.00
2016.05.31 18:50:23.632,1.43758,1.43791,1.50,1.37
2016.05.31 18:50:24.564,1.43756,1.43792,2.25,2.25
2016.05.31 18:50:24.864,1.43756,1.43791,2.25,1.00
2016.05.31 18:50:25.633,1.43757,1.43792,3.00,1.50
2016.05.31 18:50:25.937,1.43757,1.43792,3.00,1.87
2016.05.31 18:50:26.039,1.43759,1.43791,1.75,1.00
2016.05.31 18:50:28.369,1.43757,1.43792,3.00,1.87
2016.05.31 18:50:28.421,1.43756,1.43791,3.37,1.37
2016.05.31 18:50:28.675,1.43758,1.43788,1.12,1.37
2016.05.31 18:50:29.184,1.43756,1.43788,1.87,1.12
2016.05.31 18:50:32.673,1.43758,1.43788,1.12,1.37
2016.05.31 18:50:37.979,1.43758,1.43788,1.12,1.75
2016.05.31 18:50:38.233,1.43757,1.43785,1.50,1.00
2016.05.31 18:50:38.538,1.43756,1.43787,1.75,1.00
2016.05.31 18:50:40.252,1.43755,1.43788,1.75,1.12
2016.05.31 18:50:41.266,1.43756,1.43788,1.75,1.50
2016.05.31 18:50:41.773,1.43756,1.43787,1.75,1.37
2016.05.31 18:50:42.411,1.43755,1.43788,1.75,1.50
2016.05.31 18:50:42.931,1.43756,1.43787,1.75,1.37
2016.05.31 18:50:43.473,1.43756,1.43787,1.75,1.12
2016.05.31 18:50:44.014,1.43756,1.43787,1.75,1.12
2016.05.31 18:50:44.623,1.43755,1.43788,2.00,1.87
2016.05.31 18:50:44.676,1.43754,1.43783,1.00,1.37
2016.05.31 18:50:44.728,1.43752,1.43781,1.00,1.00
2016.05.31 18:50:45.185,1.4375,1.43781,1.00,1.00
2016.05.31 18:50:46.181,1.43749,1.43781,1.12,1.00
2016.05.31 18:50:46.958,1.4375,1.43781,1.00,1.00
2016.05.31 18:50:50.282,1.43751,1.43781,1.00,1.00
2016.05.31 18:50:50.786,1.43752,1.43781,1.00,1.00
2016.05.31 18:50:51.887,1.43753,1.43781,1.00,1.00
2016.05.31 18:50:52.192,1.43749,1.43781,1.50,1.00
2016.05.31 18:50:53.916,1.43751,1.43781,1.00,1.00
2016.05.31 18:50:54.752,1.43749,1.43781,1.50,1.00
2016.05.31 18:50:54.803,1.43752,1.43781,1.00,1.00
2016.05.31 18:50:54.956,1.4375,1.43781,1.25,1.50
2016.05.31 18:50:55.471,1.43749,1.43781,1.50,1.12
2016.05.31 18:50:56.104,1.43749,1.43781,1.50,1.37
2016.05.31 18:50:56.506,1.43749,1.43781,1.31,1.50
2016.05.31 18:50:57.096,1.4375,1.43781,1.50,1.75
2016.05.31 18:50:57.757,1.4375,1.43781,1.00,1.75
2016.05.31 18:50:58.799,1.43749,1.43781,2.06,1.50
2016.05.31 18:50:59.614,1.43749,1.43781,2.06,1.50
2016.05.31 18:51:00.165,1.4375,1.43781,1.00,1.50
2016.05.31 18:51:00.496,1.43749,1.43781,2.00,1.12
2016.05.31 18:51:08.239,1.43751,1.43786,2.62,2.25
2016.05.31 18:51:08.290,1.43752,1.43786,1.37,1.50
2016.05.31 18:51:08.341,1.43757,1.43786,1.00,1.12
2016.05.31 18:51:08.393,1.43757,1.43789,1.00,2.25
2016.05.31 18:51:08.445,1.43759,1.4379,1.00,1.12
2016.05.31 18:51:08.751,1.4376,1.43791,1.75,1.00
2016.05.31 18:51:09.183,1.43759,1.43793,2.25,1.12
2016.05.31 18:51:10.441,1.43761,1.43793,1.12,1.00
2016.05.31 18:51:12.249,1.43766,1.43795,1.00,1.00
2016.05.31 18:51:12.900,1.43766,1.43796,1.50,1.00
2016.05.31 18:51:13.647,1.43765,1.43797,1.00,1.50
2016.05.31 18:51:14.249,1.43765,1.43797,1.37,1.12
2016.05.31 18:51:14.777,1.43765,1.43796,1.75,1.00
2016.05.31 18:51:15.195,1.43765,1.43798,1.75,1.75
2016.05.31 18:51:15.296,1.43765,1.43796,1.75,1.00
2016.05.31 18:51:16.206,1.43765,1.43798,1.75,1.75
2016.05.31 18:51:16.308,1.43765,1.43796,1.75,1.00
2016.05.31 18:51:16.410,1.43765,1.43799,1.75,2.25
2016.05.31 18:51:16.513,1.43765,1.43797,1.00,1.75
2016.05.31 18:51:18.903,1.43756,1.4379,1.50,1.75
2016.05.31 18:51:19.208,1.43754,1.43784,1.37,1.00
2016.05.31 18:51:19.712,1.43754,1.43785,1.37,1.00
2016.05.31 18:51:20.118,1.43754,1.43785,1.00,1.37
2016.05.31 18:51:20.495,1.43754,1.43788,1.50,1.87
2016.05.31 18:51:20.546,1.43754,1.43784,1.12,1.12
2016.05.31 18:51:21.067,1.43754,1.43784,1.00,1.37
2016.05.31 18:51:21.453,1.43754,1.43788,1.37,1.87
2016.05.31 18:51:21.505,1.43754,1.43788,1.50,1.50
2016.05.31 18:51:21.556,1.43754,1.43786,1.12,1.37
2016.05.31 18:51:22.074,1.43754,1.43785,1.00,1.50
2016.05.31 18:51:22.176,1.43756,1.43785,1.00,1.50
2016.05.31 18:51:22.481,1.43754,1.43785,1.00,1.50
2016.05.31 18:51:23.696,1.43754,1.43785,1.00,1.12
2016.05.31 18:51:24.276,1.43751,1.43785,1.00,1.00
2016.05.31 18:51:24.327,1.43751,1.43783,1.00,1.00
2016.05.31 18:51:24.835,1.43751,1.43785,1.12,1.50
2016.05.31 18:51:25.540,1.43751,1.43785,1.87,1.12
2016.05.31 18:51:25.844,1.43754,1.43785,1.00,1.00
2016.05.31 18:51:27.136,1.43755,1.43785,1.00,1.00
2016.05.31 18:51:27.461,1.43749,1.43779,2.25,1.00
2016.05.31 18:51:27.512,1.43747,1.43779,2.89,1.00
2016.05.31 18:51:27.618,1.43747,1.43776,2.00,1.00
2016.05.31 18:51:27.771,1.43747,1.43779,2.14,1.00
2016.05.31 18:51:27.873,1.43747,1.43781,2.00,1.87
2016.05.31 18:51:28.641,1.43746,1.43781,1.75,1.87
2016.05.31 18:51:29.971,1.43745,1.43778,2.25,1.00
2016.05.31 18:51:30.525,1.43745,1.43777,2.25,1.00
2016.05.31 18:51:31.139,1.43745,1.43777,2.25,1.37
2016.05.31 18:51:31.643,1.43745,1.43777,1.75,1.37
2016.05.31 18:51:32.542,1.43745,1.43779,2.25,1.12
2016.05.31 18:51:33.867,1.43745,1.43779,2.25,1.87
2016.05.31 18:51:33.969,1.43745,1.43777,2.25,1.00
2016.05.31 18:51:36.590,1.43744,1.43777,1.87,1.37
2016.05.31 18:51:38.492,1.43744,1.43777,1.75,1.50
2016.05.31 18:51:40.455,1.43747,1.4378,1.12,1.12
2016.05.31 18:51:41.372,1.43748,1.4378,1.75,1.00
2016.05.31 18:51:42.826,1.43748,1.4378,1.37,1.50
2016.05.31 18:51:43.132,1.43748,1.43773,1.00,1.00
2016.05.31 18:51:43.793,1.43748,1.43777,1.00,1.12
2016.05.31 18:51:46.817,1.43748,1.43777,1.00,1.87
2016.05.31 18:51:47.386,1.43748,1.43777,1.00,1.87
2016.05.31 18:51:48.236,1.43748,1.43777,1.00,1.50
2016.05.31 18:51:51.443,1.43748,1.43776,1.00,1.37
2016.05.31 18:51:51.961,1.43748,1.43776,1.00,1.37
2016.05.31 18:51:54.217,1.43748,1.43777,1.00,1.37
2016.05.31 18:51:55.602,1.43748,1.43777,1.00,1.00
2016.05.31 18:51:59.630,1.43748,1.43777,1.00,1.37
2016.05.31 18:52:02.537,1.43748,1.43777,1.87,1.00
2016.05.31 18:52:02.957,1.43753,1.43783,2.00,1.00
2016.05.31 18:52:05.115,1.43753,1.43784,2.44,1.00
2016.05.31 18:52:07.832,1.43753,1.43785,1.87,1.75
2016.05.31 18:52:09.420,1.43753,1.43783,2.00,1.00
2016.05.31 18:52:13.826,1.43754,1.43785,1.12,1.50
2016.05.31 18:52:14.339,1.43755,1.43785,1.12,1.00
2016.05.31 18:52:14.391,1.43755,1.43787,1.50,1.12
2016.05.31 18:52:14.676,1.43755,1.43787,1.50,1.50
2016.05.31 18:52:14.829,1.43755,1.43787,1.50,1.50
2016.05.31 18:52:16.432,1.43755,1.43787,1.12,1.37
2016.05.31 18:52:16.585,1.43755,1.43784,1.12,1.00
2016.05.31 18:52:17.043,1.43755,1.43784,1.12,1.50
2016.05.31 18:52:17.195,1.43749,1.43782,1.37,1.75
2016.05.31 18:52:17.247,1.43749,1.43779,1.37,1.75
2016.05.31 18:52:17.781,1.43749,1.43782,1.50,1.75
2016.05.31 18:52:17.934,1.4375,1.43782,1.12,1.75
2016.05.31 18:52:18.087,1.43752,1.43781,1.75,1.00
2016.05.31 18:52:19.166,1.43752,1.4378,2.00,1.00
2016.05.31 18:52:20.605,1.43751,1.43784,2.06,1.12
2016.05.31 18:52:23.595,1.43752,1.43785,1.50,1.50
2016.05.31 18:52:23.799,1.43752,1.43785,2.19,1.75
2016.05.31 18:52:24.604,1.43752,1.43785,2.19,1.75
2016.05.31 18:52:26.960,1.43752,1.43781,2.00,1.00
2016.05.31 18:52:27.464,1.43751,1.43785,2.19,1.75
2016.05.31 18:52:27.870,1.43751,1.43782,1.87,1.75
2016.05.31 18:52:28.733,1.4375,1.43776,1.12,1.00
2016.05.31 18:52:28.907,1.43747,1.43775,1.50,1.00
2016.05.31 18:52:29.415,1.43747,1.43776,1.00,1.75
2016.05.31 18:52:32.470,1.43744,1.43776,2.06,1.75
2016.05.31 18:52:32.572,1.43744,1.43776,1.31,1.75
2016.05.31 18:52:32.725,1.43744,1.43774,1.31,1.00
2016.05.31 18:52:32.979,1.43744,1.43776,1.69,1.50
2016.05.31 18:52:33.284,1.43749,1.4378,1.00,1.75
2016.05.31 18:52:33.336,1.4375,1.4378,1.37,1.00
2016.05.31 18:52:33.677,1.43752,1.43781,1.12,1.00
2016.05.31 18:52:33.779,1.43754,1.43783,1.00,1.00
2016.05.31 18:52:34.697,1.43754,1.43782,1.00,1.00
2016.05.31 18:52:36.223,1.43752,1.43782,1.12,1.00
2016.05.31 18:52:36.742,1.43752,1.43782,1.37,1.00
2016.05.31 18:52:37.236,1.43752,1.43782,1.87,1.00
2016.05.31 18:52:37.693,1.43753,1.43784,1.75,1.12
2016.05.31 18:52:39.202,1.43754,1.43784,1.25,1.00
2016.05.31 18:52:39.254,1.43754,1.43784,1.62,1.37
2016.05.31 18:52:39.406,1.43753,1.43783,1.87,1.50
2016.05.31 18:52:39.457,1.43753,1.4378,1.50,1.00
2016.05.31 18:52:39.973,1.43753,1.4378,1.12,1.00
2016.05.31 18:52:40.758,1.43752,1.4378,1.50,1.37
2016.05.31 18:52:41.362,1.43753,1.4378,1.12,1.12
2016.05.31 18:52:42.957,1.43752,1.4378,1.87,1.00
2016.05.31 18:52:43.189,1.43758,1.43785,1.00,1.50
2016.05.31 18:52:44.390,1.43758,1.43786,1.00,1.87
2016.05.31 18:52:46.363,1.43758,1.43786,1.37,1.50
2016.05.31 18:52:46.886,1.43758,1.43785,1.00,1.12
2016.05.31 18:52:47.496,1.43755,1.43785,1.37,1.12
2016.05.31 18:52:48.250,1.43755,1.43786,1.62,1.37
2016.05.31 18:52:48.704,1.43757,1.43787,1.12,1.50
2016.05.31 18:52:49.217,1.43757,1.43787,1.12,1.12
2016.05.31 18:52:51.910,1.43758,1.43786,1.37,1.00
2016.05.31 18:52:55.207,1.43755,1.43786,1.31,1.37
2016.05.31 18:52:56.880,1.43754,1.43784,2.44,1.00
2016.05.31 18:52:58.416,1.43759,1.43787,1.00,1.12
2016.05.31 18:52:59.534,1.43759,1.43786,1.00,1.00
2016.05.31 18:53:00.085,1.43757,1.43786,1.75,1.50
2016.05.31 18:53:01.513,1.43758,1.43786,1.37,1.12
2016.05.31 18:53:02.039,1.43758,1.43787,1.50,1.75
2016.05.31 18:53:02.675,1.43758,1.43786,1.87,1.00
2016.05.31 18:53:03.030,1.43755,1.43787,1.12,1.75
2016.05.31 18:53:03.554,1.43755,1.43786,1.12,1.37
2016.05.31 18:53:04.082,1.43755,1.43786,1.12,1.50
2016.05.31 18:53:05.432,1.43755,1.43786,1.12,1.75
2016.05.31 18:53:08.620,1.43754,1.43786,1.87,1.75
2016.05.31 18:53:08.722,1.43754,1.43781,1.75,1.00
2016.05.31 18:53:08.824,1.43754,1.43782,1.37,1.75
2016.05.31 18:53:08.925,1.43752,1.4378,1.37,1.00
2016.05.31 18:53:09.937,1.43752,1.4378,1.00,1.00
2016.05.31 18:53:09.989,1.43752,1.43782,1.37,1.50
2016.05.31 18:53:10.040,1.43754,1.43786,1.12,1.50
2016.05.31 18:53:10.345,1.43755,1.43784,2.25,1.50
2016.05.31 18:53:16.625,1.43755,1.43786,1.75,1.87
2016.05.31 18:53:17.134,1.43756,1.43786,1.37,1.87
2016.05.31 18:53:20.854,1.43756,1.43787,1.50,1.75
2016.05.31 18:53:23.617,1.43755,1.43783,1.75,1.00
2016.05.31 18:53:24.142,1.43755,1.43784,1.75,1.75
2016.05.31 18:53:29.274,1.43756,1.43784,1.37,1.87
2016.05.31 18:53:29.580,1.43757,1.43784,1.12,1.00
2016.05.31 18:53:30.241,1.4376,1.4379,1.81,1.12
2016.05.31 18:53:30.497,1.43757,1.43789,1.87,1.00
2016.05.31 18:53:30.763,1.43757,1.4379,1.87,2.25
2016.05.31 18:53:31.171,1.4376,1.4379,1.12,1.37
2016.05.31 18:53:31.674,1.43761,1.43792,1.37,1.50
2016.05.31 18:53:33.186,1.43759,1.43792,1.12,1.75
2016.05.31 18:53:33.363,1.43759,1.4379,1.12,1.37
2016.05.31 18:53:33.974,1.43759,1.4379,1.12,1.75
2016.05.31 18:53:34.584,1.43759,1.4379,1.12,1.75
2016.05.31 18:53:40.303,1.43757,1.43787,3.97,1.00
2016.05.31 18:53:41.119,1.43757,1.43787,3.97,1.37
2016.05.31 18:53:41.737,1.43757,1.43787,3.60,1.00
2016.05.31 18:53:45.697,1.43757,1.43789,3.41,1.75
2016.05.31 18:53:48.533,1.43758,1.4379,1.37,1.50
2016.05.31 18:53:48.585,1.43756,1.4379,2.19,1.50
2016.05.31 18:53:48.688,1.43759,1.4379,1.12,1.00
2016.05.31 18:53:49.515,1.43761,1.4379,1.00,1.37
2016.05.31 18:53:49.668,1.43758,1.43787,1.00,1.12
2016.05.31 18:53:49.719,1.43754,1.43785,1.37,1.12
2016.05.31 18:53:49.770,1.43754,1.43785,1.00,1.12
2016.05.31 18:53:49.923,1.43754,1.43784,1.00,1.75
2016.05.31 18:53:50.025,1.43752,1.43784,1.12,1.75
2016.05.31 18:53:50.387,1.43752,1.43781,1.50,1.12
2016.05.31 18:53:51.443,1.43752,1.43781,1.00,1.50
2016.05.31 18:53:51.546,1.43752,1.43781,1.00,1.87
2016.05.31 18:53:52.145,1.43752,1.43779,1.00,1.00
2016.05.31 18:53:52.451,1.43748,1.43781,2.06,1.87
2016.05.31 18:53:53.148,1.43748,1.43779,1.50,1.12
2016.05.31 18:53:53.687,1.43748,1.43778,1.50,1.12
2016.05.31 18:53:54.286,1.43748,1.43778,1.50,1.37
2016.05.31 18:53:55.032,1.43748,1.43778,1.00,1.12
2016.05.31 18:53:55.135,1.43749,1.43776,1.00,1.12
2016.05.31 18:53:55.777,1.43748,1.43776,1.00,1.00
2016.05.31 18:53:58.148,1.43748,1.43776,1.00,1.37
2016.05.31 18:53:58.685,1.43748,1.43776,1.12,1.00
2016.05.31 18:54:01.259,1.43748,1.43776,1.37,1.00
2016.05.31 18:54:02.184,1.43751,1.43778,1.00,1.00
2016.05.31 18:54:02.833,1.43752,1.43779,1.00,1.50
2016.05.31 18:54:02.884,1.43748,1.43779,1.31,1.50
2016.05.31 18:54:05.917,1.43748,1.43779,1.37,1.50
2016.05.31 18:54:06.273,1.4375,1.43782,1.50,2.62
2016.05.31 18:54:06.375,1.43748,1.43782,2.25,2.25
2016.05.31 18:54:06.426,1.43753,1.43782,1.50,1.12
2016.05.31 18:54:08.390,1.43753,1.43782,1.37,1.37
2016.05.31 18:54:10.152,1.43753,1.43782,1.12,1.00
2016.05.31 18:54:11.439,1.43752,1.43782,2.25,1.37
2016.05.31 18:54:11.643,1.43752,1.43782,1.00,1.87
2016.05.31 18:54:12.040,1.43751,1.43777,1.00,1.00
2016.05.31 18:54:12.347,1.43746,1.43778,1.87,1.37
2016.05.31 18:54:12.531,1.4375,1.43781,1.00,1.37
2016.05.31 18:54:12.753,1.43749,1.43781,1.25,1.37
2016.05.31 18:54:12.855,1.43749,1.43781,1.31,1.12
2016.05.31 18:54:13.382,1.43749,1.43781,1.31,1.00
2016.05.31 18:54:14.157,1.43749,1.43781,1.12,1.12
2016.05.31 18:54:15.059,1.43749,1.43781,1.12,1.37
2016.05.31 18:54:15.365,1.43753,1.43781,1.50,1.00
2016.05.31 18:54:18.029,1.43753,1.43783,1.75,1.12
2016.05.31 18:54:18.080,1.43755,1.43783,1.37,1.00
2016.05.31 18:54:18.132,1.43755,1.43787,1.37,1.50
2016.05.31 18:54:18.183,1.43757,1.43787,1.75,1.37
2016.05.31 18:54:18.234,1.43758,1.43788,1.50,1.00
2016.05.31 18:54:18.759,1.43758,1.43788,2.19,1.50
2016.05.31 18:54:19.525,1.43759,1.43789,1.62,1.87
2016.05.31 18:54:22.633,1.4376,1.43789,1.12,1.00
2016.05.31 18:54:22.685,1.4376,1.43791,1.87,1.00
2016.05.31 18:54:22.787,1.43762,1.43794,1.37,1.87
2016.05.31 18:54:22.889,1.43763,1.43794,1.37,1.50
2016.05.31 18:54:22.991,1.43763,1.43794,1.87,1.00
2016.05.31 18:54:23.093,1.43763,1.43794,2.62,1.00
2016.05.31 18:54:23.413,1.43763,1.43797,1.87,1.75
2016.05.31 18:54:23.515,1.4376,1.43791,1.75,1.00
2016.05.31 18:54:23.566,1.4376,1.43791,1.50,1.00
2016.05.31 18:54:24.141,1.43761,1.43792,1.12,1.12
2016.05.31 18:54:25.306,1.43761,1.43793,1.75,1.87
2016.05.31 18:54:25.408,1.4376,1.43793,1.12,1.50
2016.05.31 18:54:25.612,1.43759,1.43793,2.44,2.25
2016.05.31 18:54:25.714,1.43759,1.43791,2.06,1.00
2016.05.31 18:54:26.803,1.4376,1.43793,1.62,2.25
2016.05.31 18:54:26.905,1.43762,1.43793,1.00,2.25
2016.05.31 18:54:27.008,1.43765,1.43793,1.00,1.50
2016.05.31 18:54:27.313,1.43761,1.43792,2.25,1.37
2016.05.31 18:54:27.454,1.43759,1.43792,1.87,1.37
2016.05.31 18:54:27.999,1.43759,1.4379,2.25,1.00
2016.05.31 18:54:29.814,1.43759,1.4379,1.12,1.12
2016.05.31 18:54:31.719,1.43761,1.4379,1.00,1.00
2016.05.31 18:54:32.248,1.4376,1.4379,1.12,1.12
2016.05.31 18:54:32.790,1.43761,1.4379,1.31,1.12
2016.05.31 18:54:35.225,1.43761,1.43793,1.37,2.25
2016.05.31 18:54:36.717,1.43762,1.43793,1.37,1.50
2016.05.31 18:54:36.870,1.43766,1.43797,1.50,1.12
2016.05.31 18:54:37.026,1.43767,1.43799,1.12,1.50
2016.05.31 18:54:39.744,1.43768,1.43799,1.12,1.50
2016.05.31 18:54:39.897,1.43769,1.43801,1.81,1.12
2016.05.31 18:54:39.949,1.43769,1.43801,1.81,1.00
2016.05.31 18:54:40.000,1.43772,1.43803,1.00,1.50
2016.05.31 18:54:40.051,1.4377,1.43803,2.00,1.50
2016.05.31 18:54:40.379,1.43777,1.43808,1.37,1.12
2016.05.31 18:54:42.547,1.43777,1.43809,1.37,1.75
2016.05.31 18:54:45.076,1.43777,1.43809,1.37,1.75
2016.05.31 18:54:45.410,1.43777,1.43807,1.37,1.00
2016.05.31 18:54:45.664,1.43777,1.43809,1.37,1.75
2016.05.31 18:54:46.122,1.43777,1.43809,1.12,1.37
2016.05.31 18:54:46.276,1.43782,1.4381,1.12,1.00
2016.05.31 18:54:46.378,1.43786,1.43816,1.12,1.87
2016.05.31 18:54:46.911,1.43786,1.43817,1.37,1.50
2016.05.31 18:54:47.470,1.43786,1.43817,1.50,1.75
2016.05.31 18:54:49.759,1.43786,1.43817,1.12,1.75
2016.05.31 18:54:52.163,1.43785,1.43817,1.75,1.75
2016.05.31 18:54:52.687,1.43785,1.43814,1.75,1.00
2016.05.31 18:54:53.195,1.43787,1.43817,1.12,1.75
2016.05.31 18:54:53.500,1.43793,1.43822,1.00,1.12
2016.05.31 18:54:53.755,1.43793,1.43822,1.87,1.00
2016.05.31 18:54:54.069,1.43795,1.43822,1.75,1.00
2016.05.31 18:54:55.555,1.43796,1.43825,1.37,1.00
2016.05.31 18:54:55.607,1.43795,1.43826,1.12,3.37
2016.05.31 18:54:55.784,1.43793,1.43826,1.50,3.37
2016.05.31 18:54:55.988,1.43793,1.43823,1.00,1.37
2016.05.31 18:54:56.294,1.43787,1.43822,2.06,1.87
2016.05.31 18:54:56.898,1.43785,1.43817,2.62,1.75
2016.05.31 18:54:57.421,1.43785,1.43817,1.75,1.75
2016.05.31 18:54:59.000,1.43785,1.43817,1.87,1.75
2016.05.31 18:54:59.372,1.43784,1.43817,2.25,1.75
2016.05.31 18:54:59.773,1.43781,1.43809,1.37,1.00
2016.05.31 18:54:59.875,1.43781,1.43813,1.00,1.75
2016.05.31 18:55:00.282,1.43781,1.4381,1.75,1.00
2016.05.31 18:55:00.384,1.43782,1.43815,1.75,1.75
2016.05.31 18:55:00.786,1.43783,1.43816,1.75,1.50
2016.05.31 18:55:02.226,1.43783,1.43816,1.75,1.75
2016.05.31 18:55:02.757,1.43783,1.43816,2.25,1.50
2016.05.31 18:55:03.523,1.43785,1.43816,1.50,1.12
2016.05.31 18:55:03.625,1.43787,1.43818,1.12,1.12
2016.05.31 18:55:03.727,1.43792,1.43822,1.75,1.00
2016.05.31 18:55:03.931,1.43793,1.43822,1.00,1.00
2016.05.31 18:55:05.630,1.43792,1.43822,1.50,1.37
2016.05.31 18:55:06.157,1.43792,1.43822,1.50,1.00
2016.05.31 18:55:06.510,1.43792,1.43822,1.12,2.25
2016.05.31 18:55:06.813,1.43789,1.43819,2.25,1.12
2016.05.31 18:55:06.864,1.43789,1.43819,1.50,1.50
2016.05.31 18:55:07.069,1.43779,1.43812,1.87,1.12
2016.05.31 18:55:07.222,1.4378,1.43812,1.37,1.50
2016.05.31 18:55:07.325,1.43782,1.43814,1.00,1.12
2016.05.31 18:55:07.885,1.4378,1.43812,1.12,1.12
2016.05.31 18:55:08.402,1.4378,1.43811,1.12,1.12
2016.05.31 18:55:08.911,1.43779,1.43811,1.00,1.50
2016.05.31 18:55:09.297,1.43778,1.43811,1.12,1.50
2016.05.31 18:55:09.607,1.43787,1.43818,1.31,1.37
2016.05.31 18:55:09.659,1.43787,1.4382,1.69,1.12
2016.05.31 18:55:10.116,1.43787,1.43818,1.69,1.00
2016.05.31 18:55:10.320,1.43787,1.4382,2.06,1.12
2016.05.31 18:55:10.727,1.43792,1.43825,1.50,2.25
2016.05.31 18:55:11.260,1.43793,1.43825,2.06,1.50
2016.05.31 18:55:11.362,1.43794,1.43825,1.12,1.12
2016.05.31 18:55:11.974,1.43797,1.43824,1.37,1.00
2016.05.31 18:55:12.523,1.43796,1.43825,1.12,1.12
2016.05.31 18:55:12.901,1.43796,1.43827,1.00,1.87
2016.05.31 18:55:12.953,1.43796,1.43827,1.37,1.50
2016.05.31 18:55:13.483,1.43797,1.43827,1.75,2.25
2016.05.31 18:55:14.021,1.43797,1.43827,1.37,1.50
2016.05.31 18:55:14.762,1.43797,1.43827,1.12,1.50
2016.05.31 18:55:15.327,1.43799,1.43827,1.00,1.00
2016.05.31 18:55:16.891,1.43797,1.43827,2.25,1.50
2016.05.31 18:55:17.402,1.43797,1.43827,2.25,1.00
2016.05.31 18:55:18.862,1.43797,1.43827,1.87,1.50
2016.05.31 18:55:19.067,1.43803,1.43833,1.62,1.00
2016.05.31 18:55:19.123,1.43804,1.43833,2.25,1.00
2016.05.31 18:55:19.327,1.43806,1.43839,1.12,2.25
2016.05.31 18:55:19.480,1.43805,1.43837,2.25,1.00
2016.05.31 18:55:19.980,1.43807,1.43837,1.75,1.00
2016.05.31 18:55:22.880,1.43811,1.43839,1.37,1.00
2016.05.31 18:55:22.931,1.43817,1.4384,1.00,1.00
2016.05.31 18:55:23.228,1.43815,1.43844,1.25,1.50
2016.05.31 18:55:23.380,1.43815,1.43842,1.00,1.37
2016.05.31 18:55:23.533,1.43808,1.43842,2.32,1.75
2016.05.31 18:55:24.049,1.43808,1.43842,3.07,1.75
2016.05.31 18:55:24.633,1.43808,1.43842,2.25,1.87
2016.05.31 18:55:25.158,1.43808,1.43838,2.25,1.00
2016.05.31 18:55:28.476,1.43808,1.43842,2.25,1.87
2016.05.31 18:55:28.985,1.4381,1.43838,1.75,1.00
2016.05.31 18:55:29.145,1.43811,1.43842,1.12,1.12
2016.05.31 18:55:29.196,1.43816,1.43845,1.12,1.12
2016.05.31 18:55:29.247,1.43818,1.43848,1.12,1.00
2016.05.31 18:55:29.755,1.43818,1.43849,1.87,1.50
2016.05.31 18:55:30.286,1.43819,1.4385,1.75,1.00
2016.05.31 18:55:33.600,1.43818,1.4385,1.87,1.37
2016.05.31 18:55:33.755,1.43811,1.43844,2.25,1.00
2016.05.31 18:55:33.907,1.4381,1.43845,1.75,1.87
2016.05.31 18:55:35.207,1.4381,1.43843,1.75,1.37
2016.05.31 18:55:35.826,1.43813,1.43845,1.37,3.00
2016.05.31 18:55:36.277,1.43813,1.43845,1.37,1.00
2016.05.31 18:55:36.530,1.43813,1.43845,1.00,1.37
2016.05.31 18:55:36.784,1.43813,1.43845,1.00,1.87
2016.05.31 18:55:36.937,1.43812,1.43845,1.37,2.25
2016.05.31 18:55:37.242,1.43813,1.43844,1.00,1.00
2016.05.31 18:55:38.010,1.43811,1.43844,1.75,1.37
2016.05.31 18:55:40.251,1.43809,1.43841,1.50,1.12
2016.05.31 18:55:40.454,1.43807,1.43841,2.25,1.87
2016.05.31 18:55:40.759,1.43807,1.43841,1.87,2.25
2016.05.31 18:55:41.518,1.43807,1.43839,1.50,1.12
2016.05.31 18:55:41.823,1.43804,1.43836,1.50,1.12
2016.05.31 18:55:41.874,1.43803,1.43836,1.37,1.12
2016.05.31 18:55:43.078,1.438,1.43834,1.87,2.25
2016.05.31 18:55:43.281,1.438,1.4383,1.87,1.50
2016.05.31 18:55:43.383,1.43796,1.4383,1.00,3.37
2016.05.31 18:55:44.117,1.43796,1.43827,1.00,1.00
2016.05.31 18:55:44.219,1.43796,1.43829,1.00,1.00
2016.05.31 18:55:44.512,1.43796,1.4383,3.00,3.00
2016.05.31 18:55:44.822,1.43796,1.4383,3.00,2.62
2016.05.31 18:55:46.232,1.438,1.4383,1.00,1.12
2016.05.31 18:55:47.680,1.43796,1.4383,1.87,1.50
2016.05.31 18:55:47.833,1.43796,1.43826,1.00,1.00
2016.05.31 18:55:48.483,1.43795,1.43826,1.12,1.00
2016.05.31 18:55:50.541,1.43794,1.43826,1.50,1.00
2016.05.31 18:55:51.923,1.43793,1.43826,1.12,1.75
2016.05.31 18:55:52.229,1.43793,1.43826,1.75,1.12
2016.05.31 18:55:52.767,1.43793,1.43826,1.75,1.12
2016.05.31 18:55:53.767,1.43796,1.43827,1.12,1.12
2016.05.31 18:55:54.072,1.43801,1.43829,1.12,1.00
2016.05.31 18:55:54.595,1.43802,1.4383,1.50,1.00
2016.05.31 18:55:55.176,1.43799,1.43831,2.25,1.00
2016.05.31 18:55:55.681,1.43799,1.4383,2.25,1.00
2016.05.31 18:55:56.064,1.43798,1.43818,1.00,1.12
2016.05.31 18:55:56.116,1.43794,1.43817,1.00,1.12
2016.05.31 18:55:56.218,1.43784,1.43812,1.37,1.12
2016.05.31 18:55:56.690,1.4378,1.43811,1.37,2.25
2016.05.31 18:55:57.290,1.4378,1.43811,1.37,2.25
2016.05.31 18:55:57.341,1.43778,1.43811,1.50,2.25
2016.05.31 18:55:57.997,1.43778,1.43812,1.50,1.12
2016.05.31 18:55:58.149,1.43778,1.43809,1.50,1.00
2016.05.31 18:55:58.657,1.43778,1.43812,1.50,1.12
2016.05.31 18:55:59.183,1.43778,1.43814,1.87,3.37
2016.05.31 18:55:59.234,1.43782,1.43815,1.12,1.87
2016.05.31 18:55:59.285,1.43783,1.43815,1.12,1.12
2016.05.31 18:55:59.590,1.43783,1.43819,2.25,4.12
2016.05.31 18:55:59.844,1.43783,1.43815,1.12,1.12
2016.05.31 18:56:00.100,1.43782,1.43815,1.50,1.12
2016.05.31 18:56:00.405,1.43778,1.4381,1.50,1.75
2016.05.31 18:56:00.611,1.43773,1.43805,1.37,1.37
2016.05.31 18:56:00.663,1.43773,1.43805,1.37,1.00
2016.05.31 18:56:00.714,1.43772,1.43805,1.87,1.75
2016.05.31 18:56:01.020,1.43771,1.43802,1.75,1.50
2016.05.31 18:56:01.707,1.43771,1.43802,1.75,1.50
2016.05.31 18:56:01.860,1.43771,1.43802,1.00,1.50
2016.05.31 18:56:01.962,1.43771,1.43802,1.75,1.50
2016.05.31 18:56:02.507,1.43769,1.43802,1.75,1.50
2016.05.31 18:56:03.213,1.4377,1.43803,1.87,1.50
2016.05.31 18:56:03.367,1.43769,1.43801,1.87,1.37
2016.05.31 18:56:03.521,1.43769,1.43798,1.12,1.00
2016.05.31 18:56:04.054,1.43768,1.43797,1.62,1.00
2016.05.31 18:56:04.593,1.43768,1.438,1.37,1.75
2016.05.31 18:56:05.168,1.43768,1.43797,1.37,1.00
2016.05.31 18:56:05.506,1.43763,1.43792,1.00,1.00
2016.05.31 18:56:05.557,1.4376,1.43794,1.87,1.75
2016.05.31 18:56:05.660,1.43761,1.43794,1.37,1.50
2016.05.31 18:56:06.124,1.43761,1.43794,1.87,1.50
2016.05.31 18:56:06.328,1.43763,1.43796,1.12,1.00
2016.05.31 18:56:06.531,1.43763,1.43797,1.37,2.25
2016.05.31 18:56:06.870,1.43768,1.43801,1.00,2.25
2016.05.31 18:56:07.381,1.43768,1.43801,1.37,1.50
2016.05.31 18:56:08.998,1.43768,1.43801,1.50,1.87
2016.05.31 18:56:10.122,1.43768,1.43801,1.44,2.25
2016.05.31 18:56:10.641,1.43767,1.43801,2.25,2.25
2016.05.31 18:56:10.802,1.43767,1.43801,1.87,2.25
2016.05.31 18:56:11.006,1.43764,1.43795,1.00,1.12
2016.05.31 18:56:11.312,1.43761,1.43795,1.87,2.62
2016.05.31 18:56:11.706,1.43761,1.43795,1.12,4.12
2016.05.31 18:56:12.346,1.4376,1.43792,1.12,1.75
2016.05.31 18:56:12.810,1.4376,1.43789,1.12,1.37
2016.05.31 18:56:13.348,1.43757,1.43789,1.31,1.87
2016.05.31 18:56:14.451,1.43757,1.43788,1.50,1.50
2016.05.31 18:56:16.014,1.43757,1.43789,1.50,1.12
2016.05.31 18:56:17.401,1.43757,1.43789,1.50,1.37
2016.05.31 18:56:17.452,1.43758,1.43789,1.00,1.12
2016.05.31 18:56:17.993,1.43763,1.43793,1.00,1.00
2016.05.31 18:56:18.095,1.43763,1.43796,1.50,1.87
2016.05.31 18:56:18.147,1.43763,1.43796,1.12,1.87
2016.05.31 18:56:19.376,1.43766,1.43796,1.00,1.37
2016.05.31 18:56:19.518,1.43764,1.43796,1.12,1.50
2016.05.31 18:56:20.075,1.43765,1.43795,1.00,1.00
2016.05.31 18:56:20.431,1.43767,1.43796,1.37,1.00
2016.05.31 18:56:20.764,1.43774,1.43802,2.25,1.50
2016.05.31 18:56:20.815,1.43776,1.43807,1.00,1.50
2016.05.31 18:56:20.867,1.43779,1.43807,1.00,1.50
2016.05.31 18:56:21.071,1.43776,1.43806,1.87,1.00
2016.05.31 18:56:21.803,1.43776,1.43809,1.87,1.50
2016.05.31 18:56:22.535,1.43776,1.43807,1.00,1.75
2016.05.31 18:56:22.637,1.43771,1.43802,1.00,1.75
2016.05.31 18:56:22.689,1.43769,1.43795,1.00,1.00
2016.05.31 18:56:22.842,1.43763,1.43796,1.75,1.50
2016.05.31 18:56:24.124,1.43763,1.43796,1.12,1.37
2016.05.31 18:56:24.391,1.43763,1.43796,1.00,1.50
2016.05.31 18:56:24.442,1.43762,1.43796,2.62,1.50
2016.05.31 18:56:24.849,1.43763,1.43796,1.00,1.75
2016.05.31 18:56:25.345,1.43762,1.43795,1.50,1.12
2016.05.31 18:56:25.855,1.43762,1.43789,1.50,1.00
2016.05.31 18:56:26.496,1.43762,1.43794,1.50,1.75
2016.05.31 18:56:26.810,1.4376,1.43785,1.81,1.00
2016.05.31 18:56:26.861,1.43757,1.43788,1.00,1.12
2016.05.31 18:56:27.388,1.43757,1.43788,1.00,1.12
2016.05.31 18:56:29.962,1.43757,1.43788,1.00,1.00
2016.05.31 18:56:30.463,1.43757,1.43789,1.00,1.87
2016.05.31 18:56:31.068,1.43757,1.43789,1.00,1.87
2016.05.31 18:56:31.374,1.43741,1.43773,1.87,1.12
2016.05.31 18:56:31.877,1.43741,1.43769,1.75,1.00
2016.05.31 18:56:31.928,1.43741,1.43769,1.00,1.00
2016.05.31 18:56:32.763,1.43741,1.43769,1.00,1.37
2016.05.31 18:56:32.865,1.43735,1.43769,1.75,1.12
2016.05.31 18:56:33.269,1.43734,1.43769,2.00,1.12
2016.05.31 18:56:33.807,1.43734,1.43767,2.00,1.00
2016.05.31 18:56:34.219,1.43734,1.43769,1.31,1.12
2016.05.31 18:56:34.524,1.43732,1.43765,1.00,1.12
2016.05.31 18:56:34.745,1.43728,1.43761,2.25,1.37
2016.05.31 18:56:34.796,1.43728,1.43761,2.62,1.50
2016.05.31 18:56:34.847,1.43728,1.43761,2.25,1.12
2016.05.31 18:56:34.899,1.43728,1.43761,2.25,1.12
2016.05.31 18:56:35.000,1.43728,1.43761,1.12,1.37
2016.05.31 18:56:35.509,1.43728,1.43759,1.50,1.00
2016.05.31 18:56:36.057,1.43729,1.43764,1.31,1.12
2016.05.31 18:56:36.365,1.43736,1.43767,2.25,1.12
2016.05.31 18:56:36.620,1.43741,1.43774,1.12,1.12
2016.05.31 18:56:36.926,1.43737,1.43771,2.32,1.37
2016.05.31 18:56:36.977,1.43737,1.43769,1.12,1.12
2016.05.31 18:56:37.518,1.43736,1.43769,1.87,1.75
2016.05.31 18:56:37.783,1.43736,1.43769,1.87,1.50
2016.05.31 18:56:38.347,1.43736,1.43772,1.87,1.12
2016.05.31 18:56:38.788,1.43737,1.4377,1.00,1.12
2016.05.31 18:56:39.297,1.43735,1.43765,1.87,1.00
2016.05.31 18:56:39.798,1.43736,1.4377,1.00,1.12
2016.05.31 18:56:40.676,1.43736,1.43766,1.00,1.75
2016.05.31 18:56:41.177,1.43736,1.43766,1.00,1.12
2016.05.31 18:56:41.452,1.43736,1.43767,1.00,1.37
2016.05.31 18:56:41.707,1.43737,1.43767,1.00,1.12
2016.05.31 18:56:41.758,1.43735,1.43766,1.50,1.12
2016.05.31 18:56:41.861,1.43735,1.43762,1.00,1.00
2016.05.31 18:56:42.064,1.43735,1.43765,1.00,1.00
2016.05.31 18:56:42.319,1.43735,1.43766,1.00,1.12
2016.05.31 18:56:43.132,1.43735,1.43763,1.00,1.12
2016.05.31 18:56:45.145,1.43735,1.43766,1.37,1.75
2016.05.31 18:56:45.196,1.43737,1.43767,1.00,1.00
2016.05.31 18:56:45.738,1.43736,1.43767,1.31,1.00
2016.05.31 18:56:46.247,1.43736,1.43767,1.50,1.00
2016.05.31 18:56:46.838,1.43736,1.43767,1.44,1.37
2016.05.31 18:56:46.991,1.43731,1.4376,1.00,1.00
2016.05.31 18:56:47.093,1.43734,1.43762,1.00,1.37
2016.05.31 18:56:47.276,1.43735,1.43767,1.37,1.50
2016.05.31 18:56:47.785,1.43738,1.43767,1.00,1.37
2016.05.31 18:56:47.836,1.43738,1.43768,1.37,1.37
2016.05.31 18:56:47.939,1.43738,1.43767,1.50,1.00
2016.05.31 18:56:48.041,1.43738,1.43767,1.00,1.37
2016.05.31 18:56:48.376,1.43735,1.43767,2.25,1.75
2016.05.31 18:56:48.731,1.43737,1.43767,1.25,1.75
2016.05.31 18:56:49.087,1.43736,1.43767,1.12,1.12
2016.05.31 18:56:49.630,1.43736,1.43767,1.12,1.12
2016.05.31 18:56:49.834,1.43738,1.43771,1.75,1.12
2016.05.31 18:56:49.937,1.43741,1.43771,1.00,1.12
2016.05.31 18:56:50.556,1.43741,1.43771,1.12,1.37
2016.05.31 18:56:54.257,1.43741,1.43772,1.37,1.12
2016.05.31 18:56:54.764,1.4374,1.43772,1.87,1.12
2016.05.31 18:56:55.237,1.43741,1.43773,1.50,1.37
2016.05.31 18:56:55.773,1.43742,1.43774,1.00,1.75
2016.05.31 18:56:56.276,1.43741,1.43772,1.00,1.37
2016.05.31 18:56:56.581,1.43745,1.43772,1.12,1.00
2016.05.31 18:56:57.140,1.43746,1.43774,1.00,1.37
2016.05.31 18:56:58.274,1.43746,1.43776,1.50,2.25
2016.05.31 18:56:58.482,1.43752,1.43779,1.12,1.12
2016.05.31 18:56:58.585,1.43752,1.43783,1.37,2.47
2016.05.31 18:56:58.637,1.43755,1.43783,1.00,1.50
2016.05.31 18:56:59.145,1.43752,1.43783,1.75,1.50
2016.05.31 18:56:59.891,1.43755,1.43783,1.50,1.00
2016.05.31 18:57:00.698,1.43755,1.43783,1.00,1.00
2016.05.31 18:57:00.851,1.43755,1.43783,1.00,1.75
2016.05.31 18:57:00.953,1.43751,1.43783,1.75,1.37
2016.05.31 18:57:01.258,1.43751,1.43783,1.75,1.00
2016.05.31 18:57:04.996,1.43756,1.43786,1.50,1.75
2016.05.31 18:57:05.099,1.43759,1.4379,1.12,2.25
2016.05.31 18:57:05.201,1.43765,1.43793,1.12,1.12
2016.05.31 18:57:05.252,1.43774,1.43796,1.00,1.72
2016.05.31 18:57:05.354,1.43774,1.43804,1.75,1.12
2016.05.31 18:57:05.406,1.43778,1.43806,1.37,1.12
2016.05.31 18:57:05.694,1.43777,1.43805,1.00,1.00
2016.05.31 18:57:05.745,1.43774,1.43806,1.81,1.50
2016.05.31 18:57:05.797,1.43774,1.43806,1.44,1.75
2016.05.31 18:57:06.001,1.43774,1.43806,1.50,1.75
2016.05.31 18:57:06.510,1.43774,1.43806,1.44,2.25
2016.05.31 18:57:07.139,1.43774,1.43803,1.37,1.12
2016.05.31 18:57:07.444,1.43771,1.43801,2.25,1.00
2016.05.31 18:57:07.868,1.43771,1.43801,1.44,1.00
2016.05.31 18:57:08.173,1.43769,1.43802,1.12,1.75
2016.05.31 18:57:08.722,1.43769,1.43802,1.75,1.75
2016.05.31 18:57:09.029,1.43766,1.43792,1.00,1.12
2016.05.31 18:57:09.081,1.43757,1.43792,1.87,1.12
2016.05.31 18:57:10.312,1.43757,1.4379,1.50,1.12
2016.05.31 18:57:10.464,1.43757,1.4379,1.87,1.12
2016.05.31 18:57:14.505,1.43757,1.43792,1.50,1.12
2016.05.31 18:57:15.075,1.43762,1.43794,1.00,4.50
2016.05.31 18:57:15.505,1.43761,1.43794,2.25,1.00
2016.05.31 18:57:15.607,1.43763,1.43793,1.12,1.00
2016.05.31 18:57:15.660,1.43766,1.43795,1.75,1.12
2016.05.31 18:57:15.711,1.43768,1.43799,1.12,2.62
2016.05.31 18:57:16.432,1.43767,1.43796,1.12,1.12
2016.05.31 18:57:16.483,1.43765,1.43795,1.12,1.37
2016.05.31 18:57:16.535,1.43765,1.43795,1.00,1.75
2016.05.31 18:57:16.879,1.43755,1.43788,2.25,1.12
2016.05.31 18:57:17.235,1.43755,1.43788,3.00,1.12
2016.05.31 18:57:17.591,1.43755,1.43788,1.37,1.12
2016.05.31 18:57:18.138,1.43755,1.43788,1.37,1.37
2016.05.31 18:57:18.679,1.43755,1.43787,1.12,1.00
2016.05.31 18:57:20.548,1.43755,1.43787,1.37,1.00
2016.05.31 18:57:21.056,1.43755,1.43789,1.37,1.50
2016.05.31 18:57:21.107,1.43755,1.43789,1.12,1.37
2016.05.31 18:57:21.311,1.43755,1.43788,1.37,1.12
2016.05.31 18:57:21.732,1.43755,1.4379,1.12,2.62
2016.05.31 18:57:22.109,1.43755,1.43789,1.12,1.50
2016.05.31 18:57:22.770,1.43756,1.43788,1.87,1.12
2016.05.31 18:57:25.294,1.43758,1.4379,1.50,2.25
2016.05.31 18:57:25.497,1.43759,1.4379,1.50,1.00
2016.05.31 18:57:25.701,1.43759,1.4379,1.75,1.00
2016.05.31 18:57:25.954,1.43759,1.4379,1.37,1.37
2016.05.31 18:57:26.056,1.43759,1.4379,1.00,1.50
2016.05.31 18:57:26.632,1.43755,1.43787,1.37,1.00
2016.05.31 18:57:27.303,1.43755,1.43785,1.12,1.00
2016.05.31 18:57:27.717,1.43757,1.43787,1.75,1.00
2016.05.31 18:57:27.870,1.43758,1.4379,1.50,1.50
2016.05.31 18:57:28.401,1.43761,1.4379,1.00,1.00
2016.05.31 18:57:28.782,1.4376,1.43789,1.75,1.00
2016.05.31 18:57:28.834,1.43765,1.43792,1.00,1.00
2016.05.31 18:57:30.092,1.43761,1.43792,3.75,1.37
2016.05.31 18:57:30.194,1.43761,1.43792,1.50,2.25
2016.05.31 18:57:30.611,1.43758,1.43792,2.62,2.25
2016.05.31 18:57:31.127,1.43758,1.43788,1.87,1.00
2016.05.31 18:57:31.646,1.43758,1.4379,1.37,1.75
2016.05.31 18:57:32.009,1.43758,1.43785,1.37,1.12
2016.05.31 18:57:32.111,1.43758,1.43787,1.00,1.00
2016.05.31 18:57:32.162,1.43755,1.43787,1.12,1.87
2016.05.31 18:57:32.269,1.43755,1.43787,1.12,1.87
2016.05.31 18:57:33.028,1.43751,1.43781,2.62,1.00
2016.05.31 18:57:33.183,1.4375,1.43782,1.87,1.37
2016.05.31 18:57:33.387,1.43751,1.43784,1.50,1.50
2016.05.31 18:57:34.421,1.43751,1.43782,1.87,1.50
2016.05.31 18:57:34.855,1.43751,1.4378,1.87,1.87
2016.05.31 18:57:34.957,1.43747,1.43778,1.00,1.12
2016.05.31 18:57:35.008,1.43747,1.43779,1.00,1.37
2016.05.31 18:57:35.110,1.43745,1.43776,1.37,1.00
2016.05.31 18:57:35.537,1.43745,1.43771,1.37,1.00
2016.05.31 18:57:36.059,1.43744,1.43775,1.12,1.75
2016.05.31 18:57:36.644,1.43741,1.43773,1.87,1.00
2016.05.31 18:57:36.959,1.43743,1.43771,1.12,1.00
2016.05.31 18:57:37.142,1.43746,1.43775,3.00,1.00
2016.05.31 18:57:37.244,1.43747,1.43779,1.37,1.37
2016.05.31 18:57:38.115,1.4375,1.43781,1.12,1.12
2016.05.31 18:57:38.272,1.4375,1.43785,2.62,1.12
2016.05.31 18:57:38.785,1.43751,1.43786,1.50,2.25
2016.05.31 18:57:39.313,1.43753,1.43786,1.12,1.87
2016.05.31 18:57:39.364,1.43755,1.43786,1.12,1.12
2016.05.31 18:57:39.645,1.43757,1.43789,1.00,2.25
2016.05.31 18:57:40.632,1.43757,1.43789,1.37,2.25
2016.05.31 18:57:41.300,1.43756,1.43789,1.12,1.37
2016.05.31 18:57:41.606,1.43749,1.4378,3.00,1.12
2016.05.31 18:57:41.911,1.43749,1.43775,2.25,1.37
2016.05.31 18:57:42.013,1.43749,1.43775,2.25,1.00
2016.05.31 18:57:42.751,1.43743,1.43776,2.25,1.50
2016.05.31 18:57:43.123,1.43743,1.43772,1.50,1.12
2016.05.31 18:57:43.428,1.43743,1.43774,1.00,1.00
2016.05.31 18:57:44.004,1.43742,1.43775,1.87,1.12
2016.05.31 18:57:44.055,1.43742,1.43775,2.25,1.12
2016.05.31 18:57:44.276,1.43742,1.43775,1.87,1.00
2016.05.31 18:57:44.828,1.43742,1.43775,1.87,1.37
2016.05.31 18:57:44.930,1.43742,1.43775,1.87,1.12
2016.05.31 18:57:45.880,1.43742,1.43774,1.87,1.00
2016.05.31 18:57:46.029,1.43743,1.43775,1.00,1.12
2016.05.31 18:57:46.537,1.43744,1.43773,1.00,1.00
2016.05.31 18:57:46.741,1.43744,1.43775,1.00,1.00
2016.05.31 18:57:47.367,1.43744,1.43775,3.00,1.00
2016.05.31 18:57:48.170,1.43744,1.43774,3.00,1.00
2016.05.31 18:57:48.675,1.43744,1.43775,3.00,1.00
2016.05.31 18:57:49.231,1.43744,1.43776,3.00,1.75
2016.05.31 18:57:50.563,1.43744,1.43775,3.00,1.12
2016.05.31 18:57:50.615,1.43744,1.43775,1.12,1.12
2016.05.31 18:57:51.627,1.43744,1.43775,1.12,1.12
2016.05.31 18:57:52.215,1.43744,1.43773,1.37,1.50
2016.05.31 18:57:52.660,1.43749,1.43777,1.00,1.12
2016.05.31 18:57:52.712,1.43749,1.43779,1.00,1.12
2016.05.31 18:57:54.325,1.43749,1.4378,1.37,1.12
2016.05.31 18:57:56.717,1.43749,1.4378,1.37,1.12
2016.05.31 18:57:57.973,1.43749,1.4378,1.37,1.12
2016.05.31 18:57:58.798,1.43749,1.43778,1.37,1.12
2016.05.31 18:57:58.901,1.43748,1.43774,2.25,1.12
2016.05.31 18:57:59.054,1.43742,1.43775,1.00,1.87
2016.05.31 18:57:59.106,1.43741,1.4377,2.25,1.50
2016.05.31 18:57:59.365,1.43741,1.4377,2.25,1.75
2016.05.31 18:58:00.070,1.43741,1.4377,2.62,1.75
2016.05.31 18:58:00.274,1.43742,1.43772,1.00,1.12
2016.05.31 18:58:00.479,1.43743,1.43775,1.00,2.25
2016.05.31 18:58:00.581,1.43742,1.43775,1.37,2.25
2016.05.31 18:58:00.813,1.43743,1.43775,1.00,1.75
2016.05.31 18:58:00.864,1.43743,1.43775,3.00,1.12
2016.05.31 18:58:01.974,1.43744,1.43773,1.12,1.12
2016.05.31 18:58:02.504,1.43745,1.43775,1.00,1.12
2016.05.31 18:58:03.122,1.43743,1.43773,3.37,1.50
2016.05.31 18:58:03.834,1.43744,1.43772,1.00,1.12
2016.05.31 18:58:04.444,1.43744,1.43771,1.00,1.00
2016.05.31 18:58:04.597,1.43743,1.43775,1.37,1.37
2016.05.31 18:58:04.800,1.43743,1.43774,1.37,1.75
2016.05.31 18:58:05.436,1.43742,1.43774,3.00,1.75
2016.05.31 18:58:05.959,1.43741,1.43774,1.12,1.75
2016.05.31 18:58:06.806,1.43741,1.43772,1.75,1.00
2016.05.31 18:58:07.338,1.43743,1.43773,1.12,1.00
2016.05.31 18:58:07.390,1.43743,1.43771,1.00,1.00
2016.05.31 18:58:07.726,1.43736,1.43767,1.50,1.37
2016.05.31 18:58:08.039,1.43736,1.43767,1.00,1.12
2016.05.31 18:58:08.396,1.43733,1.43767,1.44,1.12
2016.05.31 18:58:08.498,1.43733,1.43761,1.44,1.00
2016.05.31 18:58:08.826,1.43733,1.43767,1.25,1.12
2016.05.31 18:58:10.054,1.43731,1.43761,1.37,1.75
2016.05.31 18:58:11.645,1.43731,1.43761,2.25,1.00
2016.05.31 18:58:12.148,1.43731,1.43762,2.25,1.00
2016.05.31 18:58:13.340,1.43735,1.43764,1.00,1.00
2016.05.31 18:58:13.740,1.43736,1.43767,1.75,1.37
2016.05.31 18:58:14.523,1.43739,1.43768,1.75,1.50
2016.05.31 18:58:14.574,1.43741,1.43769,1.12,2.25
2016.05.31 18:58:15.116,1.4374,1.4377,1.50,1.50
2016.05.31 18:58:15.769,1.4374,1.43771,1.12,1.87
2016.05.31 18:58:16.425,1.4374,1.43772,2.25,1.37
2016.05.31 18:58:16.528,1.43741,1.43772,1.00,1.87
2016.05.31 18:58:16.732,1.43742,1.43772,1.12,1.12
2016.05.31 18:58:16.964,1.43742,1.43773,1.12,1.37
2016.05.31 18:58:17.517,1.43742,1.43774,1.12,2.25
2016.05.31 18:58:17.956,1.43746,1.43774,1.00,1.12
2016.05.31 18:58:18.763,1.43746,1.43775,1.00,1.00
2016.05.31 18:58:19.320,1.43746,1.43775,1.00,1.87
2016.05.31 18:58:19.826,1.43745,1.43775,1.50,1.00
2016.05.31 18:58:20.668,1.43745,1.43775,1.50,1.37
2016.05.31 18:58:22.552,1.43745,1.43775,1.50,1.00
2016.05.31 18:58:23.846,1.43746,1.43775,1.00,1.12
2016.05.31 18:58:24.136,1.43746,1.43776,2.25,1.37
2016.05.31 18:58:26.073,1.43746,1.43775,1.50,1.00
2016.05.31 18:58:26.432,1.43747,1.43777,1.12,1.12
2016.05.31 18:58:26.744,1.43751,1.43778,1.37,1.37
2016.05.31 18:58:26.795,1.43751,1.43781,1.37,1.50
2016.05.31 18:58:26.847,1.43751,1.43781,1.75,1.50
2016.05.31 18:58:26.949,1.43757,1.43784,1.00,1.37
2016.05.31 18:58:27.458,1.43756,1.43784,1.50,1.37
2016.05.31 18:58:27.876,1.43756,1.43784,1.75,1.37
2016.05.31 18:58:27.979,1.43756,1.43785,2.00,1.00
2016.05.31 18:58:28.233,1.43755,1.43788,1.50,1.75
2016.05.31 18:58:28.286,1.43752,1.43782,2.62,1.12
2016.05.31 18:58:28.338,1.43752,1.43782,2.62,1.12
2016.05.31 18:58:28.440,1.43749,1.43779,1.12,1.12
2016.05.31 18:58:28.644,1.43746,1.43777,1.87,1.12
2016.05.31 18:58:28.695,1.43746,1.43777,1.12,1.12
2016.05.31 18:58:29.240,1.43746,1.43777,1.50,1.37
2016.05.31 18:58:30.283,1.43746,1.43776,1.00,1.12
2016.05.31 18:58:30.786,1.43746,1.43776,1.37,1.50
2016.05.31 18:58:31.295,1.43746,1.43776,1.75,1.00
2016.05.31 18:58:31.549,1.43747,1.43776,1.00,1.12
2016.05.31 18:58:32.108,1.43746,1.43777,2.25,1.75
2016.05.31 18:58:32.613,1.43746,1.43777,1.00,1.75
2016.05.31 18:58:32.766,1.43746,1.43777,2.25,1.12
2016.05.31 18:58:34.480,1.43746,1.43777,2.25,1.12
2016.05.31 18:58:34.943,1.43746,1.43777,1.50,1.12
2016.05.31 18:58:35.590,1.43746,1.43777,1.50,1.00
2016.05.31 18:58:35.642,1.4375,1.43777,1.00,1.00
2016.05.31 18:58:36.192,1.4375,1.43779,1.00,2.25
2016.05.31 18:58:36.294,1.43747,1.43779,1.87,1.37
2016.05.31 18:58:36.679,1.43746,1.43776,1.87,1.87
2016.05.31 18:58:36.984,1.43742,1.43773,1.87,1.50
2016.05.31 18:58:37.289,1.43742,1.43773,1.87,1.75
2016.05.31 18:58:37.825,1.43743,1.43773,1.12,1.50
2016.05.31 18:58:38.361,1.43739,1.4377,1.12,1.00
2016.05.31 18:58:38.412,1.43738,1.43767,1.50,1.12
2016.05.31 18:58:38.463,1.43738,1.43766,1.00,1.37
2016.05.31 18:58:38.515,1.43735,1.43763,1.87,1.37
2016.05.31 18:58:38.566,1.43734,1.43764,1.12,1.12
2016.05.31 18:58:38.973,1.43731,1.4376,1.37,1.12
2016.05.31 18:58:39.615,1.43728,1.43758,2.62,1.50
2016.05.31 18:58:39.760,1.43728,1.43758,1.00,1.87
2016.05.31 18:58:39.812,1.4373,1.43758,1.00,1.87
2016.05.31 18:58:43.063,1.4373,1.43758,1.87,1.00
2016.05.31 18:58:43.419,1.4373,1.43758,2.19,1.00
2016.05.31 18:58:43.724,1.43738,1.43761,1.37,1.00
2016.05.31 18:58:43.776,1.43738,1.43767,1.37,1.00
2016.05.31 18:58:43.929,1.43741,1.4377,1.00,1.87
2016.05.31 18:58:44.092,1.43738,1.4377,1.12,1.87
2016.05.31 18:58:44.926,1.43737,1.4377,2.00,1.87
2016.05.31 18:58:46.166,1.43737,1.43766,2.00,1.00
2016.05.31 18:58:46.369,1.43728,1.4376,1.50,1.37
2016.05.31 18:58:46.421,1.43728,1.4376,1.12,1.12
2016.05.31 18:58:46.928,1.43727,1.43759,1.12,1.75
2016.05.31 18:58:47.453,1.43727,1.43759,2.25,1.75
2016.05.31 18:58:47.859,1.43726,1.43757,1.50,1.37
2016.05.31 18:58:48.459,1.43727,1.43755,1.00,1.00
2016.05.31 18:58:48.511,1.43725,1.43755,1.12,1.37
2016.05.31 18:58:48.613,1.43723,1.43755,1.87,1.37
2016.05.31 18:58:50.226,1.43721,1.43755,3.75,1.75
2016.05.31 18:58:51.542,1.43721,1.43755,3.19,1.75
2016.05.31 18:58:51.695,1.43722,1.43752,2.25,1.00
2016.05.31 18:58:52.229,1.43723,1.43755,1.37,1.75
2016.05.31 18:58:52.742,1.43722,1.43755,2.06,1.75
2016.05.31 18:58:53.619,1.43722,1.43751,1.75,1.00
2016.05.31 18:58:54.026,1.43727,1.43755,1.00,1.87
2016.05.31 18:58:54.128,1.43723,1.43755,1.81,1.87
2016.05.31 18:58:54.646,1.43723,1.43755,1.12,1.87
2016.05.31 18:58:55.175,1.43723,1.43755,1.50,1.12
2016.05.31 18:58:56.152,1.43726,1.43755,1.75,1.00
2016.05.31 18:58:56.203,1.43729,1.43758,1.12,1.00
2016.05.31 18:58:56.445,1.43731,1.43761,1.87,1.00
2016.05.31 18:58:56.750,1.4373,1.43761,3.19,1.12
2016.05.31 18:58:57.461,1.43735,1.43761,1.00,1.00
2016.05.31 18:58:57.996,1.43734,1.43766,1.37,1.50
2016.05.31 18:58:58.163,1.43733,1.43766,1.37,1.37
2016.05.31 18:58:58.670,1.43732,1.43766,1.12,1.75
2016.05.31 18:58:58.975,1.43738,1.43766,1.12,1.00
2016.05.31 18:58:59.027,1.4374,1.4377,1.37,1.12
2016.05.31 18:58:59.384,1.43741,1.43769,1.00,1.37
2016.05.31 18:58:59.843,1.43737,1.43769,1.50,1.12
2016.05.31 18:58:59.995,1.43736,1.43765,1.87,1.00
2016.05.31 18:59:00.047,1.43741,1.43765,1.00,1.00
2016.05.31 18:59:00.353,1.43741,1.43769,1.00,1.87
2016.05.31 18:59:00.454,1.43741,1.43769,1.00,1.87
2016.05.31 18:59:00.757,1.43737,1.43769,1.62,1.50
2016.05.31 18:59:00.808,1.43737,1.43769,1.31,1.50
2016.05.31 18:59:01.368,1.43741,1.43769,1.00,1.12
2016.05.31 18:59:01.726,1.43741,1.43769,1.87,1.00
2016.05.31 18:59:01.963,1.43738,1.43766,1.82,1.37
2016.05.31 18:59:02.168,1.43735,1.43766,3.37,1.12
2016.05.31 18:59:02.321,1.43736,1.43767,1.12,1.75
2016.05.31 18:59:02.993,1.43736,1.43767,1.50,1.12
2016.05.31 18:59:03.526,1.43736,1.43764,1.44,1.00
2016.05.31 18:59:03.932,1.43736,1.43765,1.44,1.12
2016.05.31 18:59:04.136,1.43735,1.43765,1.12,1.12
2016.05.31 18:59:04.878,1.43735,1.43763,1.12,1.00
2016.05.31 18:59:04.980,1.43735,1.43766,1.12,1.87
2016.05.31 18:59:05.286,1.43733,1.43765,1.75,1.12
2016.05.31 18:59:05.592,1.43736,1.43766,1.37,1.75
2016.05.31 18:59:05.932,1.43739,1.43766,1.50,1.00
2016.05.31 18:59:06.187,1.43741,1.43774,1.12,1.75
2016.05.31 18:59:06.239,1.43746,1.43774,1.00,1.75
2016.05.31 18:59:06.496,1.43741,1.43776,1.87,1.87
2016.05.31 18:59:06.700,1.43741,1.43776,1.87,1.87
2016.05.31 18:59:06.986,1.43746,1.43776,1.00,1.87
2016.05.31 18:59:07.038,1.43746,1.43776,1.00,1.87
2016.05.31 18:59:07.295,1.43744,1.43777,3.37,1.50
2016.05.31 18:59:07.805,1.43751,1.4378,1.00,1.75
2016.05.31 18:59:08.345,1.43749,1.4378,1.44,1.75
2016.05.31 18:59:08.892,1.43751,1.43783,1.37,1.12
2016.05.31 18:59:08.944,1.43752,1.43783,1.12,1.37
2016.05.31 18:59:08.995,1.43755,1.43783,1.00,1.37
2016.05.31 18:59:09.200,1.43752,1.43784,1.50,1.75
2016.05.31 18:59:09.471,1.4375,1.43783,1.87,1.12
2016.05.31 18:59:09.523,1.43751,1.43784,1.37,1.37
2016.05.31 18:59:09.832,1.43751,1.4378,2.62,1.00
2016.05.31 18:59:10.037,1.43752,1.43785,1.12,1.75
2016.05.31 18:59:10.576,1.43751,1.43785,1.87,1.75
2016.05.31 18:59:10.781,1.43756,1.43785,1.00,1.75
2016.05.31 18:59:11.087,1.43757,1.43788,1.37,1.37
2016.05.31 18:59:11.392,1.43757,1.43789,1.87,1.87
2016.05.31 18:59:11.443,1.43757,1.4379,2.25,1.00
2016.05.31 18:59:11.610,1.43759,1.43791,1.50,1.12
2016.05.31 18:59:11.916,1.43764,1.43791,1.00,1.00
2016.05.31 18:59:12.221,1.43762,1.43791,1.12,1.00
2016.05.31 18:59:12.273,1.43762,1.43795,1.12,1.87
2016.05.31 18:59:12.375,1.43761,1.43795,2.25,2.25
2016.05.31 18:59:12.427,1.43761,1.43795,1.87,2.25
2016.05.31 18:59:12.630,1.4376,1.43791,2.06,1.50
2016.05.31 18:59:12.807,1.43766,1.43794,1.00,1.12
2016.05.31 18:59:12.865,1.43762,1.43795,1.75,1.87
2016.05.31 18:59:13.373,1.43765,1.43795,1.37,1.87
2016.05.31 18:59:14.473,1.43765,1.43795,1.25,1.37
2016.05.31 18:59:14.728,1.43766,1.43795,1.37,1.37
2016.05.31 18:59:14.881,1.43775,1.43798,1.12,1.00
2016.05.31 18:59:14.983,1.43775,1.43804,1.12,1.50
2016.05.31 18:59:15.551,1.43772,1.43804,1.12,1.50
2016.05.31 18:59:16.090,1.43776,1.43804,1.00,1.37
2016.05.31 18:59:16.630,1.43776,1.43804,1.00,1.12
2016.05.31 18:59:16.885,1.43776,1.43807,1.12,1.37
2016.05.31 18:59:17.393,1.43774,1.43805,1.62,1.12
2016.05.31 18:59:17.444,1.43774,1.43805,1.62,1.37
2016.05.31 18:59:17.982,1.43774,1.43803,1.12,1.50
2016.05.31 18:59:18.287,1.43774,1.43799,1.12,1.12
2016.05.31 18:59:18.440,1.43776,1.43806,1.12,1.50
2016.05.31 18:59:18.492,1.4378,1.43809,1.00,1.00
2016.05.31 18:59:18.663,1.4378,1.43811,1.75,1.75
2016.05.31 18:59:18.715,1.4378,1.43808,1.12,1.00
2016.05.31 18:59:18.767,1.4378,1.43811,1.12,1.75
2016.05.31 18:59:18.870,1.4378,1.43811,1.12,1.75
2016.05.31 18:59:19.022,1.43777,1.43811,1.87,1.87
2016.05.31 18:59:19.606,1.43778,1.43807,1.12,1.00
2016.05.31 18:59:19.658,1.43778,1.43807,1.12,1.50
2016.05.31 18:59:20.039,1.43776,1.43807,1.75,1.00
2016.05.31 18:59:20.092,1.43775,1.43807,1.12,1.75
2016.05.31 18:59:20.194,1.43769,1.43805,2.19,1.75
2016.05.31 18:59:20.297,1.43767,1.43798,1.87,1.00
2016.05.31 18:59:20.856,1.43767,1.43801,1.75,1.12
2016.05.31 18:59:21.297,1.43767,1.43801,1.75,1.12
2016.05.31 18:59:21.349,1.43767,1.43801,1.37,1.12
2016.05.31 18:59:21.400,1.43768,1.43801,1.00,1.12
2016.05.31 18:59:21.502,1.43767,1.43798,1.50,1.00
2016.05.31 18:59:21.605,1.43768,1.43801,1.37,1.37
2016.05.31 18:59:21.759,1.43767,1.43801,1.37,1.37
2016.05.31 18:59:22.065,1.4377,1.438,1.12,1.00
2016.05.31 18:59:22.167,1.43768,1.43801,1.12,1.12
2016.05.31 18:59:22.402,1.43769,1.43801,1.00,1.12
2016.05.31 18:59:22.504,1.4377,1.43801,1.50,1.37
2016.05.31 18:59:22.810,1.43776,1.43806,1.50,1.00
2016.05.31 18:59:22.963,1.43776,1.43806,1.50,1.00
2016.05.31 18:59:23.271,1.43781,1.43808,1.00,1.12
2016.05.31 18:59:23.621,1.43776,1.43808,1.50,1.37
2016.05.31 18:59:23.999,1.4378,1.4381,1.12,1.87
2016.05.31 18:59:24.306,1.43777,1.4381,1.12,1.87
2016.05.31 18:59:24.737,1.43774,1.43807,1.37,1.37
2016.05.31 18:59:24.890,1.43776,1.43807,1.50,1.50
2016.05.31 18:59:25.195,1.43776,1.43807,1.50,1.75
2016.05.31 18:59:25.246,1.43777,1.43807,1.00,1.50
2016.05.31 18:59:25.652,1.43777,1.43809,1.12,1.37
2016.05.31 18:59:25.704,1.43778,1.43809,1.12,1.00
2016.05.31 18:59:25.755,1.43778,1.43809,1.37,1.37
2016.05.31 18:59:26.144,1.43776,1.43806,1.00,1.00
2016.05.31 18:59:26.297,1.43776,1.43806,1.75,1.00
2016.05.31 18:59:26.602,1.43781,1.43816,1.12,1.75
2016.05.31 18:59:26.704,1.43786,1.43816,1.00,1.00
2016.05.31 18:59:26.756,1.43785,1.43816,1.12,1.00
2016.05.31 18:59:27.154,1.43791,1.43817,1.75,1.00
2016.05.31 18:59:27.206,1.43792,1.43822,2.25,1.12
2016.05.31 18:59:27.564,1.43792,1.43822,1.37,1.75
2016.05.31 18:59:27.616,1.43791,1.4382,2.25,1.00
2016.05.31 18:59:28.548,1.43792,1.43821,1.00,1.00
2016.05.31 18:59:28.752,1.43791,1.43822,2.25,1.00
2016.05.31 18:59:28.904,1.43795,1.43828,1.87,2.25
2016.05.31 18:59:28.956,1.43795,1.43828,2.25,2.25
2016.05.31 18:59:29.261,1.438,1.43827,1.12,1.00
2016.05.31 18:59:29.390,1.438,1.43829,1.12,1.00
2016.05.31 18:59:29.652,1.438,1.43832,1.87,1.50
2016.05.31 18:59:30.161,1.43806,1.43833,1.00,1.12
2016.05.31 18:59:30.212,1.43806,1.43835,1.50,1.00
2016.05.31 18:59:30.444,1.43806,1.43838,1.00,2.25
2016.05.31 18:59:30.546,1.43806,1.43835,1.12,1.00
2016.05.31 18:59:30.648,1.43806,1.43837,1.00,1.75
2016.05.31 18:59:30.852,1.43802,1.43836,1.00,1.75
2016.05.31 18:59:31.057,1.43802,1.43831,1.00,1.00
2016.05.31 18:59:31.549,1.43802,1.43836,1.50,1.37
2016.05.31 18:59:31.754,1.43802,1.43834,1.00,1.75
2016.05.31 18:59:32.061,1.43802,1.43834,1.00,1.12
2016.05.31 18:59:32.163,1.43802,1.43836,1.00,1.75
2016.05.31 18:59:32.487,1.43798,1.43831,1.12,1.12
2016.05.31 18:59:32.539,1.43798,1.43827,1.12,1.00
2016.05.31 18:59:32.845,1.43801,1.43834,1.75,1.87
2016.05.31 18:59:32.948,1.43803,1.43837,1.00,1.75
2016.05.31 18:59:33.050,1.43803,1.43837,1.12,1.75
2016.05.31 18:59:33.254,1.43805,1.43837,1.12,2.25
2016.05.31 18:59:33.487,1.43804,1.43837,1.12,1.87
2016.05.31 18:59:33.592,1.43808,1.43838,1.50,1.12
2016.05.31 18:59:33.746,1.43808,1.43838,1.00,1.75
2016.05.31 18:59:33.848,1.43805,1.43838,1.69,1.12
2016.05.31 18:59:34.367,1.43806,1.43838,1.87,1.37
2016.05.31 18:59:34.552,1.43806,1.43839,1.87,1.37
2016.05.31 18:59:35.060,1.43809,1.43839,1.00,1.87
2016.05.31 18:59:35.365,1.43816,1.43845,1.75,1.00
2016.05.31 18:59:35.660,1.43815,1.4385,1.50,1.75
2016.05.31 18:59:36.119,1.43814,1.43849,1.12,1.00
2016.05.31 18:59:36.710,1.43818,1.43852,1.44,3.00
2016.05.31 18:59:37.067,1.43818,1.43851,1.44,2.25
2016.05.31 18:59:37.271,1.43815,1.43847,1.12,1.12
2016.05.31 18:59:37.475,1.43815,1.43847,1.37,1.37
2016.05.31 18:59:37.825,1.43813,1.43848,1.75,1.50
2016.05.31 18:59:37.979,1.43814,1.43847,1.12,1.37
2016.05.31 18:59:38.287,1.43798,1.43825,1.37,1.75
2016.05.31 18:59:38.390,1.43787,1.43822,1.87,1.37
2016.05.31 18:59:38.442,1.43787,1.43822,1.37,1.75
2016.05.31 18:59:38.493,1.43788,1.43822,1.37,1.12
2016.05.31 18:59:38.823,1.43788,1.43822,1.12,1.00
2016.05.31 18:59:39.230,1.4379,1.43823,1.75,1.00
2016.05.31 18:59:39.535,1.43793,1.43827,1.37,1.12
2016.05.31 18:59:39.636,1.43791,1.43822,1.00,1.00
2016.05.31 18:59:39.688,1.43791,1.43824,1.37,1.75
2016.05.31 18:59:39.842,1.43791,1.43824,1.37,1.12
2016.05.31 18:59:39.995,1.43791,1.43825,1.75,1.12
2016.05.31 18:59:40.097,1.43792,1.43825,1.75,1.00
2016.05.31 18:59:40.608,1.43795,1.43827,1.12,1.12
2016.05.31 18:59:40.711,1.43795,1.43828,1.87,1.75
2016.05.31 18:59:41.003,1.43799,1.43833,1.00,3.00
2016.05.31 18:59:41.056,1.43799,1.43833,1.50,3.00
2016.05.31 18:59:41.108,1.43799,1.43833,1.50,2.25
2016.05.31 18:59:41.415,1.43805,1.43836,1.00,3.37
2016.05.31 18:59:41.517,1.43796,1.43829,1.37,1.37
2016.05.31 18:59:41.925,1.43793,1.43829,2.00,1.12
2016.05.31 18:59:42.147,1.43795,1.43829,1.12,3.00
2016.05.31 18:59:42.198,1.43794,1.43829,1.75,3.00
2016.05.31 18:59:42.249,1.43793,1.43829,1.12,3.00
2016.05.31 18:59:42.402,1.43792,1.43827,1.87,1.37
2016.05.31 18:59:42.606,1.43793,1.43826,1.50,1.00
2016.05.31 18:59:43.437,1.43793,1.43827,1.75,1.37
2016.05.31 18:59:43.745,1.43801,1.43833,1.50,1.50
2016.05.31 18:59:43.797,1.43801,1.43835,2.25,1.37
2016.05.31 18:59:43.848,1.43803,1.43836,1.12,1.50
2016.05.31 18:59:44.154,1.43806,1.43836,1.50,1.50
2016.05.31 18:59:44.434,1.43798,1.43833,1.75,1.12
2016.05.31 18:59:44.536,1.43798,1.43833,1.50,1.12
2016.05.31 18:59:44.638,1.43798,1.43833,1.50,1.12
2016.05.31 18:59:44.995,1.438,1.43833,1.37,1.00
2016.05.31 18:59:45.046,1.43802,1.43835,1.12,1.12
2016.05.31 18:59:45.301,1.43812,1.43842,1.00,1.50
2016.05.31 18:59:45.522,1.43812,1.43847,1.12,2.25
2016.05.31 18:59:46.233,1.43812,1.43847,1.00,2.25
2016.05.31 18:59:46.387,1.43812,1.43844,1.00,1.00
2016.05.31 18:59:46.632,1.43816,1.43847,1.00,1.50
2016.05.31 18:59:46.684,1.43816,1.4385,3.00,1.12
2016.05.31 18:59:46.736,1.43821,1.4385,1.12,1.00
2016.05.31 18:59:46.838,1.43821,1.43854,1.87,1.50
2016.05.31 18:59:47.347,1.43822,1.43853,1.87,1.00
2016.05.31 18:59:47.500,1.43824,1.43853,1.12,1.00
2016.05.31 18:59:47.828,1.43817,1.43852,1.37,1.12
2016.05.31 18:59:47.931,1.43816,1.43852,3.00,1.12
2016.05.31 18:59:47.982,1.43816,1.43852,1.12,1.12
2016.05.31 18:59:48.034,1.43817,1.43852,1.37,1.12
2016.05.31 18:59:48.288,1.43817,1.4385,1.50,1.00
2016.05.31 18:59:48.339,1.43819,1.43853,1.12,1.12
2016.05.31 18:59:48.769,1.43823,1.43855,1.87,1.37
2016.05.31 18:59:49.025,1.43811,1.43844,1.87,1.12
2016.05.31 18:59:49.079,1.43811,1.43844,1.12,1.12
2016.05.31 18:59:49.294,1.43813,1.43846,1.37,1.75
2016.05.31 18:59:49.649,1.43812,1.43845,1.37,1.12
2016.05.31 18:59:49.958,1.43811,1.43844,1.12,1.12
2016.05.31 18:59:50.112,1.43811,1.43844,1.12,1.12
2016.05.31 18:59:50.164,1.43812,1.43845,1.12,1.12
2016.05.31 18:59:50.317,1.43815,1.43851,2.25,1.75
2016.05.31 18:59:51.001,1.43817,1.43852,1.37,1.12
2016.05.31 18:59:51.155,1.43817,1.4385,1.37,1.00
2016.05.31 18:59:51.262,1.43821,1.43852,1.00,1.12
2016.05.31 18:59:51.416,1.43821,1.43853,1.12,1.00
2016.05.31 18:59:51.570,1.4382,1.43855,1.75,1.12
2016.05.31 18:59:51.673,1.43822,1.43855,1.37,1.50
2016.05.31 18:59:51.927,1.43826,1.43856,1.00,1.87
2016.05.31 18:59:52.258,1.43831,1.43865,1.87,1.12
2016.05.31 18:59:52.309,1.43831,1.43865,1.87,1.37
2016.05.31 18:59:52.462,1.4383,1.43865,1.87,1.12
2016.05.31 18:59:52.616,1.4383,1.43862,1.37,1.12
2016.05.31 18:59:52.718,1.43827,1.43858,1.12,1.00
2016.05.31 18:59:52.870,1.43825,1.43859,1.37,1.12
2016.05.31 18:59:53.201,1.43822,1.43856,2.25,1.12
2016.05.31 18:59:53.303,1.43821,1.43853,1.12,1.00
2016.05.31 18:59:53.793,1.43822,1.43855,1.00,1.37
2016.05.31 18:59:54.149,1.43823,1.43854,2.25,1.12
2016.05.31 18:59:54.374,1.43827,1.43859,1.37,1.00
2016.05.31 18:59:54.476,1.43826,1.4386,1.75,1.75
2016.05.31 18:59:54.783,1.43823,1.43855,2.62,1.37
2016.05.31 18:59:55.088,1.43833,1.43861,1.12,1.75
2016.05.31 18:59:55.292,1.43834,1.43861,1.12,1.37
2016.05.31 18:59:55.346,1.43838,1.43869,1.00,1.50
2016.05.31 18:59:55.398,1.43839,1.43869,1.12,1.50
2016.05.31 18:59:55.907,1.4384,1.43868,1.37,1.00
2016.05.31 18:59:55.958,1.4384,1.43871,1.37,1.12
2016.05.31 18:59:56.111,1.4384,1.43872,1.37,1.75
2016.05.31 18:59:56.618,1.4384,1.43871,1.37,1.50
2016.05.31 18:59:57.076,1.4384,1.43871,1.00,1.50
2016.05.31 18:59:57.128,1.4384,1.43874,1.37,1.87
2016.05.31 18:59:57.281,1.43844,1.43877,1.75,1.00
2016.05.31 18:59:57.383,1.43844,1.43876,1.37,1.37
2016.05.31 18:59:57.910,1.43844,1.43876,1.00,1.50
2016.05.31 18:59:58.215,1.43844,1.43877,1.00,1.37
2016.05.31 18:59:58.734,1.43844,1.43877,1.12,1.50
2016.05.31 18:59:59.212,1.43844,1.43877,1.37,1.75
2016.05.31 18:59:59.517,1.43845,1.43877,1.00,1.37
2016.05.31 18:59:59.917,1.43844,1.43877,1.37,1.37
