2015.10.19 08:00:01.044,1.47511,1.4754,1.37,2.25
2015.10.19 08:00:01.352,1.4751,1.4754,1.37,1.75
2015.10.19 08:00:02.634,1.47511,1.47539,1.00,1.75
2015.10.19 08:00:02.685,1.47509,1.47539,1.12,1.75
2015.10.19 08:00:02.991,1.47504,1.47536,1.87,1.75
2015.10.19 08:00:03.935,1.47506,1.47535,1.37,1.50
2015.10.19 08:00:03.987,1.47511,1.47538,1.00,1.75
2015.10.19 08:00:04.090,1.47511,1.47538,1.00,1.50
2015.10.19 08:00:04.396,1.47513,1.47542,1.00,1.75
2015.10.19 08:00:04.499,1.47513,1.47542,1.12,1.37
2015.10.19 08:00:04.551,1.47515,1.47542,1.00,1.37
2015.10.19 08:00:04.857,1.47518,1.47548,1.00,3.75
2015.10.19 08:00:05.489,1.47515,1.47546,1.00,3.00
2015.10.19 08:00:05.796,1.47515,1.47546,1.37,3.00
2015.10.19 08:00:06.306,1.47515,1.47543,2.62,1.75
2015.10.19 08:00:07.352,1.47516,1.47543,1.00,1.75
2015.10.19 08:00:07.961,1.47514,1.47542,1.00,1.75
2015.10.19 08:00:08.812,1.47513,1.47543,1.12,2.25
2015.10.19 08:00:09.809,1.47514,1.47539,1.00,1.12
2015.10.19 08:00:11.366,1.47515,1.47543,1.00,1.75
2015.10.19 08:00:11.469,1.47513,1.47539,1.00,1.12
2015.10.19 08:00:11.573,1.4751,1.4754,1.87,2.25
2015.10.19 08:00:11.999,1.47506,1.47535,1.37,2.25
2015.10.19 08:00:14.086,1.47506,1.47535,1.37,1.75
2015.10.19 08:00:14.189,1.47506,1.47535,1.87,1.75
2015.10.19 08:00:14.496,1.47503,1.47531,1.37,1.75
2015.10.19 08:00:14.700,1.47505,1.47531,1.12,1.00
2015.10.19 08:00:14.751,1.47506,1.47534,1.50,1.12
2015.10.19 08:00:15.203,1.47509,1.47539,1.75,1.00
2015.10.19 08:00:15.712,1.47514,1.4754,1.75,1.00
2015.10.19 08:00:16.018,1.47514,1.47544,1.75,1.00
2015.10.19 08:00:16.747,1.47516,1.47545,1.50,1.12
2015.10.19 08:00:17.281,1.47515,1.47544,1.75,1.00
2015.10.19 08:00:18.108,1.47515,1.47545,1.75,1.00
2015.10.19 08:00:18.159,1.47515,1.47547,2.25,1.00
2015.10.19 08:00:18.528,1.47515,1.47545,1.75,1.00
2015.10.19 08:00:18.861,1.47515,1.47547,2.25,1.00
2015.10.19 08:00:19.836,1.47517,1.47548,1.75,1.12
2015.10.19 08:00:20.723,1.47517,1.47544,1.75,1.00
2015.10.19 08:00:20.877,1.47517,1.47546,1.75,1.00
2015.10.19 08:00:20.928,1.47516,1.47545,1.00,1.75
2015.10.19 08:00:23.091,1.47517,1.47544,1.50,1.00
2015.10.19 08:00:23.397,1.47518,1.47548,1.37,2.25
2015.10.19 08:00:23.947,1.4752,1.47548,1.00,1.50
2015.10.19 08:00:25.514,1.47519,1.4755,1.12,2.25
2015.10.19 08:00:27.606,1.4752,1.47549,1.00,1.75
2015.10.19 08:00:27.862,1.47523,1.4755,1.00,1.12
2015.10.19 08:00:28.066,1.47525,1.4755,1.00,1.12
2015.10.19 08:00:28.578,1.47523,1.47553,1.75,1.00
2015.10.19 08:00:28.984,1.47524,1.47555,1.75,1.12
2015.10.19 08:00:29.036,1.47529,1.47555,1.00,1.12
2015.10.19 08:00:29.342,1.47537,1.47564,1.37,1.00
2015.10.19 08:00:29.928,1.47538,1.47568,3.00,1.00
2015.10.19 08:00:30.183,1.47538,1.47567,1.50,1.00
2015.10.19 08:00:30.337,1.47539,1.47564,1.00,1.00
2015.10.19 08:00:30.541,1.47539,1.47567,1.00,1.00
2015.10.19 08:00:31.050,1.47541,1.47568,1.00,1.00
2015.10.19 08:00:31.477,1.47546,1.47575,1.75,1.00
2015.10.19 08:00:31.783,1.47545,1.47572,1.00,1.12
2015.10.19 08:00:32.316,1.47544,1.47574,1.12,1.50
2015.10.19 08:00:32.852,1.47547,1.47575,1.00,1.00
2015.10.19 08:00:33.565,1.47547,1.47577,1.00,1.50
2015.10.19 08:00:33.921,1.47547,1.47575,1.00,1.00
2015.10.19 08:00:34.472,1.47547,1.47575,1.00,1.50
2015.10.19 08:00:34.892,1.47545,1.47577,1.87,1.75
2015.10.19 08:00:35.198,1.47547,1.47575,1.00,1.50
2015.10.19 08:00:35.352,1.47545,1.47574,1.12,1.12
2015.10.19 08:00:35.403,1.47545,1.47574,1.12,1.50
2015.10.19 08:00:35.806,1.47545,1.4757,1.12,1.00
2015.10.19 08:00:36.673,1.47545,1.47573,1.00,1.75
2015.10.19 08:00:36.823,1.47543,1.47573,1.00,1.75
2015.10.19 08:00:36.891,1.47543,1.47569,1.00,1.00
2015.10.19 08:00:37.771,1.47543,1.47573,1.00,1.75
2015.10.19 08:00:38.321,1.47543,1.47569,1.00,1.00
2015.10.19 08:00:38.576,1.47543,1.47573,1.00,1.75
2015.10.19 08:00:39.777,1.47545,1.47575,1.00,2.25
2015.10.19 08:00:39.880,1.47545,1.47574,1.50,1.50
2015.10.19 08:00:39.931,1.47548,1.47574,1.00,1.50
2015.10.19 08:00:40.391,1.47545,1.47574,1.50,1.00
2015.10.19 08:00:41.184,1.47546,1.47574,1.50,1.00
2015.10.19 08:00:42.388,1.47548,1.47578,1.00,1.00
2015.10.19 08:00:42.863,1.47557,1.47584,1.00,1.75
2015.10.19 08:00:43.381,1.47558,1.47584,1.50,1.75
2015.10.19 08:00:43.483,1.47558,1.47587,1.50,1.75
2015.10.19 08:00:44.544,1.47553,1.47583,2.25,1.00
2015.10.19 08:00:44.596,1.47553,1.47581,1.00,1.00
2015.10.19 08:00:44.699,1.47551,1.47581,2.25,1.00
2015.10.19 08:00:44.803,1.47553,1.47583,1.00,1.75
2015.10.19 08:00:45.522,1.47552,1.47584,1.00,3.00
2015.10.19 08:00:46.134,1.47554,1.47584,1.37,1.87
2015.10.19 08:00:46.185,1.47557,1.47584,1.00,1.50
2015.10.19 08:00:46.898,1.4756,1.47584,1.00,1.00
2015.10.19 08:00:47.152,1.47561,1.47589,1.00,1.00
2015.10.19 08:00:48.031,1.47561,1.4759,1.00,1.00
2015.10.19 08:00:49.255,1.47561,1.47589,1.00,1.00
2015.10.19 08:00:49.816,1.47559,1.47589,1.50,2.25
2015.10.19 08:00:49.970,1.47564,1.47589,1.00,1.50
2015.10.19 08:00:51.197,1.4756,1.4759,2.62,1.12
2015.10.19 08:00:51.707,1.4756,1.47589,1.12,1.00
2015.10.19 08:00:52.217,1.47559,1.47585,1.00,1.50
2015.10.19 08:00:52.672,1.47557,1.47585,1.00,1.50
2015.10.19 08:00:52.724,1.47557,1.47585,1.75,1.00
2015.10.19 08:00:53.261,1.47555,1.47584,1.75,1.00
2015.10.19 08:00:54.187,1.47555,1.47583,1.75,1.00
2015.10.19 08:00:55.034,1.47555,1.47584,1.75,1.50
2015.10.19 08:00:55.805,1.47555,1.47583,1.75,1.00
2015.10.19 08:00:56.132,1.47555,1.47581,1.75,1.00
2015.10.19 08:00:56.234,1.47553,1.47581,1.75,1.00
2015.10.19 08:00:56.286,1.47553,1.47579,1.75,1.00
2015.10.19 08:00:56.439,1.47553,1.4758,1.37,1.50
2015.10.19 08:00:56.963,1.47553,1.47578,1.37,1.00
2015.10.19 08:00:57.451,1.47549,1.47574,1.75,1.00
2015.10.19 08:00:57.656,1.47548,1.47574,1.00,1.00
2015.10.19 08:00:57.758,1.47548,1.47576,1.00,1.00
2015.10.19 08:00:58.013,1.47548,1.47575,1.50,1.00
2015.10.19 08:00:58.115,1.47553,1.47577,1.00,1.00
2015.10.19 08:00:58.217,1.47553,1.47582,1.00,1.00
2015.10.19 08:00:58.749,1.47557,1.47582,1.00,1.00
2015.10.19 08:00:58.800,1.47552,1.47583,2.25,1.12
2015.10.19 08:00:58.852,1.47554,1.47584,1.00,1.75
2015.10.19 08:00:58.954,1.47556,1.47585,1.50,1.50
2015.10.19 08:00:59.259,1.47557,1.47589,1.87,1.75
2015.10.19 08:01:00.395,1.47559,1.4759,1.00,1.75
2015.10.19 08:01:00.905,1.4756,1.4759,1.00,1.75
2015.10.19 08:01:00.956,1.47563,1.4759,1.00,1.37
2015.10.19 08:01:01.059,1.47565,1.47596,1.12,2.25
2015.10.19 08:01:02.212,1.47567,1.47594,1.00,1.00
2015.10.19 08:01:02.265,1.4757,1.47599,1.00,1.00
2015.10.19 08:01:02.367,1.4757,1.47602,1.00,1.50
2015.10.19 08:01:02.474,1.47572,1.47602,1.00,1.00
2015.10.19 08:01:02.729,1.47575,1.47607,1.00,1.00
2015.10.19 08:01:02.933,1.47579,1.47609,1.00,1.00
2015.10.19 08:01:03.634,1.47578,1.47604,1.00,1.00
2015.10.19 08:01:04.149,1.47576,1.47606,1.00,1.00
2015.10.19 08:01:04.658,1.47577,1.47606,1.00,1.00
2015.10.19 08:01:04.710,1.47577,1.47608,1.00,1.00
2015.10.19 08:01:05.338,1.4758,1.4761,1.00,1.00
2015.10.19 08:01:05.644,1.47578,1.47608,1.50,1.12
2015.10.19 08:01:06.202,1.47577,1.47607,1.75,1.00
2015.10.19 08:01:06.712,1.47578,1.47608,1.50,1.12
2015.10.19 08:01:07.254,1.47579,1.4761,1.75,1.00
2015.10.19 08:01:07.561,1.47578,1.47607,1.75,1.00
2015.10.19 08:01:07.664,1.47578,1.47609,1.75,1.00
2015.10.19 08:01:08.169,1.47579,1.47611,1.75,1.12
2015.10.19 08:01:08.702,1.47579,1.4761,1.75,1.00
2015.10.19 08:01:09.210,1.47582,1.47612,1.50,1.50
2015.10.19 08:01:10.610,1.47585,1.47615,1.00,2.25
2015.10.19 08:01:11.181,1.47588,1.47614,1.00,1.75
2015.10.19 08:01:11.283,1.47588,1.47614,1.00,1.00
2015.10.19 08:01:11.486,1.47589,1.47615,1.37,1.00
2015.10.19 08:01:11.690,1.47589,1.47618,1.37,1.12
2015.10.19 08:01:13.235,1.47585,1.47615,2.25,1.00
2015.10.19 08:01:13.286,1.47585,1.47614,1.00,1.00
2015.10.19 08:01:14.251,1.47584,1.47614,1.50,1.50
2015.10.19 08:01:14.305,1.4758,1.47611,1.50,1.75
2015.10.19 08:01:14.612,1.47577,1.47609,1.75,1.75
2015.10.19 08:01:15.121,1.47582,1.47612,1.00,1.75
2015.10.19 08:01:15.665,1.47581,1.47613,1.00,1.75
2015.10.19 08:01:16.648,1.47582,1.47614,1.00,3.00
2015.10.19 08:01:17.406,1.47581,1.47611,1.00,1.75
2015.10.19 08:01:18.196,1.47582,1.47612,1.00,1.75
2015.10.19 08:01:18.702,1.47581,1.47611,1.00,1.75
2015.10.19 08:01:19.502,1.47579,1.4761,1.00,1.75
2015.10.19 08:01:20.065,1.4758,1.47609,1.00,1.75
2015.10.19 08:01:20.899,1.47577,1.47609,1.75,2.25
2015.10.19 08:01:21.358,1.47581,1.47611,1.00,1.75
2015.10.19 08:01:21.714,1.47583,1.47613,1.00,1.75
2015.10.19 08:01:22.918,1.47582,1.47612,1.00,1.75
2015.10.19 08:01:24.167,1.47579,1.47608,1.12,1.75
2015.10.19 08:01:32.587,1.47575,1.47605,1.75,1.00
2015.10.19 08:01:33.010,1.47575,1.47605,1.00,1.75
2015.10.19 08:01:33.061,1.47573,1.47602,1.00,1.50
2015.10.19 08:01:33.112,1.4757,1.47597,1.37,1.00
2015.10.19 08:01:33.214,1.4757,1.47597,1.12,1.00
2015.10.19 08:01:33.724,1.47568,1.47597,1.37,1.00
2015.10.19 08:01:33.979,1.47568,1.47597,1.50,1.00
2015.10.19 08:01:34.133,1.47568,1.47593,1.00,1.00
2015.10.19 08:01:34.236,1.47565,1.47593,1.00,1.37
2015.10.19 08:01:35.015,1.47563,1.47593,1.37,1.37
2015.10.19 08:01:37.005,1.47568,1.47595,1.50,1.00
2015.10.19 08:01:37.987,1.47568,1.47592,1.50,1.00
2015.10.19 08:01:38.601,1.47565,1.4759,1.50,1.00
2015.10.19 08:01:38.653,1.47565,1.47592,1.50,1.00
2015.10.19 08:01:40.009,1.47566,1.47592,1.00,1.00
2015.10.19 08:01:40.522,1.47565,1.47592,1.00,1.75
2015.10.19 08:01:41.492,1.47565,1.47588,1.00,1.00
2015.10.19 08:01:41.544,1.4756,1.47588,1.00,1.37
2015.10.19 08:01:41.647,1.4756,1.47587,1.50,1.75
2015.10.19 08:01:42.223,1.4756,1.47584,1.00,1.00
2015.10.19 08:01:42.516,1.47558,1.47583,1.00,1.00
2015.10.19 08:01:42.884,1.47558,1.47585,1.00,1.12
2015.10.19 08:01:43.508,1.47558,1.47584,1.00,1.00
2015.10.19 08:01:43.937,1.47558,1.47587,1.12,1.00
2015.10.19 08:01:43.988,1.4756,1.47587,1.00,1.00
2015.10.19 08:01:44.243,1.47557,1.47587,1.50,1.00
2015.10.19 08:01:44.761,1.47557,1.47587,1.12,1.00
2015.10.19 08:01:45.533,1.4756,1.47587,1.00,1.00
2015.10.19 08:01:46.216,1.47557,1.47589,1.50,1.50
2015.10.19 08:01:46.573,1.47556,1.47586,3.00,1.00
2015.10.19 08:01:46.982,1.47556,1.47588,3.00,1.12
2015.10.19 08:01:48.053,1.47558,1.4759,1.75,1.37
2015.10.19 08:01:49.557,1.47557,1.47587,2.62,1.00
2015.10.19 08:01:51.094,1.47557,1.47586,1.75,1.00
2015.10.19 08:01:51.400,1.47557,1.47584,1.50,1.00
2015.10.19 08:01:52.237,1.47557,1.47582,1.12,1.00
2015.10.19 08:01:52.752,1.47557,1.47583,1.00,1.12
2015.10.19 08:01:53.538,1.47557,1.47584,1.37,1.00
2015.10.19 08:01:54.156,1.47557,1.47586,1.37,1.37
2015.10.19 08:01:54.462,1.47557,1.47583,1.37,1.00
2015.10.19 08:01:55.148,1.47559,1.47585,1.00,1.12
2015.10.19 08:01:55.538,1.4756,1.47587,1.00,1.00
2015.10.19 08:01:56.252,1.4756,1.47588,1.00,1.00
2015.10.19 08:01:57.581,1.4756,1.47589,1.00,1.00
2015.10.19 08:01:58.331,1.47561,1.47589,1.00,1.00
2015.10.19 08:01:58.839,1.4756,1.47588,1.50,1.00
2015.10.19 08:02:00.671,1.4756,1.47589,2.25,1.00
2015.10.19 08:02:01.190,1.47561,1.47589,1.50,1.00
2015.10.19 08:02:03.060,1.47562,1.47589,1.00,1.00
2015.10.19 08:02:03.711,1.47561,1.47589,1.50,1.00
2015.10.19 08:02:03.763,1.47561,1.4759,1.75,1.00
2015.10.19 08:02:05.379,1.47561,1.47588,1.75,1.00
2015.10.19 08:02:05.707,1.47561,1.47586,1.75,1.00
2015.10.19 08:02:06.158,1.47561,1.47589,1.75,1.00
2015.10.19 08:02:07.019,1.47566,1.47589,1.00,1.00
2015.10.19 08:02:07.628,1.47566,1.4759,1.00,1.00
2015.10.19 08:02:08.103,1.47561,1.47588,1.75,1.00
2015.10.19 08:02:08.540,1.4756,1.47586,1.37,1.00
2015.10.19 08:02:08.847,1.47556,1.47581,1.37,1.00
2015.10.19 08:02:08.898,1.47556,1.4758,1.37,1.37
2015.10.19 08:02:09.427,1.47556,1.47578,1.00,1.00
2015.10.19 08:02:09.898,1.47556,1.4758,1.00,1.00
2015.10.19 08:02:10.400,1.47555,1.4758,1.12,1.00
2015.10.19 08:02:10.919,1.47551,1.47581,3.37,1.00
2015.10.19 08:02:12.218,1.47551,1.47581,3.37,1.00
2015.10.19 08:02:15.056,1.47551,1.47581,3.00,1.37
2015.10.19 08:02:15.107,1.47551,1.47581,2.62,1.75
2015.10.19 08:02:15.905,1.47551,1.47579,1.87,1.37
2015.10.19 08:02:18.236,1.47551,1.47576,1.37,1.00
2015.10.19 08:02:19.325,1.47551,1.47579,1.37,1.37
2015.10.19 08:02:19.650,1.4755,1.47579,1.00,1.37
2015.10.19 08:02:19.701,1.47549,1.47579,1.37,1.75
2015.10.19 08:02:20.127,1.4755,1.47574,1.12,1.00
2015.10.19 08:02:20.740,1.4755,1.47576,1.50,1.00
2015.10.19 08:02:23.388,1.47551,1.47577,1.12,1.00
2015.10.19 08:02:24.595,1.4755,1.47575,1.50,1.00
2015.10.19 08:02:28.670,1.4755,1.47576,1.50,1.00
2015.10.19 08:02:29.179,1.4755,1.47575,1.00,1.00
2015.10.19 08:02:30.255,1.47549,1.47576,1.87,1.00
2015.10.19 08:02:30.797,1.47549,1.47577,1.87,1.00
2015.10.19 08:02:31.964,1.47549,1.47575,1.50,1.00
2015.10.19 08:02:32.478,1.47549,1.47574,1.50,1.00
2015.10.19 08:02:33.430,1.47547,1.47573,1.00,1.00
2015.10.19 08:02:33.635,1.47547,1.4757,1.00,1.00
2015.10.19 08:02:34.749,1.47541,1.4757,1.75,1.12
2015.10.19 08:02:34.801,1.47539,1.47566,1.75,1.00
2015.10.19 08:02:35.826,1.47539,1.47568,1.75,1.00
2015.10.19 08:02:36.758,1.47539,1.47567,1.00,1.00
2015.10.19 08:02:36.983,1.47537,1.47567,2.25,1.50
2015.10.19 08:02:37.690,1.47537,1.47566,1.50,1.00
2015.10.19 08:02:40.908,1.47537,1.47563,1.87,1.00
2015.10.19 08:02:41.114,1.47534,1.47562,1.37,1.00
2015.10.19 08:02:41.649,1.47532,1.4756,1.37,1.00
2015.10.19 08:02:41.957,1.47526,1.47553,1.37,1.00
2015.10.19 08:02:42.265,1.47526,1.47551,1.00,1.12
2015.10.19 08:02:43.113,1.47523,1.47551,1.50,1.12
2015.10.19 08:02:43.671,1.47523,1.47549,1.50,1.00
2015.10.19 08:02:44.859,1.47523,1.47548,1.50,1.00
2015.10.19 08:02:45.329,1.47523,1.4755,1.50,1.00
2015.10.19 08:02:45.380,1.47525,1.4755,1.00,1.00
2015.10.19 08:02:45.585,1.47523,1.4755,1.50,1.00
2015.10.19 08:02:46.938,1.47523,1.47549,1.12,1.00
2015.10.19 08:02:48.180,1.47523,1.47548,1.12,1.00
2015.10.19 08:02:48.770,1.47526,1.47548,1.00,1.00
2015.10.19 08:02:49.254,1.47523,1.47548,1.50,1.00
2015.10.19 08:02:49.757,1.47516,1.47543,2.25,1.00
2015.10.19 08:02:49.810,1.47515,1.47543,2.62,1.12
2015.10.19 08:02:49.863,1.47516,1.47543,1.00,1.12
2015.10.19 08:02:50.375,1.47516,1.47542,1.00,1.00
2015.10.19 08:02:51.228,1.47516,1.47544,1.00,1.50
2015.10.19 08:02:51.891,1.47516,1.47542,1.00,1.00
2015.10.19 08:02:52.422,1.47515,1.47542,1.37,1.50
2015.10.19 08:02:54.630,1.47515,1.47543,1.00,1.75
2015.10.19 08:02:55.141,1.47516,1.47543,1.00,1.75
2015.10.19 08:02:56.018,1.47516,1.47543,1.12,1.00
2015.10.19 08:02:56.223,1.47515,1.47541,1.37,1.00
2015.10.19 08:02:56.536,1.47515,1.47547,2.62,2.25
2015.10.19 08:02:56.795,1.4752,1.47549,1.87,1.00
2015.10.19 08:02:56.847,1.47521,1.47549,1.75,1.00
2015.10.19 08:02:57.291,1.47521,1.47547,1.50,1.00
2015.10.19 08:02:57.752,1.47521,1.47544,1.00,1.12
2015.10.19 08:02:58.058,1.47515,1.4754,1.50,1.00
2015.10.19 08:02:59.098,1.47513,1.4754,1.12,1.00
2015.10.19 08:02:59.609,1.47516,1.4754,1.00,1.00
2015.10.19 08:03:00.296,1.47515,1.4754,1.12,1.00
2015.10.19 08:03:00.501,1.47516,1.47543,1.00,1.12
2015.10.19 08:03:01.021,1.47516,1.47544,1.37,1.50
2015.10.19 08:03:01.589,1.4752,1.47545,1.00,1.00
2015.10.19 08:03:01.906,1.47526,1.47551,1.00,1.00
2015.10.19 08:03:02.213,1.47526,1.47549,1.00,1.00
2015.10.19 08:03:02.265,1.47526,1.47552,1.00,2.25
2015.10.19 08:03:02.792,1.47525,1.4755,1.00,1.00
2015.10.19 08:03:04.025,1.47521,1.47538,1.50,1.00
2015.10.19 08:03:04.127,1.4752,1.4754,1.00,1.00
2015.10.19 08:03:04.231,1.47521,1.47537,1.12,1.00
2015.10.19 08:03:04.641,1.47511,1.47536,1.37,1.12
2015.10.19 08:03:04.795,1.4751,1.47534,1.37,1.12
2015.10.19 08:03:05.298,1.4751,1.47534,1.37,1.50
2015.10.19 08:03:05.592,1.4751,1.47539,1.87,1.50
2015.10.19 08:03:06.775,1.47511,1.47534,1.37,1.00
2015.10.19 08:03:06.827,1.47511,1.47535,1.12,1.12
2015.10.19 08:03:06.929,1.47506,1.47535,1.87,1.12
2015.10.19 08:03:06.981,1.47506,1.47533,1.87,1.00
2015.10.19 08:03:08.301,1.47506,1.47531,1.87,1.12
2015.10.19 08:03:08.618,1.47506,1.47531,1.87,1.12
2015.10.19 08:03:09.169,1.47511,1.47532,1.00,1.00
2015.10.19 08:03:10.831,1.47511,1.47535,1.00,1.50
2015.10.19 08:03:11.767,1.4752,1.47541,1.00,1.00
2015.10.19 08:03:11.929,1.4752,1.47543,1.00,1.00
2015.10.19 08:03:12.527,1.47521,1.47543,1.00,1.00
2015.10.19 08:03:13.167,1.47516,1.47543,1.50,1.00
2015.10.19 08:03:13.220,1.47516,1.4754,1.50,1.00
2015.10.19 08:03:14.851,1.47516,1.4754,1.37,1.00
2015.10.19 08:03:15.516,1.47521,1.4754,1.00,1.00
2015.10.19 08:03:15.721,1.47516,1.47538,1.37,1.00
2015.10.19 08:03:15.824,1.47516,1.47536,1.37,1.00
2015.10.19 08:03:16.420,1.47516,1.47536,1.37,1.00
2015.10.19 08:03:16.577,1.47516,1.47538,1.00,1.12
2015.10.19 08:03:16.781,1.47511,1.47537,1.12,1.00
2015.10.19 08:03:18.355,1.47511,1.47535,1.00,1.00
2015.10.19 08:03:18.906,1.47511,1.47533,1.00,1.00
2015.10.19 08:03:21.098,1.47511,1.47532,1.00,1.00
2015.10.19 08:03:21.404,1.47506,1.47528,1.37,1.00
2015.10.19 08:03:21.919,1.47506,1.47527,1.37,1.00
2015.10.19 08:03:23.167,1.47506,1.47529,1.37,1.00
2015.10.19 08:03:24.754,1.47502,1.47529,1.87,1.00
2015.10.19 08:03:25.583,1.47502,1.47531,1.87,1.00
2015.10.19 08:03:26.128,1.47502,1.4753,1.87,1.00
2015.10.19 08:03:26.285,1.47506,1.4753,1.00,1.00
2015.10.19 08:03:26.796,1.47506,1.47531,1.00,1.00
2015.10.19 08:03:27.416,1.47506,1.47534,1.50,1.12
2015.10.19 08:03:31.272,1.47507,1.47537,1.87,1.00
2015.10.19 08:03:31.323,1.47507,1.47539,2.62,1.12
2015.10.19 08:03:31.375,1.47507,1.47539,3.37,1.00
2015.10.19 08:03:31.579,1.47516,1.47545,1.12,2.25
2015.10.19 08:03:32.076,1.47513,1.47541,1.87,1.00
2015.10.19 08:03:32.382,1.47513,1.47541,1.12,1.50
2015.10.19 08:03:32.592,1.47515,1.4754,1.50,1.00
2015.10.19 08:03:32.643,1.47515,1.47544,1.50,1.12
2015.10.19 08:03:33.514,1.47513,1.47543,1.75,1.00
2015.10.19 08:03:33.768,1.47513,1.47544,1.75,1.00
2015.10.19 08:03:33.972,1.47513,1.47546,1.75,1.00
2015.10.19 08:03:34.176,1.47516,1.47544,1.75,1.00
2015.10.19 08:03:34.278,1.47516,1.47546,1.75,1.00
2015.10.19 08:03:35.266,1.47517,1.47549,1.75,1.00
2015.10.19 08:03:35.317,1.47521,1.47549,1.75,1.00
2015.10.19 08:03:35.725,1.47521,1.47547,1.75,1.00
2015.10.19 08:03:35.929,1.47521,1.47545,1.00,1.00
2015.10.19 08:03:36.032,1.47521,1.47543,1.00,1.00
2015.10.19 08:03:36.083,1.47516,1.47543,1.75,1.37
2015.10.19 08:03:36.135,1.47516,1.47541,1.12,1.00
2015.10.19 08:03:36.666,1.47516,1.47539,1.87,1.00
2015.10.19 08:03:37.350,1.47512,1.47538,1.00,1.00
2015.10.19 08:03:37.883,1.47512,1.47537,1.00,1.00
2015.10.19 08:03:38.430,1.47512,1.47538,1.00,1.00
2015.10.19 08:03:39.019,1.4751,1.4754,1.87,1.50
2015.10.19 08:03:39.286,1.4751,1.47542,2.62,1.37
2015.10.19 08:03:39.337,1.47514,1.47542,1.00,1.00
2015.10.19 08:03:40.106,1.47514,1.47543,1.12,1.00
2015.10.19 08:03:40.552,1.47514,1.47541,1.12,1.00
2015.10.19 08:03:41.647,1.47511,1.47543,1.50,1.75
2015.10.19 08:03:41.953,1.4751,1.4754,1.37,1.75
2015.10.19 08:03:42.500,1.4751,1.4754,1.37,1.75
2015.10.19 08:03:43.959,1.47511,1.47537,1.37,1.75
2015.10.19 08:03:44.497,1.47503,1.47529,2.36,1.87
2015.10.19 08:03:44.556,1.47499,1.47521,1.00,1.37
2015.10.19 08:03:44.607,1.47496,1.47518,1.12,1.00
2015.10.19 08:03:44.709,1.4749,1.47514,1.37,1.12
2015.10.19 08:03:44.760,1.4749,1.47514,1.37,1.12
2015.10.19 08:03:45.268,1.47485,1.47513,1.87,1.00
2015.10.19 08:03:45.943,1.47485,1.47514,1.87,1.12
2015.10.19 08:03:46.585,1.47485,1.47514,1.87,1.12
2015.10.19 08:03:47.116,1.47485,1.47514,1.87,1.12
2015.10.19 08:03:48.128,1.47491,1.47513,1.37,1.00
2015.10.19 08:03:48.589,1.47488,1.47515,1.50,1.00
2015.10.19 08:03:48.692,1.47491,1.47513,1.37,1.00
2015.10.19 08:03:48.897,1.47491,1.47515,1.37,1.00
2015.10.19 08:03:49.703,1.47491,1.47514,1.37,1.00
2015.10.19 08:03:50.230,1.47491,1.47517,1.37,1.50
2015.10.19 08:03:50.384,1.47496,1.47519,1.00,1.75
2015.10.19 08:03:50.538,1.47496,1.47519,1.00,1.00
2015.10.19 08:03:51.174,1.47495,1.4752,1.00,1.00
2015.10.19 08:03:51.379,1.47501,1.47519,1.00,1.00
2015.10.19 08:03:51.973,1.47501,1.47518,1.00,1.00
2015.10.19 08:03:52.127,1.47496,1.47518,1.12,1.00
2015.10.19 08:03:52.658,1.47496,1.47519,1.12,1.00
2015.10.19 08:03:53.727,1.47496,1.47519,1.37,1.00
2015.10.19 08:03:55.463,1.47496,1.47519,1.37,1.00
2015.10.19 08:03:56.083,1.47496,1.4752,1.37,1.00
2015.10.19 08:03:56.717,1.47496,1.47521,1.37,1.50
2015.10.19 08:03:57.173,1.47496,1.47519,1.37,1.00
2015.10.19 08:03:58.446,1.47496,1.47521,1.37,1.50
2015.10.19 08:03:58.550,1.4749,1.47514,1.00,1.37
2015.10.19 08:03:58.805,1.47488,1.4751,1.37,1.00
2015.10.19 08:03:58.907,1.47487,1.47511,1.00,1.00
2015.10.19 08:03:59.163,1.47487,1.47515,1.00,1.00
2015.10.19 08:04:00.079,1.47488,1.47518,1.00,1.75
2015.10.19 08:04:00.131,1.47484,1.47508,1.50,1.00
2015.10.19 08:04:00.438,1.47484,1.47512,1.50,1.00
2015.10.19 08:04:00.591,1.47484,1.47509,1.50,1.00
2015.10.19 08:04:01.000,1.47484,1.47511,1.12,1.00
2015.10.19 08:04:01.598,1.47484,1.47509,1.50,1.00
2015.10.19 08:04:02.127,1.47484,1.4751,1.12,1.00
2015.10.19 08:04:02.984,1.47484,1.47508,1.00,1.00
2015.10.19 08:04:04.619,1.47484,1.47509,1.12,1.00
2015.10.19 08:04:06.591,1.47484,1.47509,1.37,1.00
2015.10.19 08:04:07.109,1.47484,1.47508,1.37,1.00
2015.10.19 08:04:07.636,1.47484,1.47509,1.37,1.00
2015.10.19 08:04:08.355,1.47486,1.4751,1.12,1.12
2015.10.19 08:04:08.952,1.47484,1.47509,1.37,1.00
2015.10.19 08:04:10.036,1.47484,1.4751,1.37,1.12
2015.10.19 08:04:10.570,1.47484,1.47511,1.50,1.00
2015.10.19 08:04:11.726,1.4748,1.47507,1.75,1.00
2015.10.19 08:04:12.084,1.47477,1.47507,1.50,1.50
2015.10.19 08:04:12.136,1.47476,1.47502,1.37,1.00
2015.10.19 08:04:12.442,1.47474,1.475,1.00,1.00
2015.10.19 08:04:12.575,1.47474,1.47502,1.00,1.00
2015.10.19 08:04:13.126,1.47474,1.47503,1.00,1.50
2015.10.19 08:04:13.333,1.47474,1.47501,1.00,1.00
2015.10.19 08:04:13.642,1.47477,1.47507,1.12,1.50
2015.10.19 08:04:13.747,1.47477,1.47507,1.50,1.37
2015.10.19 08:04:14.408,1.47477,1.47507,1.75,1.00
2015.10.19 08:04:14.950,1.47478,1.47508,1.75,1.00
2015.10.19 08:04:16.081,1.47479,1.47508,1.12,1.50
2015.10.19 08:04:16.902,1.47479,1.47509,1.87,1.37
2015.10.19 08:04:17.376,1.47482,1.47511,1.00,1.00
2015.10.19 08:04:17.933,1.47482,1.47512,1.50,1.50
2015.10.19 08:04:18.397,1.47484,1.47512,1.00,1.00
2015.10.19 08:04:18.937,1.47482,1.47512,1.00,1.00
2015.10.19 08:04:19.144,1.47484,1.47512,1.00,1.00
2015.10.19 08:04:19.298,1.47485,1.47514,1.00,1.00
2015.10.19 08:04:20.353,1.47486,1.47513,1.00,1.00
2015.10.19 08:04:20.507,1.47486,1.47515,1.00,1.50
2015.10.19 08:04:22.276,1.47485,1.47515,1.50,1.00
2015.10.19 08:04:22.429,1.47482,1.47515,1.12,1.75
2015.10.19 08:04:25.321,1.47476,1.47509,1.87,1.00
2015.10.19 08:04:25.374,1.47472,1.47506,1.75,2.25
2015.10.19 08:04:25.682,1.47469,1.47503,3.75,1.37
2015.10.19 08:04:25.734,1.4747,1.475,1.00,1.00
2015.10.19 08:04:26.751,1.47469,1.47502,1.37,1.75
2015.10.19 08:04:27.285,1.47469,1.47502,1.00,1.75
2015.10.19 08:04:35.796,1.47469,1.475,1.34,1.75
2015.10.19 08:04:35.995,1.4748,1.47507,1.00,1.00
2015.10.19 08:04:36.048,1.4748,1.47503,1.00,1.00
2015.10.19 08:04:36.151,1.47476,1.47506,1.75,1.00
2015.10.19 08:04:36.737,1.47475,1.47506,1.75,1.12
2015.10.19 08:04:36.790,1.47475,1.47504,1.75,1.00
2015.10.19 08:04:37.330,1.47475,1.47506,1.75,1.12
2015.10.19 08:04:37.845,1.47475,1.47505,2.25,1.00
2015.10.19 08:04:40.391,1.47475,1.47506,1.75,1.12
2015.10.19 08:04:41.919,1.47476,1.47506,1.75,1.12
2015.10.19 08:04:41.970,1.47476,1.47506,1.75,1.00
2015.10.19 08:04:42.175,1.47477,1.47509,1.75,1.12
2015.10.19 08:04:43.180,1.47478,1.47508,1.75,1.00
2015.10.19 08:04:43.698,1.47477,1.47509,1.75,1.12
2015.10.19 08:04:44.312,1.47478,1.47508,1.75,1.00
2015.10.19 08:04:44.872,1.4748,1.4751,1.37,1.37
2015.10.19 08:04:50.301,1.47486,1.4751,1.00,1.00
2015.10.19 08:04:50.362,1.47486,1.47514,1.00,1.75
2015.10.19 08:04:50.414,1.47489,1.47514,1.00,1.75
2015.10.19 08:04:50.517,1.47481,1.47512,1.75,1.12
2015.10.19 08:04:50.569,1.4748,1.47512,3.00,1.50
2015.10.19 08:04:50.621,1.47481,1.47512,1.09,1.75
2015.10.19 08:04:50.676,1.47486,1.47512,1.00,1.75
2015.10.19 08:04:50.831,1.47486,1.47516,1.50,1.75
2015.10.19 08:04:51.342,1.47481,1.47512,1.87,1.12
2015.10.19 08:04:52.295,1.47481,1.47512,1.87,1.50
2015.10.19 08:04:52.346,1.4748,1.47512,1.50,2.25
2015.10.19 08:04:55.193,1.47481,1.47511,1.50,1.37
2015.10.19 08:04:55.245,1.47485,1.47511,1.00,1.00
2015.10.19 08:04:55.464,1.47485,1.47513,1.00,1.00
2015.10.19 08:04:55.668,1.47485,1.47515,1.50,2.62
2015.10.19 08:04:56.160,1.47488,1.47518,1.12,2.62
2015.10.19 08:04:56.507,1.47496,1.47522,1.50,1.37
2015.10.19 08:04:56.762,1.47492,1.47522,1.50,1.50
2015.10.19 08:04:56.815,1.47491,1.47519,1.75,1.00
2015.10.19 08:04:57.800,1.47491,1.47523,2.59,1.75
2015.10.19 08:04:58.107,1.47496,1.47524,1.75,1.12
2015.10.19 08:05:00.553,1.47496,1.47523,1.75,1.00
2015.10.19 08:05:00.760,1.47496,1.47523,1.50,1.00
2015.10.19 08:05:01.190,1.47496,1.4752,1.37,1.00
2015.10.19 08:05:01.292,1.47491,1.47516,1.37,1.00
2015.10.19 08:05:01.773,1.47489,1.47516,1.12,1.00
2015.10.19 08:05:01.825,1.47486,1.47513,1.75,1.00
2015.10.19 08:05:02.488,1.47486,1.47514,1.75,1.00
2015.10.19 08:05:02.846,1.47486,1.47512,1.75,1.00
2015.10.19 08:05:05.567,1.47486,1.47514,1.75,1.12
2015.10.19 08:05:06.560,1.47486,1.47515,1.75,1.00
2015.10.19 08:05:08.239,1.47486,1.47514,1.75,1.00
2015.10.19 08:05:08.778,1.47486,1.47515,1.75,1.00
2015.10.19 08:05:10.298,1.47486,1.47516,1.75,1.00
2015.10.19 08:05:11.076,1.47486,1.47515,1.75,1.00
2015.10.19 08:05:11.823,1.47486,1.47517,1.75,1.50
2015.10.19 08:05:12.346,1.47486,1.47517,1.75,1.12
2015.10.19 08:05:12.868,1.47486,1.47516,1.75,1.00
2015.10.19 08:05:13.962,1.47486,1.47515,1.75,1.00
2015.10.19 08:05:14.917,1.47486,1.47517,1.75,1.12
2015.10.19 08:05:16.329,1.47486,1.47517,3.75,1.00
2015.10.19 08:05:16.906,1.47489,1.47516,1.75,1.00
2015.10.19 08:05:17.404,1.47489,1.4752,1.75,1.12
2015.10.19 08:05:19.246,1.4749,1.4752,1.75,1.00
2015.10.19 08:05:19.655,1.47493,1.47524,2.25,1.00
2015.10.19 08:05:19.808,1.47496,1.47527,1.75,2.25
2015.10.19 08:05:20.114,1.47497,1.47522,1.00,1.00
2015.10.19 08:05:20.667,1.47497,1.47523,1.00,1.00
2015.10.19 08:05:21.332,1.47497,1.47524,1.00,1.00
2015.10.19 08:05:22.448,1.47494,1.47521,1.00,1.00
2015.10.19 08:05:23.105,1.47494,1.4752,1.00,1.00
2015.10.19 08:05:24.840,1.47494,1.47522,1.00,1.00
2015.10.19 08:05:24.943,1.47494,1.47522,1.75,1.00
2015.10.19 08:05:26.279,1.47497,1.47524,2.21,1.12
2015.10.19 08:05:26.434,1.47501,1.47531,2.96,1.37
2015.10.19 08:05:26.538,1.47504,1.47533,1.09,1.12
2015.10.19 08:05:26.590,1.47504,1.4753,1.09,1.00
2015.10.19 08:05:27.024,1.47504,1.4753,1.09,1.00
2015.10.19 08:05:27.383,1.47507,1.47533,1.50,1.00
2015.10.19 08:05:27.486,1.47507,1.47537,2.25,1.37
2015.10.19 08:05:27.590,1.4751,1.47542,1.75,1.75
2015.10.19 08:05:27.642,1.47511,1.47542,1.50,1.37
2015.10.19 08:05:27.746,1.47515,1.47544,1.50,1.00
2015.10.19 08:05:28.310,1.47515,1.47538,1.37,1.00
2015.10.19 08:05:28.362,1.47506,1.47536,2.25,1.12
2015.10.19 08:05:28.683,1.47505,1.47535,1.75,1.00
2015.10.19 08:05:28.735,1.47504,1.47533,1.00,1.75
2015.10.19 08:05:28.787,1.47504,1.47534,1.00,1.37
2015.10.19 08:05:28.840,1.47504,1.47535,1.00,1.00
2015.10.19 08:05:28.994,1.47506,1.47535,1.00,1.50
2015.10.19 08:05:29.385,1.47506,1.47533,1.00,1.00
2015.10.19 08:05:29.438,1.47501,1.47533,1.00,1.50
2015.10.19 08:05:29.489,1.475,1.4753,1.00,1.00
2015.10.19 08:05:29.998,1.475,1.47529,1.00,1.00
2015.10.19 08:05:30.752,1.47499,1.47529,1.50,1.00
2015.10.19 08:05:31.061,1.47505,1.47533,1.50,1.00
2015.10.19 08:05:31.213,1.47508,1.47537,1.00,1.00
2015.10.19 08:05:31.316,1.47509,1.47539,1.00,1.00
2015.10.19 08:05:31.418,1.47512,1.4754,1.00,1.00
2015.10.19 08:05:32.037,1.47511,1.4754,1.00,1.00
2015.10.19 08:05:32.110,1.47509,1.4754,1.00,1.00
2015.10.19 08:05:32.212,1.47511,1.4754,1.00,1.00
2015.10.19 08:05:32.314,1.47509,1.4754,1.00,1.00
2015.10.19 08:05:32.417,1.47512,1.4754,1.00,1.00
2015.10.19 08:05:32.934,1.47511,1.4754,1.00,1.00
2015.10.19 08:05:33.875,1.47507,1.47537,1.00,1.00
2015.10.19 08:05:34.398,1.47507,1.47536,1.00,1.00
2015.10.19 08:05:35.076,1.47509,1.47536,1.00,1.00
2015.10.19 08:05:36.883,1.47509,1.4754,1.00,1.00
2015.10.19 08:05:36.936,1.47511,1.4754,1.00,1.00
2015.10.19 08:05:36.988,1.47511,1.47543,1.00,1.50
2015.10.19 08:05:37.040,1.47511,1.47541,1.00,1.00
2015.10.19 08:05:37.143,1.47511,1.47543,1.00,1.50
2015.10.19 08:05:37.247,1.47514,1.47543,1.00,1.00
2015.10.19 08:05:37.813,1.4751,1.4754,1.00,1.00
2015.10.19 08:05:38.172,1.47513,1.47543,1.00,1.50
2015.10.19 08:05:38.682,1.47512,1.47543,1.00,1.00
2015.10.19 08:05:39.383,1.47512,1.47542,1.00,1.00
2015.10.19 08:05:39.688,1.47509,1.47539,1.50,1.00
2015.10.19 08:05:40.606,1.47509,1.4754,1.00,1.00
2015.10.19 08:05:41.350,1.47509,1.47539,1.50,1.00
2015.10.19 08:05:42.193,1.47505,1.47537,1.00,1.00
2015.10.19 08:05:42.244,1.47507,1.47537,1.00,1.00
2015.10.19 08:05:42.783,1.47508,1.47538,1.00,1.50
2015.10.19 08:05:42.885,1.47506,1.47538,1.00,1.50
2015.10.19 08:05:43.962,1.47505,1.47535,1.00,1.00
2015.10.19 08:05:44.389,1.47507,1.47535,1.00,1.00
2015.10.19 08:05:44.440,1.4751,1.47542,1.50,1.00
2015.10.19 08:05:45.518,1.47512,1.47542,1.00,1.00
2015.10.19 08:05:46.299,1.47513,1.47543,1.00,1.00
2015.10.19 08:05:46.605,1.47511,1.47543,1.00,1.00
2015.10.19 08:05:47.091,1.4751,1.47541,1.00,1.00
2015.10.19 08:05:47.400,1.4751,1.47538,1.00,1.00
2015.10.19 08:05:47.730,1.4751,1.47535,1.00,1.00
2015.10.19 08:05:48.147,1.4751,1.47538,1.00,1.00
2015.10.19 08:05:48.645,1.47508,1.47539,1.00,1.00
2015.10.19 08:05:48.950,1.4751,1.47539,1.00,1.00
2015.10.19 08:05:49.154,1.47508,1.47538,1.50,1.00
2015.10.19 08:05:49.256,1.47508,1.47536,1.00,1.00
2015.10.19 08:05:49.928,1.47508,1.47537,1.00,1.00
2015.10.19 08:05:50.448,1.47508,1.47534,1.00,1.00
2015.10.19 08:05:50.703,1.47508,1.47536,1.00,1.00
2015.10.19 08:05:50.909,1.47505,1.47533,1.37,1.12
2015.10.19 08:05:50.960,1.47505,1.47533,1.00,1.50
2015.10.19 08:05:51.623,1.47505,1.47529,1.00,1.00
2015.10.19 08:05:52.006,1.47505,1.47527,1.00,1.00
2015.10.19 08:05:52.108,1.475,1.47527,1.37,1.00
2015.10.19 08:05:52.363,1.475,1.47529,1.37,1.12
2015.10.19 08:05:53.087,1.475,1.47529,1.37,1.50
2015.10.19 08:05:53.189,1.47497,1.47528,1.87,2.25
2015.10.19 08:05:53.292,1.47496,1.47526,1.00,1.75
2015.10.19 08:05:53.344,1.47492,1.47523,1.12,1.75
2015.10.19 08:05:53.650,1.47493,1.47518,1.00,1.00
2015.10.19 08:05:54.447,1.47493,1.47517,1.00,1.00
2015.10.19 08:05:54.908,1.47494,1.47521,1.00,1.00
2015.10.19 08:05:55.117,1.47491,1.4752,1.00,1.00
2015.10.19 08:05:56.247,1.47491,1.47519,1.00,1.00
2015.10.19 08:05:56.902,1.47491,1.47518,1.00,1.00
2015.10.19 08:05:58.909,1.47486,1.47517,1.12,1.50
2015.10.19 08:06:01.353,1.47485,1.47515,2.25,1.00
2015.10.19 08:06:01.858,1.47485,1.47517,2.25,1.50
2015.10.19 08:06:02.467,1.47485,1.47515,1.75,1.00
2015.10.19 08:06:02.573,1.47485,1.4751,1.75,1.00
2015.10.19 08:06:02.626,1.47485,1.4751,1.37,1.00
2015.10.19 08:06:02.731,1.47483,1.47509,1.12,1.00
2015.10.19 08:06:03.273,1.47476,1.47505,1.50,1.75
2015.10.19 08:06:03.427,1.47475,1.47501,1.37,1.00
2015.10.19 08:06:03.733,1.47471,1.47495,1.87,1.00
2015.10.19 08:06:03.785,1.4747,1.47495,1.37,1.00
2015.10.19 08:06:03.989,1.47465,1.47494,1.50,1.37
2015.10.19 08:06:04.040,1.47465,1.47494,1.12,1.50
2015.10.19 08:06:04.599,1.47465,1.47492,1.12,1.00
2015.10.19 08:06:05.111,1.47465,1.47493,1.12,1.12
2015.10.19 08:06:05.608,1.47465,1.47494,1.00,1.50
2015.10.19 08:06:06.872,1.47462,1.47491,1.00,1.00
2015.10.19 08:06:07.076,1.47465,1.47491,1.50,1.00
2015.10.19 08:06:07.945,1.47467,1.47491,1.00,1.00
2015.10.19 08:06:08.006,1.47467,1.47497,1.00,1.75
2015.10.19 08:06:09.171,1.47466,1.47496,1.00,1.75
2015.10.19 08:06:09.386,1.47468,1.47497,1.00,1.75
2015.10.19 08:06:11.359,1.47467,1.47497,1.00,1.75
2015.10.19 08:06:12.253,1.47465,1.47496,1.12,1.75
2015.10.19 08:06:12.355,1.47465,1.47496,1.00,1.75
2015.10.19 08:06:12.869,1.47463,1.47495,1.87,1.75
2015.10.19 08:06:13.661,1.47463,1.47493,1.87,1.75
2015.10.19 08:06:14.862,1.47459,1.47491,2.25,1.75
2015.10.19 08:06:14.913,1.47459,1.47489,2.25,1.75
2015.10.19 08:06:15.424,1.47458,1.47486,1.37,1.12
2015.10.19 08:06:20.702,1.47461,1.47491,1.00,1.75
2015.10.19 08:06:21.011,1.47469,1.47497,1.00,3.00
2015.10.19 08:06:21.062,1.47468,1.47497,1.12,1.50
2015.10.19 08:06:21.679,1.47467,1.47497,1.75,1.00
2015.10.19 08:06:21.745,1.47469,1.47499,1.50,1.12
2015.10.19 08:06:23.109,1.47469,1.47496,1.37,1.00
2015.10.19 08:06:23.263,1.47462,1.47491,1.50,1.12
2015.10.19 08:06:23.366,1.47462,1.47485,1.00,1.00
2015.10.19 08:06:23.418,1.47454,1.47485,2.25,1.37
2015.10.19 08:06:23.469,1.47454,1.47485,1.75,1.75
2015.10.19 08:06:23.878,1.47454,1.47484,1.87,1.75
2015.10.19 08:06:23.981,1.47454,1.47482,1.00,1.75
2015.10.19 08:06:24.423,1.47451,1.47469,1.37,1.12
2015.10.19 08:06:24.474,1.47436,1.47466,3.00,1.12
2015.10.19 08:06:24.526,1.47436,1.47466,1.87,1.46
2015.10.19 08:06:24.577,1.47436,1.47457,1.00,1.00
2015.10.19 08:06:24.917,1.47406,1.47431,1.12,1.00
2015.10.19 08:06:25.022,1.47396,1.47413,1.75,1.00
2015.10.19 08:06:25.513,1.47395,1.47407,1.00,1.00
2015.10.19 08:06:25.698,1.47331,1.47357,1.87,1.00
2015.10.19 08:06:25.750,1.47331,1.47357,1.37,1.00
2015.10.19 08:06:25.802,1.4733,1.47354,1.37,1.00
2015.10.19 08:06:25.905,1.4733,1.47355,1.37,1.00
2015.10.19 08:06:26.110,1.47335,1.47362,1.37,1.00
2015.10.19 08:06:26.161,1.47341,1.47362,1.00,1.00
2015.10.19 08:06:26.577,1.47341,1.47372,1.00,1.50
2015.10.19 08:06:26.901,1.47361,1.47387,1.00,1.75
2015.10.19 08:06:27.207,1.47365,1.47393,1.00,1.75
2015.10.19 08:06:27.310,1.47365,1.47394,1.00,1.00
2015.10.19 08:06:27.463,1.47361,1.47394,1.00,1.00
2015.10.19 08:06:28.125,1.47366,1.47396,1.00,1.00
2015.10.19 08:06:28.651,1.47366,1.47397,1.00,1.00
2015.10.19 08:06:29.160,1.47365,1.47397,1.00,1.00
2015.10.19 08:06:29.563,1.47365,1.47399,1.00,1.00
2015.10.19 08:06:29.933,1.47366,1.47399,1.37,1.00
2015.10.19 08:06:30.240,1.4737,1.47403,1.00,1.50
2015.10.19 08:06:30.291,1.4737,1.47403,1.00,1.00
2015.10.19 08:06:30.814,1.4737,1.47405,1.00,1.12
2015.10.19 08:06:30.865,1.47376,1.47406,1.00,1.37
2015.10.19 08:06:30.967,1.47371,1.47404,1.37,1.00
2015.10.19 08:06:31.426,1.47375,1.47403,1.00,1.00
2015.10.19 08:06:31.629,1.47376,1.47405,1.00,1.12
2015.10.19 08:06:33.478,1.47376,1.47404,1.00,1.00
2015.10.19 08:06:34.635,1.47376,1.47404,1.37,1.00
2015.10.19 08:06:35.358,1.47376,1.47405,1.37,1.00
2015.10.19 08:06:36.780,1.47376,1.47406,1.37,1.00
2015.10.19 08:06:37.468,1.47376,1.47404,1.37,1.00
2015.10.19 08:06:38.007,1.47376,1.47404,1.37,1.00
2015.10.19 08:06:38.742,1.47376,1.47403,1.37,1.00
2015.10.19 08:06:39.245,1.4737,1.47404,2.14,1.00
2015.10.19 08:06:39.876,1.4737,1.47402,2.14,1.00
2015.10.19 08:06:40.730,1.4737,1.47403,1.39,1.00
2015.10.19 08:06:40.782,1.47367,1.474,1.37,1.00
2015.10.19 08:06:41.090,1.47366,1.47398,1.37,1.00
2015.10.19 08:06:41.396,1.47364,1.47401,2.17,1.00
2015.10.19 08:06:41.680,1.47363,1.474,1.37,1.00
2015.10.19 08:06:44.356,1.47365,1.47398,1.37,1.00
2015.10.19 08:06:50.142,1.47369,1.47399,1.12,1.00
2015.10.19 08:06:50.572,1.4737,1.47399,1.37,1.00
2015.10.19 08:06:50.826,1.4737,1.47404,1.37,1.50
2015.10.19 08:06:50.979,1.47371,1.47406,1.37,1.00
2015.10.19 08:06:51.404,1.47386,1.47406,1.00,1.00
2015.10.19 08:06:51.456,1.47391,1.47428,1.00,1.37
2015.10.19 08:06:51.508,1.47395,1.4743,1.00,1.00
2015.10.19 08:06:51.712,1.47397,1.47435,1.00,1.00
2015.10.19 08:06:51.763,1.474,1.47435,1.00,1.00
2015.10.19 08:06:52.069,1.47398,1.47436,1.00,1.12
2015.10.19 08:06:52.171,1.47401,1.47439,1.00,1.37
2015.10.19 08:06:52.631,1.47401,1.4744,1.00,1.00
2015.10.19 08:06:52.685,1.47407,1.4744,1.00,1.00
2015.10.19 08:06:52.736,1.47407,1.47445,1.00,1.50
2015.10.19 08:06:53.150,1.47409,1.47445,1.00,1.00
2015.10.19 08:06:53.405,1.47407,1.47445,1.00,1.00
2015.10.19 08:06:53.508,1.47409,1.47446,1.00,1.00
2015.10.19 08:06:54.048,1.47409,1.47444,1.00,1.00
2015.10.19 08:06:54.366,1.47413,1.47444,1.00,1.00
2015.10.19 08:06:54.570,1.47412,1.47449,1.00,1.00
2015.10.19 08:06:55.130,1.47414,1.47449,1.00,1.00
2015.10.19 08:06:56.124,1.47415,1.47449,1.00,1.50
2015.10.19 08:06:56.227,1.47413,1.47449,1.00,1.50
2015.10.19 08:06:56.585,1.47413,1.47451,1.00,1.12
2015.10.19 08:06:57.584,1.47413,1.47449,1.00,1.00
2015.10.19 08:06:57.637,1.47404,1.47449,1.12,1.50
2015.10.19 08:06:57.741,1.474,1.47447,1.75,1.37
2015.10.19 08:06:57.947,1.47399,1.47444,1.37,2.25
2015.10.19 08:06:58.509,1.47399,1.47444,1.12,2.25
2015.10.19 08:06:58.990,1.47402,1.47444,1.00,1.00
2015.10.19 08:06:59.147,1.47403,1.47447,1.00,1.09
2015.10.19 08:07:01.140,1.47403,1.47449,1.37,1.75
2015.10.19 08:07:01.925,1.47406,1.47449,1.00,1.75
2015.10.19 08:07:02.255,1.47406,1.47444,1.87,1.00
2015.10.19 08:07:02.665,1.47406,1.47451,1.37,1.09
2015.10.19 08:07:02.716,1.47406,1.47451,1.37,1.09
2015.10.19 08:07:03.621,1.47405,1.47447,1.37,1.09
2015.10.19 08:07:03.673,1.47406,1.47451,1.50,1.75
2015.10.19 08:07:04.182,1.47407,1.4745,1.00,1.50
2015.10.19 08:07:04.233,1.47407,1.4745,1.37,1.50
2015.10.19 08:07:04.538,1.47407,1.47446,1.37,1.00
2015.10.19 08:07:05.181,1.47407,1.47443,1.37,1.00
2015.10.19 08:07:05.436,1.47407,1.47443,1.12,1.00
2015.10.19 08:07:06.730,1.47403,1.47447,1.37,2.25
2015.10.19 08:07:07.159,1.47403,1.47444,1.37,1.37
2015.10.19 08:07:07.261,1.47401,1.4744,1.37,1.00
2015.10.19 08:07:07.312,1.47401,1.47444,1.37,2.25
2015.10.19 08:07:07.414,1.47401,1.47444,1.37,1.75
2015.10.19 08:07:07.465,1.47401,1.47443,1.12,1.75
2015.10.19 08:07:08.565,1.47405,1.47443,1.00,1.75
2015.10.19 08:07:08.617,1.47405,1.47444,1.00,1.75
2015.10.19 08:07:08.770,1.47405,1.47444,1.00,1.00
2015.10.19 08:07:10.459,1.47402,1.47443,1.37,1.00
2015.10.19 08:07:10.561,1.47405,1.47439,1.00,1.00
2015.10.19 08:07:11.326,1.47402,1.47436,1.37,1.00
2015.10.19 08:07:11.878,1.47402,1.47436,1.12,1.00
2015.10.19 08:07:12.184,1.47396,1.4743,1.37,1.00
2015.10.19 08:07:12.694,1.47396,1.4743,1.37,1.00
2015.10.19 08:07:13.227,1.47396,1.4743,1.37,1.00
2015.10.19 08:07:13.916,1.47398,1.47434,1.00,1.00
2015.10.19 08:07:14.904,1.47398,1.47434,1.37,1.00
2015.10.19 08:07:15.057,1.47396,1.47432,1.12,1.00
2015.10.19 08:07:16.687,1.47401,1.47437,1.00,1.50
2015.10.19 08:07:16.738,1.47401,1.47437,1.00,1.12
2015.10.19 08:07:18.474,1.47401,1.47437,1.37,1.00
2015.10.19 08:07:19.818,1.47401,1.47437,1.37,1.00
2015.10.19 08:07:21.789,1.47401,1.47437,1.37,1.00
2015.10.19 08:07:21.841,1.47401,1.47437,1.37,1.50
2015.10.19 08:07:21.946,1.47401,1.47437,1.37,1.00
2015.10.19 08:07:22.703,1.47401,1.47437,1.37,1.00
2015.10.19 08:07:23.303,1.47401,1.47437,1.37,1.00
2015.10.19 08:07:24.329,1.47401,1.47437,1.12,1.00
2015.10.19 08:07:26.064,1.47401,1.47437,1.37,1.00
2015.10.19 08:07:28.110,1.47401,1.47437,1.87,1.37
2015.10.19 08:07:28.161,1.47401,1.47437,1.87,1.75
2015.10.19 08:07:28.467,1.47401,1.47437,1.87,1.75
2015.10.19 08:07:28.519,1.47401,1.47437,1.87,1.75
2015.10.19 08:07:31.334,1.47401,1.47437,1.37,1.75
2015.10.19 08:07:32.965,1.47401,1.47437,1.37,1.00
2015.10.19 08:07:33.018,1.47405,1.47441,1.37,1.75
2015.10.19 08:07:33.392,1.47405,1.47441,1.37,1.00
2015.10.19 08:07:33.903,1.47405,1.47441,1.37,1.00
2015.10.19 08:07:34.536,1.47405,1.47435,1.00,1.00
2015.10.19 08:07:34.587,1.47403,1.47437,1.37,1.00
2015.10.19 08:07:36.222,1.47403,1.47437,1.37,1.00
2015.10.19 08:07:36.578,1.47403,1.47435,1.37,1.00
2015.10.19 08:07:37.154,1.47403,1.47434,1.37,1.00
2015.10.19 08:07:38.685,1.47401,1.47432,1.37,1.00
2015.10.19 08:07:40.259,1.474,1.47432,1.37,1.00
2015.10.19 08:07:40.564,1.47401,1.47433,1.37,1.00
2015.10.19 08:07:41.411,1.47401,1.47433,1.37,1.00
2015.10.19 08:07:41.882,1.47402,1.47438,1.37,1.00
2015.10.19 08:07:41.934,1.47402,1.47438,1.37,1.00
2015.10.19 08:07:46.954,1.47402,1.47438,1.37,1.00
2015.10.19 08:07:47.210,1.47406,1.4744,1.87,1.00
2015.10.19 08:07:47.261,1.47411,1.4744,1.00,1.00
2015.10.19 08:07:47.466,1.4741,1.47444,1.87,1.00
2015.10.19 08:07:47.949,1.47412,1.47448,1.00,1.00
2015.10.19 08:07:48.692,1.47412,1.47448,1.37,1.00
2015.10.19 08:07:49.555,1.47412,1.47448,1.37,1.00
2015.10.19 08:07:50.070,1.47412,1.47448,1.37,1.50
2015.10.19 08:07:50.456,1.47412,1.47445,1.37,1.00
2015.10.19 08:07:53.168,1.47416,1.47448,1.37,1.37
2015.10.19 08:07:53.219,1.47421,1.47453,1.00,1.75
2015.10.19 08:07:53.322,1.47421,1.47455,1.00,1.87
2015.10.19 08:07:53.374,1.47426,1.47456,1.00,1.37
2015.10.19 08:07:53.425,1.47426,1.47459,1.00,1.50
2015.10.19 08:07:53.733,1.47427,1.47463,1.00,1.37
2015.10.19 08:07:53.835,1.47427,1.47459,1.00,1.00
2015.10.19 08:07:54.255,1.4743,1.4746,1.00,1.00
2015.10.19 08:07:54.516,1.4743,1.47464,1.00,1.00
2015.10.19 08:07:54.618,1.4743,1.47459,1.00,1.00
2015.10.19 08:07:54.824,1.47425,1.47459,1.37,1.00
2015.10.19 08:07:55.028,1.47425,1.47459,1.37,1.50
2015.10.19 08:07:55.130,1.47425,1.47459,1.37,1.00
2015.10.19 08:07:55.181,1.47425,1.47459,1.12,1.87
2015.10.19 08:07:56.130,1.47421,1.47455,1.37,1.00
2015.10.19 08:07:57.097,1.47421,1.47455,1.37,1.00
2015.10.19 08:07:58.454,1.47419,1.47454,1.37,1.00
2015.10.19 08:07:59.074,1.47416,1.47452,1.87,1.00
2015.10.19 08:07:59.125,1.4742,1.47454,1.37,1.50
2015.10.19 08:07:59.280,1.47416,1.4745,1.37,1.00
2015.10.19 08:07:59.587,1.47414,1.47448,1.37,1.00
2015.10.19 08:07:59.741,1.47416,1.4745,1.37,1.00
2015.10.19 08:07:59.843,1.47411,1.47446,1.37,1.00
2015.10.19 08:07:59.895,1.47411,1.47446,1.37,1.00
2015.10.19 08:08:00.441,1.47414,1.47448,1.37,1.00
2015.10.19 08:08:00.966,1.47414,1.47448,1.37,1.00
2015.10.19 08:08:01.903,1.47414,1.47448,1.00,1.50
2015.10.19 08:08:01.955,1.47414,1.47444,1.00,1.00
2015.10.19 08:08:02.423,1.47406,1.4744,3.00,1.00
2015.10.19 08:08:02.937,1.47406,1.4744,1.37,1.00
2015.10.19 08:08:03.440,1.47406,1.4744,1.37,1.50
2015.10.19 08:08:03.543,1.47401,1.47437,2.25,1.00
2015.10.19 08:08:03.848,1.474,1.47433,1.95,1.00
2015.10.19 08:08:04.397,1.47399,1.47433,2.02,1.00
2015.10.19 08:08:04.865,1.47399,1.47433,1.37,1.00
2015.10.19 08:08:06.550,1.47399,1.47433,1.37,1.00
2015.10.19 08:08:07.153,1.47402,1.47434,1.37,1.00
2015.10.19 08:08:07.256,1.47402,1.47434,1.37,1.00
2015.10.19 08:08:07.358,1.47402,1.47436,1.37,1.00
2015.10.19 08:08:08.524,1.47406,1.47436,1.00,1.00
2015.10.19 08:08:08.576,1.47411,1.47444,1.00,1.00
2015.10.19 08:08:09.810,1.47411,1.47445,1.00,1.50
2015.10.19 08:08:11.556,1.47411,1.47445,1.37,1.50
2015.10.19 08:08:13.075,1.47411,1.47444,1.37,1.00
2015.10.19 08:08:13.591,1.47411,1.47445,1.37,1.50
2015.10.19 08:08:14.218,1.47414,1.47448,1.00,1.50
2015.10.19 08:08:14.749,1.47414,1.47448,1.37,1.50
2015.10.19 08:08:15.055,1.47414,1.47444,1.37,1.00
2015.10.19 08:08:16.539,1.47414,1.47442,1.12,1.00
2015.10.19 08:08:18.615,1.47414,1.47447,1.12,2.25
2015.10.19 08:08:18.921,1.47416,1.47449,1.37,1.75
2015.10.19 08:08:18.973,1.47419,1.47448,1.00,1.00
2015.10.19 08:08:19.227,1.47416,1.4745,1.50,1.75
2015.10.19 08:08:19.278,1.47416,1.47445,1.50,1.00
2015.10.19 08:08:20.191,1.47416,1.47449,1.12,1.75
2015.10.19 08:08:20.244,1.47418,1.47449,1.37,1.50
2015.10.19 08:08:21.686,1.47418,1.47449,1.12,1.50
2015.10.19 08:08:21.899,1.47418,1.47449,1.37,1.50
2015.10.19 08:08:23.109,1.47418,1.47449,1.12,1.00
2015.10.19 08:08:23.852,1.47419,1.47452,1.12,1.50
2015.10.19 08:08:26.943,1.47422,1.47458,1.75,3.00
2015.10.19 08:08:26.995,1.47424,1.47458,1.50,1.75
2015.10.19 08:08:27.098,1.47426,1.4746,1.75,1.75
2015.10.19 08:08:27.714,1.4743,1.47464,1.00,4.12
2015.10.19 08:08:28.238,1.47425,1.47461,1.50,1.75
2015.10.19 08:08:28.289,1.47425,1.47461,1.50,3.00
2015.10.19 08:08:30.163,1.47426,1.47459,1.12,3.00
2015.10.19 08:08:30.723,1.47422,1.47452,1.87,1.00
2015.10.19 08:08:31.233,1.47422,1.47458,2.62,1.75
2015.10.19 08:08:31.285,1.47423,1.47458,1.12,1.75
2015.10.19 08:08:31.590,1.47429,1.47461,1.00,2.25
2015.10.19 08:08:38.894,1.47424,1.47459,1.12,2.25
2015.10.19 08:08:39.410,1.47429,1.4746,1.00,1.75
2015.10.19 08:08:39.912,1.47425,1.47458,1.75,1.75
2015.10.19 08:08:40.238,1.47428,1.47458,1.12,1.12
2015.10.19 08:08:40.747,1.47432,1.47461,1.00,1.00
2015.10.19 08:08:41.583,1.47431,1.47462,1.12,1.00
2015.10.19 08:08:42.106,1.47433,1.47467,1.75,1.75
2015.10.19 08:08:44.222,1.47433,1.47466,1.37,1.50
2015.10.19 08:08:44.273,1.47429,1.47463,1.12,1.75
2015.10.19 08:08:45.439,1.47427,1.47463,1.87,1.87
2015.10.19 08:08:45.977,1.47427,1.47459,1.87,1.00
2015.10.19 08:08:48.767,1.47427,1.47461,1.75,1.37
2015.10.19 08:08:49.314,1.47431,1.47461,1.00,1.37
2015.10.19 08:08:49.478,1.47428,1.47458,1.75,1.00
2015.10.19 08:08:49.786,1.47418,1.4745,1.12,1.75
2015.10.19 08:08:50.177,1.47416,1.4745,2.25,1.75
2015.10.19 08:08:50.234,1.47416,1.47449,1.75,1.75
2015.10.19 08:08:50.645,1.47415,1.47449,1.75,1.75
2015.10.19 08:08:51.189,1.47419,1.47448,1.00,1.00
2015.10.19 08:08:51.662,1.47419,1.47453,1.50,1.75
2015.10.19 08:08:51.714,1.47419,1.47453,1.75,1.50
2015.10.19 08:08:52.074,1.47427,1.47453,1.00,1.00
2015.10.19 08:08:52.177,1.47421,1.4745,1.00,1.00
2015.10.19 08:08:52.279,1.4742,1.4745,1.00,1.75
2015.10.19 08:08:52.330,1.47418,1.4745,1.00,1.75
2015.10.19 08:08:52.940,1.47417,1.4745,1.12,1.75
2015.10.19 08:08:53.501,1.47423,1.47456,1.00,3.00
2015.10.19 08:08:55.222,1.47419,1.47453,1.37,1.75
2015.10.19 08:08:56.839,1.47419,1.47453,1.12,1.75
2015.10.19 08:08:57.377,1.47422,1.47455,1.00,1.75
2015.10.19 08:08:58.465,1.47422,1.47455,1.37,1.75
2015.10.19 08:09:00.752,1.47422,1.47458,2.25,1.75
2015.10.19 08:09:00.905,1.47425,1.47459,1.75,1.75
2015.10.19 08:09:01.060,1.47429,1.4746,1.37,1.37
2015.10.19 08:09:01.112,1.47429,1.4746,1.75,1.00
2015.10.19 08:09:01.164,1.47429,1.47463,1.75,1.37
2015.10.19 08:09:01.630,1.4743,1.4746,1.75,1.00
2015.10.19 08:09:02.447,1.47431,1.47465,1.75,1.00
2015.10.19 08:09:03.653,1.47435,1.47464,1.75,1.00
2015.10.19 08:09:04.367,1.47435,1.47464,1.37,1.37
2015.10.19 08:09:04.419,1.47433,1.47463,1.00,1.50
2015.10.19 08:09:04.470,1.47429,1.47463,1.87,2.25
2015.10.19 08:09:04.521,1.47429,1.47458,1.87,1.00
2015.10.19 08:09:05.048,1.4743,1.47458,1.00,1.00
2015.10.19 08:09:08.515,1.4743,1.4746,1.75,1.00
2015.10.19 08:09:10.313,1.47428,1.47462,1.75,1.37
2015.10.19 08:09:12.140,1.47428,1.47459,1.75,1.00
2015.10.19 08:09:12.671,1.47428,1.47462,1.75,1.37
2015.10.19 08:09:13.922,1.47428,1.4746,1.75,1.00
2015.10.19 08:09:16.651,1.47428,1.47459,1.75,1.00
2015.10.19 08:09:17.537,1.47428,1.4746,1.75,1.00
2015.10.19 08:09:18.048,1.47432,1.47463,1.50,1.12
2015.10.19 08:09:22.150,1.47428,1.47463,1.87,1.75
2015.10.19 08:09:22.648,1.47433,1.47466,1.00,3.00
2015.10.19 08:09:30.143,1.47433,1.47466,1.37,2.25
2015.10.19 08:09:32.441,1.4743,1.47459,1.12,1.00
2015.10.19 08:09:34.331,1.4743,1.47458,1.00,1.00
2015.10.19 08:09:34.882,1.4743,1.47459,1.00,2.25
2015.10.19 08:09:35.137,1.47427,1.47461,1.37,2.25
2015.10.19 08:09:35.692,1.47431,1.47461,1.00,1.75
2015.10.19 08:09:37.642,1.47431,1.47459,1.00,1.00
2015.10.19 08:09:40.443,1.4743,1.47459,1.00,1.00
2015.10.19 08:09:41.158,1.4743,1.47459,1.37,1.00
2015.10.19 08:09:44.572,1.47433,1.4746,1.12,1.00
2015.10.19 08:09:46.477,1.47433,1.47462,1.12,1.50
2015.10.19 08:09:47.549,1.47433,1.47462,1.87,1.00
2015.10.19 08:09:47.857,1.47435,1.47465,1.12,1.12
2015.10.19 08:09:48.164,1.47444,1.4747,1.00,1.00
2015.10.19 08:09:48.267,1.47441,1.4747,1.00,1.50
2015.10.19 08:09:49.672,1.47437,1.47469,1.50,1.75
2015.10.19 08:09:52.020,1.47437,1.47473,2.25,3.00
2015.10.19 08:09:52.072,1.47437,1.47472,1.00,1.75
2015.10.19 08:09:52.174,1.47436,1.4747,1.50,1.75
2015.10.19 08:09:52.687,1.47436,1.47469,1.37,3.75
2015.10.19 08:09:53.265,1.47436,1.47468,1.00,1.75
2015.10.19 08:09:54.268,1.47434,1.47463,1.00,1.37
2015.10.19 08:09:54.371,1.47432,1.47464,1.87,1.87
2015.10.19 08:09:54.473,1.47433,1.47468,1.75,1.75
2015.10.19 08:09:55.944,1.47438,1.47469,1.00,1.75
2015.10.19 08:09:55.995,1.47439,1.47469,1.00,1.00
2015.10.19 08:09:56.375,1.4745,1.47474,1.00,1.00
2015.10.19 08:09:56.429,1.4745,1.47479,1.00,1.87
2015.10.19 08:09:56.633,1.4745,1.4748,1.00,1.00
2015.10.19 08:09:56.684,1.47454,1.47484,1.00,1.50
2015.10.19 08:09:56.991,1.47457,1.47487,1.00,1.00
2015.10.19 08:09:57.398,1.47457,1.47484,1.00,1.00
2015.10.19 08:09:58.292,1.47452,1.47484,3.00,1.00
2015.10.19 08:09:58.809,1.47453,1.47487,1.75,1.12
2015.10.19 08:09:59.115,1.47458,1.4749,2.25,1.00
2015.10.19 08:09:59.741,1.47456,1.47488,2.25,1.00
2015.10.19 08:09:59.793,1.47455,1.47488,1.12,1.12
2015.10.19 08:10:01.319,1.4746,1.47489,1.75,1.50
2015.10.19 08:10:01.371,1.47464,1.47495,1.12,1.50
2015.10.19 08:10:01.422,1.47471,1.47495,1.00,1.00
2015.10.19 08:10:01.525,1.47467,1.47495,1.00,1.00
2015.10.19 08:10:01.933,1.47463,1.47493,1.50,1.00
2015.10.19 08:10:02.519,1.4746,1.47492,1.12,1.00
2015.10.19 08:10:02.723,1.4746,1.47488,1.00,1.87
2015.10.19 08:10:03.030,1.47453,1.47484,1.12,2.25
2015.10.19 08:10:03.133,1.47453,1.47484,1.12,2.25
2015.10.19 08:10:03.287,1.4746,1.47488,1.12,1.50
2015.10.19 08:10:03.339,1.4746,1.4749,1.12,1.50
2015.10.19 08:10:03.492,1.4746,1.47486,1.12,1.00
2015.10.19 08:10:03.949,1.4746,1.47482,1.12,1.00
2015.10.19 08:10:04.002,1.47454,1.47482,1.12,1.00
2015.10.19 08:10:04.105,1.47452,1.4748,1.12,1.00
2015.10.19 08:10:04.259,1.47452,1.47484,1.87,1.50
2015.10.19 08:10:04.310,1.47458,1.47488,1.12,1.37
2015.10.19 08:10:04.618,1.47451,1.4748,1.00,1.00
2015.10.19 08:10:04.670,1.47452,1.47476,1.00,1.00
2015.10.19 08:10:04.823,1.47443,1.47471,1.00,1.00
2015.10.19 08:10:05.250,1.47441,1.47471,1.12,1.00
2015.10.19 08:10:05.770,1.47442,1.47471,1.00,1.00
2015.10.19 08:10:06.635,1.47441,1.47471,1.37,1.00
2015.10.19 08:10:06.737,1.47441,1.47477,1.87,2.25
2015.10.19 08:10:06.839,1.47444,1.47473,1.37,1.00
2015.10.19 08:10:07.094,1.47444,1.47473,1.00,1.00
2015.10.19 08:10:07.794,1.47447,1.47473,1.00,1.00
2015.10.19 08:10:07.846,1.47444,1.47473,1.00,1.00
2015.10.19 08:10:09.642,1.47444,1.47473,1.37,1.00
2015.10.19 08:10:10.443,1.47444,1.47473,1.37,1.00
2015.10.19 08:10:10.930,1.47446,1.4748,1.87,2.25
2015.10.19 08:10:11.758,1.47447,1.47479,1.12,1.50
2015.10.19 08:10:11.809,1.47448,1.47479,1.12,1.50
2015.10.19 08:10:12.457,1.47449,1.4748,1.12,1.75
2015.10.19 08:10:12.509,1.47453,1.47484,1.12,1.12
2015.10.19 08:10:13.837,1.47454,1.47487,1.87,1.75
2015.10.19 08:10:15.724,1.47454,1.47487,1.50,1.75
2015.10.19 08:10:16.084,1.47454,1.47485,1.50,1.75
2015.10.19 08:10:17.143,1.47454,1.47486,1.50,1.75
2015.10.19 08:10:19.450,1.47457,1.47488,1.00,1.75
2015.10.19 08:10:20.494,1.4746,1.47488,1.00,1.00
2015.10.19 08:10:21.004,1.4746,1.47489,1.00,1.00
2015.10.19 08:10:22.356,1.47459,1.47491,1.12,1.87
2015.10.19 08:10:22.477,1.47459,1.47491,1.12,1.00
2015.10.19 08:10:23.391,1.4746,1.47493,1.75,1.12
2015.10.19 08:10:23.697,1.47459,1.47491,1.12,1.00
2015.10.19 08:10:25.772,1.47463,1.47494,1.75,1.87
2015.10.19 08:10:26.258,1.47465,1.4749,1.75,1.00
2015.10.19 08:10:26.310,1.47465,1.47499,1.37,1.75
2015.10.19 08:10:26.361,1.47467,1.47496,1.00,1.00
2015.10.19 08:10:26.413,1.4747,1.47496,1.00,1.00
2015.10.19 08:10:26.464,1.47471,1.475,1.00,1.50
2015.10.19 08:10:26.856,1.4747,1.47502,2.25,1.00
2015.10.19 08:10:26.907,1.47471,1.47505,1.75,1.12
2015.10.19 08:10:26.959,1.4747,1.47502,2.25,1.00
2015.10.19 08:10:27.491,1.4747,1.47504,2.25,1.00
2015.10.19 08:10:28.869,1.47472,1.475,1.75,1.00
2015.10.19 08:10:29.177,1.47464,1.47489,2.25,1.00
2015.10.19 08:10:29.281,1.4746,1.47486,1.12,1.00
2015.10.19 08:10:29.333,1.47463,1.47486,1.00,1.00
2015.10.19 08:10:29.384,1.47462,1.4749,1.75,1.00
2015.10.19 08:10:29.435,1.47467,1.4749,1.00,1.00
2015.10.19 08:10:29.892,1.47462,1.47494,1.75,1.00
2015.10.19 08:10:30.401,1.47465,1.47495,1.00,1.75
2015.10.19 08:10:31.407,1.47464,1.47499,1.12,2.25
2015.10.19 08:10:31.714,1.47469,1.47499,1.50,1.75
2015.10.19 08:10:32.692,1.47466,1.47494,1.75,1.00
2015.10.19 08:10:33.006,1.47467,1.475,1.75,1.75
2015.10.19 08:10:33.313,1.47468,1.47499,1.00,1.75
2015.10.19 08:10:33.840,1.47465,1.47494,1.75,1.00
2015.10.19 08:10:34.249,1.47469,1.47499,1.12,2.25
2015.10.19 08:10:35.094,1.47469,1.47494,1.12,1.00
2015.10.19 08:10:35.251,1.47469,1.47499,1.12,1.75
2015.10.19 08:10:35.355,1.47473,1.47499,1.00,1.75
2015.10.19 08:10:35.613,1.47474,1.47501,1.00,1.00
2015.10.19 08:10:35.818,1.47472,1.47501,1.50,1.00
2015.10.19 08:10:36.531,1.47472,1.47499,1.00,1.00
2015.10.19 08:10:36.995,1.47472,1.47491,1.00,1.00
2015.10.19 08:10:37.100,1.47464,1.47491,1.12,1.00
2015.10.19 08:10:37.484,1.47458,1.47489,1.12,2.25
2015.10.19 08:10:37.536,1.47458,1.47489,1.12,2.25
2015.10.19 08:10:38.059,1.47458,1.47489,1.12,1.75
2015.10.19 08:10:38.906,1.47466,1.47495,1.00,1.00
2015.10.19 08:10:39.019,1.47468,1.47495,1.00,1.00
2015.10.19 08:10:39.122,1.4747,1.47499,1.00,1.50
2015.10.19 08:10:39.479,1.47472,1.47499,1.00,1.00
2015.10.19 08:10:40.630,1.4747,1.47499,1.00,1.50
2015.10.19 08:10:40.733,1.47465,1.47499,1.75,1.75
2015.10.19 08:10:41.140,1.4747,1.475,1.00,1.50
2015.10.19 08:10:41.768,1.4747,1.47499,1.00,1.00
2015.10.19 08:10:42.283,1.4747,1.475,1.00,2.25
2015.10.19 08:10:44.406,1.47471,1.475,1.00,1.00
2015.10.19 08:10:45.118,1.47472,1.475,1.00,1.00
2015.10.19 08:10:45.956,1.4747,1.475,2.25,1.00
2015.10.19 08:10:52.447,1.4747,1.47499,1.00,1.00
2015.10.19 08:10:52.955,1.47457,1.4749,1.75,1.75
2015.10.19 08:10:53.313,1.47458,1.47492,1.50,1.75
2015.10.19 08:10:53.677,1.47458,1.47492,1.50,1.75
2015.10.19 08:10:54.221,1.47458,1.47492,1.50,1.75
2015.10.19 08:10:54.987,1.4746,1.47493,1.00,2.25
2015.10.19 08:10:57.386,1.47457,1.47491,1.50,1.75
2015.10.19 08:10:59.009,1.47457,1.47491,1.75,2.25
2015.10.19 08:10:59.523,1.47458,1.47491,1.00,2.25
2015.10.19 08:11:00.730,1.47458,1.47491,1.12,2.25
2015.10.19 08:11:01.343,1.47464,1.47493,1.00,1.00
2015.10.19 08:11:02.310,1.47465,1.47493,1.00,1.00
2015.10.19 08:11:05.743,1.47464,1.47493,1.00,1.00
2015.10.19 08:11:07.922,1.47461,1.4749,1.37,1.00
2015.10.19 08:11:09.660,1.47461,1.4749,1.00,1.00
2015.10.19 08:11:11.572,1.47461,1.47489,1.00,1.00
2015.10.19 08:11:12.085,1.47454,1.47489,1.87,1.50
2015.10.19 08:11:12.866,1.47458,1.47486,1.75,1.00
2015.10.19 08:11:14.449,1.47453,1.47487,3.00,1.00
2015.10.19 08:11:15.013,1.47453,1.47486,3.00,1.00
2015.10.19 08:11:15.165,1.47453,1.47486,1.75,1.50
2015.10.19 08:11:15.217,1.47453,1.47483,1.75,1.00
2015.10.19 08:11:16.502,1.47454,1.47485,1.50,1.12
2015.10.19 08:11:17.999,1.47454,1.47488,1.75,2.25
2015.10.19 08:11:19.683,1.47451,1.47485,3.00,1.00
2015.10.19 08:11:20.234,1.47451,1.47484,3.75,1.00
2015.10.19 08:11:22.007,1.47451,1.47486,3.00,1.87
2015.10.19 08:11:24.868,1.47452,1.47483,1.12,1.00
2015.10.19 08:11:25.124,1.47453,1.47487,1.75,1.50
2015.10.19 08:11:25.228,1.47452,1.47484,1.12,1.00
2015.10.19 08:11:25.874,1.47452,1.47488,1.87,2.25
2015.10.19 08:11:25.980,1.47452,1.47487,1.87,1.75
2015.10.19 08:11:26.519,1.47452,1.47484,1.75,1.00
2015.10.19 08:11:31.247,1.47452,1.47487,1.75,1.75
2015.10.19 08:11:31.975,1.47456,1.47486,1.00,1.50
2015.10.19 08:11:33.076,1.47452,1.47488,2.25,2.25
2015.10.19 08:11:33.612,1.47456,1.4749,1.00,2.25
2015.10.19 08:11:34.717,1.47453,1.47486,1.12,1.50
2015.10.19 08:11:34.820,1.47453,1.47481,1.12,1.00
2015.10.19 08:11:41.321,1.47453,1.47485,2.25,1.12
2015.10.19 08:11:41.679,1.47457,1.4749,1.00,2.25
2015.10.19 08:11:44.811,1.47453,1.47487,1.75,1.75
2015.10.19 08:11:46.422,1.47459,1.47492,1.00,3.00
2015.10.19 08:11:47.907,1.47451,1.47474,1.50,1.00
2015.10.19 08:11:48.137,1.47444,1.47474,1.12,1.75
2015.10.19 08:11:48.190,1.4744,1.47472,1.75,1.12
2015.10.19 08:11:48.243,1.47439,1.47471,1.12,1.75
2015.10.19 08:11:48.448,1.47437,1.47469,1.00,1.75
2015.10.19 08:11:48.756,1.47439,1.47473,1.50,1.75
2015.10.19 08:11:49.349,1.47443,1.47469,1.00,1.00
2015.10.19 08:11:49.402,1.47443,1.47472,1.00,1.50
2015.10.19 08:11:52.254,1.47443,1.47471,1.00,1.00
2015.10.19 08:11:52.986,1.47443,1.4747,1.00,1.00
2015.10.19 08:11:54.704,1.47443,1.47469,1.00,1.00
2015.10.19 08:11:57.078,1.47443,1.4747,1.00,1.00
2015.10.19 08:11:58.062,1.47438,1.4747,1.75,1.12
2015.10.19 08:11:58.293,1.47438,1.47467,1.75,1.00
2015.10.19 08:11:58.695,1.47431,1.47464,1.12,1.50
2015.10.19 08:11:58.953,1.47428,1.47462,1.87,1.75
2015.10.19 08:11:59.262,1.47431,1.47464,1.75,1.87
2015.10.19 08:12:02.364,1.47431,1.47461,2.25,1.00
2015.10.19 08:12:03.494,1.47432,1.47461,1.00,1.00
2015.10.19 08:12:03.547,1.47436,1.47465,1.75,1.00
2015.10.19 08:12:04.053,1.47437,1.4747,1.75,1.75
2015.10.19 08:12:04.663,1.47441,1.47473,1.00,1.75
2015.10.19 08:12:08.824,1.47437,1.47471,2.62,2.25
2015.10.19 08:12:09.034,1.47436,1.47467,1.75,1.75
2015.10.19 08:12:09.085,1.47436,1.47464,1.37,1.00
2015.10.19 08:12:09.187,1.47434,1.47463,1.00,1.00
2015.10.19 08:12:09.238,1.47433,1.47463,1.37,1.37
2015.10.19 08:12:09.442,1.4743,1.47464,1.75,2.25
2015.10.19 08:12:10.378,1.4743,1.47459,1.75,1.00
2015.10.19 08:12:10.431,1.47432,1.47463,1.75,1.50
2015.10.19 08:12:11.169,1.47433,1.47468,1.75,2.62
2015.10.19 08:12:11.797,1.47437,1.47468,1.37,1.50
2015.10.19 08:12:12.164,1.47438,1.47469,1.75,1.50
2015.10.19 08:12:12.470,1.47446,1.47476,1.12,1.37
2015.10.19 08:12:13.394,1.47447,1.47478,1.00,1.87
2015.10.19 08:12:16.244,1.47445,1.47478,1.37,2.25
2015.10.19 08:12:16.812,1.47447,1.47478,1.00,1.75
2015.10.19 08:12:17.559,1.47445,1.47478,1.37,1.75
2015.10.19 08:12:19.995,1.47445,1.47478,1.37,1.75
2015.10.19 08:12:20.049,1.47444,1.47472,1.00,1.00
2015.10.19 08:12:20.411,1.47444,1.4747,1.00,1.00
2015.10.19 08:12:20.665,1.47442,1.47471,1.00,1.00
2015.10.19 08:12:21.072,1.4744,1.47473,1.00,2.25
2015.10.19 08:12:21.517,1.47444,1.47475,1.00,3.00
2015.10.19 08:12:27.184,1.47436,1.47466,1.12,1.00
2015.10.19 08:12:31.253,1.47438,1.47466,1.00,1.00
2015.10.19 08:12:33.168,1.47436,1.47466,1.12,1.00
2015.10.19 08:12:33.462,1.4744,1.47466,1.00,1.00
2015.10.19 08:12:33.513,1.4744,1.47471,1.12,1.50
2015.10.19 08:12:33.934,1.4744,1.47473,2.25,2.25
2015.10.19 08:12:36.112,1.47444,1.47476,1.75,1.00
2015.10.19 08:12:36.419,1.47447,1.47479,1.75,1.50
2015.10.19 08:12:36.523,1.47447,1.47477,1.50,1.00
2015.10.19 08:12:37.355,1.47447,1.47476,1.00,1.00
2015.10.19 08:12:37.894,1.47447,1.47477,1.50,1.00
2015.10.19 08:12:38.910,1.47448,1.47477,1.00,1.50
2015.10.19 08:12:39.421,1.47447,1.47477,1.00,1.50
2015.10.19 08:12:43.072,1.47447,1.47477,1.00,1.37
2015.10.19 08:12:43.126,1.47445,1.47476,1.00,1.12
2015.10.19 08:12:43.228,1.47441,1.47472,1.37,1.75
2015.10.19 08:12:44.599,1.47436,1.4747,3.37,1.75
2015.10.19 08:12:45.434,1.47439,1.4747,1.12,1.50
2015.10.19 08:12:46.812,1.4744,1.4747,1.87,1.50
2015.10.19 08:12:47.403,1.4744,1.4747,1.87,1.50
2015.10.19 08:12:49.124,1.47441,1.4747,1.50,1.50
2015.10.19 08:12:50.136,1.47437,1.47467,1.12,1.00
2015.10.19 08:12:50.653,1.47438,1.4747,1.75,1.50
2015.10.19 08:12:53.637,1.47437,1.47467,1.12,1.00
2015.10.19 08:12:57.145,1.47438,1.47467,1.12,1.37
2015.10.19 08:12:57.744,1.47435,1.47461,1.37,1.50
2015.10.19 08:12:57.898,1.47425,1.47454,1.12,1.00
2015.10.19 08:12:57.949,1.47421,1.47449,1.37,1.50
2015.10.19 08:12:58.052,1.4742,1.47447,1.50,1.50
2015.10.19 08:12:58.155,1.47416,1.47447,1.75,1.75
2015.10.19 08:12:58.257,1.47419,1.47447,1.00,1.00
2015.10.19 08:12:58.978,1.47419,1.47448,1.50,1.00
2015.10.19 08:12:59.492,1.4742,1.47448,1.00,1.00
2015.10.19 08:13:00.959,1.47432,1.47453,1.50,1.00
2015.10.19 08:13:01.011,1.47433,1.47465,1.12,1.12
2015.10.19 08:13:01.266,1.47434,1.47459,1.00,1.00
2015.10.19 08:13:01.319,1.47429,1.47459,1.00,1.00
2015.10.19 08:13:01.474,1.47428,1.47461,1.00,1.75
2015.10.19 08:13:02.430,1.47425,1.4746,1.50,1.75
2015.10.19 08:13:04.392,1.47421,1.4745,1.00,1.00
2015.10.19 08:13:04.600,1.47421,1.4745,1.37,1.00
2015.10.19 08:13:04.652,1.47424,1.47453,1.00,1.00
2015.10.19 08:13:04.909,1.47427,1.47453,1.00,1.00
2015.10.19 08:13:05.505,1.47429,1.47459,1.12,1.75
2015.10.19 08:13:07.178,1.47424,1.47456,1.75,1.00
2015.10.19 08:13:12.307,1.47424,1.47456,1.12,1.37
2015.10.19 08:13:12.363,1.47424,1.47454,1.12,1.12
2015.10.19 08:13:17.943,1.47425,1.47454,1.12,1.12
2015.10.19 08:13:18.452,1.47428,1.47454,1.00,1.00
2015.10.19 08:13:18.970,1.47425,1.47453,1.37,1.00
2015.10.19 08:13:19.072,1.47425,1.4745,1.37,1.00
2015.10.19 08:13:19.720,1.47422,1.4745,1.87,1.00
2015.10.19 08:13:19.772,1.47422,1.47447,1.37,1.00
2015.10.19 08:13:20.264,1.47422,1.47445,1.37,1.00
2015.10.19 08:13:20.722,1.47422,1.47443,1.00,1.00
2015.10.19 08:13:21.466,1.47422,1.47442,1.00,1.00
2015.10.19 08:13:21.823,1.47419,1.47442,1.00,1.00
2015.10.19 08:13:21.925,1.47419,1.4744,1.00,1.00
2015.10.19 08:13:22.131,1.47411,1.47438,1.12,1.00
2015.10.19 08:13:22.193,1.47411,1.47438,1.12,1.00
2015.10.19 08:13:23.078,1.47411,1.47442,1.37,1.75
2015.10.19 08:13:26.720,1.4741,1.47443,2.62,1.12
2015.10.19 08:13:29.049,1.47418,1.47447,1.00,1.50
2015.10.19 08:13:29.210,1.47416,1.47445,1.12,1.75
2015.10.19 08:13:29.517,1.4741,1.47438,1.50,1.12
2015.10.19 08:13:29.887,1.4741,1.47434,1.37,1.00
2015.10.19 08:13:29.939,1.47407,1.47438,1.50,1.75
2015.10.19 08:13:30.510,1.47411,1.4744,1.00,1.50
2015.10.19 08:13:30.951,1.47411,1.47444,1.87,1.75
2015.10.19 08:13:31.497,1.4741,1.47442,1.37,2.25
2015.10.19 08:13:31.549,1.47406,1.47435,1.87,1.50
2015.10.19 08:13:32.058,1.47404,1.47433,1.12,1.50
2015.10.19 08:13:33.913,1.47404,1.47432,1.12,1.00
2015.10.19 08:13:34.015,1.47404,1.47431,1.00,1.00
2015.10.19 08:13:36.564,1.47399,1.47429,1.87,1.12
2015.10.19 08:13:39.716,1.47399,1.47428,1.87,1.00
2015.10.19 08:13:39.869,1.47399,1.47428,1.37,1.75
2015.10.19 08:13:40.607,1.47399,1.47427,1.12,1.75
2015.10.19 08:13:41.209,1.47401,1.47428,1.00,1.75
2015.10.19 08:13:41.573,1.47405,1.47432,1.00,1.75
2015.10.19 08:13:41.625,1.47405,1.47432,1.00,1.50
2015.10.19 08:13:41.727,1.47408,1.4744,1.00,1.75
2015.10.19 08:13:41.830,1.47408,1.4744,1.75,1.50
2015.10.19 08:13:42.404,1.47411,1.4744,1.00,1.50
2015.10.19 08:13:42.455,1.47411,1.47437,1.00,1.00
2015.10.19 08:13:43.009,1.47411,1.47443,1.50,1.75
2015.10.19 08:13:43.060,1.47411,1.47443,2.25,1.50
2015.10.19 08:13:43.366,1.47411,1.47439,2.62,1.00
2015.10.19 08:13:43.570,1.47411,1.47439,1.12,1.12
2015.10.19 08:13:44.950,1.47411,1.4744,1.37,1.00
2015.10.19 08:13:45.938,1.47411,1.47442,1.87,1.37
2015.10.19 08:13:46.528,1.47411,1.4744,1.50,1.00
2015.10.19 08:13:47.216,1.47411,1.47438,1.50,1.00
2015.10.19 08:13:47.740,1.47408,1.47437,1.12,1.00
2015.10.19 08:13:47.791,1.47408,1.47437,1.12,1.00
2015.10.19 08:13:47.843,1.47407,1.47433,1.12,1.00
2015.10.19 08:13:47.996,1.47405,1.4743,1.00,1.00
2015.10.19 08:13:48.048,1.47402,1.4743,1.00,1.12
2015.10.19 08:13:48.732,1.474,1.4743,1.87,1.12
2015.10.19 08:13:53.316,1.47406,1.47432,1.00,1.50
2015.10.19 08:13:53.472,1.47401,1.47432,1.75,1.50
2015.10.19 08:13:54.321,1.474,1.4743,1.12,1.12
2015.10.19 08:13:56.288,1.47401,1.47427,1.50,1.00
2015.10.19 08:14:02.223,1.474,1.4743,1.87,1.12
2015.10.19 08:14:05.240,1.474,1.4743,1.12,1.75
2015.10.19 08:14:05.699,1.47398,1.47428,1.50,1.50
2015.10.19 08:14:11.821,1.47401,1.47431,1.12,1.12
2015.10.19 08:14:11.872,1.47402,1.47431,1.12,1.12
2015.10.19 08:14:12.401,1.47401,1.47432,1.12,1.87
2015.10.19 08:14:13.227,1.47401,1.4743,1.12,1.00
2015.10.19 08:14:15.238,1.47401,1.47432,1.12,1.87
2015.10.19 08:14:15.289,1.47407,1.47432,1.75,1.00
2015.10.19 08:14:15.340,1.47408,1.47439,1.75,1.37
2015.10.19 08:14:15.493,1.47414,1.47439,1.00,1.00
2015.10.19 08:14:15.646,1.47414,1.47442,1.50,1.00
2015.10.19 08:14:16.136,1.47411,1.47439,1.75,1.00
2015.10.19 08:14:16.187,1.47412,1.47439,1.00,1.00
2015.10.19 08:14:16.544,1.47412,1.47437,1.00,1.00
2015.10.19 08:14:17.057,1.47411,1.47437,1.00,1.00
2015.10.19 08:14:17.413,1.47408,1.47437,1.50,1.00
2015.10.19 08:14:17.938,1.47408,1.47436,1.50,1.00
2015.10.19 08:14:18.506,1.47408,1.47437,1.50,1.00
2015.10.19 08:14:20.498,1.47408,1.47436,1.50,1.00
2015.10.19 08:14:20.803,1.47407,1.47435,1.37,1.37
2015.10.19 08:14:21.784,1.47404,1.47432,1.12,1.00
2015.10.19 08:14:22.924,1.47404,1.47434,1.12,1.12
2015.10.19 08:14:23.461,1.47406,1.47438,1.37,1.75
2015.10.19 08:14:24.225,1.47406,1.47435,2.25,1.00
2015.10.19 08:14:24.944,1.47407,1.47436,1.12,1.00
2015.10.19 08:14:25.602,1.47407,1.47436,1.12,1.00
2015.10.19 08:14:26.110,1.47407,1.47436,1.12,1.00
2015.10.19 08:14:26.738,1.47407,1.47437,1.12,1.00
2015.10.19 08:14:27.385,1.47407,1.47438,1.12,1.00
2015.10.19 08:14:28.713,1.47407,1.4744,1.12,1.00
2015.10.19 08:14:29.088,1.47407,1.47438,1.12,1.00
2015.10.19 08:14:32.934,1.47408,1.4744,1.12,1.50
2015.10.19 08:14:33.341,1.47408,1.47436,1.12,1.00
2015.10.19 08:14:33.544,1.47403,1.47436,1.12,1.00
2015.10.19 08:14:35.207,1.47403,1.47436,1.12,1.37
2015.10.19 08:14:35.259,1.47404,1.47434,1.00,1.00
2015.10.19 08:14:40.939,1.47406,1.47434,1.00,1.00
2015.10.19 08:14:41.041,1.47404,1.47434,1.00,1.50
2015.10.19 08:14:41.868,1.47404,1.47434,1.37,1.00
2015.10.19 08:14:42.378,1.47404,1.47434,1.00,1.00
2015.10.19 08:14:42.581,1.47406,1.47434,1.00,1.00
2015.10.19 08:14:43.284,1.47404,1.47434,1.00,1.00
2015.10.19 08:14:44.265,1.47405,1.47434,1.00,1.00
2015.10.19 08:14:45.200,1.47409,1.47441,1.37,2.62
2015.10.19 08:14:45.256,1.47414,1.47447,1.37,1.75
2015.10.19 08:14:45.562,1.4741,1.47443,2.25,1.75
2015.10.19 08:14:46.665,1.4741,1.47443,2.62,1.75
2015.10.19 08:14:47.955,1.4741,1.47442,2.25,1.75
2015.10.19 08:14:48.261,1.4741,1.47434,1.87,1.00
2015.10.19 08:14:54.398,1.4741,1.47435,1.37,1.00
2015.10.19 08:14:56.471,1.47407,1.47437,1.87,1.37
2015.10.19 08:14:57.649,1.47412,1.47438,1.00,1.00
2015.10.19 08:14:58.240,1.47413,1.47439,1.37,1.00
2015.10.19 08:14:58.547,1.47415,1.47441,1.50,1.00
2015.10.19 08:14:59.076,1.47416,1.47441,1.00,1.00
2015.10.19 08:14:59.477,1.47415,1.47435,1.00,1.00
2015.10.19 08:15:00.436,1.47415,1.47437,1.00,1.00
2015.10.19 08:15:00.736,1.47415,1.47439,1.00,1.00
2015.10.19 08:15:01.275,1.47415,1.47438,1.00,1.00
2015.10.19 08:15:01.795,1.47415,1.47439,1.00,1.00
2015.10.19 08:15:03.335,1.47415,1.47441,1.00,1.00
2015.10.19 08:15:07.479,1.47416,1.47441,1.87,1.00
2015.10.19 08:15:07.582,1.47418,1.47445,1.00,1.00
2015.10.19 08:15:07.975,1.47415,1.47441,1.50,1.00
2015.10.19 08:15:08.488,1.47413,1.47441,1.75,1.00
2015.10.19 08:15:09.887,1.47413,1.47443,1.37,1.37
2015.10.19 08:15:14.892,1.47405,1.47434,1.50,1.50
2015.10.19 08:15:15.199,1.47398,1.47425,1.87,1.00
2015.10.19 08:15:15.528,1.47396,1.47422,1.50,1.00
2015.10.19 08:15:15.835,1.47396,1.4742,1.37,1.00
2015.10.19 08:15:16.365,1.47396,1.47421,1.37,1.50
2015.10.19 08:15:16.416,1.47396,1.47421,1.00,1.50
2015.10.19 08:15:16.468,1.47392,1.47421,1.87,1.00
2015.10.19 08:15:16.621,1.47392,1.47423,1.75,1.00
2015.10.19 08:15:17.316,1.47392,1.47419,1.00,1.12
2015.10.19 08:15:17.879,1.47392,1.47419,1.00,1.50
2015.10.19 08:15:17.932,1.47392,1.47419,1.00,1.75
2015.10.19 08:15:18.238,1.47387,1.47415,1.00,1.75
2015.10.19 08:15:18.671,1.47383,1.47415,1.00,3.00
2015.10.19 08:15:18.925,1.47381,1.47412,1.50,2.25
2015.10.19 08:15:19.028,1.47381,1.47414,1.50,1.75
2015.10.19 08:15:20.686,1.47381,1.47412,1.37,1.50
2015.10.19 08:15:20.737,1.47383,1.47412,1.12,1.50
2015.10.19 08:15:20.794,1.47386,1.47412,1.00,1.50
2015.10.19 08:15:20.896,1.47381,1.47409,1.75,1.00
2015.10.19 08:15:21.151,1.4738,1.47408,2.25,1.50
2015.10.19 08:15:22.341,1.47382,1.47411,1.00,1.37
2015.10.19 08:15:22.393,1.47385,1.47411,1.00,1.37
2015.10.19 08:15:22.649,1.47386,1.47413,1.00,1.00
2015.10.19 08:15:22.752,1.47391,1.47413,1.00,1.00
2015.10.19 08:15:23.474,1.47385,1.4741,1.87,1.00
2015.10.19 08:15:23.984,1.47385,1.4741,1.00,1.00
2015.10.19 08:15:25.198,1.47385,1.47411,1.12,1.00
2015.10.19 08:15:26.159,1.47385,1.4741,1.00,1.00
2015.10.19 08:15:26.926,1.47385,1.47409,1.00,1.00
2015.10.19 08:15:27.435,1.47385,1.4741,1.00,1.00
2015.10.19 08:15:27.908,1.47385,1.47408,1.00,1.00
2015.10.19 08:15:28.902,1.47386,1.47408,1.00,1.00
2015.10.19 08:15:29.563,1.47385,1.47408,1.00,1.00
2015.10.19 08:15:29.665,1.47385,1.47411,2.25,1.00
2015.10.19 08:15:29.818,1.47385,1.47413,1.75,1.00
2015.10.19 08:15:29.870,1.4739,1.47413,1.00,1.00
2015.10.19 08:15:30.374,1.47391,1.47416,1.12,1.00
2015.10.19 08:15:30.477,1.47391,1.4742,1.12,1.50
2015.10.19 08:15:30.528,1.47391,1.4742,1.50,1.37
2015.10.19 08:15:30.579,1.47391,1.47423,1.75,1.00
2015.10.19 08:15:30.986,1.47395,1.47425,1.50,1.12
2015.10.19 08:15:31.089,1.47401,1.47428,1.00,1.87
2015.10.19 08:15:32.099,1.47403,1.47427,1.00,1.00
2015.10.19 08:15:32.202,1.474,1.47427,1.00,1.00
2015.10.19 08:15:32.674,1.47403,1.47424,1.00,1.00
2015.10.19 08:15:32.726,1.474,1.47424,1.00,1.00
2015.10.19 08:15:33.099,1.47397,1.47422,1.00,1.00
2015.10.19 08:15:33.489,1.47397,1.4742,1.00,1.00
2015.10.19 08:15:34.006,1.47396,1.4742,1.12,1.00
2015.10.19 08:15:34.530,1.47395,1.47421,1.87,1.00
2015.10.19 08:15:35.607,1.47395,1.47423,1.87,1.00
2015.10.19 08:15:38.117,1.47396,1.47424,1.87,1.00
2015.10.19 08:15:39.499,1.47399,1.47424,1.00,1.00
2015.10.19 08:15:40.105,1.47396,1.47423,1.12,1.00
2015.10.19 08:15:40.622,1.47396,1.47424,1.12,1.00
2015.10.19 08:15:41.619,1.47396,1.47422,1.50,1.00
2015.10.19 08:15:42.215,1.47396,1.47418,1.50,1.00
2015.10.19 08:15:42.520,1.47391,1.47415,1.50,1.00
2015.10.19 08:15:43.453,1.47391,1.47417,1.50,1.00
2015.10.19 08:15:43.505,1.47391,1.47417,1.12,1.00
2015.10.19 08:15:44.290,1.4739,1.47417,1.12,1.12
2015.10.19 08:15:44.924,1.47391,1.47417,1.00,1.00
2015.10.19 08:15:45.333,1.47391,1.47421,1.50,1.00
2015.10.19 08:15:45.486,1.47393,1.47421,1.00,1.00
2015.10.19 08:15:45.844,1.47395,1.47421,1.00,1.00
2015.10.19 08:15:46.474,1.47396,1.47429,1.50,1.75
2015.10.19 08:15:46.630,1.47396,1.47429,2.25,1.75
2015.10.19 08:15:47.159,1.47401,1.47432,1.00,1.87
2015.10.19 08:15:47.465,1.47401,1.47434,1.75,1.37
2015.10.19 08:15:47.943,1.47404,1.47434,2.25,1.00
2015.10.19 08:15:48.616,1.47404,1.47435,2.25,1.87
2015.10.19 08:15:49.121,1.47406,1.47435,2.25,1.12
2015.10.19 08:15:49.645,1.47407,1.4744,1.75,1.37
2015.10.19 08:15:49.749,1.47416,1.47439,1.00,1.12
2015.10.19 08:15:50.056,1.47416,1.47442,1.00,1.00
2015.10.19 08:15:50.261,1.47416,1.47445,1.50,1.00
2015.10.19 08:15:50.314,1.47416,1.47449,1.50,1.37
2015.10.19 08:15:50.365,1.47417,1.47449,1.75,1.00
2015.10.19 08:15:50.906,1.47416,1.47448,1.75,1.00
2015.10.19 08:15:51.622,1.47418,1.47449,1.75,1.00
2015.10.19 08:15:52.571,1.47418,1.47451,1.75,1.50
2015.10.19 08:15:54.153,1.47418,1.47449,1.75,1.00
2015.10.19 08:15:59.425,1.47415,1.47445,3.00,1.00
2015.10.19 08:15:59.734,1.47416,1.47449,1.75,1.00
2015.10.19 08:16:00.482,1.47417,1.4745,1.75,1.12
2015.10.19 08:16:00.737,1.4742,1.47453,1.75,1.37
2015.10.19 08:16:00.942,1.47427,1.47461,2.25,1.75
2015.10.19 08:16:00.993,1.47427,1.47457,1.75,1.00
2015.10.19 08:16:01.147,1.47428,1.47461,1.75,1.00
2015.10.19 08:16:01.402,1.47431,1.47463,1.75,1.12
2015.10.19 08:16:01.847,1.47433,1.4746,1.00,1.00
2015.10.19 08:16:02.155,1.47433,1.47462,1.75,1.50
2015.10.19 08:16:02.258,1.47431,1.4746,1.00,1.00
2015.10.19 08:16:03.191,1.47431,1.47459,1.00,1.00
2015.10.19 08:16:03.568,1.47434,1.47464,1.75,1.12
2015.10.19 08:16:03.877,1.47433,1.47465,1.75,1.00
2015.10.19 08:16:04.030,1.47435,1.47468,1.75,1.50
2015.10.19 08:16:05.304,1.47435,1.47466,1.75,1.00
2015.10.19 08:16:05.848,1.47435,1.47465,1.75,1.00
2015.10.19 08:16:07.063,1.47435,1.47464,1.75,1.00
2015.10.19 08:16:07.381,1.47435,1.47468,1.75,1.12
2015.10.19 08:16:08.952,1.47435,1.47467,1.75,1.00
2015.10.19 08:16:09.003,1.47431,1.47465,3.75,1.00
2015.10.19 08:16:09.310,1.47416,1.47445,2.25,1.00
2015.10.19 08:16:09.464,1.47414,1.47445,1.75,1.37
2015.10.19 08:16:09.977,1.47414,1.47444,1.75,1.12
2015.10.19 08:16:11.634,1.47419,1.47448,1.00,2.25
2015.10.19 08:16:11.965,1.47416,1.47448,1.75,1.12
2015.10.19 08:16:12.017,1.47422,1.47451,1.00,1.00
2015.10.19 08:16:12.170,1.47421,1.47454,1.75,1.75
2015.10.19 08:16:12.222,1.47421,1.47454,1.75,1.37
2015.10.19 08:16:12.273,1.47418,1.47451,3.75,1.00
2015.10.19 08:16:13.013,1.47422,1.47452,1.75,1.12
2015.10.19 08:16:13.263,1.47422,1.47454,1.75,1.12
2015.10.19 08:16:14.649,1.47429,1.47457,1.00,1.12
2015.10.19 08:16:15.057,1.47426,1.47459,3.00,1.50
2015.10.19 08:16:15.109,1.47429,1.4746,1.75,1.00
2015.10.19 08:16:15.568,1.47431,1.47464,2.25,2.25
2015.10.19 08:16:16.529,1.47433,1.47464,3.00,1.00
2015.10.19 08:16:16.580,1.47441,1.47466,1.00,1.00
2015.10.19 08:16:18.032,1.47441,1.47466,1.00,1.37
2015.10.19 08:16:18.954,1.47441,1.47467,1.00,1.37
2015.10.19 08:16:19.541,1.47441,1.47469,1.00,1.50
2015.10.19 08:16:20.964,1.47437,1.47469,3.00,1.00
2015.10.19 08:16:21.501,1.47438,1.47473,1.75,2.25
2015.10.19 08:16:23.220,1.47438,1.47473,1.75,2.25
2015.10.19 08:16:25.935,1.47441,1.47473,1.75,1.50
2015.10.19 08:16:30.228,1.47441,1.47469,1.75,1.00
2015.10.19 08:16:32.889,1.47441,1.47469,1.50,1.12
2015.10.19 08:16:33.535,1.47441,1.47468,1.50,1.00
2015.10.19 08:16:34.711,1.47441,1.47467,1.00,1.00
2015.10.19 08:16:35.166,1.47431,1.47457,1.37,1.12
2015.10.19 08:16:35.217,1.47424,1.47457,2.25,1.50
2015.10.19 08:16:35.949,1.47425,1.4746,1.75,1.50
2015.10.19 08:16:36.000,1.4743,1.4746,1.12,1.50
2015.10.19 08:16:36.051,1.4743,1.47463,1.50,2.25
2015.10.19 08:16:36.103,1.47434,1.47463,1.00,1.00
2015.10.19 08:16:36.822,1.47435,1.47464,1.00,1.37
2015.10.19 08:16:37.480,1.47435,1.47464,1.00,1.50
2015.10.19 08:16:38.421,1.47434,1.4746,1.00,1.00
2015.10.19 08:16:38.525,1.47426,1.47459,1.75,1.75
2015.10.19 08:16:40.693,1.47425,1.4746,3.00,1.50
2015.10.19 08:16:41.968,1.47434,1.47462,1.75,1.37
2015.10.19 08:16:42.399,1.47434,1.47461,1.00,1.87
2015.10.19 08:16:42.553,1.47432,1.4746,1.00,1.87
2015.10.19 08:16:43.392,1.47426,1.47458,1.75,1.50
2015.10.19 08:16:43.698,1.47418,1.47451,1.75,1.87
2015.10.19 08:16:43.852,1.47417,1.47448,1.75,1.00
2015.10.19 08:16:44.357,1.47424,1.47453,1.00,1.75
2015.10.19 08:16:44.851,1.47424,1.47455,1.12,1.50
2015.10.19 08:16:48.165,1.47424,1.47455,1.50,1.37
2015.10.19 08:16:48.740,1.47424,1.47455,1.75,1.00
2015.10.19 08:16:49.250,1.47427,1.47459,2.25,1.12
2015.10.19 08:16:49.301,1.47427,1.4746,1.75,1.87
2015.10.19 08:16:49.352,1.47431,1.4746,1.00,1.87
2015.10.19 08:16:50.009,1.47431,1.4746,1.00,1.00
2015.10.19 08:16:53.485,1.47428,1.47461,1.37,2.25
2015.10.19 08:16:58.892,1.47431,1.4746,1.00,1.75
2015.10.19 08:16:59.660,1.4743,1.4746,1.00,1.75
2015.10.19 08:17:00.250,1.47431,1.4746,1.00,1.75
2015.10.19 08:17:00.352,1.47434,1.47462,1.37,1.00
2015.10.19 08:17:01.610,1.47436,1.4747,1.75,2.25
2015.10.19 08:17:02.369,1.47437,1.4747,1.75,1.50
2015.10.19 08:17:03.862,1.47439,1.4747,1.75,1.50
2015.10.19 08:17:05.563,1.47433,1.47463,1.75,1.00
2015.10.19 08:17:05.665,1.47436,1.47463,1.00,1.00
2015.10.19 08:17:05.871,1.47428,1.47462,1.75,1.12
2015.10.19 08:17:07.186,1.47429,1.47462,1.75,1.50
2015.10.19 08:17:07.664,1.47435,1.47462,1.00,1.50
2015.10.19 08:17:07.970,1.47435,1.47467,1.75,1.37
2015.10.19 08:17:09.085,1.47435,1.47466,1.75,1.37
2015.10.19 08:17:11.432,1.47435,1.47464,1.50,1.12
2015.10.19 08:17:11.882,1.47431,1.47464,1.75,1.12
2015.10.19 08:17:11.933,1.47428,1.47461,2.25,1.50
2015.10.19 08:17:12.456,1.47428,1.47459,1.75,1.00
2015.10.19 08:17:13.375,1.47434,1.47459,1.00,1.00
2015.10.19 08:17:14.407,1.47434,1.47462,1.00,1.75
2015.10.19 08:17:14.885,1.47442,1.4747,1.00,1.87
2015.10.19 08:17:14.939,1.47442,1.47471,1.00,1.37
2015.10.19 08:17:15.449,1.47442,1.47471,1.00,1.00
2015.10.19 08:17:17.104,1.47442,1.47471,1.00,1.37
2015.10.19 08:17:21.867,1.47442,1.47472,1.75,1.37
2015.10.19 08:17:22.268,1.47449,1.47474,1.00,1.37
2015.10.19 08:17:22.717,1.47449,1.47476,1.00,1.12
2015.10.19 08:17:23.225,1.47449,1.47475,1.00,1.00
2015.10.19 08:17:24.057,1.47449,1.47473,1.00,1.00
2015.10.19 08:17:24.624,1.47449,1.47474,1.00,1.00
2015.10.19 08:17:24.777,1.47443,1.47474,1.75,1.12
2015.10.19 08:17:25.370,1.47444,1.47475,1.00,2.25
2015.10.19 08:17:27.517,1.47446,1.47474,1.00,1.37
2015.10.19 08:17:28.052,1.47446,1.47474,1.00,1.37
2015.10.19 08:17:30.182,1.47446,1.47475,1.00,1.37
2015.10.19 08:17:31.159,1.47446,1.47476,1.00,1.37
2015.10.19 08:17:32.561,1.47446,1.47476,1.00,1.37
2015.10.19 08:17:33.298,1.47446,1.47469,1.00,1.00
2015.10.19 08:17:33.401,1.47443,1.47472,1.50,1.12
2015.10.19 08:17:35.352,1.47443,1.47472,1.50,1.00
2015.10.19 08:17:35.903,1.47443,1.47474,1.75,1.37
2015.10.19 08:17:36.248,1.47443,1.4747,1.75,1.00
2015.10.19 08:17:36.687,1.47443,1.4747,1.50,1.00
2015.10.19 08:17:37.485,1.47443,1.47472,1.50,1.00
2015.10.19 08:17:37.588,1.47443,1.47467,1.50,1.00
2015.10.19 08:17:37.690,1.47435,1.47467,1.75,1.37
2015.10.19 08:17:40.003,1.47435,1.47464,1.75,1.00
2015.10.19 08:17:40.106,1.47435,1.47464,1.12,1.75
2015.10.19 08:17:42.881,1.47435,1.47461,1.12,1.00
2015.10.19 08:17:43.784,1.47435,1.47464,1.12,1.75
2015.10.19 08:17:48.127,1.47436,1.47463,1.00,1.50
2015.10.19 08:17:48.932,1.47434,1.47463,1.37,1.50
2015.10.19 08:17:49.035,1.47434,1.4746,1.37,1.00
2015.10.19 08:17:49.543,1.47432,1.47459,1.87,1.00
2015.10.19 08:17:49.595,1.47432,1.47461,1.87,1.00
2015.10.19 08:17:50.127,1.47432,1.47459,1.87,1.00
2015.10.19 08:17:50.687,1.47432,1.47461,1.75,1.00
2015.10.19 08:17:51.135,1.47432,1.47459,1.75,1.00
2015.10.19 08:17:53.965,1.47432,1.4746,1.75,1.00
2015.10.19 08:17:56.353,1.47432,1.47462,1.75,1.12
2015.10.19 08:17:57.649,1.47432,1.47463,1.37,1.50
2015.10.19 08:17:59.248,1.47432,1.47463,1.37,1.12
2015.10.19 08:17:59.822,1.47432,1.47465,1.75,1.50
2015.10.19 08:18:05.126,1.47431,1.47463,2.25,1.50
2015.10.19 08:18:05.284,1.4743,1.47459,1.12,1.00
2015.10.19 08:18:07.034,1.47429,1.47458,1.50,1.00
2015.10.19 08:18:07.244,1.47432,1.47464,1.12,1.87
2015.10.19 08:18:07.296,1.47432,1.47464,1.50,1.87
2015.10.19 08:18:09.798,1.47432,1.47461,1.50,1.00
2015.10.19 08:18:15.548,1.47432,1.47462,1.50,1.12
2015.10.19 08:18:15.853,1.47436,1.47464,1.00,1.50
2015.10.19 08:18:17.244,1.47428,1.47461,1.75,1.37
2015.10.19 08:18:17.296,1.47427,1.47459,1.87,1.75
2015.10.19 08:18:20.449,1.47427,1.47458,1.50,1.75
2015.10.19 08:18:20.500,1.47427,1.47456,1.12,1.00
2015.10.19 08:18:21.814,1.47427,1.47455,1.00,1.00
2015.10.19 08:18:24.608,1.47427,1.47454,1.00,1.00
2015.10.19 08:18:26.268,1.47427,1.47456,1.00,1.00
2015.10.19 08:18:26.635,1.47427,1.47454,1.00,1.00
2015.10.19 08:18:27.171,1.47427,1.47454,1.37,1.00
2015.10.19 08:18:27.843,1.47429,1.47459,1.75,1.12
2015.10.19 08:18:29.953,1.4743,1.47463,2.25,1.87
2015.10.19 08:18:30.086,1.47431,1.47463,1.75,1.37
2015.10.19 08:18:30.138,1.47431,1.47463,1.75,1.00
2015.10.19 08:18:30.649,1.47431,1.47462,1.75,1.00
2015.10.19 08:18:31.285,1.47431,1.47463,1.75,1.50
2015.10.19 08:18:35.566,1.47436,1.47462,1.50,1.00
2015.10.19 08:18:40.635,1.47436,1.47462,1.50,1.00
2015.10.19 08:18:44.817,1.47439,1.47464,1.00,1.00
2015.10.19 08:18:45.391,1.47433,1.47467,1.87,2.25
2015.10.19 08:18:45.455,1.47436,1.47466,1.00,1.00
2015.10.19 08:18:46.705,1.47432,1.47466,3.00,1.12
2015.10.19 08:18:47.244,1.4744,1.47467,1.00,1.00
2015.10.19 08:18:49.660,1.4744,1.47466,1.00,1.00
2015.10.19 08:18:56.521,1.4744,1.47467,1.00,1.00
2015.10.19 08:18:57.241,1.4744,1.47469,1.00,1.50
2015.10.19 08:18:57.812,1.47441,1.4747,1.00,2.25
2015.10.19 08:18:58.076,1.47441,1.4747,1.75,1.50
2015.10.19 08:18:59.320,1.47441,1.47471,1.75,1.00
2015.10.19 08:19:00.001,1.47441,1.47472,1.75,1.00
2015.10.19 08:19:00.507,1.47441,1.47471,1.75,1.00
2015.10.19 08:19:13.134,1.47446,1.47471,1.00,1.00
2015.10.19 08:19:13.445,1.47441,1.47471,1.75,1.00
2015.10.19 08:19:13.813,1.47446,1.47471,1.00,1.00
2015.10.19 08:19:16.118,1.47442,1.47471,1.37,1.00
2015.10.19 08:19:16.437,1.47446,1.47471,1.00,1.00
2015.10.19 08:19:18.356,1.47443,1.47471,1.00,1.00
2015.10.19 08:19:19.388,1.47445,1.47471,1.00,1.12
2015.10.19 08:19:20.399,1.47441,1.47471,1.87,1.12
2015.10.19 08:19:23.336,1.4744,1.47471,1.87,1.12
2015.10.19 08:19:24.099,1.4744,1.4747,1.87,1.00
2015.10.19 08:19:25.847,1.47441,1.47471,1.50,1.12
2015.10.19 08:19:27.026,1.47441,1.4747,1.50,1.00
2015.10.19 08:19:27.575,1.4744,1.47471,1.87,1.12
2015.10.19 08:19:28.441,1.47448,1.47471,1.84,1.12
2015.10.19 08:19:28.751,1.47486,1.47498,1.12,1.87
2015.10.19 08:19:28.803,1.47486,1.47518,1.12,1.12
2015.10.19 08:19:28.854,1.47491,1.47518,1.00,1.12
2015.10.19 08:19:29.833,1.47486,1.47509,1.00,1.75
2015.10.19 08:19:29.887,1.47474,1.47507,3.00,1.75
2015.10.19 08:19:29.991,1.47474,1.47506,1.50,1.00
2015.10.19 08:19:30.044,1.47471,1.47506,2.25,1.50
2015.10.19 08:19:30.096,1.47471,1.47502,1.00,1.00
2015.10.19 08:19:30.252,1.47472,1.47504,1.00,1.00
2015.10.19 08:19:30.356,1.47474,1.47504,1.00,1.00
2015.10.19 08:19:30.408,1.47471,1.47504,1.50,1.00
2015.10.19 08:19:30.664,1.47475,1.47504,1.00,1.00
2015.10.19 08:19:31.196,1.47475,1.47503,1.00,1.00
2015.10.19 08:19:31.248,1.4747,1.47503,1.50,1.00
2015.10.19 08:19:31.359,1.47474,1.47504,1.00,1.00
2015.10.19 08:19:31.564,1.47474,1.47507,1.00,1.00
2015.10.19 08:19:32.826,1.47475,1.47508,1.50,1.00
2015.10.19 08:19:32.980,1.47479,1.47513,1.50,1.00
2015.10.19 08:19:33.031,1.47481,1.47515,1.00,1.75
2015.10.19 08:19:33.542,1.47481,1.47514,1.00,1.00
2015.10.19 08:19:34.258,1.47481,1.47513,1.00,1.00
2015.10.19 08:19:34.567,1.47479,1.47509,1.00,1.00
2015.10.19 08:19:35.100,1.47478,1.47508,1.00,1.00
2015.10.19 08:19:35.666,1.4748,1.47514,1.00,1.00
2015.10.19 08:19:35.718,1.47483,1.47516,1.00,1.12
2015.10.19 08:19:36.033,1.47497,1.47529,1.00,1.37
2015.10.19 08:19:36.186,1.47501,1.47534,1.00,1.50
2015.10.19 08:19:36.402,1.47499,1.47532,1.50,1.00
2015.10.19 08:19:37.036,1.47502,1.47535,1.00,1.12
2015.10.19 08:19:37.361,1.47501,1.47534,1.00,1.37
2015.10.19 08:19:37.870,1.47501,1.47534,1.00,1.12
2015.10.19 08:19:38.577,1.47501,1.47534,1.00,1.37
2015.10.19 08:19:38.883,1.47504,1.47534,1.00,1.37
2015.10.19 08:19:39.165,1.47504,1.47534,1.00,1.12
2015.10.19 08:19:40.706,1.47502,1.47534,1.00,1.12
2015.10.19 08:19:41.533,1.47503,1.47534,1.00,1.12
2015.10.19 08:19:42.877,1.47503,1.47534,1.00,1.37
2015.10.19 08:19:43.414,1.47502,1.47534,1.50,1.37
2015.10.19 08:19:43.983,1.47494,1.47524,1.37,1.00
2015.10.19 08:19:44.037,1.47491,1.47524,1.50,1.00
2015.10.19 08:19:44.242,1.47488,1.47523,1.12,1.00
2015.10.19 08:19:44.294,1.47486,1.47519,1.00,1.00
2015.10.19 08:19:44.816,1.47487,1.47519,1.00,1.00
2015.10.19 08:19:45.452,1.47486,1.47519,1.00,1.00
2015.10.19 08:19:45.765,1.47491,1.47524,1.00,1.50
2015.10.19 08:19:46.071,1.47494,1.47524,1.00,1.00
2015.10.19 08:19:46.123,1.47494,1.47527,1.00,1.37
2015.10.19 08:19:46.225,1.47495,1.47524,1.00,1.00
2015.10.19 08:19:46.772,1.47495,1.47519,1.00,1.00
2015.10.19 08:19:46.823,1.47491,1.47518,1.00,1.00
2015.10.19 08:19:46.874,1.47487,1.47518,1.50,1.00
2015.10.19 08:19:47.079,1.47487,1.47521,1.00,1.00
2015.10.19 08:19:47.130,1.47489,1.47521,1.00,1.00
2015.10.19 08:19:47.436,1.47487,1.47519,2.25,1.00
2015.10.19 08:19:48.279,1.47491,1.47522,1.12,1.00
2015.10.19 08:19:48.437,1.4749,1.47524,1.87,1.50
2015.10.19 08:19:48.591,1.47491,1.47524,1.12,1.00
2015.10.19 08:19:48.979,1.47492,1.47524,1.00,1.00
2015.10.19 08:19:49.185,1.47495,1.47525,1.00,1.00
2015.10.19 08:19:49.439,1.47493,1.47525,1.00,1.12
2015.10.19 08:19:50.140,1.47492,1.47524,1.50,1.00
2015.10.19 08:19:50.779,1.47492,1.47525,1.00,1.87
2015.10.19 08:19:54.302,1.47492,1.47524,1.00,1.37
2015.10.19 08:19:54.944,1.47493,1.47525,1.00,1.87
2015.10.19 08:19:57.297,1.47494,1.47524,1.00,1.37
2015.10.19 08:19:57.348,1.47494,1.47525,1.00,1.37
2015.10.19 08:19:58.131,1.47495,1.47525,1.00,1.37
2015.10.19 08:19:58.183,1.47497,1.47525,1.00,1.37
2015.10.19 08:19:58.591,1.47495,1.47524,1.00,1.37
2015.10.19 08:19:58.695,1.47493,1.47524,1.00,1.37
2015.10.19 08:19:59.014,1.47494,1.4752,1.00,1.00
2015.10.19 08:19:59.116,1.47493,1.47524,1.00,1.37
2015.10.19 08:19:59.273,1.47495,1.47524,1.00,1.37
2015.10.19 08:19:59.683,1.47496,1.47528,1.00,1.37
2015.10.19 08:19:59.836,1.47496,1.47529,1.34,1.37
2015.10.19 08:20:00.042,1.47507,1.47538,1.12,1.12
2015.10.19 08:20:00.094,1.47509,1.47538,1.00,1.12
2015.10.19 08:20:00.198,1.47509,1.47538,1.50,1.00
2015.10.19 08:20:01.751,1.47508,1.47534,1.75,1.00
2015.10.19 08:20:01.919,1.47506,1.47534,1.50,1.00
2015.10.19 08:20:01.971,1.47506,1.47534,1.75,1.00
2015.10.19 08:20:02.127,1.47505,1.47534,1.50,1.00
2015.10.19 08:20:02.922,1.47504,1.47535,1.75,1.12
2015.10.19 08:20:03.432,1.47503,1.47534,1.75,1.00
2015.10.19 08:20:03.941,1.47502,1.47535,2.25,1.00
2015.10.19 08:20:04.654,1.47502,1.47534,2.25,1.00
2015.10.19 08:20:05.399,1.47502,1.47535,2.25,1.12
2015.10.19 08:20:05.502,1.47503,1.47529,1.75,1.00
2015.10.19 08:20:06.206,1.47499,1.47529,1.75,1.12
2015.10.19 08:20:06.308,1.47496,1.47527,1.75,1.00
2015.10.19 08:20:06.614,1.47496,1.47525,3.00,1.00
2015.10.19 08:20:07.834,1.47506,1.47525,1.87,1.00
2015.10.19 08:20:07.889,1.47506,1.4753,1.75,1.37
2015.10.19 08:20:08.403,1.47504,1.47535,2.25,1.37
2015.10.19 08:20:09.795,1.47504,1.47534,2.25,1.37
2015.10.19 08:20:12.620,1.47504,1.47534,2.25,1.37
2015.10.19 08:20:13.469,1.47505,1.47534,1.75,1.75
2015.10.19 08:20:13.523,1.47505,1.47534,1.75,1.37
2015.10.19 08:20:14.088,1.47504,1.47529,1.50,1.00
2015.10.19 08:20:14.243,1.47501,1.47529,1.75,1.00
2015.10.19 08:20:14.295,1.47496,1.4753,3.00,1.87
2015.10.19 08:20:14.347,1.47496,1.4753,1.75,2.25
2015.10.19 08:20:15.177,1.47496,1.47524,1.75,1.00
2015.10.19 08:20:15.620,1.47495,1.4752,1.75,1.00
2015.10.19 08:20:15.875,1.47494,1.4752,1.00,1.50
2015.10.19 08:20:16.410,1.47494,1.47515,1.00,1.00
2015.10.19 08:20:17.175,1.4749,1.47514,1.50,1.00
2015.10.19 08:20:17.482,1.4749,1.47518,1.50,1.00
2015.10.19 08:20:17.533,1.4749,1.4752,1.50,1.87
2015.10.19 08:20:17.985,1.4749,1.47518,1.50,1.00
2015.10.19 08:20:18.300,1.4749,1.47514,1.50,1.00
2015.10.19 08:20:18.838,1.4749,1.47515,1.50,1.00
2015.10.19 08:20:19.387,1.4749,1.47519,1.75,1.37
2015.10.19 08:20:19.899,1.47494,1.47515,1.00,1.00
2015.10.19 08:20:22.085,1.47494,1.47521,1.00,1.37
2015.10.19 08:20:22.394,1.47507,1.47534,1.87,1.71
2015.10.19 08:20:22.971,1.47506,1.47539,1.75,2.21
2015.10.19 08:20:23.280,1.47507,1.47539,1.75,1.75
2015.10.19 08:20:24.393,1.47506,1.47539,1.75,2.25
2015.10.19 08:20:24.859,1.47509,1.47539,1.75,1.37
2015.10.19 08:20:25.167,1.47509,1.47543,1.75,1.75
2015.10.19 08:20:25.660,1.47512,1.4754,1.00,1.00
2015.10.19 08:20:27.576,1.47511,1.4754,1.00,1.00
2015.10.19 08:20:29.652,1.47512,1.4754,1.00,1.00
2015.10.19 08:20:31.816,1.47512,1.4754,1.00,1.37
2015.10.19 08:20:33.267,1.47512,1.4754,1.00,1.12
2015.10.19 08:20:35.003,1.47512,1.47539,1.00,1.00
2015.10.19 08:20:35.157,1.47505,1.47539,1.75,1.75
2015.10.19 08:20:35.209,1.47505,1.47538,1.75,1.12
2015.10.19 08:20:36.743,1.47511,1.47538,1.37,1.37
2015.10.19 08:20:36.795,1.47513,1.47545,1.75,1.37
2015.10.19 08:20:36.948,1.4752,1.47545,1.37,1.00
2015.10.19 08:20:37.000,1.4752,1.47551,1.75,1.75
2015.10.19 08:20:37.154,1.47521,1.47552,2.25,1.12
2015.10.19 08:20:37.573,1.47519,1.47544,1.75,1.00
2015.10.19 08:20:37.779,1.47511,1.47541,1.00,1.50
2015.10.19 08:20:38.298,1.47509,1.47542,1.50,2.25
2015.10.19 08:20:38.819,1.47511,1.47542,1.00,1.75
2015.10.19 08:20:39.327,1.47508,1.47542,1.75,2.25
2015.10.19 08:20:40.004,1.47511,1.47542,1.00,1.75
2015.10.19 08:20:41.346,1.47509,1.47542,1.50,2.25
2015.10.19 08:20:42.252,1.47508,1.47539,1.75,1.00
2015.10.19 08:20:42.707,1.47508,1.47538,1.37,1.37
2015.10.19 08:20:42.759,1.47507,1.47536,1.50,1.00
2015.10.19 08:20:45.248,1.47503,1.47538,1.50,1.75
2015.10.19 08:20:45.299,1.47503,1.47538,1.50,1.75
2015.10.19 08:20:46.416,1.47505,1.47536,1.00,1.75
2015.10.19 08:20:46.949,1.47503,1.47536,1.50,1.75
2015.10.19 08:20:47.051,1.47503,1.47537,1.87,2.25
2015.10.19 08:20:47.154,1.47498,1.47531,1.75,2.25
2015.10.19 08:20:47.590,1.47503,1.47535,1.00,1.75
2015.10.19 08:20:47.745,1.47506,1.47537,1.00,2.25
2015.10.19 08:20:47.797,1.47506,1.47537,1.50,1.37
2015.10.19 08:20:49.087,1.47521,1.47554,2.25,1.50
2015.10.19 08:20:49.139,1.47522,1.47554,1.75,1.50
2015.10.19 08:20:50.782,1.47522,1.47556,2.62,3.37
2015.10.19 08:20:51.037,1.47512,1.47539,1.00,1.00
2015.10.19 08:20:51.564,1.47513,1.47539,1.00,1.00
2015.10.19 08:20:52.488,1.47513,1.47543,2.25,1.00
2015.10.19 08:20:53.009,1.47513,1.47542,1.00,1.00
2015.10.19 08:20:54.561,1.47509,1.47542,1.37,1.37
2015.10.19 08:20:54.613,1.47509,1.47538,1.00,1.00
2015.10.19 08:20:55.122,1.47508,1.47538,2.25,1.00
2015.10.19 08:20:55.596,1.47502,1.47536,2.25,2.25
2015.10.19 08:20:55.901,1.47507,1.47538,1.00,1.75
2015.10.19 08:20:56.056,1.47503,1.47536,1.75,1.75
2015.10.19 08:20:58.517,1.47508,1.47538,1.00,1.75
2015.10.19 08:20:58.649,1.47503,1.47536,1.75,1.75
2015.10.19 08:20:59.663,1.47505,1.47538,1.00,3.00
2015.10.19 08:21:00.174,1.47506,1.47537,1.00,1.75
2015.10.19 08:21:00.677,1.47505,1.47537,1.00,1.75
2015.10.19 08:21:00.831,1.47506,1.47537,1.50,2.25
2015.10.19 08:21:01.227,1.47512,1.47541,1.87,1.37
2015.10.19 08:21:01.281,1.47512,1.47541,2.25,1.00
2015.10.19 08:21:01.794,1.47512,1.47544,1.75,1.75
2015.10.19 08:21:08.613,1.47512,1.47545,1.75,1.37
2015.10.19 08:21:08.665,1.47513,1.47546,1.75,1.00
2015.10.19 08:21:09.438,1.47517,1.47549,1.75,1.12
2015.10.19 08:21:11.445,1.47521,1.47549,1.00,1.12
2015.10.19 08:21:12.171,1.47521,1.47548,1.00,1.00
2015.10.19 08:21:17.649,1.47518,1.47548,1.00,1.50
2015.10.19 08:21:18.874,1.47519,1.47548,1.00,1.50
2015.10.19 08:21:19.972,1.47524,1.47548,1.00,1.00
2015.10.19 08:21:20.278,1.47529,1.47553,1.00,1.12
2015.10.19 08:21:20.826,1.47525,1.47554,1.75,1.37
2015.10.19 08:21:21.340,1.47525,1.47554,1.75,1.37
2015.10.19 08:21:22.952,1.47525,1.47554,1.75,1.12
2015.10.19 08:21:23.388,1.47526,1.47557,1.75,1.00
2015.10.19 08:21:23.440,1.4753,1.47557,1.37,1.00
2015.10.19 08:21:23.593,1.47532,1.47562,1.75,1.37
2015.10.19 08:21:23.645,1.47538,1.47563,1.00,1.50
2015.10.19 08:21:24.091,1.47538,1.4756,1.75,1.00
2015.10.19 08:21:24.620,1.47541,1.47565,1.00,1.37
2015.10.19 08:21:24.775,1.47538,1.47567,1.75,1.50
2015.10.19 08:21:25.508,1.47538,1.47567,1.75,1.12
2015.10.19 08:21:28.134,1.4754,1.47565,1.12,1.00
2015.10.19 08:21:28.909,1.47541,1.47569,1.00,1.75
2015.10.19 08:21:29.950,1.47544,1.47569,1.00,1.75
2015.10.19 08:21:30.256,1.47559,1.47584,1.75,1.37
2015.10.19 08:21:30.308,1.47559,1.47588,1.75,1.37
2015.10.19 08:21:30.575,1.47559,1.47588,1.75,1.12
2015.10.19 08:21:30.882,1.47562,1.47591,1.75,1.00
2015.10.19 08:21:31.394,1.47568,1.47592,1.87,1.00
2015.10.19 08:21:31.446,1.47576,1.47599,1.00,1.37
2015.10.19 08:21:32.104,1.47568,1.47599,1.75,1.87
2015.10.19 08:21:32.683,1.47568,1.47594,1.75,1.00
2015.10.19 08:21:33.058,1.47568,1.47599,1.75,1.37
2015.10.19 08:21:33.211,1.47568,1.47599,1.75,1.50
2015.10.19 08:21:34.823,1.47566,1.47595,1.00,1.00
2015.10.19 08:21:34.977,1.47564,1.47595,1.37,1.37
2015.10.19 08:21:35.029,1.47564,1.47595,1.12,1.12
2015.10.19 08:21:35.183,1.47562,1.47592,1.37,1.75
2015.10.19 08:21:35.236,1.47562,1.47589,1.00,1.00
2015.10.19 08:21:35.495,1.47564,1.47589,1.00,1.00
2015.10.19 08:21:37.189,1.47562,1.47589,1.00,1.00
2015.10.19 08:21:37.292,1.47564,1.47594,1.00,1.50
2015.10.19 08:21:37.802,1.47565,1.47594,1.00,1.87
2015.10.19 08:21:42.463,1.47564,1.47594,1.00,1.87
2015.10.19 08:21:42.565,1.47566,1.47594,1.00,1.12
2015.10.19 08:21:43.157,1.47569,1.47594,1.00,1.00
2015.10.19 08:21:43.503,1.47571,1.47594,1.00,1.00
2015.10.19 08:21:47.235,1.47574,1.47601,1.00,1.12
2015.10.19 08:21:49.056,1.47576,1.47601,1.00,1.12
2015.10.19 08:21:51.321,1.47577,1.47603,1.00,1.12
2015.10.19 08:21:53.422,1.47574,1.47603,1.00,1.12
2015.10.19 08:21:53.728,1.47574,1.47603,1.00,1.87
2015.10.19 08:21:53.780,1.47571,1.47597,1.00,1.00
2015.10.19 08:21:54.517,1.47569,1.47597,1.00,1.00
2015.10.19 08:21:54.773,1.47567,1.47597,1.00,1.00
2015.10.19 08:21:55.442,1.4757,1.47599,1.00,1.00
2015.10.19 08:21:55.785,1.47575,1.47604,1.00,1.50
2015.10.19 08:21:55.836,1.47575,1.47605,1.37,1.00
2015.10.19 08:21:55.990,1.4758,1.47608,1.12,1.00
2015.10.19 08:21:56.143,1.4758,1.47609,1.37,1.50
2015.10.19 08:21:56.630,1.47582,1.47609,1.37,1.87
2015.10.19 08:21:56.682,1.47577,1.47604,1.00,1.00
2015.10.19 08:21:56.733,1.47574,1.47604,1.50,1.00
2015.10.19 08:21:57.142,1.47574,1.47607,1.50,1.75
2015.10.19 08:21:58.353,1.47576,1.47609,1.37,1.37
2015.10.19 08:21:58.405,1.47578,1.47611,1.50,1.00
2015.10.19 08:21:58.508,1.47579,1.47613,1.00,1.00
2015.10.19 08:21:59.792,1.4758,1.47615,1.00,1.50
2015.10.19 08:22:00.572,1.47579,1.47613,1.00,1.00
2015.10.19 08:22:01.432,1.4758,1.47615,1.00,1.50
2015.10.19 08:22:01.483,1.47578,1.47611,1.00,1.00
2015.10.19 08:22:01.833,1.4758,1.47614,1.00,1.37
2015.10.19 08:22:02.350,1.47579,1.47613,1.00,1.12
2015.10.19 08:22:02.863,1.47577,1.47611,1.00,1.00
2015.10.19 08:22:02.915,1.47577,1.47613,1.00,1.12
2015.10.19 08:22:03.220,1.47576,1.47611,1.00,1.00
2015.10.19 08:22:03.548,1.47575,1.47608,1.00,1.00
2015.10.19 08:22:04.480,1.47576,1.4761,1.00,1.00
2015.10.19 08:22:04.532,1.47576,1.47612,1.00,1.00
2015.10.19 08:22:04.670,1.47575,1.4761,1.00,1.00
2015.10.19 08:22:05.009,1.47571,1.47604,1.00,1.00
2015.10.19 08:22:05.060,1.47571,1.47606,1.00,1.00
2015.10.19 08:22:05.214,1.47573,1.47606,1.00,1.00
2015.10.19 08:22:05.900,1.47578,1.47606,1.00,1.00
2015.10.19 08:22:05.951,1.47582,1.47611,1.00,1.00
2015.10.19 08:22:06.104,1.47578,1.47611,1.50,1.00
2015.10.19 08:22:06.206,1.47576,1.47611,1.50,1.00
2015.10.19 08:22:06.410,1.47578,1.47612,1.00,1.12
2015.10.19 08:22:06.722,1.4758,1.47613,1.00,1.37
2015.10.19 08:22:07.631,1.4758,1.47613,1.00,1.00
2015.10.19 08:22:08.056,1.47578,1.47613,1.50,1.00
2015.10.19 08:22:08.209,1.4758,1.47615,1.00,1.50
2015.10.19 08:22:09.548,1.4758,1.47614,1.50,1.00
2015.10.19 08:22:10.549,1.47581,1.47614,1.00,1.00
2015.10.19 08:22:11.091,1.47579,1.47614,1.00,1.50
2015.10.19 08:22:12.923,1.47579,1.47614,1.00,1.87
2015.10.19 08:22:13.459,1.4758,1.47613,1.00,1.12
2015.10.19 08:22:14.885,1.47579,1.47614,1.00,1.87
2015.10.19 08:22:15.252,1.47579,1.47609,1.00,1.00
2015.10.19 08:22:20.489,1.47578,1.47609,1.00,1.00
2015.10.19 08:22:21.573,1.47576,1.47609,1.87,1.00
2015.10.19 08:22:22.093,1.47578,1.47609,1.50,1.00
2015.10.19 08:22:22.420,1.47578,1.47604,1.00,1.00
2015.10.19 08:22:22.876,1.47569,1.47598,1.34,1.00
2015.10.19 08:22:22.938,1.47565,1.47598,1.37,1.00
2015.10.19 08:22:23.042,1.47559,1.47594,1.87,1.00
2015.10.19 08:22:23.247,1.47556,1.47589,1.37,1.50
2015.10.19 08:22:23.605,1.47552,1.47587,1.37,1.00
2015.10.19 08:22:24.303,1.47552,1.47587,1.87,1.00
2015.10.19 08:22:24.815,1.47556,1.47587,1.00,1.00
2015.10.19 08:22:25.020,1.47556,1.47589,1.00,1.50
2015.10.19 08:22:25.224,1.47556,1.47587,1.00,1.00
2015.10.19 08:22:26.064,1.47556,1.47588,1.00,1.00
2015.10.19 08:22:26.372,1.47556,1.47588,1.12,1.75
2015.10.19 08:22:36.315,1.47556,1.47585,1.00,1.75
2015.10.19 08:22:36.418,1.47553,1.47584,1.00,1.75
2015.10.19 08:22:36.569,1.47553,1.47583,1.00,1.50
2015.10.19 08:22:36.679,1.47553,1.47588,1.50,1.87
2015.10.19 08:22:37.097,1.47552,1.47585,1.50,1.00
2015.10.19 08:22:37.404,1.47547,1.47579,1.00,1.00
2015.10.19 08:22:37.710,1.47545,1.47577,1.00,1.00
2015.10.19 08:22:38.067,1.47545,1.47575,1.00,1.00
2015.10.19 08:22:38.572,1.47544,1.47573,1.00,1.00
2015.10.19 08:22:39.119,1.47543,1.47573,1.00,1.00
2015.10.19 08:22:40.089,1.47543,1.47571,1.00,1.00
2015.10.19 08:22:40.951,1.47543,1.4757,1.00,1.00
2015.10.19 08:22:41.525,1.4754,1.4756,1.00,1.00
2015.10.19 08:22:41.577,1.47525,1.47555,1.37,1.00
2015.10.19 08:22:41.629,1.47524,1.47554,1.00,1.00
2015.10.19 08:22:41.731,1.47522,1.47553,1.00,1.00
2015.10.19 08:22:43.073,1.47528,1.47556,1.00,1.00
2015.10.19 08:22:43.737,1.47528,1.47558,1.00,1.00
2015.10.19 08:22:44.942,1.4753,1.47556,1.00,1.00
2015.10.19 08:22:45.230,1.4753,1.47558,1.00,1.00
2015.10.19 08:22:46.911,1.47531,1.47558,1.00,1.00
2015.10.19 08:22:47.238,1.47531,1.47562,1.00,1.00
2015.10.19 08:22:50.912,1.47531,1.47559,1.00,1.00
2015.10.19 08:22:53.041,1.47531,1.47559,1.00,1.37
2015.10.19 08:22:53.578,1.4753,1.47559,1.00,1.75
2015.10.19 08:22:55.369,1.47528,1.47561,1.50,1.75
2015.10.19 08:22:56.488,1.47527,1.47559,1.00,2.25
2015.10.19 08:22:56.896,1.4752,1.47553,1.75,1.75
2015.10.19 08:22:57.152,1.47519,1.4755,1.50,1.37
2015.10.19 08:22:57.204,1.47519,1.4755,1.50,1.75
2015.10.19 08:23:05.268,1.47522,1.4755,1.00,1.75
2015.10.19 08:23:05.575,1.47506,1.47535,1.00,1.75
2015.10.19 08:23:05.972,1.47498,1.47525,1.00,1.75
2015.10.19 08:23:06.027,1.47495,1.47525,1.50,1.75
2015.10.19 08:23:06.541,1.47491,1.47525,1.12,1.75
2015.10.19 08:23:12.720,1.47491,1.4752,1.50,1.00
2015.10.19 08:23:13.422,1.47486,1.47521,1.37,1.75
2015.10.19 08:23:13.957,1.47484,1.47517,1.87,1.75
2015.10.19 08:23:14.111,1.47485,1.47516,1.00,1.75
2015.10.19 08:23:15.310,1.47486,1.4752,1.00,1.75
2015.10.19 08:23:17.065,1.47484,1.4752,1.87,1.75
2015.10.19 08:23:18.033,1.47484,1.47518,1.75,1.75
2015.10.19 08:23:20.387,1.47485,1.47514,1.00,1.00
2015.10.19 08:23:25.685,1.47481,1.47515,2.25,2.25
2015.10.19 08:23:25.737,1.47482,1.47511,1.00,1.00
2015.10.19 08:23:32.138,1.47481,1.47515,1.75,2.25
2015.10.19 08:23:32.196,1.47483,1.47514,1.75,1.12
2015.10.19 08:23:35.233,1.47483,1.47509,1.75,1.00
2015.10.19 08:23:35.285,1.47479,1.47509,1.00,1.75
2015.10.19 08:23:35.780,1.47479,1.4751,1.00,1.00
2015.10.19 08:23:36.288,1.4748,1.4751,1.00,1.00
2015.10.19 08:23:36.442,1.4748,1.47514,1.00,2.25
2015.10.19 08:23:36.832,1.47482,1.47514,1.00,1.00
2015.10.19 08:23:37.293,1.47484,1.47515,1.00,1.00
2015.10.19 08:23:37.550,1.47485,1.4752,1.00,1.00
2015.10.19 08:23:37.840,1.47485,1.47515,1.00,1.00
2015.10.19 08:23:38.301,1.47484,1.47517,1.00,1.00
2015.10.19 08:23:38.403,1.47486,1.47519,1.00,1.00
2015.10.19 08:23:38.893,1.47489,1.47519,1.00,1.00
2015.10.19 08:23:39.271,1.47487,1.47519,1.00,1.00
2015.10.19 08:23:41.004,1.47485,1.47519,1.12,1.00
2015.10.19 08:23:42.690,1.47485,1.4752,1.12,1.50
2015.10.19 08:23:44.531,1.47484,1.47519,1.00,1.00
2015.10.19 08:23:45.133,1.47484,1.47519,1.37,1.00
2015.10.19 08:23:45.680,1.47484,1.47519,1.37,1.00
2015.10.19 08:23:51.177,1.47485,1.4752,1.37,1.50
2015.10.19 08:23:51.279,1.47489,1.47519,1.00,1.00
2015.10.19 08:23:51.848,1.47485,1.47518,1.00,1.00
2015.10.19 08:23:52.107,1.47483,1.47518,1.00,1.00
2015.10.19 08:23:52.261,1.47483,1.47516,1.00,1.00
2015.10.19 08:23:52.568,1.47476,1.47509,1.12,1.00
2015.10.19 08:23:53.580,1.47476,1.47511,1.00,1.00
2015.10.19 08:23:55.475,1.47478,1.47512,1.00,1.50
2015.10.19 08:23:56.231,1.47477,1.47511,1.00,1.00
2015.10.19 08:23:57.165,1.47477,1.47513,1.00,1.50
2015.10.19 08:23:57.721,1.47476,1.47512,1.12,1.00
2015.10.19 08:23:58.692,1.47479,1.47512,1.00,1.00
2015.10.19 08:24:00.958,1.4748,1.47515,1.00,1.50
2015.10.19 08:24:01.704,1.47481,1.47514,1.00,1.00
2015.10.19 08:24:01.807,1.47483,1.47515,1.00,1.00
2015.10.19 08:24:01.859,1.47483,1.47517,1.00,1.00
2015.10.19 08:24:02.012,1.47482,1.47515,1.00,1.00
2015.10.19 08:24:02.320,1.47484,1.47516,1.00,1.00
2015.10.19 08:24:03.002,1.47492,1.47521,1.00,1.12
2015.10.19 08:24:03.106,1.47492,1.47524,1.50,1.12
2015.10.19 08:24:03.564,1.47492,1.47526,1.00,1.00
2015.10.19 08:24:04.182,1.47494,1.47528,1.00,1.50
2015.10.19 08:24:04.498,1.47497,1.47529,1.00,1.00
2015.10.19 08:24:04.651,1.47495,1.47529,1.00,1.50
2015.10.19 08:24:04.753,1.47499,1.47529,1.00,1.00
2015.10.19 08:24:04.907,1.47495,1.47526,1.00,1.00
2015.10.19 08:24:05.973,1.47491,1.47525,1.87,1.00
2015.10.19 08:24:06.509,1.47491,1.47524,1.00,1.00
2015.10.19 08:24:07.645,1.47492,1.47525,1.00,1.00
2015.10.19 08:24:08.185,1.47493,1.47524,1.00,1.00
2015.10.19 08:24:08.793,1.47491,1.47525,1.50,1.00
2015.10.19 08:24:09.363,1.47492,1.47525,1.00,1.00
2015.10.19 08:24:10.464,1.47492,1.47524,1.00,1.00
2015.10.19 08:24:11.008,1.47491,1.47524,1.00,1.50
2015.10.19 08:24:12.280,1.47491,1.47523,1.00,1.00
2015.10.19 08:24:12.484,1.47488,1.47523,1.87,1.00
2015.10.19 08:24:12.995,1.47489,1.47524,1.12,1.50
2015.10.19 08:24:13.806,1.47489,1.47522,1.12,1.00
2015.10.19 08:24:14.474,1.47488,1.47521,1.37,1.00
2015.10.19 08:24:15.080,1.47488,1.47521,1.00,1.00
2015.10.19 08:24:15.684,1.47488,1.47521,1.37,1.00
2015.10.19 08:24:15.991,1.47488,1.47519,1.00,1.00
2015.10.19 08:24:17.032,1.47484,1.47517,1.00,1.00
2015.10.19 08:24:17.581,1.47485,1.47518,1.00,1.00
2015.10.19 08:24:17.973,1.47484,1.47515,1.00,1.00
2015.10.19 08:24:18.633,1.47479,1.47514,1.12,1.50
2015.10.19 08:24:18.786,1.47481,1.47514,1.00,1.00
2015.10.19 08:24:19.092,1.47482,1.47509,1.00,1.00
2015.10.19 08:24:19.245,1.47482,1.47514,1.00,1.00
2015.10.19 08:24:20.019,1.47481,1.47514,1.00,2.25
2015.10.19 08:24:20.070,1.47478,1.47509,1.00,1.50
2015.10.19 08:24:20.379,1.47477,1.47504,1.00,1.00
2015.10.19 08:24:20.583,1.47473,1.47504,1.00,1.00
2015.10.19 08:24:21.097,1.47473,1.47505,1.00,1.00
2015.10.19 08:24:21.697,1.47473,1.47507,1.00,1.50
2015.10.19 08:24:21.953,1.47471,1.47506,1.50,1.00
2015.10.19 08:24:22.156,1.47472,1.47503,1.00,1.00
2015.10.19 08:24:22.909,1.4747,1.47502,1.00,1.00
2015.10.19 08:24:23.061,1.47472,1.47502,1.00,1.00
2015.10.19 08:24:23.510,1.47472,1.47498,1.00,2.62
2015.10.19 08:24:23.561,1.47463,1.47491,1.00,1.00
2015.10.19 08:24:23.985,1.47457,1.47492,1.87,1.75
2015.10.19 08:24:24.088,1.47454,1.47488,1.00,1.75
2015.10.19 08:24:24.140,1.47456,1.47487,1.00,1.75
2015.10.19 08:24:24.446,1.47453,1.47484,1.12,1.75
2015.10.19 08:24:24.989,1.47454,1.47484,1.00,1.75
2015.10.19 08:24:25.781,1.47453,1.47486,1.87,1.75
2015.10.19 08:24:27.007,1.47454,1.47487,1.00,2.25
2015.10.19 08:24:27.396,1.4745,1.47481,1.00,1.75
2015.10.19 08:24:27.604,1.47452,1.47484,1.00,2.25
2015.10.19 08:24:27.706,1.47452,1.47484,1.50,2.25
2015.10.19 08:24:27.909,1.47458,1.47485,1.00,1.12
2015.10.19 08:24:28.831,1.47462,1.47491,1.00,1.00
2015.10.19 08:24:32.521,1.47465,1.47495,1.00,1.00
2015.10.19 08:24:37.001,1.47467,1.47495,1.00,1.00
2015.10.19 08:24:37.514,1.47466,1.47499,1.12,1.75
2015.10.19 08:24:41.726,1.47467,1.47499,1.00,1.75
2015.10.19 08:24:42.256,1.47465,1.47495,1.00,1.50
2015.10.19 08:24:42.358,1.47462,1.47495,1.50,1.50
2015.10.19 08:24:42.984,1.47463,1.47495,1.00,1.00
2015.10.19 08:24:43.587,1.47462,1.47495,1.00,1.50
2015.10.19 08:24:44.129,1.47462,1.47494,1.00,1.00
2015.10.19 08:24:45.141,1.47462,1.47495,1.00,1.50
2015.10.19 08:24:45.500,1.47464,1.47496,1.00,1.00
2015.10.19 08:24:45.811,1.47466,1.47496,1.00,1.00
2015.10.19 08:24:46.905,1.47463,1.47496,1.37,1.50
2015.10.19 08:24:47.243,1.47469,1.475,1.00,1.00
2015.10.19 08:24:47.345,1.47469,1.47503,1.00,1.12
2015.10.19 08:24:47.855,1.4747,1.47504,1.00,1.50
2015.10.19 08:24:48.269,1.4747,1.475,1.00,1.00
2015.10.19 08:24:48.422,1.47468,1.47501,1.00,1.00
2015.10.19 08:24:48.628,1.47467,1.47499,1.00,1.00
2015.10.19 08:24:49.138,1.47467,1.475,1.50,1.00
2015.10.19 08:24:49.679,1.47476,1.47507,1.00,1.37
2015.10.19 08:24:49.985,1.4748,1.47509,1.00,1.00
2015.10.19 08:24:51.683,1.47479,1.47509,1.00,1.00
2015.10.19 08:24:52.326,1.47481,1.47509,1.00,1.00
2015.10.19 08:24:52.949,1.4748,1.47509,1.00,1.00
2015.10.19 08:24:54.615,1.4748,1.47504,1.00,1.00
2015.10.19 08:24:54.769,1.47478,1.4751,1.00,1.87
2015.10.19 08:24:54.871,1.47482,1.47505,1.00,1.00
2015.10.19 08:24:54.974,1.47482,1.47509,1.00,1.00
2015.10.19 08:24:55.434,1.4748,1.47509,1.00,1.00
2015.10.19 08:24:55.860,1.47477,1.47509,1.50,1.00
2015.10.19 08:24:55.912,1.47477,1.47513,1.50,1.87
2015.10.19 08:24:56.065,1.47482,1.47513,1.00,1.37
2015.10.19 08:24:56.219,1.47482,1.47513,1.00,1.00
2015.10.19 08:24:56.476,1.47482,1.47507,1.00,1.00
2015.10.19 08:24:56.579,1.47476,1.47505,1.00,1.00
2015.10.19 08:24:56.634,1.47472,1.47505,1.12,1.00
2015.10.19 08:24:57.132,1.47472,1.47503,1.00,1.00
2015.10.19 08:24:57.443,1.47474,1.47504,1.00,1.00
2015.10.19 08:24:57.894,1.47474,1.47501,1.00,1.00
2015.10.19 08:24:58.570,1.47474,1.475,1.00,1.00
2015.10.19 08:24:59.375,1.47474,1.47502,1.00,1.00
2015.10.19 08:24:59.426,1.47467,1.475,1.12,1.00
2015.10.19 08:24:59.939,1.4747,1.47503,1.00,1.00
2015.10.19 08:25:00.399,1.47471,1.47501,1.00,1.00
2015.10.19 08:25:00.451,1.47469,1.47501,1.00,1.00
2015.10.19 08:25:00.553,1.47467,1.47501,1.50,1.00
2015.10.19 08:25:00.656,1.47469,1.47501,1.00,1.00
2015.10.19 08:25:01.172,1.47468,1.47501,1.00,1.00
2015.10.19 08:25:01.485,1.47471,1.47504,1.00,1.00
2015.10.19 08:25:02.004,1.47471,1.47503,1.00,1.00
2015.10.19 08:25:03.117,1.47471,1.47502,1.00,1.00
2015.10.19 08:25:03.169,1.47467,1.475,1.00,1.00
2015.10.19 08:25:05.083,1.47467,1.47501,1.00,1.00
2015.10.19 08:25:05.186,1.47467,1.47499,1.00,1.00
2015.10.19 08:25:05.493,1.47467,1.47496,1.00,1.00
2015.10.19 08:25:06.165,1.4746,1.4749,1.00,1.00
2015.10.19 08:25:06.217,1.47462,1.47489,1.00,1.00
2015.10.19 08:25:06.760,1.47462,1.4749,1.00,1.50
2015.10.19 08:25:08.072,1.47462,1.47489,1.00,1.00
2015.10.19 08:25:10.179,1.47462,1.47491,1.00,1.00
2015.10.19 08:25:10.334,1.47459,1.47491,1.00,1.00
2015.10.19 08:25:10.974,1.47459,1.4749,1.12,1.50
2015.10.19 08:25:11.483,1.4746,1.47489,1.00,1.00
2015.10.19 08:25:12.015,1.4746,1.4749,1.00,1.00
2015.10.19 08:25:12.709,1.4746,1.47489,1.00,1.00
2015.10.19 08:25:16.951,1.4746,1.4749,1.00,1.50
2015.10.19 08:25:18.238,1.4746,1.47485,1.00,1.00
2015.10.19 08:25:18.391,1.4746,1.47489,1.00,1.00
2015.10.19 08:25:19.745,1.4746,1.4749,1.00,1.00
2015.10.19 08:25:20.181,1.4746,1.47484,1.00,1.00
2015.10.19 08:25:20.783,1.4746,1.47485,1.00,1.00
2015.10.19 08:25:21.492,1.4746,1.47484,1.00,1.00
2015.10.19 08:25:23.457,1.4746,1.47485,1.00,1.00
2015.10.19 08:25:23.814,1.4746,1.4749,1.00,1.50
2015.10.19 08:25:23.866,1.4746,1.4749,1.12,1.37
2015.10.19 08:25:24.432,1.47469,1.47494,1.00,1.37
2015.10.19 08:25:24.484,1.47469,1.47495,1.00,1.12
2015.10.19 08:25:24.535,1.47467,1.47495,1.12,1.12
2015.10.19 08:25:24.790,1.47466,1.47494,1.12,1.37
2015.10.19 08:25:25.147,1.47466,1.4749,1.00,1.00
2015.10.19 08:25:26.476,1.47464,1.4749,1.00,1.12
2015.10.19 08:25:27.013,1.47463,1.4749,1.00,1.12
2015.10.19 08:25:27.525,1.47463,1.47489,1.00,1.00
2015.10.19 08:25:28.540,1.47463,1.47485,1.00,1.00
2015.10.19 08:25:28.772,1.4746,1.47484,1.12,1.00
2015.10.19 08:25:29.580,1.4746,1.47485,1.12,1.00
2015.10.19 08:25:32.379,1.4746,1.47484,1.12,1.00
2015.10.19 08:25:33.272,1.47454,1.47479,2.25,1.00
2015.10.19 08:25:33.323,1.47454,1.47479,1.37,1.00
2015.10.19 08:25:33.477,1.47454,1.47474,1.00,1.00
2015.10.19 08:25:33.681,1.47452,1.47474,1.00,1.00
2015.10.19 08:25:34.474,1.47439,1.47455,1.00,1.00
2015.10.19 08:25:34.526,1.47432,1.47455,1.12,1.00
2015.10.19 08:25:34.577,1.47428,1.47454,1.12,1.00
2015.10.19 08:25:34.629,1.47429,1.47454,1.37,1.00
2015.10.19 08:25:35.138,1.47427,1.47455,1.50,1.00
2015.10.19 08:25:36.111,1.47425,1.47454,1.75,1.00
2015.10.19 08:25:41.190,1.47428,1.4746,1.37,2.25
2015.10.19 08:25:41.293,1.4743,1.4746,1.00,1.50
2015.10.19 08:25:41.979,1.4743,1.47459,1.00,1.00
2015.10.19 08:25:42.631,1.4743,1.47454,1.00,1.00
2015.10.19 08:25:43.140,1.47431,1.47454,1.00,1.00
2015.10.19 08:25:43.729,1.47431,1.4746,1.00,1.00
2015.10.19 08:25:44.028,1.47431,1.47454,1.00,1.00
2015.10.19 08:25:44.351,1.47431,1.47459,1.00,1.00
2015.10.19 08:25:47.837,1.47432,1.47459,1.00,1.00
2015.10.19 08:25:50.272,1.47434,1.47459,1.00,1.00
2015.10.19 08:25:50.324,1.47434,1.47464,1.50,1.00
2015.10.19 08:25:51.533,1.47435,1.47469,1.00,1.00
2015.10.19 08:25:52.094,1.47435,1.47468,1.00,1.00
2015.10.19 08:25:52.197,1.47434,1.47464,1.50,1.00
2015.10.19 08:25:53.164,1.47435,1.47464,1.00,1.00
2015.10.19 08:25:55.441,1.47434,1.47464,1.00,1.00
2015.10.19 08:25:56.317,1.47434,1.47465,1.50,1.00
2015.10.19 08:25:56.836,1.47434,1.47464,1.50,1.00
2015.10.19 08:26:00.634,1.47434,1.47465,1.00,1.50
2015.10.19 08:26:00.685,1.47432,1.47465,1.00,1.50
2015.10.19 08:26:00.736,1.47426,1.47459,1.87,1.00
2015.10.19 08:26:01.042,1.47429,1.47455,1.00,1.00
2015.10.19 08:26:01.094,1.47429,1.47458,1.00,1.00
2015.10.19 08:26:01.510,1.47429,1.47457,1.12,1.50
2015.10.19 08:26:03.374,1.47427,1.47458,1.75,1.00
2015.10.19 08:26:04.959,1.47428,1.47458,1.37,1.37
2015.10.19 08:26:05.011,1.47426,1.47458,1.75,1.75
2015.10.19 08:26:08.591,1.47424,1.47454,1.75,1.00
2015.10.19 08:26:08.694,1.47424,1.47454,1.50,1.12
2015.10.19 08:26:09.199,1.47426,1.47454,1.00,1.12
2015.10.19 08:26:09.709,1.47427,1.47458,1.00,1.75
2015.10.19 08:26:10.185,1.47422,1.47454,1.12,1.12
2015.10.19 08:26:10.236,1.47422,1.47456,1.87,1.75
2015.10.19 08:26:10.746,1.47423,1.47456,1.00,1.75
2015.10.19 08:26:16.069,1.47423,1.47428,1.00,1.00
2015.10.19 08:26:16.121,1.47404,1.47431,1.00,1.00
2015.10.19 08:26:16.173,1.474,1.4743,1.00,1.75
2015.10.19 08:26:16.684,1.47398,1.4743,1.12,2.25
2015.10.19 08:26:17.236,1.47398,1.47429,1.87,1.12
2015.10.19 08:26:17.398,1.474,1.47434,2.25,1.12
2015.10.19 08:26:17.828,1.47404,1.47431,1.50,1.00
2015.10.19 08:26:18.976,1.47404,1.47437,1.50,1.75
2015.10.19 08:26:21.468,1.47403,1.4743,1.75,1.00
2015.10.19 08:26:22.411,1.47403,1.47429,1.75,1.00
2015.10.19 08:26:22.964,1.47403,1.4743,1.75,1.00
2015.10.19 08:26:23.117,1.47403,1.47434,1.75,1.12
2015.10.19 08:26:23.219,1.47403,1.4743,1.75,1.00
2015.10.19 08:26:23.645,1.47403,1.47434,1.75,1.12
2015.10.19 08:26:24.295,1.47398,1.47432,1.12,1.37
2015.10.19 08:26:24.347,1.47398,1.47432,1.12,1.75
2015.10.19 08:26:24.501,1.47396,1.47425,1.87,1.00
2015.10.19 08:26:25.078,1.47396,1.47424,1.87,1.00
2015.10.19 08:26:25.592,1.47396,1.47424,1.00,1.00
2015.10.19 08:26:25.745,1.47396,1.47419,1.00,1.00
2015.10.19 08:26:26.445,1.47396,1.47424,1.00,1.00
2015.10.19 08:26:27.295,1.47396,1.47425,1.00,1.50
2015.10.19 08:26:28.363,1.47396,1.47424,1.00,1.00
2015.10.19 08:26:28.815,1.47398,1.47424,1.00,1.00
2015.10.19 08:26:29.122,1.47396,1.4742,1.75,1.00
2015.10.19 08:26:29.275,1.47396,1.47424,1.75,1.00
2015.10.19 08:26:30.354,1.47395,1.47425,1.75,1.00
2015.10.19 08:26:30.654,1.47395,1.47425,1.75,1.50
2015.10.19 08:26:31.198,1.47395,1.47425,1.75,1.37
2015.10.19 08:26:31.738,1.47396,1.47424,1.75,1.00
2015.10.19 08:26:32.421,1.47395,1.47425,1.75,1.12
2015.10.19 08:26:32.888,1.47395,1.47425,1.12,1.37
2015.10.19 08:26:34.731,1.47395,1.47419,1.00,1.00
2015.10.19 08:26:35.212,1.47393,1.47425,1.12,1.75
2015.10.19 08:26:35.281,1.47393,1.4742,1.12,1.00
2015.10.19 08:26:35.622,1.47395,1.47424,1.00,1.75
2015.10.19 08:26:36.404,1.47393,1.47424,1.12,1.75
2015.10.19 08:26:38.401,1.47393,1.4742,1.12,1.00
2015.10.19 08:26:38.754,1.47395,1.4742,1.00,1.00
2015.10.19 08:26:40.107,1.47393,1.4742,1.12,1.00
2015.10.19 08:26:40.357,1.47395,1.4742,1.00,1.00
2015.10.19 08:26:40.665,1.47393,1.4742,1.50,1.00
2015.10.19 08:26:41.249,1.47393,1.47419,1.00,1.00
2015.10.19 08:26:42.708,1.47392,1.47419,1.12,1.12
2015.10.19 08:26:45.852,1.47389,1.47414,1.12,1.00
2015.10.19 08:26:46.159,1.47391,1.47414,1.00,1.00
2015.10.19 08:26:46.686,1.47392,1.47414,1.00,1.00
2015.10.19 08:26:47.221,1.47391,1.47414,1.00,1.00
2015.10.19 08:26:47.535,1.47391,1.47419,1.00,1.50
2015.10.19 08:26:47.637,1.47391,1.47419,1.00,1.50
2015.10.19 08:26:47.688,1.47387,1.47415,1.37,1.00
2015.10.19 08:26:47.946,1.47388,1.47418,1.50,1.00
2015.10.19 08:26:48.049,1.47388,1.47419,1.50,1.37
2015.10.19 08:26:48.484,1.47388,1.47415,1.00,1.12
2015.10.19 08:26:48.536,1.47385,1.47415,1.50,1.12
2015.10.19 08:26:48.639,1.47385,1.47415,1.50,1.00
2015.10.19 08:26:48.997,1.47388,1.47414,1.12,1.00
2015.10.19 08:26:49.304,1.47388,1.47419,1.37,1.75
2015.10.19 08:26:49.877,1.47388,1.47414,1.37,1.00
2015.10.19 08:26:49.930,1.47385,1.47414,1.00,1.12
2015.10.19 08:26:50.136,1.47387,1.47414,1.00,1.12
2015.10.19 08:26:50.442,1.47391,1.4742,1.00,1.75
2015.10.19 08:26:51.704,1.47389,1.4742,1.50,1.75
2015.10.19 08:26:52.216,1.47389,1.47422,1.00,2.25
2015.10.19 08:26:53.568,1.4739,1.47423,1.00,1.75
2015.10.19 08:26:54.512,1.4739,1.47423,1.37,1.75
2015.10.19 08:26:55.003,1.47388,1.47424,1.87,3.75
2015.10.19 08:26:55.216,1.4739,1.47423,1.37,1.75
2015.10.19 08:26:56.272,1.47391,1.47419,1.12,1.12
2015.10.19 08:26:56.578,1.47393,1.47419,1.00,1.12
2015.10.19 08:26:57.309,1.47393,1.47422,1.00,1.00
2015.10.19 08:26:57.412,1.47393,1.47424,1.50,1.37
2015.10.19 08:26:57.913,1.47396,1.47424,1.00,1.50
2015.10.19 08:26:59.771,1.47396,1.47424,1.00,1.34
2015.10.19 08:26:59.874,1.47386,1.47417,1.12,1.00
2015.10.19 08:26:59.926,1.47384,1.47417,1.75,1.37
2015.10.19 08:27:00.361,1.47391,1.47422,1.12,1.00
2015.10.19 08:27:00.889,1.47391,1.47423,1.12,1.12
2015.10.19 08:27:01.041,1.47391,1.47421,1.12,1.00
2015.10.19 08:27:01.565,1.47391,1.47419,1.37,1.00
2015.10.19 08:27:01.617,1.47391,1.47419,1.12,1.00
2015.10.19 08:27:03.792,1.47391,1.4742,1.37,1.50
2015.10.19 08:27:03.894,1.47391,1.47422,1.87,1.00
2015.10.19 08:27:04.813,1.47391,1.4742,1.87,1.00
2015.10.19 08:27:05.325,1.47391,1.47419,1.87,1.00
2015.10.19 08:27:06.396,1.47391,1.47421,1.87,1.00
2015.10.19 08:27:10.376,1.47394,1.47422,1.37,1.00
2015.10.19 08:27:10.529,1.47396,1.47429,1.75,1.50
2015.10.19 08:27:11.319,1.47394,1.47419,1.12,1.00
2015.10.19 08:27:11.626,1.47391,1.4742,1.37,1.00
2015.10.19 08:27:11.677,1.47391,1.47414,1.00,1.00
2015.10.19 08:27:11.881,1.47391,1.47417,1.00,1.50
2015.10.19 08:27:12.554,1.47388,1.47417,1.00,2.25
2015.10.19 08:27:13.063,1.47389,1.47417,1.00,1.00
2015.10.19 08:27:13.114,1.47389,1.4742,1.75,1.00
2015.10.19 08:27:13.165,1.47389,1.47424,1.75,1.50
2015.10.19 08:27:13.318,1.47394,1.47424,1.75,1.00
2015.10.19 08:27:14.264,1.47397,1.47425,1.12,1.12
2015.10.19 08:27:16.213,1.47397,1.47424,1.12,1.00
2015.10.19 08:27:16.755,1.47397,1.47425,1.12,1.12
2015.10.19 08:27:19.196,1.47397,1.47424,1.12,1.00
2015.10.19 08:27:19.248,1.47393,1.47423,1.87,1.00
2015.10.19 08:27:19.996,1.47393,1.47422,1.50,1.00
2015.10.19 08:27:20.460,1.47393,1.4742,1.50,1.00
2015.10.19 08:27:20.989,1.47393,1.47421,1.50,1.00
2015.10.19 08:27:23.654,1.47393,1.4742,1.50,1.00
2015.10.19 08:27:24.220,1.47393,1.47421,1.50,1.00
2015.10.19 08:27:25.604,1.4739,1.47419,1.50,1.87
2015.10.19 08:27:27.336,1.47388,1.47423,2.25,1.12
2015.10.19 08:27:27.643,1.47394,1.47425,2.25,1.37
2015.10.19 08:27:28.233,1.47396,1.47425,1.75,1.00
2015.10.19 08:27:29.579,1.47396,1.47424,1.75,1.00
2015.10.19 08:27:33.971,1.47396,1.47425,1.75,1.00
2015.10.19 08:27:34.702,1.47396,1.47423,1.75,1.00
2015.10.19 08:27:34.759,1.47392,1.4742,1.50,1.00
2015.10.19 08:27:35.418,1.47392,1.47423,1.50,1.50
2015.10.19 08:27:38.418,1.47395,1.47424,1.00,1.75
2015.10.19 08:27:38.674,1.47396,1.47426,1.00,1.12
2015.10.19 08:27:38.777,1.47395,1.47426,1.75,1.12
2015.10.19 08:27:38.931,1.47396,1.47429,1.75,3.00
2015.10.19 08:27:39.689,1.47399,1.47432,2.25,1.12
2015.10.19 08:27:41.167,1.47399,1.47431,1.75,1.00
2015.10.19 08:27:41.219,1.47399,1.47429,1.75,1.00
2015.10.19 08:27:41.373,1.47399,1.47431,1.75,1.00
2015.10.19 08:27:41.579,1.47399,1.47429,1.75,1.00
2015.10.19 08:27:41.886,1.47399,1.47431,1.75,1.00
2015.10.19 08:27:42.568,1.47399,1.47429,1.75,1.00
2015.10.19 08:27:43.873,1.47399,1.47432,2.25,1.12
2015.10.19 08:27:44.547,1.47399,1.4743,2.25,1.00
2015.10.19 08:27:45.424,1.47399,1.47424,1.75,1.00
2015.10.19 08:27:45.807,1.47399,1.4743,1.75,1.50
2015.10.19 08:27:46.072,1.47399,1.47425,1.75,1.00
2015.10.19 08:27:46.196,1.47399,1.4743,1.75,1.50
2015.10.19 08:27:46.401,1.47399,1.47425,1.75,1.00
2015.10.19 08:27:47.160,1.47399,1.47424,1.75,1.00
2015.10.19 08:27:47.418,1.47399,1.47429,1.75,1.00
2015.10.19 08:27:47.521,1.47401,1.47433,1.75,1.50
2015.10.19 08:27:47.573,1.47407,1.47433,1.00,1.00
2015.10.19 08:27:47.828,1.47407,1.47435,1.00,1.00
2015.10.19 08:27:48.591,1.47407,1.47434,1.00,1.00
2015.10.19 08:27:51.226,1.47407,1.47435,1.00,1.50
2015.10.19 08:27:51.816,1.47407,1.47429,1.00,1.00
2015.10.19 08:27:52.283,1.47404,1.47429,1.00,1.00
2015.10.19 08:27:52.335,1.47404,1.47432,1.00,1.00
2015.10.19 08:27:52.386,1.47402,1.47435,1.75,1.87
2015.10.19 08:27:52.908,1.47402,1.47434,1.75,1.00
2015.10.19 08:27:53.899,1.47402,1.47434,2.25,1.00
2015.10.19 08:27:57.719,1.47406,1.47435,1.00,2.25
2015.10.19 08:27:57.771,1.47401,1.47434,1.75,1.75
2015.10.19 08:27:57.822,1.47401,1.47425,1.75,1.00
2015.10.19 08:27:57.925,1.47397,1.47425,1.75,1.50
2015.10.19 08:27:58.811,1.47395,1.47424,1.75,1.00
2015.10.19 08:27:58.862,1.47394,1.47423,1.37,1.12
2015.10.19 08:27:59.117,1.47394,1.47425,1.12,1.00
2015.10.19 08:27:59.632,1.47391,1.4742,2.25,1.00
2015.10.19 08:28:00.236,1.47387,1.47416,1.00,1.50
2015.10.19 08:28:00.593,1.47387,1.47409,1.00,1.00
2015.10.19 08:28:00.798,1.47387,1.47415,1.00,1.00
2015.10.19 08:28:01.785,1.47386,1.47414,1.00,1.00
2015.10.19 08:28:01.943,1.47386,1.47416,1.50,1.00
2015.10.19 08:28:01.995,1.47386,1.47419,1.75,1.50
2015.10.19 08:28:02.341,1.47386,1.47415,1.75,1.00
2015.10.19 08:28:02.976,1.47387,1.47415,2.25,1.00
2015.10.19 08:28:03.028,1.47388,1.47419,1.75,1.00
2015.10.19 08:28:06.406,1.47391,1.4741,1.75,1.00
2015.10.19 08:28:06.559,1.47393,1.47419,1.50,1.00
2015.10.19 08:28:07.533,1.47393,1.47414,1.50,1.00
2015.10.19 08:28:08.496,1.47393,1.4742,1.50,1.00
2015.10.19 08:28:08.650,1.47394,1.47424,1.37,1.37
2015.10.19 08:28:08.753,1.47393,1.47419,2.25,1.00
2015.10.19 08:28:08.957,1.47393,1.47425,2.25,1.87
2015.10.19 08:28:09.601,1.47394,1.47419,1.37,1.00
2015.10.19 08:28:09.951,1.47394,1.47425,1.37,1.87
2015.10.19 08:28:10.054,1.47393,1.4742,1.50,1.00
2015.10.19 08:28:10.965,1.47393,1.47419,1.50,1.00
2015.10.19 08:28:11.226,1.47393,1.47419,1.00,1.00
2015.10.19 08:28:11.746,1.4739,1.47419,1.75,1.00
2015.10.19 08:28:12.990,1.4739,1.4742,1.75,1.12
2015.10.19 08:28:13.537,1.4739,1.47419,1.75,1.00
2015.10.19 08:28:16.748,1.47391,1.4742,2.25,1.12
2015.10.19 08:28:17.258,1.47391,1.47419,2.25,1.00
2015.10.19 08:28:17.805,1.47388,1.4742,1.75,1.12
2015.10.19 08:28:18.031,1.47389,1.47418,1.00,1.00
2015.10.19 08:28:19.666,1.47393,1.47418,1.00,1.00
2015.10.19 08:28:21.037,1.47391,1.47418,1.00,1.00
2015.10.19 08:28:21.088,1.47386,1.47414,1.12,1.50
2015.10.19 08:28:21.666,1.47388,1.47417,1.00,1.00
2015.10.19 08:28:22.539,1.4739,1.47417,1.00,1.00
2015.10.19 08:28:22.744,1.47393,1.47424,1.50,1.75
2015.10.19 08:28:28.477,1.47396,1.47424,1.00,1.00
2015.10.19 08:28:28.788,1.47396,1.47419,1.00,1.00
2015.10.19 08:28:30.539,1.47393,1.47419,1.00,1.00
2015.10.19 08:28:30.641,1.47389,1.47414,1.00,1.00
2015.10.19 08:28:30.743,1.47388,1.47417,1.00,1.00
2015.10.19 08:28:30.846,1.47388,1.47415,1.00,1.00
2015.10.19 08:28:31.390,1.47381,1.47411,1.37,1.75
2015.10.19 08:28:31.710,1.47383,1.47415,1.75,2.25
2015.10.19 08:28:33.010,1.47383,1.47414,2.25,1.00
2015.10.19 08:28:33.266,1.47384,1.47414,1.00,3.00
2015.10.19 08:28:33.317,1.47384,1.47412,1.00,1.00
2015.10.19 08:28:33.674,1.47384,1.4741,1.00,1.00
2015.10.19 08:28:34.415,1.47384,1.47412,1.00,1.00
2015.10.19 08:28:34.518,1.47384,1.4741,1.00,1.00
2015.10.19 08:28:34.748,1.47384,1.47412,1.00,1.00
2015.10.19 08:28:38.631,1.47384,1.47414,1.00,2.25
2015.10.19 08:28:38.939,1.47386,1.47414,1.00,1.00
2015.10.19 08:28:39.196,1.47394,1.47423,1.00,1.00
2015.10.19 08:28:39.631,1.47394,1.47425,2.25,1.00
2015.10.19 08:28:40.254,1.47397,1.47426,1.75,1.00
2015.10.19 08:28:40.408,1.47397,1.4743,2.25,1.50
2015.10.19 08:28:40.654,1.47397,1.47428,1.75,1.00
2015.10.19 08:28:41.198,1.47396,1.47429,2.25,1.00
2015.10.19 08:28:41.480,1.47401,1.47435,1.12,2.25
2015.10.19 08:28:41.532,1.47404,1.47435,1.00,2.25
2015.10.19 08:28:41.687,1.47407,1.47438,1.75,1.12
2015.10.19 08:28:42.073,1.47407,1.47438,1.75,1.00
2015.10.19 08:28:42.570,1.47416,1.47449,1.75,1.12
2015.10.19 08:28:42.623,1.47415,1.47447,1.75,1.00
2015.10.19 08:28:42.725,1.47417,1.47449,1.75,1.12
2015.10.19 08:28:43.198,1.47421,1.47451,1.75,1.12
2015.10.19 08:28:43.887,1.47425,1.47458,1.75,1.50
2015.10.19 08:28:44.583,1.47421,1.47456,1.75,1.37
2015.10.19 08:28:44.686,1.47421,1.47455,1.75,1.75
2015.10.19 08:28:47.109,1.47421,1.47453,1.75,1.00
2015.10.19 08:28:47.611,1.47421,1.47454,2.25,1.00
2015.10.19 08:28:49.264,1.47421,1.47453,1.75,1.00
2015.10.19 08:28:49.418,1.47421,1.47455,1.75,1.12
2015.10.19 08:28:52.312,1.47428,1.4746,1.37,1.75
2015.10.19 08:28:52.414,1.47429,1.47459,1.00,1.00
2015.10.19 08:28:53.026,1.47429,1.4746,1.50,1.37
2015.10.19 08:28:53.812,1.47429,1.4746,1.75,1.00
2015.10.19 08:28:57.490,1.47429,1.47461,2.25,1.00
2015.10.19 08:28:58.672,1.47431,1.47464,1.75,1.75
2015.10.19 08:28:59.166,1.47437,1.47466,1.00,1.00
2015.10.19 08:29:01.379,1.47437,1.47465,1.00,1.00
2015.10.19 08:29:01.700,1.47437,1.47467,1.00,1.00
2015.10.19 08:29:01.752,1.47437,1.47465,1.00,1.00
2015.10.19 08:29:02.670,1.47437,1.47467,1.00,1.50
2015.10.19 08:29:02.978,1.47435,1.47467,2.25,1.12
2015.10.19 08:29:03.384,1.47439,1.47465,1.75,1.00
2015.10.19 08:29:04.066,1.47439,1.47459,1.37,1.00
2015.10.19 08:29:04.168,1.47436,1.4746,1.37,1.00
2015.10.19 08:29:04.425,1.47439,1.47465,1.00,1.00
2015.10.19 08:29:04.476,1.47441,1.47468,1.37,1.12
2015.10.19 08:29:04.735,1.47444,1.4747,1.75,1.00
2015.10.19 08:29:04.838,1.47444,1.47474,1.75,1.00
2015.10.19 08:29:04.890,1.47444,1.47474,1.75,1.00
2015.10.19 08:29:06.506,1.47449,1.4747,1.00,1.00
2015.10.19 08:29:06.993,1.47439,1.4747,1.75,1.00
2015.10.19 08:29:07.792,1.47439,1.47469,1.75,1.00
2015.10.19 08:29:09.393,1.47437,1.47469,1.75,1.00
2015.10.19 08:29:09.445,1.47437,1.47464,1.75,1.00
2015.10.19 08:29:09.547,1.47437,1.47464,1.75,1.00
2015.10.19 08:29:09.951,1.47434,1.47454,1.37,1.00
2015.10.19 08:29:10.007,1.47427,1.47454,1.12,1.00
2015.10.19 08:29:11.973,1.47424,1.47449,1.75,1.00
2015.10.19 08:29:14.319,1.47426,1.47455,1.75,1.00
2015.10.19 08:29:14.965,1.47426,1.47454,2.25,1.00
2015.10.19 08:29:15.222,1.47424,1.47452,1.75,1.00
2015.10.19 08:29:15.274,1.47421,1.47449,1.50,1.00
2015.10.19 08:29:15.326,1.47418,1.47449,1.75,1.00
2015.10.19 08:29:16.129,1.47419,1.47449,1.75,1.00
2015.10.19 08:29:16.485,1.47419,1.47452,1.75,1.00
2015.10.19 08:29:16.588,1.47419,1.47449,1.75,1.00
2015.10.19 08:29:16.829,1.47419,1.47452,1.75,1.00
2015.10.19 08:29:17.537,1.47421,1.47454,1.75,2.25
2015.10.19 08:29:18.037,1.47421,1.4745,1.75,1.00
2015.10.19 08:29:18.140,1.4742,1.47453,2.25,1.12
2015.10.19 08:29:22.338,1.47423,1.47456,1.75,1.87
2015.10.19 08:29:22.389,1.47425,1.47456,1.75,1.00
2015.10.19 08:29:22.440,1.47425,1.47454,1.75,1.00
2015.10.19 08:29:22.864,1.47425,1.47457,1.75,1.12
2015.10.19 08:29:23.119,1.47426,1.47454,1.75,1.00
2015.10.19 08:29:23.507,1.47426,1.47457,1.75,1.12
2015.10.19 08:29:25.966,1.47426,1.47461,1.75,1.37
2015.10.19 08:29:26.018,1.47426,1.47461,1.75,1.37
2015.10.19 08:29:28.736,1.47428,1.47458,1.00,1.00
2015.10.19 08:29:28.788,1.47428,1.47455,1.00,1.00
2015.10.19 08:29:28.941,1.47425,1.47454,1.00,1.00
2015.10.19 08:29:29.248,1.47427,1.47454,1.00,1.00
2015.10.19 08:29:30.819,1.47425,1.47454,1.00,1.00
2015.10.19 08:29:31.263,1.47425,1.47459,1.75,1.37
2015.10.19 08:29:31.899,1.47431,1.47459,1.37,1.00
2015.10.19 08:29:32.060,1.4743,1.47459,1.00,1.00
2015.10.19 08:29:32.621,1.4743,1.47458,1.00,1.00
2015.10.19 08:29:33.501,1.4743,1.47457,1.00,1.00
2015.10.19 08:29:34.023,1.4743,1.47458,1.00,1.00
2015.10.19 08:29:34.553,1.4743,1.47457,1.00,1.00
2015.10.19 08:29:35.906,1.4743,1.47459,1.00,1.50
2015.10.19 08:29:36.163,1.47432,1.47463,1.37,1.37
2015.10.19 08:29:37.098,1.47436,1.47465,1.00,1.50
2015.10.19 08:29:37.150,1.47432,1.47465,1.75,1.12
2015.10.19 08:29:37.697,1.47434,1.47465,1.75,1.00
2015.10.19 08:29:38.866,1.47435,1.47469,2.25,2.25
2015.10.19 08:29:42.407,1.47436,1.47469,1.75,1.84
2015.10.19 08:29:42.869,1.47431,1.47463,1.75,1.09
2015.10.19 08:29:43.177,1.4743,1.47455,1.00,1.00
2015.10.19 08:29:43.750,1.4742,1.47453,2.25,1.50
2015.10.19 08:29:44.283,1.47421,1.47453,1.75,1.34
2015.10.19 08:29:45.269,1.47421,1.47455,1.75,1.50
2015.10.19 08:29:46.465,1.47421,1.47454,1.75,1.00
2015.10.19 08:29:47.727,1.47421,1.47455,1.75,1.50
2015.10.19 08:29:47.779,1.47421,1.47455,1.75,2.25
2015.10.19 08:29:48.961,1.47418,1.47451,2.25,1.00
2015.10.19 08:29:49.483,1.47417,1.4745,2.25,1.00
2015.10.19 08:29:49.740,1.47416,1.47449,1.75,1.00
2015.10.19 08:29:49.792,1.47416,1.47448,1.75,1.00
2015.10.19 08:29:50.439,1.47412,1.47444,1.75,1.37
2015.10.19 08:29:52.056,1.47412,1.47442,1.75,1.00
2015.10.19 08:29:52.395,1.47409,1.47439,1.12,1.00
2015.10.19 08:29:52.946,1.47409,1.4744,1.12,1.50
2015.10.19 08:29:53.854,1.47408,1.47439,2.25,1.00
2015.10.19 08:29:54.442,1.47408,1.47438,2.25,1.00
2015.10.19 08:29:55.048,1.47408,1.47439,2.25,1.50
2015.10.19 08:29:57.310,1.47411,1.4744,1.75,1.00
2015.10.19 08:29:59.032,1.47408,1.47439,3.00,1.00
2015.10.19 08:29:59.554,1.47407,1.47437,1.75,1.00
2015.10.19 08:29:59.605,1.47407,1.47437,1.75,1.00
2015.10.19 08:30:00.196,1.47411,1.47437,1.00,1.00
2015.10.19 08:30:01.235,1.47403,1.4743,2.62,1.00
2015.10.19 08:30:01.292,1.47403,1.4743,1.12,1.00
2015.10.19 08:30:01.446,1.47403,1.47428,1.12,1.00
2015.10.19 08:30:01.654,1.47403,1.4743,1.12,1.00
2015.10.19 08:30:02.110,1.47399,1.47432,3.00,1.00
2015.10.19 08:30:02.899,1.47399,1.4743,2.25,1.00
2015.10.19 08:30:03.105,1.47399,1.47433,2.25,1.50
2015.10.19 08:30:03.208,1.47401,1.47431,1.75,1.00
2015.10.19 08:30:03.312,1.47401,1.47434,2.25,1.37
2015.10.19 08:30:03.831,1.47399,1.47432,1.75,1.50
2015.10.19 08:30:05.539,1.474,1.4743,1.75,1.00
2015.10.19 08:30:06.269,1.47396,1.47429,1.75,1.00
2015.10.19 08:30:06.784,1.47397,1.4743,1.75,1.00
2015.10.19 08:30:07.324,1.47399,1.47432,1.75,1.50
2015.10.19 08:30:10.463,1.47404,1.47433,1.00,1.75
2015.10.19 08:30:10.994,1.47403,1.47435,1.12,1.75
2015.10.19 08:30:11.465,1.47403,1.47435,1.75,1.75
2015.10.19 08:30:12.423,1.47403,1.47436,1.75,1.50
2015.10.19 08:30:12.475,1.47406,1.47438,1.75,1.75
2015.10.19 08:30:13.442,1.47403,1.47434,1.75,1.12
2015.10.19 08:30:14.112,1.47406,1.47437,1.37,1.37
2015.10.19 08:30:14.163,1.47406,1.47437,1.75,1.00
2015.10.19 08:30:16.853,1.47405,1.47439,2.62,3.00
2015.10.19 08:30:17.643,1.47409,1.47439,1.00,1.50
2015.10.19 08:30:20.924,1.47405,1.47439,2.62,3.00
2015.10.19 08:30:21.469,1.47409,1.47439,1.00,1.50
2015.10.19 08:30:22.115,1.47409,1.4744,1.75,1.00
2015.10.19 08:30:22.629,1.4741,1.47441,1.50,1.12
2015.10.19 08:30:22.935,1.47417,1.47445,1.12,1.09
2015.10.19 08:30:23.370,1.47408,1.47439,1.75,1.50
2015.10.19 08:30:24.200,1.47412,1.47443,1.00,1.75
2015.10.19 08:30:25.212,1.47408,1.47429,1.37,1.00
2015.10.19 08:30:25.264,1.474,1.47429,1.75,1.00
2015.10.19 08:30:25.315,1.474,1.47427,1.75,1.00
2015.10.19 08:30:25.418,1.47396,1.47427,1.75,1.12
2015.10.19 08:30:25.674,1.47396,1.47425,1.87,1.00
2015.10.19 08:30:25.726,1.47395,1.47425,1.37,1.50
2015.10.19 08:30:25.829,1.47399,1.47424,1.00,1.00
2015.10.19 08:30:25.880,1.47395,1.47424,1.37,1.00
2015.10.19 08:30:26.420,1.47395,1.47424,1.00,1.00
2015.10.19 08:30:26.625,1.47395,1.47422,1.00,1.00
2015.10.19 08:30:26.830,1.47395,1.47424,1.00,1.00
2015.10.19 08:30:27.364,1.47395,1.47425,1.50,1.00
2015.10.19 08:30:27.657,1.474,1.47425,1.00,1.00
2015.10.19 08:30:28.155,1.47398,1.47425,1.00,1.00
2015.10.19 08:30:28.514,1.47395,1.47429,1.87,2.25
2015.10.19 08:30:28.617,1.474,1.47433,1.87,1.75
2015.10.19 08:30:28.719,1.47402,1.47432,1.00,1.00
2015.10.19 08:30:29.029,1.47405,1.47432,1.00,1.00
2015.10.19 08:30:29.477,1.47402,1.47429,1.00,1.50
2015.10.19 08:30:29.733,1.47402,1.47432,1.00,1.50
2015.10.19 08:30:31.023,1.47402,1.4743,1.00,1.00
2015.10.19 08:30:33.703,1.47402,1.47429,1.00,1.00
2015.10.19 08:30:34.396,1.47397,1.4743,1.75,1.75
2015.10.19 08:30:34.941,1.47395,1.47426,1.87,1.00
2015.10.19 08:30:36.044,1.47395,1.47426,2.25,1.00
2015.10.19 08:30:36.554,1.47397,1.47427,1.75,1.37
2015.10.19 08:30:36.606,1.47397,1.47427,1.37,1.37
2015.10.19 08:30:40.835,1.47394,1.47425,1.75,1.00
2015.10.19 08:30:41.472,1.47394,1.47426,1.75,1.12
2015.10.19 08:30:42.175,1.47394,1.47425,1.75,1.00
2015.10.19 08:30:43.460,1.47397,1.47424,1.37,1.00
2015.10.19 08:30:44.272,1.47393,1.47423,1.75,1.00
2015.10.19 08:30:45.023,1.47394,1.47425,1.12,1.00
2015.10.19 08:30:46.909,1.47393,1.47418,1.00,1.00
2015.10.19 08:30:47.368,1.47393,1.47422,1.75,1.12
2015.10.19 08:30:48.926,1.47393,1.47424,1.50,3.00
2015.10.19 08:30:49.029,1.4739,1.47419,1.37,1.75
2015.10.19 08:30:49.131,1.47392,1.47422,1.75,1.87
2015.10.19 08:30:49.183,1.47397,1.47425,1.00,1.37
2015.10.19 08:30:49.285,1.47398,1.47427,1.00,1.00
2015.10.19 08:30:50.066,1.47394,1.47423,1.87,1.00
2015.10.19 08:30:50.953,1.47386,1.47416,1.00,1.75
2015.10.19 08:30:52.065,1.47386,1.47419,1.37,2.25
2015.10.19 08:30:52.963,1.47385,1.47411,1.50,1.00
2015.10.19 08:30:53.169,1.47385,1.47414,1.00,1.50
2015.10.19 08:30:56.337,1.47386,1.47413,1.00,1.12
2015.10.19 08:30:56.573,1.47386,1.4741,1.00,1.00
2015.10.19 08:30:56.676,1.47382,1.4741,1.12,1.37
2015.10.19 08:30:57.592,1.47386,1.4741,1.00,1.37
2015.10.19 08:30:59.134,1.47382,1.47411,1.12,1.50
2015.10.19 08:31:00.766,1.47382,1.47413,1.50,1.75
2015.10.19 08:31:00.869,1.47386,1.47416,1.00,1.09
2015.10.19 08:31:00.972,1.47386,1.47418,1.87,1.09
2015.10.19 08:31:01.626,1.4739,1.47418,1.00,1.50
2015.10.19 08:31:02.600,1.4739,1.47422,1.75,1.00
2015.10.19 08:31:03.870,1.47392,1.47423,1.75,1.12
2015.10.19 08:31:04.180,1.47392,1.47421,1.75,1.00
2015.10.19 08:31:04.691,1.47392,1.47422,1.75,1.00
2015.10.19 08:31:05.600,1.47392,1.47424,1.75,1.50
2015.10.19 08:31:07.090,1.47396,1.47424,1.00,1.50
2015.10.19 08:31:09.744,1.47395,1.47416,1.50,1.00
2015.10.19 08:31:10.022,1.47381,1.47408,1.87,1.00
2015.10.19 08:31:10.441,1.47381,1.47403,1.37,1.00
2015.10.19 08:31:11.097,1.47381,1.47403,1.00,1.00
2015.10.19 08:31:11.946,1.47378,1.47401,1.87,1.00
2015.10.19 08:31:12.556,1.47378,1.47401,1.50,1.00
2015.10.19 08:31:13.271,1.47378,1.47403,1.50,1.00
2015.10.19 08:31:15.185,1.47378,1.47405,1.87,1.00
2015.10.19 08:31:17.357,1.47378,1.47401,1.87,1.00
2015.10.19 08:31:17.714,1.47375,1.47399,1.12,1.00
2015.10.19 08:31:18.248,1.47375,1.474,1.12,1.00
2015.10.19 08:31:20.848,1.47375,1.47401,1.37,1.00
2015.10.19 08:31:24.384,1.47375,1.47399,1.12,1.00
2015.10.19 08:31:24.638,1.47374,1.47397,1.00,1.12
2015.10.19 08:31:25.065,1.4737,1.47397,1.12,1.12
2015.10.19 08:31:26.535,1.47371,1.47396,1.00,1.00
2015.10.19 08:31:27.086,1.4737,1.474,1.12,1.75
2015.10.19 08:31:27.240,1.4737,1.47399,1.87,1.00
2015.10.19 08:31:27.445,1.4737,1.47401,1.87,1.12
2015.10.19 08:31:28.114,1.47376,1.47407,1.75,1.50
2015.10.19 08:31:28.326,1.47375,1.47409,2.25,1.12
2015.10.19 08:31:28.633,1.47386,1.47414,1.00,1.50
2015.10.19 08:31:29.226,1.47396,1.47425,1.00,1.75
2015.10.19 08:31:29.329,1.47396,1.47425,1.50,1.00
2015.10.19 08:31:29.852,1.47396,1.47426,1.50,1.00
2015.10.19 08:31:33.307,1.47397,1.47426,1.00,1.00
2015.10.19 08:31:34.479,1.47396,1.47426,1.87,1.50
2015.10.19 08:31:34.632,1.47401,1.47426,1.00,1.50
2015.10.19 08:31:34.937,1.47398,1.47426,1.87,1.00
2015.10.19 08:31:34.989,1.47401,1.47426,1.00,1.00
2015.10.19 08:31:37.746,1.474,1.47426,1.00,1.00
2015.10.19 08:31:38.257,1.47401,1.47426,1.00,1.00
2015.10.19 08:31:39.169,1.474,1.47426,1.00,1.00
2015.10.19 08:31:41.495,1.474,1.47426,1.37,1.00
2015.10.19 08:31:41.649,1.47412,1.47438,1.00,1.00
2015.10.19 08:31:42.136,1.47411,1.47441,1.75,1.00
2015.10.19 08:31:42.188,1.47411,1.47444,1.75,1.50
2015.10.19 08:31:42.846,1.47409,1.47439,1.75,1.00
2015.10.19 08:31:42.949,1.47409,1.47442,1.75,1.00
2015.10.19 08:31:43.640,1.47411,1.47446,1.75,1.75
2015.10.19 08:31:43.743,1.47414,1.47446,1.75,1.50
2015.10.19 08:31:44.611,1.47418,1.47445,1.00,1.12
2015.10.19 08:31:45.302,1.47418,1.47444,1.00,1.00
2015.10.19 08:31:45.813,1.47418,1.47446,1.00,1.50
2015.10.19 08:31:46.846,1.47418,1.47444,1.00,2.25
2015.10.19 08:31:46.897,1.47412,1.47444,1.87,2.25
2015.10.19 08:31:47.936,1.47412,1.47443,1.12,1.87
2015.10.19 08:31:48.241,1.47412,1.47439,1.12,1.00
2015.10.19 08:31:48.445,1.47414,1.47438,1.00,1.00
2015.10.19 08:31:49.333,1.47414,1.47439,1.00,1.50
2015.10.19 08:31:52.473,1.47412,1.47441,1.12,1.00
2015.10.19 08:31:52.989,1.47412,1.47439,1.12,1.00
2015.10.19 08:31:54.851,1.47413,1.47438,1.37,1.00
2015.10.19 08:31:55.389,1.47413,1.47437,1.37,1.00
2015.10.19 08:31:56.069,1.47411,1.47436,1.12,1.00
2015.10.19 08:31:57.710,1.47408,1.47439,1.87,1.00
2015.10.19 08:31:58.222,1.47413,1.4744,1.00,1.00
2015.10.19 08:31:59.619,1.47413,1.47436,1.00,1.00
2015.10.19 08:31:59.773,1.47404,1.47433,1.12,1.50
2015.10.19 08:32:01.050,1.47404,1.47433,1.37,1.50
2015.10.19 08:32:01.357,1.47404,1.4743,1.37,1.00
2015.10.19 08:32:01.695,1.47401,1.47433,1.75,1.50
2015.10.19 08:32:01.900,1.47404,1.4743,1.50,1.00
2015.10.19 08:32:02.582,1.47404,1.47428,1.00,1.50
2015.10.19 08:32:02.634,1.474,1.47428,1.00,1.50
2015.10.19 08:32:02.686,1.47399,1.47429,1.00,2.25
2015.10.19 08:32:02.737,1.47396,1.47428,1.37,1.75
2015.10.19 08:32:02.891,1.47392,1.47422,1.12,1.75
2015.10.19 08:32:04.019,1.47392,1.47422,1.12,1.75
2015.10.19 08:32:04.087,1.47394,1.47422,1.00,1.00
2015.10.19 08:32:04.965,1.47394,1.47423,1.00,1.00
2015.10.19 08:32:05.510,1.47394,1.47422,1.00,1.00
2015.10.19 08:32:06.110,1.47394,1.47423,1.00,1.00
2015.10.19 08:32:07.245,1.47391,1.47423,1.75,1.37
2015.10.19 08:32:07.297,1.47391,1.47417,1.37,1.00
2015.10.19 08:32:07.603,1.47391,1.47415,1.37,1.00
2015.10.19 08:32:09.035,1.47391,1.47415,1.37,1.00
2015.10.19 08:32:09.742,1.47391,1.47412,1.37,1.00
2015.10.19 08:32:09.895,1.47385,1.47413,1.12,1.00
2015.10.19 08:32:10.100,1.47385,1.47412,1.37,1.00
2015.10.19 08:32:10.646,1.47381,1.47408,1.50,1.12
2015.10.19 08:32:10.952,1.4738,1.47413,1.87,2.25
2015.10.19 08:32:11.003,1.47383,1.47413,1.12,2.25
2015.10.19 08:32:12.160,1.47383,1.47411,1.12,1.00
2015.10.19 08:32:12.619,1.47383,1.47412,1.12,1.12
2015.10.19 08:32:13.155,1.47383,1.47411,1.12,1.00
2015.10.19 08:32:16.527,1.47383,1.47411,1.12,1.00
2015.10.19 08:32:16.896,1.47383,1.4741,1.12,1.00
2015.10.19 08:32:18.057,1.47383,1.47409,1.12,1.00
2015.10.19 08:32:18.628,1.47382,1.47409,1.37,1.50
2015.10.19 08:32:19.445,1.47386,1.47409,1.00,1.50
2015.10.19 08:32:20.157,1.47382,1.47409,1.37,1.50
2015.10.19 08:32:22.635,1.47382,1.47411,1.12,1.75
2015.10.19 08:32:27.039,1.47382,1.47411,1.37,1.75
2015.10.19 08:32:31.469,1.47382,1.47401,1.37,1.00
2015.10.19 08:32:31.572,1.47375,1.47401,1.37,1.09
2015.10.19 08:32:33.102,1.47376,1.47401,1.37,1.09
2015.10.19 08:32:33.612,1.47376,1.47401,1.37,1.09
2015.10.19 08:32:34.747,1.47365,1.47388,1.37,1.50
2015.10.19 08:32:34.916,1.4737,1.47392,1.00,2.25
2015.10.19 08:32:34.968,1.47361,1.47392,1.37,2.25
2015.10.19 08:32:35.071,1.47362,1.47391,1.12,1.00
2015.10.19 08:32:35.275,1.47366,1.47396,1.37,1.12
2015.10.19 08:32:35.855,1.47369,1.474,1.00,1.75
2015.10.19 08:32:36.525,1.47372,1.474,1.00,1.75
2015.10.19 08:32:36.576,1.47367,1.474,1.75,1.75
2015.10.19 08:32:36.679,1.47371,1.47402,1.00,1.75
2015.10.19 08:32:36.781,1.47373,1.47402,1.00,1.75
2015.10.19 08:32:37.257,1.47373,1.47406,2.25,1.37
2015.10.19 08:32:37.768,1.47378,1.47411,1.75,1.75
2015.10.19 08:32:38.633,1.47382,1.47416,2.25,1.75
2015.10.19 08:32:38.895,1.47388,1.47419,1.00,1.75
2015.10.19 08:32:38.948,1.47388,1.47421,1.87,1.37
2015.10.19 08:32:39.000,1.47393,1.47422,1.00,1.00
2015.10.19 08:32:39.206,1.47393,1.47419,1.00,1.00
2015.10.19 08:32:39.258,1.4739,1.47419,1.50,1.00
2015.10.19 08:32:40.448,1.47385,1.47415,1.50,1.75
2015.10.19 08:32:44.075,1.47383,1.47416,3.00,1.00
2015.10.19 08:32:44.178,1.47383,1.47414,1.50,1.37
2015.10.19 08:32:48.804,1.47385,1.47419,2.25,1.75
2015.10.19 08:32:48.855,1.4739,1.47421,1.00,1.75
2015.10.19 08:32:48.907,1.47391,1.4742,1.00,1.50
2015.10.19 08:32:49.163,1.47395,1.47422,1.37,1.37
2015.10.19 08:32:49.215,1.47395,1.47424,1.50,1.50
2015.10.19 08:32:49.673,1.47395,1.47426,1.75,1.12
2015.10.19 08:32:50.085,1.47405,1.47426,1.00,1.00
2015.10.19 08:32:50.136,1.47405,1.47434,1.00,1.50
2015.10.19 08:32:50.442,1.47405,1.47432,1.00,1.00
2015.10.19 08:32:50.698,1.474,1.47432,1.75,1.50
2015.10.19 08:32:50.751,1.47398,1.47427,1.75,1.00
2015.10.19 08:32:50.802,1.47398,1.47427,1.37,1.12
2015.10.19 08:32:51.984,1.47396,1.47425,1.00,1.50
2015.10.19 08:33:00.795,1.47394,1.47425,1.37,1.50
2015.10.19 08:33:00.897,1.47401,1.47429,1.00,1.00
2015.10.19 08:33:01.320,1.4741,1.4744,1.00,1.50
2015.10.19 08:33:01.625,1.47405,1.47433,1.75,1.00
2015.10.19 08:33:01.931,1.47403,1.47434,1.75,1.75
2015.10.19 08:33:03.043,1.47401,1.47427,1.50,1.00
2015.10.19 08:33:03.097,1.47396,1.47426,2.62,1.00
2015.10.19 08:33:04.354,1.47396,1.47425,1.37,1.75
2015.10.19 08:33:04.865,1.47396,1.47424,1.37,1.75
2015.10.19 08:33:05.996,1.4739,1.47419,2.62,1.50
2015.10.19 08:33:06.408,1.47391,1.47417,1.00,1.00
2015.10.19 08:33:09.048,1.4739,1.47416,1.12,1.00
2015.10.19 08:33:09.615,1.4739,1.47415,1.12,1.00
2015.10.19 08:33:12.331,1.4739,1.47415,1.00,1.75
2015.10.19 08:33:13.287,1.47396,1.47421,1.00,2.25
2015.10.19 08:33:13.338,1.47396,1.47426,1.00,1.75
2015.10.19 08:33:13.390,1.47393,1.47426,1.87,1.75
2015.10.19 08:33:13.492,1.47398,1.47425,1.00,1.75
2015.10.19 08:33:13.651,1.47395,1.47427,1.00,2.25
2015.10.19 08:33:13.753,1.47396,1.47425,1.12,1.37
2015.10.19 08:33:13.805,1.47398,1.47425,1.00,1.37
2015.10.19 08:33:15.345,1.47398,1.47422,1.00,1.00
2015.10.19 08:33:15.522,1.47393,1.47422,1.37,1.00
2015.10.19 08:33:15.936,1.47393,1.47421,1.37,1.75
2015.10.19 08:33:16.089,1.47393,1.47421,1.12,1.75
2015.10.19 08:33:17.214,1.4739,1.47421,1.12,1.75
2015.10.19 08:33:18.473,1.4739,1.4742,1.12,1.75
2015.10.19 08:33:19.000,1.4739,1.47417,1.12,1.00
2015.10.19 08:33:20.322,1.4739,1.4742,1.12,1.75
2015.10.19 08:33:20.374,1.47392,1.4742,1.00,1.00
2015.10.19 08:33:20.425,1.47391,1.47418,1.87,1.00
2015.10.19 08:33:20.579,1.47391,1.47421,1.12,1.00
2015.10.19 08:33:21.123,1.47391,1.47422,1.12,1.12
2015.10.19 08:33:21.694,1.47401,1.4742,1.00,1.00
2015.10.19 08:33:21.750,1.47405,1.47434,1.00,1.00
2015.10.19 08:33:22.271,1.47406,1.47433,1.50,1.00
2015.10.19 08:33:22.424,1.47409,1.47435,1.00,1.00
2015.10.19 08:33:22.476,1.47409,1.4744,1.12,1.75
2015.10.19 08:33:22.578,1.47412,1.47442,1.00,1.50
2015.10.19 08:33:23.576,1.47416,1.47444,1.00,1.00
2015.10.19 08:33:23.882,1.47412,1.47446,2.25,1.00
2015.10.19 08:33:24.391,1.47412,1.47445,2.25,1.00
2015.10.19 08:33:24.934,1.47412,1.47446,1.75,1.50
2015.10.19 08:33:25.239,1.47412,1.47444,1.75,1.00
2015.10.19 08:33:25.291,1.47413,1.47446,1.75,1.50
2015.10.19 08:33:25.649,1.47414,1.47445,3.00,1.00
2015.10.19 08:33:25.701,1.47414,1.47449,3.00,1.00
2015.10.19 08:33:26.715,1.47421,1.47449,1.75,1.00
2015.10.19 08:33:26.768,1.47436,1.47457,1.00,1.00
2015.10.19 08:33:27.074,1.4743,1.47458,1.75,1.00
2015.10.19 08:33:28.055,1.47431,1.47457,1.75,1.00
2015.10.19 08:33:28.568,1.47434,1.47457,1.00,1.00
2015.10.19 08:33:30.084,1.47431,1.47457,1.12,1.00
2015.10.19 08:33:30.238,1.47431,1.47459,1.12,1.00
2015.10.19 08:33:30.748,1.47432,1.4746,1.12,1.00
2015.10.19 08:33:31.278,1.47436,1.47467,1.50,1.75
2015.10.19 08:33:31.691,1.47436,1.4747,1.87,1.12
2015.10.19 08:33:38.134,1.47441,1.47469,1.50,1.00
2015.10.19 08:33:38.658,1.47441,1.47472,1.50,1.50
2015.10.19 08:33:39.015,1.47441,1.47468,1.50,1.00
2015.10.19 08:33:39.508,1.47441,1.4747,1.37,1.12
2015.10.19 08:33:39.618,1.47441,1.4747,1.00,1.75
2015.10.19 08:33:40.154,1.4744,1.47469,1.12,1.75
2015.10.19 08:33:42.871,1.47441,1.47472,1.00,1.75
2015.10.19 08:33:46.400,1.47441,1.47471,1.50,1.37
2015.10.19 08:33:46.451,1.47441,1.47471,1.87,1.12
2015.10.19 08:33:48.812,1.47445,1.47473,1.00,1.50
2015.10.19 08:33:48.921,1.47446,1.47474,1.00,1.00
2015.10.19 08:33:49.277,1.47446,1.47476,1.50,1.00
2015.10.19 08:33:49.329,1.47452,1.47479,1.00,1.37
2015.10.19 08:33:49.584,1.47452,1.47481,1.00,1.00
2015.10.19 08:33:50.645,1.47451,1.47485,2.62,1.37
2015.10.19 08:33:50.952,1.47451,1.47483,1.12,1.50
2015.10.19 08:33:52.040,1.47448,1.4748,1.37,1.00
2015.10.19 08:33:52.144,1.47445,1.47468,1.37,1.00
2015.10.19 08:33:52.196,1.47445,1.47468,1.00,1.00
2015.10.19 08:33:52.472,1.47441,1.47471,1.37,1.00
2015.10.19 08:33:53.289,1.47441,1.47472,1.37,1.00
2015.10.19 08:33:53.821,1.47445,1.47472,1.00,1.00
2015.10.19 08:33:54.025,1.47445,1.47471,1.37,1.00
2015.10.19 08:33:54.331,1.47441,1.47468,1.37,1.00
2015.10.19 08:33:54.741,1.47441,1.47469,1.37,1.00
2015.10.19 08:33:55.289,1.47441,1.47468,1.37,1.00
2015.10.19 08:33:55.531,1.47436,1.47468,1.87,1.00
2015.10.19 08:33:55.634,1.47436,1.47464,1.87,1.00
2015.10.19 08:33:56.139,1.47436,1.47459,1.00,1.00
2015.10.19 08:33:56.190,1.47431,1.47459,1.37,1.00
2015.10.19 08:33:56.701,1.47431,1.4746,1.37,1.00
2015.10.19 08:33:56.928,1.4743,1.4746,1.00,1.00
2015.10.19 08:33:57.234,1.47432,1.4746,1.00,1.00
2015.10.19 08:33:57.821,1.47432,1.47459,1.00,1.00
2015.10.19 08:33:58.747,1.47432,1.4746,1.00,1.00
2015.10.19 08:33:59.193,1.47432,1.47458,1.00,1.00
2015.10.19 08:33:59.398,1.47432,1.47463,1.00,1.34
2015.10.19 08:33:59.501,1.47436,1.47465,1.00,1.34
2015.10.19 08:34:00.528,1.47436,1.47463,1.00,1.00
2015.10.19 08:34:00.834,1.47433,1.47459,1.00,1.00
2015.10.19 08:34:01.360,1.47433,1.4746,1.00,1.00
2015.10.19 08:34:02.559,1.47436,1.4746,1.00,1.00
2015.10.19 08:34:02.661,1.47436,1.47463,1.00,1.00
2015.10.19 08:34:02.815,1.47436,1.47465,1.00,1.00
2015.10.19 08:34:02.917,1.47433,1.47463,1.00,1.00
2015.10.19 08:34:03.020,1.47433,1.47461,1.00,1.00
2015.10.19 08:34:03.901,1.47433,1.4746,1.00,1.00
2015.10.19 08:34:04.318,1.4743,1.47461,1.12,1.00
2015.10.19 08:34:04.831,1.47431,1.4746,1.00,1.00
2015.10.19 08:34:05.671,1.47431,1.47459,1.00,1.00
2015.10.19 08:34:06.267,1.4743,1.47459,1.00,1.00
2015.10.19 08:34:07.170,1.4743,1.47461,1.00,1.00
2015.10.19 08:34:07.301,1.4743,1.47459,1.00,1.00
2015.10.19 08:34:07.832,1.4743,1.4746,1.00,1.00
2015.10.19 08:34:08.382,1.47431,1.4746,1.00,1.00
2015.10.19 08:34:08.890,1.47431,1.47459,1.37,1.00
2015.10.19 08:34:09.070,1.47431,1.47459,1.12,1.00
2015.10.19 08:34:09.289,1.47435,1.47459,1.00,1.00
2015.10.19 08:34:10.581,1.4744,1.4746,1.00,1.00
2015.10.19 08:34:10.685,1.47436,1.4746,1.00,1.00
2015.10.19 08:34:11.045,1.4744,1.47467,1.00,1.00
2015.10.19 08:34:11.150,1.47446,1.47467,1.00,1.00
2015.10.19 08:34:11.253,1.47446,1.47473,1.00,1.00
2015.10.19 08:34:11.357,1.4745,1.47478,1.00,1.00
2015.10.19 08:34:11.560,1.4745,1.47481,1.00,1.50
2015.10.19 08:34:12.051,1.47456,1.4748,1.00,1.00
2015.10.19 08:34:12.153,1.4745,1.4748,1.00,1.00
2015.10.19 08:34:12.663,1.47451,1.47479,1.00,1.00
2015.10.19 08:34:13.861,1.47453,1.4748,1.00,1.00
2015.10.19 08:34:14.200,1.47455,1.4748,1.00,1.00
2015.10.19 08:34:14.354,1.47451,1.4748,1.00,1.00
2015.10.19 08:34:14.570,1.47451,1.47478,1.00,1.00
2015.10.19 08:34:15.119,1.4745,1.47478,1.50,1.00
2015.10.19 08:34:15.427,1.47453,1.47479,1.00,1.00
2015.10.19 08:34:16.028,1.47453,1.4748,1.00,1.00
2015.10.19 08:34:16.535,1.47453,1.47481,1.00,1.00
2015.10.19 08:34:16.772,1.4745,1.47481,1.00,1.00
2015.10.19 08:34:17.285,1.4745,1.47482,1.00,1.00
2015.10.19 08:34:17.389,1.47452,1.47482,1.00,1.00
2015.10.19 08:34:17.889,1.47449,1.47482,1.87,1.00
2015.10.19 08:34:18.408,1.47449,1.47483,1.12,1.50
2015.10.19 08:34:19.401,1.47448,1.47481,1.12,1.00
2015.10.19 08:34:19.710,1.47439,1.47474,1.12,1.00
2015.10.19 08:34:20.166,1.47441,1.47475,1.00,1.50
2015.10.19 08:34:20.371,1.47439,1.47475,1.50,1.50
2015.10.19 08:34:21.103,1.47441,1.47475,1.00,1.50
2015.10.19 08:34:21.536,1.47446,1.47475,1.00,1.00
2015.10.19 08:34:23.802,1.47446,1.47474,1.00,1.00
2015.10.19 08:34:24.006,1.4744,1.47472,1.37,1.00
2015.10.19 08:34:24.159,1.4744,1.47472,1.00,1.00
2015.10.19 08:34:24.593,1.4744,1.4747,1.00,1.00
2015.10.19 08:34:25.102,1.4744,1.47471,1.00,1.00
2015.10.19 08:34:29.529,1.47437,1.47471,1.37,1.00
2015.10.19 08:34:29.860,1.47437,1.47471,1.00,1.00
2015.10.19 08:34:30.603,1.47437,1.4747,1.00,1.00
2015.10.19 08:34:30.705,1.47434,1.47466,1.50,1.37
2015.10.19 08:34:32.178,1.47432,1.47466,2.62,1.75
2015.10.19 08:34:41.056,1.4743,1.47458,1.12,1.00
2015.10.19 08:34:41.159,1.47428,1.47457,1.12,1.50
2015.10.19 08:34:41.414,1.47428,1.47455,1.00,1.00
2015.10.19 08:34:41.938,1.47425,1.47455,1.12,1.00
2015.10.19 08:34:45.850,1.47425,1.47455,1.87,1.00
2015.10.19 08:34:47.951,1.47429,1.4746,1.00,1.75
2015.10.19 08:34:48.257,1.47429,1.47462,1.75,1.84
2015.10.19 08:34:49.121,1.47429,1.47459,1.37,1.00
2015.10.19 08:34:49.173,1.47429,1.47462,1.37,1.75
2015.10.19 08:34:50.285,1.47429,1.47459,1.37,1.75
2015.10.19 08:34:50.336,1.47425,1.47459,2.62,1.75
2015.10.19 08:34:50.959,1.47424,1.47454,1.75,1.00
2015.10.19 08:34:51.265,1.47424,1.47453,1.00,1.50
2015.10.19 08:34:51.776,1.47423,1.47453,1.00,2.25
2015.10.19 08:34:52.725,1.47415,1.47444,1.50,1.75
2015.10.19 08:34:52.931,1.47415,1.47442,1.50,1.12
2015.10.19 08:34:53.594,1.47416,1.47443,1.00,1.50
2015.10.19 08:34:54.026,1.47419,1.4745,1.37,1.87
2015.10.19 08:34:54.078,1.47419,1.47451,1.75,1.50
2015.10.19 08:34:55.481,1.47424,1.47456,1.00,1.75
2015.10.19 08:34:55.584,1.47426,1.47458,1.00,3.75
2015.10.19 08:34:55.789,1.47428,1.47461,1.75,1.75
2015.10.19 08:34:55.945,1.47429,1.47461,1.37,1.75
2015.10.19 08:34:55.997,1.47427,1.4746,1.12,1.75
2015.10.19 08:34:56.252,1.47426,1.4746,1.37,2.25
2015.10.19 08:34:56.789,1.47426,1.47458,1.00,1.75
2015.10.19 08:34:57.735,1.47426,1.47458,1.50,1.75
2015.10.19 08:34:57.786,1.47427,1.47456,1.00,1.00
2015.10.19 08:35:01.048,1.47427,1.47456,1.37,1.00
2015.10.19 08:35:01.100,1.47431,1.47456,1.00,1.00
2015.10.19 08:35:02.147,1.47434,1.47463,1.00,1.75
2015.10.19 08:35:02.198,1.47434,1.47465,1.00,1.87
2015.10.19 08:35:02.302,1.47437,1.47469,1.50,2.25
2015.10.19 08:35:02.458,1.47442,1.47475,1.00,4.12
2015.10.19 08:35:02.611,1.47448,1.47475,1.00,1.87
2015.10.19 08:35:03.094,1.47454,1.47475,1.00,1.00
2015.10.19 08:35:03.148,1.47454,1.47483,1.00,1.00
2015.10.19 08:35:03.657,1.47454,1.47484,1.00,1.00
2015.10.19 08:35:04.886,1.47454,1.47483,1.00,1.00
2015.10.19 08:35:05.396,1.47454,1.47484,1.00,1.00
2015.10.19 08:35:05.499,1.47451,1.47485,1.50,1.75
2015.10.19 08:35:09.788,1.47455,1.47487,1.37,1.75
2015.10.19 08:35:10.095,1.47458,1.4749,1.75,1.12
2015.10.19 08:35:13.332,1.47457,1.47485,1.75,1.00
2015.10.19 08:35:14.166,1.47454,1.47484,1.75,1.00
2015.10.19 08:35:14.217,1.47454,1.47484,1.75,1.12
2015.10.19 08:35:14.888,1.47454,1.47488,1.75,1.37
2015.10.19 08:35:14.939,1.47454,1.47488,1.75,1.12
2015.10.19 08:35:16.076,1.47457,1.47489,1.75,1.00
2015.10.19 08:35:16.591,1.47457,1.47488,1.75,1.00
2015.10.19 08:35:17.355,1.47456,1.47489,1.75,1.12
2015.10.19 08:35:18.780,1.47464,1.47493,1.00,1.75
2015.10.19 08:35:18.832,1.47458,1.47492,1.75,2.25
2015.10.19 08:35:24.641,1.47459,1.47491,1.12,1.75
2015.10.19 08:35:25.479,1.47457,1.47485,1.75,1.00
2015.10.19 08:35:26.024,1.47457,1.47486,1.75,1.12
2015.10.19 08:35:28.813,1.47457,1.47486,1.37,1.50
2015.10.19 08:35:28.865,1.47457,1.47484,1.00,1.50
2015.10.19 08:35:28.967,1.47451,1.47484,1.87,1.50
2015.10.19 08:35:30.102,1.47451,1.47483,1.50,1.50
2015.10.19 08:35:30.153,1.47451,1.47483,1.50,1.75
2015.10.19 08:35:31.645,1.47443,1.47473,1.12,1.75
2015.10.19 08:35:32.161,1.47441,1.47472,1.50,1.75
2015.10.19 08:35:34.709,1.47443,1.4747,1.00,1.12
2015.10.19 08:35:35.201,1.47445,1.47477,1.87,1.75
2015.10.19 08:35:37.078,1.47446,1.47475,1.00,1.50
2015.10.19 08:35:39.181,1.47445,1.47477,1.12,1.75
2015.10.19 08:35:42.254,1.47446,1.47478,1.00,2.25
2015.10.19 08:35:42.481,1.47449,1.47478,1.00,1.75
2015.10.19 08:35:42.584,1.47446,1.47478,1.00,1.75
2015.10.19 08:35:43.112,1.47443,1.47476,1.75,1.75
2015.10.19 08:35:43.636,1.47446,1.47476,1.00,1.75
2015.10.19 08:35:44.252,1.47446,1.47476,1.50,1.75
2015.10.19 08:35:47.099,1.47443,1.47471,1.00,1.00
2015.10.19 08:35:47.151,1.47443,1.47472,1.00,1.75
2015.10.19 08:35:47.253,1.47436,1.47467,1.50,1.37
2015.10.19 08:35:47.356,1.47436,1.47467,1.12,1.75
2015.10.19 08:35:51.735,1.47441,1.47467,1.00,1.75
2015.10.19 08:35:52.259,1.47435,1.47463,1.37,1.00
2015.10.19 08:35:52.361,1.47432,1.47462,1.00,1.75
2015.10.19 08:35:52.668,1.47431,1.47457,1.00,1.12
2015.10.19 08:35:53.166,1.47426,1.47458,1.00,2.25
2015.10.19 08:35:53.321,1.47428,1.47458,1.00,1.75
2015.10.19 08:35:54.761,1.4743,1.47464,1.12,2.25
2015.10.19 08:35:55.328,1.4743,1.47459,1.00,1.75
2015.10.19 08:35:55.584,1.47432,1.47458,1.00,1.00
2015.10.19 08:35:56.487,1.47432,1.47463,1.50,1.75
2015.10.19 08:35:58.588,1.4743,1.47459,1.75,1.00
2015.10.19 08:35:59.178,1.47431,1.47461,1.75,1.50
2015.10.19 08:36:04.496,1.4743,1.47455,1.00,1.75
2015.10.19 08:36:04.548,1.47426,1.47455,1.00,1.75
2015.10.19 08:36:04.600,1.47426,1.47455,1.00,1.75
2015.10.19 08:36:04.702,1.4742,1.47453,1.87,1.75
2015.10.19 08:36:05.679,1.47425,1.47454,1.75,1.00
2015.10.19 08:36:10.770,1.47425,1.47455,1.12,1.75
2015.10.19 08:36:12.346,1.4742,1.47449,1.75,1.00
2015.10.19 08:36:12.398,1.47416,1.47445,1.37,1.00
2015.10.19 08:36:12.449,1.47416,1.47445,1.12,1.00
2015.10.19 08:36:13.182,1.47419,1.47445,1.00,1.00
2015.10.19 08:36:13.335,1.47416,1.47445,2.62,1.00
2015.10.19 08:36:13.438,1.47417,1.4745,1.75,1.75
2015.10.19 08:36:13.965,1.47425,1.47456,1.00,3.00
2015.10.19 08:36:14.119,1.47425,1.47456,1.00,1.75
2015.10.19 08:36:14.629,1.47426,1.47456,1.00,1.75
2015.10.19 08:36:15.667,1.47425,1.47456,1.00,1.75
2015.10.19 08:36:16.339,1.47424,1.47456,1.12,1.75
2015.10.19 08:36:17.038,1.47425,1.47457,1.00,1.75
2015.10.19 08:36:21.981,1.47424,1.47457,1.12,1.75
2015.10.19 08:36:22.185,1.47424,1.47457,1.50,1.75
2015.10.19 08:36:22.391,1.47425,1.47457,1.00,1.75
2015.10.19 08:36:23.262,1.47425,1.47457,1.87,1.75
2015.10.19 08:36:23.314,1.47426,1.47457,1.87,1.75
2015.10.19 08:36:24.280,1.47427,1.47457,1.37,1.75
2015.10.19 08:36:24.881,1.4743,1.47459,1.00,2.25
2015.10.19 08:36:26.600,1.47435,1.47466,1.00,1.75
2015.10.19 08:36:26.651,1.47435,1.47468,1.00,1.75
2015.10.19 08:36:27.055,1.47439,1.47469,1.00,1.75
2015.10.19 08:36:28.725,1.47436,1.47469,1.37,1.75
2015.10.19 08:36:29.871,1.47434,1.47462,1.37,1.00
2015.10.19 08:36:29.923,1.47434,1.47462,1.12,1.00
2015.10.19 08:36:30.076,1.47431,1.47464,3.00,1.75
2015.10.19 08:36:31.035,1.47432,1.47465,1.12,1.75
2015.10.19 08:36:31.137,1.47432,1.47463,1.12,2.25
2015.10.19 08:36:31.292,1.47432,1.47464,1.00,1.75
2015.10.19 08:36:31.547,1.47438,1.47462,1.00,1.50
2015.10.19 08:36:31.651,1.47432,1.47465,1.75,1.75
2015.10.19 08:36:32.175,1.47433,1.47462,1.00,1.00
2015.10.19 08:36:32.482,1.47432,1.4746,1.00,1.00
2015.10.19 08:36:32.923,1.47428,1.4746,3.00,1.00
2015.10.19 08:36:32.975,1.47435,1.47464,1.00,1.00
2015.10.19 08:36:33.673,1.47435,1.47465,1.00,1.00
2015.10.19 08:36:34.564,1.47436,1.47465,1.00,1.00
2015.10.19 08:36:34.667,1.47437,1.47468,1.75,1.12
2015.10.19 08:36:39.489,1.47437,1.47471,1.75,1.12
2015.10.19 08:36:39.796,1.47437,1.47471,1.75,1.75
2015.10.19 08:36:40.980,1.47437,1.47465,1.00,1.00
2015.10.19 08:36:41.779,1.47436,1.47465,1.50,1.00
2015.10.19 08:36:44.032,1.47437,1.47465,1.00,1.00
2015.10.19 08:36:45.441,1.47436,1.47465,1.00,1.50
2015.10.19 08:36:46.908,1.4744,1.47469,1.00,1.00
2015.10.19 08:36:47.432,1.4744,1.4747,1.00,1.50
2015.10.19 08:36:48.829,1.4744,1.47469,1.00,1.00
2015.10.19 08:36:49.338,1.4744,1.4747,1.50,1.00
2015.10.19 08:36:50.396,1.47441,1.47474,1.75,2.25
2015.10.19 08:36:52.708,1.47441,1.4747,1.00,1.00
2015.10.19 08:36:54.820,1.47437,1.47469,1.50,1.50
2015.10.19 08:36:56.229,1.47439,1.47468,1.00,1.12
2015.10.19 08:36:56.780,1.47436,1.47467,1.75,1.00
2015.10.19 08:36:56.835,1.47438,1.47467,1.00,1.00
2015.10.19 08:36:57.346,1.47438,1.47465,1.00,1.00
2015.10.19 08:36:58.099,1.47438,1.47467,1.00,1.50
2015.10.19 08:36:59.014,1.47435,1.47469,1.75,1.37
2015.10.19 08:36:59.065,1.47436,1.4747,1.75,2.25
2015.10.19 08:36:59.558,1.47441,1.47467,1.00,1.00
2015.10.19 08:36:59.767,1.47436,1.47469,1.75,1.12
2015.10.19 08:37:00.225,1.47439,1.47472,1.75,1.87
2015.10.19 08:37:00.277,1.47441,1.47474,2.25,1.37
2015.10.19 08:37:00.328,1.47441,1.47474,3.75,1.00
2015.10.19 08:37:01.365,1.47445,1.47474,1.00,1.00
2015.10.19 08:37:03.198,1.47445,1.47471,1.00,1.00
2015.10.19 08:37:03.456,1.47437,1.47471,1.75,2.25
2015.10.19 08:37:04.064,1.47437,1.47459,1.37,1.00
2015.10.19 08:37:04.121,1.47426,1.47459,1.87,1.37
2015.10.19 08:37:04.172,1.47426,1.47459,1.87,1.75
2015.10.19 08:37:08.731,1.47423,1.47454,1.12,1.37
2015.10.19 08:37:08.783,1.47424,1.47454,1.00,1.75
2015.10.19 08:37:10.845,1.47421,1.4745,1.37,1.00
2015.10.19 08:37:10.897,1.47419,1.4745,1.12,1.37
2015.10.19 08:37:12.326,1.47418,1.47452,1.37,2.25
2015.10.19 08:37:12.377,1.47418,1.47452,1.12,2.25
2015.10.19 08:37:14.443,1.47412,1.47447,2.62,1.75
2015.10.19 08:37:14.494,1.47412,1.47443,1.87,1.50
2015.10.19 08:37:14.940,1.4741,1.47441,1.37,1.75
2015.10.19 08:37:15.145,1.47411,1.47439,1.12,1.50
2015.10.19 08:37:15.196,1.47405,1.47439,1.12,1.75
2015.10.19 08:37:15.656,1.47405,1.47435,1.37,1.00
2015.10.19 08:37:16.280,1.47405,1.47437,1.37,1.50
2015.10.19 08:37:17.146,1.47405,1.47438,2.25,1.75
2015.10.19 08:37:17.782,1.47404,1.47436,1.50,1.75
2015.10.19 08:37:18.242,1.4741,1.47438,1.00,1.50
2015.10.19 08:37:18.293,1.4741,1.47438,1.00,1.50
2015.10.19 08:37:18.345,1.4741,1.47438,1.37,1.12
2015.10.19 08:37:18.397,1.4741,1.47444,1.75,1.75
2015.10.19 08:37:18.448,1.47416,1.47448,1.12,1.75
2015.10.19 08:37:18.500,1.47416,1.47446,1.50,1.00
2015.10.19 08:37:18.653,1.47418,1.47446,1.00,1.00
2015.10.19 08:37:19.380,1.47421,1.47449,1.00,1.00
2015.10.19 08:37:21.299,1.47419,1.47449,1.00,1.00
2015.10.19 08:37:21.698,1.47421,1.47449,1.00,1.00
2015.10.19 08:37:22.732,1.47424,1.47449,1.00,1.00
2015.10.19 08:37:22.937,1.47419,1.47449,1.00,1.50
2015.10.19 08:37:31.113,1.47417,1.47446,1.50,1.37
2015.10.19 08:37:31.165,1.47417,1.47446,1.12,1.75
2015.10.19 08:37:33.107,1.47415,1.47447,1.37,1.75
2015.10.19 08:37:34.213,1.47419,1.4745,1.00,1.12
2015.10.19 08:37:34.265,1.47419,1.4745,1.00,1.12
2015.10.19 08:37:34.675,1.47414,1.47449,1.12,1.75
2015.10.19 08:37:34.981,1.47414,1.47449,1.12,2.25
2015.10.19 08:37:36.773,1.47416,1.47449,1.37,1.50
2015.10.19 08:37:36.825,1.47416,1.47449,1.12,1.50
2015.10.19 08:37:36.978,1.47415,1.47451,1.87,1.75
2015.10.19 08:37:37.030,1.47416,1.4745,1.00,1.75
2015.10.19 08:37:39.217,1.47419,1.47451,1.00,2.25
2015.10.19 08:37:39.671,1.47421,1.47453,1.00,1.75
2015.10.19 08:37:40.199,1.47419,1.47453,1.50,1.75
2015.10.19 08:37:41.361,1.47422,1.47457,1.12,2.25
2015.10.19 08:37:41.924,1.47424,1.47456,1.00,1.75
2015.10.19 08:37:42.028,1.47422,1.47455,1.12,1.75
2015.10.19 08:37:42.669,1.47418,1.47451,1.75,1.37
2015.10.19 08:37:42.823,1.47419,1.47449,1.00,1.00
2015.10.19 08:37:43.398,1.47419,1.47448,1.00,1.00
2015.10.19 08:37:43.787,1.47421,1.47449,1.00,1.00
2015.10.19 08:37:44.157,1.47421,1.47453,1.37,1.50
2015.10.19 08:37:44.215,1.47426,1.47453,1.00,1.00
2015.10.19 08:37:44.368,1.47423,1.47453,1.00,1.00
2015.10.19 08:37:45.774,1.47425,1.47453,1.00,1.00
2015.10.19 08:37:46.132,1.47431,1.47453,1.00,1.00
2015.10.19 08:37:46.184,1.47431,1.47459,1.00,1.75
2015.10.19 08:37:46.389,1.47431,1.47462,1.50,1.50
2015.10.19 08:37:46.492,1.47436,1.47466,1.00,2.62
2015.10.19 08:37:48.426,1.47432,1.47466,1.12,1.75
2015.10.19 08:37:49.780,1.47441,1.47473,1.00,1.12
2015.10.19 08:37:50.137,1.47443,1.47477,1.00,2.62
2015.10.19 08:37:53.779,1.47443,1.47477,1.75,1.75
2015.10.19 08:37:54.593,1.4744,1.47469,1.12,1.00
2015.10.19 08:37:54.696,1.47435,1.47466,1.37,1.37
2015.10.19 08:37:54.801,1.47432,1.47466,1.50,2.25
2015.10.19 08:37:54.853,1.47432,1.47464,1.12,1.75
2015.10.19 08:37:54.904,1.47432,1.47464,1.75,1.50
2015.10.19 08:37:56.341,1.47435,1.47466,1.00,1.75
2015.10.19 08:37:56.850,1.4743,1.47465,1.12,3.00
2015.10.19 08:37:58.338,1.47435,1.47465,1.00,3.00
2015.10.19 08:37:58.491,1.47438,1.47471,1.00,2.62
2015.10.19 08:37:58.594,1.47438,1.47471,1.00,1.12
2015.10.19 08:38:00.305,1.47436,1.47469,1.50,2.25
2015.10.19 08:38:00.762,1.47435,1.47466,1.87,1.37
2015.10.19 08:38:01.281,1.47435,1.47463,1.00,1.00
2015.10.19 08:38:09.243,1.47435,1.47462,1.00,1.00
2015.10.19 08:38:09.762,1.47434,1.47462,1.00,1.00
2015.10.19 08:38:10.068,1.47431,1.4746,1.50,1.50
2015.10.19 08:38:14.754,1.47431,1.47458,1.50,1.00
2015.10.19 08:38:15.538,1.47431,1.4746,1.50,1.50
2015.10.19 08:38:19.048,1.4743,1.47458,1.75,1.00
2015.10.19 08:38:19.880,1.4743,1.47459,1.75,1.12
2015.10.19 08:38:20.531,1.47435,1.47459,1.00,1.12
2015.10.19 08:38:20.685,1.47431,1.47459,1.50,1.12
2015.10.19 08:38:31.203,1.47431,1.4746,1.50,1.50
2015.10.19 08:38:32.123,1.47431,1.4746,1.37,1.12
2015.10.19 08:38:32.639,1.47434,1.47462,1.00,1.00
2015.10.19 08:38:33.244,1.47436,1.47462,1.00,1.00
2015.10.19 08:38:33.305,1.47434,1.47462,1.00,1.00
2015.10.19 08:38:34.525,1.47434,1.47464,1.00,1.50
2015.10.19 08:38:53.057,1.47434,1.47464,1.37,1.50
2015.10.19 08:38:55.878,1.47432,1.47464,1.87,1.12
2015.10.19 08:38:56.629,1.47432,1.47459,1.50,1.00
2015.10.19 08:38:56.884,1.47428,1.47459,1.50,2.25
2015.10.19 08:38:58.988,1.47428,1.47458,1.00,1.75
2015.10.19 08:38:59.829,1.47426,1.47457,1.50,1.75
2015.10.19 08:39:01.735,1.47426,1.47456,1.87,1.75
2015.10.19 08:39:01.939,1.47421,1.47453,1.87,1.50
2015.10.19 08:39:02.512,1.47423,1.47452,1.12,1.37
2015.10.19 08:39:04.851,1.47423,1.4745,1.12,1.00
2015.10.19 08:39:05.463,1.47423,1.47452,1.12,1.37
2015.10.19 08:39:06.812,1.47423,1.4745,1.12,1.00
2015.10.19 08:39:07.572,1.47423,1.47452,1.12,1.37
2015.10.19 08:39:12.248,1.47425,1.47456,1.00,1.75
2015.10.19 08:39:12.776,1.47426,1.47455,1.00,1.75
2015.10.19 08:39:13.250,1.47423,1.47455,1.50,2.25
2015.10.19 08:39:13.792,1.4742,1.4745,1.87,1.00
2015.10.19 08:39:14.308,1.47421,1.47447,1.50,1.00
2015.10.19 08:39:15.236,1.47421,1.4745,1.50,1.00
2015.10.19 08:39:16.172,1.47421,1.47451,1.50,1.12
2015.10.19 08:39:16.835,1.47419,1.4745,1.75,1.00
2015.10.19 08:39:17.634,1.47422,1.4745,1.00,1.50
2015.10.19 08:39:19.267,1.47419,1.4745,1.87,1.87
2015.10.19 08:39:19.319,1.47419,1.4745,1.87,2.25
2015.10.19 08:39:20.426,1.4742,1.47447,1.12,1.00
2015.10.19 08:39:20.946,1.47423,1.4745,1.12,1.00
2015.10.19 08:39:21.600,1.4742,1.47453,1.75,2.25
2015.10.19 08:39:23.919,1.47425,1.47453,1.00,1.75
2015.10.19 08:39:25.226,1.47423,1.47454,1.12,1.75
2015.10.19 08:39:28.874,1.47422,1.47453,1.12,2.25
2015.10.19 08:39:29.374,1.47422,1.47453,1.37,2.25
2015.10.19 08:39:29.919,1.47422,1.47453,1.12,1.75
2015.10.19 08:39:32.093,1.4742,1.47453,1.87,2.25
2015.10.19 08:39:37.563,1.47422,1.47452,1.37,1.00
2015.10.19 08:39:38.179,1.47422,1.47452,1.00,1.00
2015.10.19 08:39:40.492,1.47422,1.47451,1.00,1.00
2015.10.19 08:39:41.005,1.47422,1.47448,1.00,1.00
2015.10.19 08:39:41.056,1.47418,1.47448,1.12,1.12
2015.10.19 08:39:41.109,1.47421,1.47445,1.00,1.00
2015.10.19 08:39:41.313,1.47416,1.47449,3.00,1.75
2015.10.19 08:39:41.365,1.47418,1.47449,1.12,1.00
2015.10.19 08:39:41.568,1.47419,1.47448,1.50,1.00
2015.10.19 08:39:42.114,1.47419,1.47447,1.00,1.00
2015.10.19 08:39:43.198,1.47421,1.47452,1.50,1.50
2015.10.19 08:39:49.317,1.47425,1.47455,1.00,1.75
2015.10.19 08:39:49.368,1.47426,1.47458,1.75,1.50
2015.10.19 08:39:49.572,1.4743,1.4746,1.75,1.12
2015.10.19 08:39:49.980,1.47433,1.47462,1.00,1.75
2015.10.19 08:39:50.847,1.47428,1.47461,1.75,1.75
2015.10.19 08:39:51.357,1.47428,1.47457,1.75,1.00
2015.10.19 08:39:52.181,1.4743,1.47462,2.25,1.75
2015.10.19 08:39:52.238,1.47433,1.47462,1.00,1.37
2015.10.19 08:39:52.446,1.47433,1.47463,1.00,1.00
2015.10.19 08:39:56.615,1.47433,1.47462,1.12,1.00
2015.10.19 08:39:57.477,1.47433,1.47462,1.37,1.00
2015.10.19 08:39:57.640,1.47433,1.47462,1.00,1.00
2015.10.19 08:39:59.493,1.47433,1.47461,1.00,1.00
2015.10.19 08:40:00.730,1.47433,1.47462,1.00,1.00
2015.10.19 08:40:01.280,1.47433,1.47463,1.00,1.50
2015.10.19 08:40:01.787,1.47433,1.47463,1.37,1.50
2015.10.19 08:40:07.474,1.47433,1.47463,1.00,1.00
2015.10.19 08:40:12.230,1.47432,1.47464,1.37,3.00
2015.10.19 08:40:15.923,1.47431,1.4746,1.37,1.00
2015.10.19 08:40:18.413,1.47436,1.4746,1.00,1.00
2015.10.19 08:40:18.516,1.47431,1.4746,1.37,1.00
2015.10.19 08:40:21.383,1.4743,1.4746,2.62,1.00
2015.10.19 08:40:22.468,1.4743,1.47462,1.87,2.25
2015.10.19 08:40:24.244,1.47431,1.47462,1.37,1.75
2015.10.19 08:40:24.656,1.47435,1.47464,1.00,2.25
2015.10.19 08:40:27.059,1.4743,1.47464,2.25,2.25
2015.10.19 08:40:27.899,1.47435,1.47464,1.00,2.25
2015.10.19 08:40:33.646,1.47431,1.47463,1.37,1.75
2015.10.19 08:40:35.610,1.4743,1.47463,2.25,1.75
2015.10.19 08:40:39.421,1.47432,1.47463,1.00,1.75
2015.10.19 08:40:39.587,1.47436,1.47463,1.00,1.75
2015.10.19 08:40:42.204,1.47432,1.47463,1.37,1.75
2015.10.19 08:40:43.145,1.47437,1.47464,1.00,1.75
2015.10.19 08:40:43.196,1.47437,1.47464,1.00,1.75
2015.10.19 08:40:43.504,1.47434,1.47464,1.00,1.75
2015.10.19 08:40:44.135,1.47436,1.47464,1.00,1.75
2015.10.19 08:40:45.620,1.47435,1.47465,1.00,1.75
2015.10.19 08:40:46.123,1.47434,1.47465,1.00,1.75
2015.10.19 08:40:55.057,1.47435,1.47464,1.00,2.25
2015.10.19 08:40:55.845,1.47434,1.47464,1.00,1.75
2015.10.19 08:40:57.721,1.47432,1.47464,1.37,1.75
2015.10.19 08:41:01.504,1.47433,1.47464,1.87,1.50
2015.10.19 08:41:02.053,1.47436,1.47464,1.00,1.37
2015.10.19 08:41:02.568,1.47433,1.47464,1.50,1.50
2015.10.19 08:41:03.296,1.47431,1.47463,1.87,1.75
2015.10.19 08:41:03.348,1.47431,1.47463,1.12,1.75
2015.10.19 08:41:10.085,1.47432,1.47463,1.00,1.12
2015.10.19 08:41:13.097,1.47431,1.47461,1.87,1.12
2015.10.19 08:41:21.118,1.47432,1.47463,1.00,1.12
2015.10.19 08:41:21.654,1.47429,1.47455,1.37,1.00
2015.10.19 08:41:21.959,1.47425,1.47454,1.12,1.75
2015.10.19 08:41:22.686,1.4742,1.47453,1.50,2.25
2015.10.19 08:41:22.940,1.4742,1.4745,1.00,2.25
2015.10.19 08:41:22.992,1.47417,1.47447,1.37,1.75
2015.10.19 08:41:23.638,1.47428,1.47449,1.00,2.25
2015.10.19 08:41:23.689,1.47428,1.47446,1.00,1.00
2015.10.19 08:41:24.604,1.4744,1.47462,1.50,1.00
2015.10.19 08:41:24.662,1.47452,1.47469,1.00,1.09
2015.10.19 08:41:24.970,1.47467,1.47483,1.00,1.09
2015.10.19 08:41:25.022,1.47469,1.47489,1.00,3.00
2015.10.19 08:41:25.074,1.47471,1.4749,1.00,1.75
2015.10.19 08:41:25.176,1.47471,1.4749,1.00,1.00
2015.10.19 08:41:26.102,1.47471,1.47496,1.00,1.00
2015.10.19 08:41:26.416,1.47469,1.47496,1.00,1.00
2015.10.19 08:41:26.593,1.47471,1.47496,1.00,1.12
2015.10.19 08:41:27.793,1.4747,1.47496,1.00,1.12
2015.10.19 08:41:28.667,1.4747,1.47494,1.00,1.00
2015.10.19 08:41:29.308,1.47458,1.4749,1.00,2.21
2015.10.19 08:41:29.360,1.47455,1.47485,1.00,1.00
2015.10.19 08:41:29.668,1.47454,1.47481,1.00,1.00
2015.10.19 08:41:29.771,1.47454,1.47484,1.00,1.00
2015.10.19 08:41:30.927,1.47455,1.47484,1.00,1.00
2015.10.19 08:41:31.131,1.47453,1.47484,1.00,1.50
2015.10.19 08:41:31.437,1.47451,1.47484,1.00,1.00
2015.10.19 08:41:32.218,1.47452,1.47484,1.00,1.50
2015.10.19 08:41:32.270,1.47451,1.47479,1.00,1.00
2015.10.19 08:41:32.473,1.47451,1.47482,1.00,1.00
2015.10.19 08:41:32.677,1.47453,1.47482,1.00,1.00
2015.10.19 08:41:33.022,1.47455,1.47482,1.00,1.00
2015.10.19 08:41:33.831,1.47454,1.47484,1.00,1.00
2015.10.19 08:41:34.188,1.47462,1.47488,1.00,1.00
2015.10.19 08:41:34.291,1.47462,1.47493,1.00,1.37
2015.10.19 08:41:34.343,1.47468,1.47491,1.00,1.37
2015.10.19 08:41:34.547,1.47472,1.47501,1.00,1.00
2015.10.19 08:41:35.477,1.47478,1.47504,1.00,1.00
2015.10.19 08:41:35.528,1.47478,1.47507,1.00,1.12
2015.10.19 08:41:35.738,1.47474,1.47507,1.00,1.00
2015.10.19 08:41:36.148,1.47475,1.47505,1.00,1.00
2015.10.19 08:41:36.200,1.47473,1.47504,1.00,1.00
2015.10.19 08:41:36.719,1.47477,1.4751,1.00,1.00
2015.10.19 08:41:37.130,1.47477,1.4751,1.00,1.87
2015.10.19 08:41:37.438,1.47473,1.47503,1.00,1.00
2015.10.19 08:41:37.962,1.47473,1.47505,1.00,1.00
2015.10.19 08:41:38.065,1.47473,1.475,1.50,1.00
2015.10.19 08:41:38.269,1.47473,1.47504,1.50,1.00
2015.10.19 08:41:38.894,1.47473,1.47499,1.50,1.00
2015.10.19 08:41:39.418,1.47473,1.47504,1.50,1.00
2015.10.19 08:41:39.888,1.47474,1.47499,1.00,1.00
2015.10.19 08:41:40.144,1.47474,1.47504,1.50,1.00
2015.10.19 08:41:40.246,1.47476,1.47504,1.00,1.00
2015.10.19 08:41:40.678,1.47474,1.47505,1.00,1.00
2015.10.19 08:41:40.780,1.47474,1.47509,1.00,1.00
2015.10.19 08:41:40.832,1.47477,1.47509,1.00,1.00
2015.10.19 08:41:41.140,1.4748,1.4751,1.00,1.46
2015.10.19 08:41:41.243,1.47476,1.4751,1.00,1.46
2015.10.19 08:41:41.345,1.47473,1.47505,1.50,1.00
2015.10.19 08:41:42.119,1.47473,1.47504,1.50,1.00
2015.10.19 08:41:42.170,1.47473,1.47499,1.00,1.00
2015.10.19 08:41:43.096,1.47473,1.475,1.00,1.00
2015.10.19 08:41:43.982,1.47473,1.47499,1.00,1.00
2015.10.19 08:41:44.742,1.47473,1.475,1.00,1.00
2015.10.19 08:41:45.371,1.47471,1.47499,1.00,1.00
2015.10.19 08:41:46.051,1.47471,1.47494,1.00,1.00
2015.10.19 08:41:46.308,1.47471,1.47499,1.00,1.00
2015.10.19 08:41:46.410,1.47467,1.47494,1.00,1.00
2015.10.19 08:41:48.967,1.47467,1.47495,1.00,1.00
2015.10.19 08:41:49.275,1.47465,1.47495,1.50,1.00
2015.10.19 08:41:49.380,1.47471,1.47494,1.00,1.00
2015.10.19 08:41:49.533,1.47468,1.47495,1.00,1.00
2015.10.19 08:41:50.381,1.47468,1.47494,1.00,1.00
2015.10.19 08:41:50.959,1.47467,1.47494,1.00,1.00
2015.10.19 08:41:51.528,1.4747,1.47494,1.00,1.00
2015.10.19 08:41:51.581,1.47467,1.47495,1.50,1.00
2015.10.19 08:41:52.092,1.4747,1.47494,1.00,1.00
2015.10.19 08:41:52.348,1.4747,1.47499,1.00,1.00
2015.10.19 08:41:52.450,1.4747,1.47494,1.00,1.00
2015.10.19 08:41:52.833,1.47473,1.47494,1.00,1.00
2015.10.19 08:41:53.291,1.4747,1.47494,1.00,1.00
2015.10.19 08:41:53.519,1.47475,1.47495,1.00,1.00
2015.10.19 08:41:54.081,1.47475,1.47494,1.00,1.00
2015.10.19 08:41:54.133,1.47475,1.475,1.00,1.00
2015.10.19 08:41:55.067,1.47476,1.47499,1.00,1.00
2015.10.19 08:41:55.220,1.47478,1.47499,1.00,1.00
2015.10.19 08:41:55.745,1.47477,1.47499,1.00,1.00
2015.10.19 08:41:55.949,1.47477,1.47504,1.00,1.00
2015.10.19 08:41:56.103,1.47479,1.47504,1.00,1.00
2015.10.19 08:41:56.587,1.47477,1.47504,1.00,1.00
2015.10.19 08:41:56.639,1.47483,1.47504,1.00,1.00
2015.10.19 08:41:56.846,1.47487,1.47509,1.00,1.00
2015.10.19 08:41:57.308,1.4749,1.4751,1.00,1.00
2015.10.19 08:41:57.738,1.47487,1.4751,2.25,1.00
2015.10.19 08:41:58.068,1.47489,1.4751,1.00,1.00
2015.10.19 08:41:59.661,1.47489,1.47515,1.00,1.00
2015.10.19 08:41:59.715,1.47492,1.47515,1.00,1.00
2015.10.19 08:42:00.277,1.47495,1.47515,1.00,1.00
2015.10.19 08:42:00.933,1.47501,1.47519,1.00,1.00
2015.10.19 08:42:02.568,1.47501,1.47525,1.00,1.00
2015.10.19 08:42:02.887,1.47501,1.4752,1.00,1.00
2015.10.19 08:42:03.453,1.475,1.47525,1.00,1.00
2015.10.19 08:42:04.233,1.47501,1.47525,1.00,1.00
2015.10.19 08:42:04.995,1.475,1.47525,1.00,1.00
2015.10.19 08:42:05.508,1.47498,1.47525,1.00,1.12
2015.10.19 08:42:05.936,1.47491,1.47515,1.00,1.00
2015.10.19 08:42:06.449,1.47492,1.47514,1.12,1.00
2015.10.19 08:42:08.436,1.47493,1.47514,1.00,1.00
2015.10.19 08:42:09.049,1.47495,1.47515,1.50,1.00
2015.10.19 08:42:09.720,1.47497,1.47515,1.00,1.00
2015.10.19 08:42:10.026,1.47499,1.47519,1.12,1.00
2015.10.19 08:42:11.297,1.47503,1.47514,1.00,1.00
2015.10.19 08:42:11.402,1.47501,1.47514,1.00,1.00
2015.10.19 08:42:12.136,1.47499,1.47514,1.12,1.00
2015.10.19 08:42:12.292,1.47501,1.47514,1.00,1.00
2015.10.19 08:42:12.394,1.47499,1.47514,1.12,1.00
2015.10.19 08:42:12.497,1.47501,1.47514,1.00,1.00
2015.10.19 08:42:13.039,1.475,1.47515,1.00,1.00
2015.10.19 08:42:13.583,1.475,1.47514,1.00,1.00
2015.10.19 08:42:14.484,1.475,1.47509,1.00,1.00
2015.10.19 08:42:14.536,1.47497,1.4751,1.00,1.00
2015.10.19 08:42:15.085,1.47496,1.4751,1.00,1.00
2015.10.19 08:42:16.166,1.47493,1.4751,1.00,1.00
2015.10.19 08:42:17.064,1.47493,1.47509,1.00,1.00
2015.10.19 08:42:17.938,1.47491,1.47509,1.37,1.00
2015.10.19 08:42:18.446,1.47491,1.4751,1.00,1.00
2015.10.19 08:42:18.977,1.4749,1.4751,1.12,1.00
2015.10.19 08:42:19.723,1.47492,1.47509,1.00,1.00
2015.10.19 08:42:19.774,1.4749,1.47509,1.12,1.00
2015.10.19 08:42:21.365,1.4749,1.47504,1.12,1.00
2015.10.19 08:42:22.068,1.47488,1.47504,1.00,1.00
2015.10.19 08:42:22.170,1.47488,1.47499,1.00,1.00
2015.10.19 08:42:22.681,1.47489,1.47499,1.00,1.00
2015.10.19 08:42:23.215,1.47488,1.47499,1.00,1.00
2015.10.19 08:42:25.473,1.47488,1.475,1.00,1.00
2015.10.19 08:42:26.015,1.47489,1.475,1.00,1.00
2015.10.19 08:42:26.314,1.47489,1.47504,1.00,1.00
2015.10.19 08:42:26.822,1.47488,1.47504,1.00,1.00
2015.10.19 08:42:26.873,1.47488,1.475,1.00,1.00
2015.10.19 08:42:29.624,1.47486,1.475,1.00,1.00
2015.10.19 08:42:30.186,1.47482,1.47499,1.00,1.00
2015.10.19 08:42:30.994,1.47481,1.47499,1.00,1.00
2015.10.19 08:42:31.502,1.47479,1.47499,1.50,1.00
2015.10.19 08:42:32.023,1.47481,1.47499,1.00,1.00
2015.10.19 08:42:32.546,1.47479,1.475,1.50,1.00
2015.10.19 08:42:32.830,1.47478,1.47499,1.00,1.00
2015.10.19 08:42:33.263,1.47478,1.47494,1.00,1.00
2015.10.19 08:42:33.721,1.4748,1.47499,1.00,1.00
2015.10.19 08:42:34.247,1.47484,1.475,1.00,1.00
2015.10.19 08:42:34.553,1.47488,1.47504,1.00,1.00
2015.10.19 08:42:35.927,1.47487,1.47504,1.12,1.00
2015.10.19 08:42:37.558,1.47487,1.47505,1.12,1.00
2015.10.19 08:42:39.000,1.47486,1.47504,1.37,1.00
2015.10.19 08:42:39.308,1.4749,1.47504,1.00,1.00
2015.10.19 08:42:39.412,1.4749,1.4751,1.00,1.00
2015.10.19 08:42:39.668,1.47487,1.4751,1.12,1.00
2015.10.19 08:42:39.771,1.47489,1.4751,1.00,1.00
2015.10.19 08:42:40.412,1.47488,1.4751,1.00,1.00
2015.10.19 08:42:40.718,1.47488,1.47505,1.00,1.00
2015.10.19 08:42:41.230,1.47486,1.47505,1.37,1.00
2015.10.19 08:42:41.817,1.47488,1.47505,1.00,1.00
2015.10.19 08:42:42.402,1.47487,1.47505,1.12,1.00
2015.10.19 08:42:43.282,1.47488,1.47505,1.00,1.00
2015.10.19 08:42:43.487,1.47487,1.47509,1.12,1.00
2015.10.19 08:42:44.095,1.47488,1.47509,1.00,1.00
2015.10.19 08:42:44.639,1.47487,1.47509,1.12,1.00
2015.10.19 08:42:45.250,1.47488,1.47509,1.00,1.00
2015.10.19 08:42:45.957,1.47484,1.47509,1.75,1.00
2015.10.19 08:42:46.487,1.4749,1.47509,1.00,1.00
2015.10.19 08:42:46.998,1.47491,1.47509,1.00,1.00
2015.10.19 08:42:47.049,1.47488,1.47509,1.00,1.00
2015.10.19 08:42:48.020,1.47489,1.47505,1.00,1.00
2015.10.19 08:42:48.123,1.47486,1.47505,1.37,1.00
2015.10.19 08:42:48.633,1.47485,1.47504,1.50,1.00
2015.10.19 08:42:49.479,1.47485,1.47505,1.50,1.00
2015.10.19 08:42:50.058,1.47484,1.47499,1.75,1.00
2015.10.19 08:42:50.314,1.47485,1.47504,1.50,1.00
2015.10.19 08:42:50.524,1.47487,1.47499,1.00,1.00
2015.10.19 08:42:50.999,1.47484,1.47499,1.12,1.00
2015.10.19 08:42:51.203,1.47486,1.47499,1.00,1.00
2015.10.19 08:42:51.409,1.47484,1.47499,1.12,1.00
2015.10.19 08:42:51.513,1.47486,1.47499,1.00,1.00
2015.10.19 08:42:52.092,1.47487,1.47499,1.00,1.00
2015.10.19 08:42:52.732,1.47486,1.47499,1.00,1.00
2015.10.19 08:42:52.791,1.47486,1.47505,1.00,1.00
2015.10.19 08:42:53.858,1.47486,1.47504,1.00,1.00
2015.10.19 08:42:56.924,1.47486,1.47499,1.00,1.00
2015.10.19 08:42:57.027,1.47484,1.47499,1.12,1.00
2015.10.19 08:42:58.342,1.47482,1.475,1.50,1.00
2015.10.19 08:42:58.897,1.47484,1.47504,1.12,1.00
2015.10.19 08:42:59.052,1.47484,1.47504,1.75,1.00
2015.10.19 08:43:00.015,1.47485,1.47514,1.50,1.50
2015.10.19 08:43:00.071,1.47485,1.4751,1.00,1.00
2015.10.19 08:43:00.122,1.47495,1.4751,1.00,1.00
2015.10.19 08:43:00.174,1.47495,1.47514,1.00,1.00
2015.10.19 08:43:00.329,1.47501,1.4752,1.00,1.00
2015.10.19 08:43:00.637,1.4751,1.47524,1.12,1.00
2015.10.19 08:43:01.106,1.47513,1.47524,1.00,1.00
2015.10.19 08:43:01.311,1.4752,1.47535,1.00,1.00
2015.10.19 08:43:01.830,1.47519,1.47534,1.00,1.00
2015.10.19 08:43:02.519,1.47521,1.47534,1.00,1.00
2015.10.19 08:43:02.625,1.4752,1.47539,1.00,1.00
2015.10.19 08:43:03.036,1.47519,1.47534,1.00,1.00
2015.10.19 08:43:05.066,1.4752,1.47534,1.00,1.00
2015.10.19 08:43:09.876,1.4752,1.47539,1.00,1.00
2015.10.19 08:43:10.233,1.47518,1.47539,1.12,1.00
2015.10.19 08:43:10.335,1.4752,1.47544,1.00,1.00
2015.10.19 08:43:10.437,1.47529,1.47544,1.00,1.00
2015.10.19 08:43:10.925,1.47529,1.4755,1.00,1.12
2015.10.19 08:43:11.079,1.4753,1.47545,1.00,1.00
2015.10.19 08:43:11.284,1.47531,1.47549,1.00,1.00
2015.10.19 08:43:11.844,1.47531,1.47544,1.00,1.00
2015.10.19 08:43:12.100,1.47534,1.47549,1.00,1.00
2015.10.19 08:43:13.099,1.47532,1.47555,1.00,1.12
2015.10.19 08:43:13.304,1.47532,1.47549,1.00,1.00
2015.10.19 08:43:13.832,1.47533,1.47549,1.00,1.00
2015.10.19 08:43:13.987,1.47531,1.47549,1.00,1.00
2015.10.19 08:43:14.871,1.47529,1.47549,1.00,1.00
2015.10.19 08:43:15.178,1.47531,1.47549,1.00,1.00
2015.10.19 08:43:15.980,1.4753,1.4755,1.00,1.00
2015.10.19 08:43:16.032,1.47528,1.4755,1.00,1.00
2015.10.19 08:43:17.694,1.47526,1.47545,1.00,1.00
2015.10.19 08:43:18.359,1.47526,1.4755,1.00,1.00
2015.10.19 08:43:18.462,1.47526,1.47544,1.00,1.00
2015.10.19 08:43:18.564,1.47526,1.47549,1.00,1.00
2015.10.19 08:43:19.295,1.47523,1.47544,1.00,1.00
2015.10.19 08:43:19.601,1.47522,1.4754,1.00,1.00
2015.10.19 08:43:19.652,1.47522,1.47544,1.00,1.00
2015.10.19 08:43:19.910,1.47517,1.47535,1.00,1.00
2015.10.19 08:43:20.396,1.4752,1.47534,1.00,1.00
2015.10.19 08:43:20.759,1.47521,1.4754,1.00,1.00
2015.10.19 08:43:21.014,1.47521,1.47534,1.00,1.00
2015.10.19 08:43:21.116,1.47521,1.47539,1.00,1.00
2015.10.19 08:43:21.679,1.4752,1.47534,1.00,1.00
2015.10.19 08:43:22.188,1.47519,1.47535,1.00,1.00
2015.10.19 08:43:22.240,1.47517,1.47535,1.00,1.00
2015.10.19 08:43:22.292,1.47517,1.47529,1.00,1.00
2015.10.19 08:43:22.546,1.47514,1.47529,1.00,1.00
2015.10.19 08:43:24.077,1.47514,1.47524,1.00,1.00
2015.10.19 08:43:24.785,1.47514,1.4753,1.00,1.00
2015.10.19 08:43:24.990,1.47512,1.47529,1.00,1.00
2015.10.19 08:43:25.042,1.47512,1.47525,1.00,1.00
2015.10.19 08:43:25.094,1.4751,1.47525,1.00,1.00
2015.10.19 08:43:25.197,1.47512,1.47525,1.00,1.00
2015.10.19 08:43:25.299,1.47512,1.47529,1.00,1.00
2015.10.19 08:43:25.629,1.47512,1.47524,1.00,1.00
2015.10.19 08:43:26.170,1.47511,1.47524,1.00,1.00
2015.10.19 08:43:26.527,1.47509,1.47525,1.00,1.00
2015.10.19 08:43:26.834,1.47507,1.47525,1.50,1.00
2015.10.19 08:43:27.829,1.47507,1.47524,1.00,1.00
2015.10.19 08:43:29.165,1.47507,1.47525,1.00,1.00
2015.10.19 08:43:30.124,1.47507,1.47524,1.50,1.00
2015.10.19 08:43:31.220,1.47507,1.47525,1.00,1.00
2015.10.19 08:43:31.856,1.47507,1.47524,1.00,1.00
2015.10.19 08:43:32.374,1.47508,1.47525,1.00,1.00
2015.10.19 08:43:32.895,1.47509,1.47524,1.00,1.00
2015.10.19 08:43:33.404,1.47508,1.47524,1.00,1.00
2015.10.19 08:43:33.913,1.47507,1.47524,1.00,1.00
2015.10.19 08:43:34.460,1.47506,1.47524,1.00,1.00
2015.10.19 08:43:34.971,1.47507,1.47524,1.00,1.00
2015.10.19 08:43:36.191,1.47508,1.47524,1.00,1.00
2015.10.19 08:43:36.855,1.47506,1.47524,1.00,1.00
2015.10.19 08:43:37.772,1.47503,1.47519,1.00,1.00
2015.10.19 08:43:38.283,1.47502,1.4752,1.50,1.00
2015.10.19 08:43:38.641,1.47504,1.4752,1.00,1.00
2015.10.19 08:43:39.700,1.47505,1.4752,1.00,1.00
2015.10.19 08:43:40.236,1.47504,1.4752,1.00,1.00
2015.10.19 08:43:40.874,1.47504,1.47519,1.00,1.00
2015.10.19 08:43:41.374,1.47507,1.47519,1.00,1.00
2015.10.19 08:43:41.578,1.47508,1.47524,1.00,1.00
2015.10.19 08:43:42.084,1.47509,1.47524,1.00,1.00
2015.10.19 08:43:49.567,1.47509,1.47525,1.00,1.00
2015.10.19 08:43:50.510,1.47515,1.47525,1.00,1.00
2015.10.19 08:43:50.562,1.47515,1.47535,1.00,1.00
2015.10.19 08:43:50.716,1.47512,1.47535,1.00,1.00
2015.10.19 08:43:50.921,1.47515,1.47535,1.00,1.00
2015.10.19 08:43:51.227,1.47516,1.47529,1.00,1.00
2015.10.19 08:43:51.805,1.47515,1.47529,1.00,1.00
2015.10.19 08:43:52.017,1.47514,1.47534,1.00,1.00
2015.10.19 08:43:52.172,1.47516,1.47534,1.00,1.00
2015.10.19 08:43:52.480,1.47515,1.47529,1.00,1.00
2015.10.19 08:43:52.736,1.47513,1.47529,1.00,1.00
2015.10.19 08:43:53.244,1.4751,1.47529,1.00,1.00
2015.10.19 08:43:53.352,1.4751,1.47525,1.00,1.00
2015.10.19 08:43:53.607,1.47506,1.47525,1.00,1.00
2015.10.19 08:43:53.709,1.47504,1.47524,1.50,1.00
2015.10.19 08:43:55.306,1.47504,1.47525,1.00,1.00
2015.10.19 08:43:57.912,1.47501,1.47519,1.00,1.00
2015.10.19 08:43:57.964,1.47497,1.47519,1.00,1.00
2015.10.19 08:43:58.219,1.47495,1.47519,1.00,1.00
2015.10.19 08:43:58.748,1.47494,1.47519,1.12,1.00
2015.10.19 08:43:59.461,1.47494,1.4752,1.12,1.00
2015.10.19 08:44:00.017,1.47494,1.47519,1.00,1.00
2015.10.19 08:44:01.841,1.47494,1.47515,1.00,1.00
2015.10.19 08:44:02.198,1.47494,1.47519,1.00,1.00
2015.10.19 08:44:03.642,1.47494,1.47514,1.00,1.00
2015.10.19 08:44:04.673,1.47483,1.47509,1.00,1.00
2015.10.19 08:44:04.830,1.47483,1.47505,1.00,1.00
2015.10.19 08:44:05.343,1.47479,1.47504,1.00,1.00
2015.10.19 08:44:06.818,1.47479,1.47505,1.00,1.00
2015.10.19 08:44:07.709,1.47479,1.47504,1.00,1.00
2015.10.19 08:44:08.246,1.47479,1.47505,1.00,1.00
2015.10.19 08:44:11.934,1.47475,1.47505,1.12,1.00
2015.10.19 08:44:12.445,1.47475,1.47504,1.12,1.00
2015.10.19 08:44:13.169,1.47473,1.475,1.87,1.00
2015.10.19 08:44:14.098,1.47473,1.475,1.50,1.00
2015.10.19 08:44:14.353,1.47475,1.475,1.00,1.00
2015.10.19 08:44:15.365,1.47473,1.475,1.50,1.00
2015.10.19 08:44:15.793,1.47475,1.475,1.00,1.00
2015.10.19 08:44:15.895,1.47473,1.475,1.50,1.00
2015.10.19 08:44:16.253,1.4747,1.47499,1.00,1.00
2015.10.19 08:44:16.407,1.4747,1.47494,1.00,1.00
2015.10.19 08:44:16.459,1.47468,1.47494,1.00,1.00
2015.10.19 08:44:17.135,1.47468,1.47495,1.00,1.00
2015.10.19 08:44:17.647,1.47466,1.47495,1.00,1.00
2015.10.19 08:44:18.158,1.47467,1.47494,1.00,1.00
2015.10.19 08:44:18.668,1.47466,1.47494,1.00,1.00
2015.10.19 08:44:19.219,1.47466,1.47495,1.50,1.00
2015.10.19 08:44:19.741,1.47466,1.47494,1.50,1.00
2015.10.19 08:44:20.688,1.47464,1.47494,1.50,1.00
2015.10.19 08:44:20.740,1.47468,1.47494,1.00,1.00
2015.10.19 08:44:20.843,1.47466,1.47495,1.00,1.00
2015.10.19 08:44:21.344,1.47467,1.47494,1.00,1.00
2015.10.19 08:44:21.446,1.47471,1.47494,1.00,1.00
2015.10.19 08:44:22.022,1.47468,1.47494,1.50,1.00
2015.10.19 08:44:22.073,1.4747,1.47495,1.00,1.00
2015.10.19 08:44:22.482,1.47472,1.47494,1.00,1.00
2015.10.19 08:44:23.279,1.47468,1.47495,1.00,1.00
2015.10.19 08:44:23.637,1.47466,1.47494,1.00,1.00
2015.10.19 08:44:24.043,1.47464,1.47495,1.00,1.00
2015.10.19 08:44:24.766,1.47465,1.47495,1.00,1.00
2015.10.19 08:44:24.921,1.47463,1.47495,1.50,1.00
2015.10.19 08:44:28.062,1.47463,1.47494,1.50,1.00
2015.10.19 08:44:28.113,1.47465,1.47494,1.00,1.00
2015.10.19 08:44:28.870,1.47464,1.47494,1.00,1.00
2015.10.19 08:44:30.070,1.47463,1.47494,1.50,1.00
2015.10.19 08:44:32.651,1.47465,1.47494,1.00,1.00
2015.10.19 08:44:33.211,1.47465,1.47495,1.50,1.00
2015.10.19 08:44:33.719,1.47465,1.47494,1.50,1.00
2015.10.19 08:44:34.493,1.47465,1.47495,1.50,1.00
2015.10.19 08:44:35.922,1.47466,1.47495,1.00,1.00
2015.10.19 08:44:36.449,1.47465,1.47494,1.50,1.00
2015.10.19 08:44:39.023,1.47466,1.47494,1.00,1.00
2015.10.19 08:44:39.330,1.47468,1.47494,1.00,1.00
2015.10.19 08:44:40.256,1.47468,1.47499,1.00,1.00
2015.10.19 08:44:40.312,1.47476,1.47499,1.00,1.00
2015.10.19 08:44:40.568,1.47478,1.47504,1.00,1.00
2015.10.19 08:44:40.671,1.4748,1.47504,1.00,1.00
2015.10.19 08:44:41.180,1.47479,1.47505,1.00,1.00
2015.10.19 08:44:41.817,1.47478,1.47505,1.00,1.00
2015.10.19 08:44:46.175,1.4748,1.475,1.00,1.00
2015.10.19 08:44:46.328,1.47481,1.47505,1.00,1.00
2015.10.19 08:44:46.864,1.4748,1.47505,1.00,1.00
2015.10.19 08:44:49.436,1.4748,1.47509,1.00,1.00
2015.10.19 08:44:49.488,1.4748,1.47505,1.00,1.00
2015.10.19 08:44:49.911,1.47481,1.47509,1.00,1.00
2015.10.19 08:44:50.064,1.47481,1.47504,1.00,1.00
2015.10.19 08:44:50.217,1.47479,1.47504,1.00,1.00
2015.10.19 08:44:51.367,1.47483,1.47509,1.00,1.00
2015.10.19 08:44:51.909,1.47482,1.47509,1.50,1.00
2015.10.19 08:44:52.418,1.47485,1.47509,1.00,1.00
2015.10.19 08:44:53.869,1.47485,1.4751,1.00,1.00
2015.10.19 08:44:54.900,1.47485,1.47509,1.00,1.00
2015.10.19 08:44:55.412,1.47482,1.4751,1.00,1.00
2015.10.19 08:44:56.087,1.47483,1.47509,1.00,1.00
2015.10.19 08:44:57.166,1.47482,1.47509,1.50,1.00
2015.10.19 08:44:58.119,1.47483,1.47514,1.00,1.12
2015.10.19 08:44:58.176,1.47485,1.47514,1.00,1.12
2015.10.19 08:44:58.740,1.47485,1.47509,1.00,1.00
2015.10.19 08:44:59.249,1.47486,1.47509,1.00,1.00
2015.10.19 08:44:59.697,1.47486,1.47515,1.00,1.37
2015.10.19 08:45:00.535,1.47486,1.47515,1.00,1.00
2015.10.19 08:45:00.586,1.47485,1.47509,1.00,1.00
2015.10.19 08:45:00.689,1.47483,1.47509,1.00,1.00
2015.10.19 08:45:00.740,1.47483,1.47505,1.00,1.00
2015.10.19 08:45:01.167,1.47483,1.47509,1.00,1.00
2015.10.19 08:45:01.269,1.47483,1.47504,1.00,1.00
2015.10.19 08:45:01.320,1.47481,1.47504,1.00,1.00
2015.10.19 08:45:01.578,1.4748,1.47509,1.00,1.00
2015.10.19 08:45:02.097,1.47479,1.47509,1.00,1.00
2015.10.19 08:45:03.046,1.47479,1.47505,1.00,1.00
2015.10.19 08:45:03.354,1.47486,1.47509,1.00,1.00
2015.10.19 08:45:03.662,1.47489,1.47515,1.00,1.37
2015.10.19 08:45:03.816,1.47489,1.47515,1.00,1.00
2015.10.19 08:45:04.468,1.47487,1.47515,1.00,1.00
2015.10.19 08:45:05.003,1.47488,1.47515,1.00,1.00
2015.10.19 08:45:05.406,1.47486,1.47515,1.00,1.00
2015.10.19 08:45:05.509,1.47488,1.47515,1.00,1.00
2015.10.19 08:45:06.222,1.47489,1.47515,1.00,1.00
2015.10.19 08:45:06.751,1.47488,1.47515,1.00,1.00
2015.10.19 08:45:08.998,1.47488,1.47518,1.00,1.37
2015.10.19 08:45:10.136,1.47486,1.47518,1.00,1.87
2015.10.19 08:45:10.239,1.47483,1.47518,1.00,2.62
2015.10.19 08:45:10.342,1.47486,1.47518,1.00,1.37
2015.10.19 08:45:10.852,1.47487,1.47514,1.00,1.00
2015.10.19 08:45:10.955,1.47488,1.47519,1.00,1.12
2015.10.19 08:45:11.058,1.47488,1.47515,1.00,1.00
2015.10.19 08:45:11.608,1.47489,1.47514,1.00,1.00
2015.10.19 08:45:12.118,1.47488,1.47515,1.00,1.00
2015.10.19 08:45:12.970,1.47489,1.47515,1.00,1.00
2015.10.19 08:45:13.994,1.47488,1.47515,1.00,1.00
2015.10.19 08:45:15.092,1.47489,1.47509,1.00,1.00
2015.10.19 08:45:15.143,1.47489,1.47515,1.00,1.00
2015.10.19 08:45:16.032,1.47489,1.47514,1.00,1.00
2015.10.19 08:45:16.569,1.47488,1.47514,1.00,1.00
2015.10.19 08:45:18.088,1.47488,1.47515,1.00,1.00
2015.10.19 08:45:21.341,1.47489,1.47515,1.00,1.00
2015.10.19 08:45:21.596,1.4749,1.47509,1.00,1.00
2015.10.19 08:45:22.018,1.47489,1.47515,1.00,1.00
2015.10.19 08:45:22.519,1.47488,1.47515,1.00,1.00
2015.10.19 08:45:22.570,1.47491,1.47515,1.00,1.00
2015.10.19 08:45:22.876,1.47493,1.47514,1.00,1.00
2015.10.19 08:45:23.445,1.47494,1.47514,1.00,1.00
2015.10.19 08:45:23.549,1.47492,1.47514,1.00,1.00
2015.10.19 08:45:23.600,1.47492,1.47519,1.00,1.00
2015.10.19 08:45:23.652,1.47494,1.47519,1.00,1.00
2015.10.19 08:45:23.984,1.47496,1.47519,1.00,1.00
2015.10.19 08:45:24.239,1.47494,1.47519,1.00,1.00
2015.10.19 08:45:24.341,1.47497,1.47519,1.00,1.00
2015.10.19 08:45:24.856,1.47496,1.47519,1.00,1.00
2015.10.19 08:45:25.386,1.47497,1.47519,1.00,1.00
2015.10.19 08:45:25.692,1.47499,1.4752,1.00,1.00
2015.10.19 08:45:26.841,1.47502,1.4752,1.00,1.00
2015.10.19 08:45:26.893,1.47502,1.47529,1.75,1.37
2015.10.19 08:45:27.103,1.475,1.47529,1.50,1.00
2015.10.19 08:45:27.155,1.475,1.47529,1.50,1.00
2015.10.19 08:45:27.257,1.47503,1.47529,1.00,1.00
2015.10.19 08:45:29.146,1.47503,1.47529,1.37,1.00
2015.10.19 08:45:31.338,1.47504,1.4753,1.50,1.00
2015.10.19 08:45:31.647,1.47508,1.4753,1.12,1.00
2015.10.19 08:45:31.955,1.47508,1.47529,1.75,1.00
2015.10.19 08:45:32.057,1.47508,1.47534,1.75,1.00
2015.10.19 08:45:33.031,1.47509,1.47535,1.50,1.00
2015.10.19 08:45:33.406,1.47507,1.4753,1.75,1.00
2015.10.19 08:45:34.726,1.47506,1.47524,1.75,1.00
2015.10.19 08:45:34.982,1.47506,1.47524,1.00,1.00
2015.10.19 08:45:35.084,1.47503,1.47524,1.50,1.00
2015.10.19 08:45:35.493,1.47503,1.47519,1.50,1.00
2015.10.19 08:45:36.997,1.47503,1.47519,1.00,1.00
2015.10.19 08:45:38.536,1.47503,1.47514,1.00,1.00
2015.10.19 08:45:38.587,1.47499,1.47514,1.75,1.00
2015.10.19 08:45:38.690,1.47497,1.47515,1.00,1.00
2015.10.19 08:45:38.792,1.47494,1.47509,1.12,1.00
2015.10.19 08:45:38.895,1.47494,1.47514,1.00,1.00
2015.10.19 08:45:39.101,1.47494,1.4751,1.00,1.00
2015.10.19 08:45:39.677,1.47494,1.47515,1.00,1.00
2015.10.19 08:45:39.882,1.47494,1.4752,1.00,1.50
2015.10.19 08:45:40.430,1.47494,1.4752,1.00,1.00
2015.10.19 08:45:41.216,1.4749,1.4752,1.75,1.00
2015.10.19 08:45:41.319,1.47489,1.47515,2.25,1.00
2015.10.19 08:45:41.625,1.47489,1.47519,1.75,1.00
2015.10.19 08:45:41.831,1.4749,1.47514,1.75,1.00
2015.10.19 08:45:42.360,1.47489,1.47514,1.50,1.00
2015.10.19 08:45:43.290,1.47489,1.47515,1.50,1.00
2015.10.19 08:45:44.540,1.47489,1.47519,1.50,1.00
2015.10.19 08:45:44.953,1.47489,1.47514,1.50,1.00
2015.10.19 08:45:45.469,1.47489,1.47515,1.50,1.00
2015.10.19 08:45:45.578,1.47489,1.47519,1.50,1.50
2015.10.19 08:45:46.354,1.47489,1.47515,1.50,1.00
2015.10.19 08:45:47.782,1.47489,1.47519,1.50,1.50
2015.10.19 08:45:48.088,1.47489,1.47519,1.12,1.50
2015.10.19 08:45:48.190,1.47486,1.47519,1.50,1.75
2015.10.19 08:45:53.384,1.47486,1.47514,2.25,1.12
2015.10.19 08:45:53.639,1.47486,1.47514,1.50,1.00
2015.10.19 08:45:54.425,1.47486,1.47515,1.75,1.12
2015.10.19 08:45:54.631,1.47486,1.47515,1.00,1.75
2015.10.19 08:45:54.938,1.47482,1.47515,1.00,1.75
2015.10.19 08:45:55.528,1.4748,1.47514,1.50,2.25
2015.10.19 08:45:56.756,1.47482,1.47509,1.00,1.12
2015.10.19 08:45:57.312,1.47475,1.47499,1.37,1.37
2015.10.19 08:45:57.364,1.47475,1.47499,1.00,1.75
2015.10.19 08:45:57.569,1.47475,1.47501,1.00,1.00
2015.10.19 08:45:57.671,1.47475,1.47499,1.00,1.00
2015.10.19 08:45:58.062,1.47475,1.47501,1.00,1.00
2015.10.19 08:45:58.122,1.47475,1.47504,1.37,1.37
2015.10.19 08:45:58.174,1.47475,1.47504,1.75,1.00
2015.10.19 08:45:58.225,1.47475,1.4751,2.25,1.75
2015.10.19 08:45:58.446,1.4748,1.4751,1.00,1.50
2015.10.19 08:46:00.127,1.4748,1.47509,1.00,1.00
2015.10.19 08:46:02.862,1.47481,1.47509,1.00,1.00
2015.10.19 08:46:03.374,1.47481,1.4751,1.00,1.50
2015.10.19 08:46:03.630,1.47481,1.47505,1.00,1.00
2015.10.19 08:46:04.319,1.47482,1.47505,1.75,1.00
2015.10.19 08:46:04.371,1.47482,1.47509,1.75,1.00
2015.10.19 08:46:04.823,1.47482,1.47504,1.75,1.00
2015.10.19 08:46:05.225,1.47483,1.47505,1.75,1.00
2015.10.19 08:46:05.864,1.47484,1.47505,1.00,1.00
2015.10.19 08:46:06.289,1.47484,1.47509,1.00,1.00
2015.10.19 08:46:06.994,1.47482,1.47509,1.00,1.00
2015.10.19 08:46:09.580,1.47482,1.47505,1.00,1.00
2015.10.19 08:46:10.113,1.47479,1.47504,2.25,1.00
2015.10.19 08:46:12.802,1.47479,1.475,1.75,1.00
2015.10.19 08:46:15.264,1.47481,1.47509,1.37,1.37
2015.10.19 08:46:15.780,1.47482,1.47509,1.75,1.00
2015.10.19 08:46:16.839,1.47483,1.47514,1.50,1.50
2015.10.19 08:46:20.410,1.47485,1.47515,1.00,1.75
2015.10.19 08:46:21.736,1.47484,1.47515,1.12,1.75
2015.10.19 08:46:23.486,1.47482,1.4751,1.12,1.12
2015.10.19 08:46:23.992,1.47482,1.47509,1.12,1.00
2015.10.19 08:46:24.974,1.47482,1.4751,1.12,1.12
2015.10.19 08:46:25.504,1.47482,1.47504,1.12,1.00
2015.10.19 08:46:25.657,1.47482,1.4751,1.12,1.12
2015.10.19 08:46:25.760,1.47482,1.47509,1.12,1.37
2015.10.19 08:46:26.794,1.47478,1.47507,1.12,1.75
2015.10.19 08:46:26.849,1.47478,1.47507,1.00,1.75
2015.10.19 08:46:27.309,1.47478,1.475,1.12,1.00
2015.10.19 08:46:27.615,1.47475,1.47505,2.25,1.00
2015.10.19 08:46:28.109,1.47475,1.475,1.00,1.00
2015.10.19 08:46:28.365,1.47469,1.475,1.75,1.00
2015.10.19 08:46:28.875,1.47469,1.47499,1.75,1.00
2015.10.19 08:46:29.477,1.47465,1.47498,1.50,1.75
2015.10.19 08:46:29.529,1.47465,1.47498,1.50,1.75
2015.10.19 08:46:33.264,1.47465,1.47494,1.37,1.75
2015.10.19 08:46:33.569,1.47461,1.47495,1.50,2.25
2015.10.19 08:46:33.722,1.4746,1.47493,1.00,2.25
2015.10.19 08:46:34.381,1.47462,1.47491,1.50,1.00
2015.10.19 08:46:34.585,1.47463,1.47494,1.87,1.50
2015.10.19 08:46:34.636,1.47467,1.47496,1.00,1.37
2015.10.19 08:46:34.688,1.47467,1.47499,1.37,1.87
2015.10.19 08:46:34.791,1.47469,1.47498,1.75,1.00
2015.10.19 08:46:34.944,1.47473,1.475,1.37,1.75
2015.10.19 08:46:37.129,1.4747,1.47501,1.75,1.12
2015.10.19 08:46:37.435,1.47468,1.47501,2.25,1.37
2015.10.19 08:46:37.487,1.47468,1.47501,2.25,1.75
2015.10.19 08:46:39.041,1.47465,1.47499,1.75,2.62
2015.10.19 08:46:39.348,1.47465,1.47496,1.37,1.50
2015.10.19 08:46:39.864,1.47465,1.47499,1.00,4.87
2015.10.19 08:46:45.730,1.47461,1.47492,1.75,1.12
2015.10.19 08:46:45.782,1.47461,1.4749,1.50,1.00
2015.10.19 08:46:46.298,1.47459,1.47491,1.12,1.87
2015.10.19 08:46:46.786,1.47456,1.47489,1.37,2.25
2015.10.19 08:46:46.838,1.47455,1.47484,1.50,1.00
2015.10.19 08:46:47.093,1.47455,1.4748,1.00,1.00
2015.10.19 08:46:47.610,1.47455,1.47483,1.00,1.00
2015.10.19 08:46:48.015,1.47455,1.4748,1.00,1.00
2015.10.19 08:46:48.549,1.47455,1.47479,1.50,1.00
2015.10.19 08:46:48.865,1.47455,1.47479,1.75,1.00
2015.10.19 08:46:50.142,1.47455,1.47485,1.75,1.37
2015.10.19 08:46:51.528,1.47455,1.47483,1.00,1.12
2015.10.19 08:46:51.780,1.47455,1.4748,1.00,1.50
2015.10.19 08:46:53.075,1.47451,1.47479,1.12,1.37
2015.10.19 08:46:53.900,1.47452,1.47483,1.00,1.12
2015.10.19 08:46:54.334,1.47454,1.47483,1.50,1.12
2015.10.19 08:46:54.839,1.47455,1.47483,1.00,1.12
2015.10.19 08:47:02.212,1.47454,1.47483,1.00,1.00
2015.10.19 08:47:06.295,1.47453,1.47484,1.37,1.12
2015.10.19 08:47:06.806,1.47453,1.47484,1.00,1.12
2015.10.19 08:47:08.038,1.47451,1.47482,1.00,3.00
2015.10.19 08:47:09.522,1.47451,1.47479,1.00,1.00
2015.10.19 08:47:11.668,1.47452,1.47479,1.00,1.00
2015.10.19 08:47:14.970,1.47451,1.47479,1.50,1.00
2015.10.19 08:47:15.130,1.47451,1.47483,1.00,2.25
2015.10.19 08:47:16.589,1.47448,1.47479,1.87,1.75
2015.10.19 08:47:18.053,1.47453,1.4748,1.00,1.12
2015.10.19 08:47:18.157,1.47453,1.47482,1.12,1.50
2015.10.19 08:47:18.209,1.47455,1.47482,1.00,1.50
2015.10.19 08:47:18.967,1.47456,1.47482,1.00,1.50
2015.10.19 08:47:22.482,1.47457,1.47485,1.00,1.75
2015.10.19 08:47:23.213,1.47458,1.47487,1.00,1.12
2015.10.19 08:47:23.267,1.47458,1.47486,1.50,1.00
2015.10.19 08:47:23.676,1.4746,1.47486,1.00,1.00
2015.10.19 08:47:23.884,1.47458,1.47486,1.00,1.00
2015.10.19 08:47:24.587,1.47456,1.47486,1.00,1.00
2015.10.19 08:47:26.657,1.47461,1.47487,1.00,1.00
2015.10.19 08:47:30.162,1.47459,1.47485,1.00,1.75
2015.10.19 08:47:30.213,1.47453,1.47483,1.00,1.75
2015.10.19 08:47:30.265,1.47455,1.47483,1.00,1.75
2015.10.19 08:47:30.368,1.47456,1.47489,1.50,1.87
2015.10.19 08:47:30.931,1.47458,1.47489,1.00,1.87
2015.10.19 08:47:33.384,1.47459,1.47489,1.00,1.75
2015.10.19 08:47:36.197,1.47457,1.47489,1.12,1.75
2015.10.19 08:47:36.351,1.47455,1.47485,1.37,1.37
2015.10.19 08:47:37.113,1.47455,1.47485,1.00,1.75
2015.10.19 08:47:41.323,1.47454,1.47487,1.87,1.12
2015.10.19 08:47:43.244,1.47455,1.47487,1.00,1.12
2015.10.19 08:47:43.563,1.47457,1.47487,1.00,1.12
2015.10.19 08:47:44.074,1.47458,1.47487,1.00,1.12
2015.10.19 08:47:44.512,1.47455,1.47487,1.00,1.87
2015.10.19 08:47:46.674,1.47451,1.47483,1.50,1.12
2015.10.19 08:47:47.183,1.47449,1.4748,2.25,1.75
2015.10.19 08:47:52.575,1.47449,1.47479,1.50,1.87
2015.10.19 08:47:58.015,1.47449,1.47477,1.00,1.37
2015.10.19 08:47:58.343,1.47447,1.47477,1.12,1.37
2015.10.19 08:47:58.868,1.47449,1.47477,1.00,1.37
2015.10.19 08:48:00.763,1.47452,1.47479,1.00,1.12
2015.10.19 08:48:00.815,1.47452,1.47479,1.50,1.12
2015.10.19 08:48:00.866,1.47458,1.47479,1.00,1.12
2015.10.19 08:48:00.917,1.47458,1.47485,1.00,1.37
2015.10.19 08:48:01.365,1.47462,1.47485,1.00,1.37
2015.10.19 08:48:01.418,1.47464,1.47492,1.12,1.12
2015.10.19 08:48:01.571,1.47466,1.47492,1.00,1.12
2015.10.19 08:48:01.622,1.47466,1.47493,1.50,1.12
2015.10.19 08:48:03.474,1.47467,1.47494,1.75,1.00
2015.10.19 08:48:04.651,1.47468,1.47494,1.12,1.00
2015.10.19 08:48:04.703,1.47468,1.47495,1.37,1.00
2015.10.19 08:48:04.959,1.47467,1.47495,1.00,1.12
2015.10.19 08:48:05.469,1.47467,1.47494,1.00,1.00
2015.10.19 08:48:06.293,1.47467,1.47495,1.00,1.00
2015.10.19 08:48:06.836,1.47467,1.47495,1.00,1.37
2015.10.19 08:48:07.654,1.4747,1.47497,1.00,1.37
2015.10.19 08:48:07.706,1.4747,1.47499,1.00,1.00
2015.10.19 08:48:07.911,1.47468,1.47499,1.50,1.50
2015.10.19 08:48:07.962,1.47468,1.47498,1.12,1.75
2015.10.19 08:48:08.065,1.47465,1.47494,1.00,1.00
2015.10.19 08:48:08.576,1.47464,1.47494,1.00,1.00
2015.10.19 08:48:12.519,1.47468,1.47497,1.12,1.87
2015.10.19 08:48:12.826,1.47467,1.475,2.25,1.50
2015.10.19 08:48:13.856,1.47466,1.47498,1.50,1.75
2015.10.19 08:48:14.366,1.47466,1.47494,1.50,1.00
2015.10.19 08:48:14.665,1.47463,1.47494,1.37,1.50
2015.10.19 08:48:20.736,1.47462,1.47494,1.12,2.62
2015.10.19 08:48:21.279,1.4746,1.47493,2.25,1.75
2015.10.19 08:48:21.764,1.47461,1.47492,1.00,3.00
2015.10.19 08:48:21.867,1.47459,1.47489,1.00,1.00
2015.10.19 08:48:22.689,1.47463,1.47492,1.00,1.50
2015.10.19 08:48:23.149,1.47458,1.4749,1.75,1.12
2015.10.19 08:48:23.202,1.4746,1.4749,1.00,1.50
2015.10.19 08:48:24.041,1.47462,1.47492,1.37,1.50
2015.10.19 08:48:24.094,1.47462,1.47492,1.75,1.12
2015.10.19 08:48:28.796,1.47458,1.47492,1.75,1.75
2015.10.19 08:48:29.236,1.47458,1.47492,1.37,1.75
2015.10.19 08:48:29.288,1.47457,1.47487,1.87,1.00
2015.10.19 08:48:29.772,1.47457,1.4749,1.12,3.00
2015.10.19 08:48:30.131,1.47453,1.47485,1.50,1.75
2015.10.19 08:48:32.855,1.4745,1.47483,2.25,1.37
2015.10.19 08:48:33.390,1.4745,1.47483,3.00,1.75
2015.10.19 08:48:39.578,1.47454,1.47483,1.50,1.50
2015.10.19 08:48:57.533,1.47452,1.47485,1.50,1.75
2015.10.19 08:48:57.585,1.47452,1.47481,1.50,1.00
2015.10.19 08:49:03.627,1.47454,1.47481,1.00,1.00
2015.10.19 08:49:04.136,1.47455,1.47486,1.37,1.75
2015.10.19 08:49:04.187,1.47453,1.47486,1.75,1.87
2015.10.19 08:49:04.340,1.47452,1.47486,2.25,1.87
2015.10.19 08:49:04.392,1.47452,1.47485,1.12,1.75
2015.10.19 08:49:09.262,1.47452,1.47481,1.12,1.00
2015.10.19 08:49:09.670,1.47454,1.47484,1.75,1.12
2015.10.19 08:49:10.702,1.47452,1.47483,2.62,1.12
2015.10.19 08:49:10.753,1.47452,1.47483,2.62,1.50
2015.10.19 08:49:11.462,1.47454,1.4748,1.00,1.00
2015.10.19 08:49:11.615,1.47451,1.4748,1.00,1.87
2015.10.19 08:49:11.667,1.47447,1.4748,1.12,1.87
2015.10.19 08:49:11.820,1.47446,1.4748,2.62,2.25
2015.10.19 08:49:12.024,1.47446,1.4748,1.50,2.25
2015.10.19 08:49:14.854,1.47446,1.47479,1.87,1.75
2015.10.19 08:49:15.059,1.47443,1.47475,1.50,1.75
2015.10.19 08:49:15.364,1.47441,1.47474,1.12,1.50
2015.10.19 08:49:15.899,1.47442,1.47474,1.37,1.50
2015.10.19 08:49:19.610,1.47436,1.47465,1.00,1.00
2015.10.19 08:49:19.661,1.47435,1.4747,2.25,1.75
2015.10.19 08:49:19.713,1.47436,1.47471,1.75,2.25
2015.10.19 08:49:20.257,1.47435,1.47469,1.75,1.50
2015.10.19 08:49:20.846,1.47435,1.47469,1.50,1.75
2015.10.19 08:49:34.181,1.47435,1.47469,2.25,1.75
2015.10.19 08:49:34.748,1.47439,1.47471,1.37,1.87
2015.10.19 08:49:34.800,1.47439,1.47471,1.75,1.50
2015.10.19 08:49:39.206,1.47439,1.47473,1.75,2.25
2015.10.19 08:49:39.750,1.47444,1.47476,1.87,1.12
2015.10.19 08:49:39.903,1.47444,1.47476,1.50,1.37
2015.10.19 08:49:40.006,1.4744,1.47473,1.12,2.25
2015.10.19 08:49:40.057,1.47438,1.47465,1.12,1.00
2015.10.19 08:49:40.363,1.47425,1.47454,1.09,1.50
2015.10.19 08:49:41.510,1.4742,1.47452,1.75,1.12
2015.10.19 08:49:42.156,1.4742,1.47451,1.75,1.00
2015.10.19 08:49:42.207,1.4742,1.47451,1.75,1.37
2015.10.19 08:49:42.310,1.4742,1.47451,1.50,1.75
2015.10.19 08:49:42.464,1.4742,1.47446,1.50,1.00
2015.10.19 08:49:43.002,1.47414,1.47444,1.50,1.12
2015.10.19 08:49:44.106,1.47411,1.47443,1.12,1.37
2015.10.19 08:49:44.821,1.47411,1.47441,1.37,1.00
2015.10.19 08:49:45.373,1.47411,1.47441,1.37,1.00
2015.10.19 08:49:45.680,1.47414,1.47444,1.00,1.75
2015.10.19 08:49:45.731,1.47411,1.47444,1.50,1.75
2015.10.19 08:49:46.382,1.47408,1.47441,1.12,2.25
2015.10.19 08:49:46.435,1.47407,1.47441,2.62,2.25
2015.10.19 08:49:46.639,1.47407,1.47437,1.12,1.75
2015.10.19 08:49:46.743,1.47407,1.47437,1.00,1.75
2015.10.19 08:49:46.796,1.47403,1.47436,1.12,2.25
2015.10.19 08:49:46.851,1.47403,1.47433,1.50,1.75
2015.10.19 08:49:47.383,1.47397,1.4742,1.00,2.25
2015.10.19 08:49:47.800,1.47396,1.47426,1.00,1.00
2015.10.19 08:49:47.853,1.47396,1.47428,1.00,1.00
2015.10.19 08:49:48.057,1.47397,1.47431,1.00,1.00
2015.10.19 08:49:48.867,1.47401,1.47433,1.00,1.37
2015.10.19 08:49:48.918,1.47402,1.47435,1.00,1.87
2015.10.19 08:49:49.595,1.47401,1.47435,1.00,1.12
2015.10.19 08:49:49.748,1.47398,1.47431,1.50,1.00
2015.10.19 08:49:51.257,1.47398,1.47427,1.50,1.00
2015.10.19 08:49:51.899,1.47393,1.47422,1.87,1.00
2015.10.19 08:49:51.952,1.47393,1.47422,1.87,1.00
2015.10.19 08:49:52.259,1.47393,1.47422,1.00,1.00
2015.10.19 08:49:52.413,1.47388,1.47421,1.75,1.37
2015.10.19 08:49:52.516,1.47387,1.4742,1.87,1.75
2015.10.19 08:49:55.350,1.47382,1.47414,1.75,1.37
2015.10.19 08:49:55.452,1.4738,1.47413,1.12,1.75
2015.10.19 08:49:55.555,1.47381,1.47413,1.00,1.75
2015.10.19 08:49:55.914,1.47378,1.4741,1.00,1.75
2015.10.19 08:49:56.506,1.47372,1.47408,1.87,1.75
2015.10.19 08:49:57.029,1.47372,1.47405,1.37,1.75
2015.10.19 08:49:57.184,1.4737,1.47402,1.87,1.75
2015.10.19 08:49:57.981,1.47375,1.47406,1.00,2.25
2015.10.19 08:49:58.035,1.47375,1.47409,1.12,1.75
2015.10.19 08:49:58.190,1.47378,1.4741,1.00,2.25
2015.10.19 08:49:58.242,1.47378,1.47414,1.12,1.75
2015.10.19 08:50:04.539,1.47377,1.47411,1.50,2.25
2015.10.19 08:50:04.859,1.47381,1.47411,1.00,2.25
2015.10.19 08:50:05.115,1.47378,1.47411,1.00,2.25
2015.10.19 08:50:05.166,1.47378,1.47408,1.00,2.25
2015.10.19 08:50:06.163,1.4738,1.47411,1.00,2.25
2015.10.19 08:50:06.672,1.47378,1.47411,1.00,2.25
2015.10.19 08:50:08.003,1.4738,1.47409,1.00,1.75
2015.10.19 08:50:08.528,1.47376,1.4741,1.12,1.75
2015.10.19 08:50:09.132,1.47379,1.47409,1.00,1.75
2015.10.19 08:50:12.831,1.47378,1.47409,1.00,1.75
2015.10.19 08:50:13.343,1.47377,1.47409,1.00,1.75
2015.10.19 08:50:14.118,1.47378,1.4741,1.00,1.75
2015.10.19 08:50:14.392,1.47376,1.47405,1.12,1.50
2015.10.19 08:50:14.658,1.47374,1.47404,1.00,1.75
2015.10.19 08:50:14.913,1.4737,1.47398,1.12,1.00
2015.10.19 08:50:15.421,1.47369,1.47394,1.00,1.00
2015.10.19 08:50:15.474,1.47363,1.47394,1.75,1.75
2015.10.19 08:50:16.042,1.47363,1.47394,1.75,1.75
2015.10.19 08:50:16.450,1.47364,1.47394,1.00,1.75
2015.10.19 08:50:17.572,1.47362,1.47394,1.00,1.75
2015.10.19 08:50:18.084,1.47359,1.47394,1.12,2.25
2015.10.19 08:50:21.874,1.47363,1.47394,1.00,1.75
2015.10.19 08:50:22.670,1.47362,1.47394,1.00,1.75
2015.10.19 08:50:23.611,1.47361,1.47394,1.12,2.25
2015.10.19 08:50:24.414,1.47362,1.47394,1.00,1.75
2015.10.19 08:50:24.924,1.4736,1.47394,1.37,1.75
2015.10.19 08:50:25.231,1.47359,1.47391,1.00,2.25
2015.10.19 08:50:25.885,1.4736,1.47391,1.00,2.25
2015.10.19 08:50:25.941,1.47358,1.4739,1.00,1.75
2015.10.19 08:50:26.094,1.47359,1.47389,1.50,1.50
2015.10.19 08:50:26.621,1.47361,1.47395,1.00,3.00
2015.10.19 08:50:27.143,1.47359,1.47394,1.87,1.75
2015.10.19 08:50:27.246,1.47359,1.47392,1.12,1.75
2015.10.19 08:50:27.551,1.47363,1.47397,1.00,1.00
2015.10.19 08:50:27.705,1.47367,1.47399,1.00,1.12
2015.10.19 08:50:27.876,1.47364,1.47398,1.00,1.00
2015.10.19 08:50:28.987,1.47366,1.47399,1.00,1.12
2015.10.19 08:50:29.498,1.47367,1.47399,1.00,1.00
2015.10.19 08:50:29.805,1.47369,1.47399,1.00,1.00
2015.10.19 08:50:30.463,1.47368,1.47402,1.00,1.00
2015.10.19 08:50:30.567,1.47366,1.47402,1.00,1.00
2015.10.19 08:50:30.619,1.47366,1.47399,1.00,1.00
2015.10.19 08:50:31.151,1.47367,1.47399,1.00,1.00
2015.10.19 08:50:33.989,1.47365,1.47399,1.12,1.50
2015.10.19 08:50:34.238,1.47366,1.47394,1.00,1.00
2015.10.19 08:50:35.910,1.47366,1.47399,1.00,1.00
2015.10.19 08:50:36.426,1.47365,1.47399,1.12,1.00
2015.10.19 08:50:36.666,1.47364,1.47394,1.37,1.00
2015.10.19 08:50:37.628,1.47362,1.47397,1.00,1.00
2015.10.19 08:50:37.680,1.47362,1.47395,1.50,1.00
2015.10.19 08:50:37.782,1.47362,1.47397,1.50,1.00
2015.10.19 08:50:39.033,1.47362,1.47394,1.12,1.00
2015.10.19 08:50:39.238,1.47365,1.47398,1.00,1.00
2015.10.19 08:50:39.647,1.47367,1.474,1.37,1.37
2015.10.19 08:50:42.334,1.47373,1.47405,1.00,1.75
2015.10.19 08:50:42.438,1.47375,1.47404,1.00,1.00
2015.10.19 08:50:42.540,1.47377,1.47404,1.00,1.00
2015.10.19 08:50:42.643,1.47377,1.4741,1.75,1.50
2015.10.19 08:50:43.952,1.47381,1.47414,1.75,1.50
2015.10.19 08:50:44.491,1.47377,1.4741,2.25,1.00
2015.10.19 08:50:44.999,1.47377,1.47409,3.00,1.37
2015.10.19 08:50:45.051,1.47377,1.47413,1.75,1.75
2015.10.19 08:50:45.359,1.47378,1.47412,1.75,1.75
2015.10.19 08:50:45.820,1.47381,1.47414,1.75,1.12
2015.10.19 08:50:46.518,1.47377,1.47411,3.37,1.00
2015.10.19 08:50:46.723,1.4738,1.4741,1.00,1.00
2015.10.19 08:50:47.088,1.47385,1.47414,1.00,1.00
2015.10.19 08:50:47.396,1.47386,1.47419,1.75,2.25
2015.10.19 08:50:48.341,1.47384,1.47417,1.75,1.75
2015.10.19 08:50:51.844,1.47382,1.47415,1.12,2.25
2015.10.19 08:50:53.952,1.4738,1.47404,2.25,1.00
2015.10.19 08:50:54.054,1.4738,1.47404,1.00,1.00
2015.10.19 08:50:54.107,1.47374,1.47404,1.12,1.00
2015.10.19 08:50:54.158,1.47373,1.474,1.75,1.00
2015.10.19 08:50:54.261,1.47367,1.474,1.37,1.50
2015.10.19 08:50:54.313,1.47369,1.474,1.00,1.50
2015.10.19 08:50:54.937,1.47369,1.47403,1.00,1.00
2015.10.19 08:50:55.142,1.47367,1.47402,1.00,1.00
2015.10.19 08:50:55.194,1.47366,1.47398,1.00,1.00
2015.10.19 08:50:55.523,1.47366,1.47398,1.75,1.00
2015.10.19 08:50:56.052,1.47366,1.47398,1.75,1.75
2015.10.19 08:51:01.118,1.47366,1.47394,1.75,1.00
2015.10.19 08:51:02.015,1.47366,1.47393,1.75,1.00
2015.10.19 08:51:03.091,1.47366,1.47394,1.75,1.00
2015.10.19 08:51:03.663,1.47366,1.47394,1.75,1.00
2015.10.19 08:51:03.970,1.47366,1.47397,1.75,1.00
2015.10.19 08:51:04.073,1.47366,1.47399,1.75,1.12
2015.10.19 08:51:04.684,1.47371,1.47399,1.75,1.00
2015.10.19 08:51:05.621,1.47371,1.47404,3.00,1.37
2015.10.19 08:51:05.825,1.47371,1.47405,3.00,1.50
2015.10.19 08:51:06.370,1.47371,1.47404,3.00,1.00
2015.10.19 08:51:06.969,1.47374,1.47404,1.12,1.75
2015.10.19 08:51:16.911,1.47373,1.47399,1.00,1.00
2015.10.19 08:51:17.014,1.47371,1.47399,1.00,1.00
2015.10.19 08:51:17.116,1.47371,1.47403,1.00,1.75
2015.10.19 08:51:17.219,1.47371,1.47403,1.50,1.50
2015.10.19 08:51:18.250,1.47371,1.474,1.50,1.00
2015.10.19 08:51:21.212,1.47372,1.474,1.50,1.00
2015.10.19 08:51:21.823,1.47374,1.474,1.00,1.00
2015.10.19 08:51:21.874,1.47374,1.47407,1.00,1.75
2015.10.19 08:51:21.926,1.47376,1.47407,1.00,1.75
2015.10.19 08:51:22.028,1.47376,1.47407,1.75,1.50
2015.10.19 08:51:22.131,1.47376,1.4741,2.62,1.50
2015.10.19 08:51:23.691,1.47383,1.4741,1.37,1.37
2015.10.19 08:51:23.745,1.47383,1.47413,1.75,1.50
2015.10.19 08:51:23.796,1.47387,1.47413,1.00,1.50
2015.10.19 08:51:24.425,1.47389,1.47419,1.75,1.00
2015.10.19 08:51:24.476,1.47389,1.47422,1.75,1.50
2015.10.19 08:51:24.528,1.47396,1.47422,1.00,1.00
2015.10.19 08:51:24.631,1.47397,1.47427,1.00,1.50
2015.10.19 08:51:24.682,1.47401,1.47427,1.00,1.50
2015.10.19 08:51:24.989,1.47408,1.47438,1.50,1.12
2015.10.19 08:51:25.040,1.47408,1.47438,1.50,1.12
2015.10.19 08:51:25.143,1.4741,1.47439,1.75,1.00
2015.10.19 08:51:25.665,1.4741,1.47444,1.75,1.87
2015.10.19 08:51:39.570,1.47409,1.47442,1.12,1.75
2015.10.19 08:52:03.487,1.47406,1.47439,1.37,1.75
2015.10.19 08:52:03.538,1.47406,1.47439,1.12,1.75
2015.10.19 08:52:04.865,1.47409,1.47442,1.75,1.37
2015.10.19 08:52:06.722,1.47411,1.47445,1.75,1.50
2015.10.19 08:52:10.122,1.47417,1.47449,1.75,1.50
2015.10.19 08:52:12.613,1.47417,1.4745,1.37,1.75
2015.10.19 08:52:12.665,1.47417,1.4745,1.12,1.75
2015.10.19 08:52:15.244,1.47413,1.47442,1.12,1.00
2015.10.19 08:52:16.032,1.47412,1.47444,1.00,1.75
2015.10.19 08:52:17.645,1.47409,1.47444,2.25,1.75
2015.10.19 08:52:32.279,1.47412,1.47442,1.37,1.37
2015.10.19 08:52:32.589,1.47415,1.47442,1.00,1.37
2015.10.19 08:52:33.959,1.47414,1.47442,1.00,1.37
2015.10.19 08:52:34.508,1.47412,1.4744,1.37,1.00
2015.10.19 08:52:37.751,1.47412,1.47438,1.37,1.00
2015.10.19 08:52:38.279,1.47412,1.47438,1.00,1.12
2015.10.19 08:52:40.972,1.47415,1.47443,1.00,1.75
2015.10.19 08:52:41.074,1.47416,1.47442,1.00,1.00
2015.10.19 08:52:41.278,1.47417,1.47443,1.00,1.75
2015.10.19 08:52:41.834,1.47416,1.47441,1.00,1.50
2015.10.19 08:52:42.817,1.47413,1.47441,1.00,1.50
2015.10.19 08:52:45.244,1.47415,1.47442,1.00,1.75
2015.10.19 08:52:47.462,1.47415,1.47442,1.00,1.37
2015.10.19 08:52:47.781,1.47417,1.47444,1.00,1.00
2015.10.19 08:52:48.293,1.47418,1.47444,1.00,1.50
2015.10.19 08:52:49.071,1.47419,1.47444,1.00,1.00
2015.10.19 08:52:49.698,1.47419,1.47446,1.00,1.00
2015.10.19 08:52:50.610,1.47423,1.47451,1.00,2.25
2015.10.19 08:52:51.150,1.47423,1.47451,1.00,1.75
2015.10.19 08:52:55.950,1.4742,1.47445,1.00,1.75
2015.10.19 08:52:56.155,1.47418,1.47444,1.00,1.50
2015.10.19 08:52:56.257,1.47416,1.47444,1.00,1.50
2015.10.19 08:52:56.413,1.47416,1.47444,1.00,1.75
2015.10.19 08:52:56.671,1.47414,1.47442,1.00,1.50
2015.10.19 08:52:57.654,1.47415,1.47441,1.00,1.37
2015.10.19 08:52:57.975,1.47413,1.47441,1.00,1.37
2015.10.19 08:52:58.482,1.47413,1.47439,1.00,1.00
2015.10.19 08:52:58.993,1.47412,1.47438,1.12,1.00
2015.10.19 08:53:01.695,1.4741,1.47438,1.37,1.37
2015.10.19 08:53:02.635,1.47411,1.47439,1.00,1.50
2015.10.19 08:53:03.301,1.4741,1.47436,1.12,1.00
2015.10.19 08:53:04.191,1.47411,1.47437,1.00,1.12
2015.10.19 08:53:04.699,1.4741,1.47436,1.12,1.00
2015.10.19 08:53:05.249,1.4741,1.47438,1.12,1.37
2015.10.19 08:53:06.289,1.47413,1.4744,1.00,1.75
2015.10.19 08:53:06.700,1.47415,1.47443,1.00,2.25
2015.10.19 08:53:06.753,1.47415,1.47443,1.00,2.25
2015.10.19 08:53:06.805,1.47417,1.47443,1.00,2.25
2015.10.19 08:53:07.116,1.47419,1.47446,1.00,1.50
2015.10.19 08:53:07.169,1.47419,1.47446,1.00,1.50
2015.10.19 08:53:07.714,1.4742,1.47447,1.00,1.75
2015.10.19 08:53:08.224,1.47417,1.47447,1.12,2.25
2015.10.19 08:53:08.785,1.4742,1.47447,1.00,2.25
2015.10.19 08:53:09.424,1.47422,1.47447,1.00,1.75
2015.10.19 08:53:09.679,1.4742,1.47447,1.00,1.75
2015.10.19 08:53:10.190,1.47419,1.47446,1.00,1.50
2015.10.19 08:53:11.317,1.47418,1.47444,1.00,1.12
2015.10.19 08:53:11.623,1.47411,1.47437,1.75,1.00
2015.10.19 08:53:12.098,1.47411,1.47437,1.00,1.12
2015.10.19 08:53:12.539,1.47409,1.47435,1.00,1.00
2015.10.19 08:53:13.049,1.47407,1.47435,2.25,1.00
2015.10.19 08:53:13.729,1.47407,1.47432,1.00,1.00
2015.10.19 08:53:13.780,1.47404,1.47431,1.50,1.50
2015.10.19 08:53:14.290,1.47404,1.47429,1.00,1.00
2015.10.19 08:53:16.057,1.47404,1.4743,1.00,1.12
2015.10.19 08:53:16.492,1.47402,1.47428,1.50,1.00
2015.10.19 08:53:16.594,1.474,1.47428,1.87,1.37
2015.10.19 08:53:17.488,1.474,1.47426,1.87,1.00
2015.10.19 08:53:18.102,1.47399,1.47428,1.00,1.75
2015.10.19 08:53:19.123,1.47395,1.47423,1.00,2.25
2015.10.19 08:53:19.431,1.47392,1.4742,1.00,1.75
2015.10.19 08:53:19.686,1.4739,1.47421,1.50,1.75
2015.10.19 08:53:19.891,1.47393,1.47421,1.00,1.75
2015.10.19 08:53:20.095,1.47391,1.4742,1.00,1.75
2015.10.19 08:53:20.351,1.47391,1.4742,1.75,1.00
2015.10.19 08:53:20.901,1.47393,1.47423,1.37,1.75
2015.10.19 08:53:21.660,1.47396,1.47423,1.00,1.00
2015.10.19 08:53:23.520,1.47396,1.47425,1.00,1.00
2015.10.19 08:53:24.423,1.47396,1.47424,1.00,1.00
2015.10.19 08:53:25.015,1.47397,1.47425,1.00,1.50
2015.10.19 08:53:25.168,1.47399,1.47425,1.00,1.00
2015.10.19 08:53:25.487,1.47401,1.47427,1.00,1.00
2015.10.19 08:53:26.063,1.47404,1.47428,1.00,1.00
2015.10.19 08:53:26.119,1.47405,1.47431,1.00,1.00
2015.10.19 08:53:26.172,1.47407,1.47431,1.00,1.00
2015.10.19 08:53:26.479,1.47402,1.47428,1.50,1.00
2015.10.19 08:53:26.785,1.474,1.47425,1.37,1.00
2015.10.19 08:53:26.888,1.47397,1.47425,2.62,1.00
2015.10.19 08:53:27.428,1.47399,1.47425,1.00,1.00
2015.10.19 08:53:29.916,1.47397,1.47423,1.50,1.00
2015.10.19 08:53:30.970,1.47397,1.47423,1.00,1.00
2015.10.19 08:53:31.759,1.47397,1.47424,1.00,1.12
2015.10.19 08:53:32.756,1.47397,1.47423,1.00,1.00
2015.10.19 08:53:33.771,1.47397,1.47424,1.00,1.12
2015.10.19 08:53:34.712,1.47397,1.47423,1.00,1.00
2015.10.19 08:53:35.234,1.47397,1.47424,1.00,1.12
2015.10.19 08:53:40.984,1.47397,1.47422,1.00,1.00
2015.10.19 08:53:41.550,1.47397,1.47423,1.50,1.00
2015.10.19 08:53:43.101,1.47397,1.47425,1.50,1.50
2015.10.19 08:53:47.295,1.47398,1.47424,1.00,1.12
2015.10.19 08:53:48.122,1.47397,1.47423,1.50,1.00
2015.10.19 08:53:48.426,1.47399,1.47423,1.00,1.00
2015.10.19 08:53:48.478,1.47399,1.47427,1.50,1.00
2015.10.19 08:53:49.002,1.47399,1.47426,1.00,1.00
2015.10.19 08:53:49.646,1.47399,1.47425,1.50,1.00
2015.10.19 08:53:50.180,1.474,1.47426,1.00,1.00
2015.10.19 08:53:51.032,1.47399,1.47425,1.50,1.00
2015.10.19 08:53:51.238,1.474,1.47428,1.00,1.00
2015.10.19 08:53:51.493,1.474,1.47428,1.00,1.37
2015.10.19 08:53:51.799,1.47394,1.47419,1.00,1.00
2015.10.19 08:53:52.358,1.47391,1.47419,1.00,1.00
2015.10.19 08:53:52.562,1.47393,1.47419,1.00,1.00
2015.10.19 08:53:52.905,1.47391,1.47417,1.00,1.12
2015.10.19 08:53:54.028,1.4739,1.47417,1.00,1.12
2015.10.19 08:53:54.351,1.4739,1.47415,1.00,1.50
2015.10.19 08:53:55.760,1.47389,1.47416,1.00,1.75
2015.10.19 08:53:56.169,1.47387,1.47415,1.00,1.50
2015.10.19 08:53:57.131,1.47395,1.4742,1.00,1.00
2015.10.19 08:53:57.183,1.47393,1.4742,1.00,1.00
2015.10.19 08:53:58.540,1.47392,1.4742,1.00,1.50
2015.10.19 08:54:00.241,1.47393,1.4742,1.00,1.00
2015.10.19 08:54:01.143,1.47395,1.4742,1.00,1.00
2015.10.19 08:54:03.189,1.47396,1.4742,1.00,1.00
2015.10.19 08:54:03.554,1.47394,1.4742,1.00,1.50
2015.10.19 08:54:03.758,1.47396,1.4742,1.00,1.00
2015.10.19 08:54:04.004,1.47394,1.4742,1.00,1.50
2015.10.19 08:54:05.313,1.47393,1.4742,1.50,1.50
2015.10.19 08:54:05.740,1.47393,1.47418,1.50,1.00
2015.10.19 08:54:06.436,1.47393,1.47418,1.00,1.50
2015.10.19 08:54:06.538,1.4739,1.47416,1.12,1.50
2015.10.19 08:54:07.361,1.47389,1.47414,1.37,1.00
2015.10.19 08:54:22.595,1.4739,1.47414,1.87,1.00
2015.10.19 08:54:26.624,1.4739,1.47414,1.37,1.00
2015.10.19 08:54:26.830,1.47389,1.47415,1.00,1.50
2015.10.19 08:54:26.881,1.47385,1.47412,1.87,1.37
2015.10.19 08:54:27.825,1.47385,1.47411,1.00,1.00
2015.10.19 08:54:28.132,1.47376,1.474,1.00,1.75
2015.10.19 08:54:29.264,1.47372,1.474,1.00,1.75
2015.10.19 08:54:29.789,1.47372,1.474,1.37,1.75
2015.10.19 08:54:30.802,1.47376,1.474,1.00,1.75
2015.10.19 08:54:31.740,1.47371,1.47397,1.12,1.37
2015.10.19 08:54:33.153,1.47376,1.47396,1.00,1.12
2015.10.19 08:54:34.802,1.47371,1.47396,1.12,1.12
2015.10.19 08:54:35.544,1.47371,1.47396,1.37,1.12
2015.10.19 08:54:37.628,1.47371,1.47396,1.37,1.37
2015.10.19 08:54:37.935,1.47364,1.47391,1.37,1.37
2015.10.19 08:54:37.986,1.47364,1.47391,1.00,1.37
2015.10.19 08:54:39.021,1.47363,1.47389,1.00,1.00
2015.10.19 08:54:39.072,1.47367,1.47393,1.00,1.00
2015.10.19 08:54:39.398,1.47371,1.47396,1.00,1.00
2015.10.19 08:54:39.755,1.47376,1.47398,1.00,1.00
2015.10.19 08:54:40.445,1.47376,1.47399,1.00,1.00
2015.10.19 08:54:40.650,1.47376,1.47401,1.00,1.00
2015.10.19 08:54:40.931,1.47376,1.47403,1.00,1.00
2015.10.19 08:54:41.442,1.47377,1.47402,1.00,1.00
2015.10.19 08:54:41.969,1.47377,1.47403,1.00,1.00
2015.10.19 08:54:42.523,1.47376,1.47402,1.50,1.00
2015.10.19 08:54:43.804,1.47376,1.474,1.00,1.00
2015.10.19 08:54:44.312,1.47376,1.47399,1.00,1.00
2015.10.19 08:54:45.677,1.47374,1.47399,1.00,1.00
2015.10.19 08:54:46.147,1.47371,1.47397,1.00,1.00
2015.10.19 08:54:54.139,1.47372,1.474,1.00,1.00
2015.10.19 08:54:54.611,1.47371,1.47397,1.00,1.00
2015.10.19 08:54:54.917,1.47368,1.47395,1.00,2.25
2015.10.19 08:54:56.716,1.47369,1.47395,1.00,1.00
2015.10.19 08:54:59.459,1.4737,1.47395,1.00,1.00
2015.10.19 08:55:00.981,1.47372,1.47395,1.00,1.00
2015.10.19 08:55:01.736,1.4737,1.47395,1.00,1.00
2015.10.19 08:55:01.959,1.47372,1.47395,1.00,1.00
2015.10.19 08:55:03.706,1.47369,1.47395,1.00,1.50
2015.10.19 08:55:03.860,1.47371,1.47395,1.00,1.00
2015.10.19 08:55:05.372,1.47372,1.47395,1.00,1.00
2015.10.19 08:55:05.474,1.47369,1.47394,1.00,1.00
2015.10.19 08:55:06.020,1.47369,1.47395,1.00,1.50
2015.10.19 08:55:07.558,1.47371,1.47395,1.00,1.00
2015.10.19 08:55:08.037,1.47371,1.47397,1.37,1.00
2015.10.19 08:55:08.089,1.47371,1.47399,1.37,1.12
2015.10.19 08:55:08.344,1.47371,1.47397,1.37,1.00
2015.10.19 08:55:10.186,1.47371,1.47397,1.00,1.37
2015.10.19 08:55:11.038,1.47374,1.474,1.00,1.75
2015.10.19 08:55:11.295,1.47378,1.47404,1.00,1.37
2015.10.19 08:55:15.256,1.47382,1.47408,1.00,1.75
2015.10.19 08:55:15.307,1.47382,1.47408,1.00,1.50
2015.10.19 08:55:15.614,1.47384,1.4741,1.00,1.75
2015.10.19 08:55:16.630,1.47384,1.4741,1.00,1.12
2015.10.19 08:55:17.138,1.47385,1.47411,1.00,1.50
2015.10.19 08:55:20.978,1.47382,1.47408,1.12,1.00
2015.10.19 08:55:21.081,1.47382,1.4741,1.12,1.12
2015.10.19 08:55:21.516,1.47382,1.47408,1.12,1.00
2015.10.19 08:55:21.827,1.47384,1.4741,1.00,1.12
2015.10.19 08:55:22.319,1.47382,1.47408,1.00,1.50
2015.10.19 08:55:22.422,1.47377,1.47405,1.87,1.12
2015.10.19 08:55:22.526,1.47377,1.47405,1.50,1.12
2015.10.19 08:55:24.047,1.47379,1.47405,1.00,1.12
2015.10.19 08:55:24.882,1.47383,1.47409,1.00,1.50
2015.10.19 08:55:24.934,1.4738,1.47408,1.50,1.12
2015.10.19 08:55:25.096,1.4738,1.47406,1.50,1.00
2015.10.19 08:55:26.308,1.47381,1.47409,1.12,1.50
2015.10.19 08:55:28.334,1.47385,1.47411,1.00,1.75
2015.10.19 08:55:28.745,1.47385,1.47413,1.00,2.25
2015.10.19 08:55:28.898,1.47387,1.47413,1.00,2.25
2015.10.19 08:55:31.967,1.47386,1.47412,1.00,1.37
2015.10.19 08:55:32.122,1.47384,1.47412,1.12,1.37
2015.10.19 08:55:32.225,1.47384,1.47409,1.12,1.00
2015.10.19 08:55:32.733,1.47382,1.47409,1.00,1.12
2015.10.19 08:55:33.256,1.47383,1.47409,1.00,1.00
2015.10.19 08:55:34.057,1.47382,1.47408,1.00,1.37
2015.10.19 08:55:34.961,1.4738,1.47406,1.87,1.00
2015.10.19 08:55:36.837,1.4738,1.47404,1.12,1.00
2015.10.19 08:55:37.355,1.47384,1.47409,1.00,1.50
2015.10.19 08:55:37.457,1.47384,1.47409,1.00,1.50
2015.10.19 08:55:37.509,1.47382,1.47409,1.00,1.00
2015.10.19 08:55:37.714,1.47379,1.47405,1.75,1.00
2015.10.19 08:55:37.817,1.47382,1.4741,1.37,1.12
2015.10.19 08:55:38.021,1.47382,1.47408,1.37,1.00
2015.10.19 08:55:38.685,1.4738,1.47406,1.37,1.00
2015.10.19 08:55:38.788,1.47378,1.47406,2.25,1.00
2015.10.19 08:55:38.942,1.47378,1.47404,2.25,1.00
2015.10.19 08:55:41.029,1.47379,1.47407,1.12,1.12
2015.10.19 08:55:41.440,1.47381,1.47409,1.00,1.50
2015.10.19 08:55:41.799,1.47383,1.47408,1.00,1.37
2015.10.19 08:55:42.345,1.47385,1.47411,1.00,1.12
2015.10.19 08:55:42.908,1.47383,1.47411,1.00,1.12
2015.10.19 08:55:43.780,1.47384,1.4741,1.00,1.00
2015.10.19 08:55:44.312,1.47384,1.47411,1.00,1.12
2015.10.19 08:55:45.161,1.47386,1.47412,1.00,1.50
2015.10.19 08:55:45.213,1.47384,1.47411,1.00,1.12
2015.10.19 08:55:45.724,1.47383,1.4741,1.00,1.00
2015.10.19 08:55:46.083,1.47385,1.47412,1.00,1.50
2015.10.19 08:55:46.610,1.47381,1.47409,1.50,1.00
2015.10.19 08:55:47.582,1.47383,1.47411,1.00,1.12
2015.10.19 08:55:49.943,1.47385,1.47411,1.00,1.12
2015.10.19 08:55:57.730,1.47385,1.47411,1.00,1.37
2015.10.19 08:55:59.416,1.47385,1.47411,1.12,1.00
2015.10.19 08:55:59.920,1.47389,1.47414,1.00,1.50
2015.10.19 08:56:00.022,1.47387,1.47415,1.50,1.00
2015.10.19 08:56:00.125,1.47389,1.47415,1.00,1.00
2015.10.19 08:56:00.432,1.47387,1.47413,1.75,1.00
2015.10.19 08:56:00.484,1.47387,1.47415,1.75,1.00
2015.10.19 08:56:02.840,1.47388,1.47414,1.75,1.00
2015.10.19 08:56:05.882,1.47388,1.47416,1.75,1.12
2015.10.19 08:56:06.960,1.47391,1.47417,1.12,1.12
2015.10.19 08:56:08.134,1.47393,1.47419,1.00,1.12
2015.10.19 08:56:08.651,1.47392,1.4742,1.75,1.50
2015.10.19 08:56:10.369,1.47393,1.47419,1.50,1.00
2015.10.19 08:56:11.394,1.47393,1.4742,1.50,1.00
2015.10.19 08:56:11.906,1.47393,1.47419,1.50,1.00
2015.10.19 08:56:13.779,1.47395,1.4742,1.00,1.00
2015.10.19 08:56:14.392,1.47395,1.47419,1.00,1.00
2015.10.19 08:56:16.578,1.47395,1.4742,1.00,1.00
2015.10.19 08:56:16.681,1.47394,1.47422,1.12,1.12
2015.10.19 08:56:16.784,1.47394,1.47419,1.12,1.00
2015.10.19 08:56:17.450,1.47394,1.47422,1.12,1.12
2015.10.19 08:56:18.157,1.47393,1.47421,1.50,1.00
2015.10.19 08:56:19.494,1.47394,1.47419,1.12,1.50
2015.10.19 08:56:20.908,1.4739,1.47407,1.37,1.00
2015.10.19 08:56:20.973,1.47384,1.47409,1.00,1.50
2015.10.19 08:56:21.640,1.47382,1.47409,1.12,1.00
2015.10.19 08:56:22.179,1.47382,1.47405,1.12,1.00
2015.10.19 08:56:22.760,1.47381,1.47406,1.00,1.00
2015.10.19 08:56:23.168,1.4738,1.47404,1.00,1.00
2015.10.19 08:56:23.675,1.47379,1.47404,1.12,1.00
2015.10.19 08:56:24.284,1.47379,1.47405,1.12,1.00
2015.10.19 08:56:25.130,1.47379,1.47404,1.12,1.00
2015.10.19 08:56:26.102,1.47379,1.47407,1.12,1.12
2015.10.19 08:56:28.298,1.47379,1.47407,1.12,1.50
2015.10.19 08:56:30.222,1.47379,1.47405,1.12,1.00
2015.10.19 08:56:31.119,1.47381,1.47407,1.00,1.50
2015.10.19 08:56:31.697,1.47382,1.47408,1.00,1.37
2015.10.19 08:56:32.645,1.4738,1.47406,1.00,1.00
2015.10.19 08:56:34.135,1.47381,1.47408,1.00,1.37
2015.10.19 08:56:34.339,1.47379,1.47405,1.12,1.00
2015.10.19 08:56:34.442,1.47376,1.47403,1.00,1.00
2015.10.19 08:56:34.698,1.47375,1.47401,1.00,1.00
2015.10.19 08:56:35.177,1.47377,1.47403,1.00,1.50
2015.10.19 08:56:35.708,1.47377,1.47405,1.75,1.00
2015.10.19 08:56:36.254,1.47379,1.47407,1.12,1.50
2015.10.19 08:56:37.648,1.47379,1.47405,1.12,1.00
2015.10.19 08:56:38.159,1.4738,1.47408,1.37,1.87
2015.10.19 08:56:38.464,1.4738,1.47404,1.37,1.00
2015.10.19 08:56:38.942,1.4738,1.47408,1.37,1.00
2015.10.19 08:56:39.447,1.47382,1.47408,1.00,1.00
2015.10.19 08:56:39.953,1.47383,1.47409,1.00,1.87
2015.10.19 08:56:40.055,1.47383,1.47404,1.00,1.00
2015.10.19 08:56:41.016,1.47383,1.47409,1.00,1.12
2015.10.19 08:56:41.072,1.47381,1.47409,1.12,1.12
2015.10.19 08:56:41.939,1.47382,1.4741,1.00,1.87
2015.10.19 08:56:42.502,1.47385,1.47409,1.00,1.12
2015.10.19 08:56:43.036,1.47382,1.47409,1.00,1.12
2015.10.19 08:56:44.587,1.47384,1.47409,1.00,1.12
2015.10.19 08:56:45.513,1.47383,1.47409,1.00,1.12
2015.10.19 08:56:46.348,1.47382,1.47408,1.00,1.00
2015.10.19 08:56:47.092,1.47379,1.47405,1.75,1.00
2015.10.19 08:56:47.144,1.47379,1.47405,1.75,1.00
2015.10.19 08:56:48.826,1.47379,1.47407,1.75,1.00
2015.10.19 08:56:48.881,1.47379,1.47405,1.75,1.00
2015.10.19 08:56:49.405,1.47376,1.47403,2.25,1.00
2015.10.19 08:56:49.456,1.47376,1.47403,2.25,1.00
2015.10.19 08:56:49.558,1.47376,1.47401,1.50,1.00
2015.10.19 08:56:49.661,1.47373,1.474,1.50,1.00
2015.10.19 08:56:50.158,1.47368,1.47393,1.12,1.00
2015.10.19 08:56:50.420,1.47369,1.47397,1.12,1.12
2015.10.19 08:56:50.523,1.47368,1.47395,1.50,1.00
2015.10.19 08:56:50.830,1.47365,1.47391,2.25,1.00
2015.10.19 08:56:50.983,1.47365,1.4739,1.12,1.00
2015.10.19 08:56:51.939,1.47361,1.47382,1.00,1.00
2015.10.19 08:56:52.717,1.47361,1.47383,1.00,1.00
2015.10.19 08:56:53.389,1.47361,1.47382,1.00,1.00
2015.10.19 08:56:55.291,1.47361,1.47383,1.00,1.00
2015.10.19 08:56:56.151,1.47359,1.47383,1.00,1.00
2015.10.19 08:56:56.253,1.47356,1.47382,1.12,1.00
2015.10.19 08:56:56.407,1.47356,1.4738,1.12,1.00
2015.10.19 08:56:56.922,1.47356,1.47382,1.12,1.00
2015.10.19 08:56:57.312,1.47356,1.4738,1.12,1.00
2015.10.19 08:56:57.743,1.4735,1.47378,1.75,1.00
2015.10.19 08:56:57.897,1.4735,1.47378,1.75,1.00
2015.10.19 08:56:58.437,1.47349,1.47377,1.75,1.00
2015.10.19 08:56:58.488,1.47349,1.47375,1.75,1.00
2015.10.19 08:56:59.151,1.4735,1.47376,1.75,1.00
2015.10.19 08:56:59.343,1.4735,1.47376,1.50,1.00
2015.10.19 08:56:59.748,1.4735,1.47376,1.37,1.37
2015.10.19 08:56:59.810,1.47346,1.47374,1.50,1.50
2015.10.19 08:57:00.347,1.47345,1.47373,1.00,1.00
2015.10.19 08:57:01.342,1.47347,1.47373,1.00,1.00
2015.10.19 08:57:01.874,1.47348,1.47374,1.00,1.00
2015.10.19 08:57:02.934,1.47352,1.47378,1.00,1.75
2015.10.19 08:57:02.987,1.47352,1.47378,1.00,1.50
2015.10.19 08:57:04.682,1.47351,1.47377,1.00,1.12
2015.10.19 08:57:07.832,1.4735,1.47378,1.12,1.50
2015.10.19 08:57:08.427,1.47353,1.47379,1.00,1.75
2015.10.19 08:57:09.080,1.47355,1.47383,1.00,1.75
2015.10.19 08:57:09.587,1.47354,1.47382,1.00,1.75
2015.10.19 08:57:10.581,1.47357,1.47383,1.00,1.75
2015.10.19 08:57:12.392,1.47359,1.47384,1.00,2.25
2015.10.19 08:57:12.495,1.47356,1.47384,1.50,1.75
2015.10.19 08:57:12.598,1.4736,1.47384,1.00,1.75
2015.10.19 08:57:13.804,1.47358,1.47384,1.00,1.75
2015.10.19 08:57:14.810,1.47359,1.47385,1.00,1.75
2015.10.19 08:57:15.389,1.4736,1.47386,1.00,1.75
2015.10.19 08:57:15.913,1.47359,1.47385,1.00,1.75
2015.10.19 08:57:17.316,1.47362,1.47386,1.00,1.75
2015.10.19 08:57:17.827,1.47361,1.47386,1.00,1.75
2015.10.19 08:57:18.035,1.47362,1.47388,1.00,1.75
2015.10.19 08:57:18.618,1.47361,1.47387,1.00,1.75
2015.10.19 08:57:20.480,1.47359,1.47387,1.00,1.75
2015.10.19 08:57:22.607,1.47363,1.47388,1.00,1.00
2015.10.19 08:57:22.710,1.47363,1.47391,1.00,2.25
2015.10.19 08:57:22.914,1.47366,1.4739,1.00,1.12
2015.10.19 08:57:23.509,1.47367,1.47393,1.00,1.75
2015.10.19 08:57:24.055,1.47368,1.47394,1.00,1.75
2015.10.19 08:57:24.605,1.47367,1.47393,1.00,1.75
2015.10.19 08:57:25.773,1.47369,1.47395,1.00,1.75
2015.10.19 08:57:25.825,1.47369,1.47395,1.00,1.75
2015.10.19 08:57:27.317,1.4737,1.47396,1.00,1.75
2015.10.19 08:57:27.774,1.47372,1.47399,1.00,1.87
2015.10.19 08:57:27.826,1.47372,1.47399,1.00,1.75
2015.10.19 08:57:27.878,1.47374,1.474,1.00,1.75
2015.10.19 08:57:28.033,1.47375,1.47401,1.00,1.12
2015.10.19 08:57:28.085,1.47378,1.47403,1.00,1.37
2015.10.19 08:57:28.818,1.47379,1.47406,1.00,1.84
2015.10.19 08:57:29.950,1.4738,1.47407,1.00,1.12
2015.10.19 08:57:30.507,1.47383,1.47409,1.00,2.25
2015.10.19 08:57:35.770,1.47384,1.47409,1.00,1.00
2015.10.19 08:57:37.751,1.47383,1.47409,1.00,1.50
2015.10.19 08:57:41.173,1.47382,1.47409,1.00,1.50
2015.10.19 08:57:41.726,1.47381,1.47409,1.00,2.25
2015.10.19 08:57:42.153,1.47381,1.47409,1.00,2.25
2015.10.19 08:57:42.555,1.47383,1.47409,1.00,2.25
2015.10.19 08:57:42.816,1.4738,1.47406,1.00,1.12
2015.10.19 08:57:44.341,1.47381,1.47407,1.00,1.50
2015.10.19 08:57:45.357,1.47381,1.47409,1.50,1.50
2015.10.19 08:57:45.561,1.47383,1.47411,1.12,1.12
2015.10.19 08:57:46.092,1.4739,1.47415,1.00,1.50
2015.10.19 08:57:47.441,1.47391,1.47417,1.12,1.37
2015.10.19 08:57:47.493,1.47391,1.47417,1.50,1.00
2015.10.19 08:57:48.029,1.47391,1.47419,1.00,2.25
2015.10.19 08:57:48.532,1.4739,1.47418,1.00,1.50
2015.10.19 08:57:49.894,1.47389,1.47415,1.12,1.00
2015.10.19 08:57:50.201,1.47387,1.47413,1.12,1.00
2015.10.19 08:57:50.508,1.47386,1.47413,1.00,1.50
2015.10.19 08:57:51.139,1.47389,1.47415,1.00,1.87
2015.10.19 08:57:51.685,1.4739,1.47418,1.00,1.75
2015.10.19 08:57:51.890,1.47392,1.47418,1.00,1.12
2015.10.19 08:57:52.671,1.47393,1.4742,1.00,1.37
2015.10.19 08:57:52.825,1.47395,1.4742,1.00,1.37
2015.10.19 08:57:53.285,1.47395,1.47421,1.00,2.25
2015.10.19 08:58:00.534,1.47394,1.47422,1.00,1.75
2015.10.19 08:58:00.585,1.47394,1.47422,1.37,1.37
2015.10.19 08:58:00.688,1.47395,1.47423,1.50,1.12
2015.10.19 08:58:01.095,1.47398,1.47424,1.00,1.50
2015.10.19 08:58:02.172,1.47399,1.47425,1.00,1.75
2015.10.19 08:58:02.479,1.474,1.47426,1.00,1.00
2015.10.19 08:58:02.530,1.474,1.47424,1.00,1.00
2015.10.19 08:58:02.633,1.474,1.47426,1.50,1.00
2015.10.19 08:58:02.736,1.47402,1.47428,1.00,1.37
2015.10.19 08:58:03.471,1.47403,1.47429,1.00,3.00
2015.10.19 08:58:04.065,1.47404,1.47429,1.00,1.50
2015.10.19 08:58:04.168,1.47402,1.47429,1.00,1.50
2015.10.19 08:58:05.291,1.47405,1.47429,1.50,1.50
2015.10.19 08:58:05.445,1.47405,1.4743,1.00,1.37
2015.10.19 08:58:05.804,1.47404,1.47432,1.12,1.50
2015.10.19 08:58:08.026,1.47404,1.4743,1.12,1.00
2015.10.19 08:58:08.436,1.47404,1.4743,1.00,1.37
2015.10.19 08:58:08.590,1.474,1.47428,1.12,1.12
2015.10.19 08:58:09.126,1.474,1.47426,1.00,1.12
2015.10.19 08:58:09.433,1.47397,1.47423,1.00,1.00
2015.10.19 08:58:09.741,1.47396,1.47421,1.12,1.12
2015.10.19 08:58:10.280,1.47392,1.47417,1.12,1.12
2015.10.19 08:58:12.447,1.47391,1.47412,1.37,1.00
2015.10.19 08:58:12.652,1.47384,1.47408,1.37,1.12
2015.10.19 08:58:12.806,1.47381,1.47408,1.37,1.12
2015.10.19 08:58:13.679,1.47381,1.47408,1.37,1.75
2015.10.19 08:58:14.010,1.4738,1.47401,1.37,1.00
2015.10.19 08:58:14.112,1.4738,1.47401,1.37,1.00
2015.10.19 08:58:14.645,1.4738,1.47403,1.37,1.12
2015.10.19 08:58:18.018,1.47381,1.47403,1.37,1.12
2015.10.19 08:58:20.865,1.4738,1.47405,1.00,1.50
2015.10.19 08:58:21.019,1.47377,1.47403,1.00,1.12
2015.10.19 08:58:21.785,1.47376,1.474,1.00,1.00
2015.10.19 08:58:22.095,1.47362,1.47388,1.50,1.37
2015.10.19 08:58:22.724,1.4736,1.47384,1.37,1.00
2015.10.19 08:58:23.234,1.47361,1.47384,1.12,1.00
2015.10.19 08:58:23.541,1.47366,1.47384,1.00,1.00
2015.10.19 08:58:24.653,1.4737,1.47393,1.00,1.75
2015.10.19 08:58:24.976,1.47379,1.47405,1.00,2.25
2015.10.19 08:58:26.750,1.47379,1.47406,1.00,3.00
2015.10.19 08:58:26.854,1.47379,1.47406,1.00,1.75
2015.10.19 08:58:26.957,1.47381,1.47406,1.00,1.75
2015.10.19 08:58:27.756,1.47383,1.47409,1.00,3.00
2015.10.19 08:58:29.523,1.47382,1.47408,1.00,1.75
2015.10.19 08:58:30.023,1.4738,1.47408,1.50,1.75
2015.10.19 08:58:36.733,1.47378,1.47404,1.00,1.75
2015.10.19 08:58:37.699,1.47379,1.47407,1.00,2.25
2015.10.19 08:58:39.309,1.4738,1.47407,1.00,2.25
2015.10.19 08:58:41.572,1.47381,1.47407,1.00,2.25
2015.10.19 08:58:41.624,1.47387,1.4741,1.00,2.25
2015.10.19 08:58:41.679,1.47387,1.47414,1.00,2.25
2015.10.19 08:58:43.740,1.47388,1.47415,1.00,3.00
2015.10.19 08:58:43.843,1.4739,1.47415,1.00,3.00
2015.10.19 08:58:44.592,1.47388,1.47413,1.00,2.25
2015.10.19 08:58:44.746,1.47375,1.474,1.12,1.00
2015.10.19 08:58:44.799,1.47373,1.474,2.25,2.62
2015.10.19 08:58:44.901,1.47373,1.47397,1.00,1.75
2015.10.19 08:58:45.004,1.47373,1.47392,1.00,1.37
2015.10.19 08:58:45.055,1.47369,1.47388,1.12,1.00
2015.10.19 08:58:45.157,1.47367,1.47388,1.00,1.00
2015.10.19 08:58:45.363,1.47364,1.47388,1.00,1.00
2015.10.19 08:58:45.792,1.47361,1.47383,1.00,1.50
2015.10.19 08:58:49.875,1.47359,1.47382,1.00,1.37
2015.10.19 08:58:52.178,1.47361,1.47383,1.00,1.50
2015.10.19 08:58:53.656,1.47361,1.47379,1.00,1.37
2015.10.19 08:58:53.758,1.47357,1.47377,1.00,1.00
2015.10.19 08:58:55.402,1.4736,1.4738,1.00,1.12
2015.10.19 08:58:55.787,1.47358,1.47381,1.00,1.50
2015.10.19 08:58:55.840,1.47358,1.47379,1.00,1.37
2015.10.19 08:58:57.285,1.47355,1.47377,1.00,1.75
2015.10.19 08:58:57.694,1.47359,1.47378,1.00,1.75
2015.10.19 08:58:57.948,1.47357,1.47377,1.00,1.75
2015.10.19 08:59:01.006,1.47356,1.47377,1.00,1.00
2015.10.19 08:59:01.161,1.47356,1.47379,1.00,1.12
2015.10.19 08:59:01.469,1.47356,1.47377,1.00,1.00
2015.10.19 08:59:02.332,1.47356,1.47375,1.00,1.37
2015.10.19 08:59:04.008,1.47354,1.47374,1.00,1.12
2015.10.19 08:59:04.620,1.47354,1.47374,1.00,1.37
2015.10.19 08:59:05.876,1.47351,1.47371,1.00,1.12
2015.10.19 08:59:08.130,1.47355,1.47373,1.00,1.75
2015.10.19 08:59:08.543,1.47357,1.47373,1.00,1.00
2015.10.19 08:59:08.595,1.47357,1.47376,1.00,1.50
2015.10.19 08:59:08.698,1.47355,1.47377,1.00,1.00
2015.10.19 08:59:09.222,1.47355,1.47378,1.00,1.00
2015.10.19 08:59:10.443,1.47355,1.47381,1.00,1.75
2015.10.19 08:59:10.494,1.47359,1.47383,1.00,1.75
2015.10.19 08:59:14.426,1.47364,1.47384,1.00,1.75
2015.10.19 08:59:14.478,1.47364,1.47387,1.00,1.75
2015.10.19 08:59:14.529,1.47364,1.47389,1.00,1.00
2015.10.19 08:59:14.632,1.47367,1.47393,1.00,2.25
2015.10.19 08:59:15.172,1.47368,1.47393,1.00,1.00
2015.10.19 08:59:15.224,1.4737,1.47393,1.00,1.00
2015.10.19 08:59:16.888,1.47367,1.47393,1.50,1.00
2015.10.19 08:59:17.041,1.47377,1.47393,1.00,1.00
2015.10.19 08:59:21.663,1.47375,1.47393,1.00,1.00
2015.10.19 08:59:21.919,1.47378,1.47393,1.00,1.00
2015.10.19 08:59:22.428,1.4738,1.47398,1.00,1.75
2015.10.19 08:59:23.626,1.47387,1.47415,1.00,1.75
2015.10.19 08:59:23.779,1.4739,1.47412,1.00,1.00
2015.10.19 08:59:24.189,1.4739,1.47415,1.00,1.50
2015.10.19 08:59:28.038,1.47389,1.47414,1.00,1.12
2015.10.19 08:59:30.149,1.47391,1.47416,1.00,1.75
2015.10.19 08:59:31.164,1.47398,1.47424,1.00,1.00
2015.10.19 08:59:31.725,1.47398,1.47426,1.00,1.00
2015.10.19 08:59:32.251,1.47398,1.47427,1.00,1.50
2015.10.19 08:59:33.538,1.474,1.47427,1.00,1.50
2015.10.19 08:59:33.793,1.47395,1.47424,1.00,1.00
2015.10.19 08:59:34.286,1.47395,1.47422,1.00,1.00
2015.10.19 08:59:34.820,1.47395,1.47421,1.00,1.00
2015.10.19 08:59:36.255,1.47395,1.47422,1.00,1.00
2015.10.19 08:59:36.780,1.47395,1.47423,1.00,1.00
2015.10.19 08:59:37.302,1.47395,1.47422,1.00,1.00
2015.10.19 08:59:37.838,1.47394,1.47423,1.00,1.00
2015.10.19 08:59:38.650,1.47394,1.47421,1.00,1.00
2015.10.19 08:59:39.139,1.47397,1.47424,1.00,1.00
2015.10.19 08:59:39.453,1.474,1.47424,1.00,1.00
2015.10.19 08:59:40.749,1.474,1.47425,1.00,2.25
2015.10.19 08:59:41.465,1.47401,1.47425,1.00,2.25
2015.10.19 08:59:42.318,1.47401,1.47424,1.00,1.00
2015.10.19 08:59:44.273,1.47401,1.47428,1.00,1.00
2015.10.19 08:59:44.324,1.47404,1.47428,1.00,1.00
2015.10.19 08:59:44.630,1.47408,1.47429,1.00,1.37
2015.10.19 08:59:44.681,1.47406,1.47429,1.00,1.37
2015.10.19 08:59:44.783,1.47404,1.47429,1.00,1.37
2015.10.19 08:59:45.308,1.47404,1.4743,1.50,1.37
2015.10.19 08:59:45.715,1.47406,1.47431,1.00,1.37
2015.10.19 08:59:46.179,1.47407,1.47435,1.00,1.50
2015.10.19 08:59:46.231,1.47413,1.47435,1.00,1.50
2015.10.19 08:59:46.282,1.47413,1.47439,1.00,1.50
2015.10.19 08:59:46.738,1.47415,1.47439,1.00,1.50
2015.10.19 08:59:47.263,1.47415,1.4744,1.00,1.00
2015.10.19 08:59:47.621,1.47418,1.47439,1.00,1.00
2015.10.19 08:59:48.809,1.4742,1.47439,1.00,1.00
2015.10.19 08:59:49.371,1.4742,1.4744,1.00,1.00
2015.10.19 08:59:49.566,1.4742,1.47445,1.00,1.87
2015.10.19 08:59:49.720,1.47417,1.47444,1.00,1.00
2015.10.19 08:59:49.772,1.47418,1.47439,1.00,1.00
2015.10.19 08:59:50.293,1.47412,1.47439,1.00,1.00
2015.10.19 08:59:50.450,1.47413,1.47443,1.00,1.00
2015.10.19 08:59:50.556,1.47411,1.47439,1.00,1.50
2015.10.19 08:59:50.987,1.47409,1.47439,1.00,1.00
2015.10.19 08:59:51.090,1.47409,1.47441,1.00,1.00
2015.10.19 08:59:51.516,1.47411,1.47441,1.00,1.00
2015.10.19 08:59:52.030,1.4741,1.47441,1.00,1.00
2015.10.19 08:59:53.477,1.4741,1.47442,1.00,1.00
2015.10.19 08:59:54.029,1.47411,1.47442,1.00,1.00
2015.10.19 08:59:55.059,1.4741,1.47441,1.00,1.00
2015.10.19 08:59:58.506,1.47416,1.47445,1.00,1.00
2015.10.19 08:59:59.027,1.47415,1.47445,1.00,1.00
2015.10.19 08:59:59.469,1.47416,1.47449,1.00,1.50
