2013.05.13 08:00:00.438,1.47191,1.47217,3.12,2.44
2013.05.13 08:00:02.446,1.47188,1.47213,1.47,1.32
2013.05.13 08:00:02.752,1.47181,1.47209,4.24,2.82
2013.05.13 08:00:03.300,1.47181,1.47208,2.44,1.99
2013.05.13 08:00:03.696,1.47183,1.47207,1.28,1.69
2013.05.13 08:00:04.021,1.47185,1.47207,1.80,1.50
2013.05.13 08:00:04.871,1.47185,1.4721,2.37,1.69
2013.05.13 08:00:05.512,1.47187,1.4721,1.65,1.32
2013.05.13 08:00:05.761,1.47187,1.4721,1.13,1.84
2013.05.13 08:00:06.211,1.47181,1.47206,2.63,1.47
2013.05.13 08:00:06.583,1.47181,1.47206,1.50,1.09
2013.05.13 08:00:06.771,1.47184,1.47208,1.13,1.69
2013.05.13 08:00:07.275,1.47184,1.47208,1.13,1.69
2013.05.13 08:00:07.969,1.47184,1.47208,2.37,1.32
2013.05.13 08:00:08.282,1.47187,1.47208,1.28,1.32
2013.05.13 08:00:08.790,1.47189,1.47208,1.13,1.32
2013.05.13 08:00:10.761,1.47188,1.4721,1.13,1.32
2013.05.13 08:00:10.892,1.47188,1.4721,1.95,1.13
2013.05.13 08:00:11.212,1.47194,1.47214,1.39,1.50
2013.05.13 08:00:11.701,1.47194,1.47218,2.14,1.28
2013.05.13 08:00:13.153,1.47197,1.47218,1.13,1.28
2013.05.13 08:00:13.223,1.47197,1.47219,1.13,1.28
2013.05.13 08:00:13.651,1.47197,1.47218,1.13,1.28
2013.05.13 08:00:14.359,1.47199,1.4722,1.13,1.32
2013.05.13 08:00:14.799,1.47199,1.4722,1.13,1.32
2013.05.13 08:00:15.604,1.47199,1.4722,1.13,1.32
2013.05.13 08:00:16.952,1.47196,1.47218,1.13,1.13
2013.05.13 08:00:17.444,1.47199,1.47215,1.28,1.13
2013.05.13 08:00:17.732,1.47199,1.47218,1.28,1.13
2013.05.13 08:00:18.480,1.47199,1.47221,1.28,1.32
2013.05.13 08:00:18.909,1.472,1.47222,3.49,1.88
2013.05.13 08:00:19.482,1.47203,1.47222,1.28,1.88
2013.05.13 08:00:20.095,1.47204,1.47222,1.50,1.50
2013.05.13 08:00:20.470,1.47204,1.47222,1.50,1.50
2013.05.13 08:00:20.581,1.47204,1.47224,1.50,1.13
2013.05.13 08:00:22.960,1.47203,1.47224,1.28,1.13
2013.05.13 08:00:24.489,1.47204,1.47227,1.50,1.32
2013.05.13 08:00:24.550,1.47207,1.47228,1.50,1.32
2013.05.13 08:00:25.090,1.47207,1.47228,1.50,1.32
2013.05.13 08:00:25.652,1.47207,1.4723,1.50,1.32
2013.05.13 08:00:27.080,1.47207,1.4723,1.50,1.32
2013.05.13 08:00:31.233,1.47207,1.4723,1.88,1.32
2013.05.13 08:00:32.840,1.4721,1.47224,1.50,1.50
2013.05.13 08:00:33.155,1.47203,1.47222,1.32,1.13
2013.05.13 08:00:33.291,1.47202,1.47223,2.03,1.13
2013.05.13 08:00:33.361,1.47202,1.47223,1.28,1.13
2013.05.13 08:00:33.492,1.47202,1.47224,1.28,1.88
2013.05.13 08:00:33.681,1.47206,1.4722,1.50,1.13
2013.05.13 08:00:33.930,1.47204,1.47222,1.13,1.32
2013.05.13 08:00:34.121,1.47206,1.47224,1.50,2.07
2013.05.13 08:00:35.071,1.47204,1.47224,1.13,1.69
2013.05.13 08:00:38.142,1.47197,1.47219,1.13,1.13
2013.05.13 08:00:38.332,1.47196,1.47219,1.84,1.13
2013.05.13 08:00:38.582,1.47196,1.47216,1.13,1.69
2013.05.13 08:00:39.246,1.47193,1.47214,1.32,1.13
2013.05.13 08:00:39.548,1.47193,1.47214,1.13,1.32
2013.05.13 08:00:40.041,1.47191,1.47214,2.40,1.32
2013.05.13 08:00:40.302,1.47193,1.47214,1.13,1.32
2013.05.13 08:00:42.741,1.47192,1.47214,1.28,1.32
2013.05.13 08:00:42.951,1.4719,1.47209,1.05,1.13
2013.05.13 08:00:43.333,1.47187,1.47209,1.28,1.32
2013.05.13 08:00:43.544,1.47188,1.47209,1.65,1.32
2013.05.13 08:00:44.072,1.47186,1.47209,3.12,1.32
2013.05.13 08:00:44.262,1.47188,1.47209,1.28,1.32
2013.05.13 08:00:44.592,1.47188,1.47209,1.28,1.32
2013.05.13 08:00:45.102,1.47188,1.47208,1.28,1.13
2013.05.13 08:00:46.073,1.47188,1.47206,1.28,1.13
2013.05.13 08:00:47.692,1.47186,1.47199,1.13,1.13
2013.05.13 08:00:47.831,1.47182,1.47196,1.13,1.13
2013.05.13 08:00:48.083,1.47177,1.47196,1.80,1.13
2013.05.13 08:00:48.151,1.47177,1.47199,1.80,2.07
2013.05.13 08:00:48.330,1.47179,1.47199,1.28,1.32
2013.05.13 08:00:48.641,1.47177,1.47198,2.55,1.13
2013.05.13 08:00:50.151,1.47177,1.47198,2.55,1.32
2013.05.13 08:00:50.221,1.47179,1.47199,1.28,1.32
2013.05.13 08:00:51.452,1.47181,1.47203,1.50,2.44
2013.05.13 08:00:51.783,1.4718,1.47203,1.50,1.69
2013.05.13 08:00:52.311,1.47181,1.47204,1.50,2.44
2013.05.13 08:00:52.630,1.47181,1.47204,1.50,1.32
2013.05.13 08:00:52.949,1.47184,1.47204,1.28,1.32
2013.05.13 08:00:54.001,1.47181,1.47204,1.50,1.32
2013.05.13 08:00:55.291,1.47181,1.47204,1.50,1.32
2013.05.13 08:00:56.162,1.47184,1.47204,1.28,1.32
2013.05.13 08:00:58.590,1.47184,1.47204,1.28,1.32
2013.05.13 08:00:58.902,1.47185,1.47207,1.80,1.88
2013.05.13 08:00:59.200,1.47185,1.4721,2.18,1.32
2013.05.13 08:00:59.712,1.47188,1.47213,1.28,1.32
2013.05.13 08:01:00.733,1.47188,1.47208,1.28,1.13
2013.05.13 08:01:00.982,1.47185,1.47208,1.43,1.32
2013.05.13 08:01:01.124,1.47185,1.47208,1.13,1.32
2013.05.13 08:01:02.602,1.47183,1.47208,1.28,1.32
2013.05.13 08:01:02.673,1.47181,1.47203,1.43,1.32
2013.05.13 08:01:03.232,1.47178,1.47203,2.97,1.32
2013.05.13 08:01:03.301,1.47178,1.47203,3.72,1.13
2013.05.13 08:01:03.650,1.47183,1.47203,1.47,1.13
2013.05.13 08:01:04.020,1.47183,1.47208,1.09,1.13
2013.05.13 08:01:04.083,1.47183,1.47203,1.09,1.13
2013.05.13 08:01:04.212,1.47182,1.47203,1.50,1.13
2013.05.13 08:01:04.402,1.47184,1.47203,1.13,1.13
2013.05.13 08:01:04.911,1.47184,1.47203,1.13,1.13
2013.05.13 08:01:04.983,1.47184,1.47204,1.13,1.13
2013.05.13 08:01:05.375,1.47184,1.47208,1.13,1.09
2013.05.13 08:01:05.621,1.47182,1.47203,1.84,1.13
2013.05.13 08:01:05.753,1.47183,1.47208,1.32,1.09
2013.05.13 08:01:05.941,1.47183,1.47208,1.32,1.09
2013.05.13 08:01:06.463,1.47186,1.47209,1.28,1.32
2013.05.13 08:01:07.106,1.47187,1.47206,1.50,1.13
2013.05.13 08:01:07.246,1.47186,1.47208,1.32,1.13
2013.05.13 08:01:07.316,1.47186,1.47211,1.32,1.32
2013.05.13 08:01:08.827,1.47184,1.47206,1.47,1.13
2013.05.13 08:01:10.004,1.47186,1.47209,1.13,2.07
2013.05.13 08:01:10.102,1.47186,1.47209,1.50,1.69
2013.05.13 08:01:10.295,1.47186,1.47209,1.32,1.69
2013.05.13 08:01:10.721,1.47186,1.4721,2.07,1.32
2013.05.13 08:01:11.240,1.47192,1.4721,1.28,1.13
2013.05.13 08:01:11.302,1.47192,1.4721,1.28,1.13
2013.05.13 08:01:11.430,1.47192,1.47214,1.28,2.07
2013.05.13 08:01:12.161,1.47195,1.47214,1.13,1.69
2013.05.13 08:01:12.232,1.47196,1.47217,1.13,2.07
2013.05.13 08:01:12.362,1.47196,1.4722,1.32,1.13
2013.05.13 08:01:12.671,1.47197,1.47224,1.09,2.97
2013.05.13 08:01:13.180,1.472,1.47224,1.28,2.44
2013.05.13 08:01:13.572,1.472,1.47224,1.28,2.07
2013.05.13 08:01:13.732,1.472,1.47222,1.28,1.13
2013.05.13 08:01:14.333,1.472,1.47223,1.28,1.13
2013.05.13 08:01:14.584,1.472,1.47223,1.28,1.13
2013.05.13 08:01:14.952,1.472,1.47226,1.65,1.32
2013.05.13 08:01:15.461,1.472,1.47227,1.65,1.09
2013.05.13 08:01:15.953,1.47203,1.47224,1.13,1.32
2013.05.13 08:01:16.212,1.47203,1.47227,1.13,1.09
2013.05.13 08:01:16.973,1.47197,1.47223,2.44,1.28
2013.05.13 08:01:17.343,1.47197,1.47225,1.09,1.65
2013.05.13 08:01:17.661,1.47204,1.47227,1.69,1.50
2013.05.13 08:01:18.936,1.47207,1.47227,1.13,1.50
2013.05.13 08:01:19.382,1.47207,1.47229,1.13,2.40
2013.05.13 08:01:19.692,1.47201,1.47218,1.28,1.50
2013.05.13 08:01:20.141,1.472,1.47218,1.05,1.88
2013.05.13 08:01:20.218,1.47191,1.47218,2.22,1.88
2013.05.13 08:01:20.411,1.47191,1.47218,2.22,1.88
2013.05.13 08:01:20.482,1.47191,1.47218,2.22,1.50
2013.05.13 08:01:20.801,1.47197,1.47219,1.69,2.25
2013.05.13 08:01:20.872,1.47203,1.47221,1.13,1.13
2013.05.13 08:01:20.942,1.47203,1.47225,1.32,1.13
2013.05.13 08:01:21.085,1.47203,1.47228,1.32,1.69
2013.05.13 08:01:21.902,1.47205,1.47229,1.13,1.09
2013.05.13 08:01:22.600,1.47205,1.47229,1.13,1.09
2013.05.13 08:01:23.590,1.47205,1.47228,1.32,1.13
2013.05.13 08:01:23.932,1.47207,1.4723,1.32,1.88
2013.05.13 08:01:24.062,1.47209,1.4723,1.13,1.88
2013.05.13 08:01:24.385,1.47208,1.47229,1.13,2.03
2013.05.13 08:01:24.724,1.47202,1.47229,1.69,1.47
2013.05.13 08:01:24.852,1.47209,1.47229,1.13,1.47
2013.05.13 08:01:25.105,1.47211,1.47233,1.13,1.69
2013.05.13 08:01:25.173,1.47211,1.47233,1.32,1.50
2013.05.13 08:01:25.243,1.47211,1.47234,2.07,2.25
2013.05.13 08:01:26.219,1.47212,1.47238,1.13,2.82
2013.05.13 08:01:26.442,1.4721,1.47236,1.47,1.13
2013.05.13 08:01:26.511,1.47214,1.47238,1.13,2.82
2013.05.13 08:01:26.882,1.47214,1.47236,1.13,1.13
2013.05.13 08:01:28.898,1.47198,1.4722,1.28,3.19
2013.05.13 08:01:29.355,1.47197,1.47219,1.32,2.25
2013.05.13 08:01:29.632,1.472,1.47223,1.13,1.47
2013.05.13 08:01:29.773,1.47202,1.47224,1.47,1.28
2013.05.13 08:01:30.102,1.47206,1.47232,5.22,1.28
2013.05.13 08:01:30.472,1.47208,1.47232,1.09,2.25
2013.05.13 08:01:30.649,1.47206,1.47228,1.99,1.13
2013.05.13 08:01:30.852,1.47206,1.47228,1.05,1.13
2013.05.13 08:01:31.062,1.47201,1.47223,1.24,1.13
2013.05.13 08:01:31.697,1.47201,1.47219,1.47,1.50
2013.05.13 08:01:31.841,1.47201,1.47223,1.47,2.63
2013.05.13 08:01:32.490,1.47202,1.47223,1.50,2.63
2013.05.13 08:01:33.039,1.47202,1.47223,1.50,2.63
2013.05.13 08:01:33.256,1.47201,1.47223,1.50,2.63
2013.05.13 08:01:33.323,1.47201,1.47223,1.50,2.63
2013.05.13 08:01:33.881,1.47207,1.47219,2.18,1.50
2013.05.13 08:01:34.082,1.47213,1.47229,2.25,1.28
2013.05.13 08:01:34.391,1.47213,1.47234,1.50,2.25
2013.05.13 08:01:34.582,1.47213,1.47235,1.28,1.50
2013.05.13 08:01:35.133,1.47213,1.47239,1.99,1.32
2013.05.13 08:01:36.109,1.47213,1.47239,1.62,1.32
2013.05.13 08:01:37.271,1.47216,1.47238,1.28,1.13
2013.05.13 08:01:37.582,1.47218,1.47238,1.05,1.13
2013.05.13 08:01:38.332,1.47218,1.47243,1.43,2.82
2013.05.13 08:01:39.190,1.47218,1.47239,1.43,1.13
2013.05.13 08:01:39.650,1.47217,1.47242,1.28,2.44
2013.05.13 08:01:40.572,1.4722,1.47238,1.88,1.13
2013.05.13 08:01:41.043,1.47224,1.47238,1.50,1.13
2013.05.13 08:01:41.258,1.47221,1.47238,1.69,1.13
2013.05.13 08:01:41.329,1.47226,1.47238,1.05,1.13
2013.05.13 08:01:41.409,1.47222,1.47238,1.50,1.13
2013.05.13 08:01:41.482,1.47222,1.47238,1.50,1.13
2013.05.13 08:01:41.625,1.47221,1.47239,1.28,1.88
2013.05.13 08:01:41.832,1.47224,1.47244,1.28,1.69
2013.05.13 08:01:42.034,1.47226,1.47252,1.88,1.13
2013.05.13 08:01:42.161,1.47228,1.47254,1.43,3.57
2013.05.13 08:01:42.230,1.47228,1.47249,1.43,1.50
2013.05.13 08:01:42.784,1.47227,1.47249,1.43,2.25
2013.05.13 08:01:43.309,1.47227,1.47253,2.18,1.32
2013.05.13 08:01:43.694,1.47231,1.47254,1.65,2.07
2013.05.13 08:01:44.148,1.47232,1.47254,1.05,2.07
2013.05.13 08:01:45.843,1.47234,1.47253,1.28,1.13
2013.05.13 08:01:46.163,1.47229,1.47247,1.65,1.69
2013.05.13 08:01:46.290,1.47229,1.47249,1.13,2.63
2013.05.13 08:01:46.422,1.47229,1.47249,1.13,2.63
2013.05.13 08:01:46.873,1.47229,1.47253,1.13,2.82
2013.05.13 08:01:47.641,1.47228,1.47249,1.65,1.88
2013.05.13 08:01:47.771,1.47226,1.47249,1.62,2.63
2013.05.13 08:01:48.092,1.47228,1.47248,1.28,1.88
2013.05.13 08:01:49.161,1.47225,1.47249,1.13,2.63
2013.05.13 08:01:49.410,1.47224,1.47249,1.65,2.63
2013.05.13 08:01:49.652,1.47224,1.47249,1.65,2.82
2013.05.13 08:01:49.971,1.47224,1.47249,1.65,2.82
2013.05.13 08:01:50.472,1.47229,1.4725,1.28,1.69
2013.05.13 08:01:50.782,1.47232,1.4725,1.50,3.19
2013.05.13 08:01:51.113,1.47235,1.4725,1.24,1.50
2013.05.13 08:01:51.200,1.47238,1.4725,1.13,1.13
2013.05.13 08:01:51.741,1.47242,1.4725,1.28,1.13
2013.05.13 08:01:53.102,1.4724,1.4725,1.28,1.13
2013.05.13 08:01:53.172,1.47237,1.47256,2.03,2.63
2013.05.13 08:01:53.361,1.47237,1.47256,2.03,2.63
2013.05.13 08:01:53.590,1.47237,1.47256,2.03,2.63
2013.05.13 08:01:54.130,1.47237,1.47256,1.28,1.88
2013.05.13 08:01:55.221,1.47239,1.4726,1.50,1.69
2013.05.13 08:01:55.290,1.4724,1.4726,1.05,1.50
2013.05.13 08:01:55.486,1.4724,1.47262,2.18,1.88
2013.05.13 08:01:56.364,1.47241,1.47264,1.84,1.13
2013.05.13 08:01:56.826,1.47241,1.47264,1.09,1.13
2013.05.13 08:01:56.964,1.47241,1.47264,2.14,1.13
2013.05.13 08:01:57.580,1.47241,1.47265,1.62,3.19
2013.05.13 08:01:57.711,1.4724,1.47263,2.97,1.32
2013.05.13 08:01:58.891,1.47241,1.47265,2.40,2.07
2013.05.13 08:01:59.080,1.47242,1.47265,1.20,1.88
2013.05.13 08:02:00.873,1.47244,1.47264,1.43,1.13
2013.05.13 08:02:01.921,1.47247,1.47264,1.28,1.13
2013.05.13 08:02:02.242,1.47258,1.47268,2.25,1.13
2013.05.13 08:02:02.552,1.47266,1.47278,1.28,1.88
2013.05.13 08:02:02.621,1.47269,1.47282,1.50,1.32
2013.05.13 08:02:02.754,1.47272,1.47284,1.28,1.50
2013.05.13 08:02:02.825,1.47274,1.47284,1.28,1.50
2013.05.13 08:02:02.895,1.47275,1.47285,1.28,1.50
2013.05.13 08:02:03.032,1.47278,1.47295,1.50,1.13
2013.05.13 08:02:03.162,1.47277,1.47298,2.40,1.50
2013.05.13 08:02:03.233,1.47278,1.47298,1.28,1.50
2013.05.13 08:02:03.541,1.4728,1.47298,1.05,1.50
2013.05.13 08:02:03.672,1.47282,1.47304,1.28,1.13
2013.05.13 08:02:03.803,1.47282,1.47299,1.28,1.50
2013.05.13 08:02:04.212,1.4728,1.47304,2.25,1.50
2013.05.13 08:02:04.283,1.4728,1.47304,2.25,1.50
2013.05.13 08:02:05.748,1.47282,1.47306,1.13,1.99
2013.05.13 08:02:06.101,1.47283,1.47306,1.13,1.24
2013.05.13 08:02:06.442,1.47287,1.47306,1.47,1.28
2013.05.13 08:02:06.833,1.47287,1.47309,1.47,1.28
2013.05.13 08:02:07.204,1.47288,1.47314,1.09,1.28
2013.05.13 08:02:07.584,1.47288,1.47314,1.09,1.47
2013.05.13 08:02:07.785,1.47288,1.47314,1.09,1.47
2013.05.13 08:02:08.450,1.4729,1.47314,1.13,1.47
2013.05.13 08:02:09.145,1.47294,1.47313,1.13,1.65
2013.05.13 08:02:09.272,1.47294,1.47313,1.13,1.65
2013.05.13 08:02:11.901,1.47292,1.47315,2.07,1.43
2013.05.13 08:02:12.420,1.47292,1.47313,1.32,2.40
2013.05.13 08:02:12.940,1.47289,1.4731,1.47,2.40
2013.05.13 08:02:13.884,1.47287,1.4731,2.07,1.28
2013.05.13 08:02:15.152,1.47287,1.47311,2.07,1.28
2013.05.13 08:02:15.924,1.47287,1.47303,1.13,1.50
2013.05.13 08:02:15.992,1.47284,1.47303,1.32,1.50
2013.05.13 08:02:16.648,1.47284,1.47307,1.09,1.28
2013.05.13 08:02:18.376,1.47284,1.47307,1.09,1.28
2013.05.13 08:02:19.021,1.47283,1.47307,1.32,1.28
2013.05.13 08:02:19.586,1.47283,1.47307,1.32,1.28
2013.05.13 08:02:19.841,1.47281,1.47303,1.32,2.25
2013.05.13 08:02:20.151,1.47276,1.47296,1.50,1.69
2013.05.13 08:02:20.461,1.47276,1.47293,1.50,1.69
2013.05.13 08:02:21.160,1.47268,1.47291,1.09,1.13
2013.05.13 08:02:21.463,1.47268,1.47288,1.09,1.50
2013.05.13 08:02:21.534,1.47265,1.47285,1.05,1.13
2013.05.13 08:02:21.602,1.47262,1.47284,1.09,1.13
2013.05.13 08:02:22.051,1.47261,1.47284,1.47,1.13
2013.05.13 08:02:22.181,1.47261,1.47284,1.47,1.13
2013.05.13 08:02:22.637,1.47261,1.47284,1.09,1.13
2013.05.13 08:02:23.191,1.47259,1.47281,1.32,2.25
2013.05.13 08:02:24.141,1.47263,1.47281,1.13,2.25
2013.05.13 08:02:24.363,1.47263,1.47281,1.13,2.25
2013.05.13 08:02:24.583,1.47263,1.47281,1.13,2.25
2013.05.13 08:02:24.912,1.47263,1.47288,2.07,2.59
2013.05.13 08:02:24.983,1.47265,1.47289,1.09,1.13
2013.05.13 08:02:25.112,1.47266,1.47289,1.24,1.13
2013.05.13 08:02:25.181,1.47266,1.47287,1.62,1.13
2013.05.13 08:02:25.371,1.47266,1.47287,1.62,1.88
2013.05.13 08:02:25.621,1.47265,1.47286,1.09,2.25
2013.05.13 08:02:25.680,1.47263,1.47286,3.15,2.25
2013.05.13 08:02:26.452,1.47265,1.47285,1.13,2.25
2013.05.13 08:02:26.700,1.47263,1.47285,1.65,2.25
2013.05.13 08:02:26.922,1.47263,1.47284,1.28,1.13
2013.05.13 08:02:27.320,1.47261,1.47284,2.37,1.88
2013.05.13 08:02:27.743,1.47261,1.47284,2.59,1.13
2013.05.13 08:02:27.952,1.47261,1.47284,1.09,1.13
2013.05.13 08:02:28.022,1.47265,1.47289,1.50,1.84
2013.05.13 08:02:28.092,1.47265,1.47289,1.50,1.47
2013.05.13 08:02:29.631,1.47267,1.47289,1.32,1.13
2013.05.13 08:02:31.316,1.47267,1.47289,2.18,1.13
2013.05.13 08:02:31.651,1.47272,1.47289,1.05,1.13
2013.05.13 08:02:31.731,1.47272,1.47289,1.05,1.13
2013.05.13 08:02:32.284,1.47272,1.47297,2.52,1.28
2013.05.13 08:02:32.590,1.47273,1.47297,1.32,1.28
2013.05.13 08:02:33.371,1.47273,1.47297,1.32,1.28
2013.05.13 08:02:33.467,1.47271,1.47293,1.32,1.13
2013.05.13 08:02:34.401,1.47271,1.47292,1.13,1.50
2013.05.13 08:02:35.601,1.47271,1.47293,1.13,1.65
2013.05.13 08:02:35.792,1.47271,1.47293,1.32,1.13
2013.05.13 08:02:35.982,1.47271,1.47297,1.84,1.32
2013.05.13 08:02:36.240,1.47273,1.47299,1.09,2.22
2013.05.13 08:02:36.843,1.47273,1.47298,1.09,2.25
2013.05.13 08:02:37.971,1.47272,1.47298,1.47,2.44
2013.05.13 08:02:38.511,1.47271,1.47294,1.17,1.13
2013.05.13 08:02:38.832,1.47272,1.47293,1.02,1.13
2013.05.13 08:02:38.901,1.47272,1.47293,1.02,1.13
2013.05.13 08:02:39.384,1.47272,1.47293,1.02,1.13
2013.05.13 08:02:39.504,1.47273,1.47294,1.13,1.28
2013.05.13 08:02:41.703,1.4727,1.47294,1.73,1.28
2013.05.13 08:02:43.273,1.47272,1.47294,1.13,1.28
2013.05.13 08:02:43.341,1.47272,1.47293,1.13,1.32
2013.05.13 08:02:43.485,1.47263,1.47284,1.32,1.13
2013.05.13 08:02:43.625,1.47261,1.47284,1.50,1.84
2013.05.13 08:02:43.696,1.47261,1.47283,1.50,1.84
2013.05.13 08:02:43.941,1.47256,1.47283,1.50,1.84
2013.05.13 08:02:45.284,1.47254,1.47279,2.48,1.28
2013.05.13 08:02:47.161,1.47254,1.47279,2.03,1.28
2013.05.13 08:02:48.295,1.47252,1.47277,2.07,1.84
2013.05.13 08:02:48.363,1.47252,1.47277,2.07,1.09
2013.05.13 08:02:49.082,1.47253,1.47277,1.69,1.84
2013.05.13 08:02:49.990,1.47253,1.47278,1.69,1.24
2013.05.13 08:02:51.382,1.47251,1.47275,1.65,1.32
2013.05.13 08:02:51.714,1.47248,1.47273,1.69,1.99
2013.05.13 08:02:51.961,1.47248,1.47273,1.32,1.09
2013.05.13 08:02:52.033,1.47247,1.47274,2.18,2.22
2013.05.13 08:02:52.688,1.47253,1.47274,1.13,1.13
2013.05.13 08:02:53.971,1.47254,1.47276,1.65,1.32
2013.05.13 08:02:54.892,1.47254,1.47276,1.84,1.13
2013.05.13 08:02:55.332,1.47254,1.47276,1.84,1.13
2013.05.13 08:02:55.461,1.47255,1.47279,1.95,1.32
2013.05.13 08:02:56.070,1.47257,1.47283,2.22,1.88
2013.05.13 08:02:57.921,1.47262,1.47283,1.65,1.32
2013.05.13 08:02:58.628,1.47263,1.47283,1.13,1.32
2013.05.13 08:03:00.010,1.47263,1.47283,1.13,1.32
2013.05.13 08:03:01.961,1.47263,1.47284,1.13,1.32
2013.05.13 08:03:02.532,1.47264,1.47284,1.05,1.13
2013.05.13 08:03:02.601,1.47264,1.47283,1.05,1.13
2013.05.13 08:03:02.861,1.47261,1.47283,1.28,1.32
2013.05.13 08:03:03.471,1.47257,1.47283,1.09,1.32
2013.05.13 08:03:03.671,1.47257,1.47279,1.09,1.13
2013.05.13 08:03:04.251,1.47264,1.47283,1.13,1.32
2013.05.13 08:03:04.382,1.47262,1.47279,1.50,1.13
2013.05.13 08:03:04.701,1.47258,1.47279,1.13,1.13
2013.05.13 08:03:04.891,1.47252,1.47274,1.09,1.13
2013.05.13 08:03:05.481,1.47251,1.47274,1.99,1.13
2013.05.13 08:03:06.001,1.47251,1.47274,1.99,1.13
2013.05.13 08:03:06.352,1.47251,1.47272,1.80,1.32
2013.05.13 08:03:06.422,1.4725,1.47273,1.50,1.32
2013.05.13 08:03:06.550,1.47251,1.47273,1.80,2.07
2013.05.13 08:03:07.545,1.47251,1.47273,1.80,2.07
2013.05.13 08:03:07.892,1.47255,1.47273,1.28,2.07
2013.05.13 08:03:10.041,1.47255,1.47273,1.28,1.13
2013.05.13 08:03:12.652,1.47254,1.47273,1.28,1.13
2013.05.13 08:03:13.181,1.47252,1.47273,1.80,1.32
2013.05.13 08:03:14.851,1.47252,1.47273,2.18,1.32
2013.05.13 08:03:19.090,1.47252,1.47271,1.32,1.13
2013.05.13 08:03:19.160,1.47253,1.47271,1.32,1.13
2013.05.13 08:03:20.200,1.47251,1.47271,1.69,1.13
2013.05.13 08:03:21.892,1.47251,1.47272,1.13,1.13
2013.05.13 08:03:25.511,1.47251,1.47272,1.20,1.13
2013.05.13 08:03:27.751,1.47252,1.47272,1.20,1.32
2013.05.13 08:03:28.063,1.47255,1.47274,1.17,1.13
2013.05.13 08:03:28.442,1.47255,1.47274,1.80,1.13
2013.05.13 08:03:28.820,1.47256,1.47276,1.13,1.50
2013.05.13 08:03:28.880,1.47257,1.47281,1.13,1.32
2013.05.13 08:03:29.070,1.47257,1.47283,1.13,3.34
2013.05.13 08:03:29.130,1.47257,1.47283,1.32,2.59
2013.05.13 08:03:29.702,1.47257,1.47281,1.69,1.13
2013.05.13 08:03:32.031,1.47257,1.47283,1.69,1.84
2013.05.13 08:03:33.138,1.47257,1.47282,1.69,1.32
2013.05.13 08:03:34.300,1.47256,1.47281,3.94,1.13
2013.05.13 08:03:36.594,1.47262,1.47286,1.32,1.32
2013.05.13 08:03:44.342,1.47266,1.47287,1.13,1.32
2013.05.13 08:03:53.341,1.47268,1.47288,1.05,1.13
2013.05.13 08:03:53.842,1.4727,1.47291,1.47,1.13
2013.05.13 08:03:54.030,1.47277,1.47296,1.13,1.32
2013.05.13 08:03:54.740,1.47273,1.47295,1.09,1.13
2013.05.13 08:03:55.361,1.47277,1.47301,1.09,1.50
2013.05.13 08:03:56.200,1.47278,1.47304,1.09,2.07
2013.05.13 08:03:57.093,1.47281,1.473,1.13,2.37
2013.05.13 08:03:58.045,1.47276,1.47298,1.50,2.25
2013.05.13 08:04:02.381,1.47271,1.47297,2.22,1.88
2013.05.13 08:04:03.212,1.47268,1.47291,1.09,1.50
2013.05.13 08:04:03.421,1.47266,1.47291,1.69,2.10
2013.05.13 08:04:04.010,1.47265,1.47289,1.84,1.32
2013.05.13 08:04:05.842,1.47265,1.47284,1.84,2.25
2013.05.13 08:04:05.912,1.47261,1.47284,1.13,2.07
2013.05.13 08:04:06.650,1.47264,1.47287,1.13,1.47
2013.05.13 08:04:07.385,1.4726,1.47279,1.09,1.50
2013.05.13 08:04:07.652,1.47261,1.47287,1.09,1.09
2013.05.13 08:04:08.372,1.47261,1.47285,1.09,1.13
2013.05.13 08:04:08.893,1.47261,1.47282,1.09,1.13
2013.05.13 08:04:09.451,1.47261,1.47282,1.09,1.13
2013.05.13 08:04:10.901,1.47262,1.47287,1.69,1.28
2013.05.13 08:04:11.035,1.47262,1.47287,2.44,1.28
2013.05.13 08:04:11.220,1.47264,1.47288,1.09,1.13
2013.05.13 08:04:11.472,1.47266,1.47288,1.32,1.13
2013.05.13 08:04:13.082,1.47264,1.47285,1.84,1.50
2013.05.13 08:04:13.391,1.47261,1.47282,1.50,1.13
2013.05.13 08:04:13.451,1.47256,1.47282,1.32,1.13
2013.05.13 08:04:15.485,1.47258,1.47283,2.03,1.88
2013.05.13 08:04:16.072,1.47258,1.4728,1.50,2.03
2013.05.13 08:04:16.156,1.47246,1.47275,1.47,1.84
2013.05.13 08:04:16.222,1.47246,1.47273,1.47,1.69
2013.05.13 08:04:16.426,1.47252,1.47274,1.50,1.32
2013.05.13 08:04:17.501,1.47256,1.47272,1.50,1.13
2013.05.13 08:04:17.692,1.47252,1.47275,1.05,1.32
2013.05.13 08:04:17.761,1.47251,1.47275,1.99,1.32
2013.05.13 08:04:17.892,1.4725,1.47273,1.09,1.13
2013.05.13 08:04:18.214,1.47249,1.47272,2.82,1.13
2013.05.13 08:04:21.681,1.4725,1.47274,1.32,1.13
2013.05.13 08:04:22.481,1.4725,1.47275,2.59,1.13
2013.05.13 08:04:22.600,1.47253,1.47275,1.09,1.13
2013.05.13 08:04:23.041,1.47254,1.47274,1.84,1.13
2013.05.13 08:04:23.112,1.47254,1.47278,1.09,1.13
2013.05.13 08:04:23.480,1.47251,1.47274,2.07,1.13
2013.05.13 08:04:23.601,1.47256,1.47282,1.69,1.47
2013.05.13 08:04:24.122,1.47257,1.47282,1.09,1.69
2013.05.13 08:04:24.831,1.47257,1.47279,1.09,1.88
2013.05.13 08:04:25.655,1.47255,1.47279,1.62,3.38
2013.05.13 08:04:26.012,1.47255,1.47274,1.09,1.13
2013.05.13 08:04:26.202,1.47253,1.47278,1.84,1.50
2013.05.13 08:04:27.363,1.47251,1.47274,1.28,2.70
2013.05.13 08:04:27.704,1.47249,1.47267,1.32,1.13
2013.05.13 08:04:28.582,1.47249,1.47269,1.32,1.50
2013.05.13 08:04:28.832,1.47248,1.47269,1.09,1.50
2013.05.13 08:04:28.906,1.47247,1.47269,1.47,2.63
2013.05.13 08:04:30.642,1.47242,1.47264,1.84,1.13
2013.05.13 08:04:31.223,1.47246,1.47264,1.47,1.13
2013.05.13 08:04:34.472,1.47244,1.47264,1.13,1.13
2013.05.13 08:04:35.112,1.47242,1.47264,1.09,1.88
2013.05.13 08:04:35.632,1.47239,1.47264,3.12,2.07
2013.05.13 08:04:35.761,1.47242,1.47263,1.28,3.19
2013.05.13 08:04:37.348,1.47241,1.47267,2.40,1.69
2013.05.13 08:04:37.419,1.47245,1.47267,1.05,1.69
2013.05.13 08:04:37.733,1.47248,1.47267,1.05,1.50
2013.05.13 08:04:38.052,1.47252,1.47267,1.05,1.50
2013.05.13 08:04:38.491,1.47252,1.47273,1.43,1.13
2013.05.13 08:04:40.141,1.47252,1.47276,2.37,1.13
2013.05.13 08:04:41.551,1.47252,1.47273,1.62,1.13
2013.05.13 08:04:43.751,1.47252,1.47278,2.37,1.32
2013.05.13 08:04:44.292,1.47252,1.47276,2.37,1.50
2013.05.13 08:04:44.361,1.47252,1.47278,2.37,1.32
2013.05.13 08:04:46.762,1.47254,1.47279,1.09,2.07
2013.05.13 08:04:46.832,1.47252,1.47279,1.43,2.07
2013.05.13 08:04:47.391,1.4725,1.47275,1.09,1.69
2013.05.13 08:04:47.921,1.4725,1.47273,1.09,1.50
2013.05.13 08:04:48.370,1.4725,1.47272,1.09,1.13
2013.05.13 08:04:48.491,1.4725,1.4727,1.09,1.13
2013.05.13 08:04:49.032,1.47248,1.47268,1.09,1.50
2013.05.13 08:04:49.282,1.4724,1.47266,1.69,1.65
2013.05.13 08:04:49.470,1.47237,1.47264,1.09,1.65
2013.05.13 08:04:50.360,1.47238,1.47264,1.32,1.65
2013.05.13 08:04:52.047,1.47242,1.47264,1.47,1.13
2013.05.13 08:04:56.863,1.47238,1.47262,1.47,2.25
2013.05.13 08:04:57.112,1.47234,1.4726,2.22,1.13
2013.05.13 08:04:59.262,1.47235,1.47255,1.50,1.43
2013.05.13 08:04:59.864,1.47235,1.47254,1.50,2.18
2013.05.13 08:05:01.111,1.47233,1.47254,1.32,2.18
2013.05.13 08:05:01.350,1.4723,1.47258,1.84,2.59
2013.05.13 08:05:01.895,1.4723,1.47255,1.84,1.13
2013.05.13 08:05:02.546,1.4723,1.47255,1.84,1.88
2013.05.13 08:05:03.172,1.47232,1.47255,1.32,1.88
2013.05.13 08:05:03.241,1.47232,1.47254,1.32,1.50
2013.05.13 08:05:03.792,1.47232,1.47254,1.32,1.50
2013.05.13 08:05:04.170,1.47236,1.47254,1.39,1.50
2013.05.13 08:05:04.899,1.47236,1.47255,1.92,1.50
2013.05.13 08:05:05.862,1.47236,1.47255,1.92,1.50
2013.05.13 08:05:05.931,1.47237,1.47261,1.02,1.32
2013.05.13 08:05:06.292,1.47241,1.47263,1.54,1.13
2013.05.13 08:05:06.840,1.47242,1.47266,1.77,1.13
2013.05.13 08:05:07.283,1.47242,1.47266,1.77,1.13
2013.05.13 08:05:08.271,1.47241,1.4726,1.09,1.50
2013.05.13 08:05:08.413,1.4724,1.47258,1.84,1.50
2013.05.13 08:05:11.650,1.4724,1.47264,1.32,1.88
2013.05.13 08:05:11.830,1.4724,1.47264,1.32,1.88
2013.05.13 08:05:14.130,1.47242,1.47264,1.69,1.50
2013.05.13 08:05:14.834,1.47243,1.47265,2.44,1.13
2013.05.13 08:05:15.823,1.47243,1.47264,1.69,1.50
2013.05.13 08:05:16.653,1.47243,1.47268,1.39,1.13
2013.05.13 08:05:16.902,1.47242,1.47268,2.14,1.88
2013.05.13 08:05:17.612,1.47242,1.47268,2.14,1.88
2013.05.13 08:05:18.481,1.47247,1.47268,1.32,1.13
2013.05.13 08:05:19.044,1.47247,1.47268,1.32,1.88
2013.05.13 08:05:26.212,1.47246,1.47268,2.07,1.13
2013.05.13 08:05:29.641,1.47247,1.47271,1.69,1.13
2013.05.13 08:05:30.298,1.47247,1.47268,1.69,1.13
2013.05.13 08:05:32.002,1.47246,1.47268,1.32,1.13
2013.05.13 08:05:32.196,1.47246,1.47268,1.32,1.88
2013.05.13 08:05:32.405,1.47245,1.47267,1.32,1.50
2013.05.13 08:05:32.921,1.47246,1.47268,1.32,1.13
2013.05.13 08:05:33.024,1.47246,1.47268,1.32,1.13
2013.05.13 08:05:33.644,1.47246,1.47268,2.89,1.50
2013.05.13 08:05:33.712,1.47247,1.47273,1.39,2.40
2013.05.13 08:05:33.844,1.47249,1.47273,1.32,1.88
2013.05.13 08:05:34.093,1.47247,1.47271,1.39,1.28
2013.05.13 08:05:34.642,1.47247,1.4727,1.32,2.03
2013.05.13 08:05:34.712,1.47247,1.47269,1.39,1.28
2013.05.13 08:05:35.233,1.47247,1.47267,1.39,1.28
2013.05.13 08:05:35.624,1.47247,1.47267,1.32,1.28
2013.05.13 08:05:36.340,1.47247,1.4727,1.32,1.05
2013.05.13 08:05:36.931,1.4725,1.4727,1.13,1.05
2013.05.13 08:05:37.001,1.47247,1.4727,1.32,1.05
2013.05.13 08:05:38.633,1.47247,1.47268,1.39,1.65
2013.05.13 08:05:39.431,1.47249,1.47269,1.50,2.40
2013.05.13 08:05:40.255,1.47249,1.47269,1.69,2.40
2013.05.13 08:05:40.326,1.47249,1.47267,2.07,1.28
2013.05.13 08:05:41.564,1.47245,1.47267,4.02,1.28
2013.05.13 08:05:44.412,1.47247,1.47268,1.32,2.25
2013.05.13 08:05:44.961,1.47247,1.47268,1.32,2.25
2013.05.13 08:05:45.151,1.47247,1.47268,1.32,2.25
2013.05.13 08:05:47.933,1.47245,1.47265,1.32,1.50
2013.05.13 08:05:48.263,1.47247,1.47268,1.32,1.88
2013.05.13 08:05:50.372,1.47243,1.47264,1.02,1.13
2013.05.13 08:05:50.562,1.47242,1.47264,1.84,1.13
2013.05.13 08:05:50.896,1.47245,1.47264,1.69,1.13
2013.05.13 08:05:51.964,1.47246,1.47266,1.13,2.25
2013.05.13 08:05:52.604,1.47246,1.47267,1.32,2.78
2013.05.13 08:05:52.791,1.47246,1.47267,1.32,1.65
2013.05.13 08:05:53.211,1.4725,1.47267,1.13,1.28
2013.05.13 08:05:53.367,1.4725,1.4727,1.32,2.18
2013.05.13 08:05:53.920,1.47246,1.47269,1.32,1.28
2013.05.13 08:05:54.856,1.47246,1.47267,1.32,1.28
2013.05.13 08:05:55.176,1.47246,1.47267,1.13,1.65
2013.05.13 08:05:55.381,1.47246,1.47267,2.63,1.65
2013.05.13 08:05:55.661,1.47246,1.47267,2.63,1.13
2013.05.13 08:05:56.390,1.47246,1.47267,2.82,1.13
2013.05.13 08:05:56.702,1.47246,1.47272,2.82,2.82
2013.05.13 08:05:57.061,1.47251,1.47272,1.13,2.37
2013.05.13 08:05:57.935,1.47251,1.47271,1.13,1.28
2013.05.13 08:05:58.462,1.47246,1.47271,2.82,1.28
2013.05.13 08:05:58.531,1.47246,1.47271,2.82,1.28
2013.05.13 08:05:59.042,1.47246,1.47268,2.82,1.28
2013.05.13 08:05:59.850,1.47249,1.47269,1.13,1.05
2013.05.13 08:05:59.911,1.47249,1.47272,1.32,1.43
2013.05.13 08:06:00.923,1.47247,1.47271,1.32,1.28
2013.05.13 08:06:03.042,1.47251,1.47274,1.50,1.84
2013.05.13 08:06:03.279,1.47248,1.47274,1.84,2.59
2013.05.13 08:06:03.401,1.47248,1.47272,1.84,1.13
2013.05.13 08:06:03.561,1.47248,1.47272,1.84,1.13
2013.05.13 08:06:03.811,1.47248,1.47272,1.84,1.13
2013.05.13 08:06:04.601,1.47248,1.47272,1.09,1.13
2013.05.13 08:06:05.001,1.47248,1.47272,1.09,1.13
2013.05.13 08:06:05.542,1.47251,1.47271,1.32,1.13
2013.05.13 08:06:09.116,1.47252,1.47273,1.32,1.13
2013.05.13 08:06:09.184,1.47252,1.47274,1.32,1.28
2013.05.13 08:06:09.552,1.47253,1.47276,1.32,1.13
2013.05.13 08:06:09.742,1.47253,1.47276,1.32,1.13
2013.05.13 08:06:09.811,1.47252,1.47276,1.92,1.13
2013.05.13 08:06:09.993,1.47252,1.47276,1.92,1.13
2013.05.13 08:06:10.540,1.47255,1.47277,1.39,1.13
2013.05.13 08:06:11.089,1.47252,1.47276,1.39,1.28
2013.05.13 08:06:14.635,1.47253,1.47274,1.69,1.05
2013.05.13 08:06:14.705,1.47255,1.47277,1.54,1.84
2013.05.13 08:06:15.211,1.47258,1.47283,1.02,1.65
2013.05.13 08:06:15.571,1.47258,1.47283,1.77,1.65
2013.05.13 08:06:15.909,1.47259,1.47283,1.39,1.28
2013.05.13 08:06:16.182,1.47261,1.47282,1.50,1.47
2013.05.13 08:06:16.732,1.47259,1.47282,1.13,1.47
2013.05.13 08:06:18.450,1.47258,1.47279,1.69,1.50
2013.05.13 08:06:19.684,1.4726,1.47282,2.07,1.28
2013.05.13 08:06:20.251,1.4726,1.47284,2.07,1.28
2013.05.13 08:06:20.912,1.4726,1.47283,1.32,1.65
2013.05.13 08:06:21.550,1.4726,1.47283,2.07,1.84
2013.05.13 08:06:22.052,1.4726,1.47283,2.07,1.28
2013.05.13 08:06:22.122,1.47269,1.47283,1.13,1.28
2013.05.13 08:06:22.192,1.47267,1.47289,1.13,1.47
2013.05.13 08:06:22.392,1.47265,1.47284,1.13,1.28
2013.05.13 08:06:23.640,1.4726,1.47284,2.07,1.80
2013.05.13 08:06:24.711,1.4726,1.47284,2.07,1.80
2013.05.13 08:06:25.055,1.4726,1.47284,2.07,1.80
2013.05.13 08:06:27.214,1.4726,1.47284,1.88,2.18
2013.05.13 08:06:32.253,1.4726,1.47281,1.32,1.13
2013.05.13 08:06:32.762,1.4726,1.47282,1.32,1.65
2013.05.13 08:06:33.771,1.4726,1.47282,1.32,1.65
2013.05.13 08:06:34.601,1.4726,1.47283,1.32,1.65
2013.05.13 08:06:36.330,1.47259,1.47283,1.32,1.65
2013.05.13 08:06:37.731,1.47259,1.47282,1.32,1.28
2013.05.13 08:06:38.542,1.47259,1.47282,1.32,1.28
2013.05.13 08:06:39.668,1.47259,1.47282,1.32,1.65
2013.05.13 08:06:42.113,1.47259,1.47282,2.82,1.65
2013.05.13 08:06:44.923,1.47259,1.47282,2.89,1.65
2013.05.13 08:06:45.575,1.47259,1.47282,2.89,1.65
2013.05.13 08:06:46.160,1.47258,1.47282,1.13,1.84
2013.05.13 08:06:48.511,1.47258,1.47282,1.13,1.84
2013.05.13 08:06:49.834,1.47256,1.47281,1.69,1.50
2013.05.13 08:06:50.162,1.47256,1.47279,1.32,1.13
2013.05.13 08:06:50.375,1.47258,1.47279,1.32,1.13
2013.05.13 08:06:50.595,1.47255,1.47279,1.32,1.13
2013.05.13 08:06:50.673,1.47255,1.47279,1.32,2.63
2013.05.13 08:06:50.956,1.47252,1.47273,1.32,1.13
2013.05.13 08:06:51.890,1.47251,1.47273,1.32,1.13
2013.05.13 08:06:53.289,1.47253,1.47269,1.09,1.50
2013.05.13 08:06:53.633,1.47253,1.4727,1.09,1.50
2013.05.13 08:06:53.762,1.47251,1.47269,1.32,1.50
2013.05.13 08:06:55.263,1.47251,1.4727,1.32,1.50
2013.05.13 08:06:55.591,1.47251,1.47269,1.32,1.50
2013.05.13 08:06:56.414,1.47251,1.47272,1.32,1.13
2013.05.13 08:06:56.603,1.47253,1.47272,1.50,1.13
2013.05.13 08:06:56.949,1.47253,1.47269,2.07,1.50
2013.05.13 08:06:57.583,1.47253,1.47266,2.07,1.50
2013.05.13 08:06:58.171,1.47252,1.47267,1.69,1.50
2013.05.13 08:06:58.412,1.47251,1.47268,1.32,1.50
2013.05.13 08:07:01.402,1.47251,1.47268,2.07,1.50
2013.05.13 08:07:01.472,1.47251,1.47268,1.32,1.50
2013.05.13 08:07:02.333,1.47252,1.47269,1.32,1.88
2013.05.13 08:07:02.662,1.47252,1.47267,1.32,1.50
2013.05.13 08:07:02.812,1.47251,1.47267,1.32,1.50
2013.05.13 08:07:03.072,1.47251,1.47269,1.32,1.50
2013.05.13 08:07:03.202,1.47251,1.47267,1.32,1.50
2013.05.13 08:07:03.513,1.47245,1.47264,2.44,1.50
2013.05.13 08:07:04.331,1.47245,1.47263,1.50,1.50
2013.05.13 08:07:04.853,1.47245,1.47262,1.50,1.50
2013.05.13 08:07:04.922,1.47242,1.47262,2.44,2.25
2013.05.13 08:07:05.421,1.47242,1.47264,2.44,1.50
2013.05.13 08:07:05.961,1.47242,1.47262,1.77,1.50
2013.05.13 08:07:06.271,1.47244,1.47268,1.32,1.50
2013.05.13 08:07:06.971,1.47249,1.47267,1.13,1.50
2013.05.13 08:07:07.472,1.47249,1.47264,1.32,1.50
2013.05.13 08:07:08.181,1.47252,1.47264,1.69,1.50
2013.05.13 08:07:09.442,1.47252,1.47264,1.50,1.50
2013.05.13 08:07:09.572,1.4724,1.47263,1.69,1.13
2013.05.13 08:07:09.823,1.4724,1.47264,1.50,2.25
2013.05.13 08:07:09.892,1.4724,1.47263,1.50,1.13
2013.05.13 08:07:10.571,1.4724,1.47262,1.50,1.50
2013.05.13 08:07:10.658,1.47248,1.47267,1.13,1.13
2013.05.13 08:07:10.922,1.47248,1.47267,1.13,1.13
2013.05.13 08:07:11.055,1.47248,1.47267,1.13,1.43
2013.05.13 08:07:11.736,1.47243,1.47265,1.32,1.28
2013.05.13 08:07:12.043,1.47246,1.47265,1.69,1.28
2013.05.13 08:07:13.311,1.47247,1.47267,1.32,1.50
2013.05.13 08:07:13.971,1.47247,1.47269,1.13,1.88
2013.05.13 08:07:14.811,1.47247,1.47269,1.13,1.32
2013.05.13 08:07:15.182,1.47247,1.47271,1.13,1.69
2013.05.13 08:07:15.252,1.47248,1.47272,1.13,2.07
2013.05.13 08:07:16.002,1.47246,1.47265,1.13,2.18
2013.05.13 08:07:16.252,1.47246,1.47261,1.50,1.50
2013.05.13 08:07:16.322,1.47246,1.47263,1.50,1.50
2013.05.13 08:07:17.432,1.47242,1.47255,2.22,1.50
2013.05.13 08:07:17.503,1.47242,1.47263,2.59,1.13
2013.05.13 08:07:17.772,1.47242,1.47266,1.84,2.07
2013.05.13 08:07:17.972,1.47245,1.47266,1.13,1.32
2013.05.13 08:07:18.101,1.47242,1.47266,2.59,1.32
2013.05.13 08:07:22.901,1.47243,1.47264,1.13,2.07
2013.05.13 08:07:23.452,1.47242,1.47263,1.13,1.32
2013.05.13 08:07:23.963,1.47241,1.47261,1.28,2.25
2013.05.13 08:07:24.273,1.47238,1.47258,2.82,1.50
2013.05.13 08:07:24.872,1.47234,1.47256,1.13,1.13
2013.05.13 08:07:25.431,1.47235,1.47256,1.50,1.32
2013.05.13 08:07:25.834,1.47235,1.47256,1.50,1.32
2013.05.13 08:07:26.042,1.47237,1.47258,1.13,1.47
2013.05.13 08:07:26.294,1.47242,1.47258,1.13,1.47
2013.05.13 08:07:26.433,1.47245,1.47263,1.13,1.65
2013.05.13 08:07:26.741,1.47245,1.47268,1.13,1.69
2013.05.13 08:07:27.328,1.47245,1.47264,1.13,1.69
2013.05.13 08:07:27.452,1.47242,1.47264,2.07,1.50
2013.05.13 08:07:27.522,1.47241,1.47264,2.14,1.50
2013.05.13 08:07:27.672,1.47241,1.47263,1.02,1.13
2013.05.13 08:07:28.162,1.47239,1.47262,1.88,1.47
2013.05.13 08:07:28.234,1.47239,1.47262,1.88,1.47
2013.05.13 08:07:28.771,1.47238,1.47261,1.32,1.32
2013.05.13 08:07:29.022,1.47239,1.47261,1.20,1.32
2013.05.13 08:07:29.461,1.47241,1.47262,2.25,1.32
2013.05.13 08:07:30.625,1.47243,1.47264,1.13,1.69
2013.05.13 08:07:31.111,1.47244,1.47268,1.65,2.07
2013.05.13 08:07:31.910,1.47244,1.47268,2.40,1.32
2013.05.13 08:07:33.511,1.47244,1.47265,1.65,1.50
2013.05.13 08:07:33.841,1.47244,1.47265,1.28,1.88
2013.05.13 08:07:36.050,1.47241,1.47265,1.69,2.82
2013.05.13 08:07:37.410,1.47241,1.47265,1.69,2.82
2013.05.13 08:07:41.041,1.47241,1.47265,1.32,2.82
2013.05.13 08:07:41.184,1.47245,1.47265,1.13,1.32
2013.05.13 08:07:41.707,1.47245,1.47266,1.50,1.73
2013.05.13 08:07:43.153,1.47239,1.47265,2.63,1.35
2013.05.13 08:07:43.244,1.47239,1.47261,1.69,1.50
2013.05.13 08:07:45.221,1.4724,1.47261,1.13,1.88
2013.05.13 08:07:46.373,1.4724,1.47261,1.13,1.13
2013.05.13 08:07:46.504,1.4724,1.47261,1.13,1.88
2013.05.13 08:07:46.833,1.47244,1.47265,1.13,1.47
2013.05.13 08:07:46.901,1.47244,1.47265,1.13,1.47
2013.05.13 08:07:47.581,1.4724,1.47263,1.69,1.50
2013.05.13 08:07:47.842,1.4724,1.47262,1.13,1.32
2013.05.13 08:07:48.802,1.4724,1.47263,1.50,1.69
2013.05.13 08:07:49.400,1.47244,1.47263,1.13,1.13
2013.05.13 08:07:49.715,1.47244,1.47265,1.13,1.47
2013.05.13 08:07:50.884,1.47241,1.47264,1.69,1.69
2013.05.13 08:07:52.248,1.47243,1.47265,1.13,1.47
2013.05.13 08:07:52.315,1.47243,1.47265,1.13,1.47
2013.05.13 08:07:52.849,1.47243,1.47266,1.32,1.13
2013.05.13 08:07:52.972,1.47242,1.47263,1.32,1.13
2013.05.13 08:07:53.233,1.4724,1.47263,2.07,1.13
2013.05.13 08:07:54.379,1.47236,1.47261,1.32,1.84
2013.05.13 08:07:55.232,1.47236,1.47258,1.32,1.50
2013.05.13 08:07:55.901,1.47232,1.47257,1.32,3.34
2013.05.13 08:07:56.342,1.4723,1.47253,1.50,1.47
2013.05.13 08:07:56.902,1.4723,1.47252,1.50,1.28
2013.05.13 08:07:57.672,1.4723,1.47249,1.50,1.50
2013.05.13 08:07:58.344,1.47225,1.4725,2.44,1.88
2013.05.13 08:07:58.415,1.47225,1.47246,2.44,1.13
2013.05.13 08:07:58.972,1.47226,1.47246,1.13,1.13
2013.05.13 08:07:59.951,1.47225,1.47244,1.32,1.50
2013.05.13 08:08:00.274,1.47225,1.47244,1.13,1.50
2013.05.13 08:08:00.970,1.47226,1.47246,1.32,1.88
2013.05.13 08:08:01.781,1.47226,1.47246,1.32,1.50
2013.05.13 08:08:01.951,1.47227,1.47246,1.32,1.50
2013.05.13 08:08:02.688,1.4723,1.47252,2.25,1.69
2013.05.13 08:08:03.062,1.4723,1.47254,2.44,1.50
2013.05.13 08:08:04.502,1.47233,1.47256,1.13,1.09
2013.05.13 08:08:05.011,1.47233,1.47256,1.32,1.09
2013.05.13 08:08:05.862,1.47236,1.47259,1.13,1.32
2013.05.13 08:08:06.417,1.47237,1.47262,1.09,1.32
2013.05.13 08:08:08.001,1.47238,1.47262,1.09,1.32
2013.05.13 08:08:11.371,1.47238,1.47263,1.09,1.13
2013.05.13 08:08:14.335,1.47242,1.47264,1.13,1.47
2013.05.13 08:08:14.862,1.47242,1.47266,2.07,1.69
2013.05.13 08:08:14.933,1.47242,1.47266,2.07,1.69
2013.05.13 08:08:15.482,1.47243,1.47267,1.13,1.32
2013.05.13 08:08:16.124,1.47245,1.47267,1.13,1.32
2013.05.13 08:08:18.122,1.47245,1.47266,1.13,1.32
2013.05.13 08:08:19.715,1.47242,1.47263,2.44,1.13
2013.05.13 08:08:19.796,1.47241,1.47262,1.32,1.13
2013.05.13 08:08:19.922,1.47238,1.47262,2.44,1.13
2013.05.13 08:08:22.633,1.47238,1.47262,2.07,1.13
2013.05.13 08:08:25.234,1.47239,1.4726,1.13,1.13
2013.05.13 08:08:26.721,1.47238,1.47256,2.07,1.13
2013.05.13 08:08:27.211,1.47233,1.47256,1.32,1.13
2013.05.13 08:08:27.691,1.47232,1.47253,2.25,1.28
2013.05.13 08:08:28.241,1.47232,1.47256,2.25,1.32
2013.05.13 08:08:28.642,1.47235,1.47257,1.13,1.84
2013.05.13 08:08:29.191,1.47238,1.47257,1.13,1.50
2013.05.13 08:08:29.634,1.47238,1.47258,1.13,1.50
2013.05.13 08:08:31.113,1.47236,1.47258,2.25,2.03
2013.05.13 08:08:31.630,1.47238,1.4726,1.13,1.32
2013.05.13 08:08:31.942,1.47242,1.47262,1.13,1.09
2013.05.13 08:08:32.891,1.47242,1.47266,2.07,2.25
2013.05.13 08:08:34.482,1.47246,1.47269,1.13,1.47
2013.05.13 08:08:37.552,1.47246,1.47269,1.88,1.09
2013.05.13 08:08:42.833,1.47249,1.47271,1.13,1.09
2013.05.13 08:08:43.020,1.47246,1.47271,1.88,1.69
2013.05.13 08:08:43.322,1.47249,1.47271,1.50,1.69
2013.05.13 08:08:43.861,1.47249,1.47271,1.50,1.69
2013.05.13 08:08:44.422,1.47251,1.47271,1.50,1.69
2013.05.13 08:08:44.802,1.47253,1.47273,1.13,1.32
2013.05.13 08:08:44.932,1.47251,1.47273,1.65,1.13
2013.05.13 08:08:45.062,1.47254,1.47278,1.28,1.32
2013.05.13 08:08:45.204,1.47258,1.47278,1.28,1.13
2013.05.13 08:08:45.641,1.47258,1.47279,1.28,1.32
2013.05.13 08:08:49.456,1.4726,1.47281,1.88,1.13
2013.05.13 08:08:49.524,1.4726,1.47281,1.88,1.13
2013.05.13 08:08:49.597,1.47261,1.47281,1.13,1.13
2013.05.13 08:08:50.104,1.47261,1.4728,2.07,1.50
2013.05.13 08:08:50.647,1.47258,1.47279,1.13,1.32
2013.05.13 08:08:50.865,1.47253,1.47275,1.50,1.13
2013.05.13 08:08:50.936,1.4725,1.47268,1.24,1.13
2013.05.13 08:08:51.003,1.47248,1.47268,1.84,1.13
2013.05.13 08:08:51.313,1.47246,1.47268,1.13,2.07
2013.05.13 08:08:51.502,1.47246,1.47268,1.13,1.13
2013.05.13 08:08:52.166,1.47246,1.47268,1.13,1.65
2013.05.13 08:08:52.662,1.47244,1.47268,1.32,1.65
2013.05.13 08:08:53.119,1.47241,1.47265,2.07,1.32
2013.05.13 08:08:53.745,1.47241,1.47264,1.32,1.32
2013.05.13 08:08:54.473,1.47241,1.47265,1.13,2.07
2013.05.13 08:08:54.981,1.47245,1.47263,1.13,1.50
2013.05.13 08:08:55.688,1.47241,1.47262,1.32,1.13
2013.05.13 08:08:55.934,1.47241,1.47261,1.13,1.13
2013.05.13 08:08:57.012,1.47238,1.47259,1.99,1.88
2013.05.13 08:08:59.951,1.47237,1.47255,1.09,1.13
2013.05.13 08:09:00.017,1.47234,1.47255,1.09,1.13
2013.05.13 08:09:00.561,1.47232,1.47255,1.32,1.13
2013.05.13 08:09:00.980,1.47232,1.47258,1.32,1.09
2013.05.13 08:09:01.540,1.47237,1.47258,1.13,1.09
2013.05.13 08:09:02.451,1.47233,1.47258,1.32,2.22
2013.05.13 08:09:02.921,1.4723,1.47252,1.28,1.13
2013.05.13 08:09:03.772,1.47229,1.4725,1.24,1.50
2013.05.13 08:09:05.291,1.47229,1.47249,1.80,1.13
2013.05.13 08:09:05.720,1.47229,1.47249,1.88,1.13
2013.05.13 08:09:05.794,1.4723,1.47253,1.92,1.50
2013.05.13 08:09:05.867,1.47232,1.47255,1.39,1.13
2013.05.13 08:09:06.003,1.47236,1.47255,1.47,1.13
2013.05.13 08:09:06.071,1.47237,1.47258,1.24,1.13
2013.05.13 08:09:07.720,1.47239,1.47259,1.28,1.13
2013.05.13 08:09:08.112,1.47235,1.47259,1.09,1.13
2013.05.13 08:09:08.782,1.47234,1.47259,1.84,1.13
2013.05.13 08:09:09.912,1.47234,1.47258,1.32,1.05
2013.05.13 08:09:10.402,1.47234,1.47256,1.13,1.47
2013.05.13 08:09:10.713,1.47233,1.47254,1.50,1.80
2013.05.13 08:09:11.271,1.47233,1.47255,1.69,1.28
2013.05.13 08:09:11.961,1.47231,1.47257,1.32,1.09
2013.05.13 08:09:12.541,1.47235,1.47255,1.13,1.28
2013.05.13 08:09:13.621,1.47228,1.47254,2.44,2.25
2013.05.13 08:09:14.166,1.47228,1.47253,2.44,1.05
2013.05.13 08:09:15.232,1.47227,1.47253,1.32,1.62
2013.05.13 08:09:15.362,1.47227,1.47252,1.32,1.80
2013.05.13 08:09:15.683,1.47227,1.4725,1.32,1.80
2013.05.13 08:09:17.584,1.47225,1.47248,1.69,1.28
2013.05.13 08:09:18.696,1.47226,1.4725,2.07,2.93
2013.05.13 08:09:19.347,1.47227,1.4725,1.13,1.13
2013.05.13 08:09:19.591,1.47226,1.47249,1.69,1.13
2013.05.13 08:09:21.431,1.47227,1.4725,1.50,1.32
2013.05.13 08:09:21.731,1.47229,1.4725,1.13,1.32
2013.05.13 08:09:22.914,1.47232,1.47251,1.13,1.28
2013.05.13 08:09:23.161,1.47232,1.47253,1.13,2.07
2013.05.13 08:09:23.328,1.47234,1.47253,1.13,1.32
2013.05.13 08:09:23.905,1.47234,1.47253,1.13,2.59
2013.05.13 08:09:24.390,1.47234,1.47252,1.13,1.05
2013.05.13 08:09:25.941,1.47233,1.47253,1.13,1.47
2013.05.13 08:09:26.344,1.47231,1.47253,1.13,1.47
2013.05.13 08:09:26.933,1.47226,1.47253,2.44,2.22
2013.05.13 08:09:27.262,1.47226,1.47251,1.69,1.50
2013.05.13 08:09:28.553,1.47225,1.4725,2.22,1.13
2013.05.13 08:09:29.091,1.47227,1.47253,2.07,2.59
2013.05.13 08:09:32.502,1.47229,1.47253,1.88,3.34
2013.05.13 08:09:32.572,1.4723,1.47253,1.13,2.59
2013.05.13 08:09:33.123,1.47228,1.47253,1.47,2.82
2013.05.13 08:09:33.481,1.47228,1.47253,1.47,2.82
2013.05.13 08:09:36.852,1.47228,1.47253,1.09,2.82
2013.05.13 08:09:36.983,1.47224,1.47248,1.88,1.13
2013.05.13 08:09:37.412,1.47215,1.47237,1.47,1.50
2013.05.13 08:09:38.673,1.47216,1.4724,2.07,1.50
2013.05.13 08:09:39.283,1.47216,1.47243,1.32,1.84
2013.05.13 08:09:39.591,1.4722,1.47243,1.32,1.13
2013.05.13 08:09:42.693,1.47221,1.47243,1.24,1.13
2013.05.13 08:09:43.267,1.47222,1.47244,1.84,1.13
2013.05.13 08:09:44.104,1.4722,1.47243,1.32,1.32
2013.05.13 08:09:44.384,1.47219,1.47243,1.32,2.37
2013.05.13 08:09:45.323,1.47219,1.47242,1.13,1.09
2013.05.13 08:09:45.512,1.47214,1.47239,1.28,2.07
2013.05.13 08:09:45.643,1.47213,1.47236,1.13,1.32
2013.05.13 08:09:48.479,1.47211,1.47234,2.25,1.69
2013.05.13 08:09:49.691,1.47211,1.47233,2.25,1.50
2013.05.13 08:09:50.860,1.47212,1.47237,1.50,1.69
2013.05.13 08:09:51.832,1.47214,1.47237,1.13,1.50
2013.05.13 08:09:54.363,1.47215,1.47239,1.69,1.13
2013.05.13 08:09:55.102,1.47216,1.47239,1.32,1.13
2013.05.13 08:09:56.822,1.47216,1.47235,1.13,1.13
2013.05.13 08:09:57.014,1.47215,1.47235,1.13,1.13
2013.05.13 08:09:57.564,1.47209,1.47232,2.22,1.13
2013.05.13 08:09:57.632,1.47209,1.47232,2.22,1.13
2013.05.13 08:09:58.182,1.47209,1.47233,1.69,1.28
2013.05.13 08:09:58.763,1.47209,1.47234,1.69,1.28
2013.05.13 08:09:59.273,1.47209,1.47233,1.69,1.28
2013.05.13 08:09:59.342,1.47208,1.47232,1.09,1.13
2013.05.13 08:10:02.421,1.4721,1.47231,1.09,1.13
2013.05.13 08:10:02.482,1.47208,1.47228,2.37,1.13
2013.05.13 08:10:02.612,1.47207,1.47227,1.84,1.13
2013.05.13 08:10:03.841,1.47207,1.47225,1.84,1.50
2013.05.13 08:10:04.772,1.47207,1.47225,1.09,1.50
2013.05.13 08:10:05.321,1.47207,1.47225,1.09,1.50
2013.05.13 08:10:08.842,1.47204,1.47225,1.69,1.50
2013.05.13 08:10:09.466,1.47204,1.47225,1.69,1.50
2013.05.13 08:10:11.373,1.47201,1.47225,1.32,1.50
2013.05.13 08:10:11.683,1.47201,1.47226,1.32,1.28
2013.05.13 08:10:12.691,1.47204,1.47226,2.44,1.28
2013.05.13 08:10:12.921,1.47204,1.47226,2.44,1.28
2013.05.13 08:10:13.233,1.472,1.47219,2.63,1.28
2013.05.13 08:10:13.304,1.472,1.47219,1.50,1.80
2013.05.13 08:10:13.493,1.47194,1.47219,1.69,3.12
2013.05.13 08:10:14.713,1.47191,1.47218,2.44,1.09
2013.05.13 08:10:15.112,1.47194,1.47219,2.07,2.93
2013.05.13 08:10:15.304,1.47194,1.47218,1.13,1.09
2013.05.13 08:10:15.653,1.47194,1.47218,1.13,1.84
2013.05.13 08:10:16.300,1.47194,1.47218,1.13,1.84
2013.05.13 08:10:16.373,1.47195,1.47218,1.32,1.65
2013.05.13 08:10:17.102,1.47195,1.47218,1.32,1.65
2013.05.13 08:10:17.616,1.47195,1.47218,1.13,1.84
2013.05.13 08:10:20.954,1.47195,1.47213,1.13,1.13
2013.05.13 08:10:25.013,1.47195,1.47215,1.13,1.43
2013.05.13 08:10:25.641,1.47195,1.47218,1.13,3.12
2013.05.13 08:10:28.354,1.47192,1.47216,1.32,2.18
2013.05.13 08:10:28.972,1.47192,1.47215,1.13,1.09
2013.05.13 08:10:30.330,1.47187,1.47214,2.44,2.97
2013.05.13 08:10:30.390,1.47187,1.47209,3.19,1.28
2013.05.13 08:10:31.692,1.47187,1.47209,1.88,2.03
2013.05.13 08:10:31.824,1.47182,1.47207,1.32,1.88
2013.05.13 08:10:32.399,1.47182,1.47204,1.13,1.09
2013.05.13 08:10:33.914,1.47182,1.47208,1.32,1.69
2013.05.13 08:10:33.984,1.47184,1.47209,2.63,1.47
2013.05.13 08:10:35.381,1.47188,1.47208,1.13,1.32
2013.05.13 08:10:36.151,1.47188,1.47208,1.13,1.13
2013.05.13 08:10:37.041,1.47188,1.4721,1.13,1.84
2013.05.13 08:10:37.372,1.47188,1.4721,1.13,1.84
2013.05.13 08:10:39.051,1.4719,1.4721,1.13,1.47
2013.05.13 08:10:39.742,1.4719,1.4721,1.13,1.28
2013.05.13 08:10:43.622,1.47186,1.4721,1.69,1.65
2013.05.13 08:10:43.823,1.47188,1.4721,1.13,1.13
2013.05.13 08:10:45.434,1.47189,1.4721,1.13,1.13
2013.05.13 08:10:47.321,1.4719,1.47217,2.22,2.07
2013.05.13 08:10:47.973,1.47194,1.47217,1.47,1.50
2013.05.13 08:10:48.544,1.47196,1.47217,1.69,1.50
2013.05.13 08:10:49.924,1.47196,1.47218,1.32,1.13
2013.05.13 08:10:50.721,1.47198,1.4722,1.32,1.13
2013.05.13 08:10:52.343,1.47195,1.47219,1.32,1.13
2013.05.13 08:10:52.532,1.47195,1.47219,1.32,1.39
2013.05.13 08:11:03.424,1.47195,1.47217,1.13,1.88
2013.05.13 08:11:03.492,1.47191,1.47213,1.09,1.13
2013.05.13 08:11:04.027,1.4719,1.47213,1.32,1.65
2013.05.13 08:11:05.680,1.47191,1.47213,1.32,1.65
2013.05.13 08:11:06.413,1.47187,1.47211,2.22,1.13
2013.05.13 08:11:06.972,1.47185,1.47208,1.43,1.13
2013.05.13 08:11:07.043,1.47184,1.47207,1.13,1.28
2013.05.13 08:11:08.723,1.47179,1.47204,2.07,1.13
2013.05.13 08:11:09.048,1.47185,1.47206,1.50,1.50
2013.05.13 08:11:09.731,1.47186,1.4721,1.32,1.28
2013.05.13 08:11:10.101,1.47183,1.47207,1.32,1.28
2013.05.13 08:11:10.232,1.47187,1.47207,1.50,1.28
2013.05.13 08:11:10.423,1.47183,1.47206,1.69,1.28
2013.05.13 08:11:10.491,1.47184,1.47209,2.44,1.28
2013.05.13 08:11:10.627,1.47184,1.47209,1.69,1.28
2013.05.13 08:11:10.752,1.47187,1.47212,1.47,1.50
2013.05.13 08:11:10.971,1.47182,1.47207,2.44,1.28
2013.05.13 08:11:11.033,1.47183,1.47207,1.32,1.28
2013.05.13 08:11:11.101,1.47186,1.47209,2.25,1.47
2013.05.13 08:11:11.163,1.47186,1.47209,2.82,1.28
2013.05.13 08:11:11.232,1.47185,1.47212,1.09,1.69
2013.05.13 08:11:11.305,1.47186,1.47211,1.32,1.99
2013.05.13 08:11:11.615,1.47189,1.47213,1.69,1.50
2013.05.13 08:11:11.922,1.47192,1.47214,1.32,1.28
2013.05.13 08:11:16.492,1.4719,1.47213,1.32,1.13
2013.05.13 08:11:16.627,1.47187,1.47212,1.84,1.13
2013.05.13 08:11:17.182,1.47187,1.47212,1.09,1.13
2013.05.13 08:11:17.804,1.47187,1.47213,1.84,1.13
2013.05.13 08:11:17.934,1.47193,1.47212,1.65,1.13
2013.05.13 08:11:18.123,1.47192,1.47213,1.24,1.13
2013.05.13 08:11:18.492,1.47192,1.47214,1.69,1.65
2013.05.13 08:11:18.622,1.4719,1.47214,1.32,1.13
2013.05.13 08:11:18.692,1.47188,1.47214,2.82,1.65
2013.05.13 08:11:19.294,1.47195,1.47218,2.07,1.28
2013.05.13 08:11:20.882,1.47201,1.4722,1.32,1.05
2013.05.13 08:11:21.072,1.47202,1.47222,2.14,1.05
2013.05.13 08:11:21.143,1.47202,1.47224,2.14,2.03
2013.05.13 08:11:21.921,1.47202,1.47223,2.14,1.13
2013.05.13 08:11:22.583,1.47204,1.47224,2.44,1.13
2013.05.13 08:11:24.043,1.47204,1.47224,2.44,1.28
2013.05.13 08:11:25.379,1.47204,1.47224,1.32,1.28
2013.05.13 08:11:26.412,1.47203,1.47223,1.32,1.28
2013.05.13 08:11:29.798,1.472,1.47223,2.07,2.03
2013.05.13 08:11:30.042,1.47196,1.47223,1.09,2.22
2013.05.13 08:11:30.173,1.47195,1.47219,1.32,1.28
2013.05.13 08:11:37.253,1.47195,1.47218,1.32,2.03
2013.05.13 08:11:37.568,1.47197,1.47218,1.32,2.03
2013.05.13 08:11:37.705,1.47197,1.47218,1.32,2.03
2013.05.13 08:11:38.142,1.47197,1.4722,1.32,1.13
2013.05.13 08:11:38.212,1.47197,1.47218,1.32,1.13
2013.05.13 08:11:38.933,1.47196,1.47218,1.84,1.13
2013.05.13 08:11:39.285,1.47196,1.47218,1.84,1.13
2013.05.13 08:11:40.096,1.47197,1.47218,1.32,1.13
2013.05.13 08:11:40.512,1.47196,1.47217,1.09,1.13
2013.05.13 08:11:41.854,1.47195,1.47219,1.32,1.65
2013.05.13 08:11:42.350,1.47195,1.47217,1.32,1.28
2013.05.13 08:11:42.428,1.47197,1.47215,1.13,1.28
2013.05.13 08:11:42.981,1.47197,1.47216,1.32,1.13
2013.05.13 08:11:43.822,1.47197,1.47216,1.32,1.13
2013.05.13 08:11:44.846,1.47197,1.4722,1.32,1.65
2013.05.13 08:11:47.265,1.47197,1.4722,1.32,1.65
2013.05.13 08:11:47.711,1.47197,1.4722,1.32,1.65
2013.05.13 08:11:48.274,1.47197,1.4722,1.32,1.65
2013.05.13 08:11:48.823,1.47197,1.4722,2.07,1.65
2013.05.13 08:11:49.073,1.47197,1.4722,1.32,1.65
2013.05.13 08:11:49.142,1.47199,1.4722,2.07,1.65
2013.05.13 08:11:49.470,1.47199,1.4722,2.07,2.40
2013.05.13 08:11:52.012,1.47198,1.47216,1.32,1.28
2013.05.13 08:11:52.091,1.47198,1.47218,1.32,1.05
2013.05.13 08:11:54.846,1.47197,1.47218,1.69,1.43
2013.05.13 08:11:56.541,1.47194,1.47216,1.32,1.28
2013.05.13 08:11:58.652,1.47195,1.47218,1.32,2.18
2013.05.13 08:12:00.853,1.47195,1.47218,2.07,2.18
2013.05.13 08:12:01.107,1.47197,1.47218,1.32,1.13
2013.05.13 08:12:02.382,1.47197,1.47222,1.32,1.28
2013.05.13 08:12:06.182,1.47197,1.47222,1.69,1.28
2013.05.13 08:12:12.893,1.47197,1.47222,2.82,1.65
2013.05.13 08:12:12.961,1.47197,1.47223,2.82,2.55
2013.05.13 08:12:14.480,1.47197,1.47222,2.82,1.65
2013.05.13 08:12:14.544,1.47197,1.47223,2.82,2.93
2013.05.13 08:12:16.154,1.47197,1.47223,1.69,2.93
2013.05.13 08:12:18.911,1.47197,1.47223,2.44,2.93
2013.05.13 08:12:20.881,1.47198,1.47222,1.69,1.28
2013.05.13 08:12:21.065,1.47197,1.47219,2.07,2.40
2013.05.13 08:12:21.131,1.47197,1.47219,1.32,2.93
2013.05.13 08:12:22.482,1.47196,1.47222,1.32,1.65
2013.05.13 08:12:23.922,1.47196,1.47219,1.32,1.13
2013.05.13 08:12:24.927,1.47195,1.47218,1.32,1.13
2013.05.13 08:12:25.429,1.47195,1.47218,1.32,1.13
2013.05.13 08:12:29.405,1.47199,1.47219,1.32,1.28
2013.05.13 08:12:29.734,1.47199,1.47223,1.32,2.22
2013.05.13 08:12:34.423,1.47198,1.47221,1.13,1.13
2013.05.13 08:12:34.744,1.47202,1.47222,1.13,1.13
2013.05.13 08:12:35.193,1.47202,1.47222,1.32,1.13
2013.05.13 08:12:35.512,1.47202,1.47222,1.32,1.13
2013.05.13 08:12:35.703,1.47202,1.47226,1.32,1.13
2013.05.13 08:12:36.656,1.47202,1.47226,1.32,1.13
2013.05.13 08:12:38.570,1.47204,1.47226,1.69,1.13
2013.05.13 08:12:38.765,1.47204,1.47227,1.69,1.13
2013.05.13 08:12:38.833,1.47204,1.47228,1.69,1.88
2013.05.13 08:12:39.335,1.47203,1.47228,1.69,2.22
2013.05.13 08:12:39.645,1.47201,1.47228,2.44,2.59
2013.05.13 08:12:40.213,1.47202,1.47226,1.32,1.13
2013.05.13 08:12:40.642,1.47202,1.47224,1.13,1.32
2013.05.13 08:12:41.842,1.47203,1.47224,1.69,1.13
2013.05.13 08:12:41.913,1.47207,1.47228,1.13,1.09
2013.05.13 08:12:41.983,1.47208,1.47229,1.13,1.05
2013.05.13 08:12:42.053,1.47211,1.47232,1.13,2.03
2013.05.13 08:12:42.423,1.47211,1.47231,1.13,1.50
2013.05.13 08:12:42.637,1.47211,1.47232,1.13,2.03
2013.05.13 08:12:43.202,1.47211,1.47232,1.13,1.28
2013.05.13 08:12:43.653,1.47213,1.47233,1.13,1.05
2013.05.13 08:12:44.081,1.47215,1.47233,1.13,1.05
2013.05.13 08:12:47.132,1.47217,1.47237,1.13,1.99
2013.05.13 08:12:47.452,1.47227,1.47249,1.50,2.59
2013.05.13 08:12:47.524,1.47229,1.4725,1.69,1.05
2013.05.13 08:12:47.593,1.4723,1.47254,1.20,1.47
2013.05.13 08:12:47.901,1.47239,1.47258,1.13,1.28
2013.05.13 08:12:48.882,1.47233,1.47253,1.32,1.13
2013.05.13 08:12:49.202,1.47229,1.47252,2.07,1.28
2013.05.13 08:12:49.722,1.47229,1.47252,1.88,1.28
2013.05.13 08:12:49.972,1.47229,1.47252,2.25,1.28
2013.05.13 08:12:50.555,1.47229,1.47252,2.25,1.65
2013.05.13 08:12:52.375,1.47229,1.47252,2.07,1.13
2013.05.13 08:12:52.442,1.4723,1.47252,1.32,1.13
2013.05.13 08:12:53.141,1.47233,1.47252,1.88,1.13
2013.05.13 08:12:53.712,1.47234,1.47258,1.13,1.32
2013.05.13 08:12:54.231,1.47234,1.47258,1.13,1.32
2013.05.13 08:12:55.373,1.4723,1.47253,1.88,1.32
2013.05.13 08:12:55.446,1.47228,1.47248,1.65,1.13
2013.05.13 08:12:55.632,1.47225,1.47248,2.59,1.13
2013.05.13 08:12:56.174,1.47225,1.47248,2.59,1.32
2013.05.13 08:12:56.613,1.47232,1.47253,1.13,2.59
2013.05.13 08:12:56.802,1.47232,1.47253,1.13,1.88
2013.05.13 08:12:59.234,1.47229,1.47253,1.09,1.50
2013.05.13 08:12:59.434,1.4723,1.47253,1.43,1.50
2013.05.13 08:13:00.484,1.47228,1.4725,1.47,1.50
2013.05.13 08:13:00.793,1.47226,1.47251,1.13,2.07
2013.05.13 08:13:01.205,1.47228,1.47249,1.09,1.50
2013.05.13 08:13:01.275,1.47226,1.47247,1.99,1.13
2013.05.13 08:13:01.414,1.47226,1.47247,1.99,1.13
2013.05.13 08:13:01.486,1.47226,1.47247,1.99,1.13
2013.05.13 08:13:01.614,1.47225,1.47247,1.47,1.13
2013.05.13 08:13:01.685,1.47227,1.47247,1.80,1.13
2013.05.13 08:13:02.621,1.47227,1.47247,2.74,1.13
2013.05.13 08:13:03.444,1.47227,1.47249,3.19,1.13
2013.05.13 08:13:04.422,1.47229,1.47251,1.65,1.50
2013.05.13 08:13:07.452,1.47229,1.47251,2.22,1.50
2013.05.13 08:13:07.763,1.47232,1.47256,1.80,1.69
2013.05.13 08:13:09.432,1.47234,1.47255,1.09,1.13
2013.05.13 08:13:10.803,1.47234,1.47255,1.09,1.13
2013.05.13 08:13:10.933,1.47234,1.47255,1.09,1.13
2013.05.13 08:13:11.252,1.47252,1.47261,1.84,1.28
2013.05.13 08:13:11.323,1.47253,1.47262,2.25,1.05
2013.05.13 08:13:11.392,1.47252,1.47264,2.03,1.28
2013.05.13 08:13:11.464,1.47256,1.47271,1.13,1.13
2013.05.13 08:13:12.013,1.47251,1.47271,1.13,1.13
2013.05.13 08:13:12.403,1.47254,1.47271,1.13,1.13
2013.05.13 08:13:12.656,1.47254,1.47271,1.13,1.13
2013.05.13 08:13:13.403,1.47247,1.4727,1.32,2.97
2013.05.13 08:13:13.663,1.47244,1.47263,1.69,1.13
2013.05.13 08:13:13.802,1.47243,1.47263,2.59,1.13
2013.05.13 08:13:13.943,1.47244,1.47263,1.69,1.13
2013.05.13 08:13:14.331,1.47244,1.47263,1.69,1.13
2013.05.13 08:13:15.282,1.47246,1.47267,1.50,1.13
2013.05.13 08:13:16.377,1.47246,1.4727,1.50,2.07
2013.05.13 08:13:17.093,1.47246,1.4727,1.50,2.07
2013.05.13 08:13:17.362,1.47248,1.4727,1.28,2.07
2013.05.13 08:13:17.748,1.47248,1.4727,1.28,2.07
2013.05.13 08:13:18.692,1.47248,1.4727,1.28,2.07
2013.05.13 08:13:19.692,1.47248,1.4727,1.28,2.07
2013.05.13 08:13:20.683,1.47248,1.47268,1.28,1.32
2013.05.13 08:13:23.416,1.47248,1.47268,1.28,1.13
2013.05.13 08:13:24.906,1.47243,1.47268,1.32,1.28
2013.05.13 08:13:25.091,1.47243,1.47268,1.32,1.28
2013.05.13 08:13:26.112,1.47243,1.47268,1.32,1.28
2013.05.13 08:13:26.421,1.47243,1.47268,1.32,1.65
2013.05.13 08:13:28.171,1.47242,1.47265,1.02,1.13
2013.05.13 08:13:28.412,1.47242,1.47265,1.02,1.13
2013.05.13 08:13:28.919,1.4724,1.47264,1.17,1.88
2013.05.13 08:13:29.441,1.47242,1.47264,1.02,1.88
2013.05.13 08:13:33.103,1.47244,1.47265,1.69,1.13
2013.05.13 08:13:33.173,1.4725,1.47266,1.09,1.88
2013.05.13 08:13:33.247,1.47254,1.47266,1.50,1.88
2013.05.13 08:13:33.525,1.47255,1.47274,1.84,1.50
2013.05.13 08:13:34.023,1.47254,1.47279,2.44,1.28
2013.05.13 08:13:34.485,1.47253,1.47279,1.32,1.28
2013.05.13 08:13:34.554,1.47253,1.47279,1.32,1.47
2013.05.13 08:13:34.628,1.47253,1.47275,2.07,1.50
2013.05.13 08:13:34.698,1.47255,1.47276,1.65,1.13
2013.05.13 08:13:34.942,1.47255,1.47275,1.65,1.50
2013.05.13 08:13:35.123,1.47255,1.47276,1.13,1.13
2013.05.13 08:13:35.192,1.47255,1.47278,1.88,1.32
2013.05.13 08:13:35.701,1.47255,1.47278,1.69,1.13
2013.05.13 08:13:35.948,1.47254,1.4728,1.69,1.84
2013.05.13 08:13:36.502,1.47255,1.4728,1.69,1.84
2013.05.13 08:13:39.734,1.47255,1.4728,1.69,1.28
2013.05.13 08:13:40.428,1.47255,1.4728,1.69,1.28
2013.05.13 08:13:41.043,1.47254,1.4728,1.69,1.28
2013.05.13 08:13:41.841,1.47256,1.47283,1.47,2.14
2013.05.13 08:13:42.378,1.47256,1.47283,1.47,2.14
2013.05.13 08:13:42.457,1.47257,1.47283,1.69,1.13
2013.05.13 08:13:43.014,1.4726,1.47283,1.28,1.13
2013.05.13 08:13:44.895,1.47258,1.47284,1.24,1.02
2013.05.13 08:13:44.964,1.4726,1.47279,1.28,1.50
2013.05.13 08:13:45.040,1.47259,1.47279,1.47,1.50
2013.05.13 08:13:45.669,1.47254,1.47279,1.69,2.03
2013.05.13 08:13:46.044,1.47254,1.47279,2.22,1.50
2013.05.13 08:13:46.394,1.47254,1.47278,2.22,1.13
2013.05.13 08:13:47.072,1.47254,1.47282,2.22,2.59
2013.05.13 08:13:47.363,1.47254,1.47282,2.22,1.84
2013.05.13 08:13:48.851,1.47254,1.47282,2.22,1.84
2013.05.13 08:13:49.869,1.47254,1.4728,1.47,1.69
2013.05.13 08:13:50.113,1.47254,1.4728,1.47,1.69
2013.05.13 08:13:50.643,1.47252,1.47278,3.57,1.28
2013.05.13 08:13:50.712,1.47252,1.47278,3.57,1.28
2013.05.13 08:13:51.852,1.47252,1.47278,1.69,1.28
2013.05.13 08:13:51.912,1.47252,1.47278,2.44,1.28
2013.05.13 08:13:52.299,1.47252,1.47278,2.44,1.28
2013.05.13 08:13:52.685,1.47256,1.4728,1.50,1.69
2013.05.13 08:13:52.752,1.47254,1.47282,1.47,1.32
2013.05.13 08:13:52.822,1.47253,1.47282,1.62,1.32
2013.05.13 08:13:53.390,1.47257,1.47283,1.69,2.59
2013.05.13 08:13:54.125,1.47257,1.47283,1.69,2.59
2013.05.13 08:13:54.493,1.47256,1.47283,1.32,2.22
2013.05.13 08:13:54.562,1.47256,1.47282,1.32,1.13
2013.05.13 08:13:54.702,1.47255,1.47283,2.14,1.47
2013.05.13 08:13:54.964,1.47256,1.47283,1.32,1.28
2013.05.13 08:13:55.236,1.47264,1.47287,1.69,1.28
2013.05.13 08:13:55.497,1.47266,1.47287,1.32,1.13
2013.05.13 08:13:55.622,1.47268,1.47291,1.32,1.05
2013.05.13 08:13:56.874,1.4727,1.47289,1.28,1.13
2013.05.13 08:13:57.253,1.47268,1.47289,1.13,1.13
2013.05.13 08:13:57.583,1.47268,1.4729,1.13,1.28
2013.05.13 08:13:58.142,1.47271,1.4729,1.50,1.28
2013.05.13 08:13:58.693,1.47268,1.47292,1.50,1.05
2013.05.13 08:13:59.842,1.47268,1.47293,1.88,1.47
2013.05.13 08:14:00.337,1.47268,1.47294,1.88,1.47
2013.05.13 08:14:00.535,1.47268,1.47294,1.88,2.22
2013.05.13 08:14:01.104,1.47268,1.47294,1.88,1.47
2013.05.13 08:14:01.645,1.47269,1.47293,1.50,1.32
2013.05.13 08:14:04.374,1.47269,1.47289,1.50,1.28
2013.05.13 08:14:04.984,1.47266,1.47289,2.44,1.28
2013.05.13 08:14:05.357,1.47266,1.47287,1.69,1.28
2013.05.13 08:14:05.923,1.47264,1.47287,1.32,1.65
2013.05.13 08:14:06.113,1.47264,1.47287,1.13,1.09
2013.05.13 08:14:06.182,1.4726,1.47284,1.69,1.13
2013.05.13 08:14:06.253,1.47258,1.47284,1.47,1.13
2013.05.13 08:14:06.442,1.47257,1.47283,1.47,2.22
2013.05.13 08:14:06.762,1.47259,1.47283,1.28,1.28
2013.05.13 08:14:07.012,1.47256,1.47283,3.57,1.28
2013.05.13 08:14:10.172,1.47264,1.47283,1.50,1.28
2013.05.13 08:14:10.802,1.47264,1.47282,1.50,1.28
2013.05.13 08:14:14.783,1.47263,1.47284,1.50,1.80
2013.05.13 08:14:15.034,1.47263,1.47286,1.50,2.22
2013.05.13 08:14:18.890,1.47261,1.47286,1.32,1.28
2013.05.13 08:14:19.333,1.4726,1.47286,2.44,1.28
2013.05.13 08:14:19.403,1.4726,1.47285,1.69,1.69
2013.05.13 08:14:19.476,1.47258,1.47276,1.28,1.13
2013.05.13 08:14:19.615,1.47253,1.47275,1.47,1.50
2013.05.13 08:14:19.823,1.47247,1.47272,1.09,2.25
2013.05.13 08:14:20.083,1.47244,1.47269,2.07,1.28
2013.05.13 08:14:20.403,1.47244,1.47258,1.43,1.50
2013.05.13 08:14:20.856,1.47236,1.47263,2.22,1.84
2013.05.13 08:14:20.924,1.47235,1.47258,2.37,1.13
2013.05.13 08:14:22.342,1.47237,1.47259,1.28,2.07
2013.05.13 08:14:22.846,1.47236,1.47259,1.47,1.88
2013.05.13 08:14:23.950,1.47235,1.47258,1.99,1.50
2013.05.13 08:14:24.823,1.47235,1.47258,1.99,1.50
2013.05.13 08:14:25.283,1.47238,1.47258,1.05,1.50
2013.05.13 08:14:26.564,1.47237,1.47259,1.47,1.88
2013.05.13 08:14:27.082,1.47236,1.47259,2.22,1.88
2013.05.13 08:14:27.339,1.47236,1.47257,2.22,1.50
2013.05.13 08:14:28.112,1.47236,1.47257,1.28,1.50
2013.05.13 08:14:28.245,1.47236,1.47259,1.28,1.88
2013.05.13 08:14:28.793,1.47236,1.47257,1.28,1.50
2013.05.13 08:14:29.475,1.47234,1.47256,1.24,1.13
2013.05.13 08:14:29.784,1.47234,1.47249,1.05,1.50
2013.05.13 08:14:29.974,1.47229,1.47248,1.80,1.13
2013.05.13 08:14:30.539,1.47232,1.47248,1.28,1.13
2013.05.13 08:14:33.873,1.47232,1.47252,1.28,1.32
2013.05.13 08:14:34.475,1.47232,1.47253,1.28,1.32
2013.05.13 08:14:34.729,1.47229,1.47254,1.05,1.32
2013.05.13 08:14:35.376,1.47229,1.4725,1.05,1.13
2013.05.13 08:14:35.504,1.47228,1.4725,1.20,1.32
2013.05.13 08:14:35.594,1.47227,1.4725,1.09,1.32
2013.05.13 08:14:36.722,1.47225,1.4725,1.32,1.69
2013.05.13 08:14:38.852,1.47225,1.4725,1.69,1.69
2013.05.13 08:14:39.218,1.47221,1.47243,1.80,1.32
2013.05.13 08:14:39.290,1.47217,1.47243,1.84,1.39
2013.05.13 08:14:39.361,1.47216,1.47239,2.03,2.07
2013.05.13 08:14:39.692,1.47213,1.47239,1.28,2.07
2013.05.13 08:14:39.822,1.47212,1.47239,1.28,2.07
2013.05.13 08:14:40.143,1.47213,1.47239,1.28,1.32
2013.05.13 08:14:40.463,1.47219,1.47243,1.32,1.13
2013.05.13 08:14:40.667,1.47219,1.47246,1.47,2.44
2013.05.13 08:14:41.172,1.4722,1.47248,2.40,2.22
2013.05.13 08:14:41.353,1.47224,1.4725,1.28,2.44
2013.05.13 08:14:41.494,1.47224,1.4725,1.28,1.69
2013.05.13 08:14:41.826,1.47226,1.4725,1.80,1.69
2013.05.13 08:14:43.173,1.47229,1.4725,1.28,1.69
2013.05.13 08:14:44.323,1.47229,1.4725,1.28,1.69
2013.05.13 08:14:45.242,1.47229,1.4725,1.28,1.69
2013.05.13 08:14:48.574,1.47229,1.4725,1.28,1.69
2013.05.13 08:14:49.784,1.47226,1.47248,2.03,1.32
2013.05.13 08:14:49.972,1.47226,1.47248,1.50,1.32
2013.05.13 08:14:50.362,1.47225,1.47248,1.47,1.32
2013.05.13 08:14:50.422,1.47225,1.47247,1.47,1.50
2013.05.13 08:14:52.407,1.47223,1.47244,1.13,1.28
2013.05.13 08:14:52.474,1.47222,1.47239,1.13,1.13
2013.05.13 08:14:52.602,1.47218,1.47239,2.59,1.13
2013.05.13 08:14:54.753,1.47216,1.47239,1.62,1.32
2013.05.13 08:14:55.871,1.47216,1.4724,1.99,1.32
2013.05.13 08:15:01.702,1.47214,1.47238,2.97,1.50
2013.05.13 08:15:03.194,1.47216,1.47237,1.13,1.69
2013.05.13 08:15:03.265,1.47216,1.47235,1.88,1.69
2013.05.13 08:15:03.335,1.47211,1.47234,1.50,1.69
2013.05.13 08:15:03.644,1.47208,1.47232,1.28,2.22
2013.05.13 08:15:05.405,1.47204,1.47229,1.32,1.32
2013.05.13 08:15:07.961,1.47205,1.4723,2.22,2.44
2013.05.13 08:15:09.384,1.47205,1.4723,2.22,2.44
2013.05.13 08:15:09.582,1.47205,1.47228,1.84,1.32
2013.05.13 08:15:09.654,1.47205,1.47228,2.22,1.32
2013.05.13 08:15:10.201,1.47204,1.47228,1.88,1.32
2013.05.13 08:15:10.489,1.47204,1.47228,1.88,1.32
2013.05.13 08:15:10.786,1.47207,1.47228,1.13,1.32
2013.05.13 08:15:10.853,1.47207,1.47228,1.13,1.32
2013.05.13 08:15:11.895,1.47207,1.47228,1.13,2.07
2013.05.13 08:15:14.068,1.47204,1.47228,1.65,2.07
2013.05.13 08:15:15.730,1.47206,1.47229,1.28,1.32
2013.05.13 08:15:15.801,1.47206,1.47229,1.80,2.07
2013.05.13 08:15:16.535,1.47206,1.47231,1.32,1.32
2013.05.13 08:15:17.534,1.47208,1.47231,1.09,1.32
2013.05.13 08:15:18.984,1.47207,1.47232,1.02,2.59
2013.05.13 08:15:20.293,1.47207,1.47232,1.02,1.47
2013.05.13 08:15:20.968,1.47209,1.47235,1.09,1.69
2013.05.13 08:15:22.174,1.47208,1.47231,2.07,1.80
2013.05.13 08:15:22.983,1.47208,1.47229,2.07,1.28
2013.05.13 08:15:23.173,1.47208,1.47227,1.13,1.05
2013.05.13 08:15:23.425,1.47208,1.47226,1.13,1.28
2013.05.13 08:15:23.625,1.47208,1.47227,1.13,1.99
2013.05.13 08:15:25.574,1.47204,1.47227,1.32,1.99
2013.05.13 08:15:27.113,1.47204,1.47227,1.13,1.99
2013.05.13 08:15:27.182,1.47204,1.47226,1.50,1.09
2013.05.13 08:15:27.702,1.47201,1.47225,1.32,1.32
2013.05.13 08:15:28.242,1.47201,1.47224,1.32,1.13
2013.05.13 08:15:28.674,1.47202,1.47224,1.32,1.65
2013.05.13 08:15:28.744,1.47202,1.47224,1.84,1.13
2013.05.13 08:15:28.872,1.47205,1.47224,1.05,1.13
2013.05.13 08:15:30.133,1.47207,1.47224,1.47,1.13
2013.05.13 08:15:30.953,1.47203,1.47224,2.22,1.13
2013.05.13 08:15:32.585,1.47204,1.47227,1.32,1.28
2013.05.13 08:15:35.751,1.47206,1.47227,1.13,1.28
2013.05.13 08:15:36.993,1.47207,1.47228,1.32,1.13
2013.05.13 08:15:41.523,1.47204,1.47225,2.40,1.13
2013.05.13 08:15:41.843,1.47201,1.47225,1.13,1.32
2013.05.13 08:15:42.763,1.472,1.47225,1.13,1.32
2013.05.13 08:15:42.833,1.47202,1.47225,1.69,1.13
2013.05.13 08:15:43.282,1.47203,1.47216,1.32,1.69
2013.05.13 08:15:43.592,1.47196,1.47216,1.69,3.19
2013.05.13 08:15:43.903,1.47194,1.47212,2.07,1.28
2013.05.13 08:15:44.213,1.47194,1.47209,1.88,1.50
2013.05.13 08:15:44.585,1.47183,1.47206,2.82,1.13
2013.05.13 08:15:44.654,1.47183,1.47209,2.82,4.43
2013.05.13 08:15:44.870,1.4719,1.47209,1.32,2.93
2013.05.13 08:15:45.414,1.47183,1.47209,3.57,1.43
2013.05.13 08:15:45.755,1.47185,1.47208,2.97,1.13
2013.05.13 08:15:46.092,1.47189,1.47207,1.32,1.50
2013.05.13 08:15:47.606,1.47185,1.47203,1.47,1.88
2013.05.13 08:15:48.713,1.47184,1.47206,1.84,1.88
2013.05.13 08:15:48.784,1.47184,1.47206,1.84,1.88
2013.05.13 08:15:48.858,1.47184,1.47207,1.47,1.13
2013.05.13 08:15:49.062,1.47183,1.47207,1.69,2.93
2013.05.13 08:15:49.644,1.47195,1.47207,1.13,1.80
2013.05.13 08:15:49.773,1.47195,1.47209,1.13,1.28
2013.05.13 08:15:50.282,1.47189,1.47211,1.32,1.05
2013.05.13 08:15:51.163,1.47189,1.47207,1.69,1.43
2013.05.13 08:15:53.162,1.47187,1.47209,1.69,1.13
2013.05.13 08:15:54.292,1.47188,1.47206,1.13,1.13
2013.05.13 08:15:54.602,1.47184,1.47203,1.32,1.13
2013.05.13 08:15:54.736,1.47182,1.47203,2.07,1.13
2013.05.13 08:15:55.036,1.47184,1.47205,1.32,1.13
2013.05.13 08:15:55.601,1.47184,1.47206,2.44,1.65
2013.05.13 08:15:56.663,1.47184,1.47206,1.32,1.65
2013.05.13 08:15:56.733,1.47182,1.47206,2.44,1.65
2013.05.13 08:15:57.282,1.47183,1.47203,1.32,1.13
2013.05.13 08:15:57.783,1.47182,1.47203,1.32,1.13
2013.05.13 08:15:58.565,1.47181,1.47202,1.32,1.13
2013.05.13 08:15:58.893,1.47181,1.47203,1.32,1.13
2013.05.13 08:15:59.162,1.47182,1.47202,1.32,1.13
2013.05.13 08:15:59.482,1.47184,1.47204,1.32,1.13
2013.05.13 08:15:59.932,1.47186,1.47208,1.47,1.88
2013.05.13 08:16:00.242,1.47189,1.47209,2.44,1.50
2013.05.13 08:16:00.612,1.4719,1.47211,1.47,1.50
2013.05.13 08:16:01.293,1.4719,1.47212,2.97,2.63
2013.05.13 08:16:08.192,1.4719,1.47211,1.84,1.13
2013.05.13 08:16:09.082,1.4719,1.47211,1.32,1.13
2013.05.13 08:16:16.552,1.4719,1.47212,1.32,1.88
2013.05.13 08:16:16.684,1.47188,1.47212,1.69,3.75
2013.05.13 08:16:16.756,1.47188,1.47208,1.69,1.13
2013.05.13 08:16:17.264,1.47189,1.47213,1.32,1.13
2013.05.13 08:16:17.892,1.4719,1.47214,2.22,1.13
2013.05.13 08:16:18.141,1.47194,1.47218,1.32,1.65
2013.05.13 08:16:20.392,1.47195,1.47218,1.32,1.65
2013.05.13 08:16:21.288,1.47194,1.47218,1.69,1.65
2013.05.13 08:16:23.093,1.47197,1.47218,1.69,1.65
2013.05.13 08:16:25.313,1.47197,1.47216,1.69,1.20
2013.05.13 08:16:27.974,1.47197,1.47212,1.69,1.28
2013.05.13 08:16:28.103,1.47193,1.4721,1.69,1.28
2013.05.13 08:16:28.413,1.47191,1.47208,1.69,1.65
2013.05.13 08:16:28.542,1.47186,1.47207,1.69,1.13
2013.05.13 08:16:29.219,1.47183,1.47206,1.69,1.13
2013.05.13 08:16:30.332,1.47184,1.47202,1.32,1.05
2013.05.13 08:16:31.567,1.47184,1.472,1.32,1.28
2013.05.13 08:16:31.760,1.4718,1.47198,1.32,1.13
2013.05.13 08:16:32.262,1.4718,1.47196,1.32,1.43
2013.05.13 08:16:32.875,1.4718,1.47196,1.32,1.43
2013.05.13 08:16:33.753,1.47174,1.47195,1.69,1.28
2013.05.13 08:16:33.823,1.47174,1.47195,1.69,1.58
2013.05.13 08:16:33.953,1.47173,1.47193,1.13,1.05
2013.05.13 08:16:35.897,1.47169,1.47191,1.50,2.03
2013.05.13 08:16:36.214,1.47168,1.47186,1.88,1.28
2013.05.13 08:16:36.524,1.4716,1.47183,1.88,1.28
2013.05.13 08:16:38.443,1.47162,1.47183,1.50,1.28
2013.05.13 08:16:38.992,1.4716,1.47183,1.50,2.40
2013.05.13 08:16:39.515,1.47163,1.47182,1.13,1.28
2013.05.13 08:16:41.111,1.4716,1.47183,1.13,2.40
2013.05.13 08:16:41.374,1.4716,1.47179,1.13,1.50
2013.05.13 08:16:42.033,1.4716,1.47183,1.50,1.28
2013.05.13 08:16:42.253,1.47162,1.47184,1.50,1.28
2013.05.13 08:16:43.149,1.47164,1.47185,1.20,1.13
2013.05.13 08:16:43.228,1.47155,1.47178,2.63,1.13
2013.05.13 08:16:43.299,1.47155,1.47178,1.13,1.88
2013.05.13 08:16:43.612,1.47154,1.47175,1.13,1.50
2013.05.13 08:16:44.155,1.4715,1.47174,1.13,1.50
2013.05.13 08:16:44.484,1.47153,1.47174,1.13,1.13
2013.05.13 08:16:44.974,1.47158,1.47179,1.28,1.13
2013.05.13 08:16:45.283,1.47161,1.47179,1.05,1.13
2013.05.13 08:16:45.673,1.47161,1.47183,1.43,1.13
2013.05.13 08:16:45.812,1.47161,1.47184,1.43,1.32
2013.05.13 08:16:46.124,1.47161,1.47183,1.43,1.13
2013.05.13 08:16:46.731,1.47161,1.47183,1.43,1.13
2013.05.13 08:16:47.033,1.47164,1.47187,2.25,1.02
2013.05.13 08:16:47.341,1.47165,1.47184,1.28,1.50
2013.05.13 08:16:48.474,1.47165,1.47184,1.28,1.50
2013.05.13 08:16:48.662,1.47162,1.47185,1.43,2.25
2013.05.13 08:16:49.543,1.47162,1.47184,1.43,1.50
2013.05.13 08:16:49.914,1.47162,1.47184,1.43,1.50
2013.05.13 08:16:50.223,1.47162,1.47184,1.43,1.50
2013.05.13 08:16:51.073,1.47162,1.47184,1.43,1.50
2013.05.13 08:16:51.392,1.47158,1.47184,2.18,2.44
2013.05.13 08:16:51.684,1.47158,1.47184,2.18,2.44
2013.05.13 08:16:51.844,1.47158,1.47184,2.18,2.44
2013.05.13 08:16:52.361,1.47158,1.47184,2.18,2.44
2013.05.13 08:16:53.425,1.47158,1.47182,2.18,1.32
2013.05.13 08:16:53.694,1.47158,1.47182,2.18,1.32
2013.05.13 08:16:53.764,1.4716,1.47181,1.28,1.50
2013.05.13 08:16:53.894,1.47161,1.47182,1.65,1.88
2013.05.13 08:16:54.082,1.4716,1.47182,1.28,1.13
2013.05.13 08:16:54.403,1.47164,1.47182,1.28,1.13
2013.05.13 08:16:55.246,1.47167,1.47185,1.13,1.50
2013.05.13 08:16:55.318,1.47173,1.47193,1.28,1.88
2013.05.13 08:16:55.516,1.47173,1.47193,2.25,1.13
2013.05.13 08:16:55.643,1.47176,1.47198,1.43,2.07
2013.05.13 08:16:56.082,1.47177,1.47198,2.63,1.50
2013.05.13 08:16:56.143,1.4718,1.47199,1.05,1.13
2013.05.13 08:16:57.693,1.47184,1.47205,1.05,1.32
2013.05.13 08:16:58.403,1.47186,1.47206,1.28,1.32
2013.05.13 08:16:58.533,1.47187,1.47206,1.28,1.32
2013.05.13 08:16:58.842,1.47192,1.47217,1.13,1.69
2013.05.13 08:16:59.215,1.47194,1.47219,2.03,1.88
2013.05.13 08:16:59.762,1.47194,1.47219,1.28,2.63
2013.05.13 08:17:00.342,1.47195,1.47219,1.84,1.88
2013.05.13 08:17:01.082,1.47195,1.47219,1.84,1.13
2013.05.13 08:17:01.591,1.47198,1.47222,1.09,1.32
2013.05.13 08:17:01.652,1.47198,1.47222,1.09,1.13
2013.05.13 08:17:02.492,1.47198,1.47219,1.84,1.13
2013.05.13 08:17:02.794,1.47198,1.47222,1.84,1.13
2013.05.13 08:17:02.995,1.47198,1.47222,1.09,1.13
2013.05.13 08:17:05.621,1.472,1.47222,1.32,1.28
2013.05.13 08:17:06.450,1.472,1.47225,1.32,1.13
2013.05.13 08:17:07.863,1.472,1.47227,1.32,2.59
2013.05.13 08:17:07.934,1.47201,1.47227,1.39,2.03
2013.05.13 08:17:08.063,1.47201,1.47227,1.39,2.78
2013.05.13 08:17:08.372,1.47195,1.47213,2.07,1.13
2013.05.13 08:17:08.502,1.47196,1.47219,1.13,1.32
2013.05.13 08:17:08.632,1.47199,1.47221,1.13,1.24
2013.05.13 08:17:08.754,1.47201,1.47223,1.32,1.28
2013.05.13 08:17:09.336,1.47201,1.47224,1.84,2.25
2013.05.13 08:17:09.872,1.47201,1.47228,1.84,2.07
2013.05.13 08:17:10.449,1.47201,1.47224,1.47,1.13
2013.05.13 08:17:11.103,1.47202,1.47225,1.32,1.13
2013.05.13 08:17:14.815,1.47201,1.47223,1.47,1.13
2013.05.13 08:17:15.657,1.47201,1.47223,1.47,1.13
2013.05.13 08:17:20.022,1.47202,1.47224,1.69,1.13
2013.05.13 08:17:20.571,1.47202,1.47224,1.69,1.13
2013.05.13 08:17:21.073,1.47202,1.47225,1.69,1.13
2013.05.13 08:17:25.765,1.47202,1.47223,1.69,1.13
2013.05.13 08:17:25.923,1.47202,1.47223,1.69,1.13
2013.05.13 08:17:32.233,1.47202,1.47228,2.67,2.59
2013.05.13 08:17:32.303,1.47202,1.47228,2.67,2.59
2013.05.13 08:17:32.812,1.47202,1.47228,1.92,2.59
2013.05.13 08:17:33.364,1.47203,1.47228,1.32,2.07
2013.05.13 08:17:33.702,1.47203,1.47225,1.32,1.13
2013.05.13 08:17:35.710,1.47203,1.47225,1.24,1.13
2013.05.13 08:17:36.913,1.47203,1.47225,1.62,1.13
2013.05.13 08:17:36.983,1.47205,1.47228,1.28,2.07
2013.05.13 08:17:38.213,1.47202,1.4722,1.39,1.13
2013.05.13 08:17:38.752,1.47201,1.47218,1.13,1.50
2013.05.13 08:17:39.422,1.47197,1.47217,1.50,1.13
2013.05.13 08:17:40.073,1.47196,1.47215,1.28,1.13
2013.05.13 08:17:40.206,1.47193,1.47213,2.82,1.13
2013.05.13 08:17:40.273,1.47194,1.47213,1.99,1.13
2013.05.13 08:17:40.652,1.47194,1.47211,1.24,1.88
2013.05.13 08:17:40.722,1.47192,1.47211,1.80,1.88
2013.05.13 08:17:42.175,1.47192,1.4721,1.05,1.50
2013.05.13 08:17:42.385,1.47194,1.47213,1.50,1.69
2013.05.13 08:17:42.456,1.47195,1.47218,2.07,2.40
2013.05.13 08:17:42.522,1.47195,1.47218,2.07,2.18
2013.05.13 08:17:42.861,1.47199,1.47221,2.44,1.50
2013.05.13 08:17:42.935,1.47199,1.47225,1.69,3.90
2013.05.13 08:17:43.133,1.47201,1.47227,1.47,2.07
2013.05.13 08:17:43.203,1.47201,1.47227,1.47,2.44
2013.05.13 08:17:43.585,1.47196,1.4722,1.09,1.65
2013.05.13 08:17:43.772,1.47194,1.47219,1.69,1.28
2013.05.13 08:17:44.792,1.47192,1.47217,1.13,1.47
2013.05.13 08:17:45.103,1.4719,1.47214,1.28,1.13
2013.05.13 08:17:45.869,1.47189,1.47214,1.05,1.13
2013.05.13 08:17:46.225,1.47185,1.47211,1.13,1.32
2013.05.13 08:17:46.300,1.47184,1.47211,1.62,2.07
2013.05.13 08:17:46.423,1.47184,1.47206,1.09,1.13
2013.05.13 08:17:46.984,1.47187,1.47211,1.69,1.62
2013.05.13 08:17:47.233,1.4719,1.47218,2.59,2.44
2013.05.13 08:17:48.673,1.47192,1.47218,1.09,1.32
2013.05.13 08:17:49.692,1.47193,1.47217,1.13,1.32
2013.05.13 08:17:50.248,1.4719,1.47212,1.13,1.09
2013.05.13 08:17:50.422,1.47185,1.47212,1.84,1.09
2013.05.13 08:17:54.112,1.47185,1.47211,2.22,1.65
2013.05.13 08:17:54.808,1.47185,1.47211,2.22,1.65
2013.05.13 08:17:55.777,1.47189,1.47211,1.09,1.13
2013.05.13 08:17:56.163,1.47189,1.47215,2.59,1.13
2013.05.13 08:17:58.620,1.47189,1.47212,1.09,1.13
2013.05.13 08:18:00.902,1.47187,1.47212,1.24,1.13
2013.05.13 08:18:01.534,1.47186,1.47209,1.69,1.13
2013.05.13 08:18:02.592,1.47186,1.47209,1.69,1.13
2013.05.13 08:18:03.683,1.47186,1.47206,1.69,1.13
2013.05.13 08:18:03.753,1.47185,1.47203,1.47,1.13
2013.05.13 08:18:05.782,1.47186,1.47209,1.50,1.65
2013.05.13 08:18:05.853,1.47186,1.47209,1.69,1.65
2013.05.13 08:18:06.523,1.47186,1.47206,1.69,1.13
2013.05.13 08:18:08.133,1.47186,1.47206,2.44,1.13
2013.05.13 08:18:08.204,1.47186,1.47209,2.97,1.13
2013.05.13 08:18:08.274,1.47189,1.47209,1.13,2.63
2013.05.13 08:18:10.184,1.47186,1.47208,1.09,1.50
2013.05.13 08:18:11.463,1.47186,1.47208,2.22,1.50
2013.05.13 08:18:12.922,1.47186,1.47208,1.84,1.13
2013.05.13 08:18:13.233,1.47189,1.47212,1.69,1.28
2013.05.13 08:18:13.733,1.47191,1.47214,1.84,1.88
2013.05.13 08:18:14.564,1.47192,1.47219,1.09,1.28
2013.05.13 08:18:14.782,1.47192,1.47221,1.09,2.03
2013.05.13 08:18:15.378,1.47192,1.47221,1.84,2.22
2013.05.13 08:18:16.040,1.47194,1.47221,1.32,3.34
2013.05.13 08:18:16.707,1.47194,1.47214,1.32,1.13
2013.05.13 08:18:17.705,1.47194,1.47218,1.32,1.13
2013.05.13 08:18:24.844,1.47197,1.47214,1.32,1.13
2013.05.13 08:18:25.474,1.47192,1.47214,2.97,1.13
2013.05.13 08:18:26.088,1.47192,1.47214,2.97,1.13
2013.05.13 08:18:26.634,1.47192,1.47214,2.97,1.13
2013.05.13 08:18:26.702,1.47192,1.47214,2.22,1.13
2013.05.13 08:18:28.335,1.47189,1.47213,3.12,1.13
2013.05.13 08:18:34.835,1.47192,1.47213,1.47,1.13
2013.05.13 08:18:35.763,1.47192,1.47214,1.47,1.50
2013.05.13 08:18:37.252,1.47192,1.47213,1.47,1.13
2013.05.13 08:18:38.052,1.47192,1.47213,1.47,1.50
2013.05.13 08:18:39.615,1.47191,1.4721,1.24,1.13
2013.05.13 08:18:39.684,1.47191,1.47209,1.24,1.13
2013.05.13 08:18:39.823,1.47187,1.47209,1.47,1.13
2013.05.13 08:18:47.122,1.47188,1.47214,1.69,3.19
2013.05.13 08:18:47.312,1.47187,1.47214,2.97,2.25
2013.05.13 08:18:47.803,1.4719,1.47213,1.65,1.32
2013.05.13 08:18:49.682,1.47185,1.47209,1.69,2.18
2013.05.13 08:18:50.352,1.47185,1.47209,1.32,2.55
2013.05.13 08:18:51.473,1.47184,1.47206,1.32,1.13
2013.05.13 08:18:51.743,1.47184,1.47209,1.32,2.63
2013.05.13 08:18:52.325,1.47185,1.47209,1.69,2.82
2013.05.13 08:18:53.161,1.47185,1.47207,1.69,1.50
2013.05.13 08:18:53.934,1.47184,1.47205,1.13,1.13
2013.05.13 08:18:55.946,1.47184,1.47202,1.13,1.28
2013.05.13 08:18:56.312,1.47181,1.47201,2.07,1.88
2013.05.13 08:18:58.492,1.47177,1.47202,1.69,2.40
2013.05.13 08:18:59.122,1.47177,1.47202,1.69,2.40
2013.05.13 08:18:59.886,1.47175,1.47198,1.32,2.63
2013.05.13 08:19:00.975,1.47174,1.47198,1.84,2.63
2013.05.13 08:19:01.502,1.47173,1.47198,1.32,2.40
2013.05.13 08:19:01.834,1.47169,1.47192,2.55,1.50
2013.05.13 08:19:02.093,1.47167,1.47186,1.09,1.50
2013.05.13 08:19:02.403,1.47163,1.47185,1.47,1.50
2013.05.13 08:19:02.893,1.47161,1.47186,1.09,1.88
2013.05.13 08:19:05.593,1.47164,1.47181,1.13,1.50
2013.05.13 08:19:05.723,1.47166,1.47189,1.32,1.88
2013.05.13 08:19:05.795,1.47167,1.4719,1.13,1.09
2013.05.13 08:19:05.935,1.47171,1.4719,1.13,1.09
2013.05.13 08:19:06.963,1.47167,1.47192,3.15,1.50
2013.05.13 08:19:07.034,1.47171,1.47192,1.24,1.50
2013.05.13 08:19:08.913,1.47171,1.47189,1.43,1.88
2013.05.13 08:19:09.354,1.47169,1.47189,1.09,1.88
2013.05.13 08:19:10.233,1.47167,1.47184,1.43,1.13
2013.05.13 08:19:10.433,1.47159,1.47178,1.28,1.13
2013.05.13 08:19:10.503,1.47158,1.47178,1.28,1.13
2013.05.13 08:19:11.022,1.47156,1.47178,1.32,1.13
2013.05.13 08:19:11.264,1.47162,1.47183,1.28,1.50
2013.05.13 08:19:11.582,1.47163,1.47183,1.09,1.50
2013.05.13 08:19:12.343,1.47164,1.47183,1.09,1.13
2013.05.13 08:19:12.473,1.47164,1.47184,1.09,1.13
2013.05.13 08:19:13.462,1.47164,1.47184,1.09,1.88
2013.05.13 08:19:13.644,1.47164,1.47188,1.84,2.44
2013.05.13 08:19:13.953,1.47167,1.47187,1.09,1.50
2013.05.13 08:19:14.494,1.47169,1.47189,1.28,1.13
2013.05.13 08:19:14.812,1.47173,1.47189,2.18,1.13
2013.05.13 08:19:15.133,1.47176,1.4719,1.28,1.50
2013.05.13 08:19:16.342,1.47173,1.4719,1.09,1.50
2013.05.13 08:19:17.004,1.47172,1.4719,1.32,1.50
2013.05.13 08:19:17.073,1.47175,1.4719,1.50,1.50
2013.05.13 08:19:18.724,1.47175,1.47186,1.13,1.50
2013.05.13 08:19:18.793,1.47175,1.47196,1.88,1.13
2013.05.13 08:19:18.982,1.47175,1.47194,1.50,1.13
2013.05.13 08:19:19.053,1.47173,1.47194,1.84,1.13
2013.05.13 08:19:20.201,1.47175,1.47198,1.13,1.13
2013.05.13 08:19:20.806,1.47177,1.47198,1.50,1.50
2013.05.13 08:19:20.894,1.47179,1.47201,1.32,1.32
2013.05.13 08:19:21.842,1.47179,1.47201,1.32,1.13
2013.05.13 08:19:22.084,1.47181,1.47205,1.69,1.13
2013.05.13 08:19:22.154,1.47182,1.47203,1.28,1.50
2013.05.13 08:19:22.364,1.47184,1.47211,1.80,1.50
2013.05.13 08:19:22.554,1.47184,1.47212,3.49,2.03
2013.05.13 08:19:22.623,1.47185,1.47213,2.22,2.55
2013.05.13 08:19:22.932,1.47191,1.47215,1.80,1.13
2013.05.13 08:19:23.825,1.47191,1.47209,1.28,1.13
2013.05.13 08:19:23.954,1.47185,1.47209,1.20,1.88
2013.05.13 08:19:24.082,1.47183,1.47209,2.44,1.13
2013.05.13 08:19:25.594,1.47187,1.47208,1.20,1.13
2013.05.13 08:19:25.664,1.47186,1.47208,1.20,1.13
2013.05.13 08:19:25.854,1.47187,1.47208,1.13,1.13
2013.05.13 08:19:26.490,1.47187,1.47211,1.73,1.50
2013.05.13 08:19:26.733,1.47187,1.47211,2.48,1.50
2013.05.13 08:19:27.164,1.47187,1.47211,1.73,1.50
2013.05.13 08:19:27.232,1.47187,1.47208,1.65,1.13
2013.05.13 08:19:27.373,1.47187,1.47208,1.32,1.13
2013.05.13 08:19:27.446,1.47183,1.47208,1.69,2.07
2013.05.13 08:19:27.824,1.47179,1.47199,1.69,1.13
2013.05.13 08:19:29.532,1.47179,1.47201,1.32,1.50
2013.05.13 08:19:29.611,1.47179,1.47201,1.32,1.50
2013.05.13 08:19:29.888,1.47179,1.47199,1.32,1.50
2013.05.13 08:19:30.084,1.47179,1.47202,1.32,1.13
2013.05.13 08:19:30.333,1.47177,1.47202,1.32,1.32
2013.05.13 08:19:30.455,1.47181,1.47202,1.32,1.13
2013.05.13 08:19:30.764,1.47181,1.47207,1.32,1.13
2013.05.13 08:19:31.093,1.47183,1.47209,1.47,1.13
2013.05.13 08:19:31.373,1.47183,1.47212,1.47,1.84
2013.05.13 08:19:33.711,1.47187,1.47209,1.32,1.13
2013.05.13 08:19:34.293,1.47186,1.47209,1.32,1.13
2013.05.13 08:19:34.362,1.47186,1.4721,1.32,1.65
2013.05.13 08:19:34.722,1.47182,1.47207,2.44,3.83
2013.05.13 08:19:34.982,1.47175,1.47201,2.97,1.13
2013.05.13 08:19:36.077,1.47175,1.47201,2.44,1.13
2013.05.13 08:19:36.834,1.47175,1.47196,2.44,1.13
2013.05.13 08:19:38.994,1.47175,1.47196,1.32,1.13
2013.05.13 08:19:39.123,1.47177,1.47201,1.69,1.13
2013.05.13 08:19:39.192,1.47177,1.47203,1.69,1.92
2013.05.13 08:19:39.854,1.47177,1.47201,1.69,1.13
2013.05.13 08:19:40.393,1.47177,1.47205,1.69,1.13
2013.05.13 08:19:43.752,1.47177,1.47201,1.69,1.13
2013.05.13 08:19:44.143,1.47177,1.47197,1.50,1.28
2013.05.13 08:19:44.513,1.47177,1.47193,1.50,1.05
2013.05.13 08:19:44.872,1.47177,1.47196,1.50,1.47
2013.05.13 08:19:45.632,1.47177,1.47194,1.50,1.69
2013.05.13 08:19:45.703,1.47177,1.47193,1.50,1.50
2013.05.13 08:19:45.843,1.47173,1.47193,1.88,1.50
2013.05.13 08:19:49.583,1.47173,1.47193,1.50,1.28
2013.05.13 08:19:49.955,1.47173,1.47193,1.50,1.47
2013.05.13 08:19:51.083,1.47173,1.47189,1.50,1.50
2013.05.13 08:19:51.406,1.47166,1.47188,1.32,1.13
2013.05.13 08:19:51.724,1.47165,1.47188,1.50,1.13
2013.05.13 08:19:53.764,1.47168,1.4719,1.69,1.50
2013.05.13 08:19:54.404,1.47172,1.47192,1.13,1.13
2013.05.13 08:19:54.898,1.47168,1.47194,2.25,1.65
2013.05.13 08:19:55.117,1.47168,1.47192,2.44,1.13
2013.05.13 08:19:55.444,1.47171,1.47192,1.13,1.13
2013.05.13 08:19:55.574,1.47171,1.47192,1.13,1.13
2013.05.13 08:19:55.775,1.47174,1.47193,1.50,1.13
2013.05.13 08:19:56.082,1.47176,1.47198,1.50,1.88
2013.05.13 08:19:56.593,1.47176,1.47198,1.50,1.88
2013.05.13 08:19:56.926,1.47176,1.47202,2.63,1.50
2013.05.13 08:19:57.615,1.47182,1.47203,1.50,1.50
2013.05.13 08:19:57.943,1.47183,1.47204,1.50,2.40
2013.05.13 08:19:59.153,1.47186,1.47206,1.13,2.37
2013.05.13 08:19:59.283,1.47186,1.47208,1.13,1.32
2013.05.13 08:19:59.473,1.47186,1.47209,1.88,1.32
2013.05.13 08:20:00.562,1.47182,1.47208,1.32,1.50
2013.05.13 08:20:01.523,1.47186,1.47209,1.13,1.32
2013.05.13 08:20:02.034,1.47186,1.47208,1.13,1.47
2013.05.13 08:20:04.235,1.47186,1.47204,1.13,1.09
2013.05.13 08:20:04.772,1.47186,1.47204,1.13,1.84
2013.05.13 08:20:05.993,1.47186,1.47204,1.13,1.09
2013.05.13 08:20:08.253,1.47186,1.47204,1.13,1.09
2013.05.13 08:20:08.344,1.47186,1.47205,1.13,1.09
2013.05.13 08:20:08.869,1.47185,1.47208,1.13,2.07
2013.05.13 08:20:09.871,1.47184,1.47208,1.13,3.57
2013.05.13 08:20:10.454,1.47182,1.47205,1.32,1.09
2013.05.13 08:20:11.105,1.47185,1.47205,1.13,1.09
2013.05.13 08:20:13.140,1.47186,1.47206,1.13,1.43
2013.05.13 08:20:14.023,1.47186,1.47206,1.13,1.43
2013.05.13 08:20:14.977,1.47186,1.47206,1.88,1.43
2013.05.13 08:20:15.053,1.47186,1.47206,1.13,1.43
2013.05.13 08:20:15.843,1.47187,1.47206,1.50,1.43
2013.05.13 08:20:18.142,1.47186,1.47206,1.13,1.62
2013.05.13 08:20:18.598,1.47186,1.47209,1.13,1.09
2013.05.13 08:20:18.951,1.47181,1.47197,1.13,1.13
2013.05.13 08:20:19.144,1.47181,1.47201,1.13,1.99
2013.05.13 08:20:19.676,1.47181,1.47204,1.13,1.47
2013.05.13 08:20:20.103,1.47181,1.47206,1.13,2.59
2013.05.13 08:20:21.515,1.47181,1.47206,1.13,2.59
2013.05.13 08:20:23.163,1.47178,1.47197,1.32,1.13
2013.05.13 08:20:23.235,1.47176,1.47193,2.03,1.13
2013.05.13 08:20:23.544,1.47172,1.47193,2.63,1.32
2013.05.13 08:20:23.673,1.47172,1.47191,1.88,1.13
2013.05.13 08:20:24.176,1.47172,1.47193,2.63,2.07
2013.05.13 08:20:25.913,1.47172,1.47193,2.25,2.07
2013.05.13 08:20:27.216,1.47172,1.47193,2.25,1.13
2013.05.13 08:20:27.403,1.47177,1.47198,1.13,1.69
2013.05.13 08:20:27.475,1.47177,1.47199,1.13,1.65
2013.05.13 08:20:27.675,1.47177,1.47202,1.32,1.13
2013.05.13 08:20:28.003,1.47179,1.47206,2.97,1.50
2013.05.13 08:20:28.433,1.47181,1.47203,1.28,1.13
2013.05.13 08:20:28.503,1.47181,1.47203,1.47,1.13
2013.05.13 08:20:29.754,1.47181,1.47206,2.22,1.50
2013.05.13 08:20:30.789,1.47182,1.47206,1.32,1.13
2013.05.13 08:20:31.799,1.47182,1.47206,1.32,1.13
2013.05.13 08:20:33.335,1.47182,1.47203,1.32,1.80
2013.05.13 08:20:33.977,1.47177,1.47199,1.69,1.28
2013.05.13 08:20:34.050,1.47177,1.47196,1.13,1.50
2013.05.13 08:20:34.116,1.47173,1.47194,1.32,2.03
2013.05.13 08:20:34.325,1.47171,1.47193,2.03,1.88
2013.05.13 08:20:34.982,1.47171,1.4719,1.50,1.65
2013.05.13 08:20:35.331,1.47171,1.4719,1.50,1.84
2013.05.13 08:20:35.915,1.47171,1.4719,1.50,1.84
2013.05.13 08:20:36.654,1.47171,1.4719,1.50,1.84
2013.05.13 08:20:37.543,1.47172,1.4719,1.50,1.84
2013.05.13 08:20:39.654,1.47174,1.47193,2.25,1.13
2013.05.13 08:20:40.796,1.47171,1.4719,1.13,1.32
2013.05.13 08:20:40.868,1.47168,1.4719,1.13,1.32
2013.05.13 08:20:40.934,1.47168,1.4719,1.13,1.32
2013.05.13 08:20:41.442,1.47166,1.47186,1.13,1.47
2013.05.13 08:20:42.193,1.4717,1.47185,1.13,1.47
2013.05.13 08:20:42.623,1.47167,1.47186,2.25,1.32
2013.05.13 08:20:43.320,1.47167,1.47183,1.50,1.13
2013.05.13 08:20:43.472,1.47163,1.47183,1.32,1.13
2013.05.13 08:20:43.593,1.47165,1.47187,1.50,1.09
2013.05.13 08:20:44.029,1.47165,1.47189,1.50,2.07
2013.05.13 08:20:44.283,1.47165,1.47189,1.50,2.82
2013.05.13 08:20:45.043,1.47166,1.47188,1.80,1.32
2013.05.13 08:20:46.503,1.47165,1.47183,1.28,1.13
2013.05.13 08:20:46.572,1.47163,1.47183,1.09,1.13
2013.05.13 08:20:46.853,1.47163,1.47186,1.84,1.13
2013.05.13 08:20:47.921,1.47162,1.47183,1.84,1.13
2013.05.13 08:20:47.992,1.47163,1.47188,1.65,1.32
2013.05.13 08:20:48.447,1.47162,1.47183,1.84,1.13
2013.05.13 08:20:49.469,1.47162,1.47183,1.84,1.88
2013.05.13 08:20:49.542,1.47162,1.47183,1.84,1.13
2013.05.13 08:20:49.616,1.47162,1.47183,1.09,1.13
2013.05.13 08:20:50.294,1.47162,1.47184,1.09,1.13
2013.05.13 08:20:53.547,1.47163,1.47183,1.09,1.13
2013.05.13 08:21:01.202,1.47161,1.4718,1.99,1.13
2013.05.13 08:21:01.872,1.47157,1.47179,1.43,1.88
2013.05.13 08:21:02.544,1.47157,1.47179,1.05,1.88
2013.05.13 08:21:03.203,1.47159,1.47179,1.50,1.13
2013.05.13 08:21:05.953,1.47161,1.47182,1.28,1.09
2013.05.13 08:21:06.523,1.47159,1.47178,1.80,1.13
2013.05.13 08:21:07.198,1.47161,1.47183,1.28,2.22
2013.05.13 08:21:07.506,1.47162,1.47183,1.13,2.07
2013.05.13 08:21:07.924,1.47159,1.47183,1.43,2.07
2013.05.13 08:21:08.452,1.47162,1.47184,1.13,2.07
2013.05.13 08:21:08.814,1.47162,1.47183,1.13,1.32
2013.05.13 08:21:09.122,1.47164,1.47184,1.05,1.32
2013.05.13 08:21:09.674,1.47165,1.47188,1.28,1.32
2013.05.13 08:21:10.172,1.47166,1.47189,1.13,1.39
2013.05.13 08:21:12.653,1.47166,1.47189,1.13,2.14
2013.05.13 08:21:12.722,1.47165,1.47184,2.03,1.13
2013.05.13 08:21:13.273,1.47164,1.47179,1.05,1.13
2013.05.13 08:21:13.469,1.47161,1.47179,1.28,1.13
2013.05.13 08:21:13.664,1.47161,1.47179,2.03,1.13
2013.05.13 08:21:13.855,1.47166,1.47186,1.65,1.13
2013.05.13 08:21:13.984,1.47166,1.47189,2.18,2.25
2013.05.13 08:21:14.293,1.47166,1.47187,2.93,1.13
2013.05.13 08:21:14.623,1.47175,1.4719,1.28,1.13
2013.05.13 08:21:15.003,1.47176,1.47194,1.28,1.13
2013.05.13 08:21:15.074,1.47177,1.47199,1.95,1.32
2013.05.13 08:21:16.979,1.47179,1.47199,1.80,1.32
2013.05.13 08:21:18.203,1.47179,1.47199,1.80,1.13
2013.05.13 08:21:30.498,1.47177,1.47204,1.77,2.07
2013.05.13 08:21:30.566,1.47177,1.47204,1.47,2.07
2013.05.13 08:21:31.117,1.47177,1.47199,1.47,1.13
2013.05.13 08:21:32.153,1.47177,1.47199,2.22,1.13
2013.05.13 08:21:34.605,1.47174,1.47198,1.47,1.88
2013.05.13 08:21:35.033,1.47178,1.47198,1.13,1.13
2013.05.13 08:21:35.676,1.47176,1.47198,1.28,1.88
2013.05.13 08:21:37.323,1.47175,1.47195,1.62,1.13
2013.05.13 08:21:39.315,1.4718,1.47198,1.05,1.88
2013.05.13 08:21:39.563,1.4718,1.47198,1.05,1.50
2013.05.13 08:21:40.069,1.4718,1.47204,1.05,2.07
2013.05.13 08:21:45.682,1.47182,1.47204,1.28,1.32
2013.05.13 08:21:45.983,1.47186,1.47207,1.47,1.88
2013.05.13 08:21:46.164,1.47187,1.4721,2.18,2.25
2013.05.13 08:21:46.236,1.47187,1.4721,2.18,1.13
2013.05.13 08:21:46.364,1.47189,1.47214,1.47,1.47
2013.05.13 08:21:47.145,1.47192,1.4721,1.09,1.13
2013.05.13 08:21:47.473,1.47195,1.47217,1.32,1.50
2013.05.13 08:21:47.973,1.47195,1.47221,1.32,1.88
2013.05.13 08:21:48.693,1.47196,1.47222,1.32,1.28
2013.05.13 08:21:49.213,1.47197,1.47223,1.47,1.32
2013.05.13 08:21:50.444,1.47202,1.47223,1.13,1.32
2013.05.13 08:21:51.293,1.47201,1.47223,1.13,1.32
2013.05.13 08:21:52.253,1.47197,1.47223,1.84,2.44
2013.05.13 08:21:52.812,1.47197,1.47223,1.09,2.97
2013.05.13 08:21:53.934,1.47194,1.47218,1.84,1.13
2013.05.13 08:21:54.062,1.47194,1.47218,1.09,1.13
2013.05.13 08:21:54.919,1.47193,1.47218,1.09,1.32
2013.05.13 08:21:55.160,1.47193,1.47214,1.09,1.13
2013.05.13 08:21:55.791,1.47192,1.47214,1.32,1.13
2013.05.13 08:21:56.948,1.47192,1.47214,1.32,1.13
2013.05.13 08:22:00.862,1.47192,1.47214,2.07,1.13
2013.05.13 08:22:01.299,1.47192,1.47214,2.59,1.13
2013.05.13 08:22:01.822,1.47192,1.47214,2.59,1.13
2013.05.13 08:22:02.002,1.47192,1.47214,1.84,1.13
2013.05.13 08:22:07.072,1.47193,1.47218,1.84,1.69
2013.05.13 08:22:13.723,1.4719,1.47213,2.22,1.50
2013.05.13 08:22:13.921,1.4719,1.47213,1.47,1.13
2013.05.13 08:22:14.573,1.47188,1.47213,1.09,1.13
2013.05.13 08:22:16.134,1.4719,1.47213,1.09,1.13
2013.05.13 08:22:16.905,1.4719,1.47213,1.09,1.13
2013.05.13 08:22:17.623,1.47189,1.47213,1.47,1.13
2013.05.13 08:22:18.293,1.47186,1.47213,3.34,1.84
2013.05.13 08:22:19.110,1.4719,1.47214,1.32,1.65
2013.05.13 08:22:19.174,1.47192,1.47214,1.09,1.13
2013.05.13 08:22:19.482,1.47194,1.47218,1.47,2.07
2013.05.13 08:22:22.076,1.47196,1.47218,1.28,1.69
2013.05.13 08:22:25.652,1.47195,1.47216,1.62,1.13
2013.05.13 08:22:26.940,1.47196,1.47216,1.32,1.13
2013.05.13 08:22:27.005,1.47196,1.47216,1.32,1.13
2013.05.13 08:22:27.595,1.47196,1.47219,1.32,1.13
2013.05.13 08:22:28.106,1.47196,1.47216,1.32,1.65
2013.05.13 08:22:28.864,1.47198,1.47216,1.05,1.32
2013.05.13 08:22:29.260,1.47198,1.47214,1.05,1.13
2013.05.13 08:22:30.443,1.47197,1.47217,1.58,1.32
2013.05.13 08:22:30.860,1.47196,1.47217,1.13,1.32
2013.05.13 08:22:31.008,1.47196,1.47217,1.13,1.13
2013.05.13 08:22:31.508,1.47196,1.47217,1.13,1.13
2013.05.13 08:22:31.904,1.47196,1.47218,1.13,1.13
2013.05.13 08:22:32.465,1.47199,1.47218,1.09,1.13
2013.05.13 08:22:32.954,1.47201,1.4722,1.50,1.13
2013.05.13 08:22:37.453,1.47202,1.47218,1.47,1.13
2013.05.13 08:22:37.583,1.472,1.47218,1.47,1.13
2013.05.13 08:22:37.762,1.47198,1.47218,1.28,1.13
2013.05.13 08:22:38.993,1.47198,1.47221,1.65,1.32
2013.05.13 08:22:41.193,1.47198,1.47218,1.47,1.13
2013.05.13 08:22:41.815,1.47197,1.47219,1.47,1.13
2013.05.13 08:22:42.723,1.47197,1.4722,1.84,1.32
2013.05.13 08:22:45.674,1.47198,1.4722,1.13,1.32
2013.05.13 08:22:47.314,1.47198,1.47219,1.13,1.47
2013.05.13 08:22:47.444,1.47198,1.47219,1.13,1.47
2013.05.13 08:22:47.903,1.47197,1.47218,1.13,1.32
2013.05.13 08:22:50.223,1.47198,1.47223,1.65,1.50
2013.05.13 08:22:50.453,1.47198,1.47223,1.65,1.50
2013.05.13 08:22:50.523,1.47199,1.47224,1.13,1.13
2013.05.13 08:22:50.984,1.47202,1.47224,1.13,1.13
2013.05.13 08:22:51.633,1.47204,1.47224,1.24,1.13
2013.05.13 08:22:52.713,1.47206,1.47224,1.47,1.13
2013.05.13 08:22:54.723,1.47206,1.47228,1.84,1.13
2013.05.13 08:22:54.915,1.47206,1.47225,1.65,1.13
2013.05.13 08:22:56.028,1.47206,1.47223,1.28,1.13
2013.05.13 08:22:57.308,1.4721,1.47223,1.50,1.13
2013.05.13 08:22:57.377,1.47213,1.47231,1.13,1.47
2013.05.13 08:22:57.444,1.47214,1.47233,1.50,1.99
2013.05.13 08:22:58.063,1.47227,1.47249,1.73,1.13
2013.05.13 08:22:59.196,1.47226,1.47252,1.43,1.32
2013.05.13 08:22:59.764,1.4723,1.47253,1.65,1.13
2013.05.13 08:23:00.033,1.47231,1.47253,1.84,1.13
2013.05.13 08:23:01.355,1.47231,1.47253,1.84,1.50
2013.05.13 08:23:01.915,1.47231,1.47258,1.09,1.88
2013.05.13 08:23:02.043,1.47235,1.47258,1.32,1.88
2013.05.13 08:23:02.420,1.47236,1.47261,1.77,1.50
2013.05.13 08:23:05.145,1.4724,1.47264,1.09,1.32
2013.05.13 08:23:06.088,1.47239,1.47265,1.84,1.88
2013.05.13 08:23:06.273,1.47239,1.47264,1.09,1.69
2013.05.13 08:23:06.793,1.47239,1.47264,1.09,1.69
2013.05.13 08:23:07.204,1.47239,1.47264,1.09,1.69
2013.05.13 08:23:07.713,1.47237,1.47259,1.32,1.05
2013.05.13 08:23:07.963,1.47235,1.47259,1.32,1.05
2013.05.13 08:23:09.613,1.47236,1.47261,1.09,1.88
2013.05.13 08:23:09.684,1.47236,1.47261,1.09,1.13
2013.05.13 08:23:10.008,1.47243,1.47266,1.13,1.32
2013.05.13 08:23:10.133,1.47243,1.47267,1.13,1.09
2013.05.13 08:23:10.542,1.47244,1.47268,1.28,1.32
2013.05.13 08:23:11.192,1.47244,1.47266,1.50,1.13
2013.05.13 08:23:11.503,1.47242,1.47266,2.07,1.13
2013.05.13 08:23:12.034,1.47243,1.47266,1.32,1.13
2013.05.13 08:23:14.273,1.47243,1.47265,1.50,1.47
2013.05.13 08:23:14.805,1.47242,1.47264,1.13,1.32
2013.05.13 08:23:16.534,1.47243,1.47264,2.07,1.13
2013.05.13 08:23:16.666,1.47254,1.47274,1.13,1.43
2013.05.13 08:23:16.807,1.47254,1.47276,1.13,1.32
2013.05.13 08:23:17.362,1.47254,1.47276,1.65,1.32
2013.05.13 08:23:17.855,1.47254,1.47277,2.03,1.32
2013.05.13 08:23:18.402,1.47251,1.47277,2.82,1.84
2013.05.13 08:23:19.032,1.47251,1.47277,1.32,2.22
2013.05.13 08:23:19.154,1.47249,1.47273,1.47,1.13
2013.05.13 08:23:19.465,1.47247,1.47271,2.07,1.13
2013.05.13 08:23:19.533,1.47247,1.47271,1.32,1.13
2013.05.13 08:23:20.168,1.47247,1.47273,2.07,2.40
2013.05.13 08:23:20.316,1.47246,1.47272,1.84,1.65
2013.05.13 08:23:20.385,1.47246,1.4727,1.84,1.50
2013.05.13 08:23:20.455,1.47246,1.4727,1.84,1.50
2013.05.13 08:23:20.764,1.47246,1.47271,1.84,1.69
2013.05.13 08:23:21.072,1.47246,1.47272,1.84,1.65
2013.05.13 08:23:21.135,1.47246,1.47272,1.09,1.65
2013.05.13 08:23:21.263,1.47244,1.47269,1.32,1.28
2013.05.13 08:23:21.393,1.47243,1.47269,1.32,1.28
2013.05.13 08:23:21.454,1.47243,1.47267,1.32,1.28
2013.05.13 08:23:24.005,1.47246,1.47264,1.32,1.50
2013.05.13 08:23:24.323,1.47246,1.47264,1.32,1.50
2013.05.13 08:23:25.104,1.47241,1.47264,1.84,1.50
2013.05.13 08:23:27.448,1.47242,1.47264,1.32,1.50
2013.05.13 08:23:27.953,1.47242,1.47264,1.32,2.03
2013.05.13 08:23:28.023,1.47238,1.47259,1.69,1.28
2013.05.13 08:23:29.363,1.47234,1.47257,1.32,1.50
2013.05.13 08:23:31.152,1.47236,1.47259,1.69,1.28
2013.05.13 08:23:31.733,1.47236,1.47263,2.22,1.32
2013.05.13 08:23:31.927,1.47236,1.47263,2.52,1.32
2013.05.13 08:23:33.279,1.47237,1.47263,1.65,1.32
2013.05.13 08:23:33.804,1.47237,1.47263,1.13,2.29
2013.05.13 08:23:33.878,1.47237,1.47261,1.13,1.50
2013.05.13 08:23:34.184,1.47237,1.47259,1.13,1.28
2013.05.13 08:23:36.575,1.47238,1.47262,2.55,1.32
2013.05.13 08:23:36.924,1.47239,1.47262,1.28,1.32
2013.05.13 08:23:39.264,1.47238,1.47263,1.43,1.69
2013.05.13 08:23:39.783,1.47238,1.47265,1.43,2.44
2013.05.13 08:23:40.273,1.47238,1.47263,1.43,1.69
2013.05.13 08:23:40.547,1.47238,1.47263,1.24,1.13
2013.05.13 08:23:40.853,1.47239,1.47265,2.59,1.69
2013.05.13 08:23:42.433,1.47248,1.47273,1.65,1.69
2013.05.13 08:23:42.505,1.47248,1.47272,2.18,1.69
2013.05.13 08:23:43.584,1.47248,1.47273,2.18,1.69
2013.05.13 08:23:43.953,1.47248,1.47274,2.18,1.69
2013.05.13 08:23:44.444,1.47248,1.47274,2.18,1.69
2013.05.13 08:23:44.783,1.47246,1.47272,1.13,1.47
2013.05.13 08:23:45.545,1.47244,1.47267,1.47,1.13
2013.05.13 08:23:46.269,1.47244,1.47264,1.47,1.50
2013.05.13 08:23:46.455,1.47244,1.47264,1.47,1.50
2013.05.13 08:23:46.524,1.4724,1.47261,1.32,1.28
2013.05.13 08:23:46.833,1.47236,1.47261,1.32,1.28
2013.05.13 08:23:46.893,1.47237,1.47263,1.69,2.18
2013.05.13 08:23:47.375,1.47242,1.47264,2.44,1.65
2013.05.13 08:23:47.684,1.47242,1.47268,1.69,1.13
2013.05.13 08:23:48.074,1.47247,1.47268,1.50,1.13
2013.05.13 08:23:48.208,1.47248,1.47268,1.50,2.18
2013.05.13 08:23:48.524,1.47248,1.4727,1.28,1.32
2013.05.13 08:23:48.903,1.47251,1.4727,2.25,1.13
2013.05.13 08:23:50.104,1.47252,1.47278,3.87,1.32
2013.05.13 08:23:50.175,1.47254,1.47278,1.50,1.32
2013.05.13 08:23:50.516,1.4726,1.47279,1.05,2.82
2013.05.13 08:23:50.823,1.4726,1.47279,1.05,1.32
2013.05.13 08:23:50.954,1.4726,1.47279,1.05,1.32
2013.05.13 08:23:51.754,1.4726,1.47283,1.05,1.69
2013.05.13 08:23:51.824,1.4726,1.47283,1.05,1.69
2013.05.13 08:23:51.898,1.4726,1.47283,1.05,1.69
2013.05.13 08:23:52.025,1.4726,1.47284,1.05,1.32
2013.05.13 08:23:52.404,1.47263,1.47284,1.28,1.32
2013.05.13 08:23:52.654,1.47262,1.47284,1.05,1.13
2013.05.13 08:23:52.723,1.47259,1.47284,2.74,1.13
2013.05.13 08:23:52.783,1.47259,1.47284,1.99,1.13
2013.05.13 08:23:53.679,1.47261,1.47285,1.13,1.47
2013.05.13 08:23:54.255,1.47259,1.47285,1.09,1.47
2013.05.13 08:23:54.443,1.47259,1.47285,1.09,1.47
2013.05.13 08:23:54.507,1.47259,1.47285,1.84,1.47
2013.05.13 08:23:54.694,1.47259,1.47281,1.32,1.28
2013.05.13 08:23:54.765,1.47259,1.47281,1.13,1.47
2013.05.13 08:23:54.955,1.47256,1.47281,1.32,1.47
2013.05.13 08:23:55.426,1.47261,1.47283,1.32,1.13
2013.05.13 08:23:55.745,1.47261,1.47286,1.32,1.13
2013.05.13 08:23:55.873,1.47261,1.47289,1.32,2.67
2013.05.13 08:23:55.935,1.47261,1.47289,2.82,2.67
2013.05.13 08:23:56.254,1.47267,1.47289,1.24,1.13
2013.05.13 08:23:56.563,1.47267,1.47291,1.99,1.13
2013.05.13 08:23:57.353,1.47268,1.47296,1.09,1.32
2013.05.13 08:23:57.883,1.47268,1.47294,1.09,1.02
2013.05.13 08:23:59.117,1.47267,1.47293,1.32,1.47
2013.05.13 08:23:59.185,1.47266,1.47292,1.84,1.47
2013.05.13 08:23:59.465,1.47265,1.4729,1.09,1.69
2013.05.13 08:23:59.537,1.47266,1.47292,1.43,1.69
2013.05.13 08:23:59.855,1.47265,1.47284,1.47,1.13
2013.05.13 08:23:59.984,1.47263,1.47284,1.80,1.88
2013.05.13 08:24:00.295,1.47265,1.47288,1.28,1.69
2013.05.13 08:24:01.393,1.47265,1.47284,1.28,1.13
2013.05.13 08:24:01.738,1.4726,1.47284,2.10,1.32
2013.05.13 08:24:01.803,1.4726,1.47284,1.28,1.32
2013.05.13 08:24:01.938,1.47259,1.4728,1.24,1.50
2013.05.13 08:24:02.195,1.47254,1.47279,2.82,2.78
2013.05.13 08:24:02.265,1.47257,1.47279,1.50,2.03
2013.05.13 08:24:02.874,1.47259,1.4728,1.47,1.13
2013.05.13 08:24:03.004,1.47259,1.47285,1.47,1.88
2013.05.13 08:24:03.427,1.47258,1.47279,1.47,1.50
2013.05.13 08:24:03.614,1.47257,1.47279,1.47,1.50
2013.05.13 08:24:03.947,1.47254,1.4728,1.84,1.69
2013.05.13 08:24:04.013,1.47254,1.47281,1.84,1.47
2013.05.13 08:24:04.895,1.47257,1.47279,1.47,1.13
2013.05.13 08:24:05.113,1.47254,1.47279,1.47,1.88
2013.05.13 08:24:05.433,1.47252,1.47278,1.69,1.28
2013.05.13 08:24:05.682,1.47255,1.47279,1.47,1.13
2013.05.13 08:24:05.755,1.47255,1.47279,2.22,1.13
2013.05.13 08:24:05.827,1.47255,1.47279,2.22,1.13
2013.05.13 08:24:06.097,1.47257,1.47279,1.28,1.13
2013.05.13 08:24:06.224,1.47257,1.47281,1.28,1.69
2013.05.13 08:24:06.665,1.47254,1.47274,2.03,1.13
2013.05.13 08:24:06.736,1.47254,1.47274,1.28,1.13
2013.05.13 08:24:07.293,1.4725,1.47274,2.22,1.13
2013.05.13 08:24:07.413,1.4725,1.47274,2.22,1.13
2013.05.13 08:24:07.484,1.4725,1.47274,2.22,1.13
2013.05.13 08:24:07.793,1.47252,1.47274,1.50,1.13
2013.05.13 08:24:08.306,1.47254,1.47279,1.50,1.47
2013.05.13 08:24:08.435,1.47254,1.47279,1.50,1.47
2013.05.13 08:24:08.991,1.47255,1.47279,1.28,1.69
2013.05.13 08:24:09.141,1.47254,1.47278,1.50,1.69
2013.05.13 08:24:09.276,1.47255,1.47274,1.05,1.50
2013.05.13 08:24:09.588,1.47252,1.47274,1.13,1.69
2013.05.13 08:24:09.653,1.47252,1.47274,1.88,1.69
2013.05.13 08:24:09.955,1.4725,1.47274,1.28,2.07
2013.05.13 08:24:10.664,1.47247,1.47269,2.44,1.13
2013.05.13 08:24:10.986,1.47249,1.47269,1.13,1.13
2013.05.13 08:24:11.453,1.47249,1.47269,1.13,1.50
2013.05.13 08:24:12.007,1.47246,1.47269,1.28,1.69
2013.05.13 08:24:12.076,1.47244,1.47268,3.15,2.44
2013.05.13 08:24:12.334,1.47245,1.47267,1.13,1.28
2013.05.13 08:24:12.955,1.47245,1.47267,1.13,1.35
2013.05.13 08:24:13.423,1.47244,1.47263,1.13,1.50
2013.05.13 08:24:14.007,1.47244,1.47261,1.50,1.13
2013.05.13 08:24:14.513,1.47243,1.47263,1.50,1.13
2013.05.13 08:24:14.573,1.47243,1.47263,1.50,1.13
2013.05.13 08:24:15.753,1.47243,1.47263,1.50,1.13
2013.05.13 08:24:16.493,1.47242,1.47267,2.97,1.32
2013.05.13 08:24:16.623,1.47241,1.4726,2.07,1.50
2013.05.13 08:24:16.753,1.47241,1.47262,2.07,1.50
2013.05.13 08:24:16.874,1.47241,1.47262,1.13,1.50
2013.05.13 08:24:17.006,1.4724,1.47263,1.13,1.69
2013.05.13 08:24:17.433,1.47241,1.47264,1.13,2.44
2013.05.13 08:24:17.513,1.47247,1.47265,2.25,1.69
2013.05.13 08:24:17.791,1.47244,1.47264,1.50,2.25
2013.05.13 08:24:18.099,1.47241,1.47264,1.84,2.25
2013.05.13 08:24:19.616,1.47241,1.47264,1.84,2.25
2013.05.13 08:24:19.745,1.47241,1.47264,1.84,2.25
2013.05.13 08:24:19.960,1.47241,1.47264,1.84,2.25
2013.05.13 08:24:20.099,1.47241,1.47264,1.84,2.25
2013.05.13 08:24:20.168,1.47241,1.47264,1.84,2.25
2013.05.13 08:24:20.674,1.47241,1.47264,1.65,2.44
2013.05.13 08:24:21.134,1.47241,1.47264,1.65,2.44
2013.05.13 08:24:21.668,1.47241,1.47264,1.65,2.44
2013.05.13 08:24:22.054,1.47241,1.47264,1.65,2.44
2013.05.13 08:24:22.184,1.47241,1.47264,1.65,2.44
2013.05.13 08:24:22.671,1.47241,1.47264,1.65,2.44
2013.05.13 08:24:22.744,1.47241,1.47264,1.65,2.44
2013.05.13 08:24:23.155,1.47241,1.47265,1.84,1.69
2013.05.13 08:24:23.405,1.47241,1.47265,1.84,1.69
2013.05.13 08:24:23.604,1.47241,1.47265,1.84,1.69
2013.05.13 08:24:23.734,1.47241,1.47267,1.84,2.63
2013.05.13 08:24:24.052,1.47246,1.47267,1.35,1.13
2013.05.13 08:24:24.175,1.47246,1.47269,1.35,1.32
2013.05.13 08:24:24.323,1.47246,1.47269,1.47,1.13
2013.05.13 08:24:24.398,1.47244,1.47269,1.99,1.13
2013.05.13 08:24:24.536,1.47243,1.47267,1.28,2.07
2013.05.13 08:24:24.605,1.47242,1.47265,1.47,2.63
2013.05.13 08:24:25.168,1.47242,1.47265,1.50,2.82
2013.05.13 08:24:26.163,1.47242,1.47263,1.28,1.69
2013.05.13 08:24:27.635,1.47242,1.47263,2.03,2.44
2013.05.13 08:24:27.705,1.47242,1.47263,2.40,2.44
2013.05.13 08:24:27.834,1.47246,1.47263,1.13,1.50
2013.05.13 08:24:30.903,1.4724,1.47263,2.89,1.69
2013.05.13 08:24:31.344,1.47238,1.47263,2.59,1.69
2013.05.13 08:24:31.476,1.4724,1.47264,1.69,3.34
2013.05.13 08:24:31.614,1.47241,1.47264,1.24,1.13
2013.05.13 08:24:32.126,1.47243,1.47264,1.28,1.13
2013.05.13 08:24:39.967,1.47242,1.47266,1.13,1.69
2013.05.13 08:24:40.874,1.47242,1.47266,1.32,1.69
2013.05.13 08:24:42.933,1.47244,1.47267,1.50,1.84
2013.05.13 08:24:43.144,1.47242,1.47267,2.07,1.65
2013.05.13 08:24:43.683,1.47243,1.47268,2.22,1.13
2013.05.13 08:24:44.202,1.47243,1.47266,2.59,1.13
2013.05.13 08:24:44.602,1.47244,1.47269,1.69,3.57
2013.05.13 08:24:44.751,1.47246,1.47269,2.44,1.13
2013.05.13 08:24:45.085,1.47256,1.47276,1.13,1.28
2013.05.13 08:24:45.157,1.47256,1.47279,1.47,1.28
2013.05.13 08:24:45.226,1.47258,1.47281,2.03,1.13
2013.05.13 08:24:45.353,1.47258,1.47283,1.28,1.65
2013.05.13 08:24:45.734,1.47258,1.47281,1.28,1.62
2013.05.13 08:24:46.268,1.47254,1.47279,1.13,1.09
2013.05.13 08:24:46.577,1.47257,1.47279,1.84,1.13
2013.05.13 08:24:46.717,1.47257,1.47278,2.37,1.50
2013.05.13 08:24:47.045,1.47261,1.47279,2.22,1.13
2013.05.13 08:24:47.364,1.47268,1.47291,1.65,1.32
2013.05.13 08:24:49.343,1.47268,1.47292,1.32,1.43
2013.05.13 08:24:49.584,1.47268,1.47291,2.44,1.65
2013.05.13 08:24:50.155,1.47268,1.47294,2.97,1.09
2013.05.13 08:24:51.074,1.47268,1.47294,1.84,1.84
2013.05.13 08:24:51.412,1.47271,1.47294,1.50,1.84
2013.05.13 08:24:52.215,1.47273,1.47296,1.28,1.32
2013.05.13 08:24:52.842,1.47274,1.47298,1.28,2.07
2013.05.13 08:24:53.302,1.47274,1.47298,1.28,2.07
2013.05.13 08:24:59.184,1.47274,1.47295,1.28,1.32
2013.05.13 08:24:59.714,1.47274,1.47298,1.28,1.32
2013.05.13 08:25:00.967,1.47275,1.47295,1.13,1.13
2013.05.13 08:25:01.037,1.47275,1.47295,1.13,1.13
2013.05.13 08:25:01.378,1.47276,1.47299,1.28,1.13
2013.05.13 08:25:01.634,1.47275,1.47299,1.32,1.13
2013.05.13 08:25:01.704,1.47275,1.47299,1.32,1.13
2013.05.13 08:25:02.198,1.47275,1.47299,1.32,1.13
2013.05.13 08:25:03.305,1.47272,1.47299,1.24,1.32
2013.05.13 08:25:03.493,1.47273,1.47299,1.47,1.32
2013.05.13 08:25:04.034,1.47276,1.47298,1.13,1.32
2013.05.13 08:25:04.824,1.47273,1.47298,1.47,1.32
2013.05.13 08:25:05.204,1.47273,1.47298,1.47,1.32
2013.05.13 08:25:06.105,1.47273,1.47298,1.47,1.32
2013.05.13 08:25:07.085,1.47273,1.47298,1.47,1.32
2013.05.13 08:25:07.476,1.47273,1.47298,1.47,1.32
2013.05.13 08:25:10.116,1.47272,1.47298,2.07,1.84
2013.05.13 08:25:10.643,1.47273,1.47294,1.24,1.13
2013.05.13 08:25:11.144,1.47273,1.47294,1.24,1.13
2013.05.13 08:25:11.904,1.47273,1.47299,1.24,1.32
2013.05.13 08:25:13.937,1.47273,1.47294,1.05,1.13
2013.05.13 08:25:14.274,1.47271,1.4729,1.13,1.32
2013.05.13 08:25:14.791,1.47271,1.47294,1.13,1.32
2013.05.13 08:25:16.314,1.4727,1.47294,1.28,1.32
2013.05.13 08:25:16.655,1.4727,1.47291,1.28,1.13
2013.05.13 08:25:16.884,1.4727,1.47293,1.28,1.13
2013.05.13 08:25:17.333,1.4727,1.47293,1.28,1.13
2013.05.13 08:25:21.657,1.4727,1.47297,1.47,1.62
2013.05.13 08:25:25.154,1.47269,1.47294,1.09,1.13
2013.05.13 08:25:25.926,1.4727,1.47294,1.47,1.13
2013.05.13 08:25:26.314,1.4727,1.47294,1.84,1.13
2013.05.13 08:25:28.195,1.4727,1.47294,1.84,1.13
2013.05.13 08:25:30.874,1.4727,1.47293,1.13,1.32
2013.05.13 08:25:31.383,1.47267,1.47291,1.32,1.13
2013.05.13 08:25:32.278,1.47268,1.47293,1.32,1.32
2013.05.13 08:25:33.058,1.47271,1.47294,1.13,1.84
2013.05.13 08:25:34.418,1.47268,1.47293,2.59,1.13
2013.05.13 08:25:35.435,1.4727,1.47294,1.09,1.32
2013.05.13 08:25:38.138,1.47271,1.47294,1.09,1.13
2013.05.13 08:25:41.428,1.47271,1.47294,1.09,1.13
2013.05.13 08:25:42.405,1.4727,1.47293,1.09,1.32
2013.05.13 08:25:46.153,1.4727,1.47293,1.09,1.32
2013.05.13 08:25:48.225,1.47269,1.47291,1.62,1.13
2013.05.13 08:25:48.448,1.47269,1.47293,1.62,1.88
2013.05.13 08:25:48.578,1.47269,1.47291,1.62,1.13
2013.05.13 08:25:48.824,1.47269,1.47293,1.62,1.13
2013.05.13 08:25:49.372,1.47269,1.47291,1.62,1.13
2013.05.13 08:25:49.514,1.47269,1.47293,1.62,1.88
2013.05.13 08:25:49.705,1.47273,1.47293,1.05,1.13
2013.05.13 08:25:49.964,1.47272,1.47296,1.47,1.32
2013.05.13 08:25:50.223,1.47272,1.47296,1.32,1.32
2013.05.13 08:25:51.969,1.47274,1.47299,1.65,1.32
2013.05.13 08:25:52.593,1.47273,1.47299,2.37,1.32
2013.05.13 08:25:52.873,1.47274,1.47299,1.65,1.32
2013.05.13 08:25:53.537,1.47274,1.47299,1.65,1.32
2013.05.13 08:25:54.075,1.47275,1.473,1.13,1.32
2013.05.13 08:25:54.741,1.47275,1.473,1.13,1.32
2013.05.13 08:25:55.344,1.47275,1.473,1.13,1.32
2013.05.13 08:25:57.414,1.47275,1.47301,1.13,1.84
2013.05.13 08:25:57.482,1.47275,1.47301,1.13,1.84
2013.05.13 08:26:00.823,1.47276,1.47301,1.13,2.82
2013.05.13 08:26:01.023,1.47276,1.47301,1.13,2.82
2013.05.13 08:26:02.683,1.47272,1.47296,1.13,1.32
2013.05.13 08:26:04.447,1.47274,1.47297,1.88,1.32
2013.05.13 08:26:04.695,1.47274,1.47299,2.40,1.32
2013.05.13 08:26:04.766,1.47276,1.473,1.50,1.69
2013.05.13 08:26:05.383,1.47277,1.47297,1.50,1.09
2013.05.13 08:26:06.173,1.47278,1.47298,1.13,1.99
2013.05.13 08:26:09.793,1.47271,1.47296,3.57,1.28
2013.05.13 08:26:13.786,1.47277,1.47296,1.13,1.28
2013.05.13 08:26:14.303,1.47274,1.47298,1.88,1.84
2013.05.13 08:26:14.594,1.47274,1.47295,1.13,1.13
2013.05.13 08:26:14.893,1.47274,1.47298,1.88,1.84
2013.05.13 08:26:18.724,1.47274,1.47295,1.13,1.32
2013.05.13 08:26:20.883,1.47272,1.47294,1.47,1.13
2013.05.13 08:26:22.086,1.47272,1.47294,1.28,1.32
2013.05.13 08:26:23.113,1.47272,1.47294,1.28,1.32
2013.05.13 08:26:23.723,1.47271,1.47294,1.88,1.84
2013.05.13 08:26:24.443,1.47272,1.47296,2.03,1.69
2013.05.13 08:26:25.400,1.47272,1.47289,1.28,1.13
2013.05.13 08:26:25.476,1.47276,1.47294,1.13,1.32
2013.05.13 08:26:26.063,1.47278,1.47295,1.13,1.09
2013.05.13 08:26:26.513,1.47274,1.47295,1.13,1.09
2013.05.13 08:26:27.503,1.47277,1.47295,1.50,1.09
2013.05.13 08:26:28.183,1.47278,1.47298,1.13,2.37
2013.05.13 08:26:28.764,1.47278,1.47298,1.13,1.32
2013.05.13 08:26:29.284,1.47278,1.47298,1.13,1.32
2013.05.13 08:26:29.814,1.47278,1.47298,1.13,2.37
2013.05.13 08:26:32.206,1.47278,1.47297,1.13,1.28
2013.05.13 08:26:32.734,1.47276,1.47297,1.13,1.28
2013.05.13 08:26:33.923,1.47276,1.47298,1.88,1.62
2013.05.13 08:26:34.453,1.47278,1.47298,1.13,1.62
2013.05.13 08:26:36.712,1.47279,1.47299,1.13,1.32
2013.05.13 08:26:37.785,1.4728,1.47299,1.13,1.32
2013.05.13 08:26:38.377,1.47279,1.47299,2.03,1.13
2013.05.13 08:26:39.425,1.47279,1.47299,1.65,1.13
2013.05.13 08:26:48.702,1.47276,1.47299,1.32,1.88
2013.05.13 08:26:50.714,1.47277,1.47299,1.13,1.32
2013.05.13 08:26:53.964,1.47277,1.47298,1.13,2.59
2013.05.13 08:26:54.323,1.47272,1.47297,2.07,1.28
2013.05.13 08:26:56.743,1.47276,1.47298,1.13,2.59
2013.05.13 08:26:56.816,1.47278,1.47298,1.13,2.59
2013.05.13 08:26:57.003,1.47273,1.47298,1.32,3.34
2013.05.13 08:26:57.073,1.47271,1.47294,1.32,1.13
2013.05.13 08:26:57.255,1.47273,1.47298,1.32,1.84
2013.05.13 08:26:57.563,1.47276,1.47298,2.44,1.13
2013.05.13 08:26:58.164,1.47275,1.47293,1.50,1.13
2013.05.13 08:26:58.477,1.47273,1.47292,1.50,1.50
2013.05.13 08:26:58.915,1.47271,1.47292,1.50,1.50
2013.05.13 08:26:59.164,1.47271,1.47292,2.44,1.50
2013.05.13 08:26:59.233,1.47274,1.47297,1.13,1.47
2013.05.13 08:27:00.854,1.47277,1.47299,1.13,1.47
2013.05.13 08:27:01.403,1.47277,1.47302,1.84,1.32
2013.05.13 08:27:01.903,1.4728,1.473,1.13,1.50
2013.05.13 08:27:02.303,1.4728,1.473,1.13,1.50
2013.05.13 08:27:02.664,1.4728,1.473,1.13,1.50
2013.05.13 08:27:03.043,1.4728,1.473,1.13,1.50
2013.05.13 08:27:03.645,1.47277,1.47298,2.07,1.13
2013.05.13 08:27:03.885,1.47277,1.47297,1.32,1.13
2013.05.13 08:27:04.985,1.47276,1.47297,1.32,1.13
2013.05.13 08:27:05.205,1.47276,1.47297,1.13,1.32
2013.05.13 08:27:05.696,1.47276,1.47296,1.13,1.28
2013.05.13 08:27:06.225,1.47273,1.47296,1.50,1.47
2013.05.13 08:27:06.594,1.47272,1.47296,1.69,1.28
2013.05.13 08:27:06.905,1.47276,1.47297,1.32,1.13
2013.05.13 08:27:06.974,1.47276,1.47297,2.07,1.13
2013.05.13 08:27:07.103,1.47276,1.47297,1.17,1.13
2013.05.13 08:27:07.178,1.47277,1.47299,1.24,1.13
2013.05.13 08:27:07.245,1.47277,1.47299,1.99,1.13
2013.05.13 08:27:07.674,1.47278,1.47301,1.65,1.13
2013.05.13 08:27:08.664,1.47278,1.47301,1.32,1.84
2013.05.13 08:27:10.155,1.47278,1.47301,1.09,1.32
2013.05.13 08:27:11.584,1.47277,1.47301,2.59,1.13
2013.05.13 08:27:11.755,1.47277,1.47301,2.59,1.13
2013.05.13 08:27:12.129,1.47277,1.47301,2.22,1.13
2013.05.13 08:27:12.466,1.47268,1.47288,1.39,1.13
2013.05.13 08:27:12.593,1.47267,1.47288,1.47,1.13
2013.05.13 08:27:13.143,1.47266,1.47288,1.09,1.13
2013.05.13 08:27:13.453,1.47267,1.47288,1.32,1.13
2013.05.13 08:27:14.597,1.47271,1.47291,1.13,1.13
2013.05.13 08:27:15.145,1.47271,1.47291,1.32,1.13
2013.05.13 08:27:15.694,1.47273,1.47291,1.50,1.13
2013.05.13 08:27:16.460,1.47271,1.47291,1.13,1.13
2013.05.13 08:27:17.022,1.47268,1.47291,1.84,1.13
2013.05.13 08:27:19.733,1.47271,1.47291,1.80,1.13
2013.05.13 08:27:20.142,1.47273,1.47291,1.65,1.13
2013.05.13 08:27:22.195,1.47273,1.47291,2.22,1.13
2013.05.13 08:27:22.624,1.47273,1.47291,1.50,1.13
2013.05.13 08:27:22.874,1.47274,1.47291,1.47,1.13
2013.05.13 08:27:23.063,1.47275,1.47291,1.99,1.13
2013.05.13 08:27:23.392,1.47277,1.47291,1.28,1.13
2013.05.13 08:27:25.328,1.47277,1.47296,1.69,1.65
2013.05.13 08:27:25.396,1.47277,1.47298,1.50,2.18
2013.05.13 08:27:25.593,1.47277,1.47296,1.50,1.84
2013.05.13 08:27:26.144,1.47278,1.47296,1.13,1.09
2013.05.13 08:27:26.693,1.47277,1.47298,1.32,1.50
2013.05.13 08:27:27.053,1.47278,1.47298,1.50,2.25
2013.05.13 08:27:27.884,1.47281,1.47298,1.13,1.50
2013.05.13 08:27:28.582,1.47279,1.47299,1.32,1.13
2013.05.13 08:27:29.719,1.47276,1.47299,1.32,2.44
2013.05.13 08:27:29.785,1.47276,1.47299,1.32,2.44
2013.05.13 08:27:29.975,1.47274,1.47299,1.65,2.44
2013.05.13 08:27:30.489,1.47272,1.47299,2.97,2.03
2013.05.13 08:27:31.034,1.47275,1.47298,1.13,1.09
2013.05.13 08:27:31.103,1.47272,1.47297,2.22,1.50
2013.05.13 08:27:33.913,1.47276,1.47294,1.65,1.13
2013.05.13 08:27:37.024,1.47276,1.47299,1.09,1.88
2013.05.13 08:27:37.546,1.47276,1.47299,1.09,1.88
2013.05.13 08:27:38.857,1.47275,1.47299,1.47,1.13
2013.05.13 08:27:40.013,1.47276,1.47299,1.09,1.13
2013.05.13 08:27:42.274,1.47276,1.47297,2.59,1.13
2013.05.13 08:27:42.473,1.47277,1.47302,1.32,1.05
2013.05.13 08:27:42.963,1.47281,1.47307,2.74,2.03
2013.05.13 08:27:43.384,1.47282,1.47304,1.47,1.13
2013.05.13 08:27:44.994,1.47284,1.47305,1.09,1.13
2013.05.13 08:27:45.124,1.47284,1.47305,1.09,1.13
2013.05.13 08:27:45.662,1.47281,1.47302,2.07,1.50
2013.05.13 08:27:46.194,1.47281,1.47302,1.50,1.13
2013.05.13 08:27:47.014,1.47281,1.47303,1.69,1.13
2013.05.13 08:27:47.763,1.47279,1.47303,1.09,2.07
2013.05.13 08:27:47.823,1.47279,1.47301,1.09,1.13
2013.05.13 08:27:48.183,1.47278,1.47298,1.43,1.50
2013.05.13 08:27:48.696,1.47273,1.47298,1.09,1.50
2013.05.13 08:27:49.053,1.47273,1.47293,1.47,1.13
2013.05.13 08:27:49.384,1.47269,1.47293,1.47,1.13
2013.05.13 08:27:51.515,1.47269,1.47289,1.32,1.13
2013.05.13 08:27:51.853,1.47271,1.47291,1.32,1.13
2013.05.13 08:27:52.044,1.47268,1.47288,1.32,1.50
2013.05.13 08:27:52.114,1.47268,1.47288,1.32,1.50
2013.05.13 08:27:52.554,1.47268,1.47288,1.32,1.50
2013.05.13 08:27:52.694,1.47263,1.47287,3.94,2.03
2013.05.13 08:27:52.763,1.47265,1.47287,1.69,1.28
2013.05.13 08:27:53.005,1.47266,1.4729,1.32,1.50
2013.05.13 08:27:53.074,1.47266,1.47287,1.69,1.13
2013.05.13 08:27:53.385,1.47265,1.47286,2.22,1.13
2013.05.13 08:27:53.695,1.47266,1.47289,1.69,2.97
2013.05.13 08:27:53.768,1.47265,1.47285,2.22,1.50
2013.05.13 08:27:54.224,1.47267,1.47286,1.32,1.13
2013.05.13 08:27:54.744,1.47267,1.47288,2.44,1.50
2013.05.13 08:27:55.512,1.47265,1.47284,1.69,1.50
2013.05.13 08:27:56.506,1.47267,1.47284,1.32,1.50
2013.05.13 08:27:56.637,1.4727,1.47284,1.32,1.50
2013.05.13 08:27:57.354,1.4727,1.47284,2.82,1.50
2013.05.13 08:27:57.929,1.4727,1.47284,1.32,1.50
2013.05.13 08:27:58.623,1.47268,1.47284,1.69,1.50
2013.05.13 08:27:58.753,1.47265,1.47284,1.32,1.50
2013.05.13 08:27:58.873,1.47265,1.47284,1.32,1.50
2013.05.13 08:27:59.586,1.47262,1.47279,1.69,1.50
2013.05.13 08:27:59.774,1.47258,1.47279,2.07,2.03
2013.05.13 08:27:59.844,1.47258,1.47279,1.32,2.03
2013.05.13 08:28:00.788,1.47253,1.47279,1.69,2.22
2013.05.13 08:28:01.428,1.47253,1.47279,1.69,1.47
2013.05.13 08:28:01.612,1.47253,1.47279,1.69,2.22
2013.05.13 08:28:01.833,1.47253,1.47279,1.69,2.22
2013.05.13 08:28:01.958,1.47255,1.47277,1.69,1.50
2013.05.13 08:28:04.403,1.4725,1.47269,1.88,1.50
2013.05.13 08:28:04.533,1.47246,1.47269,1.32,1.50
2013.05.13 08:28:04.713,1.47245,1.47266,1.69,1.50
2013.05.13 08:28:05.983,1.47244,1.47266,2.44,1.50
2013.05.13 08:28:10.605,1.47243,1.47266,2.97,1.13
2013.05.13 08:28:10.745,1.47243,1.47265,2.22,1.13
2013.05.13 08:28:11.253,1.47243,1.47268,1.47,2.25
2013.05.13 08:28:11.804,1.47243,1.47265,1.47,1.50
2013.05.13 08:28:12.322,1.47243,1.47265,1.47,1.50
2013.05.13 08:28:13.335,1.47242,1.47264,1.47,1.50
2013.05.13 08:28:13.643,1.47244,1.47269,1.69,1.13
2013.05.13 08:28:13.964,1.47247,1.47267,1.28,1.50
2013.05.13 08:28:14.174,1.47246,1.47267,1.28,1.50
2013.05.13 08:28:14.363,1.47245,1.47267,1.47,1.50
2013.05.13 08:28:15.266,1.47245,1.47267,1.47,1.50
2013.05.13 08:28:15.333,1.47243,1.47266,2.22,1.50
2013.05.13 08:28:15.993,1.47241,1.47265,1.47,1.32
2013.05.13 08:28:16.316,1.47241,1.47262,1.47,1.50
2013.05.13 08:28:17.384,1.47239,1.47262,1.32,1.50
2013.05.13 08:28:18.408,1.47236,1.47256,2.22,1.13
2013.05.13 08:28:18.654,1.47234,1.47255,1.50,1.88
2013.05.13 08:28:18.724,1.47234,1.47254,1.50,1.13
2013.05.13 08:28:19.034,1.47233,1.47252,1.28,1.50
2013.05.13 08:28:19.365,1.4723,1.47252,1.84,1.50
2013.05.13 08:28:19.434,1.4723,1.47252,1.84,1.50
2013.05.13 08:28:19.644,1.4723,1.47252,1.84,1.50
2013.05.13 08:28:19.904,1.4723,1.47251,1.28,1.13
2013.05.13 08:28:20.892,1.4723,1.47251,1.28,1.32
2013.05.13 08:28:21.213,1.4723,1.47251,1.65,1.32
2013.05.13 08:28:21.534,1.47234,1.47258,1.47,1.13
2013.05.13 08:28:22.396,1.47234,1.47256,1.47,1.13
2013.05.13 08:28:22.464,1.47234,1.47258,1.47,1.13
2013.05.13 08:28:24.209,1.47234,1.47258,1.47,1.88
2013.05.13 08:28:24.781,1.47238,1.47262,1.09,1.32
2013.05.13 08:28:27.414,1.47238,1.47261,1.09,1.13
2013.05.13 08:28:27.604,1.47236,1.47256,1.47,1.13
2013.05.13 08:28:27.675,1.47235,1.47256,2.22,1.13
2013.05.13 08:28:28.361,1.47235,1.47255,1.28,1.13
2013.05.13 08:28:30.193,1.47237,1.47256,1.13,1.50
2013.05.13 08:28:30.313,1.47237,1.47258,1.50,1.47
2013.05.13 08:28:30.798,1.47237,1.47261,1.50,1.32
2013.05.13 08:28:31.113,1.47237,1.47258,1.50,1.50
2013.05.13 08:28:31.233,1.47236,1.47258,1.69,1.50
2013.05.13 08:28:37.444,1.47235,1.47256,1.13,1.28
2013.05.13 08:28:37.513,1.47233,1.47252,1.62,1.13
2013.05.13 08:28:38.118,1.47231,1.47252,1.84,1.13
2013.05.13 08:28:39.533,1.47231,1.47252,2.22,1.13
2013.05.13 08:28:41.055,1.47233,1.47255,1.88,1.13
2013.05.13 08:28:41.854,1.47235,1.47255,1.50,1.13
2013.05.13 08:28:43.046,1.47237,1.47255,1.50,1.13
2013.05.13 08:28:43.355,1.47226,1.47239,1.69,1.50
2013.05.13 08:28:43.425,1.47221,1.47242,1.69,1.65
2013.05.13 08:28:43.495,1.47221,1.47242,1.69,1.65
2013.05.13 08:28:43.863,1.47225,1.47247,1.13,2.03
2013.05.13 08:28:43.924,1.47227,1.47247,1.13,1.28
2013.05.13 08:28:44.621,1.47224,1.47248,1.32,1.50
2013.05.13 08:28:45.564,1.47224,1.47248,1.32,1.50
2013.05.13 08:28:45.825,1.47225,1.47248,1.69,1.50
2013.05.13 08:28:46.842,1.47226,1.47249,1.84,1.13
2013.05.13 08:28:47.632,1.47226,1.47249,3.34,1.88
2013.05.13 08:28:48.224,1.47229,1.47252,1.09,1.88
2013.05.13 08:28:48.683,1.47231,1.47252,2.44,1.88
2013.05.13 08:28:49.634,1.47234,1.47252,1.47,1.13
2013.05.13 08:28:49.703,1.47234,1.47253,1.47,1.13
2013.05.13 08:28:50.414,1.47233,1.47253,1.47,1.13
2013.05.13 08:28:50.545,1.47233,1.47253,1.47,1.13
2013.05.13 08:28:51.054,1.47233,1.47253,1.69,1.13
2013.05.13 08:28:51.663,1.47233,1.47248,1.69,1.13
2013.05.13 08:28:54.084,1.47233,1.47248,1.69,1.13
2013.05.13 08:28:56.725,1.47232,1.47248,1.69,1.13
2013.05.13 08:28:57.043,1.47232,1.47248,1.69,1.13
2013.05.13 08:28:59.974,1.4723,1.47248,1.69,1.13
2013.05.13 08:29:00.043,1.4723,1.47248,1.69,1.13
2013.05.13 08:29:00.563,1.47231,1.47248,1.69,1.13
2013.05.13 08:29:01.453,1.47228,1.47248,1.69,1.13
2013.05.13 08:29:01.644,1.4723,1.47248,1.32,1.13
2013.05.13 08:29:02.221,1.4723,1.47248,1.32,1.13
2013.05.13 08:29:02.774,1.47228,1.47248,1.69,1.13
2013.05.13 08:29:03.294,1.4723,1.47248,1.32,1.13
2013.05.13 08:29:04.106,1.47231,1.47248,1.32,1.13
2013.05.13 08:29:04.594,1.47229,1.47248,1.84,1.13
2013.05.13 08:29:05.404,1.47231,1.47248,1.32,1.13
2013.05.13 08:29:06.625,1.47231,1.47248,1.32,1.13
2013.05.13 08:29:07.339,1.47231,1.47248,1.32,1.13
2013.05.13 08:29:07.998,1.47231,1.47248,1.32,1.13
2013.05.13 08:29:08.525,1.47241,1.47255,1.50,1.50
2013.05.13 08:29:09.033,1.47241,1.47255,2.44,1.13
2013.05.13 08:29:09.513,1.47243,1.47262,1.69,1.13
2013.05.13 08:29:10.102,1.47243,1.4726,1.32,1.13
2013.05.13 08:29:10.834,1.47239,1.47254,1.09,1.13
2013.05.13 08:29:11.024,1.47235,1.47254,3.72,2.63
2013.05.13 08:29:11.154,1.47233,1.47249,1.32,1.50
2013.05.13 08:29:12.203,1.47232,1.47249,2.07,1.13
2013.05.13 08:29:14.247,1.4723,1.47249,2.22,1.88
2013.05.13 08:29:14.546,1.47235,1.47249,1.50,1.88
2013.05.13 08:29:14.873,1.47243,1.47257,1.50,1.50
2013.05.13 08:29:15.134,1.47245,1.47263,1.32,1.50
2013.05.13 08:29:16.065,1.47245,1.47263,2.07,1.50
2013.05.13 08:29:16.414,1.47245,1.47264,2.07,1.50
2013.05.13 08:29:17.911,1.47245,1.47265,2.44,1.50
2013.05.13 08:29:18.847,1.47245,1.47265,1.69,1.50
2013.05.13 08:29:19.213,1.47246,1.47265,1.69,1.50
2013.05.13 08:29:19.393,1.47248,1.47269,1.09,1.13
2013.05.13 08:29:19.465,1.47253,1.47269,1.50,1.13
2013.05.13 08:29:19.993,1.47251,1.47271,1.32,1.50
2013.05.13 08:29:20.995,1.47251,1.47271,1.69,1.50
2013.05.13 08:29:21.075,1.47249,1.47271,2.07,1.50
2013.05.13 08:29:21.394,1.47252,1.47271,1.47,1.50
2013.05.13 08:29:21.763,1.47252,1.47272,1.28,1.50
2013.05.13 08:29:22.003,1.47252,1.47272,1.47,1.50
2013.05.13 08:29:22.713,1.4725,1.47269,1.32,2.25
2013.05.13 08:29:22.833,1.47249,1.47269,1.32,2.25
2013.05.13 08:29:25.475,1.47249,1.47269,1.69,1.50
2013.05.13 08:29:26.194,1.47249,1.47271,2.44,1.50
2013.05.13 08:29:26.785,1.4725,1.47271,1.32,1.50
2013.05.13 08:29:28.034,1.47252,1.47275,1.32,1.88
2013.05.13 08:29:28.706,1.47252,1.47275,1.32,1.88
2013.05.13 08:29:28.953,1.47252,1.47275,2.07,1.88
2013.05.13 08:29:29.856,1.47257,1.47275,1.32,1.88
2013.05.13 08:29:30.343,1.47259,1.47278,1.69,1.13
2013.05.13 08:29:30.644,1.47261,1.47278,2.97,1.13
2013.05.13 08:29:30.967,1.47261,1.47279,3.34,1.13
2013.05.13 08:29:31.853,1.47261,1.47278,1.84,1.13
2013.05.13 08:29:32.193,1.47262,1.4728,1.32,1.50
2013.05.13 08:29:32.636,1.47262,1.4728,1.32,1.50
2013.05.13 08:29:36.039,1.47262,1.4727,1.13,1.50
2013.05.13 08:29:36.111,1.47253,1.47269,1.50,1.13
2013.05.13 08:29:36.179,1.47249,1.47269,2.44,1.13
2013.05.13 08:29:36.304,1.47248,1.47269,1.32,1.13
2013.05.13 08:29:36.634,1.47253,1.47269,1.69,1.13
2013.05.13 08:29:37.183,1.47254,1.47269,1.32,1.13
2013.05.13 08:29:38.124,1.47257,1.47275,1.32,1.13
2013.05.13 08:29:38.447,1.47257,1.47275,1.32,1.50
2013.05.13 08:29:38.519,1.47255,1.47267,1.20,1.13
2013.05.13 08:29:38.656,1.47248,1.47267,1.09,1.13
2013.05.13 08:29:38.727,1.47248,1.47264,1.09,3.00
2013.05.13 08:29:39.215,1.47238,1.47259,1.02,1.88
2013.05.13 08:29:39.284,1.47236,1.47259,2.44,1.88
2013.05.13 08:29:39.415,1.47238,1.47259,1.47,1.88
2013.05.13 08:29:40.087,1.47238,1.47259,1.84,1.50
2013.05.13 08:29:40.978,1.47238,1.47259,1.84,1.50
2013.05.13 08:29:41.164,1.47238,1.47259,1.32,1.50
2013.05.13 08:29:41.805,1.47238,1.47258,1.32,1.50
2013.05.13 08:29:42.192,1.47238,1.47256,1.32,1.50
2013.05.13 08:29:42.256,1.47238,1.47259,1.32,2.25
2013.05.13 08:29:43.006,1.47238,1.47256,1.32,1.50
2013.05.13 08:29:44.825,1.47238,1.47259,1.32,1.88
2013.05.13 08:29:45.056,1.47238,1.47259,1.32,1.88
2013.05.13 08:29:45.456,1.47238,1.47258,1.32,1.88
2013.05.13 08:29:45.913,1.47238,1.47254,1.32,1.50
2013.05.13 08:29:46.673,1.47238,1.47254,1.32,1.50
2013.05.13 08:29:47.894,1.47239,1.47254,1.47,1.50
2013.05.13 08:29:48.023,1.4724,1.4726,1.32,1.50
2013.05.13 08:29:48.184,1.4724,1.4726,1.32,1.50
2013.05.13 08:29:49.114,1.4724,1.4726,1.32,1.50
2013.05.13 08:29:49.185,1.4724,1.4726,1.32,1.50
2013.05.13 08:29:49.568,1.4724,1.47261,1.32,1.88
2013.05.13 08:29:50.178,1.47241,1.47259,1.05,2.25
2013.05.13 08:29:50.455,1.47238,1.47259,1.84,2.25
2013.05.13 08:29:53.104,1.47238,1.47257,1.47,1.88
2013.05.13 08:29:53.415,1.47238,1.47257,1.84,1.13
2013.05.13 08:29:53.604,1.47238,1.47257,1.84,1.88
2013.05.13 08:29:53.675,1.47238,1.47257,1.84,1.13
2013.05.13 08:29:54.054,1.47245,1.47259,1.47,1.13
2013.05.13 08:29:54.505,1.47247,1.47263,1.09,1.13
2013.05.13 08:29:54.576,1.47247,1.47263,1.09,1.13
2013.05.13 08:29:56.045,1.47248,1.47263,1.47,1.13
2013.05.13 08:29:56.475,1.47245,1.47263,1.24,1.13
2013.05.13 08:29:56.545,1.47242,1.47259,1.84,1.50
2013.05.13 08:29:57.454,1.47241,1.47257,1.09,1.50
2013.05.13 08:29:57.646,1.47239,1.47258,1.47,1.50
2013.05.13 08:29:57.904,1.47239,1.47257,1.47,1.13
2013.05.13 08:29:58.705,1.47237,1.47255,1.32,1.13
2013.05.13 08:29:58.777,1.47236,1.47255,1.47,1.13
2013.05.13 08:30:00.015,1.47234,1.47254,1.32,2.63
2013.05.13 08:30:00.333,1.47233,1.47252,1.09,1.13
2013.05.13 08:30:00.393,1.47233,1.47254,1.09,2.63
2013.05.13 08:30:01.696,1.47233,1.47252,1.84,1.13
2013.05.13 08:30:04.978,1.47233,1.47251,1.09,1.13
2013.05.13 08:30:05.113,1.47232,1.47251,1.47,1.13
2013.05.13 08:30:05.785,1.47228,1.47251,1.84,1.13
2013.05.13 08:30:06.333,1.47231,1.47252,1.32,1.13
2013.05.13 08:30:06.583,1.47231,1.47252,2.07,1.13
2013.05.13 08:30:07.124,1.47234,1.47253,1.50,1.13
2013.05.13 08:30:07.434,1.47237,1.47254,1.69,1.13
2013.05.13 08:30:07.979,1.47237,1.47252,2.22,1.13
2013.05.13 08:30:08.629,1.47237,1.47258,1.84,1.50
2013.05.13 08:30:11.334,1.47237,1.47258,1.84,1.50
2013.05.13 08:30:11.463,1.47237,1.47258,1.84,1.50
2013.05.13 08:30:13.116,1.47238,1.47259,1.32,1.88
2013.05.13 08:30:13.788,1.47238,1.47259,1.32,1.88
2013.05.13 08:30:13.858,1.47235,1.47255,1.99,1.50
2013.05.13 08:30:13.984,1.47235,1.47254,1.05,2.63
2013.05.13 08:30:14.116,1.47235,1.47251,1.05,1.50
2013.05.13 08:30:14.446,1.47231,1.47251,1.47,1.58
2013.05.13 08:30:14.636,1.4723,1.47247,2.37,1.50
2013.05.13 08:30:14.825,1.47229,1.47247,1.09,1.50
2013.05.13 08:30:14.897,1.4723,1.47248,1.65,1.50
2013.05.13 08:30:15.384,1.47229,1.47249,1.09,1.50
2013.05.13 08:30:16.154,1.47226,1.47246,1.84,1.50
2013.05.13 08:30:16.285,1.47226,1.47247,1.09,1.50
2013.05.13 08:30:16.546,1.47224,1.47247,1.32,1.50
2013.05.13 08:30:16.864,1.47222,1.47244,1.62,1.88
2013.05.13 08:30:17.294,1.4722,1.47244,1.09,1.88
2013.05.13 08:30:17.425,1.4722,1.47242,1.09,1.13
2013.05.13 08:30:17.984,1.4722,1.47241,2.22,1.13
2013.05.13 08:30:18.444,1.4722,1.4724,2.22,1.13
2013.05.13 08:30:19.001,1.4722,1.4724,2.22,1.13
2013.05.13 08:30:21.178,1.47221,1.47241,2.22,1.13
2013.05.13 08:30:22.825,1.47223,1.47241,1.47,1.13
2013.05.13 08:30:22.896,1.47224,1.47241,1.13,1.13
2013.05.13 08:30:23.161,1.47227,1.47241,1.88,1.13
2013.05.13 08:30:23.798,1.47227,1.47241,1.88,1.13
2013.05.13 08:30:24.285,1.47227,1.47246,1.88,1.32
2013.05.13 08:30:24.805,1.47227,1.47241,1.13,1.13
2013.05.13 08:30:25.335,1.47227,1.47242,1.13,1.13
2013.05.13 08:30:25.474,1.47224,1.47242,1.84,1.13
2013.05.13 08:30:28.825,1.47226,1.47241,1.09,1.13
2013.05.13 08:30:28.905,1.47225,1.47241,1.28,1.13
2013.05.13 08:30:30.583,1.47223,1.47241,1.09,1.13
2013.05.13 08:30:32.274,1.47223,1.47241,1.09,1.13
2013.05.13 08:30:39.168,1.47225,1.47243,1.28,1.13
2013.05.13 08:30:39.612,1.47222,1.47243,2.74,1.13
2013.05.13 08:30:40.148,1.47225,1.47246,1.28,1.88
2013.05.13 08:30:40.614,1.47221,1.47244,1.32,1.13
2013.05.13 08:30:40.873,1.4722,1.47241,1.47,1.13
2013.05.13 08:30:41.184,1.4722,1.47242,1.47,1.13
2013.05.13 08:30:42.185,1.4722,1.47241,1.09,1.13
2013.05.13 08:30:49.775,1.4722,1.47239,1.47,1.13
2013.05.13 08:30:50.206,1.47226,1.47239,1.13,1.13
2013.05.13 08:30:50.276,1.47226,1.47244,1.13,1.13
2013.05.13 08:30:51.506,1.47224,1.47246,1.69,1.69
2013.05.13 08:30:52.537,1.47225,1.47244,1.13,1.32
2013.05.13 08:30:52.825,1.47223,1.47243,1.65,1.88
2013.05.13 08:30:54.264,1.47222,1.47243,1.09,1.13
2013.05.13 08:31:00.224,1.47217,1.4724,1.47,1.32
2013.05.13 08:31:00.755,1.47218,1.47239,1.13,1.47
2013.05.13 08:31:02.610,1.47212,1.47236,2.22,1.50
2013.05.13 08:31:04.225,1.47215,1.47239,1.32,1.65
2013.05.13 08:31:04.857,1.47219,1.4724,1.50,1.50
2013.05.13 08:31:06.244,1.47219,1.47244,2.40,2.48
2013.05.13 08:31:08.645,1.47219,1.47238,1.28,1.13
2013.05.13 08:31:10.256,1.47219,1.47241,1.50,1.09
2013.05.13 08:31:10.875,1.47221,1.47243,1.28,1.69
2013.05.13 08:31:12.284,1.47219,1.47243,2.25,1.69
2013.05.13 08:31:12.632,1.47219,1.47239,1.50,1.32
2013.05.13 08:31:15.567,1.47218,1.47239,1.09,1.13
2013.05.13 08:31:16.114,1.47218,1.47239,1.13,1.13
2013.05.13 08:31:16.953,1.47217,1.4724,1.65,1.50
2013.05.13 08:31:18.592,1.47215,1.47239,2.37,1.13
2013.05.13 08:31:20.587,1.47217,1.47241,1.47,2.44
2013.05.13 08:31:21.133,1.47217,1.47239,1.28,1.13
2013.05.13 08:31:21.733,1.47217,1.47239,1.28,1.50
2013.05.13 08:31:23.880,1.47217,1.47239,1.47,2.25
2013.05.13 08:31:24.536,1.47217,1.47239,2.97,1.50
2013.05.13 08:31:24.843,1.47221,1.47239,1.24,1.50
2013.05.13 08:31:26.133,1.47221,1.47243,1.24,3.75
2013.05.13 08:31:29.524,1.47221,1.47244,1.05,1.13
2013.05.13 08:31:35.015,1.47218,1.47239,1.13,1.13
2013.05.13 08:31:35.545,1.47217,1.47239,1.28,1.88
2013.05.13 08:31:36.524,1.47217,1.47239,1.47,1.88
2013.05.13 08:31:42.896,1.47216,1.47237,1.80,1.50
2013.05.13 08:31:46.781,1.47217,1.47237,1.28,1.13
2013.05.13 08:31:52.874,1.47217,1.47239,1.09,1.65
2013.05.13 08:31:53.233,1.47219,1.4724,1.13,1.32
2013.05.13 08:31:55.227,1.47219,1.4724,1.13,1.32
2013.05.13 08:31:58.844,1.47219,1.4724,1.50,1.32
2013.05.13 08:32:00.053,1.47218,1.47241,1.28,1.32
2013.05.13 08:32:00.175,1.47218,1.47243,2.03,2.82
2013.05.13 08:32:01.344,1.47218,1.4724,1.28,1.32
2013.05.13 08:32:01.674,1.47219,1.4724,1.50,1.32
2013.05.13 08:32:01.975,1.47223,1.47245,2.25,1.69
2013.05.13 08:32:02.044,1.47223,1.47245,3.53,1.69
2013.05.13 08:32:02.294,1.47224,1.47248,2.03,1.32
2013.05.13 08:32:03.044,1.47226,1.47246,1.65,1.02
2013.05.13 08:32:03.244,1.47226,1.47246,1.13,3.23
2013.05.13 08:32:03.823,1.47221,1.47243,1.50,2.44
2013.05.13 08:32:04.305,1.47224,1.47245,1.13,1.32
2013.05.13 08:32:05.089,1.47227,1.47246,1.13,1.92
2013.05.13 08:32:05.395,1.47235,1.47249,1.80,1.50
2013.05.13 08:32:05.645,1.4724,1.47249,1.50,1.13
2013.05.13 08:32:05.835,1.47242,1.47251,1.80,1.13
2013.05.13 08:32:06.044,1.47242,1.47258,1.80,1.13
2013.05.13 08:32:06.703,1.47238,1.47258,2.18,1.13
2013.05.13 08:32:07.055,1.47238,1.47259,2.18,1.32
2013.05.13 08:32:07.994,1.47236,1.47259,1.09,1.32
2013.05.13 08:32:08.763,1.47237,1.47259,1.05,2.07
2013.05.13 08:32:09.244,1.4724,1.47259,1.13,1.32
2013.05.13 08:32:09.854,1.47238,1.47258,1.28,1.50
2013.05.13 08:32:10.047,1.47235,1.47253,1.80,1.69
2013.05.13 08:32:10.114,1.47235,1.47251,1.80,1.88
2013.05.13 08:32:10.424,1.4722,1.47245,1.24,1.32
2013.05.13 08:32:10.544,1.47221,1.47245,2.22,1.13
2013.05.13 08:32:10.867,1.47239,1.47259,1.65,1.47
2013.05.13 08:32:11.005,1.4724,1.47261,1.05,1.13
2013.05.13 08:32:11.144,1.47239,1.47264,1.88,1.32
2013.05.13 08:32:11.333,1.47241,1.47265,1.50,1.09
2013.05.13 08:32:11.785,1.47241,1.47266,2.03,1.09
2013.05.13 08:32:12.984,1.47243,1.47269,1.13,3.19
2013.05.13 08:32:15.166,1.47243,1.47269,1.13,2.82
2013.05.13 08:32:15.425,1.47246,1.47269,2.63,1.88
2013.05.13 08:32:16.242,1.47248,1.47273,2.37,1.69
2013.05.13 08:32:16.694,1.47249,1.47273,1.28,1.32
2013.05.13 08:32:17.212,1.47249,1.47273,1.28,1.32
2013.05.13 08:32:18.711,1.47249,1.47272,1.65,1.09
2013.05.13 08:32:18.775,1.47247,1.47273,1.69,2.22
2013.05.13 08:32:19.033,1.47251,1.47274,1.28,1.32
2013.05.13 08:32:19.334,1.47251,1.47274,1.28,1.32
2013.05.13 08:32:19.394,1.47251,1.47274,1.28,1.13
2013.05.13 08:32:20.545,1.47252,1.47274,1.50,1.13
2013.05.13 08:32:21.112,1.47252,1.47274,1.69,1.13
2013.05.13 08:32:21.612,1.47253,1.47274,1.77,1.13
2013.05.13 08:32:25.095,1.47258,1.47278,1.28,1.13
2013.05.13 08:32:25.644,1.47263,1.47283,1.28,1.13
2013.05.13 08:32:25.773,1.47263,1.47279,1.28,1.13
2013.05.13 08:32:26.428,1.47261,1.47281,1.73,1.13
2013.05.13 08:32:26.568,1.47258,1.47281,1.65,1.13
2013.05.13 08:32:26.635,1.47258,1.47281,1.09,1.13
2013.05.13 08:32:27.158,1.47254,1.47281,1.84,1.13
2013.05.13 08:32:27.490,1.47258,1.47281,1.13,1.13
2013.05.13 08:32:34.205,1.47259,1.4728,1.13,1.13
2013.05.13 08:32:34.707,1.47261,1.47283,1.69,1.13
2013.05.13 08:32:34.833,1.47262,1.47285,1.50,1.13
2013.05.13 08:32:35.134,1.47262,1.47286,1.28,1.32
2013.05.13 08:32:35.443,1.47262,1.47288,1.28,1.09
2013.05.13 08:32:36.234,1.47266,1.47289,1.13,2.22
2013.05.13 08:32:38.924,1.47266,1.47289,1.13,2.22
2013.05.13 08:32:39.233,1.47266,1.47288,1.13,1.47
2013.05.13 08:32:40.017,1.47266,1.47285,1.13,1.13
2013.05.13 08:32:40.154,1.47263,1.47285,1.13,1.13
2013.05.13 08:32:40.344,1.47256,1.47285,3.12,1.32
2013.05.13 08:32:41.266,1.47255,1.47284,1.62,1.54
2013.05.13 08:32:41.632,1.47257,1.47284,1.13,1.54
2013.05.13 08:32:42.189,1.47259,1.47284,1.13,1.35
2013.05.13 08:32:44.653,1.4726,1.47284,1.13,1.54
2013.05.13 08:32:45.470,1.4726,1.47284,1.13,1.54
2013.05.13 08:33:03.225,1.4726,1.47286,1.65,1.69
2013.05.13 08:33:04.665,1.4726,1.47286,1.84,1.69
2013.05.13 08:33:04.876,1.47264,1.47288,1.47,1.20
2013.05.13 08:33:05.004,1.47267,1.47288,1.05,1.20
2013.05.13 08:33:05.196,1.47267,1.47288,1.99,1.13
2013.05.13 08:33:05.267,1.47267,1.47288,1.99,1.13
2013.05.13 08:33:05.454,1.47274,1.47298,1.13,1.47
2013.05.13 08:33:05.884,1.47276,1.473,2.74,1.13
2013.05.13 08:33:05.944,1.47276,1.473,1.99,1.13
2013.05.13 08:33:06.194,1.47276,1.473,1.99,1.13
2013.05.13 08:33:07.333,1.47275,1.47298,1.09,1.50
2013.05.13 08:33:10.024,1.47275,1.47297,1.47,1.50
2013.05.13 08:33:10.355,1.47275,1.47299,1.47,1.50
2013.05.13 08:33:12.335,1.47274,1.47297,1.47,1.69
2013.05.13 08:33:12.585,1.47274,1.47297,1.09,1.69
2013.05.13 08:33:13.214,1.47275,1.47298,1.28,1.69
2013.05.13 08:33:13.778,1.47273,1.4729,1.28,1.17
2013.05.13 08:33:13.975,1.47266,1.47289,1.50,2.97
2013.05.13 08:33:14.044,1.47263,1.47285,1.47,1.13
2013.05.13 08:33:14.119,1.47261,1.47285,1.28,1.32
2013.05.13 08:33:14.246,1.47258,1.47285,1.84,1.39
2013.05.13 08:33:14.374,1.47258,1.47284,1.09,1.69
2013.05.13 08:33:16.545,1.47258,1.47285,2.97,1.47
2013.05.13 08:33:17.194,1.47262,1.47285,1.13,1.09
2013.05.13 08:33:17.264,1.47262,1.47289,1.65,2.89
2013.05.13 08:33:17.725,1.47262,1.47283,1.65,1.17
2013.05.13 08:33:17.975,1.4726,1.47284,1.13,1.09
2013.05.13 08:33:18.045,1.47264,1.47285,1.13,1.28
2013.05.13 08:33:18.235,1.47264,1.47288,1.65,1.69
2013.05.13 08:33:18.655,1.47265,1.47287,1.28,1.69
2013.05.13 08:33:18.727,1.47265,1.47287,1.28,1.69
2013.05.13 08:33:19.705,1.47265,1.47287,1.28,1.50
2013.05.13 08:33:20.365,1.47265,1.47287,1.28,1.50
2013.05.13 08:33:20.815,1.47265,1.47287,1.47,1.50
2013.05.13 08:33:20.885,1.47266,1.47289,1.69,1.69
2013.05.13 08:33:21.015,1.47266,1.4729,1.32,1.32
2013.05.13 08:33:21.218,1.47266,1.4729,1.32,1.13
2013.05.13 08:33:21.534,1.47266,1.4729,1.32,1.13
2013.05.13 08:33:22.074,1.47265,1.47289,1.47,1.50
2013.05.13 08:33:22.603,1.47267,1.47293,1.13,2.59
2013.05.13 08:33:24.015,1.47265,1.47291,1.84,1.69
2013.05.13 08:33:24.085,1.47265,1.47291,1.09,1.69
2013.05.13 08:33:26.212,1.47264,1.4729,1.47,1.69
2013.05.13 08:33:26.749,1.47265,1.4729,1.13,1.47
2013.05.13 08:33:27.195,1.47266,1.47293,1.65,1.47
2013.05.13 08:33:27.715,1.47266,1.47292,1.84,1.47
2013.05.13 08:33:29.428,1.47266,1.4729,1.47,1.50
2013.05.13 08:33:29.703,1.47266,1.4729,1.28,1.69
2013.05.13 08:33:30.249,1.47264,1.47289,1.32,1.28
2013.05.13 08:33:36.102,1.47264,1.47289,1.32,1.47
2013.05.13 08:33:36.667,1.47265,1.47287,1.50,2.44
2013.05.13 08:33:37.259,1.47265,1.47287,1.50,1.69
2013.05.13 08:33:37.773,1.47265,1.47286,1.13,1.13
2013.05.13 08:33:38.177,1.47265,1.47286,1.13,1.13
2013.05.13 08:33:38.452,1.47265,1.47286,1.13,1.32
2013.05.13 08:33:38.577,1.47263,1.47284,1.05,2.63
2013.05.13 08:33:38.645,1.47261,1.47279,1.28,1.13
2013.05.13 08:33:39.157,1.47257,1.47279,1.13,1.13
2013.05.13 08:33:39.935,1.4726,1.47287,2.07,1.09
2013.05.13 08:33:40.452,1.47265,1.47288,1.13,1.99
2013.05.13 08:33:41.146,1.47265,1.47288,1.13,1.24
2013.05.13 08:33:42.284,1.47265,1.47288,1.13,1.24
2013.05.13 08:33:43.065,1.47263,1.47288,1.32,1.24
2013.05.13 08:33:43.334,1.47261,1.47288,2.07,1.99
2013.05.13 08:33:44.356,1.47261,1.47287,2.07,1.69
2013.05.13 08:33:44.875,1.47262,1.47287,1.32,1.69
2013.05.13 08:33:45.184,1.47264,1.47288,1.28,2.07
2013.05.13 08:33:45.504,1.47268,1.47289,1.13,1.32
2013.05.13 08:33:46.335,1.47268,1.47289,1.13,1.13
2013.05.13 08:33:46.655,1.47269,1.47295,1.32,1.28
2013.05.13 08:33:46.904,1.47268,1.47294,2.25,1.13
2013.05.13 08:33:47.454,1.47268,1.47294,1.32,2.07
2013.05.13 08:33:47.526,1.4727,1.47294,1.32,2.07
2013.05.13 08:33:47.675,1.4727,1.47294,1.32,2.07
2013.05.13 08:33:48.714,1.47269,1.47294,1.32,2.07
2013.05.13 08:33:50.466,1.47269,1.47294,1.32,1.88
2013.05.13 08:33:51.424,1.4727,1.47294,1.32,2.07
2013.05.13 08:33:51.918,1.4727,1.4729,1.13,1.43
2013.05.13 08:33:52.148,1.4727,1.47293,1.13,1.09
2013.05.13 08:33:52.675,1.47268,1.4729,2.59,1.13
2013.05.13 08:33:53.008,1.4727,1.47293,1.09,1.13
2013.05.13 08:33:54.964,1.4727,1.47287,1.09,1.13
2013.05.13 08:33:55.095,1.47269,1.47287,1.47,1.13
2013.05.13 08:33:55.668,1.47269,1.47287,1.28,1.13
2013.05.13 08:33:55.794,1.47269,1.47289,1.28,1.28
2013.05.13 08:33:56.847,1.47268,1.47289,1.84,1.28
2013.05.13 08:33:57.978,1.47268,1.47289,1.84,1.28
2013.05.13 08:33:59.045,1.47266,1.47287,1.24,1.13
2013.05.13 08:33:59.114,1.47265,1.47287,1.24,1.13
2013.05.13 08:33:59.647,1.47264,1.47286,1.69,1.50
2013.05.13 08:34:00.607,1.47264,1.47286,1.69,1.50
2013.05.13 08:34:00.745,1.47266,1.47288,1.69,1.62
2013.05.13 08:34:00.935,1.4727,1.47288,1.13,1.62
2013.05.13 08:34:03.206,1.47268,1.47284,1.28,1.65
2013.05.13 08:34:03.276,1.47267,1.47281,1.05,1.65
2013.05.13 08:34:03.415,1.47258,1.47281,1.32,1.65
2013.05.13 08:34:04.086,1.47256,1.47281,1.32,1.65
2013.05.13 08:34:04.699,1.47263,1.47286,1.28,1.28
2013.05.13 08:34:04.835,1.47263,1.47288,2.03,1.69
2013.05.13 08:34:05.334,1.47266,1.47289,1.65,1.69
2013.05.13 08:34:06.334,1.47265,1.47289,1.09,1.69
2013.05.13 08:34:07.606,1.47266,1.47289,2.22,1.50
2013.05.13 08:34:08.229,1.47267,1.4729,1.50,1.28
2013.05.13 08:34:08.313,1.47266,1.47289,2.22,1.50
2013.05.13 08:34:08.824,1.47267,1.47288,1.13,1.50
2013.05.13 08:34:08.895,1.47266,1.47288,1.47,1.50
2013.05.13 08:34:09.484,1.47265,1.47288,1.09,1.69
2013.05.13 08:34:10.905,1.47266,1.47288,1.28,2.07
2013.05.13 08:34:12.183,1.47266,1.47289,1.09,1.50
2013.05.13 08:34:13.056,1.47266,1.47289,1.09,1.50
2013.05.13 08:34:16.625,1.47266,1.4729,1.84,1.13
2013.05.13 08:34:16.695,1.47266,1.47291,2.59,1.20
2013.05.13 08:34:16.766,1.47273,1.47294,1.13,2.89
2013.05.13 08:34:18.604,1.47273,1.47295,1.32,1.88
2013.05.13 08:34:19.280,1.47274,1.47295,1.13,1.50
2013.05.13 08:34:19.488,1.47269,1.47291,2.22,1.13
2013.05.13 08:34:19.709,1.47268,1.47288,2.22,1.88
2013.05.13 08:34:19.846,1.47268,1.47286,1.28,1.13
2013.05.13 08:34:20.164,1.47261,1.47284,1.47,1.50
2013.05.13 08:34:21.476,1.47261,1.47283,1.09,1.20
2013.05.13 08:34:22.848,1.47261,1.47284,2.22,1.77
2013.05.13 08:34:23.439,1.47261,1.47288,2.22,2.59
2013.05.13 08:34:26.349,1.47261,1.47284,1.84,1.13
2013.05.13 08:34:27.668,1.4726,1.47281,1.88,1.13
2013.05.13 08:34:27.735,1.47258,1.47281,1.84,1.13
2013.05.13 08:34:27.803,1.47258,1.47283,1.84,1.32
2013.05.13 08:34:27.875,1.47258,1.47283,1.09,1.88
2013.05.13 08:34:28.639,1.47261,1.47283,1.09,2.25
2013.05.13 08:34:29.784,1.4726,1.47283,1.43,2.44
2013.05.13 08:34:30.435,1.4726,1.47283,1.05,2.82
2013.05.13 08:34:31.359,1.47257,1.4728,2.82,1.13
2013.05.13 08:34:31.544,1.47257,1.47278,1.13,2.22
2013.05.13 08:34:32.056,1.47256,1.47276,1.13,1.62
2013.05.13 08:34:32.129,1.47253,1.47276,1.32,1.62
2013.05.13 08:34:33.984,1.47254,1.47278,1.50,1.84
2013.05.13 08:34:35.695,1.47252,1.47278,1.32,1.84
2013.05.13 08:34:35.766,1.47252,1.47278,1.32,2.59
2013.05.13 08:34:37.014,1.47252,1.47278,1.32,2.59
2013.05.13 08:34:37.592,1.47252,1.47278,1.32,2.59
2013.05.13 08:34:38.259,1.47252,1.47278,1.32,2.59
2013.05.13 08:34:40.408,1.47252,1.47278,1.69,2.40
2013.05.13 08:34:41.225,1.47254,1.47278,1.47,1.13
2013.05.13 08:34:41.436,1.47261,1.47283,1.69,1.13
2013.05.13 08:34:41.980,1.47262,1.47283,2.29,1.13
2013.05.13 08:34:42.854,1.47262,1.47283,1.54,1.13
2013.05.13 08:34:43.125,1.47262,1.47285,1.92,1.13
2013.05.13 08:34:43.339,1.47264,1.47288,1.32,1.32
2013.05.13 08:34:45.583,1.47267,1.47291,1.50,1.09
2013.05.13 08:34:46.647,1.47267,1.47291,1.88,1.09
2013.05.13 08:34:49.788,1.47267,1.4729,1.13,1.13
2013.05.13 08:34:50.255,1.47265,1.47288,1.69,1.32
2013.05.13 08:34:51.224,1.47265,1.47288,1.32,1.32
2013.05.13 08:34:55.485,1.47264,1.47285,1.50,1.50
2013.05.13 08:34:56.027,1.47264,1.47285,1.32,1.50
2013.05.13 08:34:56.905,1.47264,1.47284,1.13,1.88
2013.05.13 08:34:57.214,1.47264,1.47281,1.13,1.50
2013.05.13 08:34:58.758,1.47264,1.47279,1.13,1.50
2013.05.13 08:34:59.112,1.47269,1.47288,2.07,1.05
2013.05.13 08:34:59.435,1.47271,1.47289,1.69,1.28
2013.05.13 08:34:59.685,1.47272,1.4729,1.69,1.13
2013.05.13 08:34:59.995,1.47272,1.4729,1.69,1.13
2013.05.13 08:35:00.065,1.47269,1.4729,2.59,1.13
2013.05.13 08:35:00.196,1.47269,1.47293,2.59,1.50
2013.05.13 08:35:03.396,1.47275,1.47295,1.69,2.03
2013.05.13 08:35:03.705,1.47285,1.47301,1.32,1.13
2013.05.13 08:35:04.016,1.47279,1.47301,1.32,1.13
2013.05.13 08:35:04.324,1.47279,1.47302,1.32,1.13
2013.05.13 08:35:05.346,1.47282,1.47301,1.32,1.13
2013.05.13 08:35:05.420,1.47281,1.47301,2.07,1.13
2013.05.13 08:35:05.629,1.47283,1.47301,2.44,1.50
2013.05.13 08:35:05.699,1.47283,1.47303,2.44,1.28
2013.05.13 08:35:05.836,1.47287,1.47303,2.44,1.28
2013.05.13 08:35:05.904,1.47286,1.47303,1.32,1.28
2013.05.13 08:35:06.166,1.47284,1.473,2.07,1.13
2013.05.13 08:35:06.486,1.4728,1.47298,1.32,2.40
2013.05.13 08:35:06.746,1.47278,1.47299,1.32,2.03
2013.05.13 08:35:06.814,1.47278,1.47298,1.32,1.50
2013.05.13 08:35:07.843,1.47273,1.47295,2.44,1.88
2013.05.13 08:35:08.145,1.47272,1.47295,1.69,1.88
2013.05.13 08:35:09.509,1.47273,1.47294,1.69,1.13
2013.05.13 08:35:09.815,1.47275,1.47296,1.32,1.28
2013.05.13 08:35:09.946,1.4728,1.47298,1.32,1.43
2013.05.13 08:35:10.077,1.4728,1.47301,1.32,1.13
2013.05.13 08:35:10.146,1.4728,1.473,2.82,1.13
2013.05.13 08:35:10.682,1.47281,1.473,3.72,1.13
2013.05.13 08:35:11.757,1.47281,1.473,3.72,1.13
2013.05.13 08:35:12.356,1.47281,1.473,2.22,1.13
2013.05.13 08:35:13.217,1.47282,1.473,2.44,1.13
2013.05.13 08:35:13.736,1.4728,1.47299,2.82,1.50
2013.05.13 08:35:13.985,1.47279,1.47299,1.32,1.50
2013.05.13 08:35:14.479,1.47279,1.47299,1.32,1.50
2013.05.13 08:35:14.825,1.47273,1.47293,2.97,1.13
2013.05.13 08:35:15.277,1.47273,1.47295,2.44,2.03
2013.05.13 08:35:16.531,1.47275,1.47295,2.44,1.50
2013.05.13 08:35:16.668,1.47272,1.47294,1.69,1.13
2013.05.13 08:35:16.739,1.47272,1.47294,2.22,1.13
2013.05.13 08:35:16.948,1.47274,1.47297,2.22,1.13
2013.05.13 08:35:17.274,1.47279,1.473,1.32,1.13
2013.05.13 08:35:18.433,1.47285,1.47298,1.32,1.28
2013.05.13 08:35:18.532,1.47285,1.47301,1.32,1.13
2013.05.13 08:35:19.354,1.47282,1.47301,1.47,1.50
2013.05.13 08:35:19.595,1.47282,1.47301,1.47,1.50
2013.05.13 08:35:20.105,1.47282,1.47301,1.47,1.50
2013.05.13 08:35:20.975,1.47282,1.47301,1.47,1.50
2013.05.13 08:35:21.491,1.47282,1.47305,1.47,1.50
2013.05.13 08:35:21.558,1.47285,1.47305,1.69,1.13
2013.05.13 08:35:21.698,1.47286,1.47305,2.22,1.13
2013.05.13 08:35:22.016,1.47286,1.47305,2.59,1.13
2013.05.13 08:35:22.710,1.47292,1.47316,1.32,2.03
2013.05.13 08:35:22.988,1.47293,1.47315,1.32,1.28
2013.05.13 08:35:23.118,1.47292,1.47315,1.32,1.13
2013.05.13 08:35:23.256,1.47293,1.47314,1.32,1.50
2013.05.13 08:35:23.764,1.47293,1.47315,1.32,1.13
2013.05.13 08:35:24.424,1.47293,1.47315,1.32,1.13
2013.05.13 08:35:24.935,1.47293,1.47318,1.32,1.65
2013.05.13 08:35:25.424,1.47291,1.47315,1.69,1.13
2013.05.13 08:35:26.396,1.4729,1.47314,2.22,1.13
2013.05.13 08:35:29.704,1.47287,1.4731,2.22,1.13
2013.05.13 08:35:30.286,1.47283,1.47307,1.47,1.50
2013.05.13 08:35:30.355,1.47281,1.47307,1.47,2.03
2013.05.13 08:35:30.784,1.47279,1.47304,1.09,1.13
2013.05.13 08:35:31.377,1.47276,1.47304,2.97,1.65
2013.05.13 08:35:31.878,1.47276,1.47304,2.22,1.65
2013.05.13 08:35:32.813,1.47276,1.47302,2.97,1.13
2013.05.13 08:35:33.374,1.47276,1.47299,2.97,1.13
2013.05.13 08:35:33.815,1.47276,1.47301,2.22,1.13
2013.05.13 08:35:33.884,1.47276,1.47299,1.47,1.13
2013.05.13 08:35:34.990,1.47277,1.47299,1.69,1.13
2013.05.13 08:35:36.414,1.47276,1.473,1.47,1.13
2013.05.13 08:35:37.295,1.47276,1.473,1.47,1.13
2013.05.13 08:35:37.616,1.47276,1.47299,1.50,1.50
2013.05.13 08:35:38.125,1.47276,1.47299,1.13,1.50
2013.05.13 08:35:40.202,1.47275,1.473,1.09,1.13
2013.05.13 08:35:42.354,1.47277,1.47298,1.32,1.50
2013.05.13 08:35:42.604,1.47277,1.473,1.32,1.13
2013.05.13 08:35:43.456,1.47277,1.473,1.32,1.13
2013.05.13 08:35:43.755,1.47277,1.47303,1.32,1.65
2013.05.13 08:35:43.946,1.47281,1.47309,1.47,3.72
2013.05.13 08:35:44.605,1.47282,1.47309,1.47,2.78
2013.05.13 08:35:45.244,1.47282,1.47309,1.09,2.25
2013.05.13 08:35:46.285,1.47282,1.47308,1.09,1.32
2013.05.13 08:35:46.775,1.47277,1.473,2.37,1.13
2013.05.13 08:35:46.966,1.47282,1.47302,1.13,1.65
2013.05.13 08:35:47.034,1.47275,1.47302,1.32,1.65
2013.05.13 08:35:48.136,1.47277,1.473,1.09,1.50
2013.05.13 08:35:48.276,1.47277,1.47301,1.09,1.13
2013.05.13 08:35:49.041,1.47277,1.47303,1.09,1.32
2013.05.13 08:35:49.315,1.4728,1.47301,1.24,1.88
2013.05.13 08:35:49.636,1.47281,1.47304,2.22,1.13
2013.05.13 08:35:49.824,1.47282,1.47304,1.32,1.50
2013.05.13 08:35:49.895,1.47282,1.47305,1.32,1.50
2013.05.13 08:35:50.384,1.47282,1.47307,1.32,1.65
2013.05.13 08:35:50.945,1.47282,1.47307,1.32,1.65
2013.05.13 08:35:51.675,1.47282,1.47306,1.32,1.13
2013.05.13 08:35:51.984,1.47282,1.47306,1.32,1.13
2013.05.13 08:35:52.106,1.47282,1.47306,1.32,1.13
2013.05.13 08:35:52.618,1.47286,1.47309,1.88,1.43
2013.05.13 08:35:52.838,1.47287,1.47313,1.13,1.32
2013.05.13 08:35:53.445,1.47285,1.47314,1.84,1.84
2013.05.13 08:35:54.541,1.47289,1.47314,1.47,1.32
2013.05.13 08:35:55.455,1.47289,1.47312,1.47,1.13
2013.05.13 08:35:55.645,1.47287,1.47312,1.62,1.13
2013.05.13 08:35:56.095,1.47287,1.47312,2.07,1.13
2013.05.13 08:35:57.836,1.47286,1.47313,1.84,1.47
2013.05.13 08:35:58.375,1.47289,1.47313,1.32,1.47
2013.05.13 08:35:59.078,1.47289,1.47313,1.32,1.09
2013.05.13 08:35:59.825,1.47289,1.47313,1.32,1.09
2013.05.13 08:36:02.129,1.47289,1.4731,1.32,1.50
2013.05.13 08:36:02.466,1.47278,1.47305,1.62,1.88
2013.05.13 08:36:03.517,1.47276,1.47304,1.84,1.65
2013.05.13 08:36:04.187,1.47276,1.47303,1.65,1.47
2013.05.13 08:36:04.388,1.47275,1.47302,1.65,1.69
2013.05.13 08:36:04.863,1.47274,1.47299,2.03,1.28
2013.05.13 08:36:05.171,1.47274,1.47295,1.69,1.28
2013.05.13 08:36:05.534,1.47268,1.47295,1.32,1.28
2013.05.13 08:36:06.044,1.47267,1.47292,2.82,1.05
2013.05.13 08:36:06.316,1.47268,1.47293,1.47,1.13
2013.05.13 08:36:06.386,1.47268,1.47292,1.47,1.13
2013.05.13 08:36:06.937,1.47268,1.47292,1.28,2.07
2013.05.13 08:36:08.315,1.47267,1.47289,1.09,1.50
2013.05.13 08:36:08.882,1.47263,1.47289,1.32,1.28
2013.05.13 08:36:09.217,1.47263,1.47288,1.32,1.28
2013.05.13 08:36:09.646,1.47263,1.47288,1.88,1.28
2013.05.13 08:36:10.310,1.47263,1.47288,1.88,1.28
2013.05.13 08:36:10.524,1.47263,1.47288,2.07,1.28
2013.05.13 08:36:10.776,1.47266,1.47289,1.32,1.65
2013.05.13 08:36:10.907,1.47266,1.47289,1.69,1.28
2013.05.13 08:36:11.415,1.47269,1.4729,1.32,1.50
2013.05.13 08:36:11.957,1.47272,1.47293,1.88,1.28
2013.05.13 08:36:12.267,1.47276,1.47298,1.47,1.50
2013.05.13 08:36:12.336,1.4728,1.47304,1.32,1.65
2013.05.13 08:36:14.000,1.47276,1.473,1.43,1.32
2013.05.13 08:36:14.314,1.47274,1.47297,1.84,1.50
2013.05.13 08:36:14.665,1.47274,1.47297,1.09,1.50
2013.05.13 08:36:15.327,1.47274,1.47293,1.09,1.50
2013.05.13 08:36:16.853,1.47272,1.47293,1.39,1.50
2013.05.13 08:36:18.173,1.4727,1.47293,1.17,1.50
2013.05.13 08:36:19.016,1.4727,1.47293,1.09,1.50
2013.05.13 08:36:19.644,1.4727,1.47294,1.09,1.50
2013.05.13 08:36:20.065,1.47273,1.47294,1.24,1.50
2013.05.13 08:36:20.407,1.47275,1.47297,1.47,1.13
2013.05.13 08:36:21.334,1.47275,1.47296,1.09,1.50
2013.05.13 08:36:21.935,1.47274,1.47296,1.47,1.50
2013.05.13 08:36:25.329,1.47274,1.47299,1.09,1.88
2013.05.13 08:36:26.287,1.47274,1.47299,1.09,1.88
2013.05.13 08:36:29.137,1.47291,1.47301,1.50,2.44
2013.05.13 08:36:29.337,1.47297,1.47309,1.50,1.43
2013.05.13 08:36:29.540,1.47297,1.47321,1.32,1.24
2013.05.13 08:36:29.935,1.47297,1.47322,1.32,1.47
2013.05.13 08:36:30.257,1.473,1.47319,1.47,1.13
2013.05.13 08:36:30.803,1.47299,1.47319,1.05,1.88
2013.05.13 08:36:30.863,1.47293,1.47316,1.47,1.50
2013.05.13 08:36:30.985,1.47293,1.47314,1.09,2.25
2013.05.13 08:36:31.304,1.47288,1.4731,1.69,1.05
2013.05.13 08:36:31.915,1.47288,1.47311,3.57,1.05
2013.05.13 08:36:31.984,1.473,1.47311,1.13,1.05
2013.05.13 08:36:32.235,1.47301,1.47322,1.84,1.05
2013.05.13 08:36:32.736,1.473,1.47322,1.13,1.05
2013.05.13 08:36:33.195,1.47299,1.47324,1.09,2.14
2013.05.13 08:36:33.264,1.47299,1.47324,1.62,1.32
2013.05.13 08:36:33.795,1.47299,1.47324,2.74,1.13
2013.05.13 08:36:34.275,1.47301,1.47327,3.57,2.74
2013.05.13 08:36:34.465,1.47316,1.47338,1.58,2.78
2013.05.13 08:36:34.536,1.47318,1.4734,1.58,1.05
2013.05.13 08:36:35.270,1.47328,1.47346,1.58,1.05
2013.05.13 08:36:35.356,1.47332,1.47354,2.78,1.13
2013.05.13 08:36:35.505,1.47332,1.47357,1.65,1.13
2013.05.13 08:36:35.836,1.47329,1.47353,1.50,1.24
2013.05.13 08:36:36.175,1.47328,1.47349,1.02,1.13
2013.05.13 08:36:36.691,1.47324,1.47349,2.44,1.88
2013.05.13 08:36:36.886,1.47323,1.47348,1.32,1.80
2013.05.13 08:36:37.394,1.47319,1.47347,2.67,2.03
2013.05.13 08:36:37.567,1.47319,1.47346,2.67,1.50
2013.05.13 08:36:39.545,1.47319,1.47344,2.14,1.28
2013.05.13 08:36:39.615,1.47319,1.47344,2.14,1.65
2013.05.13 08:36:39.865,1.47318,1.47342,1.32,1.05
2013.05.13 08:36:40.026,1.47317,1.47342,1.32,1.05
2013.05.13 08:36:40.564,1.47312,1.47338,2.22,1.50
2013.05.13 08:36:40.755,1.47312,1.47338,1.28,1.69
2013.05.13 08:36:40.945,1.47312,1.47338,1.69,1.99
2013.05.13 08:36:42.319,1.47313,1.47337,1.69,1.09
2013.05.13 08:36:44.725,1.47317,1.47337,1.50,1.09
2013.05.13 08:36:44.869,1.47309,1.47333,1.32,1.65
2013.05.13 08:36:45.426,1.47309,1.47332,1.32,1.65
2013.05.13 08:36:45.755,1.47311,1.47333,1.50,1.09
2013.05.13 08:36:45.948,1.47313,1.47333,1.13,1.09
2013.05.13 08:36:46.463,1.47313,1.47337,2.07,1.43
2013.05.13 08:36:46.787,1.47315,1.47337,1.69,1.43
2013.05.13 08:36:47.056,1.47318,1.47337,1.13,1.05
2013.05.13 08:36:47.401,1.47316,1.47335,1.47,1.28
2013.05.13 08:36:47.915,1.47314,1.47333,1.13,1.28
2013.05.13 08:36:48.239,1.47306,1.47332,2.97,1.28
2013.05.13 08:36:49.423,1.47306,1.47328,2.07,1.28
2013.05.13 08:36:49.489,1.47307,1.47328,1.28,1.28
2013.05.13 08:36:49.557,1.47308,1.47328,1.32,1.28
2013.05.13 08:36:49.896,1.47309,1.47331,1.69,1.50
2013.05.13 08:36:49.965,1.47314,1.47334,1.32,1.50
2013.05.13 08:36:50.576,1.47314,1.47331,1.09,1.28
2013.05.13 08:36:50.849,1.47311,1.47334,1.69,2.03
2013.05.13 08:36:50.991,1.47314,1.47334,1.09,1.50
2013.05.13 08:36:51.236,1.47317,1.47343,2.29,1.47
2013.05.13 08:36:51.371,1.47319,1.47336,1.24,1.13
2013.05.13 08:36:51.696,1.47307,1.47331,1.32,1.28
2013.05.13 08:36:52.924,1.47312,1.47333,1.05,1.13
2013.05.13 08:36:52.995,1.4731,1.47333,1.09,1.13
2013.05.13 08:36:54.006,1.47308,1.47334,1.69,1.65
2013.05.13 08:36:54.826,1.47306,1.47334,1.32,2.89
2013.05.13 08:36:56.118,1.47306,1.4733,1.32,1.28
2013.05.13 08:36:56.406,1.47304,1.4733,2.82,2.03
2013.05.13 08:36:56.930,1.47304,1.4733,2.82,2.03
2013.05.13 08:36:59.115,1.47307,1.47332,1.84,1.13
2013.05.13 08:37:00.797,1.47304,1.47328,1.32,1.47
2013.05.13 08:37:01.104,1.47304,1.47325,1.32,1.28
2013.05.13 08:37:02.125,1.473,1.47326,1.09,2.03
2013.05.13 08:37:02.256,1.473,1.47326,1.09,2.03
2013.05.13 08:37:02.635,1.47302,1.47326,1.32,1.28
2013.05.13 08:37:02.974,1.47302,1.47326,1.32,1.28
2013.05.13 08:37:03.615,1.473,1.47323,1.09,1.50
2013.05.13 08:37:03.856,1.473,1.47323,1.09,1.50
2013.05.13 08:37:05.171,1.473,1.47322,1.32,1.28
2013.05.13 08:37:06.445,1.47299,1.47323,1.47,1.13
2013.05.13 08:37:07.368,1.473,1.47323,1.47,1.32
2013.05.13 08:37:09.075,1.47301,1.47324,1.09,1.13
2013.05.13 08:37:09.468,1.47302,1.47326,1.09,1.50
2013.05.13 08:37:09.817,1.47302,1.47324,1.09,1.50
2013.05.13 08:37:10.123,1.473,1.47322,2.07,1.50
2013.05.13 08:37:10.436,1.473,1.47323,2.07,1.47
2013.05.13 08:37:10.944,1.473,1.47323,1.69,1.47
2013.05.13 08:37:11.128,1.473,1.47323,1.69,1.47
2013.05.13 08:37:12.207,1.47296,1.47323,2.22,1.47
2013.05.13 08:37:12.574,1.47296,1.47321,2.59,1.50
2013.05.13 08:37:12.787,1.47298,1.47314,1.09,1.13
2013.05.13 08:37:12.857,1.47297,1.47314,1.09,1.13
2013.05.13 08:37:13.046,1.47295,1.47314,1.32,1.13
2013.05.13 08:37:13.235,1.47291,1.47314,1.84,1.13
2013.05.13 08:37:13.308,1.47291,1.47314,2.59,1.13
2013.05.13 08:37:13.649,1.47295,1.47314,1.84,1.13
2013.05.13 08:37:14.686,1.47291,1.47313,1.28,1.13
2013.05.13 08:37:14.825,1.47289,1.4731,1.47,1.13
2013.05.13 08:37:14.955,1.47287,1.4731,1.43,1.13
2013.05.13 08:37:15.265,1.47288,1.4731,1.32,1.13
2013.05.13 08:37:15.395,1.47284,1.4731,1.32,1.65
2013.05.13 08:37:16.378,1.47288,1.4731,1.32,1.13
2013.05.13 08:37:17.025,1.47289,1.47313,1.09,2.07
2013.05.13 08:37:17.676,1.47288,1.47313,1.05,2.07
2013.05.13 08:37:18.048,1.47281,1.47305,1.09,1.50
2013.05.13 08:37:18.116,1.47277,1.473,1.35,1.13
2013.05.13 08:37:18.185,1.47277,1.473,1.05,1.13
2013.05.13 08:37:18.255,1.47275,1.473,1.47,1.13
2013.05.13 08:37:18.326,1.47274,1.473,2.22,1.13
2013.05.13 08:37:18.635,1.47286,1.47298,1.50,1.28
2013.05.13 08:37:18.824,1.47287,1.47303,1.50,1.50
2013.05.13 08:37:18.895,1.47288,1.47303,1.13,1.50
2013.05.13 08:37:19.146,1.47295,1.47313,1.13,2.40
2013.05.13 08:37:19.754,1.47295,1.47315,1.13,1.28
2013.05.13 08:37:20.334,1.47295,1.47313,1.13,1.50
2013.05.13 08:37:20.454,1.47291,1.47309,1.32,1.50
2013.05.13 08:37:21.770,1.4729,1.47309,1.32,1.50
2013.05.13 08:37:21.846,1.4729,1.4731,1.32,1.50
2013.05.13 08:37:22.355,1.47285,1.47303,1.13,1.28
2013.05.13 08:37:22.726,1.47285,1.47302,1.50,1.24
2013.05.13 08:37:23.136,1.47285,1.47304,1.50,2.22
2013.05.13 08:37:23.205,1.47285,1.47304,1.50,2.22
2013.05.13 08:37:23.644,1.47276,1.47301,1.13,1.24
2013.05.13 08:37:23.714,1.47276,1.47301,1.13,1.09
2013.05.13 08:37:24.745,1.47277,1.47302,1.32,1.13
2013.05.13 08:37:24.936,1.47277,1.47303,1.69,1.47
2013.05.13 08:37:26.233,1.47277,1.47305,2.44,1.62
2013.05.13 08:37:26.354,1.47279,1.47308,1.09,1.84
2013.05.13 08:37:26.885,1.47279,1.47308,1.47,1.84
2013.05.13 08:37:27.457,1.47282,1.47306,1.32,1.13
2013.05.13 08:37:27.675,1.47282,1.47304,1.13,1.47
2013.05.13 08:37:29.603,1.47282,1.47303,1.13,1.28
2013.05.13 08:37:30.135,1.47282,1.47303,1.13,1.28
2013.05.13 08:37:30.869,1.47277,1.47298,1.32,1.28
2013.05.13 08:37:31.096,1.47277,1.47301,1.32,1.80
2013.05.13 08:37:31.354,1.47277,1.47303,1.32,1.05
2013.05.13 08:37:31.424,1.47277,1.47304,1.32,1.99
2013.05.13 08:37:32.836,1.47277,1.47304,3.34,1.28
2013.05.13 08:37:33.024,1.47279,1.47306,2.07,1.65
2013.05.13 08:37:33.725,1.47277,1.47306,1.84,1.84
2013.05.13 08:37:33.855,1.47277,1.47304,1.32,1.28
2013.05.13 08:37:34.227,1.47282,1.47304,1.84,2.55
2013.05.13 08:37:34.416,1.47291,1.47313,1.69,1.05
2013.05.13 08:37:34.484,1.47291,1.47314,1.69,1.50
2013.05.13 08:37:34.554,1.47291,1.47314,2.44,1.50
2013.05.13 08:37:34.864,1.47296,1.47313,1.32,1.50
2013.05.13 08:37:35.189,1.47294,1.47314,1.32,1.50
2013.05.13 08:37:35.555,1.473,1.47322,1.09,1.62
2013.05.13 08:37:35.628,1.473,1.47324,2.03,1.13
2013.05.13 08:37:35.934,1.47304,1.47327,1.32,1.28
2013.05.13 08:37:36.707,1.47304,1.47327,1.69,1.28
2013.05.13 08:37:37.405,1.47304,1.47327,1.69,1.28
2013.05.13 08:37:40.405,1.47303,1.47327,1.47,1.28
2013.05.13 08:37:41.506,1.47304,1.47327,1.32,1.28
2013.05.13 08:37:41.985,1.473,1.47321,1.32,2.03
2013.05.13 08:37:42.435,1.473,1.47321,1.32,1.28
2013.05.13 08:37:42.797,1.473,1.47321,1.32,2.03
2013.05.13 08:37:42.866,1.473,1.47321,1.32,1.28
2013.05.13 08:37:43.376,1.473,1.47321,1.32,1.28
2013.05.13 08:37:44.155,1.47299,1.47322,1.32,2.03
2013.05.13 08:37:44.615,1.47299,1.47321,1.32,1.05
2013.05.13 08:37:45.055,1.47295,1.47317,1.32,2.10
2013.05.13 08:37:45.365,1.47295,1.47317,2.82,1.05
2013.05.13 08:37:45.855,1.47293,1.47314,1.84,1.80
2013.05.13 08:37:46.345,1.47293,1.47311,1.50,1.28
2013.05.13 08:37:47.305,1.47288,1.4731,1.32,1.28
2013.05.13 08:37:47.374,1.47288,1.4731,1.32,1.28
2013.05.13 08:37:47.507,1.47288,1.47312,1.32,1.28
2013.05.13 08:37:47.577,1.47288,1.47312,1.32,1.28
2013.05.13 08:37:49.577,1.47291,1.47312,1.13,1.28
2013.05.13 08:37:49.894,1.47291,1.47317,1.32,1.84
2013.05.13 08:37:50.366,1.47293,1.47318,1.32,2.18
2013.05.13 08:37:51.126,1.47294,1.47316,1.32,1.28
2013.05.13 08:37:51.197,1.47294,1.47314,1.32,1.28
2013.05.13 08:37:51.454,1.47292,1.47311,1.32,1.05
2013.05.13 08:37:52.025,1.47289,1.47311,2.07,1.43
2013.05.13 08:37:55.754,1.47288,1.47311,1.69,2.18
2013.05.13 08:37:56.386,1.47288,1.47303,1.69,1.13
2013.05.13 08:37:56.455,1.4728,1.47299,1.20,2.03
2013.05.13 08:37:56.646,1.47282,1.473,1.32,1.05
2013.05.13 08:37:56.715,1.47279,1.47302,1.32,2.55
2013.05.13 08:37:56.786,1.47281,1.47302,1.13,1.28
2013.05.13 08:37:57.034,1.47285,1.47304,1.32,1.28
2013.05.13 08:37:57.329,1.47284,1.47304,1.69,1.65
2013.05.13 08:37:58.644,1.47284,1.47305,1.69,1.05
2013.05.13 08:37:58.774,1.47284,1.47308,1.69,1.65
2013.05.13 08:37:59.354,1.47281,1.47305,1.69,1.28
2013.05.13 08:37:59.864,1.47281,1.47305,1.69,1.28
2013.05.13 08:38:00.114,1.47281,1.47308,1.69,1.05
2013.05.13 08:38:01.265,1.47285,1.47304,1.69,1.50
2013.05.13 08:38:01.335,1.47285,1.473,1.69,1.50
2013.05.13 08:38:01.466,1.47279,1.47301,1.32,1.43
2013.05.13 08:38:01.725,1.47284,1.47307,1.69,1.05
2013.05.13 08:38:04.795,1.47283,1.47308,2.44,1.13
2013.05.13 08:38:06.383,1.47283,1.47308,2.07,1.13
2013.05.13 08:38:06.446,1.47283,1.47308,2.07,1.13
2013.05.13 08:38:06.634,1.47283,1.47306,2.07,1.05
2013.05.13 08:38:07.313,1.47283,1.47306,2.07,1.05
2013.05.13 08:38:07.935,1.47284,1.47306,1.69,1.05
2013.05.13 08:38:13.765,1.47283,1.47306,1.69,1.43
2013.05.13 08:38:13.954,1.47286,1.47306,1.69,1.43
2013.05.13 08:38:15.194,1.47282,1.47305,2.07,1.28
2013.05.13 08:38:15.314,1.47282,1.47305,1.32,2.03
2013.05.13 08:38:15.438,1.47282,1.47303,1.32,1.58
2013.05.13 08:38:16.245,1.47282,1.47302,1.32,1.05
2013.05.13 08:38:18.994,1.47282,1.47302,2.07,1.05
2013.05.13 08:38:20.274,1.47282,1.47302,2.07,1.05
2013.05.13 08:38:22.110,1.47284,1.47302,1.69,1.05
2013.05.13 08:38:22.239,1.47284,1.47303,2.44,1.05
2013.05.13 08:38:22.366,1.47284,1.47305,2.44,1.88
2013.05.13 08:38:22.435,1.47284,1.47309,1.69,2.18
2013.05.13 08:38:22.746,1.47285,1.47309,1.69,1.43
2013.05.13 08:38:23.578,1.4729,1.47309,1.32,1.05
2013.05.13 08:38:24.305,1.47288,1.47309,1.32,1.05
2013.05.13 08:38:25.607,1.4729,1.47313,1.32,2.55
2013.05.13 08:38:25.675,1.47291,1.47314,1.69,1.28
2013.05.13 08:38:25.747,1.47294,1.47313,1.32,1.28
2013.05.13 08:38:26.054,1.47294,1.47313,1.32,1.80
2013.05.13 08:38:26.184,1.47294,1.47317,1.32,1.43
2013.05.13 08:38:26.495,1.47294,1.47315,1.32,2.40
2013.05.13 08:38:26.566,1.47293,1.47315,1.69,2.40
2013.05.13 08:38:26.972,1.47293,1.47311,1.69,1.28
2013.05.13 08:38:27.325,1.47293,1.4731,1.69,1.05
2013.05.13 08:38:27.720,1.4729,1.4731,1.32,1.05
2013.05.13 08:38:29.054,1.47288,1.4731,1.47,1.05
2013.05.13 08:38:31.249,1.47289,1.47308,1.32,1.28
2013.05.13 08:38:32.895,1.47289,1.4731,1.32,1.05
2013.05.13 08:38:33.480,1.47289,1.47308,1.32,1.28
2013.05.13 08:38:33.657,1.47284,1.47308,2.07,2.78
2013.05.13 08:38:33.725,1.47284,1.47304,1.32,1.28
2013.05.13 08:38:34.095,1.47284,1.47304,1.32,1.43
2013.05.13 08:38:34.165,1.47284,1.47304,1.32,1.43
2013.05.13 08:38:34.674,1.47276,1.47301,1.69,1.65
2013.05.13 08:38:34.734,1.47276,1.473,1.69,1.88
2013.05.13 08:38:35.036,1.47282,1.47305,2.07,1.88
2013.05.13 08:38:35.106,1.47282,1.47305,2.07,1.88
2013.05.13 08:38:35.175,1.47283,1.47306,1.32,1.28
2013.05.13 08:38:36.747,1.47285,1.47307,1.69,1.65
2013.05.13 08:38:36.817,1.47283,1.47306,1.32,1.28
2013.05.13 08:38:36.903,1.47282,1.47306,1.13,2.22
2013.05.13 08:38:37.443,1.47282,1.47302,1.13,1.05
2013.05.13 08:38:37.763,1.47282,1.47302,1.13,1.05
2013.05.13 08:38:38.612,1.4728,1.47302,1.69,1.05
2013.05.13 08:38:39.124,1.47279,1.47302,2.07,1.05
2013.05.13 08:38:41.316,1.47278,1.47302,1.32,1.05
2013.05.13 08:38:41.585,1.47277,1.47298,1.32,1.05
2013.05.13 08:38:42.194,1.47274,1.47298,1.32,1.43
2013.05.13 08:38:42.764,1.47275,1.47298,1.32,1.43
2013.05.13 08:38:43.565,1.47275,1.47299,1.32,2.18
2013.05.13 08:38:43.894,1.47275,1.47299,1.69,1.80
2013.05.13 08:38:44.074,1.47275,1.47298,1.69,1.28
2013.05.13 08:38:44.555,1.47283,1.47298,1.13,1.28
2013.05.13 08:38:44.625,1.47281,1.47298,1.50,1.28
2013.05.13 08:38:44.695,1.47281,1.47299,1.50,1.05
2013.05.13 08:38:44.765,1.47277,1.473,1.50,1.50
2013.05.13 08:38:44.835,1.47277,1.47297,1.50,1.80
2013.05.13 08:38:45.385,1.47276,1.47297,1.13,1.05
2013.05.13 08:38:46.930,1.47275,1.47297,1.32,1.43
2013.05.13 08:38:48.034,1.47275,1.47295,1.32,1.65
2013.05.13 08:38:51.944,1.47273,1.47295,1.32,1.65
2013.05.13 08:38:52.811,1.47273,1.47294,1.32,1.50
2013.05.13 08:38:52.946,1.47275,1.47297,1.32,1.05
2013.05.13 08:38:53.158,1.47279,1.47301,2.07,1.43
2013.05.13 08:38:53.226,1.47282,1.47301,1.69,1.43
2013.05.13 08:38:54.064,1.47282,1.47305,1.69,1.43
2013.05.13 08:38:54.604,1.47282,1.47305,2.07,1.05
2013.05.13 08:38:54.854,1.47282,1.47308,2.07,1.28
2013.05.13 08:38:56.535,1.47284,1.4731,1.32,1.80
2013.05.13 08:38:56.667,1.47286,1.47309,1.39,1.28
2013.05.13 08:38:57.234,1.47286,1.47309,1.39,1.28
2013.05.13 08:38:58.208,1.47287,1.4731,1.50,1.05
2013.05.13 08:38:59.154,1.47287,1.4731,1.69,1.05
2013.05.13 08:39:00.785,1.47286,1.47309,1.32,1.28
2013.05.13 08:39:00.998,1.47286,1.47305,1.13,1.05
2013.05.13 08:39:01.126,1.47286,1.47305,1.88,1.80
2013.05.13 08:39:01.377,1.47279,1.47305,1.47,1.80
2013.05.13 08:39:02.344,1.47283,1.47305,1.88,1.05
2013.05.13 08:39:02.596,1.47285,1.47309,1.84,2.40
2013.05.13 08:39:02.786,1.47287,1.4731,2.44,1.43
2013.05.13 08:39:03.095,1.47287,1.47312,1.77,2.18
2013.05.13 08:39:03.226,1.47287,1.47312,1.02,2.18
2013.05.13 08:39:03.416,1.47287,1.47312,1.69,1.43
2013.05.13 08:39:03.488,1.47288,1.47314,2.07,1.43
2013.05.13 08:39:03.555,1.47288,1.47315,2.07,1.65
2013.05.13 08:39:04.225,1.47293,1.47317,1.32,1.43
2013.05.13 08:39:05.428,1.47295,1.47317,1.32,1.65
2013.05.13 08:39:06.334,1.47295,1.4732,2.52,1.28
2013.05.13 08:39:07.575,1.47295,1.4732,1.69,1.65
2013.05.13 08:39:09.109,1.47295,1.47318,1.32,1.28
2013.05.13 08:39:10.176,1.47295,1.47316,1.32,1.05
2013.05.13 08:39:10.726,1.47297,1.47316,1.69,1.05
2013.05.13 08:39:11.035,1.47295,1.47314,1.32,1.28
2013.05.13 08:39:11.543,1.47294,1.47314,1.32,1.28
2013.05.13 08:39:11.856,1.47294,1.47315,1.32,1.28
2013.05.13 08:39:12.176,1.47294,1.47314,1.32,1.28
2013.05.13 08:39:13.606,1.47304,1.47314,2.77,1.28
2013.05.13 08:39:13.805,1.47308,1.47328,1.69,1.50
2013.05.13 08:39:13.878,1.47309,1.47328,2.07,1.50
2013.05.13 08:39:13.945,1.47311,1.47334,1.69,1.50
2013.05.13 08:39:14.016,1.47309,1.47333,3.34,1.28
2013.05.13 08:39:14.716,1.47307,1.4733,1.32,1.28
2013.05.13 08:39:15.297,1.47308,1.4733,1.32,1.28
2013.05.13 08:39:15.915,1.47306,1.47329,1.69,1.50
2013.05.13 08:39:16.476,1.47306,1.4733,1.32,1.65
2013.05.13 08:39:19.186,1.47314,1.47335,1.54,1.28
2013.05.13 08:39:19.255,1.47317,1.47335,1.17,1.28
2013.05.13 08:39:19.325,1.4732,1.47339,1.13,1.28
2013.05.13 08:39:19.636,1.47329,1.47341,1.32,1.05
2013.05.13 08:39:19.710,1.47333,1.47349,1.77,1.05
2013.05.13 08:39:19.965,1.4733,1.47349,1.32,1.05
2013.05.13 08:39:20.214,1.4733,1.47354,1.32,1.65
2013.05.13 08:39:20.787,1.47332,1.47355,1.13,1.05
2013.05.13 08:39:21.186,1.47333,1.47353,1.32,1.28
2013.05.13 08:39:21.744,1.47333,1.47352,1.32,1.28
2013.05.13 08:39:22.083,1.47332,1.47352,1.32,1.28
2013.05.13 08:39:22.655,1.4733,1.47352,1.32,1.65
2013.05.13 08:39:22.905,1.47326,1.47351,1.32,2.25
2013.05.13 08:39:22.976,1.47326,1.47349,1.32,1.47
2013.05.13 08:39:23.497,1.47326,1.47349,1.32,1.28
2013.05.13 08:39:24.324,1.47324,1.47349,1.32,1.65
2013.05.13 08:39:24.695,1.47326,1.47349,1.69,1.65
2013.05.13 08:39:28.115,1.47326,1.47349,1.32,1.65
2013.05.13 08:39:29.153,1.47322,1.47349,1.32,1.65
2013.05.13 08:39:30.488,1.47324,1.47349,1.32,1.65
2013.05.13 08:39:33.287,1.47322,1.47349,2.07,1.84
2013.05.13 08:39:33.894,1.47322,1.47347,1.13,1.32
2013.05.13 08:39:34.204,1.47322,1.47343,1.13,1.24
2013.05.13 08:39:34.713,1.47317,1.47343,1.32,2.37
2013.05.13 08:39:35.304,1.47317,1.47341,1.32,1.65
2013.05.13 08:39:35.437,1.47321,1.47341,1.65,1.65
2013.05.13 08:39:35.785,1.47322,1.47343,2.59,1.43
2013.05.13 08:39:36.286,1.47322,1.4734,1.69,1.28
2013.05.13 08:39:36.535,1.4732,1.47341,1.32,1.28
2013.05.13 08:39:37.364,1.47318,1.4734,1.32,1.28
2013.05.13 08:39:37.693,1.47318,1.47342,1.32,3.00
2013.05.13 08:39:38.980,1.47317,1.47341,1.32,1.28
2013.05.13 08:39:39.187,1.47317,1.47341,1.32,1.28
2013.05.13 08:39:39.504,1.47316,1.47337,1.32,1.28
2013.05.13 08:39:39.704,1.47315,1.47337,1.32,1.28
2013.05.13 08:39:40.377,1.47312,1.47337,3.19,1.28
2013.05.13 08:39:41.477,1.47312,1.47328,2.25,1.58
2013.05.13 08:39:41.897,1.47308,1.47326,1.69,1.80
2013.05.13 08:39:42.637,1.47311,1.47328,1.13,1.80
2013.05.13 08:39:42.705,1.47311,1.47328,1.13,1.28
2013.05.13 08:39:42.777,1.47313,1.47328,1.13,1.28
2013.05.13 08:39:42.905,1.47311,1.47328,1.32,1.28
2013.05.13 08:39:43.106,1.47311,1.47335,2.07,2.18
2013.05.13 08:39:43.475,1.47311,1.47332,1.69,1.13
2013.05.13 08:39:44.136,1.47307,1.4733,1.32,1.43
2013.05.13 08:39:44.644,1.47307,1.47331,1.32,1.13
2013.05.13 08:39:45.166,1.47307,1.47331,1.32,1.13
2013.05.13 08:39:45.296,1.47306,1.47329,1.32,1.65
2013.05.13 08:39:49.616,1.47304,1.47329,1.47,2.40
2013.05.13 08:39:50.174,1.47301,1.47323,2.07,1.28
2013.05.13 08:39:50.570,1.47301,1.47323,2.07,1.28
2013.05.13 08:39:50.815,1.47301,1.47323,2.07,1.28
2013.05.13 08:39:52.206,1.47301,1.47321,1.69,1.13
2013.05.13 08:39:52.276,1.473,1.47321,1.32,1.13
2013.05.13 08:39:53.606,1.473,1.47321,1.69,1.13
2013.05.13 08:39:53.737,1.47301,1.47321,1.69,1.13
2013.05.13 08:39:54.239,1.47303,1.47327,1.32,1.28
2013.05.13 08:39:54.631,1.47302,1.47324,1.69,2.40
2013.05.13 08:39:55.944,1.473,1.47323,1.32,1.65
2013.05.13 08:39:57.001,1.473,1.47323,2.07,1.65
2013.05.13 08:39:57.375,1.473,1.47321,1.32,1.88
2013.05.13 08:39:57.446,1.473,1.47321,2.07,1.13
2013.05.13 08:39:57.876,1.47297,1.47321,2.07,1.65
2013.05.13 08:39:57.945,1.473,1.47321,1.32,2.18
2013.05.13 08:39:58.255,1.473,1.47322,2.07,1.65
2013.05.13 08:39:58.516,1.473,1.47327,1.69,1.05
2013.05.13 08:39:58.779,1.47303,1.47326,1.32,1.65
2013.05.13 08:40:01.735,1.47302,1.47326,2.07,1.65
2013.05.13 08:40:02.185,1.47303,1.47326,1.69,1.65
2013.05.13 08:40:02.724,1.47302,1.47324,1.32,1.28
2013.05.13 08:40:02.996,1.47302,1.47324,1.32,1.28
2013.05.13 08:40:03.682,1.47301,1.47324,1.32,1.28
2013.05.13 08:40:03.937,1.473,1.47321,1.32,1.13
2013.05.13 08:40:04.126,1.473,1.47321,1.32,1.13
2013.05.13 08:40:04.826,1.47298,1.47321,1.32,1.13
2013.05.13 08:40:05.347,1.473,1.47321,1.32,1.13
2013.05.13 08:40:05.426,1.473,1.47321,1.32,1.13
2013.05.13 08:40:08.031,1.47301,1.47321,1.32,1.13
2013.05.13 08:40:10.476,1.473,1.47319,1.32,1.13
2013.05.13 08:40:10.607,1.473,1.47319,1.32,1.65
2013.05.13 08:40:10.736,1.473,1.47321,1.32,2.40
2013.05.13 08:40:11.055,1.473,1.47322,2.07,1.13
2013.05.13 08:40:11.427,1.47301,1.47329,1.69,3.08
2013.05.13 08:40:12.304,1.473,1.47328,2.07,1.65
2013.05.13 08:40:14.145,1.47305,1.47328,1.69,1.65
2013.05.13 08:40:18.704,1.47302,1.47328,1.69,1.65
2013.05.13 08:40:19.276,1.47302,1.47328,1.69,1.65
2013.05.13 08:40:20.554,1.47301,1.47323,1.32,1.13
2013.05.13 08:40:21.141,1.47305,1.47328,1.32,2.40
2013.05.13 08:40:21.276,1.47305,1.47328,1.32,2.40
2013.05.13 08:40:23.792,1.47305,1.47327,1.32,1.88
2013.05.13 08:40:23.859,1.47305,1.47327,1.32,1.13
2013.05.13 08:40:24.376,1.47305,1.47327,1.32,1.13
2013.05.13 08:40:24.896,1.47306,1.47327,1.69,1.13
2013.05.13 08:40:25.215,1.47306,1.47327,1.69,1.13
2013.05.13 08:40:25.285,1.47306,1.47327,1.69,1.13
2013.05.13 08:40:30.035,1.47307,1.47326,1.32,1.50
2013.05.13 08:40:32.925,1.47306,1.47324,1.32,1.28
2013.05.13 08:40:36.745,1.47306,1.47327,2.07,1.28
2013.05.13 08:40:37.907,1.47306,1.47327,2.07,1.28
2013.05.13 08:40:38.237,1.47312,1.47334,1.69,1.65
2013.05.13 08:40:38.305,1.47312,1.47338,1.69,2.07
2013.05.13 08:40:38.676,1.47317,1.47339,1.50,1.28
2013.05.13 08:40:38.749,1.47317,1.4734,2.44,2.03
2013.05.13 08:40:39.007,1.47317,1.47343,2.44,1.13
2013.05.13 08:40:39.536,1.47318,1.47343,1.32,1.13
2013.05.13 08:40:40.038,1.47321,1.47343,1.32,1.13
2013.05.13 08:40:40.346,1.47321,1.47343,1.32,1.50
2013.05.13 08:40:40.714,1.47321,1.47345,1.32,2.40
2013.05.13 08:40:40.851,1.47322,1.47345,1.32,2.40
2013.05.13 08:40:40.914,1.47322,1.47345,2.07,1.65
2013.05.13 08:40:41.605,1.47322,1.47345,2.07,2.40
2013.05.13 08:40:42.304,1.47322,1.47345,1.32,2.03
2013.05.13 08:40:42.424,1.47322,1.47345,1.32,2.78
2013.05.13 08:40:42.555,1.47322,1.47345,2.07,1.28
2013.05.13 08:40:42.684,1.47322,1.47345,2.82,1.28
2013.05.13 08:40:43.005,1.47329,1.47346,1.13,1.05
2013.05.13 08:40:43.147,1.47329,1.47349,1.13,1.28
2013.05.13 08:40:45.654,1.4733,1.47352,1.32,1.28
2013.05.13 08:40:45.857,1.4733,1.47351,1.32,1.50
2013.05.13 08:40:46.271,1.47328,1.47348,1.32,1.50
2013.05.13 08:40:46.406,1.47326,1.47348,1.02,2.03
2013.05.13 08:40:46.475,1.47324,1.47346,1.39,1.28
2013.05.13 08:40:46.844,1.47321,1.47342,1.69,1.05
2013.05.13 08:40:47.794,1.47321,1.47342,1.69,1.05
2013.05.13 08:40:48.936,1.47321,1.47341,1.32,1.28
2013.05.13 08:40:49.185,1.47321,1.47341,1.32,1.28
2013.05.13 08:40:49.256,1.47321,1.47339,1.32,1.28
2013.05.13 08:40:58.175,1.47321,1.47339,1.32,1.50
2013.05.13 08:41:03.109,1.47315,1.47338,3.34,1.88
2013.05.13 08:41:03.671,1.47312,1.47334,1.32,1.28
2013.05.13 08:41:03.986,1.47311,1.47334,1.88,2.03
2013.05.13 08:41:04.316,1.47311,1.4733,1.50,1.05
2013.05.13 08:41:05.688,1.47311,1.47327,1.50,1.28
2013.05.13 08:41:06.548,1.47312,1.47328,2.25,1.13
2013.05.13 08:41:06.795,1.47312,1.47333,1.32,2.33
2013.05.13 08:41:06.925,1.47311,1.47333,1.69,1.80
2013.05.13 08:41:07.060,1.47308,1.47333,1.13,2.18
2013.05.13 08:41:07.846,1.47307,1.47333,2.07,2.93
2013.05.13 08:41:08.268,1.47307,1.4733,1.69,1.13
2013.05.13 08:41:09.606,1.47309,1.47331,1.50,1.28
2013.05.13 08:41:09.975,1.47311,1.47334,1.13,1.47
2013.05.13 08:41:10.049,1.47309,1.47333,1.95,1.69
2013.05.13 08:41:10.236,1.4731,1.47333,1.02,1.50
2013.05.13 08:41:11.156,1.47307,1.47329,1.69,1.13
2013.05.13 08:41:12.570,1.47307,1.4733,1.32,1.28
2013.05.13 08:41:14.115,1.47307,1.4733,1.32,1.28
2013.05.13 08:41:14.825,1.47307,1.4733,1.39,1.28
2013.05.13 08:41:15.805,1.47308,1.47333,1.84,1.50
2013.05.13 08:41:17.797,1.47308,1.47333,1.92,1.50
2013.05.13 08:41:18.326,1.47309,1.47332,1.32,1.28
2013.05.13 08:41:18.673,1.47309,1.47332,1.32,1.28
2013.05.13 08:41:18.966,1.47309,1.47332,1.32,1.28
2013.05.13 08:41:19.155,1.47309,1.47332,1.32,1.28
2013.05.13 08:41:21.805,1.47307,1.47329,1.73,1.50
2013.05.13 08:41:22.775,1.47307,1.47332,1.73,1.28
2013.05.13 08:41:22.915,1.47312,1.47333,2.78,1.65
2013.05.13 08:41:22.987,1.47313,1.47332,2.07,1.28
2013.05.13 08:41:23.538,1.47308,1.47328,1.69,1.28
2013.05.13 08:41:24.099,1.47318,1.47338,1.69,1.65
2013.05.13 08:41:24.441,1.47321,1.47338,1.84,1.13
2013.05.13 08:41:24.512,1.47322,1.47344,1.84,1.13
2013.05.13 08:41:25.277,1.47318,1.47338,1.32,1.88
2013.05.13 08:41:25.654,1.47318,1.47338,1.32,1.88
2013.05.13 08:41:26.692,1.47316,1.47337,1.32,1.28
2013.05.13 08:41:26.795,1.47322,1.47337,1.50,1.28
2013.05.13 08:41:26.904,1.47315,1.47337,1.32,1.65
2013.05.13 08:41:27.434,1.47314,1.47337,1.69,1.65
2013.05.13 08:41:29.214,1.47314,1.47337,1.69,1.65
2013.05.13 08:41:29.735,1.47319,1.47337,1.32,1.28
2013.05.13 08:41:29.867,1.47316,1.47341,2.07,1.20
2013.05.13 08:41:29.934,1.47316,1.47343,2.07,1.99
2013.05.13 08:41:30.069,1.47316,1.47341,2.44,1.13
2013.05.13 08:41:30.665,1.47318,1.47341,1.32,1.13
2013.05.13 08:41:31.626,1.47319,1.47341,1.32,1.13
2013.05.13 08:41:31.700,1.47319,1.47343,1.32,1.43
2013.05.13 08:41:32.135,1.47321,1.47346,1.69,1.43
2013.05.13 08:41:32.549,1.47325,1.47344,1.13,1.65
2013.05.13 08:41:32.869,1.47327,1.47349,1.69,1.13
2013.05.13 08:41:33.006,1.47333,1.47354,1.32,1.05
2013.05.13 08:41:33.196,1.47333,1.47356,1.32,1.43
2013.05.13 08:41:35.095,1.47331,1.47354,1.32,1.65
2013.05.13 08:41:35.615,1.47331,1.47354,1.32,1.65
2013.05.13 08:41:35.694,1.47331,1.47353,1.32,1.20
2013.05.13 08:41:37.001,1.47329,1.47348,1.65,1.05
2013.05.13 08:41:39.437,1.47329,1.47348,1.32,1.05
2013.05.13 08:41:40.986,1.47332,1.47348,1.32,1.05
2013.05.13 08:41:41.555,1.47331,1.47348,1.32,1.05
2013.05.13 08:41:43.516,1.47331,1.4735,1.32,1.28
2013.05.13 08:41:43.843,1.47331,1.47349,1.32,1.05
2013.05.13 08:41:51.055,1.47329,1.47349,2.14,1.05
2013.05.13 08:41:57.888,1.47329,1.47349,1.32,1.05
2013.05.13 08:42:02.025,1.47329,1.47351,1.32,1.05
2013.05.13 08:42:02.095,1.47329,1.47352,1.32,1.28
2013.05.13 08:42:03.455,1.47328,1.47354,1.09,1.84
2013.05.13 08:42:03.605,1.47329,1.47355,1.32,1.32
2013.05.13 08:42:03.735,1.47329,1.47355,1.32,1.13
2013.05.13 08:42:04.344,1.4733,1.47355,1.32,1.32
2013.05.13 08:42:04.405,1.4733,1.47354,1.32,1.20
2013.05.13 08:42:04.737,1.4732,1.47346,1.69,1.28
2013.05.13 08:42:04.865,1.47319,1.47345,1.32,1.88
2013.05.13 08:42:05.863,1.47316,1.47344,3.57,1.43
2013.05.13 08:42:06.356,1.47316,1.47341,1.69,1.50
2013.05.13 08:42:06.945,1.47313,1.4734,2.07,1.62
2013.05.13 08:42:07.387,1.47313,1.47336,1.69,1.13
2013.05.13 08:42:07.775,1.47313,1.47336,1.32,1.13
2013.05.13 08:42:10.455,1.47313,1.47335,1.32,1.13
2013.05.13 08:42:13.817,1.47313,1.47335,1.32,1.13
2013.05.13 08:42:16.236,1.47313,1.47337,1.32,1.13
2013.05.13 08:42:16.425,1.47311,1.47337,2.97,1.13
2013.05.13 08:42:17.012,1.47311,1.47334,2.97,1.13
2013.05.13 08:42:17.351,1.47311,1.47334,2.97,1.13
2013.05.13 08:42:17.934,1.47311,1.47334,1.69,1.65
2013.05.13 08:42:18.816,1.47311,1.47335,1.32,1.09
2013.05.13 08:42:19.006,1.47312,1.47335,1.32,1.09
2013.05.13 08:42:19.135,1.47312,1.47334,1.32,1.28
2013.05.13 08:42:19.644,1.47312,1.47335,1.32,1.09
2013.05.13 08:42:20.025,1.47312,1.47334,1.32,1.28
2013.05.13 08:42:20.347,1.47306,1.47328,1.43,1.69
2013.05.13 08:42:20.667,1.47302,1.47322,1.88,1.32
2013.05.13 08:42:20.736,1.47298,1.47322,1.13,1.69
2013.05.13 08:42:21.265,1.47295,1.47323,1.47,1.62
2013.05.13 08:42:21.804,1.47295,1.47323,1.47,2.37
2013.05.13 08:42:22.636,1.47296,1.47323,1.09,1.99
2013.05.13 08:42:22.885,1.47296,1.4732,1.84,1.13
2013.05.13 08:42:23.208,1.47303,1.47326,1.20,1.69
2013.05.13 08:42:23.340,1.47302,1.47328,3.19,1.32
2013.05.13 08:42:23.408,1.47303,1.4733,1.77,1.47
2013.05.13 08:42:23.606,1.47306,1.47332,1.13,1.09
2013.05.13 08:42:24.094,1.47307,1.47334,1.28,1.47
2013.05.13 08:42:24.154,1.47307,1.47334,1.28,1.47
2013.05.13 08:42:24.654,1.47307,1.47333,1.28,1.32
2013.05.13 08:42:25.000,1.47302,1.47324,1.28,2.44
2013.05.13 08:42:25.072,1.473,1.47324,1.47,2.44
2013.05.13 08:42:25.429,1.47302,1.47324,1.50,2.44
2013.05.13 08:42:25.804,1.47296,1.47322,2.59,2.59
2013.05.13 08:42:26.215,1.47296,1.47322,2.22,1.84
2013.05.13 08:42:26.646,1.47296,1.47322,1.47,1.84
2013.05.13 08:42:26.895,1.47296,1.47317,1.28,1.13
2013.05.13 08:42:27.211,1.47294,1.47317,2.14,1.13
2013.05.13 08:42:27.467,1.47301,1.47323,1.88,1.32
2013.05.13 08:42:27.613,1.47301,1.47326,1.13,2.07
2013.05.13 08:42:27.681,1.47301,1.47326,1.32,1.32
2013.05.13 08:42:28.136,1.47304,1.47326,1.28,1.32
2013.05.13 08:42:28.656,1.47302,1.47326,1.99,1.13
2013.05.13 08:42:30.276,1.47304,1.47326,1.28,1.32
2013.05.13 08:42:30.635,1.47304,1.47326,1.28,1.32
2013.05.13 08:42:31.630,1.47301,1.47326,1.32,1.32
2013.05.13 08:42:32.227,1.47301,1.47326,1.32,1.32
2013.05.13 08:42:33.045,1.47302,1.47327,1.13,1.47
2013.05.13 08:42:33.597,1.47302,1.47327,1.13,1.47
2013.05.13 08:42:36.625,1.47302,1.47327,1.32,2.22
2013.05.13 08:42:37.346,1.47302,1.47327,1.13,1.09
2013.05.13 08:42:37.535,1.47302,1.47327,1.13,1.09
2013.05.13 08:42:37.965,1.47302,1.47327,1.13,1.09
2013.05.13 08:42:38.606,1.47302,1.47327,1.13,1.84
2013.05.13 08:42:39.388,1.47302,1.47327,1.13,1.84
2013.05.13 08:42:40.187,1.473,1.47326,2.25,1.69
2013.05.13 08:42:40.586,1.473,1.47326,1.50,3.19
2013.05.13 08:42:40.817,1.473,1.47326,1.50,1.69
2013.05.13 08:42:40.887,1.473,1.47325,1.50,1.32
2013.05.13 08:42:42.178,1.47302,1.47326,1.13,1.32
2013.05.13 08:42:42.305,1.47302,1.47327,1.32,1.28
2013.05.13 08:42:43.520,1.47302,1.47328,1.32,1.47
2013.05.13 08:42:47.153,1.47306,1.47328,2.07,1.28
2013.05.13 08:42:47.718,1.47306,1.47329,2.07,1.13
2013.05.13 08:42:48.476,1.47306,1.47331,2.07,1.84
2013.05.13 08:42:50.445,1.47307,1.47331,1.13,1.84
2013.05.13 08:42:51.575,1.47306,1.4733,1.32,1.13
2013.05.13 08:42:53.126,1.47305,1.47329,1.32,1.13
2013.05.13 08:42:54.534,1.47305,1.47328,1.32,1.47
2013.05.13 08:42:58.465,1.47306,1.47328,1.88,1.43
2013.05.13 08:42:58.895,1.47306,1.47326,1.13,1.28
2013.05.13 08:43:00.395,1.47306,1.47326,1.13,1.47
2013.05.13 08:43:00.925,1.47305,1.47324,1.13,1.69
2013.05.13 08:43:01.476,1.47303,1.47323,1.13,1.47
2013.05.13 08:43:02.001,1.47303,1.47323,1.13,1.28
2013.05.13 08:43:05.835,1.473,1.47325,2.25,1.69
2013.05.13 08:43:06.835,1.473,1.47324,1.32,1.32
2013.05.13 08:43:07.387,1.473,1.47323,1.32,1.50
2013.05.13 08:43:10.476,1.473,1.47323,1.32,1.13
2013.05.13 08:43:11.674,1.473,1.4732,1.50,1.09
2013.05.13 08:43:11.805,1.473,1.47323,3.00,1.47
2013.05.13 08:43:12.055,1.47304,1.47325,1.28,1.99
2013.05.13 08:43:15.234,1.473,1.47324,1.32,1.65
2013.05.13 08:43:15.416,1.47303,1.47324,1.13,1.65
2013.05.13 08:43:16.434,1.47302,1.47323,1.32,1.65
2013.05.13 08:43:18.655,1.473,1.47323,2.07,1.65
2013.05.13 08:43:26.115,1.473,1.47323,1.13,2.22
2013.05.13 08:43:26.905,1.473,1.47323,1.13,2.22
2013.05.13 08:43:28.270,1.473,1.47323,1.13,2.59
2013.05.13 08:43:29.828,1.473,1.47323,1.13,2.59
2013.05.13 08:43:31.844,1.47298,1.4732,1.13,1.32
2013.05.13 08:43:32.135,1.47298,1.4732,1.13,1.09
2013.05.13 08:43:36.114,1.47298,1.4732,1.88,1.28
2013.05.13 08:43:37.575,1.47298,1.4732,1.88,2.03
2013.05.13 08:43:37.827,1.47298,1.47319,1.13,2.55
2013.05.13 08:43:38.155,1.47296,1.47316,1.13,1.80
2013.05.13 08:43:38.856,1.47295,1.47316,1.28,1.80
2013.05.13 08:43:44.465,1.47295,1.47316,1.28,2.55
2013.05.13 08:43:46.378,1.47296,1.47316,1.13,1.28
2013.05.13 08:43:46.920,1.47296,1.47317,1.13,2.25
2013.05.13 08:43:47.106,1.47296,1.47314,1.13,1.05
2013.05.13 08:43:47.440,1.47297,1.47314,1.13,1.05
2013.05.13 08:43:48.095,1.47297,1.47317,1.13,1.28
2013.05.13 08:43:51.539,1.47296,1.47316,1.13,2.18
2013.05.13 08:43:51.875,1.47296,1.47314,1.13,1.05
2013.05.13 08:43:52.376,1.47293,1.47314,1.32,1.05
2013.05.13 08:43:52.636,1.47296,1.47317,1.13,1.09
2013.05.13 08:43:54.609,1.473,1.47316,1.13,1.28
2013.05.13 08:43:54.948,1.47296,1.47314,1.13,1.05
2013.05.13 08:43:55.930,1.47292,1.47318,4.02,1.28
2013.05.13 08:43:56.556,1.47292,1.47313,2.52,1.50
2013.05.13 08:43:56.756,1.47292,1.47316,2.44,1.50
2013.05.13 08:43:56.825,1.47292,1.47317,2.44,1.28
2013.05.13 08:43:56.897,1.47292,1.47313,2.44,1.50
2013.05.13 08:43:56.970,1.47292,1.47317,2.44,1.28
2013.05.13 08:43:57.095,1.47292,1.47317,2.25,1.47
2013.05.13 08:43:57.394,1.47292,1.47316,3.19,1.28
2013.05.13 08:43:58.147,1.47293,1.47316,1.32,1.65
2013.05.13 08:43:58.646,1.47293,1.47318,2.44,1.80
2013.05.13 08:43:59.348,1.47296,1.47316,1.32,1.05
2013.05.13 08:44:00.005,1.47296,1.47318,1.32,1.80
2013.05.13 08:44:00.555,1.47296,1.47318,1.13,1.24
2013.05.13 08:44:04.420,1.47298,1.47318,1.50,1.62
2013.05.13 08:44:04.631,1.47298,1.4732,1.50,1.28
2013.05.13 08:44:04.759,1.47298,1.47322,1.69,1.28
2013.05.13 08:44:05.286,1.47302,1.47322,1.13,1.28
2013.05.13 08:44:05.595,1.47298,1.47318,1.50,1.28
2013.05.13 08:44:07.108,1.47292,1.47314,1.13,1.47
2013.05.13 08:44:08.403,1.47294,1.47314,1.13,1.47
2013.05.13 08:44:08.750,1.47296,1.4732,1.50,1.32
2013.05.13 08:44:10.026,1.47303,1.47322,1.13,1.32
2013.05.13 08:44:10.095,1.47303,1.47322,1.13,2.22
2013.05.13 08:44:10.216,1.47297,1.47318,1.13,1.50
2013.05.13 08:44:11.533,1.47302,1.4732,1.13,1.28
2013.05.13 08:44:11.665,1.47302,1.47322,1.13,1.50
2013.05.13 08:44:13.759,1.47301,1.47321,1.13,2.22
2013.05.13 08:44:14.279,1.47296,1.47319,1.13,2.59
2013.05.13 08:44:14.349,1.47296,1.47318,1.13,2.33
2013.05.13 08:44:14.699,1.47296,1.47315,1.13,1.24
2013.05.13 08:44:15.178,1.47296,1.47313,1.13,1.69
2013.05.13 08:44:15.695,1.47291,1.4731,1.13,1.28
2013.05.13 08:44:17.114,1.47291,1.47312,1.13,1.32
2013.05.13 08:44:17.667,1.47291,1.47312,1.32,1.13
2013.05.13 08:44:18.894,1.47291,1.47312,1.32,1.13
2013.05.13 08:44:19.588,1.47291,1.47315,1.32,2.18
2013.05.13 08:44:19.661,1.47292,1.47315,1.32,2.18
2013.05.13 08:44:20.245,1.47292,1.47315,1.32,1.84
2013.05.13 08:44:20.686,1.47292,1.47316,1.13,1.50
2013.05.13 08:44:20.826,1.47292,1.47317,1.13,2.07
2013.05.13 08:44:21.014,1.47297,1.47317,1.13,2.07
2013.05.13 08:44:21.535,1.47297,1.47317,1.13,2.07
2013.05.13 08:44:22.325,1.47292,1.47316,1.13,1.32
2013.05.13 08:44:22.982,1.47292,1.47314,1.13,1.69
2013.05.13 08:44:23.128,1.47291,1.47314,1.84,1.69
2013.05.13 08:44:23.997,1.47292,1.47311,1.13,1.69
2013.05.13 08:44:25.175,1.47285,1.47306,2.03,1.32
2013.05.13 08:44:25.436,1.4728,1.47301,1.05,1.13
2013.05.13 08:44:25.566,1.47278,1.47301,1.62,1.13
2013.05.13 08:44:26.209,1.47278,1.47297,1.62,1.13
2013.05.13 08:44:26.346,1.47278,1.47301,1.62,1.13
2013.05.13 08:44:27.317,1.47277,1.47301,1.84,1.13
2013.05.13 08:44:27.987,1.47277,1.47299,1.84,1.13
2013.05.13 08:44:28.295,1.47278,1.47299,1.69,1.13
2013.05.13 08:44:28.616,1.47284,1.47303,1.69,1.13
2013.05.13 08:44:29.057,1.47288,1.47303,1.50,1.13
2013.05.13 08:44:29.127,1.47288,1.47312,1.88,1.09
2013.05.13 08:44:29.196,1.47289,1.47314,1.69,2.59
2013.05.13 08:44:29.548,1.47297,1.4732,1.13,1.09
2013.05.13 08:44:29.676,1.47298,1.47321,1.13,1.13
2013.05.13 08:44:29.996,1.473,1.47323,2.59,1.13
2013.05.13 08:44:30.305,1.47303,1.47323,1.47,1.13
2013.05.13 08:44:30.566,1.473,1.47323,2.59,1.13
2013.05.13 08:44:31.104,1.473,1.47323,1.32,1.65
2013.05.13 08:44:31.847,1.473,1.47321,1.32,1.13
2013.05.13 08:44:32.730,1.47299,1.47319,1.69,1.13
2013.05.13 08:44:34.689,1.47301,1.47319,1.69,1.13
2013.05.13 08:44:35.916,1.47301,1.47322,2.74,1.13
2013.05.13 08:44:37.045,1.47302,1.4732,1.47,1.13
2013.05.13 08:44:39.087,1.47302,1.4732,1.47,1.13
2013.05.13 08:44:46.495,1.47302,1.47322,1.47,1.13
2013.05.13 08:44:46.625,1.47302,1.47324,1.47,1.50
2013.05.13 08:44:47.495,1.47304,1.47323,1.69,1.13
2013.05.13 08:44:48.986,1.47306,1.47329,1.47,1.50
2013.05.13 08:44:50.125,1.47309,1.47331,1.24,1.13
2013.05.13 08:44:50.202,1.47309,1.47331,1.24,1.13
2013.05.13 08:44:54.906,1.4731,1.47333,1.09,2.07
2013.05.13 08:44:55.511,1.47309,1.47333,1.62,1.50
2013.05.13 08:44:55.794,1.47309,1.47333,1.62,1.50
2013.05.13 08:44:56.505,1.47309,1.4733,1.62,1.50
2013.05.13 08:44:57.486,1.47311,1.47329,1.84,1.50
2013.05.13 08:45:01.469,1.47312,1.47332,1.32,1.13
2013.05.13 08:45:01.537,1.47312,1.47334,1.32,1.13
2013.05.13 08:45:01.671,1.47316,1.47334,1.47,1.13
2013.05.13 08:45:02.217,1.47316,1.47334,2.52,1.13
2013.05.13 08:45:02.465,1.47314,1.47332,1.13,1.13
2013.05.13 08:45:02.675,1.47311,1.47332,1.84,1.13
2013.05.13 08:45:03.230,1.47311,1.47329,1.47,1.13
2013.05.13 08:45:03.365,1.47309,1.47329,1.47,1.13
2013.05.13 08:45:04.139,1.47309,1.47328,1.24,1.13
2013.05.13 08:45:04.468,1.47308,1.47318,1.47,1.13
2013.05.13 08:45:04.597,1.47302,1.47318,1.84,1.13
2013.05.13 08:45:04.786,1.47303,1.47322,1.50,2.63
2013.05.13 08:45:04.917,1.47305,1.47323,1.88,1.50
2013.05.13 08:45:04.986,1.47305,1.47329,2.07,1.13
2013.05.13 08:45:05.055,1.47305,1.47329,2.89,1.13
2013.05.13 08:45:05.826,1.47309,1.47329,1.47,1.13
2013.05.13 08:45:06.194,1.47306,1.47329,1.62,1.13
2013.05.13 08:45:06.736,1.47308,1.47324,1.47,1.13
2013.05.13 08:45:07.707,1.47309,1.47332,1.47,1.88
2013.05.13 08:45:08.585,1.47306,1.47324,1.69,1.13
2013.05.13 08:45:08.673,1.47308,1.47323,1.47,1.13
2013.05.13 08:45:09.126,1.47309,1.47323,1.47,1.13
2013.05.13 08:45:09.266,1.47311,1.47323,1.05,1.13
2013.05.13 08:45:09.526,1.47307,1.47323,1.99,1.13
2013.05.13 08:45:09.966,1.47307,1.47328,2.44,1.13
2013.05.13 08:45:10.306,1.47309,1.47328,2.97,1.13
2013.05.13 08:45:10.496,1.47309,1.47327,2.97,1.13
2013.05.13 08:45:10.935,1.4731,1.47327,1.69,1.13
2013.05.13 08:45:11.185,1.47308,1.47327,1.47,1.13
2013.05.13 08:45:11.315,1.47309,1.47327,1.47,1.13
2013.05.13 08:45:11.384,1.47309,1.47327,1.47,1.13
2013.05.13 08:45:11.565,1.47313,1.47327,1.69,1.13
2013.05.13 08:45:12.137,1.47313,1.47327,1.69,1.13
2013.05.13 08:45:12.445,1.47313,1.47327,1.69,1.13
2013.05.13 08:45:12.766,1.4731,1.47327,1.47,1.13
2013.05.13 08:45:13.219,1.47312,1.47327,1.69,1.13
2013.05.13 08:45:13.407,1.47312,1.47327,1.69,1.13
2013.05.13 08:45:14.155,1.47312,1.47327,2.74,1.13
2013.05.13 08:45:14.586,1.47308,1.47327,1.47,1.13
2013.05.13 08:45:14.655,1.47306,1.47327,1.47,1.13
2013.05.13 08:45:14.786,1.4731,1.47327,1.28,1.13
2013.05.13 08:45:15.235,1.47311,1.47327,1.69,1.13
2013.05.13 08:45:15.594,1.47311,1.47327,1.69,1.13
2013.05.13 08:45:15.935,1.4731,1.47321,1.47,1.13
2013.05.13 08:45:16.185,1.47307,1.47321,1.47,1.13
2013.05.13 08:45:16.725,1.47311,1.47321,1.47,1.13
2013.05.13 08:45:16.795,1.47311,1.47321,1.47,1.13
2013.05.13 08:45:17.166,1.47311,1.47323,1.47,1.13
2013.05.13 08:45:17.305,1.47311,1.47326,1.47,1.13
2013.05.13 08:45:17.621,1.47311,1.47326,1.47,1.13
2013.05.13 08:45:17.816,1.4731,1.47326,1.47,1.13
2013.05.13 08:45:18.125,1.4731,1.47326,1.47,1.13
2013.05.13 08:45:18.196,1.47311,1.47326,1.47,1.13
2013.05.13 08:45:18.386,1.47311,1.47329,2.22,1.13
2013.05.13 08:45:18.907,1.47314,1.47328,1.47,1.13
2013.05.13 08:45:19.336,1.47313,1.47326,1.24,1.50
2013.05.13 08:45:19.666,1.47309,1.47328,2.97,1.50
2013.05.13 08:45:21.648,1.47309,1.47328,2.22,1.50
2013.05.13 08:45:21.727,1.47309,1.47326,1.28,1.50
2013.05.13 08:45:21.795,1.47309,1.47329,1.28,1.50
2013.05.13 08:45:22.287,1.47311,1.47326,1.69,1.88
2013.05.13 08:45:22.946,1.47314,1.47326,1.47,1.88
2013.05.13 08:45:23.195,1.47313,1.47328,2.22,1.50
2013.05.13 08:45:23.437,1.47309,1.47328,1.47,1.13
2013.05.13 08:45:23.507,1.47311,1.47328,1.47,1.13
2013.05.13 08:45:23.956,1.47313,1.4733,1.69,1.88
2013.05.13 08:45:24.287,1.47315,1.4733,2.44,1.88
2013.05.13 08:45:25.206,1.47316,1.47339,1.84,2.25
2013.05.13 08:45:26.246,1.47315,1.47336,1.09,1.88
2013.05.13 08:45:27.307,1.47315,1.47333,1.47,1.13
2013.05.13 08:45:28.897,1.47315,1.47333,1.47,1.13
2013.05.13 08:45:30.399,1.47309,1.47324,1.69,1.13
2013.05.13 08:45:30.967,1.4731,1.47327,1.47,1.50
2013.05.13 08:45:33.147,1.47307,1.47327,5.22,1.50
2013.05.13 08:45:33.216,1.47307,1.47327,2.22,1.50
2013.05.13 08:45:33.736,1.47307,1.47323,1.47,1.13
2013.05.13 08:45:34.335,1.4731,1.47323,1.47,1.13
2013.05.13 08:45:36.795,1.47309,1.47328,1.99,1.13
2013.05.13 08:45:37.395,1.4731,1.47328,2.22,1.13
2013.05.13 08:45:39.305,1.4731,1.47329,2.22,1.13
2013.05.13 08:45:42.183,1.4731,1.47327,2.22,1.13
2013.05.13 08:45:42.597,1.4731,1.47328,2.22,1.13
2013.05.13 08:45:44.035,1.4731,1.47327,2.22,1.13
2013.05.13 08:45:47.447,1.4731,1.47328,2.22,1.13
2013.05.13 08:45:48.675,1.47311,1.47329,1.69,1.13
2013.05.13 08:45:49.847,1.4731,1.47329,2.22,1.13
2013.05.13 08:45:57.180,1.47312,1.47332,2.44,1.88
2013.05.13 08:45:57.249,1.47316,1.47335,1.28,2.25
2013.05.13 08:45:57.320,1.4732,1.47334,1.28,1.50
2013.05.13 08:45:57.635,1.47327,1.47336,1.13,1.13
2013.05.13 08:45:58.096,1.47332,1.47337,2.03,1.13
2013.05.13 08:45:58.388,1.47332,1.47347,2.03,1.50
2013.05.13 08:45:58.896,1.47332,1.47347,2.82,1.50
2013.05.13 08:45:59.420,1.47333,1.47347,1.69,1.50
2013.05.13 08:45:59.487,1.47333,1.47351,1.69,1.88
2013.05.13 08:46:00.040,1.47332,1.47351,2.82,1.50
2013.05.13 08:46:00.236,1.47334,1.47351,1.69,1.50
2013.05.13 08:46:00.305,1.47332,1.47351,1.88,1.50
2013.05.13 08:46:00.445,1.47332,1.47351,1.13,1.50
2013.05.13 08:46:00.757,1.47341,1.47352,1.28,1.13
2013.05.13 08:46:00.945,1.47349,1.47359,1.69,1.88
2013.05.13 08:46:01.385,1.47355,1.47363,1.13,1.50
2013.05.13 08:46:01.580,1.47357,1.47367,2.33,1.50
2013.05.13 08:46:01.723,1.47359,1.4737,1.47,1.50
2013.05.13 08:46:01.797,1.47363,1.47383,1.13,1.13
2013.05.13 08:46:02.306,1.47362,1.47383,1.32,1.13
2013.05.13 08:46:03.270,1.4736,1.4738,1.69,1.50
2013.05.13 08:46:03.636,1.47358,1.47377,1.32,1.13
2013.05.13 08:46:03.765,1.47357,1.47377,1.13,1.13
2013.05.13 08:46:04.304,1.47357,1.47377,1.13,2.18
2013.05.13 08:46:04.625,1.47355,1.47374,1.69,1.88
2013.05.13 08:46:08.429,1.47353,1.47374,1.69,1.88
2013.05.13 08:46:08.565,1.47353,1.47377,1.69,2.18
2013.05.13 08:46:09.755,1.47352,1.47377,2.07,2.18
2013.05.13 08:46:10.725,1.47352,1.47377,2.07,2.18
2013.05.13 08:46:10.976,1.47352,1.47373,1.32,1.13
2013.05.13 08:46:11.753,1.47352,1.47372,1.13,1.13
2013.05.13 08:46:13.146,1.47351,1.47372,2.44,1.13
2013.05.13 08:46:13.397,1.47359,1.47377,1.13,1.62
2013.05.13 08:46:13.727,1.4736,1.47382,1.69,1.13
2013.05.13 08:46:14.227,1.4736,1.4738,1.69,1.28
2013.05.13 08:46:14.689,1.4736,1.4738,1.69,1.28
2013.05.13 08:46:14.816,1.47359,1.47377,1.32,1.09
2013.05.13 08:46:14.887,1.47354,1.47377,2.07,1.09
2013.05.13 08:46:15.300,1.47355,1.47378,1.69,1.43
2013.05.13 08:46:15.649,1.47355,1.47378,1.69,1.28
2013.05.13 08:46:16.307,1.47355,1.47378,1.69,1.13
2013.05.13 08:46:16.753,1.47357,1.47378,2.44,1.13
2013.05.13 08:46:17.443,1.47357,1.47373,2.44,1.13
2013.05.13 08:46:18.467,1.47357,1.47379,2.82,1.13
2013.05.13 08:46:19.786,1.47358,1.47378,1.47,1.13
2013.05.13 08:46:20.095,1.47358,1.47377,1.47,2.63
2013.05.13 08:46:20.959,1.47356,1.47377,1.99,1.88
2013.05.13 08:46:21.756,1.47356,1.47378,1.99,1.13
2013.05.13 08:46:22.311,1.47358,1.47378,1.47,1.13
2013.05.13 08:46:23.015,1.47358,1.47378,3.19,1.13
2013.05.13 08:46:23.335,1.47366,1.47382,3.19,1.13
2013.05.13 08:46:23.405,1.47366,1.47384,3.19,1.13
2013.05.13 08:46:23.475,1.47366,1.47384,1.69,1.13
2013.05.13 08:46:23.546,1.47366,1.47385,1.69,1.13
2013.05.13 08:46:23.688,1.47366,1.47385,1.69,1.13
2013.05.13 08:46:23.967,1.47366,1.47385,1.69,1.13
2013.05.13 08:46:24.156,1.47366,1.47385,1.69,1.13
2013.05.13 08:46:24.518,1.47366,1.47385,1.69,1.13
2013.05.13 08:46:27.307,1.47367,1.47385,3.19,1.13
2013.05.13 08:46:27.637,1.47368,1.47385,2.44,1.13
2013.05.13 08:46:27.769,1.47367,1.47385,1.69,1.13
2013.05.13 08:46:27.896,1.47367,1.47385,1.69,1.13
2013.05.13 08:46:28.562,1.47369,1.47392,1.32,2.63
2013.05.13 08:46:29.104,1.47369,1.47391,1.32,1.50
2013.05.13 08:46:29.185,1.47368,1.47389,1.69,1.13
2013.05.13 08:46:29.576,1.47365,1.47387,2.44,1.13
2013.05.13 08:46:29.653,1.47364,1.47384,3.94,1.13
2013.05.13 08:46:29.728,1.47364,1.47385,2.25,1.88
2013.05.13 08:46:29.797,1.47364,1.47385,1.50,2.44
2013.05.13 08:46:29.868,1.47363,1.4738,1.13,1.50
2013.05.13 08:46:30.077,1.47363,1.47384,1.13,1.69
2013.05.13 08:46:30.517,1.47357,1.4738,2.07,1.62
2013.05.13 08:46:30.922,1.47357,1.47371,1.50,1.05
2013.05.13 08:46:30.989,1.47357,1.47369,1.13,3.00
2013.05.13 08:46:31.135,1.47346,1.47362,1.50,1.28
2013.05.13 08:46:31.214,1.47346,1.4736,1.13,1.28
2013.05.13 08:46:31.358,1.47343,1.4736,1.50,1.43
2013.05.13 08:46:31.486,1.47343,1.47358,1.13,2.03
2013.05.13 08:46:31.564,1.47343,1.47355,1.13,2.03
2013.05.13 08:46:31.928,1.47343,1.47352,1.13,1.13
2013.05.13 08:46:32.410,1.47343,1.47355,1.13,1.28
2013.05.13 08:46:32.477,1.47343,1.47358,1.13,1.32
2013.05.13 08:46:32.606,1.47343,1.47356,1.13,1.13
2013.05.13 08:46:32.945,1.47343,1.47361,1.13,2.44
2013.05.13 08:46:33.537,1.47343,1.47361,1.13,2.25
2013.05.13 08:46:34.118,1.47333,1.47361,1.99,1.69
2013.05.13 08:46:34.441,1.47333,1.47358,1.99,1.13
2013.05.13 08:46:34.706,1.47334,1.47356,1.09,1.13
2013.05.13 08:46:35.388,1.47334,1.47356,1.09,1.13
2013.05.13 08:46:35.472,1.47331,1.47354,1.09,1.50
2013.05.13 08:46:35.683,1.47331,1.47356,1.09,1.13
2013.05.13 08:46:36.273,1.47335,1.47356,1.09,1.13
2013.05.13 08:46:36.618,1.47335,1.47356,1.09,1.13
2013.05.13 08:46:37.836,1.47335,1.47355,1.09,1.13
2013.05.13 08:46:38.560,1.47332,1.47355,1.84,1.50
2013.05.13 08:46:39.237,1.47335,1.47355,1.32,1.13
2013.05.13 08:46:39.309,1.47336,1.47357,1.32,1.50
2013.05.13 08:46:39.382,1.47338,1.47358,1.32,1.50
2013.05.13 08:46:39.579,1.47338,1.47363,2.07,2.03
2013.05.13 08:46:39.912,1.47342,1.47363,1.69,1.28
2013.05.13 08:46:40.239,1.47347,1.47367,2.44,2.03
2013.05.13 08:46:40.427,1.47346,1.47367,2.44,1.50
2013.05.13 08:46:40.887,1.47346,1.47372,1.32,1.43
2013.05.13 08:46:41.147,1.47346,1.47372,1.32,1.43
2013.05.13 08:46:42.708,1.47345,1.47372,1.32,1.43
2013.05.13 08:46:44.545,1.47347,1.47373,1.47,3.72
2013.05.13 08:46:45.607,1.47347,1.47373,1.47,3.72
2013.05.13 08:46:45.824,1.47354,1.47373,1.50,4.09
2013.05.13 08:46:45.889,1.47354,1.47373,2.25,2.59
2013.05.13 08:46:45.963,1.47356,1.47376,1.69,1.05
2013.05.13 08:46:46.086,1.47354,1.47379,1.69,1.28
2013.05.13 08:46:46.156,1.47353,1.47381,1.84,1.69
2013.05.13 08:46:46.536,1.47353,1.47379,1.84,1.50
2013.05.13 08:46:46.866,1.47351,1.47374,2.07,1.28
2013.05.13 08:46:47.198,1.47346,1.47368,1.69,1.65
2013.05.13 08:46:47.326,1.47343,1.47365,2.82,1.80
2013.05.13 08:46:47.397,1.47343,1.47364,1.32,1.65
2013.05.13 08:46:48.019,1.47337,1.4736,3.19,1.28
2013.05.13 08:46:48.327,1.47335,1.47358,2.07,1.13
2013.05.13 08:46:48.397,1.47335,1.47358,1.32,1.13
2013.05.13 08:46:48.729,1.47335,1.47358,1.32,1.65
2013.05.13 08:46:49.068,1.47339,1.47361,1.47,1.88
2013.05.13 08:46:49.535,1.47341,1.47361,1.69,1.88
2013.05.13 08:46:50.688,1.47342,1.47364,1.32,1.13
2013.05.13 08:46:50.758,1.47342,1.47364,1.32,1.13
2013.05.13 08:46:50.966,1.47343,1.47366,2.59,1.13
2013.05.13 08:46:51.837,1.47343,1.47366,1.32,1.65
2013.05.13 08:46:54.609,1.47344,1.47366,1.13,2.22
2013.05.13 08:46:55.117,1.47346,1.47368,1.47,1.13
2013.05.13 08:46:55.425,1.47346,1.47366,1.47,1.13
2013.05.13 08:46:56.396,1.47347,1.47369,1.32,1.13
2013.05.13 08:46:56.710,1.47352,1.47369,1.32,1.13
2013.05.13 08:46:56.781,1.47352,1.47369,1.32,1.13
2013.05.13 08:46:57.297,1.47347,1.47369,1.32,1.13
2013.05.13 08:46:58.047,1.47347,1.47368,1.32,1.50
2013.05.13 08:46:58.629,1.47348,1.47368,1.32,1.88
2013.05.13 08:46:59.917,1.47348,1.47369,1.32,1.13
2013.05.13 08:47:00.116,1.47348,1.47369,1.32,1.13
2013.05.13 08:47:00.637,1.47347,1.47369,1.84,1.13
2013.05.13 08:47:00.975,1.47347,1.47369,1.32,1.65
2013.05.13 08:47:01.047,1.47347,1.47369,1.32,1.65
2013.05.13 08:47:01.682,1.47347,1.47368,1.32,1.50
2013.05.13 08:47:02.277,1.47347,1.47368,1.32,1.50
2013.05.13 08:47:02.647,1.4734,1.47364,1.20,1.32
2013.05.13 08:47:02.718,1.47338,1.4736,1.09,1.50
2013.05.13 08:47:02.786,1.47335,1.4736,1.47,2.03
2013.05.13 08:47:03.775,1.47336,1.47358,1.32,1.65
2013.05.13 08:47:04.286,1.47337,1.47357,1.32,1.13
2013.05.13 08:47:04.801,1.47337,1.47358,1.32,1.88
2013.05.13 08:47:05.320,1.47337,1.47358,1.32,1.88
2013.05.13 08:47:05.385,1.47337,1.47358,1.32,1.13
2013.05.13 08:47:05.706,1.47341,1.4736,1.13,1.28
2013.05.13 08:47:07.599,1.47339,1.47358,1.47,1.13
2013.05.13 08:47:08.347,1.47342,1.47363,1.50,1.32
2013.05.13 08:47:08.665,1.4735,1.47372,1.13,1.32
2013.05.13 08:47:08.796,1.47351,1.47372,1.13,1.32
2013.05.13 08:47:08.866,1.47351,1.47373,1.13,1.32
2013.05.13 08:47:08.936,1.47351,1.47371,1.13,1.32
2013.05.13 08:47:09.006,1.47348,1.47369,1.09,1.50
2013.05.13 08:47:09.256,1.47349,1.47371,1.13,1.17
2013.05.13 08:47:09.326,1.47349,1.4737,1.13,1.24
2013.05.13 08:47:09.457,1.47349,1.47373,1.13,1.69
2013.05.13 08:47:09.836,1.47349,1.47371,1.13,1.73
2013.05.13 08:47:10.445,1.47349,1.47371,1.13,1.13
2013.05.13 08:47:11.246,1.47349,1.47369,1.28,1.13
2013.05.13 08:47:12.886,1.47348,1.47373,1.84,2.25
2013.05.13 08:47:15.417,1.47348,1.47369,1.84,1.13
2013.05.13 08:47:17.702,1.47346,1.47366,1.84,1.13
2013.05.13 08:47:17.915,1.47346,1.47368,1.84,1.13
2013.05.13 08:47:18.106,1.47348,1.4737,1.32,1.13
2013.05.13 08:47:18.598,1.47346,1.47369,1.84,1.13
2013.05.13 08:47:20.116,1.47349,1.47368,1.24,1.13
2013.05.13 08:47:20.805,1.47348,1.47368,1.32,1.13
2013.05.13 08:47:21.150,1.47346,1.47367,1.47,1.50
2013.05.13 08:47:21.356,1.4734,1.47365,1.13,1.09
2013.05.13 08:47:21.496,1.47338,1.47363,1.09,1.32
2013.05.13 08:47:22.117,1.47337,1.47363,1.80,1.32
2013.05.13 08:47:22.931,1.47334,1.47359,1.32,1.47
2013.05.13 08:47:23.151,1.47334,1.47358,1.32,1.13
2013.05.13 08:47:24.377,1.47331,1.47358,2.37,2.44
2013.05.13 08:47:26.926,1.47331,1.47353,1.13,1.13
2013.05.13 08:47:27.237,1.47327,1.47352,2.07,1.09
2013.05.13 08:47:28.108,1.47327,1.47349,1.88,1.02
2013.05.13 08:47:28.241,1.47327,1.47348,1.50,2.18
2013.05.13 08:47:29.477,1.47323,1.4735,1.84,2.22
2013.05.13 08:47:29.666,1.47326,1.47349,1.13,1.09
2013.05.13 08:47:30.046,1.47326,1.47351,2.82,1.20
2013.05.13 08:47:30.577,1.47326,1.4735,1.84,1.32
2013.05.13 08:47:31.247,1.47326,1.4735,1.09,1.32
2013.05.13 08:47:34.297,1.47326,1.4735,1.69,1.65
2013.05.13 08:47:35.157,1.47332,1.47355,1.32,1.09
2013.05.13 08:47:35.347,1.47332,1.47355,1.32,1.09
2013.05.13 08:47:35.605,1.47332,1.47355,1.32,1.09
2013.05.13 08:47:36.696,1.47333,1.47356,2.07,1.24
2013.05.13 08:47:38.068,1.47333,1.47355,2.07,1.28
2013.05.13 08:47:38.203,1.47336,1.47358,1.13,1.32
2013.05.13 08:47:38.755,1.47333,1.47358,2.14,1.32
2013.05.13 08:47:39.064,1.47332,1.47357,2.82,1.24
2013.05.13 08:47:40.976,1.47335,1.47357,1.13,1.24
2013.05.13 08:47:42.657,1.47332,1.47355,1.50,1.84
2013.05.13 08:47:43.450,1.47328,1.47353,1.88,1.84
2013.05.13 08:47:43.515,1.47328,1.47353,1.88,1.62
2013.05.13 08:47:43.708,1.47322,1.47347,1.32,2.25
2013.05.13 08:47:44.017,1.47319,1.47347,1.32,2.78
2013.05.13 08:47:44.216,1.47317,1.47346,2.97,1.09
2013.05.13 08:47:45.346,1.47317,1.47341,1.69,1.43
2013.05.13 08:47:46.216,1.47314,1.47342,3.34,1.09
2013.05.13 08:47:46.787,1.47316,1.47342,1.47,2.59
2013.05.13 08:47:47.422,1.47318,1.47338,1.05,1.13
2013.05.13 08:47:48.715,1.47318,1.47341,2.18,1.13
2013.05.13 08:47:49.035,1.47321,1.47341,1.47,1.13
2013.05.13 08:47:49.285,1.47318,1.47341,1.09,1.13
2013.05.13 08:47:49.475,1.47318,1.47342,1.09,1.32
2013.05.13 08:47:50.556,1.47318,1.47342,1.09,1.13
2013.05.13 08:47:51.876,1.47319,1.47342,1.09,1.13
2013.05.13 08:47:52.385,1.47319,1.47342,1.62,1.13
2013.05.13 08:47:52.716,1.47325,1.47348,2.55,2.44
2013.05.13 08:47:53.265,1.47327,1.47348,1.84,1.50
2013.05.13 08:47:53.455,1.47327,1.47353,2.22,1.84
2013.05.13 08:47:53.705,1.4733,1.47354,1.09,1.13
2013.05.13 08:47:54.518,1.4733,1.47358,1.84,2.22
2013.05.13 08:47:55.337,1.4733,1.47354,1.47,1.88
2013.05.13 08:47:56.855,1.47329,1.47352,1.62,1.50
2013.05.13 08:47:57.796,1.47329,1.47354,1.62,2.25
2013.05.13 08:47:58.205,1.47329,1.4735,1.62,1.13
2013.05.13 08:47:58.476,1.47329,1.47352,1.62,1.13
2013.05.13 08:48:00.127,1.47329,1.4735,1.43,1.50
2013.05.13 08:48:00.438,1.4733,1.4735,1.09,1.50
2013.05.13 08:48:00.847,1.4733,1.47346,1.09,1.50
2013.05.13 08:48:01.345,1.47329,1.47348,1.05,1.88
2013.05.13 08:48:01.475,1.47325,1.47348,1.24,2.07
2013.05.13 08:48:01.902,1.47322,1.47348,1.28,1.84
2013.05.13 08:48:02.036,1.47322,1.47348,1.28,1.84
2013.05.13 08:48:02.795,1.47324,1.47348,1.65,1.84
2013.05.13 08:48:03.095,1.47326,1.47353,1.13,1.92
2013.05.13 08:48:03.626,1.47327,1.47353,1.80,1.32
2013.05.13 08:48:04.580,1.47327,1.47351,1.28,1.32
2013.05.13 08:48:05.367,1.47322,1.47348,1.32,1.32
2013.05.13 08:48:05.557,1.47326,1.47348,1.13,2.07
2013.05.13 08:48:06.115,1.47324,1.47347,1.65,1.32
2013.05.13 08:48:06.840,1.47326,1.47346,1.28,1.32
2013.05.13 08:48:07.407,1.47324,1.47346,1.05,1.32
2013.05.13 08:48:07.937,1.47327,1.47349,1.13,1.32
2013.05.13 08:48:08.006,1.47327,1.47351,1.13,1.69
2013.05.13 08:48:08.515,1.47327,1.47348,2.22,1.13
2013.05.13 08:48:08.709,1.47327,1.47353,3.34,1.65
2013.05.13 08:48:09.147,1.47327,1.47351,1.32,1.13
2013.05.13 08:48:09.895,1.47327,1.47351,1.32,1.13
2013.05.13 08:48:10.464,1.47331,1.47352,1.47,1.13
2013.05.13 08:48:10.916,1.47332,1.47358,1.32,2.59
2013.05.13 08:48:11.845,1.47337,1.47359,1.13,1.13
2013.05.13 08:48:13.775,1.47336,1.47359,1.84,1.13
2013.05.13 08:48:14.116,1.47336,1.47359,1.65,1.32
2013.05.13 08:48:14.425,1.47336,1.4736,1.69,1.09
2013.05.13 08:48:14.861,1.47339,1.47359,1.50,1.09
2013.05.13 08:48:16.087,1.47341,1.47364,1.13,2.14
2013.05.13 08:48:16.156,1.47341,1.47364,1.13,1.32
2013.05.13 08:48:16.878,1.47341,1.47363,1.88,1.13
2013.05.13 08:48:17.065,1.47341,1.47368,1.13,1.24
2013.05.13 08:48:17.187,1.4734,1.47366,2.03,2.07
2013.05.13 08:48:17.716,1.4734,1.47364,1.13,1.09
2013.05.13 08:48:18.849,1.4734,1.47364,1.32,1.84
2013.05.13 08:48:19.710,1.47336,1.47364,2.82,1.84
2013.05.13 08:48:19.906,1.47336,1.47364,2.07,1.09
2013.05.13 08:48:20.218,1.47338,1.47362,1.13,1.32
2013.05.13 08:48:20.412,1.47338,1.47361,1.13,1.13
2013.05.13 08:48:20.478,1.47338,1.47359,1.13,2.03
2013.05.13 08:48:20.786,1.47337,1.47359,1.13,1.47
2013.05.13 08:48:20.917,1.47338,1.4736,1.13,1.24
2013.05.13 08:48:21.127,1.47336,1.47359,1.13,1.47
2013.05.13 08:48:21.197,1.47334,1.47358,1.69,1.09
2013.05.13 08:48:22.418,1.47336,1.4736,1.13,2.37
2013.05.13 08:48:22.940,1.47336,1.4736,1.13,1.62
2013.05.13 08:48:23.905,1.47336,1.4736,1.13,1.62
2013.05.13 08:48:24.260,1.47336,1.4736,1.13,2.37
2013.05.13 08:48:25.005,1.47338,1.47362,2.07,1.09
2013.05.13 08:48:25.136,1.47338,1.47364,1.69,1.80
2013.05.13 08:48:25.523,1.4734,1.47364,1.32,1.13
2013.05.13 08:48:25.591,1.4734,1.47364,1.32,2.18
2013.05.13 08:48:26.104,1.47337,1.47361,1.32,1.28
2013.05.13 08:48:26.436,1.47337,1.47361,1.32,1.28
2013.05.13 08:48:27.414,1.47336,1.4736,1.69,1.13
2013.05.13 08:48:28.022,1.47336,1.4736,1.32,1.13
2013.05.13 08:48:28.815,1.47337,1.4736,1.69,1.13
2013.05.13 08:48:30.926,1.47339,1.47363,1.09,1.50
2013.05.13 08:48:32.646,1.47339,1.47363,1.84,1.50
2013.05.13 08:48:33.617,1.4734,1.47363,1.32,1.50
2013.05.13 08:48:33.700,1.47342,1.47363,1.84,1.50
2013.05.13 08:48:33.766,1.47343,1.47363,1.32,1.50
2013.05.13 08:48:34.374,1.47347,1.47373,3.72,1.88
2013.05.13 08:48:34.866,1.47348,1.47373,1.69,1.88
2013.05.13 08:48:35.347,1.47352,1.47376,1.32,1.05
2013.05.13 08:48:35.656,1.47354,1.47378,1.32,2.22
2013.05.13 08:48:35.906,1.4735,1.47376,1.09,1.50
2013.05.13 08:48:35.976,1.47351,1.47377,1.32,1.47
2013.05.13 08:48:36.106,1.47351,1.47376,1.32,1.32
2013.05.13 08:48:36.605,1.47351,1.47376,1.32,1.32
2013.05.13 08:48:40.277,1.47354,1.47376,1.13,1.13
2013.05.13 08:48:42.146,1.47353,1.47378,1.32,1.13
2013.05.13 08:48:42.575,1.47356,1.47379,1.13,1.50
2013.05.13 08:48:42.695,1.47357,1.47383,1.32,2.29
2013.05.13 08:48:42.756,1.47357,1.47383,1.32,2.10
2013.05.13 08:48:42.913,1.47357,1.47383,1.32,2.10
2013.05.13 08:48:43.545,1.47357,1.47383,2.07,1.50
2013.05.13 08:48:43.745,1.47359,1.47383,1.69,1.50
2013.05.13 08:48:44.085,1.47359,1.47384,1.69,1.65
2013.05.13 08:48:44.677,1.47359,1.47384,1.69,2.40
2013.05.13 08:48:44.865,1.47359,1.47384,1.69,2.40
2013.05.13 08:48:45.238,1.47361,1.47384,1.32,2.03
2013.05.13 08:48:46.456,1.47363,1.47384,1.32,1.28
2013.05.13 08:48:46.526,1.47363,1.47385,1.32,1.28
2013.05.13 08:48:46.835,1.47364,1.4739,1.28,2.25
2013.05.13 08:48:46.955,1.47364,1.4739,1.47,1.50
2013.05.13 08:48:47.265,1.47367,1.4739,1.13,1.50
2013.05.13 08:48:47.765,1.47367,1.47388,1.13,1.13
2013.05.13 08:48:50.902,1.47367,1.47392,1.32,1.32
2013.05.13 08:48:51.172,1.47367,1.47394,2.59,1.84
2013.05.13 08:48:51.389,1.47367,1.47394,2.59,1.92
2013.05.13 08:48:51.585,1.47367,1.47392,2.59,1.02
2013.05.13 08:48:52.736,1.47368,1.47393,1.69,1.20
2013.05.13 08:48:56.735,1.47376,1.47398,1.02,2.70
2013.05.13 08:48:56.810,1.47377,1.47398,2.97,2.70
2013.05.13 08:48:56.935,1.47379,1.47398,1.47,1.50
2013.05.13 08:48:57.116,1.4738,1.47407,1.47,2.67
2013.05.13 08:48:57.875,1.47382,1.47407,1.47,2.07
2013.05.13 08:48:58.140,1.47382,1.47403,1.99,1.13
2013.05.13 08:48:58.786,1.47379,1.47398,1.47,1.13
2013.05.13 08:49:00.434,1.47384,1.47402,1.13,1.50
2013.05.13 08:49:00.996,1.47382,1.47403,1.32,1.50
2013.05.13 08:49:02.830,1.4738,1.47403,1.47,1.88
2013.05.13 08:49:03.915,1.4738,1.47403,1.28,2.07
2013.05.13 08:49:04.115,1.4738,1.47403,1.28,2.07
2013.05.13 08:49:04.975,1.4738,1.47403,1.28,2.07
2013.05.13 08:49:05.376,1.4738,1.47403,1.47,1.88
2013.05.13 08:49:05.925,1.4738,1.47403,1.47,1.88
2013.05.13 08:49:07.147,1.4738,1.47403,1.47,1.88
2013.05.13 08:49:07.965,1.47379,1.474,1.13,1.28
2013.05.13 08:49:08.425,1.47379,1.474,1.13,1.80
2013.05.13 08:49:09.629,1.47374,1.47399,1.32,1.88
2013.05.13 08:49:09.866,1.47374,1.47399,1.32,1.88
2013.05.13 08:49:10.632,1.47374,1.47399,1.32,1.88
2013.05.13 08:49:11.937,1.47375,1.47399,1.69,1.50
2013.05.13 08:49:15.067,1.47376,1.47399,1.69,1.13
2013.05.13 08:49:17.056,1.47379,1.474,1.32,1.28
2013.05.13 08:49:17.187,1.47382,1.47406,1.32,1.28
2013.05.13 08:49:17.316,1.47382,1.47406,2.82,1.28
2013.05.13 08:49:17.841,1.47386,1.47408,1.47,1.13
2013.05.13 08:49:18.717,1.47386,1.47411,1.47,1.32
2013.05.13 08:49:19.175,1.47386,1.47408,1.47,1.50
2013.05.13 08:49:19.747,1.47386,1.47408,1.47,1.50
2013.05.13 08:49:20.419,1.47387,1.47408,1.32,1.50
2013.05.13 08:49:20.726,1.47386,1.47405,1.84,1.50
2013.05.13 08:49:21.096,1.47386,1.47409,1.32,2.03
2013.05.13 08:49:21.285,1.4739,1.47409,1.47,1.50
2013.05.13 08:49:21.657,1.4739,1.47414,1.84,1.50
2013.05.13 08:49:21.725,1.4739,1.47413,1.84,1.50
2013.05.13 08:49:22.156,1.47391,1.47415,1.69,1.13
2013.05.13 08:49:22.705,1.47391,1.47415,1.69,1.13
2013.05.13 08:49:23.187,1.47394,1.47416,1.28,1.88
2013.05.13 08:49:23.806,1.47392,1.47413,1.32,1.50
2013.05.13 08:49:25.155,1.47392,1.47413,1.69,1.50
2013.05.13 08:49:25.229,1.47392,1.47413,1.69,1.50
2013.05.13 08:49:25.570,1.47396,1.47415,1.32,1.13
2013.05.13 08:49:25.641,1.47395,1.47416,1.69,1.50
2013.05.13 08:49:25.707,1.47394,1.47417,2.07,1.13
2013.05.13 08:49:26.241,1.47392,1.47409,1.69,1.50
2013.05.13 08:49:26.977,1.47391,1.4741,1.32,1.50
2013.05.13 08:49:27.436,1.47391,1.47409,1.32,1.50
2013.05.13 08:49:27.767,1.47388,1.47407,2.07,1.50
2013.05.13 08:49:28.728,1.47387,1.47409,1.47,1.50
2013.05.13 08:49:28.796,1.47387,1.47409,1.47,1.50
2013.05.13 08:49:29.126,1.47388,1.4741,1.84,1.13
2013.05.13 08:49:29.196,1.47388,1.4741,1.84,1.13
2013.05.13 08:49:29.704,1.47388,1.47415,1.84,1.99
2013.05.13 08:49:30.184,1.4739,1.47415,1.32,1.47
2013.05.13 08:49:30.528,1.47396,1.47412,1.88,1.50
2013.05.13 08:49:30.666,1.47396,1.47415,1.13,1.47
2013.05.13 08:49:30.737,1.47396,1.47419,1.13,1.69
2013.05.13 08:49:30.867,1.47396,1.47419,1.13,2.44
2013.05.13 08:49:31.134,1.47396,1.47419,1.13,1.50
2013.05.13 08:49:31.256,1.47396,1.47418,1.13,1.47
2013.05.13 08:49:31.328,1.47392,1.47416,1.50,1.47
2013.05.13 08:49:31.456,1.47392,1.47416,1.50,1.47
2013.05.13 08:49:32.047,1.47393,1.47418,1.47,1.50
2013.05.13 08:49:33.556,1.47397,1.4742,2.44,1.32
2013.05.13 08:49:33.630,1.47403,1.47424,1.13,1.32
2013.05.13 08:49:33.770,1.47406,1.47428,1.20,2.03
2013.05.13 08:49:34.156,1.47412,1.47434,1.28,1.69
2013.05.13 08:49:34.526,1.47412,1.47437,1.28,1.32
2013.05.13 08:49:35.034,1.47412,1.47439,1.28,2.59
2013.05.13 08:49:35.706,1.47412,1.47439,2.03,1.84
2013.05.13 08:49:36.016,1.47412,1.47438,4.47,1.32
2013.05.13 08:49:36.658,1.47419,1.47442,1.28,2.44
2013.05.13 08:49:36.907,1.47422,1.47442,1.50,1.84
2013.05.13 08:49:37.156,1.47416,1.47437,1.69,1.28
2013.05.13 08:49:37.346,1.47416,1.47437,1.50,1.99
2013.05.13 08:49:37.611,1.47416,1.47435,1.50,1.28
2013.05.13 08:49:38.115,1.47413,1.47436,1.88,2.22
2013.05.13 08:49:39.397,1.47412,1.47433,1.50,2.03
2013.05.13 08:49:39.468,1.47412,1.47433,1.69,2.03
2013.05.13 08:49:39.899,1.4741,1.47433,1.32,1.28
2013.05.13 08:49:40.437,1.4741,1.47433,1.32,1.28
2013.05.13 08:49:40.566,1.4741,1.47433,1.32,2.03
2013.05.13 08:49:40.875,1.4741,1.47433,1.32,2.03
2013.05.13 08:49:41.838,1.4741,1.47433,1.32,2.03
2013.05.13 08:49:42.042,1.4741,1.47433,1.32,2.03
2013.05.13 08:49:44.436,1.4741,1.47433,1.13,2.03
2013.05.13 08:49:44.745,1.4741,1.47437,1.32,1.62
2013.05.13 08:49:44.815,1.4741,1.47437,1.32,1.09
2013.05.13 08:49:44.995,1.4741,1.47436,2.07,1.80
2013.05.13 08:49:47.295,1.47411,1.47436,1.32,1.24
2013.05.13 08:49:49.700,1.4741,1.47434,1.69,1.09
2013.05.13 08:49:51.310,1.4741,1.47435,2.07,1.65
2013.05.13 08:49:52.215,1.4741,1.47433,1.69,1.13
2013.05.13 08:49:52.600,1.4741,1.47432,1.69,1.13
2013.05.13 08:49:52.729,1.47408,1.47434,2.07,1.13
2013.05.13 08:49:54.140,1.47408,1.4743,1.69,1.13
2013.05.13 08:49:54.957,1.47411,1.47434,2.07,1.13
2013.05.13 08:49:55.089,1.47412,1.47434,1.69,1.13
2013.05.13 08:49:55.778,1.47411,1.47437,2.07,1.65
2013.05.13 08:49:55.847,1.47413,1.47437,1.32,1.28
2013.05.13 08:49:56.057,1.47413,1.47437,1.32,1.28
2013.05.13 08:49:56.305,1.47413,1.47439,2.07,1.62
2013.05.13 08:49:56.637,1.47413,1.47438,2.59,1.13
2013.05.13 08:49:56.906,1.47413,1.47441,2.59,1.09
2013.05.13 08:49:57.159,1.47416,1.47442,1.69,2.37
2013.05.13 08:49:57.533,1.47417,1.47441,1.32,1.28
2013.05.13 08:49:57.885,1.47414,1.47441,2.07,2.22
2013.05.13 08:49:58.437,1.47414,1.47441,2.07,2.97
2013.05.13 08:49:58.766,1.47413,1.47436,1.09,1.50
2013.05.13 08:49:59.136,1.47409,1.47429,1.69,1.88
2013.05.13 08:49:59.396,1.47402,1.47427,1.69,1.13
2013.05.13 08:49:59.526,1.47401,1.47427,1.69,1.84
2013.05.13 08:50:01.396,1.47399,1.47424,2.59,1.13
2013.05.13 08:50:01.609,1.47399,1.47424,2.59,1.13
2013.05.13 08:50:01.938,1.47402,1.47423,1.47,1.13
2013.05.13 08:50:02.392,1.47402,1.47423,1.47,1.13
2013.05.13 08:50:02.457,1.47401,1.47423,2.59,1.13
2013.05.13 08:50:02.646,1.47401,1.47423,2.59,1.13
2013.05.13 08:50:03.208,1.47401,1.47423,1.84,1.13
2013.05.13 08:50:03.756,1.47399,1.47425,1.13,1.09
2013.05.13 08:50:03.886,1.47399,1.47425,1.13,1.09
2013.05.13 08:50:05.093,1.47401,1.47423,1.47,1.13
2013.05.13 08:50:05.945,1.47401,1.47425,2.22,1.13
2013.05.13 08:50:06.475,1.47399,1.47425,1.69,1.84
2013.05.13 08:50:06.535,1.47399,1.47425,1.69,1.84
2013.05.13 08:50:07.037,1.47398,1.4742,1.84,1.13
2013.05.13 08:50:07.766,1.47399,1.4742,1.32,1.13
2013.05.13 08:50:08.335,1.47399,1.4742,1.32,1.13
2013.05.13 08:50:09.046,1.47398,1.4742,1.47,1.13
2013.05.13 08:50:09.336,1.47397,1.4742,2.07,1.13
2013.05.13 08:50:09.885,1.47397,1.4742,2.07,1.13
2013.05.13 08:50:11.107,1.47397,1.4742,1.32,1.13
2013.05.13 08:50:11.662,1.47397,1.4742,1.32,1.13
2013.05.13 08:50:13.846,1.47397,1.47421,1.69,1.65
2013.05.13 08:50:15.987,1.47393,1.47418,1.32,1.28
2013.05.13 08:50:16.188,1.47393,1.47411,1.32,1.28
2013.05.13 08:50:16.496,1.47392,1.47408,1.13,1.28
2013.05.13 08:50:16.566,1.47392,1.47412,1.13,1.05
2013.05.13 08:50:16.697,1.47392,1.47415,1.13,1.47
2013.05.13 08:50:16.827,1.47393,1.47415,1.32,1.28
2013.05.13 08:50:17.017,1.47393,1.47417,1.32,1.24
2013.05.13 08:50:17.086,1.47393,1.47417,1.32,1.05
2013.05.13 08:50:17.676,1.47393,1.47415,1.32,1.28
2013.05.13 08:50:17.926,1.4739,1.47415,1.32,2.03
2013.05.13 08:50:18.057,1.47393,1.47414,1.13,2.78
2013.05.13 08:50:18.616,1.4739,1.47413,2.07,1.80
2013.05.13 08:50:19.398,1.4739,1.47413,3.19,1.80
2013.05.13 08:50:20.082,1.4739,1.47413,3.19,1.05
2013.05.13 08:50:22.053,1.47391,1.47413,1.47,1.05
2013.05.13 08:50:23.528,1.4739,1.47413,2.22,1.05
2013.05.13 08:50:23.598,1.47388,1.47413,1.32,1.05
2013.05.13 08:50:23.976,1.47388,1.47411,1.32,1.28
2013.05.13 08:50:24.497,1.47387,1.4741,1.69,1.05
2013.05.13 08:50:25.122,1.47387,1.47409,1.69,1.28
2013.05.13 08:50:25.477,1.47387,1.47409,1.69,1.28
2013.05.13 08:50:27.585,1.47387,1.47409,1.32,1.28
2013.05.13 08:50:29.326,1.47386,1.47409,1.69,1.28
2013.05.13 08:50:30.565,1.47385,1.47408,2.82,2.85
2013.05.13 08:50:33.024,1.47385,1.47408,1.69,2.85
2013.05.13 08:50:34.185,1.47384,1.47409,1.32,1.28
2013.05.13 08:50:34.306,1.47385,1.47409,1.77,1.28
2013.05.13 08:50:34.696,1.47385,1.47412,2.22,1.54
2013.05.13 08:50:34.766,1.47385,1.47411,2.22,3.64
2013.05.13 08:50:37.964,1.47385,1.47408,1.32,1.28
2013.05.13 08:50:42.552,1.47385,1.47408,1.32,1.28
2013.05.13 08:50:45.244,1.47386,1.47408,1.32,1.28
2013.05.13 08:50:46.041,1.47386,1.47408,1.32,1.28
2013.05.13 08:50:53.745,1.47386,1.47412,1.69,1.58
2013.05.13 08:50:54.536,1.47383,1.47408,1.32,1.80
2013.05.13 08:50:57.845,1.47383,1.47408,2.07,1.28
2013.05.13 08:50:58.705,1.47383,1.47408,2.07,1.28
2013.05.13 08:50:58.776,1.47383,1.47406,1.50,1.13
2013.05.13 08:50:58.975,1.47382,1.47406,1.84,1.13
2013.05.13 08:51:05.696,1.47382,1.47408,2.22,1.84
2013.05.13 08:51:05.886,1.47382,1.47411,2.97,1.24
2013.05.13 08:51:06.716,1.47382,1.47408,2.97,1.28
2013.05.13 08:51:07.564,1.47382,1.47408,2.97,1.28
2013.05.13 08:51:09.158,1.47385,1.47406,1.09,1.50
2013.05.13 08:51:09.285,1.47382,1.47406,2.59,1.50
2013.05.13 08:51:11.076,1.47386,1.47406,1.09,1.50
2013.05.13 08:51:11.998,1.47386,1.47406,1.09,1.50
2013.05.13 08:51:12.330,1.47386,1.47406,1.09,1.50
2013.05.13 08:51:13.437,1.47385,1.47404,1.47,1.13
2013.05.13 08:51:15.707,1.47387,1.47399,1.13,1.50
2013.05.13 08:51:15.777,1.47389,1.47399,1.28,1.50
2013.05.13 08:51:16.026,1.47389,1.4741,1.05,1.28
2013.05.13 08:51:27.858,1.47389,1.47413,1.99,1.13
2013.05.13 08:51:29.170,1.47389,1.47411,1.99,1.13
2013.05.13 08:51:30.167,1.47389,1.47411,1.99,1.13
2013.05.13 08:51:30.541,1.47393,1.47415,1.99,1.13
2013.05.13 08:51:31.396,1.4739,1.47415,1.43,1.88
2013.05.13 08:51:32.576,1.4739,1.47408,1.05,1.50
2013.05.13 08:51:33.613,1.47392,1.47407,1.28,1.13
2013.05.13 08:51:33.811,1.47391,1.47414,1.28,1.32
2013.05.13 08:51:34.217,1.47391,1.47416,2.03,1.69
2013.05.13 08:51:34.777,1.47394,1.47417,1.28,2.07
2013.05.13 08:51:36.807,1.47392,1.47416,1.24,1.50
2013.05.13 08:51:42.622,1.47394,1.47418,1.28,2.07
2013.05.13 08:51:46.496,1.47393,1.47412,1.09,1.13
2013.05.13 08:51:47.806,1.47395,1.47417,1.28,1.13
2013.05.13 08:51:52.036,1.47393,1.47417,1.09,1.13
2013.05.13 08:51:54.385,1.47394,1.47417,1.77,1.32
2013.05.13 08:51:56.659,1.47395,1.47417,1.05,1.32
2013.05.13 08:51:56.912,1.47391,1.47417,2.18,1.32
2013.05.13 08:51:57.050,1.47391,1.47416,1.88,1.47
2013.05.13 08:51:57.317,1.47391,1.47417,1.13,1.84
2013.05.13 08:51:57.848,1.4739,1.47414,1.24,1.13
2013.05.13 08:52:01.008,1.4739,1.47414,1.24,1.13
2013.05.13 08:52:02.446,1.47389,1.47414,1.09,1.32
2013.05.13 08:52:03.067,1.47389,1.47413,1.09,1.13
2013.05.13 08:52:03.526,1.47389,1.47413,1.09,1.13
2013.05.13 08:52:03.999,1.47389,1.47413,1.09,1.13
2013.05.13 08:52:04.556,1.47389,1.47413,1.09,1.13
2013.05.13 08:52:10.807,1.47391,1.47416,1.13,1.84
2013.05.13 08:52:10.936,1.47395,1.47419,1.28,2.22
2013.05.13 08:52:10.995,1.47395,1.4742,1.28,1.32
2013.05.13 08:52:11.116,1.47395,1.47417,1.28,1.69
2013.05.13 08:52:12.114,1.47391,1.47419,1.84,2.22
2013.05.13 08:52:12.742,1.47391,1.47417,1.84,1.69
2013.05.13 08:52:14.417,1.47396,1.47419,1.28,1.84
2013.05.13 08:52:14.557,1.47394,1.47419,1.80,1.32
2013.05.13 08:52:15.088,1.4739,1.47414,1.47,2.63
2013.05.13 08:52:15.219,1.47391,1.47414,1.69,1.32
2013.05.13 08:52:15.348,1.47392,1.47416,1.69,1.13
2013.05.13 08:52:15.667,1.47397,1.47423,1.13,3.87
2013.05.13 08:52:15.809,1.47397,1.47423,2.37,1.84
2013.05.13 08:52:15.878,1.474,1.47424,1.13,1.69
2013.05.13 08:52:16.247,1.474,1.47423,1.13,1.32
2013.05.13 08:52:16.568,1.47397,1.47423,2.37,2.07
2013.05.13 08:52:17.126,1.474,1.47423,1.13,1.32
2013.05.13 08:52:17.866,1.47397,1.47421,1.62,1.13
2013.05.13 08:52:18.835,1.47399,1.47421,1.47,1.13
2013.05.13 08:52:19.025,1.47402,1.47426,1.13,1.84
2013.05.13 08:52:19.552,1.47402,1.47428,1.65,1.69
2013.05.13 08:52:19.617,1.47402,1.47425,1.65,1.69
2013.05.13 08:52:21.007,1.47399,1.47418,1.47,1.13
2013.05.13 08:52:22.516,1.47397,1.47418,1.28,1.88
2013.05.13 08:52:22.585,1.47399,1.47418,1.28,1.13
2013.05.13 08:52:23.512,1.47396,1.47418,1.99,1.13
2013.05.13 08:52:24.126,1.47399,1.47419,1.28,1.32
2013.05.13 08:52:27.611,1.47396,1.47417,1.32,1.13
2013.05.13 08:52:27.926,1.47407,1.47433,1.95,1.69
2013.05.13 08:52:27.996,1.47407,1.47434,1.95,1.47
2013.05.13 08:52:28.131,1.47409,1.47434,1.50,1.47
2013.05.13 08:52:28.780,1.47409,1.47433,1.43,2.07
2013.05.13 08:52:28.966,1.47407,1.47429,1.88,1.32
2013.05.13 08:52:29.036,1.47406,1.47429,1.47,1.13
2013.05.13 08:52:29.936,1.47402,1.47428,2.59,1.50
2013.05.13 08:52:30.196,1.47402,1.47428,2.59,1.50
2013.05.13 08:52:30.747,1.47397,1.47425,1.84,1.69
2013.05.13 08:52:31.068,1.47397,1.47423,1.84,1.50
2013.05.13 08:52:32.518,1.47401,1.47424,1.13,1.32
2013.05.13 08:52:37.298,1.47408,1.47428,1.50,2.03
2013.05.13 08:52:37.366,1.47409,1.47428,1.50,1.50
2013.05.13 08:52:37.625,1.47408,1.47432,1.09,1.28
2013.05.13 08:52:38.715,1.47406,1.47432,2.74,1.28
2013.05.13 08:52:39.491,1.47407,1.47432,1.09,1.28
2013.05.13 08:52:40.161,1.47407,1.47432,1.47,1.28
2013.05.13 08:52:41.696,1.47406,1.47432,3.49,2.03
2013.05.13 08:52:42.845,1.47402,1.47428,1.39,1.50
2013.05.13 08:52:43.095,1.47402,1.47428,1.39,1.50
2013.05.13 08:52:43.296,1.47402,1.47428,1.39,1.50
2013.05.13 08:52:43.426,1.47401,1.47427,1.92,1.50
2013.05.13 08:52:44.957,1.47401,1.47422,1.92,1.50
2013.05.13 08:52:45.096,1.47401,1.47424,1.17,1.50
2013.05.13 08:52:45.216,1.47399,1.47424,1.17,1.50
2013.05.13 08:52:49.482,1.47398,1.4742,1.39,1.50
2013.05.13 08:52:49.666,1.47397,1.47418,2.33,2.25
2013.05.13 08:52:49.736,1.47396,1.47416,1.28,1.28
2013.05.13 08:52:50.527,1.47391,1.47415,1.28,1.69
2013.05.13 08:52:52.677,1.47389,1.47417,2.22,2.07
2013.05.13 08:52:52.806,1.4739,1.47418,2.52,1.09
2013.05.13 08:52:53.748,1.474,1.47421,1.13,2.03
2013.05.13 08:52:54.866,1.474,1.47423,1.65,1.69
2013.05.13 08:52:55.387,1.47401,1.47423,1.69,1.50
2013.05.13 08:52:55.576,1.47402,1.47423,1.47,1.50
2013.05.13 08:52:59.279,1.47406,1.47425,1.13,1.13
2013.05.13 08:52:59.348,1.47404,1.47425,1.32,1.88
2013.05.13 08:52:59.607,1.47406,1.47425,1.13,1.13
2013.05.13 08:52:59.926,1.47407,1.47428,1.28,1.69
2013.05.13 08:53:00.512,1.47406,1.47429,1.43,1.69
2013.05.13 08:53:00.946,1.47404,1.47431,1.84,1.84
2013.05.13 08:53:01.135,1.47406,1.4743,1.13,1.32
2013.05.13 08:53:01.496,1.47404,1.47425,1.09,1.13
2013.05.13 08:53:01.808,1.47398,1.47419,1.69,1.13
2013.05.13 08:53:01.949,1.47395,1.47419,1.47,1.32
2013.05.13 08:53:02.018,1.47391,1.47417,1.77,1.84
2013.05.13 08:53:02.158,1.47388,1.47414,1.32,1.47
2013.05.13 08:53:02.607,1.47389,1.47414,1.69,1.47
2013.05.13 08:53:03.399,1.47388,1.47414,1.02,1.47
2013.05.13 08:53:03.949,1.47389,1.47415,2.14,2.22
2013.05.13 08:53:04.021,1.47391,1.47413,1.32,1.50
2013.05.13 08:53:05.927,1.47387,1.47414,2.25,1.69
2013.05.13 08:53:09.460,1.47387,1.47408,1.84,1.50
2013.05.13 08:53:10.527,1.47387,1.47413,1.84,1.69
2013.05.13 08:53:10.837,1.47387,1.47413,1.84,1.69
2013.05.13 08:53:11.837,1.47387,1.47416,1.65,1.47
2013.05.13 08:53:19.077,1.47386,1.47412,2.22,1.13
2013.05.13 08:53:20.527,1.47386,1.47412,1.47,1.32
2013.05.13 08:53:20.659,1.47386,1.47412,2.22,1.13
2013.05.13 08:53:20.984,1.47389,1.47412,2.22,1.13
2013.05.13 08:53:21.506,1.47392,1.47417,1.47,1.69
2013.05.13 08:53:21.851,1.47392,1.47417,1.47,1.09
2013.05.13 08:53:22.761,1.47392,1.47416,1.47,1.32
2013.05.13 08:53:23.936,1.47392,1.47418,1.47,1.47
2013.05.13 08:53:24.206,1.47393,1.47417,1.47,1.47
2013.05.13 08:53:24.596,1.47393,1.47417,1.47,1.32
2013.05.13 08:53:24.907,1.47396,1.47424,1.47,1.69
2013.05.13 08:53:25.096,1.47396,1.47426,2.22,1.39
2013.05.13 08:53:25.866,1.474,1.47427,1.47,1.47
2013.05.13 08:53:26.176,1.474,1.47428,1.47,1.09
2013.05.13 08:53:26.426,1.47404,1.47433,1.84,2.74
2013.05.13 08:53:26.936,1.47405,1.47432,1.69,2.22
2013.05.13 08:53:28.194,1.47404,1.47428,1.65,1.32
2013.05.13 08:53:28.268,1.47401,1.47427,1.47,1.84
2013.05.13 08:53:28.376,1.47401,1.47427,1.47,1.84
2013.05.13 08:53:30.507,1.47401,1.47426,1.28,2.07
2013.05.13 08:53:32.947,1.47395,1.47421,1.47,1.32
2013.05.13 08:53:33.998,1.474,1.47421,1.69,1.13
2013.05.13 08:53:34.307,1.47405,1.47424,1.13,1.05
2013.05.13 08:53:34.388,1.47405,1.47429,1.13,1.24
2013.05.13 08:53:34.928,1.47405,1.47429,1.32,1.24
2013.05.13 08:53:35.200,1.47405,1.47429,1.32,1.24
2013.05.13 08:53:40.347,1.47405,1.47429,1.32,1.05
2013.05.13 08:53:40.418,1.47405,1.47431,1.32,1.24
2013.05.13 08:53:41.655,1.47406,1.47431,1.69,1.80
2013.05.13 08:53:41.737,1.47411,1.47439,1.28,2.37
2013.05.13 08:53:41.927,1.47411,1.47437,1.28,2.22
2013.05.13 08:53:41.996,1.47411,1.47433,1.28,1.69
2013.05.13 08:53:42.318,1.47402,1.47426,1.84,2.44
2013.05.13 08:53:42.446,1.47397,1.47424,2.07,1.65
2013.05.13 08:53:42.987,1.474,1.47426,1.47,1.84
2013.05.13 08:53:43.931,1.474,1.47425,1.28,1.69
2013.05.13 08:53:44.003,1.47398,1.47422,1.47,2.63
2013.05.13 08:53:44.199,1.47398,1.47421,1.28,1.32
2013.05.13 08:53:44.267,1.47397,1.47421,1.50,1.32
2013.05.13 08:53:44.886,1.47396,1.47421,1.47,1.32
2013.05.13 08:53:47.689,1.47396,1.47421,1.47,2.07
2013.05.13 08:53:49.706,1.47395,1.47419,2.44,1.28
2013.05.13 08:53:50.146,1.47395,1.47419,3.19,1.28
2013.05.13 08:53:50.216,1.47395,1.47419,3.19,1.28
2013.05.13 08:53:51.485,1.47401,1.47419,1.50,1.28
2013.05.13 08:53:51.564,1.474,1.4742,1.50,1.05
2013.05.13 08:53:52.147,1.47396,1.47422,2.44,1.65
2013.05.13 08:53:52.215,1.47399,1.47423,1.50,1.09
2013.05.13 08:53:52.277,1.47395,1.47423,1.84,1.84
2013.05.13 08:53:52.346,1.47395,1.47422,1.84,1.84
2013.05.13 08:53:52.537,1.47392,1.47418,1.84,1.47
2013.05.13 08:53:52.666,1.47389,1.47413,1.24,1.88
2013.05.13 08:53:52.795,1.47386,1.47411,1.99,1.13
2013.05.13 08:53:52.977,1.47385,1.47412,1.13,1.84
2013.05.13 08:53:53.405,1.47381,1.47408,2.52,1.09
2013.05.13 08:53:53.608,1.47383,1.47408,1.50,1.09
2013.05.13 08:53:54.097,1.47383,1.4741,1.47,1.32
2013.05.13 08:53:54.165,1.47383,1.47411,2.59,1.69
2013.05.13 08:53:54.547,1.47387,1.47412,1.50,1.62
2013.05.13 08:53:54.676,1.47387,1.47412,1.28,1.32
2013.05.13 08:53:54.817,1.47387,1.47413,1.28,1.13
2013.05.13 08:53:55.438,1.47394,1.47413,1.13,1.50
2013.05.13 08:53:55.710,1.47398,1.47422,1.05,1.13
2013.05.13 08:53:55.778,1.47398,1.47423,1.80,1.50
2013.05.13 08:53:56.025,1.47398,1.47422,1.99,1.35
2013.05.13 08:53:56.378,1.47398,1.4742,1.80,1.73
2013.05.13 08:53:57.776,1.47397,1.4742,1.32,1.73
2013.05.13 08:53:58.298,1.47394,1.47418,1.32,1.28
2013.05.13 08:53:58.958,1.47394,1.47418,1.32,1.28
2013.05.13 08:54:00.369,1.47392,1.47416,3.49,1.73
2013.05.13 08:54:00.927,1.47392,1.47413,1.13,1.28
2013.05.13 08:54:01.638,1.47392,1.47411,1.13,1.13
2013.05.13 08:54:01.908,1.47388,1.47411,1.62,1.73
2013.05.13 08:54:04.817,1.4739,1.47411,1.28,1.73
2013.05.13 08:54:07.307,1.47389,1.47408,1.09,1.50
2013.05.13 08:54:11.146,1.47387,1.47408,1.32,1.50
2013.05.13 08:54:13.958,1.47389,1.47411,1.13,1.35
2013.05.13 08:54:14.296,1.47387,1.47408,1.32,1.50
2013.05.13 08:54:14.575,1.47387,1.47411,1.32,1.35
2013.05.13 08:54:15.128,1.47387,1.47408,1.32,1.50
2013.05.13 08:54:18.258,1.47388,1.47412,1.32,1.73
2013.05.13 08:54:18.447,1.47388,1.47414,1.32,1.47
2013.05.13 08:54:18.638,1.47389,1.47409,1.09,1.50
2013.05.13 08:54:18.946,1.47389,1.47415,1.84,1.32
2013.05.13 08:54:19.016,1.47389,1.47415,1.84,1.32
2013.05.13 08:54:19.267,1.47389,1.47414,1.84,3.49
2013.05.13 08:54:19.909,1.47389,1.47414,1.84,3.30
2013.05.13 08:54:23.210,1.47389,1.47414,1.84,3.49
2013.05.13 08:54:26.488,1.47392,1.47412,1.80,1.13
2013.05.13 08:54:26.706,1.47392,1.47418,1.80,1.32
2013.05.13 08:54:27.326,1.47392,1.47417,1.80,1.32
2013.05.13 08:54:27.705,1.47392,1.47415,1.80,1.13
2013.05.13 08:54:29.826,1.47392,1.47415,1.24,1.13
2013.05.13 08:54:30.138,1.47392,1.47413,1.80,1.69
2013.05.13 08:54:30.327,1.47389,1.47413,1.84,1.69
2013.05.13 08:54:30.395,1.47389,1.47413,1.84,1.69
2013.05.13 08:54:30.752,1.47389,1.47413,1.84,1.69
2013.05.13 08:54:31.300,1.47389,1.47413,1.84,3.94
2013.05.13 08:54:31.556,1.47389,1.47413,1.84,2.07
2013.05.13 08:54:35.046,1.47391,1.47413,1.13,1.69
2013.05.13 08:54:35.236,1.47391,1.47412,1.13,1.47
2013.05.13 08:54:35.754,1.47386,1.47412,2.07,1.47
2013.05.13 08:54:36.058,1.47385,1.47407,1.47,1.13
2013.05.13 08:54:36.932,1.47382,1.47407,1.32,1.32
2013.05.13 08:54:37.011,1.47381,1.47407,1.84,1.32
2013.05.13 08:54:37.137,1.47382,1.47407,1.32,1.32
2013.05.13 08:54:37.407,1.47382,1.47407,1.13,1.32
2013.05.13 08:54:38.609,1.47381,1.47408,1.65,2.07
2013.05.13 08:54:39.382,1.47383,1.47407,1.32,1.13
2013.05.13 08:54:41.988,1.47387,1.47409,1.50,1.28
2013.05.13 08:54:42.177,1.47386,1.47409,2.07,1.28
2013.05.13 08:54:43.158,1.47386,1.47409,2.07,1.28
2013.05.13 08:54:43.962,1.47386,1.47409,1.32,2.03
2013.05.13 08:54:45.056,1.47386,1.47409,1.32,2.03
2013.05.13 08:54:45.556,1.47386,1.47409,1.32,2.03
2013.05.13 08:54:46.059,1.47382,1.47408,1.47,1.69
2013.05.13 08:54:47.195,1.47382,1.47408,1.47,1.69
2013.05.13 08:54:48.448,1.47382,1.47405,1.88,1.13
2013.05.13 08:54:48.519,1.47382,1.47405,1.13,1.13
2013.05.13 08:54:48.767,1.47381,1.47404,1.32,2.03
2013.05.13 08:54:49.137,1.47378,1.47403,1.32,1.28
2013.05.13 08:54:49.698,1.47378,1.47398,1.32,1.50
2013.05.13 08:54:50.256,1.47377,1.47399,1.09,1.50
2013.05.13 08:54:51.047,1.47373,1.47399,1.24,1.50
2013.05.13 08:54:52.479,1.47379,1.47403,1.09,1.88
2013.05.13 08:54:52.546,1.47379,1.47403,1.84,1.88
2013.05.13 08:54:52.616,1.4738,1.47403,1.47,1.88
2013.05.13 08:54:52.865,1.47379,1.47401,1.62,1.50
2013.05.13 08:54:53.406,1.47381,1.47401,1.09,1.50
2013.05.13 08:54:53.475,1.47382,1.47403,1.32,1.50
2013.05.13 08:54:53.886,1.47381,1.47401,1.09,1.50
2013.05.13 08:54:54.256,1.47381,1.47401,1.09,1.50
2013.05.13 08:54:54.445,1.47381,1.47401,1.09,1.50
2013.05.13 08:54:55.467,1.47378,1.47401,1.17,1.50
2013.05.13 08:54:56.127,1.47376,1.47399,1.47,1.50
2013.05.13 08:54:56.399,1.47374,1.47399,2.37,1.50
2013.05.13 08:54:57.616,1.47374,1.47399,1.24,1.50
2013.05.13 08:54:58.047,1.47374,1.47399,1.24,1.50
2013.05.13 08:54:58.560,1.47374,1.47399,1.24,1.50
2013.05.13 08:55:00.417,1.47374,1.47398,1.24,1.50
2013.05.13 08:55:00.825,1.47374,1.47398,1.24,1.50
2013.05.13 08:55:01.108,1.47379,1.47401,1.13,1.28
2013.05.13 08:55:01.416,1.47379,1.47402,1.32,1.13
2013.05.13 08:55:02.146,1.47379,1.47406,1.39,2.59
2013.05.13 08:55:02.210,1.47382,1.47406,1.32,1.47
2013.05.13 08:55:02.516,1.47382,1.47401,1.88,2.22
2013.05.13 08:55:02.776,1.47376,1.47398,1.47,1.05
2013.05.13 08:55:02.906,1.47376,1.47399,1.24,1.13
2013.05.13 08:55:03.025,1.47376,1.47399,1.84,1.88
2013.05.13 08:55:03.540,1.47376,1.47399,1.32,1.88
2013.05.13 08:55:04.636,1.47376,1.47399,1.32,1.88
2013.05.13 08:55:05.827,1.47376,1.47399,1.32,1.50
2013.05.13 08:55:06.020,1.47378,1.47402,1.09,1.13
2013.05.13 08:55:06.907,1.47378,1.47404,1.47,1.32
2013.05.13 08:55:07.860,1.47378,1.47404,1.47,1.50
2013.05.13 08:55:08.565,1.47378,1.47406,2.22,1.69
2013.05.13 08:55:09.599,1.47378,1.47407,2.22,1.84
2013.05.13 08:55:09.736,1.47382,1.47407,1.13,1.47
2013.05.13 08:55:10.192,1.47382,1.47409,1.65,1.69
2013.05.13 08:55:11.126,1.4738,1.47403,1.69,1.50
2013.05.13 08:55:11.376,1.4738,1.47406,1.32,1.28
2013.05.13 08:55:11.896,1.47378,1.47403,1.69,1.28
2013.05.13 08:55:12.087,1.47378,1.47401,1.32,1.28
2013.05.13 08:55:12.417,1.47378,1.47391,1.13,1.28
2013.05.13 08:55:13.197,1.47378,1.47392,1.13,1.28
2013.05.13 08:55:14.119,1.47378,1.47393,1.13,1.28
2013.05.13 08:55:14.689,1.47377,1.47399,1.50,1.84
2013.05.13 08:55:15.406,1.47378,1.47399,1.13,1.84
2013.05.13 08:55:16.206,1.47378,1.47399,1.32,1.65
2013.05.13 08:55:16.881,1.47378,1.47399,1.69,1.65
2013.05.13 08:55:17.257,1.47378,1.47401,1.69,1.43
2013.05.13 08:55:17.506,1.47378,1.474,1.13,1.09
2013.05.13 08:55:17.817,1.47372,1.47398,3.72,2.07
2013.05.13 08:55:18.127,1.47372,1.47396,2.03,2.07
2013.05.13 08:55:18.460,1.47372,1.4739,1.13,2.40
2013.05.13 08:55:18.527,1.47366,1.4739,1.32,2.40
2013.05.13 08:55:20.046,1.47362,1.47387,1.62,1.28
2013.05.13 08:55:20.298,1.47362,1.47387,1.43,1.47
2013.05.13 08:55:21.816,1.47359,1.47385,1.09,1.09
2013.05.13 08:55:21.888,1.47362,1.47385,1.32,1.09
2013.05.13 08:55:22.017,1.47362,1.47387,1.32,1.47
2013.05.13 08:55:22.847,1.47364,1.47387,1.13,1.32
2013.05.13 08:55:23.470,1.47362,1.47387,1.13,1.32
2013.05.13 08:55:24.107,1.47362,1.47386,1.13,1.47
2013.05.13 08:55:24.178,1.47362,1.47386,1.88,1.47
2013.05.13 08:55:24.749,1.47362,1.47384,1.13,1.69
2013.05.13 08:55:25.266,1.47358,1.47384,1.28,1.69
2013.05.13 08:55:25.739,1.47356,1.47382,2.29,1.47
2013.05.13 08:55:25.805,1.47356,1.47382,2.29,1.47
2013.05.13 08:55:26.201,1.47356,1.47382,2.10,1.47
2013.05.13 08:55:26.535,1.47356,1.47382,2.10,1.47
2013.05.13 08:55:27.206,1.47356,1.47383,2.10,1.84
2013.05.13 08:55:27.527,1.47361,1.47382,1.13,1.47
2013.05.13 08:55:27.737,1.47361,1.47383,1.13,1.84
2013.05.13 08:55:27.808,1.47361,1.47383,1.13,1.13
2013.05.13 08:55:28.011,1.47357,1.47381,2.22,2.25
2013.05.13 08:55:28.317,1.47354,1.47377,1.13,1.32
2013.05.13 08:55:28.390,1.47351,1.47374,1.32,1.13
2013.05.13 08:55:30.070,1.47353,1.47378,1.13,2.40
2013.05.13 08:55:30.397,1.47353,1.47378,1.13,1.65
2013.05.13 08:55:32.977,1.47354,1.47377,1.28,1.13
2013.05.13 08:55:33.166,1.47352,1.47375,1.32,1.13
2013.05.13 08:55:34.096,1.47351,1.47374,1.47,1.13
2013.05.13 08:55:34.227,1.47348,1.47376,4.24,1.69
2013.05.13 08:55:34.357,1.47347,1.47374,2.14,1.69
2013.05.13 08:55:34.427,1.47347,1.47373,1.32,1.84
2013.05.13 08:55:34.868,1.47349,1.47371,1.13,1.32
2013.05.13 08:55:35.196,1.47352,1.47376,3.57,1.43
2013.05.13 08:55:35.577,1.47354,1.47376,1.47,1.13
2013.05.13 08:55:36.253,1.47357,1.47381,1.13,1.69
2013.05.13 08:55:37.006,1.47356,1.47377,1.13,1.69
2013.05.13 08:55:37.544,1.47356,1.47377,1.13,1.69
2013.05.13 08:55:37.607,1.47356,1.47378,1.13,2.44
2013.05.13 08:55:38.288,1.47356,1.47376,1.13,1.13
2013.05.13 08:55:38.806,1.47356,1.47376,1.13,1.13
2013.05.13 08:55:40.406,1.47354,1.47375,1.47,1.13
2013.05.13 08:55:42.538,1.47358,1.47377,1.13,1.50
2013.05.13 08:55:42.606,1.47358,1.47381,1.13,2.07
2013.05.13 08:55:43.158,1.47357,1.47381,1.65,2.07
2013.05.13 08:55:43.666,1.47357,1.47379,1.65,1.50
2013.05.13 08:55:45.478,1.47357,1.47379,1.84,1.13
2013.05.13 08:55:45.798,1.47359,1.47379,1.32,1.13
2013.05.13 08:55:45.866,1.47358,1.47384,1.09,2.07
2013.05.13 08:55:46.117,1.4736,1.47379,1.50,1.13
2013.05.13 08:55:47.928,1.47361,1.47385,2.07,1.28
2013.05.13 08:55:48.177,1.47361,1.47384,1.13,2.44
2013.05.13 08:55:48.726,1.47359,1.47383,1.84,2.25
2013.05.13 08:55:48.906,1.47356,1.47378,2.37,1.13
2013.05.13 08:55:49.335,1.47355,1.47377,1.09,1.13
2013.05.13 08:55:49.458,1.47355,1.47372,1.09,1.13
2013.05.13 08:55:49.529,1.47354,1.47372,1.09,1.13
2013.05.13 08:55:49.597,1.4735,1.47365,1.50,1.50
2013.05.13 08:55:50.077,1.47347,1.47372,2.44,1.84
2013.05.13 08:55:50.163,1.47347,1.47371,2.22,2.25
2013.05.13 08:55:51.175,1.47347,1.4737,1.47,1.69
2013.05.13 08:55:52.809,1.47347,1.47366,1.84,1.13
2013.05.13 08:55:53.439,1.47346,1.47366,1.32,1.13
2013.05.13 08:55:55.470,1.47346,1.47365,1.43,1.50
2013.05.13 08:55:55.796,1.47345,1.47363,1.80,1.13
2013.05.13 08:55:57.966,1.47346,1.47368,1.65,1.13
2013.05.13 08:56:03.916,1.47347,1.47369,1.28,1.13
2013.05.13 08:56:04.227,1.47353,1.47371,1.28,1.88
2013.05.13 08:56:04.296,1.47354,1.47377,1.47,1.50
2013.05.13 08:56:04.416,1.47357,1.47378,1.28,1.88
2013.05.13 08:56:04.486,1.47357,1.47379,1.47,1.13
2013.05.13 08:56:04.547,1.47359,1.4738,1.05,1.13
2013.05.13 08:56:04.946,1.4736,1.47382,1.28,2.63
2013.05.13 08:56:05.015,1.47359,1.47382,1.05,2.63
2013.05.13 08:56:05.211,1.47359,1.47378,1.05,1.50
2013.05.13 08:56:05.666,1.47359,1.47382,1.05,2.07
2013.05.13 08:56:05.941,1.47359,1.4738,1.05,1.13
2013.05.13 08:56:06.561,1.47359,1.47375,1.05,1.13
2013.05.13 08:56:06.746,1.47355,1.47375,1.47,1.13
2013.05.13 08:56:06.877,1.47352,1.47375,1.09,2.07
2013.05.13 08:56:07.849,1.4735,1.47375,1.13,2.82
2013.05.13 08:56:08.675,1.4735,1.47373,1.32,1.32
2013.05.13 08:56:10.039,1.47349,1.4737,1.47,2.63
2013.05.13 08:56:10.690,1.47347,1.4737,1.99,1.88
2013.05.13 08:56:11.270,1.47347,1.47369,1.99,1.13
2013.05.13 08:56:12.627,1.47347,1.47368,1.80,1.13
2013.05.13 08:56:14.507,1.47345,1.47366,1.09,2.25
2013.05.13 08:56:15.046,1.47344,1.47366,1.62,3.00
2013.05.13 08:56:19.499,1.47342,1.47366,1.28,2.07
2013.05.13 08:56:20.035,1.47342,1.47364,1.28,1.13
2013.05.13 08:56:22.537,1.47338,1.4736,1.32,1.50
2013.05.13 08:56:22.886,1.47334,1.47356,1.88,2.44
2013.05.13 08:56:23.198,1.47333,1.47356,1.69,2.82
2013.05.13 08:56:24.638,1.47334,1.47353,1.13,1.13
2013.05.13 08:56:24.709,1.47334,1.47357,1.50,1.50
2013.05.13 08:56:24.779,1.47333,1.47358,1.32,2.97
2013.05.13 08:56:24.850,1.47333,1.47354,1.32,1.50
2013.05.13 08:56:24.975,1.47333,1.47358,1.32,2.97
2013.05.13 08:56:25.528,1.47333,1.47359,1.47,2.82
2013.05.13 08:56:26.795,1.47333,1.47358,1.47,1.32
2013.05.13 08:56:28.577,1.47332,1.47355,1.32,2.44
2013.05.13 08:56:28.707,1.47331,1.47354,1.09,1.50
2013.05.13 08:56:29.027,1.47327,1.47348,1.84,1.50
2013.05.13 08:56:29.157,1.47327,1.47349,1.28,1.13
2013.05.13 08:56:29.588,1.47322,1.47345,2.22,1.88
2013.05.13 08:56:29.658,1.47323,1.47344,1.09,1.88
2013.05.13 08:56:29.908,1.47321,1.47344,1.69,2.82
2013.05.13 08:56:29.977,1.4732,1.47344,1.47,2.82
2013.05.13 08:56:30.347,1.47319,1.47344,1.47,1.62
2013.05.13 08:56:31.006,1.47317,1.47343,1.84,1.47
2013.05.13 08:56:31.067,1.47317,1.4734,1.84,1.50
2013.05.13 08:56:32.151,1.47317,1.4734,1.50,2.25
2013.05.13 08:56:34.579,1.47316,1.4734,1.84,2.63
2013.05.13 08:56:36.910,1.47317,1.4734,1.13,1.32
2013.05.13 08:56:39.807,1.47316,1.4734,1.20,1.32
2013.05.13 08:56:40.126,1.47317,1.47339,1.32,1.13
2013.05.13 08:56:40.197,1.47317,1.47341,1.32,1.65
2013.05.13 08:56:41.700,1.47321,1.47344,1.13,1.32
2013.05.13 08:56:41.766,1.47321,1.47344,1.32,1.32
2013.05.13 08:56:41.887,1.47321,1.47343,1.32,1.05
2013.05.13 08:56:42.885,1.47317,1.47343,2.44,1.99
2013.05.13 08:56:44.307,1.47319,1.47343,2.22,1.05
2013.05.13 08:56:45.043,1.47318,1.47343,1.47,1.05
2013.05.13 08:56:45.698,1.47322,1.47343,1.32,1.05
2013.05.13 08:56:45.828,1.47322,1.47347,1.39,1.09
2013.05.13 08:56:45.897,1.47323,1.47348,1.02,1.43
2013.05.13 08:56:46.908,1.47323,1.47349,1.02,1.13
2013.05.13 08:56:47.407,1.47322,1.47349,1.17,3.57
2013.05.13 08:56:48.061,1.47321,1.47345,1.32,1.28
2013.05.13 08:56:49.186,1.47322,1.47345,1.32,2.03
2013.05.13 08:56:49.556,1.47322,1.47345,1.32,2.22
2013.05.13 08:56:50.208,1.47319,1.47345,1.84,2.22
2013.05.13 08:56:50.517,1.47319,1.47343,1.13,1.47
2013.05.13 08:56:50.836,1.47315,1.47338,1.32,2.25
2013.05.13 08:56:51.409,1.47314,1.47338,1.50,4.24
2013.05.13 08:56:51.537,1.47312,1.47337,1.32,1.05
2013.05.13 08:56:52.546,1.47317,1.47336,1.13,1.28
2013.05.13 08:56:52.726,1.47317,1.47339,1.13,1.09
2013.05.13 08:56:53.846,1.47313,1.47338,1.32,1.65
2013.05.13 08:56:54.806,1.47313,1.47337,1.32,1.43
2013.05.13 08:57:00.909,1.47312,1.47336,1.32,1.13
2013.05.13 08:57:05.707,1.47306,1.47322,3.68,1.50
2013.05.13 08:57:05.899,1.47299,1.47315,1.50,1.69
2013.05.13 08:57:06.038,1.47298,1.47321,1.69,1.69
2013.05.13 08:57:06.109,1.47295,1.47321,1.69,2.22
2013.05.13 08:57:06.181,1.47295,1.4732,1.69,1.05
2013.05.13 08:57:06.366,1.47296,1.4732,1.69,1.05
2013.05.13 08:57:06.561,1.47298,1.47326,1.47,1.13
2013.05.13 08:57:06.628,1.47304,1.47327,1.05,1.69
2013.05.13 08:57:07.350,1.47304,1.47326,1.05,2.25
2013.05.13 08:57:07.714,1.47304,1.47321,1.05,1.13
2013.05.13 08:57:07.987,1.47304,1.47321,1.05,1.88
2013.05.13 08:57:08.357,1.47301,1.47321,1.28,1.13
2013.05.13 08:57:09.117,1.47301,1.47321,1.80,1.13
2013.05.13 08:57:09.486,1.47302,1.47321,1.28,1.13
2013.05.13 08:57:11.475,1.47301,1.4732,1.80,1.13
2013.05.13 08:57:12.376,1.473,1.47322,1.13,1.32
2013.05.13 08:57:13.597,1.47298,1.4732,1.09,1.13
2013.05.13 08:57:13.666,1.47297,1.47319,1.24,1.13
2013.05.13 08:57:14.216,1.47297,1.47318,1.05,1.88
2013.05.13 08:57:14.845,1.47293,1.47318,1.09,1.88
2013.05.13 08:57:15.376,1.47292,1.47316,1.32,1.43
2013.05.13 08:57:16.340,1.47289,1.47315,2.07,1.09
2013.05.13 08:57:16.927,1.47292,1.47317,1.28,1.32
2013.05.13 08:57:17.997,1.47294,1.47316,1.32,1.13
2013.05.13 08:57:18.067,1.47296,1.47316,1.28,1.13
2013.05.13 08:57:18.202,1.47296,1.47316,2.22,1.13
2013.05.13 08:57:18.466,1.47296,1.47316,2.22,1.13
2013.05.13 08:57:18.898,1.47297,1.47322,1.47,1.13
2013.05.13 08:57:19.826,1.47297,1.47322,1.28,2.44
2013.05.13 08:57:20.767,1.47298,1.47322,1.28,2.44
2013.05.13 08:57:22.222,1.473,1.4732,1.13,1.32
2013.05.13 08:57:23.298,1.47296,1.4732,2.18,1.32
2013.05.13 08:57:23.916,1.47296,1.47319,1.09,1.88
2013.05.13 08:57:28.376,1.47292,1.47316,2.07,1.13
2013.05.13 08:57:28.936,1.47295,1.47319,1.09,1.13
2013.05.13 08:57:29.425,1.47295,1.47319,1.09,1.50
2013.05.13 08:57:31.778,1.47295,1.47319,1.09,1.88
2013.05.13 08:57:32.356,1.47294,1.47319,2.55,2.07
2013.05.13 08:57:33.028,1.47291,1.47318,1.47,1.69
2013.05.13 08:57:33.586,1.47291,1.47315,1.13,2.07
2013.05.13 08:57:34.185,1.47291,1.47311,1.13,1.65
2013.05.13 08:57:34.328,1.47292,1.47311,1.13,1.65
2013.05.13 08:57:34.396,1.47291,1.47311,1.13,1.65
2013.05.13 08:57:34.456,1.47291,1.47312,1.32,1.05
2013.05.13 08:57:34.585,1.47291,1.47315,1.32,1.65
2013.05.13 08:57:35.726,1.47292,1.47315,1.09,1.13
2013.05.13 08:57:35.975,1.47296,1.4732,1.13,2.22
2013.05.13 08:57:36.167,1.47297,1.47323,1.09,1.28
2013.05.13 08:57:37.907,1.47298,1.47324,1.09,2.59
2013.05.13 08:57:39.245,1.47299,1.47324,1.13,1.84
2013.05.13 08:57:41.173,1.47299,1.47323,1.13,1.32
2013.05.13 08:57:41.368,1.47295,1.47322,1.43,3.57
2013.05.13 08:57:41.616,1.47293,1.47318,1.62,1.32
2013.05.13 08:57:42.516,1.47293,1.47315,1.47,1.50
2013.05.13 08:57:43.027,1.47293,1.47315,1.47,1.50
2013.05.13 08:57:43.217,1.47293,1.47315,1.47,1.50
2013.05.13 08:57:45.895,1.47292,1.47315,1.80,1.50
2013.05.13 08:57:46.435,1.47296,1.47315,1.99,1.50
2013.05.13 08:57:47.028,1.47294,1.47315,1.50,1.50
2013.05.13 08:57:47.385,1.47296,1.47315,1.50,1.50
2013.05.13 08:57:47.855,1.47296,1.47315,1.50,1.50
2013.05.13 08:57:48.038,1.47296,1.47315,1.50,1.50
2013.05.13 08:57:49.695,1.47291,1.47315,1.84,1.50
2013.05.13 08:57:50.433,1.47291,1.47315,1.84,1.50
2013.05.13 08:57:52.938,1.47297,1.47316,1.47,1.88
2013.05.13 08:57:53.697,1.47296,1.47316,1.47,2.03
2013.05.13 08:57:57.746,1.47296,1.47316,1.47,1.88
2013.05.13 08:57:59.386,1.47296,1.47319,1.84,1.65
2013.05.13 08:57:59.877,1.47297,1.4732,2.22,1.65
2013.05.13 08:58:00.396,1.473,1.4732,1.47,1.65
2013.05.13 08:58:00.868,1.47301,1.47325,1.32,2.03
2013.05.13 08:58:01.393,1.473,1.47319,1.13,1.43
2013.05.13 08:58:02.012,1.473,1.47319,1.13,1.43
2013.05.13 08:58:02.806,1.473,1.4732,1.13,1.05
2013.05.13 08:58:04.146,1.473,1.47321,1.13,1.80
2013.05.13 08:58:08.046,1.473,1.47323,1.32,1.47
2013.05.13 08:58:09.155,1.473,1.47323,1.32,1.28
2013.05.13 08:58:10.326,1.473,1.47325,2.07,1.24
2013.05.13 08:58:11.131,1.47306,1.47325,1.13,1.24
2013.05.13 08:58:11.637,1.47307,1.47326,2.14,1.50
2013.05.13 08:58:11.767,1.4731,1.47334,2.07,1.80
2013.05.13 08:58:12.673,1.47306,1.47333,1.84,1.24
2013.05.13 08:58:13.186,1.4731,1.47333,1.13,1.24
2013.05.13 08:58:14.118,1.47308,1.47333,1.32,1.24
2013.05.13 08:58:22.708,1.47308,1.47334,1.84,3.72
2013.05.13 08:58:26.846,1.47308,1.47334,1.84,3.34
2013.05.13 08:58:29.401,1.47311,1.47334,1.13,2.59
2013.05.13 08:58:31.877,1.4731,1.47334,1.13,1.47
2013.05.13 08:58:32.738,1.4731,1.47334,1.13,1.47
2013.05.13 08:58:33.637,1.4731,1.47335,1.13,1.84
2013.05.13 08:58:38.067,1.47312,1.47335,1.50,2.22
2013.05.13 08:58:47.666,1.47315,1.47335,1.13,1.47
2013.05.13 08:58:52.417,1.47315,1.47335,1.13,1.28
2013.05.13 08:58:54.927,1.47316,1.47338,1.50,1.09
2013.05.13 08:58:55.776,1.47321,1.47339,1.69,1.65
2013.05.13 08:58:55.848,1.47321,1.47346,2.07,2.59
2013.05.13 08:58:55.916,1.47325,1.47346,1.13,2.59
2013.05.13 08:58:56.047,1.47325,1.47348,1.32,2.74
2013.05.13 08:58:56.297,1.47327,1.47348,2.44,1.88
2013.05.13 08:58:56.605,1.47332,1.47348,1.47,1.50
2013.05.13 08:58:57.470,1.4733,1.47352,1.24,1.65
2013.05.13 08:58:58.257,1.47329,1.47349,1.32,1.28
2013.05.13 08:58:58.387,1.47327,1.47347,1.28,1.65
2013.05.13 08:58:58.517,1.47322,1.47344,1.69,2.40
2013.05.13 08:58:59.066,1.47321,1.47346,1.69,2.55
2013.05.13 08:59:01.287,1.47324,1.47346,1.28,1.65
2013.05.13 08:59:01.357,1.47324,1.47343,1.28,1.65
2013.05.13 08:59:01.786,1.4732,1.47342,1.47,1.28
2013.05.13 08:59:02.190,1.4732,1.47342,1.47,1.28
2013.05.13 08:59:02.758,1.4732,1.47342,1.47,1.28
2013.05.13 08:59:03.090,1.47318,1.47337,1.09,1.13
2013.05.13 08:59:03.219,1.47315,1.47333,1.47,1.13
2013.05.13 08:59:05.787,1.47311,1.47333,1.09,1.88
2013.05.13 08:59:06.456,1.47312,1.47333,1.32,1.88
2013.05.13 08:59:06.849,1.47311,1.47333,1.47,2.63
2013.05.13 08:59:07.172,1.47307,1.47329,1.32,1.65
2013.05.13 08:59:07.490,1.47307,1.47324,1.50,1.50
2013.05.13 08:59:07.806,1.47307,1.47324,1.50,1.88
2013.05.13 08:59:08.208,1.47307,1.47324,1.50,1.88
2013.05.13 08:59:10.179,1.47303,1.47324,1.47,1.50
2013.05.13 08:59:10.886,1.47303,1.47323,1.28,1.09
2013.05.13 08:59:10.950,1.47303,1.47323,1.28,1.09
2013.05.13 08:59:17.337,1.47303,1.47325,1.13,1.88
2013.05.13 08:59:18.657,1.47304,1.47326,1.50,1.09
2013.05.13 08:59:21.257,1.47303,1.47325,1.32,1.13
2013.05.13 08:59:22.508,1.47302,1.47325,1.13,1.13
2013.05.13 08:59:22.887,1.47304,1.47326,1.69,1.50
2013.05.13 08:59:23.207,1.47312,1.47329,1.88,1.28
2013.05.13 08:59:23.276,1.47312,1.47333,1.88,1.69
2013.05.13 08:59:23.350,1.47307,1.47324,1.84,1.50
2013.05.13 08:59:23.537,1.47306,1.47324,1.69,2.40
2013.05.13 08:59:23.727,1.47303,1.47324,1.47,1.65
2013.05.13 08:59:24.237,1.47306,1.47324,1.47,1.50
2013.05.13 08:59:25.728,1.4731,1.47324,2.22,1.50
2013.05.13 08:59:26.166,1.4731,1.47331,2.22,2.25
2013.05.13 08:59:26.617,1.47311,1.47332,1.32,1.13
2013.05.13 08:59:26.688,1.47311,1.47335,1.32,1.13
2013.05.13 08:59:28.061,1.47311,1.47335,2.82,1.13
2013.05.13 08:59:30.457,1.47314,1.47335,1.32,1.13
2013.05.13 08:59:30.987,1.47315,1.47335,1.32,1.13
2013.05.13 08:59:32.236,1.47313,1.47335,1.09,1.13
2013.05.13 08:59:36.291,1.47315,1.47335,1.84,1.13
2013.05.13 08:59:38.148,1.47315,1.47335,1.47,1.13
2013.05.13 08:59:39.271,1.47313,1.47335,1.32,1.13
2013.05.13 08:59:39.368,1.47314,1.47335,1.32,1.13
2013.05.13 08:59:39.927,1.47315,1.47335,1.13,1.13
2013.05.13 08:59:44.677,1.47314,1.47337,1.88,1.32
2013.05.13 08:59:45.811,1.47315,1.47341,1.69,2.22
2013.05.13 08:59:46.067,1.47315,1.47339,1.69,1.13
2013.05.13 08:59:46.455,1.47317,1.47341,1.69,2.22
2013.05.13 08:59:48.977,1.47317,1.47341,1.69,2.22
2013.05.13 08:59:51.420,1.47313,1.47338,2.44,1.50
2013.05.13 08:59:54.757,1.47315,1.47337,1.13,1.47
2013.05.13 08:59:57.846,1.47317,1.47337,1.80,1.28
2013.05.13 08:59:58.297,1.47315,1.47337,2.59,1.28
2013.05.13 08:59:59.257,1.47317,1.47338,1.28,1.13
