2017.11.30 14:00:00.269,1.32799,1.32819,1.00,1.37
2017.11.30 14:00:00.426,1.32797,1.32816,1.00,1.00
2017.11.30 14:00:00.737,1.32804,1.32822,1.00,1.50
2017.11.30 14:00:01.223,1.32805,1.32824,1.00,1.87
2017.11.30 14:00:02.002,1.32804,1.32824,1.00,1.87
2017.11.30 14:00:02.893,1.32805,1.32824,1.00,1.12
2017.11.30 14:00:03.244,1.32805,1.32822,1.00,1.00
2017.11.30 14:00:03.347,1.32805,1.32824,1.00,1.87
2017.11.30 14:00:03.936,1.32804,1.32824,1.00,2.62
2017.11.30 14:00:04.302,1.32806,1.32824,1.00,1.87
2017.11.30 14:00:04.356,1.32801,1.32822,2.25,1.12
2017.11.30 14:00:04.408,1.32801,1.3282,1.00,1.00
2017.11.30 14:00:04.729,1.32799,1.32817,1.00,1.00
2017.11.30 14:00:05.532,1.32798,1.32817,1.00,1.00
2017.11.30 14:00:06.520,1.32796,1.32816,2.62,1.00
2017.11.30 14:00:07.910,1.32796,1.32815,1.00,1.00
2017.11.30 14:00:08.908,1.32796,1.32816,1.00,1.12
2017.11.30 14:00:09.408,1.32803,1.32816,1.00,1.00
2017.11.30 14:00:09.564,1.32805,1.32825,1.00,1.12
2017.11.30 14:00:10.052,1.32807,1.32825,1.00,1.00
2017.11.30 14:00:10.156,1.32809,1.32829,1.50,1.50
2017.11.30 14:00:12.125,1.3281,1.32828,1.00,1.00
2017.11.30 14:00:13.385,1.3281,1.32828,1.00,1.87
2017.11.30 14:00:13.436,1.32808,1.32826,1.00,1.00
2017.11.30 14:00:13.488,1.32806,1.32826,1.00,1.00
2017.11.30 14:00:13.539,1.32808,1.32826,1.00,1.00
2017.11.30 14:00:14.063,1.32812,1.32827,1.00,1.12
2017.11.30 14:00:14.117,1.32812,1.32829,1.00,1.50
2017.11.30 14:00:14.332,1.32811,1.32824,1.00,1.00
2017.11.30 14:00:14.385,1.32807,1.32823,1.00,1.00
2017.11.30 14:00:14.488,1.32805,1.32822,1.00,1.00
2017.11.30 14:00:14.914,1.32805,1.32824,1.50,1.00
2017.11.30 14:00:15.380,1.32805,1.32822,1.50,1.00
2017.11.30 14:00:16.423,1.32804,1.32822,1.00,1.50
2017.11.30 14:00:18.907,1.32803,1.32822,1.00,1.00
2017.11.30 14:00:21.053,1.32801,1.32821,1.50,1.00
2017.11.30 14:00:21.561,1.32801,1.32822,1.50,1.12
2017.11.30 14:00:22.079,1.32806,1.32823,1.00,1.12
2017.11.30 14:00:22.182,1.32808,1.32827,1.00,1.00
2017.11.30 14:00:22.440,1.32805,1.32822,1.00,1.00
2017.11.30 14:00:22.751,1.32809,1.32826,1.00,1.00
2017.11.30 14:00:23.278,1.32808,1.32828,1.00,1.50
2017.11.30 14:00:23.900,1.32809,1.32827,1.00,1.12
2017.11.30 14:00:24.429,1.32808,1.32826,1.50,1.00
2017.11.30 14:00:25.711,1.3281,1.32827,1.00,1.12
2017.11.30 14:00:26.021,1.32808,1.32825,1.00,1.87
2017.11.30 14:00:26.226,1.32805,1.32823,1.00,1.50
2017.11.30 14:00:26.761,1.32805,1.32821,1.00,1.00
2017.11.30 14:00:27.439,1.32813,1.32831,1.00,2.62
2017.11.30 14:00:27.542,1.3282,1.32833,1.00,1.87
2017.11.30 14:00:27.594,1.32818,1.32835,1.00,2.62
2017.11.30 14:00:27.697,1.3282,1.32838,1.00,1.12
2017.11.30 14:00:27.749,1.32821,1.32838,1.00,2.44
2017.11.30 14:00:27.801,1.32818,1.32838,1.00,3.94
2017.11.30 14:00:27.904,1.32815,1.32834,1.00,1.00
2017.11.30 14:00:28.058,1.32817,1.32833,1.00,1.00
2017.11.30 14:00:28.511,1.32819,1.32835,1.00,1.00
2017.11.30 14:00:29.058,1.32819,1.32836,1.00,1.12
2017.11.30 14:00:29.388,1.32818,1.32834,1.00,1.00
2017.11.30 14:00:29.852,1.3282,1.32836,1.00,1.00
2017.11.30 14:00:30.829,1.32819,1.32835,1.00,1.00
2017.11.30 14:00:31.582,1.32817,1.32835,1.00,1.00
2017.11.30 14:00:32.059,1.32817,1.32832,1.00,1.00
2017.11.30 14:00:32.165,1.32813,1.32831,1.37,1.00
2017.11.30 14:00:32.678,1.32813,1.32832,1.87,1.00
2017.11.30 14:00:32.881,1.32813,1.3283,1.87,1.00
2017.11.30 14:00:33.063,1.32813,1.32832,1.87,1.00
2017.11.30 14:00:33.680,1.32813,1.3283,1.00,1.00
2017.11.30 14:00:33.996,1.32811,1.32828,1.00,1.00
2017.11.30 14:00:34.048,1.32808,1.32827,1.00,1.00
2017.11.30 14:00:34.305,1.32808,1.32825,1.00,1.00
2017.11.30 14:00:34.826,1.32813,1.32831,1.00,1.37
2017.11.30 14:00:35.378,1.32814,1.32832,1.00,1.37
2017.11.30 14:00:38.868,1.32814,1.32834,1.00,2.62
2017.11.30 14:00:39.608,1.32815,1.32834,1.00,1.87
2017.11.30 14:00:40.082,1.32813,1.32833,1.00,1.12
2017.11.30 14:00:40.496,1.32813,1.32832,1.00,1.37
2017.11.30 14:00:40.599,1.32818,1.32838,1.00,2.81
2017.11.30 14:00:40.731,1.32815,1.32833,1.00,1.00
2017.11.30 14:00:40.936,1.32804,1.32824,1.50,1.25
2017.11.30 14:00:41.550,1.32804,1.32822,1.50,1.00
2017.11.30 14:00:41.900,1.32801,1.32819,1.50,1.00
2017.11.30 14:00:42.003,1.32801,1.32821,1.50,1.00
2017.11.30 14:00:42.208,1.32801,1.32819,1.00,1.00
2017.11.30 14:00:42.753,1.32802,1.3282,1.00,1.00
2017.11.30 14:00:43.134,1.328,1.32816,1.00,1.00
2017.11.30 14:00:43.289,1.32792,1.32811,1.00,1.00
2017.11.30 14:00:43.546,1.32793,1.32813,1.00,1.50
2017.11.30 14:00:43.650,1.3279,1.32808,1.00,1.00
2017.11.30 14:00:44.216,1.32791,1.32809,1.00,1.00
2017.11.30 14:00:44.320,1.32789,1.32809,1.50,1.37
2017.11.30 14:00:44.371,1.32789,1.32804,1.00,1.00
2017.11.30 14:00:44.423,1.32786,1.32804,2.25,1.00
2017.11.30 14:00:44.475,1.32792,1.32806,1.00,1.00
2017.11.30 14:00:44.526,1.32794,1.32809,1.00,1.00
2017.11.30 14:00:44.578,1.32792,1.3281,1.50,1.00
2017.11.30 14:00:44.630,1.3279,1.32808,1.00,1.12
2017.11.30 14:00:45.146,1.32789,1.32809,1.00,1.87
2017.11.30 14:00:45.723,1.32789,1.32807,1.00,1.00
2017.11.30 14:00:47.422,1.32789,1.32806,1.00,1.87
2017.11.30 14:00:47.525,1.32787,1.32805,1.00,1.00
2017.11.30 14:00:48.649,1.32787,1.32807,1.00,1.69
2017.11.30 14:00:49.164,1.32787,1.32807,1.00,1.69
2017.11.30 14:00:49.570,1.32789,1.32807,1.50,2.44
2017.11.30 14:00:50.053,1.32787,1.32805,1.00,1.00
2017.11.30 14:00:50.570,1.32786,1.32807,1.50,1.50
2017.11.30 14:00:50.959,1.32785,1.32804,1.00,1.69
2017.11.30 14:00:51.062,1.32782,1.32802,1.50,1.00
2017.11.30 14:00:51.216,1.32784,1.32802,1.00,1.87
2017.11.30 14:00:51.673,1.32784,1.32803,1.00,1.00
2017.11.30 14:00:51.725,1.32787,1.32804,1.00,1.00
2017.11.30 14:00:51.777,1.32788,1.32806,1.00,1.50
2017.11.30 14:00:52.333,1.32789,1.32806,1.00,1.00
2017.11.30 14:00:55.841,1.32789,1.32807,1.00,1.00
2017.11.30 14:00:56.354,1.3279,1.32808,1.00,2.25
2017.11.30 14:00:57.123,1.32788,1.32808,1.50,1.50
2017.11.30 14:00:57.227,1.32788,1.32807,1.00,1.37
2017.11.30 14:00:57.535,1.32784,1.32799,1.00,1.37
2017.11.30 14:00:57.588,1.32782,1.32798,1.00,1.37
2017.11.30 14:00:57.639,1.3278,1.32798,1.00,1.37
2017.11.30 14:00:58.190,1.3278,1.32798,1.00,1.00
2017.11.30 14:00:58.343,1.3278,1.32794,1.00,1.37
2017.11.30 14:00:58.447,1.32777,1.32794,1.00,1.12
2017.11.30 14:00:58.499,1.32787,1.32797,1.00,1.50
2017.11.30 14:00:58.602,1.32783,1.328,1.87,1.00
2017.11.30 14:00:58.705,1.32781,1.32798,1.50,1.00
2017.11.30 14:00:58.911,1.3278,1.32797,1.00,1.37
2017.11.30 14:00:59.007,1.3278,1.32798,1.00,1.12
2017.11.30 14:00:59.059,1.3278,1.32798,1.00,1.87
2017.11.30 14:00:59.720,1.32778,1.32798,1.00,1.87
2017.11.30 14:01:00.502,1.32775,1.32793,1.00,1.50
2017.11.30 14:01:00.812,1.32769,1.32785,1.00,1.37
2017.11.30 14:01:01.120,1.32772,1.32787,1.00,1.12
2017.11.30 14:01:01.172,1.3277,1.32787,1.00,1.12
2017.11.30 14:01:01.692,1.32769,1.32786,1.50,1.37
2017.11.30 14:01:02.330,1.32775,1.32789,1.00,1.37
2017.11.30 14:01:02.838,1.32774,1.32789,1.00,1.37
2017.11.30 14:01:03.343,1.32775,1.32789,1.00,1.37
2017.11.30 14:01:03.863,1.32774,1.32789,1.00,1.37
2017.11.30 14:01:04.821,1.32774,1.3279,1.00,1.37
2017.11.30 14:01:05.231,1.32779,1.32795,1.00,1.12
2017.11.30 14:01:05.283,1.3278,1.32796,1.00,1.87
2017.11.30 14:01:05.488,1.32785,1.32796,1.00,1.37
2017.11.30 14:01:05.539,1.32785,1.32802,1.00,1.12
2017.11.30 14:01:05.592,1.32782,1.32802,1.00,1.87
2017.11.30 14:01:05.883,1.32784,1.32801,1.00,1.00
2017.11.30 14:01:05.934,1.32782,1.32801,1.00,1.00
2017.11.30 14:01:06.037,1.32784,1.32802,1.00,1.00
2017.11.30 14:01:07.235,1.32785,1.32803,1.00,1.00
2017.11.30 14:01:07.747,1.32784,1.32802,1.00,1.50
2017.11.30 14:01:10.553,1.32783,1.32802,1.00,1.00
2017.11.30 14:01:10.894,1.3278,1.32797,1.50,1.50
2017.11.30 14:01:11.202,1.32777,1.32797,1.00,2.25
2017.11.30 14:01:11.509,1.32779,1.32797,1.00,1.50
2017.11.30 14:01:11.766,1.32777,1.32797,1.00,1.00
2017.11.30 14:01:11.818,1.32777,1.32795,1.50,1.00
2017.11.30 14:01:12.168,1.32765,1.32785,2.25,1.87
2017.11.30 14:01:12.219,1.32769,1.32785,1.00,1.37
2017.11.30 14:01:12.841,1.32768,1.32784,1.00,1.00
2017.11.30 14:01:12.947,1.32766,1.32784,1.00,1.50
2017.11.30 14:01:13.311,1.32769,1.32784,1.00,1.37
2017.11.30 14:01:13.621,1.32766,1.32784,1.00,1.37
2017.11.30 14:01:13.826,1.32769,1.32784,1.00,1.37
2017.11.30 14:01:14.338,1.32765,1.32784,1.00,1.87
2017.11.30 14:01:14.872,1.32765,1.32782,1.00,1.37
2017.11.30 14:01:15.892,1.32765,1.32783,1.00,1.12
2017.11.30 14:01:16.275,1.32767,1.32785,1.00,1.87
2017.11.30 14:01:16.703,1.32764,1.32784,1.30,1.12
2017.11.30 14:01:16.993,1.32766,1.32784,1.00,1.12
2017.11.30 14:01:17.590,1.32768,1.32784,1.00,1.12
2017.11.30 14:01:17.897,1.32769,1.32783,1.00,1.37
2017.11.30 14:01:18.157,1.3277,1.32785,1.00,1.37
2017.11.30 14:01:18.210,1.32772,1.32787,1.00,2.25
2017.11.30 14:01:18.985,1.32773,1.32788,1.00,1.50
2017.11.30 14:01:19.187,1.32773,1.3279,1.00,1.50
2017.11.30 14:01:19.697,1.32773,1.32789,1.00,1.00
2017.11.30 14:01:19.852,1.32769,1.32787,1.00,1.00
2017.11.30 14:01:20.006,1.3277,1.32786,1.00,1.87
2017.11.30 14:01:20.702,1.32768,1.32786,1.00,1.37
2017.11.30 14:01:20.897,1.3277,1.32785,1.00,1.00
2017.11.30 14:01:21.890,1.32776,1.32788,1.00,1.12
2017.11.30 14:01:22.046,1.32781,1.32794,1.00,2.25
2017.11.30 14:01:22.577,1.32781,1.32795,1.00,1.50
2017.11.30 14:01:23.080,1.3278,1.32795,1.00,1.00
2017.11.30 14:01:23.388,1.32785,1.328,1.00,1.62
2017.11.30 14:01:23.441,1.32781,1.32799,1.00,1.12
2017.11.30 14:01:23.493,1.32783,1.32799,1.00,1.12
2017.11.30 14:01:24.208,1.32781,1.32797,1.50,1.00
2017.11.30 14:01:24.414,1.32777,1.32795,1.00,3.37
2017.11.30 14:01:25.071,1.32777,1.32795,1.00,1.50
2017.11.30 14:01:25.512,1.32782,1.32796,1.00,1.00
2017.11.30 14:01:25.565,1.32782,1.328,1.00,1.87
2017.11.30 14:01:26.914,1.32783,1.328,1.00,1.37
2017.11.30 14:01:26.966,1.32785,1.328,1.00,1.37
2017.11.30 14:01:27.018,1.32785,1.32802,1.00,1.37
2017.11.30 14:01:27.120,1.32783,1.32801,1.00,1.12
2017.11.30 14:01:27.172,1.32787,1.32805,1.00,1.12
2017.11.30 14:01:27.224,1.32786,1.32806,1.00,2.25
2017.11.30 14:01:27.276,1.32788,1.32806,1.00,1.50
2017.11.30 14:01:27.431,1.32786,1.32805,1.50,1.50
2017.11.30 14:01:27.483,1.32787,1.32805,1.00,2.62
2017.11.30 14:01:27.637,1.32785,1.32802,1.00,1.00
2017.11.30 14:01:27.886,1.32783,1.32803,1.00,1.87
2017.11.30 14:01:28.689,1.32784,1.32803,1.00,1.37
2017.11.30 14:01:30.588,1.32784,1.32801,1.00,1.37
2017.11.30 14:01:31.275,1.32783,1.328,1.00,1.37
2017.11.30 14:01:31.925,1.32781,1.328,1.50,1.37
2017.11.30 14:01:32.693,1.32782,1.328,1.00,1.87
2017.11.30 14:01:33.574,1.32781,1.32799,2.05,2.62
2017.11.30 14:01:33.830,1.32779,1.32799,1.69,2.62
2017.11.30 14:01:35.551,1.32779,1.32797,1.00,1.00
2017.11.30 14:01:35.688,1.32777,1.32793,1.00,1.00
2017.11.30 14:01:35.741,1.32773,1.3279,1.00,1.00
2017.11.30 14:01:35.844,1.32773,1.32792,1.00,1.12
2017.11.30 14:01:35.896,1.32776,1.32795,1.00,1.00
2017.11.30 14:01:36.487,1.32776,1.32794,1.50,1.00
2017.11.30 14:01:37.326,1.32777,1.32795,1.00,1.50
2017.11.30 14:01:37.958,1.32776,1.32794,1.50,1.00
2017.11.30 14:01:39.196,1.32776,1.32792,1.00,1.00
2017.11.30 14:01:39.249,1.32773,1.32791,1.00,1.00
2017.11.30 14:01:40.409,1.32772,1.3279,1.00,1.00
2017.11.30 14:01:40.789,1.32771,1.32788,1.00,1.37
2017.11.30 14:01:41.116,1.32769,1.32787,1.00,1.00
2017.11.30 14:01:41.550,1.32768,1.32783,1.00,1.12
2017.11.30 14:01:41.705,1.32765,1.32781,1.00,1.00
2017.11.30 14:01:41.817,1.32763,1.3278,1.00,1.37
2017.11.30 14:01:41.921,1.32761,1.3278,1.00,1.12
2017.11.30 14:01:41.972,1.32765,1.32783,1.00,1.50
2017.11.30 14:01:42.282,1.32765,1.32781,1.00,1.00
2017.11.30 14:01:43.229,1.32765,1.32782,1.00,1.50
2017.11.30 14:01:43.537,1.3276,1.32779,1.00,1.87
2017.11.30 14:01:44.061,1.32761,1.32779,1.00,1.87
2017.11.30 14:01:44.775,1.3276,1.32779,1.00,1.00
2017.11.30 14:01:45.316,1.3276,1.32779,1.00,1.50
2017.11.30 14:01:45.857,1.3276,1.32777,1.00,1.00
2017.11.30 14:01:46.506,1.3276,1.32775,1.00,1.00
2017.11.30 14:01:48.186,1.32758,1.32774,1.00,1.50
2017.11.30 14:01:48.238,1.32754,1.32774,1.87,1.00
2017.11.30 14:01:48.443,1.32756,1.32774,1.00,1.00
2017.11.30 14:01:50.088,1.32755,1.32775,1.00,1.00
2017.11.30 14:01:50.662,1.32755,1.32776,1.00,1.00
2017.11.30 14:01:51.019,1.32756,1.32774,1.00,1.00
2017.11.30 14:01:51.071,1.32756,1.32776,1.00,1.00
2017.11.30 14:01:51.721,1.32757,1.32777,1.00,1.00
2017.11.30 14:01:52.815,1.32758,1.32778,1.00,1.87
2017.11.30 14:01:52.918,1.32763,1.32781,1.00,1.12
2017.11.30 14:01:53.429,1.32763,1.32782,1.00,1.12
2017.11.30 14:01:54.299,1.32762,1.32783,1.00,2.44
2017.11.30 14:01:54.823,1.32762,1.32779,1.00,1.00
2017.11.30 14:01:55.156,1.3276,1.32777,1.00,1.00
2017.11.30 14:01:58.495,1.3276,1.32777,1.00,1.87
2017.11.30 14:01:58.655,1.3276,1.32777,1.00,2.62
2017.11.30 14:01:58.706,1.32758,1.32777,1.00,2.62
2017.11.30 14:01:58.955,1.32758,1.32773,1.00,1.37
2017.11.30 14:01:59.058,1.32758,1.32774,1.00,1.50
2017.11.30 14:01:59.109,1.32759,1.32775,1.00,1.00
2017.11.30 14:01:59.162,1.3276,1.32778,1.00,1.87
2017.11.30 14:01:59.718,1.32759,1.32778,1.00,1.00
2017.11.30 14:02:00.347,1.32761,1.32778,1.00,1.00
2017.11.30 14:02:00.553,1.32761,1.3278,1.00,1.00
2017.11.30 14:02:00.759,1.3276,1.32778,1.00,1.00
2017.11.30 14:02:01.263,1.32761,1.32779,1.00,1.50
2017.11.30 14:02:01.315,1.32759,1.32779,1.00,1.50
2017.11.30 14:02:01.421,1.32762,1.32779,1.69,1.00
2017.11.30 14:02:03.038,1.32766,1.32779,1.00,1.12
2017.11.30 14:02:03.448,1.32766,1.32777,1.00,1.00
2017.11.30 14:02:03.705,1.32761,1.32777,1.00,1.12
2017.11.30 14:02:04.366,1.3276,1.32778,1.50,2.06
2017.11.30 14:02:04.470,1.32762,1.32776,1.00,1.00
2017.11.30 14:02:04.616,1.32762,1.3278,1.00,1.12
2017.11.30 14:02:04.674,1.3276,1.32775,1.12,1.37
2017.11.30 14:02:04.935,1.32757,1.32775,1.50,1.37
2017.11.30 14:02:05.191,1.32759,1.32775,1.00,1.37
2017.11.30 14:02:06.172,1.32758,1.32775,1.00,1.37
2017.11.30 14:02:06.694,1.32757,1.32774,1.00,1.87
2017.11.30 14:02:08.798,1.32757,1.32775,1.00,1.00
2017.11.30 14:02:08.851,1.32759,1.32779,1.00,2.25
2017.11.30 14:02:09.114,1.32761,1.3278,1.50,1.87
2017.11.30 14:02:10.382,1.32762,1.3278,1.00,1.37
2017.11.30 14:02:10.728,1.32762,1.32777,1.00,1.00
2017.11.30 14:02:11.574,1.32761,1.32777,1.50,1.00
2017.11.30 14:02:12.859,1.32761,1.32779,1.50,1.00
2017.11.30 14:02:13.367,1.32761,1.32778,1.50,1.37
2017.11.30 14:02:13.770,1.32764,1.3278,1.87,1.00
2017.11.30 14:02:13.874,1.32762,1.3278,1.50,1.50
2017.11.30 14:02:14.445,1.32762,1.32777,1.00,1.12
2017.11.30 14:02:14.702,1.32759,1.32776,1.00,1.50
2017.11.30 14:02:15.433,1.32759,1.32774,1.00,1.37
2017.11.30 14:02:15.486,1.32756,1.32773,1.00,1.62
2017.11.30 14:02:15.541,1.32756,1.32771,1.00,1.37
2017.11.30 14:02:15.690,1.32756,1.32772,1.00,1.12
2017.11.30 14:02:15.742,1.32756,1.3277,1.00,1.37
2017.11.30 14:02:15.847,1.32752,1.32769,1.00,1.12
2017.11.30 14:02:16.109,1.32755,1.32773,1.00,2.25
2017.11.30 14:02:16.281,1.32758,1.32775,1.00,1.37
2017.11.30 14:02:16.732,1.32756,1.32773,1.50,1.37
2017.11.30 14:02:16.986,1.32756,1.32771,1.00,1.37
2017.11.30 14:02:18.256,1.32756,1.32773,1.00,1.37
2017.11.30 14:02:18.465,1.32756,1.32772,1.00,1.12
2017.11.30 14:02:18.516,1.32753,1.32769,1.00,1.00
2017.11.30 14:02:18.767,1.32754,1.32773,1.00,1.00
2017.11.30 14:02:19.023,1.32754,1.32772,1.00,1.12
2017.11.30 14:02:19.518,1.32753,1.32769,1.00,1.87
2017.11.30 14:02:19.849,1.32753,1.32765,1.00,1.37
2017.11.30 14:02:20.003,1.32749,1.32765,1.50,1.37
2017.11.30 14:02:20.054,1.32748,1.32765,1.50,1.37
2017.11.30 14:02:21.434,1.32746,1.3276,1.00,1.00
2017.11.30 14:02:21.539,1.32749,1.32767,1.00,2.62
2017.11.30 14:02:21.590,1.32749,1.32767,1.00,1.00
2017.11.30 14:02:21.801,1.32749,1.32766,1.87,1.37
2017.11.30 14:02:23.621,1.3275,1.32766,1.00,1.37
2017.11.30 14:02:24.830,1.32749,1.32766,2.62,1.37
2017.11.30 14:02:25.403,1.3275,1.32766,1.00,1.37
2017.11.30 14:02:25.766,1.32744,1.32763,1.00,1.00
2017.11.30 14:02:25.871,1.32752,1.32767,1.00,1.12
2017.11.30 14:02:25.976,1.3275,1.32767,1.12,1.37
2017.11.30 14:02:26.306,1.32748,1.32767,1.50,1.87
2017.11.30 14:02:26.409,1.32748,1.32764,1.00,1.00
2017.11.30 14:02:28.716,1.32748,1.32764,1.00,1.12
2017.11.30 14:02:29.745,1.32749,1.32764,1.00,1.12
2017.11.30 14:02:30.661,1.32748,1.32764,1.50,1.12
2017.11.30 14:02:30.971,1.32746,1.32761,1.50,1.12
2017.11.30 14:02:31.817,1.32743,1.32758,1.00,1.00
2017.11.30 14:02:32.417,1.32743,1.32761,1.00,1.12
2017.11.30 14:02:32.469,1.32745,1.32761,1.00,1.12
2017.11.30 14:02:33.015,1.32746,1.32761,1.00,1.12
2017.11.30 14:02:33.170,1.32744,1.32761,1.00,1.12
2017.11.30 14:02:33.273,1.32744,1.32762,1.00,1.37
2017.11.30 14:02:33.509,1.32743,1.32759,1.50,1.37
2017.11.30 14:02:33.929,1.32739,1.32754,1.50,1.00
2017.11.30 14:02:33.981,1.32738,1.32754,1.00,1.00
2017.11.30 14:02:34.503,1.32741,1.32759,1.00,1.00
2017.11.30 14:02:34.658,1.32743,1.32759,1.00,1.00
2017.11.30 14:02:35.279,1.32744,1.32759,1.00,1.00
2017.11.30 14:02:35.638,1.32742,1.32759,1.00,1.12
2017.11.30 14:02:36.071,1.32743,1.32759,1.00,1.00
2017.11.30 14:02:36.175,1.32741,1.32759,1.50,1.00
2017.11.30 14:02:36.228,1.32743,1.32759,1.00,1.00
2017.11.30 14:02:36.637,1.32741,1.32759,1.50,1.00
2017.11.30 14:02:37.154,1.32742,1.32759,1.00,1.00
2017.11.30 14:02:37.295,1.32743,1.32762,1.00,1.87
2017.11.30 14:02:37.347,1.32745,1.32762,1.00,1.00
2017.11.30 14:02:37.655,1.32743,1.3276,1.00,1.00
2017.11.30 14:02:37.956,1.32745,1.3276,1.00,1.37
2017.11.30 14:02:38.522,1.32746,1.3276,1.00,1.37
2017.11.30 14:02:39.641,1.32747,1.3276,1.00,1.37
2017.11.30 14:02:40.336,1.32744,1.3276,1.50,1.37
2017.11.30 14:02:40.888,1.32745,1.3276,1.00,1.37
2017.11.30 14:02:41.193,1.32747,1.32762,1.00,1.37
2017.11.30 14:02:41.734,1.32748,1.32764,1.00,1.12
2017.11.30 14:02:41.837,1.32745,1.32761,1.50,1.00
2017.11.30 14:02:41.889,1.32748,1.32766,1.00,1.37
2017.11.30 14:02:41.941,1.32749,1.32769,1.00,1.87
2017.11.30 14:02:42.044,1.32751,1.3277,1.00,2.62
2017.11.30 14:02:42.386,1.32746,1.32764,1.00,1.12
2017.11.30 14:02:42.906,1.32745,1.32764,1.50,1.12
2017.11.30 14:02:44.192,1.32744,1.32763,1.00,2.62
2017.11.30 14:02:44.623,1.32743,1.32762,1.00,1.12
2017.11.30 14:02:44.829,1.32741,1.32762,1.50,1.50
2017.11.30 14:02:45.357,1.32742,1.32761,1.00,1.12
2017.11.30 14:02:45.970,1.32741,1.32762,1.50,2.62
2017.11.30 14:02:46.589,1.32742,1.32761,1.00,1.12
2017.11.30 14:02:47.102,1.32741,1.32762,1.50,3.37
2017.11.30 14:02:47.153,1.32743,1.32762,1.00,3.37
2017.11.30 14:02:47.448,1.32741,1.3276,1.50,1.50
2017.11.30 14:02:47.972,1.3274,1.3276,1.00,1.50
2017.11.30 14:02:48.487,1.32739,1.3276,1.00,1.00
2017.11.30 14:02:48.853,1.32739,1.32759,1.50,1.12
2017.11.30 14:02:49.349,1.32739,1.3276,1.50,1.87
2017.11.30 14:02:49.678,1.32739,1.32758,1.50,1.37
2017.11.30 14:02:51.014,1.3274,1.3276,1.00,1.50
2017.11.30 14:02:51.529,1.32741,1.3276,1.00,1.00
2017.11.30 14:02:51.735,1.32743,1.3276,1.00,1.00
2017.11.30 14:02:51.787,1.32741,1.3276,1.00,1.50
2017.11.30 14:02:51.840,1.32739,1.32758,1.00,1.37
2017.11.30 14:02:52.375,1.3274,1.32758,1.00,1.37
2017.11.30 14:02:53.681,1.32737,1.32755,1.12,1.37
2017.11.30 14:02:54.550,1.32737,1.32754,1.12,1.37
2017.11.30 14:02:55.378,1.32734,1.3275,1.12,1.12
2017.11.30 14:02:55.690,1.3273,1.32747,1.00,1.12
2017.11.30 14:02:56.231,1.32729,1.32745,1.00,1.37
2017.11.30 14:02:56.685,1.32727,1.32746,1.00,1.12
2017.11.30 14:02:56.739,1.32728,1.32744,1.00,1.37
2017.11.30 14:02:57.575,1.32728,1.32746,1.00,1.00
2017.11.30 14:02:58.108,1.32729,1.32747,1.00,1.00
2017.11.30 14:03:00.144,1.32728,1.32746,1.00,1.37
2017.11.30 14:03:00.196,1.32726,1.32746,1.00,1.37
2017.11.30 14:03:00.247,1.32725,1.32743,1.00,1.37
2017.11.30 14:03:00.664,1.32728,1.32743,1.00,1.37
2017.11.30 14:03:01.523,1.32726,1.32742,1.00,1.37
2017.11.30 14:03:01.729,1.32728,1.32742,1.00,1.37
2017.11.30 14:03:01.781,1.32727,1.32745,1.00,1.12
2017.11.30 14:03:02.481,1.32728,1.32746,1.00,1.12
2017.11.30 14:03:02.868,1.32724,1.32743,2.25,1.37
2017.11.30 14:03:02.922,1.32721,1.32741,1.50,1.37
2017.11.30 14:03:02.973,1.32726,1.32741,1.00,1.37
2017.11.30 14:03:03.276,1.32723,1.3274,1.00,1.37
2017.11.30 14:03:03.440,1.32722,1.32737,1.00,1.12
2017.11.30 14:03:03.493,1.32724,1.32739,1.00,1.00
2017.11.30 14:03:03.546,1.32722,1.32739,1.00,1.00
2017.11.30 14:03:03.651,1.32718,1.32737,1.87,1.12
2017.11.30 14:03:03.958,1.32717,1.32735,1.00,1.12
2017.11.30 14:03:04.011,1.32715,1.32733,1.50,1.37
2017.11.30 14:03:04.660,1.32719,1.32735,1.00,1.50
2017.11.30 14:03:04.764,1.32717,1.32736,1.00,1.12
2017.11.30 14:03:05.157,1.32715,1.32733,1.25,1.37
2017.11.30 14:03:05.416,1.32713,1.32731,1.00,1.00
2017.11.30 14:03:05.521,1.32711,1.32729,1.12,1.12
2017.11.30 14:03:05.844,1.32702,1.32722,1.37,1.37
2017.11.30 14:03:07.425,1.32703,1.32722,1.00,1.37
2017.11.30 14:03:07.783,1.32705,1.32721,1.00,1.00
2017.11.30 14:03:08.431,1.32704,1.32721,1.00,1.00
2017.11.30 14:03:08.995,1.32705,1.32721,1.00,1.00
2017.11.30 14:03:09.557,1.32704,1.32721,1.00,1.00
2017.11.30 14:03:09.609,1.32702,1.32721,1.00,1.50
2017.11.30 14:03:09.763,1.32702,1.32719,1.00,1.37
2017.11.30 14:03:10.270,1.32701,1.32719,1.00,1.37
2017.11.30 14:03:10.820,1.32702,1.32721,1.00,1.50
2017.11.30 14:03:11.040,1.32699,1.32715,1.12,1.37
2017.11.30 14:03:11.251,1.327,1.32718,1.00,1.75
2017.11.30 14:03:11.354,1.32702,1.32718,1.00,1.12
2017.11.30 14:03:11.876,1.32701,1.3272,1.69,1.00
2017.11.30 14:03:11.929,1.32706,1.32722,1.00,1.00
2017.11.30 14:03:12.032,1.32704,1.32722,1.00,1.00
2017.11.30 14:03:12.341,1.32702,1.32722,1.00,1.00
2017.11.30 14:03:12.874,1.32703,1.32721,1.00,1.00
2017.11.30 14:03:13.483,1.32702,1.32721,1.00,1.00
2017.11.30 14:03:13.837,1.32699,1.32717,1.50,1.87
2017.11.30 14:03:14.168,1.32699,1.32715,1.00,1.12
2017.11.30 14:03:14.222,1.32696,1.32716,1.25,1.12
2017.11.30 14:03:14.274,1.32694,1.32713,1.31,1.75
2017.11.30 14:03:14.631,1.32699,1.32713,1.00,1.37
2017.11.30 14:03:14.735,1.32692,1.3271,1.00,1.00
2017.11.30 14:03:14.788,1.32689,1.32702,1.00,1.00
2017.11.30 14:03:14.840,1.32686,1.32701,1.50,1.12
2017.11.30 14:03:15.099,1.32682,1.32701,1.12,1.12
2017.11.30 14:03:15.419,1.32684,1.32701,1.00,1.12
2017.11.30 14:03:15.920,1.32681,1.32701,1.00,2.25
2017.11.30 14:03:17.178,1.32682,1.32701,1.00,2.25
2017.11.30 14:03:17.407,1.32684,1.32701,1.00,2.25
2017.11.30 14:03:18.121,1.32684,1.32702,1.00,1.37
2017.11.30 14:03:18.534,1.32686,1.32702,1.00,1.37
2017.11.30 14:03:19.067,1.32683,1.32702,1.00,1.37
2017.11.30 14:03:19.579,1.32684,1.32703,1.00,1.37
2017.11.30 14:03:19.796,1.32687,1.32703,1.00,1.37
2017.11.30 14:03:20.526,1.32686,1.32703,1.00,1.37
2017.11.30 14:03:20.831,1.32686,1.32701,1.00,1.37
2017.11.30 14:03:21.098,1.32686,1.32703,1.50,1.37
2017.11.30 14:03:21.478,1.32681,1.32696,1.00,1.37
2017.11.30 14:03:21.531,1.32681,1.32699,1.00,2.25
2017.11.30 14:03:21.584,1.32683,1.32699,1.00,2.25
2017.11.30 14:03:21.636,1.32681,1.32698,1.00,1.37
2017.11.30 14:03:21.688,1.32683,1.32698,1.00,1.37
2017.11.30 14:03:21.999,1.32687,1.32702,1.00,1.37
2017.11.30 14:03:22.101,1.32687,1.32703,1.00,1.00
2017.11.30 14:03:22.604,1.32688,1.32703,1.00,1.00
2017.11.30 14:03:23.041,1.32686,1.32703,1.00,1.00
2017.11.30 14:03:23.928,1.32684,1.32703,1.00,1.00
2017.11.30 14:03:24.032,1.32686,1.32703,1.00,1.00
2017.11.30 14:03:24.338,1.32688,1.32703,1.00,1.00
2017.11.30 14:03:24.560,1.32686,1.32703,1.00,1.00
2017.11.30 14:03:25.073,1.32684,1.32703,1.00,1.00
2017.11.30 14:03:26.574,1.32686,1.32703,1.00,1.00
2017.11.30 14:03:28.722,1.32688,1.32703,1.00,1.00
2017.11.30 14:03:29.249,1.32687,1.32703,1.00,1.00
2017.11.30 14:03:29.765,1.32686,1.32703,1.00,1.00
2017.11.30 14:03:31.508,1.32687,1.32703,1.00,1.00
2017.11.30 14:03:31.766,1.32687,1.32707,1.00,2.62
2017.11.30 14:03:33.051,1.32685,1.32706,1.00,1.50
2017.11.30 14:03:33.307,1.32687,1.32703,1.00,1.37
2017.11.30 14:03:33.359,1.32685,1.32703,1.00,1.37
2017.11.30 14:03:34.067,1.32686,1.32703,1.00,1.37
2017.11.30 14:03:34.680,1.32685,1.32703,1.00,1.37
2017.11.30 14:03:35.204,1.32686,1.32703,1.00,1.37
2017.11.30 14:03:35.937,1.32688,1.32703,1.00,1.37
2017.11.30 14:03:36.318,1.32688,1.32705,1.00,1.37
2017.11.30 14:03:36.903,1.32686,1.32705,1.00,1.37
2017.11.30 14:03:37.437,1.32687,1.32705,1.00,1.37
2017.11.30 14:03:37.970,1.32686,1.32705,1.50,1.37
2017.11.30 14:03:39.661,1.32684,1.32705,2.44,1.37
2017.11.30 14:03:40.173,1.32685,1.32704,1.00,1.12
2017.11.30 14:03:40.729,1.32684,1.32703,1.00,1.00
2017.11.30 14:03:41.257,1.32683,1.32703,1.00,1.00
2017.11.30 14:03:41.877,1.32684,1.32703,1.00,1.00
2017.11.30 14:03:42.113,1.32686,1.32703,1.00,1.00
2017.11.30 14:03:42.422,1.32693,1.3271,1.50,1.37
2017.11.30 14:03:43.288,1.32695,1.3271,1.00,1.37
2017.11.30 14:03:43.500,1.32692,1.3271,2.25,1.37
2017.11.30 14:03:43.553,1.32691,1.32707,1.00,1.12
2017.11.30 14:03:43.711,1.32692,1.32707,1.00,1.12
2017.11.30 14:03:43.763,1.32694,1.3271,1.00,1.87
2017.11.30 14:03:44.011,1.32691,1.3271,2.25,1.37
2017.11.30 14:03:44.380,1.3269,1.32707,1.00,1.87
2017.11.30 14:03:44.431,1.32688,1.32706,1.00,1.50
2017.11.30 14:03:45.023,1.32687,1.32707,1.00,2.62
2017.11.30 14:03:45.548,1.32686,1.32704,1.50,1.37
2017.11.30 14:03:46.187,1.32685,1.32704,1.50,1.37
2017.11.30 14:03:46.341,1.32682,1.32703,1.50,1.50
2017.11.30 14:03:46.444,1.32682,1.32702,1.50,1.12
2017.11.30 14:03:46.751,1.32684,1.327,1.00,1.00
2017.11.30 14:03:47.274,1.32683,1.327,1.50,1.00
2017.11.30 14:03:47.479,1.3268,1.32698,2.25,1.00
2017.11.30 14:03:48.819,1.3268,1.32701,1.50,2.62
2017.11.30 14:03:48.871,1.32682,1.32701,1.00,1.12
2017.11.30 14:03:49.182,1.3268,1.327,1.50,1.50
2017.11.30 14:03:49.849,1.32681,1.32701,1.00,2.62
2017.11.30 14:03:50.482,1.32682,1.32701,1.00,2.25
2017.11.30 14:03:51.240,1.32681,1.32701,1.50,3.00
2017.11.30 14:03:52.711,1.32682,1.32701,1.00,2.25
2017.11.30 14:03:52.940,1.32683,1.32701,1.00,1.87
2017.11.30 14:03:53.249,1.32677,1.32698,1.50,1.87
2017.11.30 14:03:53.302,1.32676,1.32695,1.00,1.00
2017.11.30 14:03:53.815,1.32675,1.32694,1.50,1.12
2017.11.30 14:03:54.122,1.32674,1.32692,1.50,1.37
2017.11.30 14:03:54.424,1.32671,1.32687,1.12,1.50
2017.11.30 14:03:54.569,1.32669,1.32687,1.00,1.00
2017.11.30 14:03:54.623,1.3267,1.32689,1.00,1.50
2017.11.30 14:03:55.033,1.32667,1.32688,2.06,1.00
2017.11.30 14:03:55.084,1.32668,1.32687,1.00,1.87
2017.11.30 14:03:55.628,1.32665,1.32686,1.19,1.12
2017.11.30 14:03:55.885,1.32671,1.32691,1.50,2.25
2017.11.30 14:03:56.439,1.32672,1.3269,1.00,1.00
2017.11.30 14:03:56.979,1.32673,1.32691,1.00,1.50
2017.11.30 14:03:57.033,1.32675,1.3269,1.00,1.00
2017.11.30 14:03:57.087,1.32674,1.32694,1.00,1.50
2017.11.30 14:03:57.539,1.32677,1.32697,1.00,2.25
2017.11.30 14:03:57.847,1.32687,1.32706,1.50,1.00
2017.11.30 14:03:57.899,1.32686,1.32708,3.00,1.00
2017.11.30 14:03:57.950,1.32689,1.32709,1.00,1.31
2017.11.30 14:03:58.268,1.32687,1.32705,1.00,1.00
2017.11.30 14:03:58.885,1.32687,1.32706,1.00,1.50
2017.11.30 14:03:59.196,1.32684,1.32704,1.50,1.00
2017.11.30 14:03:59.402,1.32686,1.32704,1.00,1.00
2017.11.30 14:03:59.931,1.32686,1.32703,1.00,1.00
2017.11.30 14:04:00.447,1.32686,1.32704,1.00,1.50
2017.11.30 14:04:00.686,1.32684,1.32704,1.00,1.00
2017.11.30 14:04:01.193,1.32683,1.32703,1.00,1.00
2017.11.30 14:04:01.776,1.32684,1.32704,1.00,1.00
2017.11.30 14:04:02.318,1.32683,1.32703,1.00,1.50
2017.11.30 14:04:02.727,1.32681,1.32703,1.00,1.50
2017.11.30 14:04:03.147,1.32683,1.32703,1.00,2.25
2017.11.30 14:04:09.692,1.32681,1.32703,1.00,2.25
2017.11.30 14:04:10.570,1.32682,1.32703,1.00,1.00
2017.11.30 14:04:11.032,1.32681,1.32701,1.00,1.00
2017.11.30 14:04:11.582,1.3268,1.327,1.00,1.00
2017.11.30 14:04:11.889,1.32678,1.32698,1.00,1.50
2017.11.30 14:04:12.197,1.32673,1.32692,1.00,1.00
2017.11.30 14:04:12.522,1.32679,1.32699,1.50,1.00
2017.11.30 14:04:12.880,1.32681,1.327,1.00,1.12
2017.11.30 14:04:12.931,1.32679,1.327,1.00,1.87
2017.11.30 14:04:13.278,1.32676,1.32696,4.31,1.00
2017.11.30 14:04:13.330,1.32674,1.32694,1.00,1.00
2017.11.30 14:04:13.888,1.32674,1.32695,1.00,1.50
2017.11.30 14:04:14.121,1.32672,1.32692,1.50,1.00
2017.11.30 14:04:14.319,1.3267,1.32691,1.00,1.87
2017.11.30 14:04:14.824,1.32671,1.32691,1.00,1.12
2017.11.30 14:04:15.435,1.32671,1.3269,1.00,1.00
2017.11.30 14:04:15.745,1.32669,1.32688,3.18,1.00
2017.11.30 14:04:15.797,1.3267,1.3269,1.55,1.00
2017.11.30 14:04:15.951,1.32671,1.32692,1.00,1.50
2017.11.30 14:04:16.457,1.32671,1.32691,1.00,1.00
2017.11.30 14:04:17.092,1.3267,1.32691,1.00,1.00
2017.11.30 14:04:17.297,1.32672,1.32691,1.00,1.00
2017.11.30 14:04:17.802,1.32674,1.32692,1.00,1.00
2017.11.30 14:04:20.255,1.32673,1.32692,1.00,1.00
2017.11.30 14:04:20.782,1.32672,1.32691,1.11,1.00
2017.11.30 14:04:21.031,1.32673,1.32693,1.30,1.50
2017.11.30 14:04:21.083,1.32683,1.32694,1.00,2.25
2017.11.30 14:04:21.135,1.32682,1.32699,1.00,1.00
2017.11.30 14:04:21.187,1.32683,1.32702,1.00,2.25
2017.11.30 14:04:21.818,1.32684,1.32703,1.00,1.00
2017.11.30 14:04:22.337,1.32682,1.32703,3.00,1.00
2017.11.30 14:04:22.600,1.32682,1.32701,1.87,1.00
2017.11.30 14:04:22.921,1.32683,1.32702,1.55,1.00
2017.11.30 14:04:23.467,1.32683,1.32703,1.00,1.87
2017.11.30 14:04:23.807,1.32685,1.32704,1.00,3.37
2017.11.30 14:04:24.633,1.32685,1.32704,1.00,2.25
2017.11.30 14:04:26.121,1.32685,1.32703,1.00,1.00
2017.11.30 14:04:26.769,1.32684,1.32703,1.00,1.00
2017.11.30 14:04:27.446,1.32684,1.32701,1.00,1.00
2017.11.30 14:04:27.962,1.32683,1.32702,1.00,1.87
2017.11.30 14:04:28.270,1.32685,1.32704,1.00,1.50
2017.11.30 14:04:28.697,1.32679,1.32699,1.00,1.00
2017.11.30 14:04:29.047,1.32678,1.32697,2.05,1.00
2017.11.30 14:04:29.423,1.32678,1.32695,1.00,1.00
2017.11.30 14:04:29.526,1.3268,1.32698,1.00,1.50
2017.11.30 14:04:29.937,1.32682,1.32702,1.00,1.50
2017.11.30 14:04:30.347,1.3268,1.327,1.00,1.00
2017.11.30 14:04:30.739,1.3268,1.32698,1.00,1.00
2017.11.30 14:04:30.793,1.32678,1.327,1.87,2.06
2017.11.30 14:04:31.316,1.3268,1.32699,1.00,1.50
2017.11.30 14:04:32.307,1.32681,1.32699,1.00,1.00
2017.11.30 14:04:32.772,1.32678,1.32699,2.80,1.50
2017.11.30 14:04:33.232,1.3268,1.32699,1.00,1.00
2017.11.30 14:04:33.736,1.3268,1.327,1.30,1.87
2017.11.30 14:04:34.259,1.3268,1.32699,1.00,1.00
2017.11.30 14:04:34.662,1.32676,1.32697,1.50,1.00
2017.11.30 14:04:34.713,1.32675,1.32692,1.00,1.00
2017.11.30 14:04:34.817,1.32672,1.32691,1.30,1.00
2017.11.30 14:04:35.330,1.32672,1.3269,1.00,1.12
2017.11.30 14:04:36.289,1.32671,1.32691,1.50,1.87
2017.11.30 14:04:36.959,1.32671,1.32689,1.00,1.00
2017.11.30 14:04:37.549,1.32671,1.3269,2.25,1.87
2017.11.30 14:04:37.924,1.32671,1.3269,2.05,1.00
2017.11.30 14:04:38.622,1.32671,1.32691,2.61,1.50
2017.11.30 14:04:39.128,1.32673,1.3269,1.11,1.00
2017.11.30 14:04:40.007,1.32671,1.3269,1.50,1.50
2017.11.30 14:04:40.549,1.32671,1.3269,1.00,1.50
2017.11.30 14:04:42.349,1.32671,1.3269,1.55,1.50
2017.11.30 14:04:43.167,1.32671,1.3269,1.86,1.50
2017.11.30 14:04:43.687,1.32672,1.32691,1.30,2.25
2017.11.30 14:04:44.095,1.32671,1.3269,1.55,1.87
2017.11.30 14:04:44.402,1.32671,1.32687,1.00,1.00
2017.11.30 14:04:44.908,1.3267,1.32687,1.11,1.00
2017.11.30 14:04:45.459,1.32669,1.32687,1.00,1.00
2017.11.30 14:04:45.729,1.32671,1.32687,1.00,1.00
2017.11.30 14:04:46.242,1.32668,1.32688,1.86,1.00
2017.11.30 14:04:47.256,1.32668,1.32687,1.50,1.00
2017.11.30 14:04:47.937,1.32668,1.32686,1.00,1.00
2017.11.30 14:04:48.076,1.32666,1.32686,1.12,1.50
2017.11.30 14:04:48.179,1.32666,1.32684,1.00,1.00
2017.11.30 14:04:48.751,1.32666,1.32683,1.00,1.00
2017.11.30 14:04:49.403,1.32667,1.32683,1.00,1.00
2017.11.30 14:04:49.925,1.32666,1.32683,1.00,1.00
2017.11.30 14:04:50.514,1.32667,1.32683,1.00,1.00
2017.11.30 14:04:51.027,1.32666,1.32683,2.25,1.00
2017.11.30 14:04:52.438,1.32666,1.32684,1.00,1.00
2017.11.30 14:04:53.144,1.32669,1.32683,1.30,1.00
2017.11.30 14:04:53.304,1.32667,1.32686,1.86,1.50
2017.11.30 14:04:53.661,1.32667,1.32686,2.05,1.00
2017.11.30 14:04:54.578,1.32668,1.32686,1.30,1.50
2017.11.30 14:04:55.085,1.32667,1.32686,1.50,1.00
2017.11.30 14:04:55.506,1.32669,1.32686,1.00,1.00
2017.11.30 14:04:55.711,1.32667,1.32686,1.00,1.00
2017.11.30 14:04:55.912,1.32664,1.32681,1.30,1.00
2017.11.30 14:04:56.220,1.32656,1.32674,1.50,1.87
2017.11.30 14:04:57.230,1.32656,1.32674,1.00,1.87
2017.11.30 14:05:00.451,1.32658,1.32676,1.00,1.69
2017.11.30 14:05:00.555,1.32657,1.32676,1.00,1.00
2017.11.30 14:05:00.951,1.32655,1.32677,2.25,1.31
2017.11.30 14:05:02.493,1.32655,1.32673,1.00,1.00
2017.11.30 14:05:02.795,1.32658,1.32674,1.00,1.00
2017.11.30 14:05:02.897,1.32658,1.32677,1.00,1.19
2017.11.30 14:05:03.427,1.32657,1.32676,1.00,1.19
2017.11.30 14:05:03.945,1.32657,1.32678,1.00,1.69
2017.11.30 14:05:04.545,1.32657,1.32678,1.55,1.25
2017.11.30 14:05:05.325,1.32657,1.32679,1.30,2.25
2017.11.30 14:05:05.376,1.32659,1.32678,1.00,1.00
2017.11.30 14:05:06.367,1.32659,1.32679,1.00,1.50
2017.11.30 14:05:06.702,1.32661,1.32678,1.00,1.00
2017.11.30 14:05:07.225,1.32661,1.32679,1.00,1.50
2017.11.30 14:05:07.729,1.32661,1.32679,1.00,1.69
2017.11.30 14:05:09.592,1.32659,1.32678,1.50,1.19
2017.11.30 14:05:10.134,1.32659,1.32677,1.50,1.50
2017.11.30 14:05:10.332,1.32661,1.32677,1.00,1.50
2017.11.30 14:05:10.435,1.32661,1.3268,1.00,2.62
2017.11.30 14:05:11.255,1.32662,1.32679,1.00,1.12
2017.11.30 14:05:11.781,1.32662,1.3268,1.00,1.00
2017.11.30 14:05:12.754,1.32662,1.32682,1.00,1.50
2017.11.30 14:05:14.717,1.3266,1.32681,1.12,2.06
2017.11.30 14:05:15.485,1.3266,1.32682,1.00,1.00
2017.11.30 14:05:16.478,1.32662,1.32681,1.00,1.00
2017.11.30 14:05:16.994,1.32663,1.32682,1.00,1.25
2017.11.30 14:05:17.506,1.32662,1.32683,1.00,1.19
2017.11.30 14:05:19.207,1.32662,1.32683,1.00,1.00
2017.11.30 14:05:19.514,1.32664,1.32683,1.00,1.00
2017.11.30 14:05:20.426,1.32665,1.32685,1.00,1.69
2017.11.30 14:05:21.032,1.32666,1.32685,1.00,1.00
2017.11.30 14:05:21.492,1.32664,1.32685,1.00,1.50
2017.11.30 14:05:22.043,1.32665,1.32685,1.00,1.69
2017.11.30 14:05:22.274,1.32675,1.32691,1.00,1.00
2017.11.30 14:05:22.822,1.32675,1.32692,1.00,1.12
2017.11.30 14:05:23.346,1.32676,1.32692,1.00,1.12
2017.11.30 14:05:23.449,1.32674,1.32692,1.87,1.12
2017.11.30 14:05:24.062,1.32673,1.32692,1.12,1.87
2017.11.30 14:05:24.608,1.32674,1.32693,1.00,1.37
2017.11.30 14:05:26.919,1.32673,1.32692,1.86,1.12
2017.11.30 14:05:27.428,1.32673,1.32692,1.55,1.12
2017.11.30 14:05:27.784,1.32671,1.32689,1.11,1.69
2017.11.30 14:05:27.839,1.32668,1.32687,1.50,1.00
2017.11.30 14:05:27.995,1.32666,1.32685,2.43,1.00
2017.11.30 14:05:28.506,1.32668,1.32687,1.00,1.00
2017.11.30 14:05:29.102,1.32671,1.3269,1.00,1.00
2017.11.30 14:05:31.512,1.32673,1.32691,1.00,1.12
2017.11.30 14:05:32.066,1.32672,1.32692,1.00,1.25
2017.11.30 14:05:33.530,1.32672,1.3269,1.50,1.00
2017.11.30 14:05:33.836,1.32672,1.32692,1.00,2.06
2017.11.30 14:05:35.004,1.32674,1.32692,1.00,1.69
2017.11.30 14:05:35.518,1.32672,1.32689,1.00,1.00
2017.11.30 14:05:36.228,1.32672,1.32693,1.00,1.69
2017.11.30 14:05:36.751,1.32673,1.32693,1.00,1.69
2017.11.30 14:05:37.281,1.32672,1.32691,1.00,1.31
2017.11.30 14:05:37.334,1.3267,1.3269,1.12,1.19
2017.11.30 14:05:37.388,1.32668,1.32689,2.25,1.31
2017.11.30 14:05:37.904,1.32667,1.32688,1.12,1.25
2017.11.30 14:05:38.201,1.32666,1.32687,1.00,1.19
2017.11.30 14:05:39.058,1.32667,1.32687,1.00,1.69
2017.11.30 14:05:39.370,1.3267,1.32689,1.00,1.00
2017.11.30 14:05:40.087,1.32671,1.32689,1.00,1.00
2017.11.30 14:05:40.373,1.32668,1.32689,2.25,1.50
2017.11.30 14:05:40.886,1.32668,1.32689,1.50,1.69
2017.11.30 14:05:42.612,1.32669,1.32688,1.00,1.25
2017.11.30 14:05:43.183,1.32668,1.32688,1.50,1.25
2017.11.30 14:05:45.197,1.3267,1.32687,1.00,1.50
2017.11.30 14:05:45.249,1.32668,1.32687,2.25,1.50
2017.11.30 14:05:46.219,1.32666,1.32687,2.25,1.50
2017.11.30 14:05:46.373,1.32667,1.32685,1.00,1.00
2017.11.30 14:05:46.913,1.32668,1.32686,1.00,1.00
2017.11.30 14:05:47.726,1.32667,1.32686,1.50,1.00
2017.11.30 14:05:49.756,1.32666,1.32686,1.00,1.25
2017.11.30 14:05:50.268,1.32667,1.32686,1.00,1.25
2017.11.30 14:05:50.804,1.32667,1.32687,1.00,1.00
2017.11.30 14:05:51.490,1.32667,1.32688,1.00,2.44
2017.11.30 14:05:52.158,1.32667,1.32687,1.00,1.00
2017.11.30 14:05:52.841,1.32668,1.32686,1.00,1.00
2017.11.30 14:05:54.521,1.32667,1.32686,1.00,1.00
2017.11.30 14:05:55.050,1.32668,1.32687,1.00,1.00
2017.11.30 14:05:55.557,1.32668,1.32686,1.00,1.00
2017.11.30 14:05:55.718,1.32667,1.32688,1.00,1.87
2017.11.30 14:05:56.000,1.32669,1.32688,1.00,1.87
2017.11.30 14:05:56.560,1.32668,1.32687,1.00,1.50
2017.11.30 14:05:57.212,1.32667,1.32687,1.68,1.00
2017.11.30 14:05:57.723,1.32668,1.32687,1.55,1.50
2017.11.30 14:05:58.224,1.32667,1.32686,1.12,1.00
2017.11.30 14:05:58.900,1.32668,1.32687,1.00,1.50
2017.11.30 14:05:59.450,1.32667,1.32686,1.00,1.00
2017.11.30 14:05:59.977,1.32667,1.32687,1.00,1.00
2017.11.30 14:06:00.335,1.32667,1.32685,1.00,1.00
2017.11.30 14:06:01.048,1.32666,1.32685,1.00,1.00
2017.11.30 14:06:01.728,1.32667,1.32686,1.00,1.00
2017.11.30 14:06:02.052,1.32664,1.32682,1.00,1.19
2017.11.30 14:06:02.155,1.32661,1.32682,2.43,1.00
2017.11.30 14:06:02.814,1.32662,1.32682,1.00,1.00
2017.11.30 14:06:03.465,1.32661,1.32682,2.25,1.00
2017.11.30 14:06:03.517,1.32663,1.32683,1.00,1.31
2017.11.30 14:06:04.309,1.32663,1.32681,1.00,1.00
2017.11.30 14:06:05.468,1.32662,1.32681,1.00,1.00
2017.11.30 14:06:06.024,1.32662,1.3268,1.00,1.25
2017.11.30 14:06:06.179,1.32662,1.32684,1.00,1.00
2017.11.30 14:06:06.282,1.32664,1.32682,1.00,1.00
2017.11.30 14:06:06.794,1.32664,1.32683,1.50,1.00
2017.11.30 14:06:07.167,1.32664,1.32681,1.00,1.00
2017.11.30 14:06:07.632,1.32662,1.32683,1.00,1.50
2017.11.30 14:06:07.683,1.32665,1.32683,1.00,1.00
2017.11.30 14:06:08.022,1.32665,1.32684,1.55,1.69
2017.11.30 14:06:08.125,1.32665,1.32684,1.00,1.50
2017.11.30 14:06:08.638,1.32665,1.32683,1.00,1.00
2017.11.30 14:06:09.174,1.32665,1.32684,1.00,1.50
2017.11.30 14:06:10.103,1.32666,1.32684,1.30,1.50
2017.11.30 14:06:10.207,1.32667,1.32686,1.00,1.00
2017.11.30 14:06:10.747,1.32668,1.32686,1.00,1.00
2017.11.30 14:06:10.910,1.32666,1.32687,1.50,1.87
2017.11.30 14:06:17.642,1.32668,1.32687,1.00,1.69
2017.11.30 14:06:18.333,1.32667,1.32687,1.00,1.00
2017.11.30 14:06:18.702,1.32666,1.32684,1.00,1.00
2017.11.30 14:06:18.754,1.32664,1.32684,1.50,1.00
2017.11.30 14:06:19.069,1.32666,1.32684,1.00,1.00
2017.11.30 14:06:22.286,1.32666,1.32685,1.50,1.00
2017.11.30 14:06:23.196,1.32666,1.32685,1.69,1.00
2017.11.30 14:06:23.700,1.32666,1.32685,1.69,1.00
2017.11.30 14:06:24.830,1.32668,1.32685,1.00,1.00
2017.11.30 14:06:25.521,1.32667,1.32685,1.00,1.00
2017.11.30 14:06:25.871,1.32671,1.32689,1.12,1.37
2017.11.30 14:06:25.923,1.32676,1.32696,1.31,1.87
2017.11.30 14:06:26.281,1.32675,1.32694,3.19,1.00
2017.11.30 14:06:27.013,1.32676,1.32694,1.12,1.00
2017.11.30 14:06:28.168,1.32676,1.32695,1.31,1.50
2017.11.30 14:06:29.222,1.32676,1.32694,1.31,1.00
2017.11.30 14:06:29.376,1.32678,1.32694,1.00,1.00
2017.11.30 14:06:30.406,1.32677,1.32695,1.25,1.00
2017.11.30 14:06:31.426,1.32677,1.32694,1.00,1.00
2017.11.30 14:06:32.332,1.32677,1.32695,1.00,1.50
2017.11.30 14:06:32.950,1.32675,1.32694,3.19,1.50
2017.11.30 14:06:37.207,1.32675,1.32693,1.69,1.00
2017.11.30 14:06:38.295,1.32675,1.32693,1.00,1.00
2017.11.30 14:06:39.055,1.32672,1.32692,1.69,1.00
2017.11.30 14:06:39.159,1.32673,1.32694,1.19,1.00
2017.11.30 14:06:39.450,1.32676,1.32694,1.00,1.00
2017.11.30 14:06:39.954,1.32675,1.32694,1.00,1.00
2017.11.30 14:06:40.496,1.32675,1.32693,1.00,1.00
2017.11.30 14:06:41.205,1.32676,1.32695,1.25,1.00
2017.11.30 14:06:41.941,1.32676,1.32694,1.25,1.00
2017.11.30 14:06:42.167,1.32675,1.32696,1.69,2.25
2017.11.30 14:06:43.115,1.32677,1.32696,1.50,1.50
2017.11.30 14:06:43.846,1.32677,1.32695,1.50,1.00
2017.11.30 14:06:44.947,1.32676,1.32696,1.25,1.00
2017.11.30 14:06:46.065,1.32676,1.32696,1.19,1.00
2017.11.30 14:06:47.467,1.32676,1.32696,1.69,1.00
2017.11.30 14:06:47.518,1.3268,1.327,1.25,2.62
2017.11.30 14:06:48.035,1.32681,1.327,1.00,1.00
2017.11.30 14:06:48.140,1.32681,1.32702,2.44,1.00
2017.11.30 14:06:50.666,1.32682,1.32703,1.87,1.00
2017.11.30 14:06:50.768,1.32682,1.32703,2.06,1.00
2017.11.30 14:06:51.615,1.32683,1.32702,1.19,1.00
2017.11.30 14:06:51.871,1.32683,1.32704,1.19,1.00
2017.11.30 14:06:52.418,1.32684,1.32702,1.25,1.00
2017.11.30 14:06:52.956,1.32685,1.32702,1.00,1.00
2017.11.30 14:06:54.442,1.32685,1.32701,1.00,1.00
2017.11.30 14:06:54.545,1.32681,1.327,1.19,1.00
2017.11.30 14:06:54.597,1.3268,1.32698,1.19,1.00
2017.11.30 14:06:56.185,1.3268,1.32698,1.00,1.00
2017.11.30 14:06:56.536,1.32682,1.327,1.25,1.00
2017.11.30 14:06:56.848,1.32688,1.32706,1.25,1.00
2017.11.30 14:06:57.560,1.32689,1.32707,1.00,1.00
2017.11.30 14:06:58.956,1.32689,1.32708,1.25,1.00
2017.11.30 14:06:59.288,1.32698,1.32716,1.00,1.50
2017.11.30 14:06:59.340,1.32696,1.32716,1.00,1.50
2017.11.30 14:07:00.321,1.32696,1.32717,1.19,1.50
2017.11.30 14:07:00.544,1.327,1.32718,1.00,1.00
2017.11.30 14:07:00.861,1.32702,1.3272,1.00,1.50
2017.11.30 14:07:01.414,1.32701,1.3272,1.00,1.00
2017.11.30 14:07:01.889,1.32698,1.32716,1.00,1.00
2017.11.30 14:07:02.401,1.32699,1.32717,1.00,1.00
2017.11.30 14:07:03.303,1.32698,1.32716,1.25,1.00
2017.11.30 14:07:04.362,1.32699,1.32718,1.00,1.00
2017.11.30 14:07:04.536,1.32699,1.32715,1.00,1.00
2017.11.30 14:07:04.589,1.32699,1.32718,1.00,1.50
2017.11.30 14:07:04.643,1.32701,1.32719,1.00,1.00
2017.11.30 14:07:04.852,1.32701,1.32721,1.00,1.00
2017.11.30 14:07:05.045,1.32703,1.32721,1.00,1.00
2017.11.30 14:07:05.699,1.32702,1.3272,1.00,1.00
2017.11.30 14:07:06.008,1.32698,1.32713,1.00,1.00
2017.11.30 14:07:06.060,1.32694,1.32713,1.00,1.00
2017.11.30 14:07:06.215,1.32693,1.32711,1.50,1.00
2017.11.30 14:07:06.267,1.32693,1.32714,1.50,1.00
2017.11.30 14:07:06.319,1.32695,1.32715,1.00,2.62
2017.11.30 14:07:06.628,1.32697,1.32715,1.00,1.12
2017.11.30 14:07:08.223,1.32697,1.32719,1.00,2.25
2017.11.30 14:07:08.274,1.327,1.32718,1.00,1.87
2017.11.30 14:07:08.763,1.32696,1.32715,1.50,1.00
2017.11.30 14:07:08.815,1.32692,1.32711,3.00,1.00
2017.11.30 14:07:09.225,1.32694,1.32713,1.00,1.00
2017.11.30 14:07:09.763,1.32694,1.32714,1.50,1.50
2017.11.30 14:07:09.975,1.32694,1.32712,1.50,1.00
2017.11.30 14:07:11.207,1.32694,1.32714,1.50,1.50
2017.11.30 14:07:12.197,1.32694,1.32713,1.00,1.00
2017.11.30 14:07:12.798,1.32695,1.32713,1.00,1.00
2017.11.30 14:07:13.542,1.32694,1.32712,1.50,1.00
2017.11.30 14:07:14.018,1.32696,1.32714,1.00,1.00
2017.11.30 14:07:14.224,1.32698,1.32718,1.00,1.50
2017.11.30 14:07:14.276,1.32696,1.32714,1.50,1.00
2017.11.30 14:07:14.328,1.32694,1.32715,3.00,1.50
2017.11.30 14:07:14.379,1.32695,1.32713,1.00,1.00
2017.11.30 14:07:14.915,1.32698,1.32716,1.00,1.50
2017.11.30 14:07:14.966,1.32696,1.32716,1.00,1.00
2017.11.30 14:07:15.514,1.32696,1.32717,1.00,1.12
2017.11.30 14:07:15.902,1.32697,1.32715,1.00,1.00
2017.11.30 14:07:16.234,1.32695,1.32713,1.00,1.00
2017.11.30 14:07:17.770,1.32695,1.32714,1.00,1.00
2017.11.30 14:07:19.247,1.32694,1.32714,3.00,1.00
2017.11.30 14:07:19.791,1.32695,1.32714,1.00,1.00
2017.11.30 14:07:21.528,1.32696,1.32715,1.00,1.12
2017.11.30 14:07:22.849,1.32696,1.32714,1.00,1.00
2017.11.30 14:07:23.161,1.32701,1.32718,1.00,1.00
2017.11.30 14:07:23.351,1.32699,1.32717,1.00,1.00
2017.11.30 14:07:23.517,1.32701,1.32719,1.00,1.00
2017.11.30 14:07:23.621,1.32702,1.32723,1.12,2.25
2017.11.30 14:07:23.673,1.32706,1.32723,1.00,1.00
2017.11.30 14:07:23.725,1.32704,1.32724,1.12,1.00
2017.11.30 14:07:24.767,1.32705,1.32724,1.00,1.00
2017.11.30 14:07:25.275,1.32704,1.32724,1.12,1.00
2017.11.30 14:07:27.636,1.32705,1.32723,1.00,1.00
2017.11.30 14:07:27.688,1.32706,1.32726,1.00,1.50
2017.11.30 14:07:27.740,1.32706,1.32724,1.00,1.12
2017.11.30 14:07:27.792,1.32704,1.32725,1.12,1.62
2017.11.30 14:07:27.843,1.32704,1.32722,1.12,1.00
2017.11.30 14:07:29.843,1.32703,1.32721,1.00,1.00
2017.11.30 14:07:31.266,1.32703,1.3272,1.00,1.00
2017.11.30 14:07:31.768,1.32702,1.3272,2.25,1.00
2017.11.30 14:07:33.699,1.32702,1.32719,1.00,1.00
2017.11.30 14:07:33.803,1.32703,1.32721,1.00,1.00
2017.11.30 14:07:35.219,1.32705,1.32723,1.00,1.00
2017.11.30 14:07:35.372,1.32703,1.32722,1.00,1.00
2017.11.30 14:07:35.577,1.32706,1.32723,1.00,1.00
2017.11.30 14:07:35.795,1.32704,1.32723,1.00,1.00
2017.11.30 14:07:36.000,1.32702,1.32724,1.50,1.87
2017.11.30 14:07:36.051,1.32702,1.32722,1.50,1.00
2017.11.30 14:07:36.588,1.32703,1.32723,1.00,1.00
2017.11.30 14:07:37.826,1.32703,1.32721,1.00,1.00
2017.11.30 14:07:38.575,1.32702,1.3272,1.50,1.00
2017.11.30 14:07:38.729,1.32699,1.32719,1.00,1.00
2017.11.30 14:07:39.262,1.327,1.3272,1.00,2.62
2017.11.30 14:07:39.889,1.32702,1.3272,1.00,1.12
2017.11.30 14:07:40.044,1.327,1.3272,1.00,3.37
2017.11.30 14:07:40.350,1.327,1.32718,1.00,1.00
2017.11.30 14:07:40.657,1.32706,1.32721,1.00,1.00
2017.11.30 14:07:40.710,1.32704,1.32722,1.00,1.00
2017.11.30 14:07:40.966,1.32701,1.32719,1.50,1.00
2017.11.30 14:07:41.018,1.32702,1.32721,1.00,1.00
2017.11.30 14:07:41.537,1.32703,1.32721,1.00,1.12
2017.11.30 14:07:42.039,1.32704,1.32722,1.87,1.00
2017.11.30 14:07:42.142,1.32706,1.32724,1.00,1.50
2017.11.30 14:07:42.301,1.32704,1.32723,1.00,1.00
2017.11.30 14:07:42.821,1.32703,1.32722,1.00,1.00
2017.11.30 14:07:43.354,1.32704,1.32722,1.00,1.00
2017.11.30 14:07:43.893,1.32703,1.3272,1.00,1.00
2017.11.30 14:07:43.945,1.32701,1.32719,1.50,1.00
2017.11.30 14:07:44.201,1.327,1.32716,1.00,1.00
2017.11.30 14:07:45.071,1.327,1.32717,1.00,1.00
2017.11.30 14:07:46.243,1.32698,1.32717,1.50,1.00
2017.11.30 14:07:46.767,1.32698,1.32716,1.00,1.50
2017.11.30 14:07:49.570,1.32698,1.32715,1.00,1.00
2017.11.30 14:07:51.636,1.32697,1.32715,1.00,1.00
2017.11.30 14:07:52.256,1.32696,1.32715,1.50,1.00
2017.11.30 14:07:52.799,1.32696,1.32716,2.25,1.50
2017.11.30 14:07:54.079,1.32697,1.32717,1.00,1.50
2017.11.30 14:07:54.629,1.32697,1.32716,1.00,1.00
2017.11.30 14:07:55.231,1.32697,1.32717,1.00,1.50
2017.11.30 14:07:55.784,1.32697,1.32716,1.00,1.00
2017.11.30 14:07:56.665,1.32697,1.32717,1.00,1.50
2017.11.30 14:07:57.253,1.32697,1.32716,1.00,1.50
2017.11.30 14:07:57.459,1.32699,1.32716,1.00,1.00
2017.11.30 14:07:57.673,1.32701,1.32719,1.50,1.12
2017.11.30 14:07:57.725,1.32699,1.32717,1.00,1.00
2017.11.30 14:07:58.262,1.32699,1.32716,1.00,1.00
2017.11.30 14:07:58.952,1.32699,1.32717,1.00,1.50
2017.11.30 14:08:00.172,1.32699,1.32716,1.00,1.00
2017.11.30 14:08:00.983,1.32698,1.32716,1.00,1.00
2017.11.30 14:08:01.539,1.32696,1.32716,1.50,1.00
2017.11.30 14:08:02.250,1.32699,1.32716,1.00,1.00
2017.11.30 14:08:02.813,1.32699,1.32717,1.00,1.50
2017.11.30 14:08:03.384,1.32699,1.32716,1.00,1.00
2017.11.30 14:08:03.660,1.327,1.32718,1.00,1.50
2017.11.30 14:08:04.210,1.327,1.32719,1.00,1.00
2017.11.30 14:08:04.694,1.327,1.32717,1.00,1.00
2017.11.30 14:08:04.960,1.32698,1.32717,1.12,1.00
2017.11.30 14:08:05.637,1.32698,1.32716,1.87,1.00
2017.11.30 14:08:08.433,1.32698,1.32717,1.12,1.50
2017.11.30 14:08:08.542,1.32698,1.32712,1.00,1.00
2017.11.30 14:08:08.695,1.32695,1.32713,1.00,1.00
2017.11.30 14:08:08.798,1.32693,1.32711,1.00,1.00
2017.11.30 14:08:09.650,1.32691,1.32711,2.25,1.00
2017.11.30 14:08:10.189,1.32691,1.3271,2.25,1.00
2017.11.30 14:08:11.193,1.32691,1.32711,2.25,1.00
2017.11.30 14:08:13.572,1.32696,1.32714,1.00,1.00
2017.11.30 14:08:14.599,1.32696,1.32716,1.12,1.00
2017.11.30 14:08:14.912,1.32698,1.32716,1.00,1.00
2017.11.30 14:08:17.079,1.32697,1.32714,1.00,1.00
2017.11.30 14:08:17.233,1.32694,1.32712,1.00,1.00
2017.11.30 14:08:17.336,1.32696,1.32714,1.00,1.50
2017.11.30 14:08:18.244,1.32696,1.32713,1.00,1.00
2017.11.30 14:08:18.673,1.32694,1.32712,1.00,1.00
2017.11.30 14:08:18.725,1.32692,1.3271,1.87,1.00
2017.11.30 14:08:19.541,1.32691,1.3271,1.00,1.00
2017.11.30 14:08:19.848,1.32694,1.32712,1.00,1.50
2017.11.30 14:08:20.167,1.32685,1.32702,1.00,1.00
2017.11.30 14:08:20.475,1.32683,1.32703,1.12,1.00
2017.11.30 14:08:20.581,1.32686,1.32703,1.00,1.00
2017.11.30 14:08:20.633,1.32683,1.32703,1.12,1.00
2017.11.30 14:08:21.169,1.32684,1.32702,1.00,1.00
2017.11.30 14:08:23.159,1.32682,1.32702,2.62,1.00
2017.11.30 14:08:24.205,1.32684,1.32702,1.00,1.00
2017.11.30 14:08:26.070,1.32683,1.32701,1.50,1.00
2017.11.30 14:08:30.201,1.32681,1.32701,3.19,1.00
2017.11.30 14:08:33.753,1.32682,1.32702,1.00,1.55
2017.11.30 14:08:34.255,1.32682,1.32702,1.00,1.00
2017.11.30 14:08:34.358,1.32681,1.32699,1.00,1.00
2017.11.30 14:08:34.885,1.32681,1.32698,1.50,1.00
2017.11.30 14:08:35.655,1.3268,1.32698,1.50,1.00
2017.11.30 14:08:36.194,1.32681,1.32699,1.00,1.00
2017.11.30 14:08:36.624,1.32679,1.32697,1.50,1.00
2017.11.30 14:08:37.372,1.32675,1.32694,1.00,1.00
2017.11.30 14:08:37.475,1.32671,1.32691,1.87,1.50
2017.11.30 14:08:37.662,1.3267,1.32688,1.00,1.00
2017.11.30 14:08:37.917,1.3267,1.3269,1.00,1.00
2017.11.30 14:08:39.318,1.32669,1.32689,1.00,1.00
2017.11.30 14:08:40.070,1.3267,1.3269,1.00,1.00
2017.11.30 14:08:40.800,1.3267,1.32688,1.00,1.00
2017.11.30 14:08:42.726,1.32671,1.32689,1.00,1.00
2017.11.30 14:08:44.976,1.32671,1.3269,1.00,1.00
2017.11.30 14:08:45.466,1.32675,1.32692,1.00,1.12
2017.11.30 14:08:45.518,1.32673,1.32694,1.50,1.74
2017.11.30 14:08:45.999,1.32671,1.32689,1.87,1.00
2017.11.30 14:08:46.513,1.32673,1.3269,1.00,1.00
2017.11.30 14:08:47.065,1.32674,1.3269,1.00,1.00
2017.11.30 14:08:47.596,1.32671,1.32689,1.50,1.00
2017.11.30 14:08:48.285,1.32674,1.32689,1.00,1.00
2017.11.30 14:08:48.388,1.32674,1.32693,1.00,1.50
2017.11.30 14:08:48.592,1.32676,1.32695,1.00,1.87
2017.11.30 14:08:48.695,1.32678,1.32698,1.00,1.00
2017.11.30 14:08:48.746,1.32681,1.32698,1.00,1.00
2017.11.30 14:08:48.798,1.32681,1.32702,1.00,3.75
2017.11.30 14:08:50.212,1.32681,1.32702,1.00,2.62
2017.11.30 14:08:50.316,1.32679,1.327,1.69,1.00
2017.11.30 14:08:50.817,1.32681,1.327,1.00,1.00
2017.11.30 14:08:51.800,1.32681,1.32701,1.00,1.50
2017.11.30 14:08:52.448,1.32681,1.32702,1.00,1.87
2017.11.30 14:08:53.001,1.32681,1.32701,1.00,1.00
2017.11.30 14:08:53.600,1.32681,1.327,1.00,1.00
2017.11.30 14:08:54.314,1.32682,1.32701,1.00,1.50
2017.11.30 14:08:55.706,1.32682,1.327,1.00,1.00
2017.11.30 14:08:56.168,1.3268,1.32699,1.00,1.00
2017.11.30 14:08:56.220,1.32678,1.32694,1.12,1.00
2017.11.30 14:08:56.528,1.32675,1.32691,1.00,1.00
2017.11.30 14:08:57.215,1.32675,1.32692,1.00,1.50
2017.11.30 14:08:57.865,1.32675,1.32691,1.00,1.00
2017.11.30 14:08:58.359,1.32673,1.32691,1.00,1.00
2017.11.30 14:08:59.332,1.32673,1.32692,1.00,1.00
2017.11.30 14:08:59.865,1.32673,1.32691,1.00,1.00
2017.11.30 14:09:00.845,1.32673,1.32692,1.00,1.50
2017.11.30 14:09:01.809,1.32673,1.32691,1.00,1.00
2017.11.30 14:09:02.852,1.32672,1.32691,1.00,1.00
2017.11.30 14:09:03.506,1.32672,1.32688,1.50,1.00
2017.11.30 14:09:04.031,1.32672,1.32687,1.00,1.00
2017.11.30 14:09:05.784,1.32672,1.32688,1.00,1.00
2017.11.30 14:09:07.008,1.32672,1.32687,1.00,1.00
2017.11.30 14:09:08.253,1.32672,1.32688,1.00,1.00
2017.11.30 14:09:08.934,1.32671,1.32687,1.00,1.00
2017.11.30 14:09:08.988,1.32675,1.32692,1.00,1.12
2017.11.30 14:09:09.039,1.32673,1.32693,1.00,1.50
2017.11.30 14:09:09.325,1.32672,1.3269,1.00,1.00
2017.11.30 14:09:09.634,1.3267,1.32687,1.00,1.00
2017.11.30 14:09:09.738,1.32668,1.32687,1.00,1.50
2017.11.30 14:09:10.263,1.32668,1.32686,1.00,1.00
2017.11.30 14:09:10.802,1.32668,1.32687,1.00,1.50
2017.11.30 14:09:11.348,1.32668,1.32686,1.00,1.00
2017.11.30 14:09:11.827,1.32671,1.32687,1.00,1.00
2017.11.30 14:09:12.262,1.32676,1.32691,1.00,1.12
2017.11.30 14:09:12.365,1.32671,1.32688,3.00,1.00
2017.11.30 14:09:12.905,1.32672,1.32689,1.00,1.00
2017.11.30 14:09:13.599,1.32672,1.32688,1.00,1.00
2017.11.30 14:09:13.702,1.3267,1.32688,1.50,1.00
2017.11.30 14:09:13.907,1.32669,1.32682,1.00,1.00
2017.11.30 14:09:13.959,1.32668,1.32686,1.00,1.00
2017.11.30 14:09:14.371,1.3267,1.32688,1.00,1.00
2017.11.30 14:09:14.884,1.32671,1.32688,1.00,1.50
2017.11.30 14:09:15.456,1.3267,1.32688,1.00,1.00
2017.11.30 14:09:16.010,1.3267,1.32689,1.00,1.00
2017.11.30 14:09:16.582,1.3267,1.32688,1.00,1.00
2017.11.30 14:09:18.284,1.3267,1.32689,1.00,1.00
2017.11.30 14:09:18.607,1.32672,1.32688,1.00,1.00
2017.11.30 14:09:19.224,1.32673,1.32689,1.00,1.00
2017.11.30 14:09:19.653,1.32673,1.32692,1.00,1.00
2017.11.30 14:09:19.845,1.32673,1.32689,1.00,1.00
2017.11.30 14:09:20.543,1.32673,1.32688,1.00,1.00
2017.11.30 14:09:21.203,1.32673,1.32689,1.00,1.00
2017.11.30 14:09:21.859,1.32672,1.32689,1.00,1.00
2017.11.30 14:09:22.470,1.32672,1.32688,1.00,1.00
2017.11.30 14:09:23.418,1.32673,1.32688,1.00,1.00
2017.11.30 14:09:24.161,1.32673,1.32689,1.00,1.00
2017.11.30 14:09:24.520,1.32671,1.32689,1.69,1.00
2017.11.30 14:09:25.264,1.32671,1.32688,1.50,1.00
2017.11.30 14:09:25.875,1.32671,1.32689,1.50,1.00
2017.11.30 14:09:26.886,1.32671,1.32688,1.69,1.00
2017.11.30 14:09:26.989,1.32673,1.32688,1.00,1.00
2017.11.30 14:09:27.525,1.32673,1.32689,1.00,1.00
2017.11.30 14:09:28.186,1.32673,1.32688,1.00,1.00
2017.11.30 14:09:29.886,1.32673,1.32689,1.00,1.00
2017.11.30 14:09:30.695,1.32673,1.32688,1.00,1.00
2017.11.30 14:09:31.201,1.32673,1.32689,1.00,1.00
2017.11.30 14:09:31.712,1.32673,1.32688,1.00,1.00
2017.11.30 14:09:32.293,1.32673,1.32689,1.00,1.00
2017.11.30 14:09:32.811,1.32673,1.32688,1.00,1.00
2017.11.30 14:09:34.669,1.32673,1.32689,1.00,1.00
2017.11.30 14:09:34.773,1.32673,1.32692,1.00,1.50
2017.11.30 14:09:37.549,1.32675,1.32692,1.00,1.50
2017.11.30 14:09:37.705,1.32683,1.32702,1.00,1.50
2017.11.30 14:09:38.707,1.32684,1.32703,1.00,1.50
2017.11.30 14:09:38.759,1.32687,1.32702,1.00,1.00
2017.11.30 14:09:39.558,1.32687,1.32703,1.00,1.00
2017.11.30 14:09:40.080,1.32687,1.32702,1.00,1.00
2017.11.30 14:09:40.840,1.32687,1.32703,1.00,1.00
2017.11.30 14:09:41.358,1.32686,1.32704,1.00,1.00
2017.11.30 14:09:43.026,1.32687,1.32704,1.00,1.00
2017.11.30 14:09:43.078,1.32685,1.32704,1.00,2.25
2017.11.30 14:09:43.129,1.32684,1.327,1.00,1.00
2017.11.30 14:09:43.232,1.3268,1.32699,1.00,2.25
2017.11.30 14:09:43.744,1.32681,1.32698,1.00,1.50
2017.11.30 14:09:43.885,1.32679,1.32698,1.50,1.50
2017.11.30 14:09:44.194,1.32681,1.32699,1.00,1.00
2017.11.30 14:09:44.914,1.32681,1.32698,1.50,1.00
2017.11.30 14:09:45.449,1.32682,1.32699,1.00,1.00
2017.11.30 14:09:45.502,1.32683,1.32702,1.00,2.25
2017.11.30 14:09:45.861,1.32682,1.32703,3.19,1.00
2017.11.30 14:09:46.133,1.32686,1.32705,1.00,2.25
2017.11.30 14:09:46.616,1.32686,1.32706,1.00,1.12
2017.11.30 14:09:50.215,1.32688,1.32706,1.00,1.12
2017.11.30 14:09:50.471,1.32694,1.32715,1.00,1.75
2017.11.30 14:09:50.988,1.32695,1.32714,1.00,1.50
2017.11.30 14:09:51.672,1.32696,1.32715,1.00,2.25
2017.11.30 14:09:54.674,1.32693,1.32715,2.62,1.75
2017.11.30 14:09:55.273,1.32693,1.32714,1.87,1.50
2017.11.30 14:09:55.794,1.32694,1.32715,1.00,2.25
2017.11.30 14:09:56.599,1.32696,1.32715,1.50,2.25
2017.11.30 14:09:57.109,1.32697,1.32715,1.00,3.00
2017.11.30 14:09:57.161,1.32698,1.32715,1.00,1.50
2017.11.30 14:09:57.356,1.32699,1.32718,1.00,2.25
2017.11.30 14:10:01.070,1.32698,1.32717,1.00,1.12
2017.11.30 14:10:01.537,1.32694,1.32713,1.00,1.00
2017.11.30 14:10:01.589,1.32691,1.32712,1.25,1.00
2017.11.30 14:10:01.641,1.32691,1.3271,2.80,1.00
2017.11.30 14:10:02.035,1.32696,1.32715,1.00,1.00
2017.11.30 14:10:02.547,1.32696,1.32714,1.30,1.50
2017.11.30 14:10:04.553,1.32696,1.32715,1.50,1.50
2017.11.30 14:10:05.061,1.32696,1.32714,1.50,1.00
2017.11.30 14:10:05.879,1.32694,1.32714,1.30,1.00
2017.11.30 14:10:06.203,1.32696,1.32714,1.00,1.50
2017.11.30 14:10:06.752,1.32696,1.32713,1.00,1.00
2017.11.30 14:10:07.887,1.32695,1.32713,1.00,1.00
2017.11.30 14:10:08.691,1.32696,1.32713,1.00,1.00
2017.11.30 14:10:08.975,1.32694,1.32712,1.30,1.00
2017.11.30 14:10:09.326,1.32692,1.32709,1.00,1.00
2017.11.30 14:10:09.624,1.32689,1.32707,1.50,1.12
2017.11.30 14:10:10.139,1.3269,1.32708,1.00,1.87
2017.11.30 14:10:10.293,1.32686,1.32707,1.50,1.12
2017.11.30 14:10:11.211,1.32686,1.32704,1.00,1.00
2017.11.30 14:10:11.743,1.32685,1.32705,1.50,1.87
2017.11.30 14:10:12.093,1.32681,1.32697,1.00,1.00
2017.11.30 14:10:13.678,1.32681,1.32698,1.00,1.00
2017.11.30 14:10:14.735,1.32681,1.32699,1.50,1.50
2017.11.30 14:10:15.247,1.32681,1.327,1.00,1.00
2017.11.30 14:10:15.882,1.32681,1.32699,1.69,1.00
2017.11.30 14:10:16.228,1.32683,1.327,1.00,1.00
2017.11.30 14:10:17.415,1.32682,1.327,1.00,1.00
2017.11.30 14:10:17.905,1.32686,1.327,1.00,1.00
2017.11.30 14:10:22.659,1.32685,1.32701,1.00,1.00
2017.11.30 14:10:22.712,1.32685,1.32703,1.00,1.00
2017.11.30 14:10:23.218,1.32686,1.32703,1.00,1.00
2017.11.30 14:10:23.878,1.32686,1.32702,1.00,1.00
2017.11.30 14:10:24.330,1.32683,1.32702,1.00,1.00
2017.11.30 14:10:24.381,1.32685,1.32702,1.00,1.00
2017.11.30 14:10:24.483,1.32683,1.32702,1.00,1.00
2017.11.30 14:10:26.453,1.32686,1.32702,1.00,1.00
2017.11.30 14:10:27.018,1.32686,1.32701,1.00,1.00
2017.11.30 14:10:28.046,1.32686,1.32703,1.00,1.00
2017.11.30 14:10:28.558,1.32685,1.32703,1.00,1.00
2017.11.30 14:10:29.531,1.32685,1.32702,1.00,1.00
2017.11.30 14:10:30.469,1.32685,1.327,1.00,1.00
2017.11.30 14:10:31.251,1.32685,1.32702,1.00,1.12
2017.11.30 14:10:31.397,1.32682,1.32701,1.00,1.50
2017.11.30 14:10:31.661,1.3268,1.32699,1.50,1.00
2017.11.30 14:10:32.138,1.3268,1.32697,1.00,1.00
2017.11.30 14:10:32.883,1.32681,1.32697,1.00,1.00
2017.11.30 14:10:32.935,1.32679,1.32697,1.00,1.00
2017.11.30 14:10:33.139,1.32677,1.32697,1.50,1.00
2017.11.30 14:10:33.448,1.32681,1.32698,1.00,1.00
2017.11.30 14:10:36.036,1.32681,1.32696,1.00,1.00
2017.11.30 14:10:36.139,1.32681,1.32698,1.00,2.25
2017.11.30 14:10:36.191,1.32681,1.32696,1.00,1.12
2017.11.30 14:10:37.063,1.32678,1.32697,1.00,2.25
2017.11.30 14:10:37.778,1.32677,1.32697,1.00,2.25
2017.11.30 14:10:37.829,1.3268,1.32697,1.00,2.25
2017.11.30 14:10:38.873,1.32677,1.32696,1.00,1.87
2017.11.30 14:10:43.715,1.32681,1.32696,1.00,1.87
2017.11.30 14:10:45.577,1.32676,1.32696,1.00,1.12
2017.11.30 14:10:46.663,1.32675,1.32696,2.25,1.87
2017.11.30 14:10:47.171,1.32676,1.32695,1.00,1.00
2017.11.30 14:10:47.663,1.32676,1.32695,1.55,1.00
2017.11.30 14:10:47.871,1.3268,1.32698,1.00,1.00
2017.11.30 14:10:48.499,1.32683,1.32699,1.00,1.12
2017.11.30 14:10:48.656,1.32684,1.32703,1.00,1.50
2017.11.30 14:10:49.447,1.32681,1.327,1.00,1.69
2017.11.30 14:10:49.755,1.32674,1.32693,2.43,1.12
2017.11.30 14:10:50.480,1.32674,1.32693,1.68,1.12
2017.11.30 14:10:51.515,1.32674,1.32694,1.30,2.25
2017.11.30 14:10:51.919,1.32676,1.32692,1.00,1.00
2017.11.30 14:10:52.401,1.32673,1.32692,1.00,1.00
2017.11.30 14:10:52.452,1.32675,1.32692,1.00,1.00
2017.11.30 14:10:52.663,1.32671,1.32689,1.50,1.00
2017.11.30 14:10:52.766,1.32676,1.32691,1.50,1.50
2017.11.30 14:10:52.818,1.32676,1.32692,1.50,1.00
2017.11.30 14:10:52.953,1.32678,1.32694,1.00,1.00
2017.11.30 14:10:53.005,1.32676,1.32694,1.00,1.50
2017.11.30 14:10:53.835,1.32675,1.32693,1.00,1.50
2017.11.30 14:10:53.887,1.32673,1.32693,1.00,1.00
2017.11.30 14:10:54.530,1.32672,1.32692,1.12,1.00
2017.11.30 14:10:55.059,1.32671,1.32693,2.99,1.00
2017.11.30 14:10:55.314,1.32674,1.32693,1.00,1.50
2017.11.30 14:10:56.549,1.32676,1.32693,1.00,1.00
2017.11.30 14:10:57.826,1.32675,1.32693,1.00,1.50
2017.11.30 14:10:58.153,1.32671,1.32694,2.05,2.62
2017.11.30 14:10:58.205,1.32673,1.32694,1.00,2.62
2017.11.30 14:10:58.535,1.32671,1.32694,2.05,2.62
2017.11.30 14:10:58.703,1.32673,1.32693,1.00,1.00
2017.11.30 14:10:59.284,1.32675,1.32693,1.00,1.00
2017.11.30 14:11:00.124,1.32676,1.32694,1.00,2.25
2017.11.30 14:11:00.635,1.32676,1.32695,1.50,1.00
2017.11.30 14:11:04.729,1.3268,1.32698,1.00,2.25
2017.11.30 14:11:04.781,1.32683,1.32702,1.50,2.25
2017.11.30 14:11:04.832,1.32685,1.32703,1.00,1.00
2017.11.30 14:11:04.884,1.32683,1.32703,1.00,1.00
2017.11.30 14:11:05.396,1.32684,1.32702,1.00,1.00
2017.11.30 14:11:06.071,1.32683,1.32702,1.50,1.00
2017.11.30 14:11:06.520,1.32683,1.32704,1.50,1.00
2017.11.30 14:11:07.048,1.32682,1.32699,1.00,1.12
2017.11.30 14:11:07.100,1.32679,1.32699,1.00,1.12
2017.11.30 14:11:07.153,1.32676,1.32698,1.50,1.00
2017.11.30 14:11:07.307,1.32677,1.32696,1.00,1.00
2017.11.30 14:11:07.892,1.32676,1.32695,1.30,1.00
2017.11.30 14:11:08.221,1.32678,1.32696,1.00,1.00
2017.11.30 14:11:08.708,1.32681,1.32697,1.00,1.00
2017.11.30 14:11:09.116,1.32678,1.32697,1.00,1.00
2017.11.30 14:11:09.768,1.32681,1.32697,1.00,1.00
2017.11.30 14:11:10.003,1.32678,1.32697,1.00,1.00
2017.11.30 14:11:15.450,1.32684,1.327,1.50,1.00
2017.11.30 14:11:15.605,1.32686,1.32705,1.00,1.00
2017.11.30 14:11:16.115,1.32686,1.32706,1.50,1.50
2017.11.30 14:11:16.678,1.32687,1.32706,1.00,1.50
2017.11.30 14:11:17.951,1.32686,1.32706,1.50,1.00
2017.11.30 14:11:18.473,1.32687,1.32707,1.00,1.00
2017.11.30 14:11:19.022,1.32686,1.32705,2.05,1.00
2017.11.30 14:11:19.860,1.32686,1.32704,1.00,1.00
2017.11.30 14:11:20.925,1.32686,1.32705,1.50,1.00
2017.11.30 14:11:21.891,1.32685,1.32703,2.25,1.00
2017.11.30 14:11:21.942,1.32685,1.32705,1.00,1.50
2017.11.30 14:11:21.994,1.32684,1.32703,1.50,1.00
2017.11.30 14:11:22.566,1.32684,1.32702,1.00,1.00
2017.11.30 14:11:23.113,1.32683,1.32702,1.00,1.00
2017.11.30 14:11:23.838,1.32685,1.32702,1.00,1.00
2017.11.30 14:11:23.890,1.32689,1.32708,1.00,1.50
2017.11.30 14:11:24.147,1.32687,1.32705,1.00,1.00
2017.11.30 14:11:24.199,1.3269,1.32709,1.50,1.00
2017.11.30 14:11:24.250,1.32686,1.32705,1.50,1.00
2017.11.30 14:11:24.558,1.3269,1.32709,1.00,1.50
2017.11.30 14:11:24.759,1.32686,1.32706,1.00,1.00
2017.11.30 14:11:24.812,1.32685,1.32708,2.62,1.00
2017.11.30 14:11:25.197,1.32687,1.32707,1.00,1.50
2017.11.30 14:11:25.542,1.32687,1.32705,1.00,1.00
2017.11.30 14:11:26.148,1.32685,1.32706,1.50,2.25
2017.11.30 14:11:26.653,1.32688,1.32706,1.00,1.00
2017.11.30 14:11:26.959,1.32687,1.32708,1.00,2.62
2017.11.30 14:11:27.693,1.32687,1.32707,1.00,1.00
2017.11.30 14:11:28.206,1.32687,1.32708,1.00,2.62
2017.11.30 14:11:28.757,1.32688,1.32708,1.00,1.12
2017.11.30 14:11:29.255,1.3269,1.32709,1.00,1.87
2017.11.30 14:11:29.789,1.32691,1.3271,1.00,1.00
2017.11.30 14:11:30.171,1.32693,1.32711,1.00,1.00
2017.11.30 14:11:30.223,1.32693,1.32713,1.00,1.00
2017.11.30 14:11:30.440,1.32693,1.32713,1.55,1.00
2017.11.30 14:11:30.801,1.32693,1.32713,1.00,1.00
2017.11.30 14:11:31.353,1.32694,1.32713,1.00,1.00
2017.11.30 14:11:31.720,1.32699,1.32716,1.00,3.75
2017.11.30 14:11:31.824,1.32702,1.32724,1.00,3.19
2017.11.30 14:11:31.976,1.327,1.32718,1.87,1.00
2017.11.30 14:11:32.232,1.32698,1.32717,1.00,1.00
2017.11.30 14:11:33.131,1.32699,1.32718,1.00,1.00
2017.11.30 14:11:33.672,1.327,1.32718,1.00,1.00
2017.11.30 14:11:34.176,1.327,1.32719,1.00,1.00
2017.11.30 14:11:34.691,1.327,1.32718,1.00,1.00
2017.11.30 14:11:34.794,1.327,1.3272,1.00,1.00
2017.11.30 14:11:35.391,1.327,1.32719,1.00,1.00
2017.11.30 14:11:35.926,1.327,1.3272,1.00,1.00
2017.11.30 14:11:36.480,1.32699,1.3272,2.25,1.00
2017.11.30 14:11:37.002,1.32699,1.32719,1.50,1.00
2017.11.30 14:11:37.833,1.327,1.32719,1.00,1.00
2017.11.30 14:11:39.480,1.32699,1.32718,2.25,1.00
2017.11.30 14:11:42.239,1.327,1.32719,1.00,1.00
2017.11.30 14:11:42.789,1.32699,1.3272,2.25,1.00
2017.11.30 14:11:43.453,1.32703,1.32722,1.00,1.00
2017.11.30 14:11:43.889,1.32701,1.32723,2.62,1.00
2017.11.30 14:11:44.405,1.32701,1.32721,2.62,1.00
2017.11.30 14:11:44.972,1.32701,1.3272,2.62,1.00
2017.11.30 14:11:45.553,1.32701,1.32721,2.62,1.00
2017.11.30 14:11:46.098,1.32701,1.3272,2.62,1.00
2017.11.30 14:11:47.834,1.32701,1.32722,2.62,1.00
2017.11.30 14:11:48.385,1.32702,1.32722,1.50,1.00
2017.11.30 14:11:49.069,1.32702,1.32721,2.25,1.00
2017.11.30 14:11:50.205,1.32702,1.32722,1.50,1.00
2017.11.30 14:11:50.412,1.32698,1.32717,3.00,1.37
2017.11.30 14:11:50.515,1.327,1.3272,1.00,1.87
2017.11.30 14:11:50.567,1.32701,1.32721,1.00,2.62
2017.11.30 14:11:50.619,1.32703,1.32721,1.00,1.00
2017.11.30 14:11:50.927,1.32702,1.32723,3.18,1.50
2017.11.30 14:11:51.143,1.32702,1.32721,1.87,1.00
2017.11.30 14:11:51.709,1.32702,1.3272,1.87,1.00
2017.11.30 14:11:52.222,1.32702,1.32719,1.50,1.00
2017.11.30 14:11:52.274,1.32704,1.32723,1.00,1.12
2017.11.30 14:11:52.584,1.32706,1.32725,1.50,1.12
2017.11.30 14:11:53.093,1.32706,1.32724,1.50,1.00
2017.11.30 14:11:53.643,1.32707,1.32723,1.00,1.00
2017.11.30 14:11:53.874,1.32705,1.32723,1.50,1.00
2017.11.30 14:11:54.396,1.32704,1.32724,1.50,1.00
2017.11.30 14:11:55.004,1.32705,1.32726,1.30,1.00
2017.11.30 14:11:55.055,1.32705,1.32724,2.05,1.00
2017.11.30 14:11:56.144,1.32705,1.32726,1.50,1.00
2017.11.30 14:11:56.652,1.32706,1.32725,1.00,1.00
2017.11.30 14:11:57.497,1.32706,1.32724,1.00,1.00
2017.11.30 14:11:57.908,1.32704,1.32724,1.00,1.00
2017.11.30 14:11:58.011,1.32706,1.32723,1.00,1.00
2017.11.30 14:11:58.476,1.32706,1.32725,1.00,1.00
2017.11.30 14:11:58.987,1.32706,1.32724,1.00,1.00
2017.11.30 14:12:00.761,1.32705,1.32724,1.00,1.00
2017.11.30 14:12:01.941,1.32706,1.32724,1.00,1.00
2017.11.30 14:12:02.201,1.32703,1.32724,1.50,1.69
2017.11.30 14:12:02.253,1.32701,1.3272,3.75,1.00
2017.11.30 14:12:03.097,1.32701,1.32721,1.50,1.25
2017.11.30 14:12:03.404,1.32699,1.32718,1.00,1.00
2017.11.30 14:12:03.941,1.32699,1.32717,1.00,1.00
2017.11.30 14:12:04.199,1.32701,1.32721,1.50,1.00
2017.11.30 14:12:05.261,1.327,1.32721,2.62,1.00
2017.11.30 14:12:05.364,1.32702,1.32721,1.00,1.00
2017.11.30 14:12:05.672,1.32704,1.32723,1.68,1.50
2017.11.30 14:12:07.210,1.32704,1.32723,3.18,1.00
2017.11.30 14:12:07.568,1.32704,1.32723,1.87,1.00
2017.11.30 14:12:07.670,1.32704,1.32726,1.12,1.19
2017.11.30 14:12:07.999,1.32706,1.32725,1.00,1.00
2017.11.30 14:12:08.501,1.32705,1.32724,1.00,1.00
2017.11.30 14:12:08.811,1.32704,1.32719,1.12,1.00
2017.11.30 14:12:08.913,1.327,1.32719,1.00,1.00
2017.11.30 14:12:09.621,1.32699,1.32719,1.87,1.00
2017.11.30 14:12:09.674,1.327,1.32713,1.00,1.12
2017.11.30 14:12:09.728,1.32696,1.32713,1.00,1.00
2017.11.30 14:12:09.780,1.32694,1.32711,1.00,1.00
2017.11.30 14:12:10.056,1.3269,1.32709,1.12,1.00
2017.11.30 14:12:10.713,1.32691,1.32709,1.50,1.50
2017.11.30 14:12:11.229,1.32691,1.3271,1.00,1.12
2017.11.30 14:12:11.446,1.32693,1.3271,1.00,1.00
2017.11.30 14:12:11.972,1.32692,1.3271,1.00,1.00
2017.11.30 14:12:13.330,1.32691,1.3271,1.50,1.50
2017.11.30 14:12:13.792,1.32689,1.32707,1.00,1.00
2017.11.30 14:12:13.998,1.32687,1.32706,1.00,1.00
2017.11.30 14:12:14.266,1.32686,1.32704,1.87,1.00
2017.11.30 14:12:14.794,1.32686,1.32705,1.12,1.00
2017.11.30 14:12:15.100,1.32691,1.32705,1.00,1.00
2017.11.30 14:12:15.191,1.32686,1.32705,1.12,1.00
2017.11.30 14:12:15.550,1.32688,1.32705,1.00,1.00
2017.11.30 14:12:15.704,1.3269,1.32708,1.00,1.00
2017.11.30 14:12:15.756,1.32689,1.32705,1.00,1.00
2017.11.30 14:12:15.808,1.32686,1.32705,1.87,1.00
2017.11.30 14:12:15.860,1.32686,1.32707,2.62,1.00
2017.11.30 14:12:15.912,1.32688,1.32705,1.00,1.00
2017.11.30 14:12:16.382,1.32686,1.32705,1.87,1.00
2017.11.30 14:12:16.638,1.32684,1.32705,1.12,1.50
2017.11.30 14:12:17.254,1.32685,1.32705,1.00,1.00
2017.11.30 14:12:17.793,1.32684,1.32705,1.12,1.50
2017.11.30 14:12:18.564,1.32685,1.32705,1.00,1.50
2017.11.30 14:12:18.616,1.32685,1.32703,1.50,1.00
2017.11.30 14:12:19.136,1.32685,1.32704,1.00,1.00
2017.11.30 14:12:19.461,1.32688,1.32706,1.00,1.00
2017.11.30 14:12:19.513,1.32688,1.32708,1.00,1.00
2017.11.30 14:12:19.564,1.3269,1.32709,1.50,1.00
2017.11.30 14:12:19.872,1.32692,1.32709,1.00,1.00
2017.11.30 14:12:19.924,1.3269,1.32709,1.50,1.50
2017.11.30 14:12:20.061,1.3269,1.32707,1.00,1.00
2017.11.30 14:12:20.165,1.3269,1.32709,1.00,1.50
2017.11.30 14:12:20.693,1.32689,1.32709,1.00,3.00
2017.11.30 14:12:21.266,1.3269,1.32709,1.00,1.00
2017.11.30 14:12:21.775,1.32691,1.32709,1.00,1.00
2017.11.30 14:12:22.226,1.32689,1.32709,1.50,1.00
2017.11.30 14:12:23.768,1.3269,1.32709,1.87,1.00
2017.11.30 14:12:24.175,1.32693,1.32711,1.00,1.00
2017.11.30 14:12:24.288,1.32693,1.32713,1.00,1.00
2017.11.30 14:12:24.693,1.3269,1.32709,2.62,1.00
2017.11.30 14:12:26.833,1.3269,1.32709,1.50,1.00
2017.11.30 14:12:27.385,1.3269,1.32711,1.50,1.37
2017.11.30 14:12:27.695,1.32689,1.32708,1.12,1.00
2017.11.30 14:12:28.221,1.32688,1.32708,1.87,1.00
2017.11.30 14:12:29.014,1.32689,1.32708,1.00,1.00
2017.11.30 14:12:29.322,1.32686,1.32705,1.12,1.00
2017.11.30 14:12:30.908,1.32687,1.32707,1.00,1.50
2017.11.30 14:12:31.417,1.32687,1.32706,1.00,1.00
2017.11.30 14:12:31.749,1.32689,1.32708,1.00,1.87
2017.11.30 14:12:32.350,1.32689,1.32707,1.00,1.00
2017.11.30 14:12:32.749,1.32687,1.32707,1.00,1.00
2017.11.30 14:12:33.323,1.32686,1.32707,1.87,2.05
2017.11.30 14:12:33.377,1.32688,1.32707,1.00,1.50
2017.11.30 14:12:34.598,1.32688,1.32706,1.00,1.00
2017.11.30 14:12:34.650,1.32685,1.32706,3.75,1.00
2017.11.30 14:12:35.161,1.32686,1.32705,1.87,1.00
2017.11.30 14:12:36.259,1.32686,1.32706,1.12,1.00
2017.11.30 14:12:37.408,1.32686,1.32706,1.50,1.19
2017.11.30 14:12:38.742,1.32686,1.32705,1.00,1.19
2017.11.30 14:12:39.153,1.32685,1.32701,1.00,1.00
2017.11.30 14:12:39.256,1.32683,1.327,1.00,1.00
2017.11.30 14:12:39.308,1.32683,1.32702,1.00,1.00
2017.11.30 14:12:39.719,1.32685,1.32703,1.00,1.00
2017.11.30 14:12:40.409,1.32684,1.32703,1.00,1.19
2017.11.30 14:12:41.000,1.32681,1.327,2.62,1.19
2017.11.30 14:12:41.527,1.32682,1.327,1.50,1.19
2017.11.30 14:12:42.021,1.32677,1.32692,1.00,1.19
2017.11.30 14:12:42.175,1.32675,1.32694,1.87,1.19
2017.11.30 14:12:42.657,1.32676,1.32693,1.00,1.25
2017.11.30 14:12:43.296,1.32674,1.32689,1.87,1.00
2017.11.30 14:12:43.348,1.32671,1.32689,1.00,1.00
2017.11.30 14:12:43.451,1.32671,1.32688,1.00,1.19
2017.11.30 14:12:44.053,1.3267,1.32688,1.00,1.69
2017.11.30 14:12:44.554,1.32671,1.32688,1.00,1.19
2017.11.30 14:12:45.070,1.32671,1.32688,1.00,1.25
2017.11.30 14:12:45.581,1.32676,1.3269,1.00,1.19
2017.11.30 14:12:45.839,1.32671,1.32689,1.00,1.19
2017.11.30 14:12:46.278,1.32673,1.32689,1.00,1.00
2017.11.30 14:12:46.788,1.32672,1.32691,1.00,1.69
2017.11.30 14:12:46.841,1.32672,1.32688,1.00,1.25
2017.11.30 14:12:47.602,1.32671,1.32689,1.00,1.19
2017.11.30 14:12:47.705,1.32672,1.32691,1.00,1.69
2017.11.30 14:12:48.241,1.32673,1.32691,1.00,1.69
2017.11.30 14:12:48.887,1.32673,1.32691,1.00,1.50
2017.11.30 14:12:49.392,1.32674,1.32691,1.00,1.69
2017.11.30 14:12:49.991,1.32675,1.32691,1.00,1.25
2017.11.30 14:12:50.249,1.32673,1.32691,1.00,1.31
2017.11.30 14:12:51.612,1.32671,1.3269,1.50,1.00
2017.11.30 14:12:51.988,1.32673,1.3269,1.00,1.00
2017.11.30 14:12:53.024,1.32673,1.32689,1.00,1.00
2017.11.30 14:12:53.463,1.3267,1.32686,1.00,1.19
2017.11.30 14:12:53.617,1.32668,1.32684,1.00,1.19
2017.11.30 14:12:54.138,1.32667,1.32684,1.00,1.25
2017.11.30 14:12:54.191,1.32666,1.32683,1.00,1.19
2017.11.30 14:12:54.498,1.32666,1.32682,1.50,1.19
2017.11.30 14:12:55.042,1.32666,1.32683,1.00,1.19
2017.11.30 14:12:55.692,1.32665,1.32682,1.00,1.31
2017.11.30 14:12:56.464,1.32664,1.32681,1.00,1.25
2017.11.30 14:12:57.303,1.32665,1.32682,1.00,1.31
2017.11.30 14:12:57.831,1.32665,1.32682,1.00,1.31
2017.11.30 14:12:58.734,1.32664,1.32683,1.00,2.06
2017.11.30 14:12:59.042,1.32666,1.32683,1.50,1.19
2017.11.30 14:12:59.817,1.32667,1.32685,1.00,2.06
2017.11.30 14:12:59.973,1.3267,1.32688,2.25,1.00
2017.11.30 14:13:00.476,1.32671,1.3269,1.50,1.31
2017.11.30 14:13:00.527,1.32671,1.32686,1.50,1.19
2017.11.30 14:13:01.840,1.32671,1.32689,1.00,1.69
2017.11.30 14:13:02.563,1.32669,1.32689,1.00,1.69
2017.11.30 14:13:02.933,1.32671,1.32689,1.00,1.69
2017.11.30 14:13:03.035,1.32671,1.32689,1.00,1.50
2017.11.30 14:13:03.407,1.32669,1.32684,1.00,1.00
2017.11.30 14:13:03.459,1.32666,1.32683,1.00,1.00
2017.11.30 14:13:03.613,1.3267,1.32683,1.00,1.00
2017.11.30 14:13:03.664,1.32666,1.32683,1.00,1.00
2017.11.30 14:13:03.768,1.32666,1.32685,1.50,1.12
2017.11.30 14:13:03.922,1.32668,1.32687,1.00,1.50
2017.11.30 14:13:04.441,1.32666,1.32685,1.50,1.12
2017.11.30 14:13:04.905,1.32665,1.32684,1.00,1.00
2017.11.30 14:13:05.060,1.32664,1.3268,1.00,1.50
2017.11.30 14:13:05.567,1.32664,1.32681,1.00,1.00
2017.11.30 14:13:10.245,1.32664,1.3268,1.00,1.00
2017.11.30 14:13:10.450,1.3266,1.32681,1.31,1.00
2017.11.30 14:13:10.957,1.3266,1.3268,1.69,1.12
2017.11.30 14:13:11.500,1.32661,1.32682,1.00,1.50
2017.11.30 14:13:11.862,1.32661,1.32679,1.00,1.00
2017.11.30 14:13:12.067,1.3266,1.32681,1.87,1.50
2017.11.30 14:13:12.118,1.32666,1.32681,1.00,1.50
2017.11.30 14:13:12.170,1.32666,1.32683,1.00,1.12
2017.11.30 14:13:13.224,1.32666,1.32684,1.00,1.00
2017.11.30 14:13:13.794,1.32665,1.32684,1.00,1.50
2017.11.30 14:13:14.347,1.32666,1.32684,1.00,1.00
2017.11.30 14:13:15.038,1.32666,1.32685,1.00,2.25
2017.11.30 14:13:16.862,1.32666,1.32685,1.00,2.61
2017.11.30 14:13:17.459,1.32666,1.32685,1.50,1.69
2017.11.30 14:13:18.007,1.32666,1.32683,1.00,1.00
2017.11.30 14:13:18.556,1.32666,1.32682,1.00,1.87
2017.11.30 14:13:19.277,1.32665,1.32681,1.00,1.19
2017.11.30 14:13:20.702,1.32661,1.32678,1.50,1.00
2017.11.30 14:13:21.942,1.32662,1.32679,1.00,1.37
2017.11.30 14:13:24.414,1.3266,1.32679,2.25,1.37
2017.11.30 14:13:25.006,1.32661,1.32679,1.00,1.37
2017.11.30 14:13:26.082,1.32661,1.32679,1.00,1.00
2017.11.30 14:13:26.589,1.32661,1.3268,1.00,1.31
2017.11.30 14:13:27.098,1.32661,1.32679,1.00,1.00
2017.11.30 14:13:27.556,1.32666,1.32681,1.00,2.06
2017.11.30 14:13:28.281,1.32666,1.32679,1.00,1.00
2017.11.30 14:13:29.022,1.32665,1.32679,1.00,1.00
2017.11.30 14:13:29.073,1.32661,1.32679,1.00,1.00
2017.11.30 14:13:29.663,1.32661,1.32679,1.00,1.19
2017.11.30 14:13:31.068,1.3266,1.32678,1.00,1.25
2017.11.30 14:13:31.119,1.3266,1.32677,1.50,1.19
2017.11.30 14:13:31.670,1.32661,1.32676,1.00,1.25
2017.11.30 14:13:31.973,1.32661,1.32679,1.00,1.31
2017.11.30 14:13:32.282,1.32661,1.32674,1.00,1.19
2017.11.30 14:13:32.385,1.3266,1.32674,1.00,1.00
2017.11.30 14:13:32.561,1.32655,1.32675,1.00,1.00
2017.11.30 14:13:33.094,1.32656,1.32675,1.00,1.00
2017.11.30 14:13:33.605,1.32656,1.32676,1.50,1.25
2017.11.30 14:13:33.658,1.32661,1.32676,1.00,1.25
2017.11.30 14:13:34.194,1.32661,1.32675,1.00,1.00
2017.11.30 14:13:34.400,1.32662,1.3268,1.00,1.50
2017.11.30 14:13:34.505,1.32662,1.32678,1.00,1.00
2017.11.30 14:13:34.634,1.3266,1.32678,1.00,1.00
2017.11.30 14:13:34.687,1.3266,1.32678,1.00,1.69
2017.11.30 14:13:36.450,1.32661,1.32676,1.00,1.25
2017.11.30 14:13:36.994,1.3266,1.32676,1.00,1.19
2017.11.30 14:13:37.531,1.32661,1.32676,1.00,1.19
2017.11.30 14:13:37.635,1.32661,1.32678,1.00,1.50
2017.11.30 14:13:38.297,1.3266,1.32678,1.00,1.50
2017.11.30 14:13:39.631,1.3266,1.32679,1.00,2.25
2017.11.30 14:13:40.181,1.3266,1.32678,1.00,1.00
2017.11.30 14:13:40.744,1.3266,1.32679,1.00,2.25
2017.11.30 14:13:41.953,1.32661,1.32678,1.00,1.00
2017.11.30 14:13:42.005,1.32663,1.32682,1.00,2.25
2017.11.30 14:13:42.056,1.32661,1.32682,1.00,3.00
2017.11.30 14:13:42.108,1.32666,1.32682,1.00,1.50
2017.11.30 14:13:42.365,1.32666,1.32684,1.00,1.50
2017.11.30 14:13:44.982,1.32665,1.32684,1.00,2.25
2017.11.30 14:13:45.496,1.32666,1.32684,1.00,2.25
2017.11.30 14:13:46.173,1.32665,1.32681,1.00,1.37
2017.11.30 14:13:46.225,1.32663,1.3268,1.00,1.50
2017.11.30 14:13:46.278,1.32661,1.3268,1.00,1.50
2017.11.30 14:13:46.525,1.3266,1.32678,1.50,1.00
2017.11.30 14:13:46.576,1.3266,1.3268,1.50,1.50
2017.11.30 14:13:47.411,1.32661,1.3268,1.00,1.50
2017.11.30 14:13:47.702,1.32661,1.32678,1.00,1.00
2017.11.30 14:13:48.040,1.32661,1.32676,1.00,1.00
2017.11.30 14:13:51.040,1.32661,1.32675,1.00,1.00
2017.11.30 14:13:51.247,1.32656,1.32675,2.25,1.00
2017.11.30 14:13:51.760,1.32657,1.32676,1.00,1.12
2017.11.30 14:13:52.465,1.32661,1.32676,1.00,1.87
2017.11.30 14:13:52.776,1.32657,1.32676,1.00,1.87
2017.11.30 14:13:53.118,1.3266,1.32675,1.00,1.00
2017.11.30 14:13:54.257,1.32661,1.32675,1.00,1.00
2017.11.30 14:13:55.200,1.3266,1.32675,1.00,1.00
2017.11.30 14:13:55.739,1.3266,1.32674,1.00,1.00
2017.11.30 14:13:56.379,1.32656,1.32674,2.25,1.00
2017.11.30 14:13:56.597,1.32658,1.32676,1.50,1.12
2017.11.30 14:13:57.241,1.32659,1.32676,1.00,1.12
2017.11.30 14:13:57.667,1.32657,1.32676,1.00,1.87
2017.11.30 14:13:57.727,1.32661,1.32676,1.00,1.87
2017.11.30 14:13:58.034,1.3266,1.32673,1.00,1.00
2017.11.30 14:13:58.556,1.3266,1.32674,1.00,1.00
2017.11.30 14:13:59.043,1.32656,1.32674,1.00,1.00
2017.11.30 14:14:00.832,1.32655,1.32674,1.50,1.00
2017.11.30 14:14:00.900,1.3266,1.32674,1.00,1.00
2017.11.30 14:14:01.882,1.3266,1.32675,1.00,1.12
2017.11.30 14:14:03.687,1.32661,1.32675,1.00,1.12
2017.11.30 14:14:04.803,1.3266,1.32676,1.00,1.50
2017.11.30 14:14:05.499,1.32661,1.32676,1.00,1.50
2017.11.30 14:14:05.653,1.32656,1.32676,1.12,2.25
2017.11.30 14:14:06.183,1.32657,1.32676,1.00,1.50
2017.11.30 14:14:06.337,1.32661,1.32676,1.00,1.50
2017.11.30 14:14:10.706,1.32661,1.32674,1.00,1.00
2017.11.30 14:14:12.327,1.32661,1.32676,1.00,1.00
2017.11.30 14:14:12.936,1.32661,1.32677,1.00,1.87
2017.11.30 14:14:13.108,1.32661,1.32675,1.00,1.00
2017.11.30 14:14:13.458,1.32657,1.32675,1.50,1.00
2017.11.30 14:14:13.509,1.3266,1.32675,1.00,1.00
2017.11.30 14:14:14.726,1.3266,1.32676,1.00,1.50
2017.11.30 14:14:18.160,1.32657,1.32676,1.50,1.00
2017.11.30 14:14:18.263,1.32661,1.32674,1.00,1.00
2017.11.30 14:14:18.415,1.32661,1.32676,1.00,1.50
2017.11.30 14:14:18.670,1.32657,1.32676,1.00,1.00
2017.11.30 14:14:18.722,1.32661,1.32676,1.00,1.00
2017.11.30 14:14:19.145,1.32658,1.32676,1.00,1.50
2017.11.30 14:14:19.920,1.32661,1.32676,1.00,1.00
2017.11.30 14:14:20.425,1.3266,1.32676,1.00,1.00
2017.11.30 14:14:20.932,1.3266,1.32677,1.00,1.00
2017.11.30 14:14:21.925,1.32658,1.32677,2.25,1.00
2017.11.30 14:14:23.054,1.32658,1.32678,2.25,1.00
2017.11.30 14:14:23.460,1.32657,1.32676,1.50,1.50
2017.11.30 14:14:23.780,1.32661,1.32676,1.00,1.00
2017.11.30 14:14:24.289,1.32661,1.32675,1.00,1.12
2017.11.30 14:14:28.353,1.32661,1.32675,1.00,1.87
2017.11.30 14:14:28.891,1.3266,1.32674,1.00,1.00
2017.11.30 14:14:30.676,1.3266,1.32673,1.00,1.00
2017.11.30 14:14:33.516,1.32656,1.32673,1.00,1.87
2017.11.30 14:14:33.568,1.32661,1.32673,1.00,1.87
2017.11.30 14:14:34.084,1.32661,1.32672,1.00,1.00
2017.11.30 14:14:34.305,1.32656,1.32672,1.00,1.00
2017.11.30 14:14:34.833,1.32654,1.32671,1.00,1.12
2017.11.30 14:14:35.037,1.32654,1.3267,1.00,1.87
2017.11.30 14:14:36.022,1.32661,1.3267,1.00,1.12
2017.11.30 14:14:36.075,1.32665,1.32677,1.00,2.25
2017.11.30 14:14:36.349,1.32663,1.32681,1.00,2.25
2017.11.30 14:14:36.847,1.32663,1.32683,1.00,1.00
2017.11.30 14:14:37.103,1.32663,1.3268,1.00,1.00
2017.11.30 14:14:37.424,1.32659,1.32676,1.00,1.00
2017.11.30 14:14:38.066,1.32659,1.32677,1.00,1.50
2017.11.30 14:14:38.398,1.32661,1.32674,1.00,1.00
2017.11.30 14:14:39.235,1.32659,1.32674,1.00,1.00
2017.11.30 14:14:40.232,1.32659,1.32675,1.00,1.00
2017.11.30 14:14:40.920,1.32661,1.32676,1.00,1.00
2017.11.30 14:14:42.063,1.32661,1.32678,1.00,1.12
2017.11.30 14:14:42.459,1.32661,1.3268,1.00,1.50
2017.11.30 14:14:42.937,1.32661,1.32678,1.00,1.00
2017.11.30 14:14:43.830,1.32661,1.32679,1.00,1.00
2017.11.30 14:14:45.006,1.32661,1.32677,1.00,1.00
2017.11.30 14:14:45.978,1.32661,1.32679,1.00,1.00
2017.11.30 14:14:46.390,1.32659,1.32677,1.50,1.00
2017.11.30 14:14:46.703,1.32655,1.32669,1.00,1.12
2017.11.30 14:14:46.754,1.32653,1.32669,1.00,1.12
2017.11.30 14:14:46.806,1.32649,1.32663,1.00,1.00
2017.11.30 14:14:46.858,1.32646,1.32662,1.87,1.50
2017.11.30 14:14:46.912,1.32643,1.32661,1.00,1.87
2017.11.30 14:14:47.460,1.32642,1.3266,1.00,1.00
2017.11.30 14:14:47.923,1.32643,1.32664,1.50,3.75
2017.11.30 14:14:48.598,1.32643,1.32661,1.00,1.30
2017.11.30 14:14:49.332,1.32643,1.32662,1.00,1.00
2017.11.30 14:14:49.435,1.32643,1.3266,1.00,1.00
2017.11.30 14:14:49.745,1.32643,1.32661,1.00,2.43
2017.11.30 14:14:50.286,1.32643,1.3266,1.00,1.87
2017.11.30 14:14:51.724,1.3264,1.3266,1.00,1.87
2017.11.30 14:14:52.547,1.32639,1.3266,1.00,2.25
2017.11.30 14:14:53.109,1.3264,1.32659,1.00,1.12
2017.11.30 14:14:53.309,1.32647,1.3266,1.00,1.37
2017.11.30 14:14:53.360,1.32649,1.32666,1.00,1.00
2017.11.30 14:14:53.412,1.32647,1.32666,2.25,1.50
2017.11.30 14:14:53.464,1.32647,1.32663,1.00,1.00
2017.11.30 14:14:53.772,1.32642,1.32657,1.00,1.00
2017.11.30 14:14:53.919,1.32643,1.3266,1.00,1.50
2017.11.30 14:14:54.073,1.32642,1.32662,1.00,1.87
2017.11.30 14:14:54.636,1.32642,1.32661,1.00,1.00
2017.11.30 14:14:55.188,1.32643,1.32662,1.00,2.25
2017.11.30 14:14:55.700,1.32642,1.32661,1.00,1.00
2017.11.30 14:14:56.058,1.32641,1.32659,2.44,1.00
2017.11.30 14:14:56.981,1.32641,1.3266,1.69,1.00
2017.11.30 14:14:57.288,1.32643,1.32661,1.00,1.00
2017.11.30 14:14:57.391,1.32644,1.32663,1.00,1.50
2017.11.30 14:14:57.897,1.32644,1.32662,1.00,1.50
2017.11.30 14:14:58.323,1.32646,1.32662,1.00,1.50
2017.11.30 14:14:58.376,1.32646,1.32664,1.00,1.00
2017.11.30 14:14:59.219,1.3265,1.32665,1.00,1.00
2017.11.30 14:14:59.373,1.32654,1.32671,1.50,1.00
2017.11.30 14:14:59.425,1.32651,1.32666,1.00,1.00
2017.11.30 14:14:59.476,1.3265,1.32668,1.50,1.00
2017.11.30 14:14:59.630,1.32654,1.32671,1.00,1.12
2017.11.30 14:14:59.682,1.32652,1.32673,1.12,1.50
2017.11.30 14:14:59.798,1.32654,1.32673,1.00,1.50
2017.11.30 14:15:00.108,1.32657,1.32675,1.00,1.00
2017.11.30 14:15:00.682,1.32656,1.32674,1.50,1.00
2017.11.30 14:15:01.195,1.32657,1.32674,1.00,1.50
2017.11.30 14:15:01.742,1.32657,1.32675,1.50,1.00
2017.11.30 14:15:02.250,1.32657,1.32676,1.00,3.37
2017.11.30 14:15:03.698,1.32659,1.32676,1.00,1.00
2017.11.30 14:15:04.226,1.32658,1.32678,1.50,1.12
2017.11.30 14:15:04.776,1.32659,1.32678,1.00,1.12
2017.11.30 14:15:05.487,1.32658,1.32678,1.69,1.12
2017.11.30 14:15:06.402,1.32657,1.32675,1.50,1.00
2017.11.30 14:15:08.970,1.32657,1.32675,1.00,2.62
2017.11.30 14:15:09.320,1.32657,1.32675,1.00,1.87
2017.11.30 14:15:14.527,1.32657,1.32673,1.00,1.00
2017.11.30 14:15:15.713,1.32657,1.32674,1.12,1.00
2017.11.30 14:15:20.948,1.32657,1.32672,1.12,1.00
2017.11.30 14:15:21.103,1.32653,1.3267,1.00,1.12
2017.11.30 14:15:21.461,1.32653,1.32668,1.00,1.00
2017.11.30 14:15:21.666,1.32648,1.32665,1.00,1.00
2017.11.30 14:15:22.576,1.32648,1.32664,1.00,1.00
2017.11.30 14:15:23.214,1.32648,1.32663,1.00,1.00
2017.11.30 14:15:23.369,1.32648,1.32665,1.00,1.00
2017.11.30 14:15:23.919,1.32648,1.32664,1.00,1.00
2017.11.30 14:15:24.946,1.32648,1.32666,1.00,1.00
2017.11.30 14:15:26.971,1.32648,1.32667,1.50,1.12
2017.11.30 14:15:27.488,1.32648,1.32666,1.00,1.00
2017.11.30 14:15:28.011,1.32648,1.32665,1.00,1.00
2017.11.30 14:15:28.655,1.32648,1.32666,1.00,1.00
2017.11.30 14:15:29.267,1.32648,1.32666,1.00,1.19
2017.11.30 14:15:29.573,1.32648,1.32665,1.00,1.19
2017.11.30 14:15:29.989,1.32645,1.32662,1.00,1.56
2017.11.30 14:15:31.054,1.32645,1.32661,1.00,1.56
2017.11.30 14:15:31.106,1.32645,1.32664,1.00,1.56
2017.11.30 14:15:31.260,1.32645,1.32663,1.00,1.31
2017.11.30 14:15:31.458,1.32645,1.32666,1.50,1.31
2017.11.30 14:15:31.613,1.32645,1.32665,1.87,2.06
2017.11.30 14:15:32.060,1.32645,1.32661,1.00,1.25
2017.11.30 14:15:33.094,1.32645,1.32663,1.00,1.69
2017.11.30 14:15:33.607,1.32645,1.32662,1.00,1.00
2017.11.30 14:15:33.761,1.32646,1.32664,1.00,1.00
2017.11.30 14:15:33.813,1.3265,1.32667,1.00,1.31
2017.11.30 14:15:34.315,1.3265,1.3267,1.00,2.06
2017.11.30 14:15:35.635,1.3265,1.3267,1.00,2.06
2017.11.30 14:15:35.941,1.32648,1.32667,1.50,1.00
2017.11.30 14:15:36.451,1.32648,1.32669,1.50,1.00
2017.11.30 14:15:37.088,1.32648,1.32668,1.50,1.00
2017.11.30 14:15:39.750,1.32649,1.32667,1.00,1.00
2017.11.30 14:15:40.494,1.32645,1.32661,1.00,1.00
2017.11.30 14:15:40.546,1.32645,1.32663,1.00,1.50
2017.11.30 14:15:40.752,1.32645,1.32658,1.00,1.00
2017.11.30 14:15:40.880,1.3264,1.32658,4.50,1.12
2017.11.30 14:15:41.508,1.3264,1.32659,1.50,1.00
2017.11.30 14:15:42.124,1.3264,1.32658,1.00,1.50
2017.11.30 14:15:47.729,1.32637,1.32654,1.12,1.00
2017.11.30 14:15:48.241,1.32638,1.32654,1.00,1.37
2017.11.30 14:15:48.647,1.32642,1.32659,1.00,1.00
2017.11.30 14:15:48.700,1.32644,1.3266,1.00,1.87
2017.11.30 14:15:49.186,1.32641,1.3266,1.00,1.87
2017.11.30 14:15:49.403,1.32642,1.32658,1.00,1.00
2017.11.30 14:15:49.454,1.32642,1.3266,1.00,1.87
2017.11.30 14:15:50.072,1.32644,1.3266,1.00,1.87
2017.11.30 14:15:51.594,1.32643,1.32659,1.00,1.00
2017.11.30 14:15:52.150,1.32643,1.32661,1.00,1.87
2017.11.30 14:15:53.753,1.32645,1.32661,1.00,1.50
2017.11.30 14:15:55.244,1.32644,1.32662,1.00,1.12
2017.11.30 14:15:57.211,1.32645,1.32661,1.00,1.50
2017.11.30 14:15:57.427,1.32643,1.32661,1.00,1.50
2017.11.30 14:15:57.989,1.32642,1.32661,1.00,1.50
2017.11.30 14:15:59.309,1.32644,1.3266,1.00,1.12
2017.11.30 14:16:01.241,1.32642,1.32661,1.12,1.50
2017.11.30 14:16:01.497,1.32641,1.32659,1.00,1.87
2017.11.30 14:16:02.495,1.32639,1.32651,1.00,1.00
2017.11.30 14:16:02.599,1.32632,1.32647,1.00,1.87
2017.11.30 14:16:02.935,1.32629,1.32646,1.00,1.50
2017.11.30 14:16:03.732,1.32629,1.32643,1.00,1.37
2017.11.30 14:16:04.182,1.32629,1.32641,1.00,1.37
2017.11.30 14:16:04.543,1.32625,1.32641,1.00,1.37
2017.11.30 14:16:06.749,1.32626,1.32641,1.00,1.37
2017.11.30 14:16:07.275,1.32626,1.32642,1.00,1.00
2017.11.30 14:16:07.628,1.32625,1.32637,1.00,1.37
2017.11.30 14:16:08.037,1.32623,1.32639,1.00,1.12
2017.11.30 14:16:08.089,1.32623,1.3264,1.00,1.37
2017.11.30 14:16:08.599,1.32624,1.3264,1.00,1.37
2017.11.30 14:16:09.525,1.32623,1.32639,1.00,1.37
2017.11.30 14:16:09.580,1.32622,1.32643,1.00,1.87
2017.11.30 14:16:09.633,1.32624,1.32642,1.00,1.12
2017.11.30 14:16:09.942,1.32621,1.32637,1.87,1.00
2017.11.30 14:16:10.681,1.32617,1.32636,1.00,1.50
2017.11.30 14:16:11.430,1.32618,1.32636,1.00,1.00
2017.11.30 14:16:13.381,1.32618,1.32635,1.00,1.00
2017.11.30 14:16:13.433,1.32616,1.32634,1.00,1.00
2017.11.30 14:16:13.536,1.32616,1.32633,1.00,1.37
2017.11.30 14:16:13.969,1.32614,1.32631,1.87,1.00
2017.11.30 14:16:14.698,1.32613,1.32631,1.00,3.00
2017.11.30 14:16:15.226,1.32612,1.32631,1.00,1.37
2017.11.30 14:16:16.314,1.32611,1.3263,1.50,1.12
2017.11.30 14:16:18.301,1.32612,1.32631,1.00,1.37
2017.11.30 14:16:18.897,1.32613,1.32632,1.12,1.87
2017.11.30 14:16:19.398,1.32613,1.3263,1.50,1.00
2017.11.30 14:16:19.937,1.32612,1.3263,1.00,1.00
2017.11.30 14:16:20.440,1.32612,1.32631,1.00,1.12
2017.11.30 14:16:23.282,1.32613,1.32632,1.00,1.87
2017.11.30 14:16:23.847,1.32614,1.32632,1.00,1.87
2017.11.30 14:16:24.177,1.32613,1.32631,1.00,1.12
2017.11.30 14:16:24.753,1.32612,1.32631,1.00,1.87
2017.11.30 14:16:25.263,1.3261,1.3262,1.87,1.12
2017.11.30 14:16:25.315,1.32608,1.32621,1.00,1.12
2017.11.30 14:16:25.367,1.32604,1.3262,1.50,1.37
2017.11.30 14:16:25.616,1.32603,1.32621,1.00,1.00
2017.11.30 14:16:26.130,1.32604,1.3262,1.00,1.00
2017.11.30 14:16:26.888,1.32604,1.32621,1.00,1.00
2017.11.30 14:16:27.461,1.32604,1.3262,1.00,1.00
2017.11.30 14:16:27.615,1.32606,1.3262,1.00,1.00
2017.11.30 14:16:28.202,1.32606,1.32621,1.00,1.00
2017.11.30 14:16:28.636,1.32604,1.3262,1.00,1.00
2017.11.30 14:16:29.325,1.32602,1.3262,1.00,1.00
2017.11.30 14:16:30.240,1.32602,1.32621,1.00,1.00
2017.11.30 14:16:31.875,1.32603,1.32621,1.00,1.00
2017.11.30 14:16:32.581,1.32603,1.3262,1.00,1.00
2017.11.30 14:16:33.105,1.32603,1.32621,1.00,1.00
2017.11.30 14:16:33.634,1.32602,1.3262,1.00,1.00
2017.11.30 14:16:34.144,1.32601,1.3262,2.25,1.12
2017.11.30 14:16:34.674,1.32602,1.3262,1.00,1.12
2017.11.30 14:16:35.209,1.32603,1.32622,1.00,1.00
2017.11.30 14:16:35.413,1.32605,1.32624,1.00,1.50
2017.11.30 14:16:36.007,1.32604,1.32624,1.50,1.50
2017.11.30 14:16:37.741,1.32605,1.32624,1.00,1.50
2017.11.30 14:16:38.302,1.32606,1.32624,1.00,1.12
2017.11.30 14:16:38.871,1.32604,1.32624,2.25,1.12
2017.11.30 14:16:40.662,1.32604,1.32623,1.00,2.25
2017.11.30 14:16:41.167,1.32604,1.32622,1.00,1.00
2017.11.30 14:16:46.918,1.32604,1.32621,1.00,1.00
2017.11.30 14:16:48.987,1.32604,1.3262,1.00,1.00
2017.11.30 14:16:49.526,1.32603,1.3262,1.50,1.00
2017.11.30 14:16:50.075,1.32603,1.32619,1.00,1.00
2017.11.30 14:16:50.337,1.32601,1.32618,1.00,1.19
2017.11.30 14:16:50.646,1.32601,1.32615,1.00,1.00
2017.11.30 14:16:50.749,1.32598,1.32615,2.25,1.00
2017.11.30 14:16:51.290,1.32599,1.32615,1.00,1.00
2017.11.30 14:16:51.566,1.32599,1.32617,1.00,1.00
2017.11.30 14:16:52.785,1.326,1.32618,1.00,1.50
2017.11.30 14:16:53.542,1.326,1.32619,1.00,1.12
2017.11.30 14:16:54.069,1.32599,1.32618,1.50,1.00
2017.11.30 14:16:54.615,1.32599,1.32619,1.50,2.25
2017.11.30 14:16:55.020,1.32601,1.32618,1.00,1.00
2017.11.30 14:16:55.597,1.32601,1.32619,1.00,2.25
2017.11.30 14:16:56.401,1.326,1.32618,1.00,1.00
2017.11.30 14:16:56.505,1.32598,1.32618,3.00,1.50
2017.11.30 14:16:57.052,1.32601,1.32619,1.50,1.12
2017.11.30 14:16:57.968,1.32602,1.3262,1.00,2.62
2017.11.30 14:16:58.122,1.32597,1.32615,1.50,1.00
2017.11.30 14:16:58.328,1.32601,1.32618,1.00,1.50
2017.11.30 14:16:58.430,1.32601,1.32619,1.00,1.50
2017.11.30 14:16:58.980,1.32602,1.32619,1.00,1.00
2017.11.30 14:16:59.083,1.32599,1.32617,1.19,1.00
2017.11.30 14:16:59.137,1.32599,1.32619,1.19,1.87
2017.11.30 14:16:59.684,1.326,1.32618,1.25,1.00
2017.11.30 14:17:00.281,1.32602,1.32619,1.00,1.12
2017.11.30 14:17:01.521,1.32601,1.32619,1.00,1.12
2017.11.30 14:17:02.836,1.32601,1.32619,1.19,1.12
2017.11.30 14:17:03.337,1.32601,1.32619,1.00,1.12
2017.11.30 14:17:04.392,1.32601,1.32619,1.19,1.12
2017.11.30 14:17:06.637,1.32602,1.3262,1.19,1.12
2017.11.30 14:17:06.844,1.32604,1.32623,1.25,1.12
2017.11.30 14:17:06.896,1.32606,1.32622,1.00,1.00
2017.11.30 14:17:07.049,1.32606,1.32624,2.06,1.00
2017.11.30 14:17:07.537,1.32609,1.32625,1.00,1.50
2017.11.30 14:17:07.858,1.32611,1.32629,1.00,3.00
2017.11.30 14:17:07.909,1.32608,1.32628,2.44,1.50
2017.11.30 14:17:09.288,1.32609,1.32627,1.19,1.12
2017.11.30 14:17:09.861,1.32609,1.32629,1.25,2.25
2017.11.30 14:17:11.059,1.32611,1.32629,1.00,2.25
2017.11.30 14:17:11.586,1.3261,1.32628,1.00,1.00
2017.11.30 14:17:12.766,1.32611,1.3263,1.19,2.25
2017.11.30 14:17:13.106,1.32616,1.32631,1.00,1.12
2017.11.30 14:17:13.382,1.32617,1.32634,1.00,1.12
2017.11.30 14:17:13.886,1.32616,1.32634,2.44,1.50
2017.11.30 14:17:15.132,1.32616,1.32634,2.81,1.00
2017.11.30 14:17:15.449,1.32621,1.32637,1.19,2.62
2017.11.30 14:17:15.634,1.32621,1.32639,2.44,1.00
2017.11.30 14:17:15.788,1.32621,1.3264,1.19,1.00
2017.11.30 14:17:16.097,1.32619,1.32638,1.31,1.75
2017.11.30 14:17:16.696,1.32618,1.32636,2.99,1.12
2017.11.30 14:17:17.247,1.32617,1.32635,2.44,1.00
2017.11.30 14:17:17.798,1.32617,1.32634,1.49,1.50
2017.11.30 14:17:18.291,1.32617,1.32631,1.56,1.00
2017.11.30 14:17:18.442,1.32616,1.32635,1.56,2.25
2017.11.30 14:17:18.851,1.32616,1.32635,1.19,1.50
2017.11.30 14:17:19.559,1.32615,1.32634,2.99,1.12
2017.11.30 14:17:21.039,1.32615,1.32632,2.06,1.00
2017.11.30 14:17:21.418,1.32615,1.32634,1.19,1.87
2017.11.30 14:17:22.028,1.32615,1.32633,1.19,1.00
2017.11.30 14:17:22.183,1.32617,1.32634,1.19,1.12
2017.11.30 14:17:22.690,1.32617,1.32635,1.19,1.50
2017.11.30 14:17:23.205,1.32617,1.32634,1.19,1.00
2017.11.30 14:17:24.340,1.32617,1.32635,1.19,1.50
2017.11.30 14:17:24.868,1.32617,1.32634,1.19,1.00
2017.11.30 14:17:25.414,1.32618,1.32635,1.19,1.00
2017.11.30 14:17:25.937,1.32617,1.32634,1.87,1.00
2017.11.30 14:17:26.764,1.32617,1.32635,1.31,1.00
2017.11.30 14:17:27.399,1.32616,1.32634,2.81,1.00
2017.11.30 14:17:27.450,1.32616,1.32637,2.81,1.50
2017.11.30 14:17:27.765,1.32619,1.32635,1.19,1.00
2017.11.30 14:17:27.818,1.32617,1.32634,1.19,1.00
2017.11.30 14:17:27.943,1.32617,1.32635,1.31,1.50
2017.11.30 14:17:28.603,1.32617,1.32634,1.19,1.00
2017.11.30 14:17:29.092,1.32616,1.32634,1.69,1.50
2017.11.30 14:17:30.618,1.32616,1.32634,2.06,1.00
2017.11.30 14:17:32.764,1.32616,1.32636,2.06,1.00
2017.11.30 14:17:33.020,1.32617,1.32635,1.19,1.50
2017.11.30 14:17:34.048,1.32617,1.32635,1.19,1.00
2017.11.30 14:17:34.572,1.32617,1.32635,2.06,1.00
2017.11.30 14:17:35.102,1.32617,1.32636,2.06,1.00
2017.11.30 14:17:35.654,1.32617,1.32636,1.69,1.00
2017.11.30 14:17:36.155,1.32617,1.32635,1.19,1.00
2017.11.30 14:17:36.206,1.32617,1.32635,1.19,1.00
2017.11.30 14:17:37.278,1.32617,1.32636,1.19,1.50
2017.11.30 14:17:37.329,1.32617,1.32634,1.19,1.00
2017.11.30 14:17:37.432,1.32616,1.32634,1.25,1.50
2017.11.30 14:17:37.484,1.32615,1.32632,1.19,1.12
2017.11.30 14:17:37.860,1.32613,1.32629,1.19,1.00
2017.11.30 14:17:38.890,1.32612,1.32629,1.25,1.50
2017.11.30 14:17:39.610,1.32612,1.32629,1.19,1.50
2017.11.30 14:17:40.185,1.32612,1.32629,1.19,1.50
2017.11.30 14:17:42.608,1.32612,1.32629,1.69,1.00
2017.11.30 14:17:42.920,1.32614,1.32627,1.19,1.12
2017.11.30 14:17:43.935,1.32612,1.32628,1.49,1.37
2017.11.30 14:17:44.998,1.32612,1.32627,1.74,1.12
2017.11.30 14:17:46.607,1.32611,1.32628,3.37,1.37
2017.11.30 14:17:47.880,1.32612,1.32628,1.19,1.37
2017.11.30 14:17:48.389,1.32609,1.32628,2.99,1.50
2017.11.30 14:17:51.821,1.3261,1.32628,1.19,2.25
2017.11.30 14:17:54.561,1.3261,1.32628,1.19,2.25
2017.11.30 14:17:55.755,1.32611,1.32628,1.25,2.25
2017.11.30 14:17:56.754,1.3261,1.32627,1.74,1.12
2017.11.30 14:17:57.293,1.3261,1.32628,1.69,1.00
2017.11.30 14:17:57.905,1.3261,1.32627,1.49,1.00
2017.11.30 14:17:58.448,1.3261,1.32628,1.69,1.50
2017.11.30 14:17:59.047,1.3261,1.32627,2.99,1.00
2017.11.30 14:18:00.564,1.3261,1.32628,1.69,1.50
2017.11.30 14:18:01.247,1.3261,1.32628,1.87,1.50
2017.11.30 14:18:01.299,1.32608,1.32627,2.62,1.00
2017.11.30 14:18:01.506,1.32607,1.32626,1.19,3.00
2017.11.30 14:18:02.289,1.32607,1.32626,1.19,1.75
2017.11.30 14:18:02.610,1.32605,1.32623,2.24,2.25
2017.11.30 14:18:03.134,1.32603,1.3262,1.49,1.00
2017.11.30 14:18:03.647,1.32603,1.32621,1.19,1.12
2017.11.30 14:18:04.166,1.32603,1.3262,1.19,1.00
2017.11.30 14:18:04.696,1.32605,1.32621,1.49,1.12
2017.11.30 14:18:05.025,1.32606,1.32623,1.19,1.00
2017.11.30 14:18:05.716,1.32606,1.32624,1.69,1.12
2017.11.30 14:18:06.210,1.32607,1.32626,1.19,2.25
2017.11.30 14:18:06.669,1.32607,1.32626,1.00,1.00
2017.11.30 14:18:07.189,1.32607,1.32625,1.00,1.00
2017.11.30 14:18:07.804,1.32607,1.32625,1.19,1.00
2017.11.30 14:18:08.603,1.32608,1.32626,1.25,1.00
2017.11.30 14:18:09.160,1.32607,1.32625,1.69,1.00
2017.11.30 14:18:09.273,1.32608,1.32627,1.25,1.12
2017.11.30 14:18:10.305,1.32607,1.32627,1.69,1.87
2017.11.30 14:18:10.357,1.32612,1.3263,1.19,1.87
2017.11.30 14:18:10.564,1.32616,1.32634,1.00,1.50
2017.11.30 14:18:10.616,1.32614,1.32632,2.24,1.00
2017.11.30 14:18:11.263,1.32616,1.32634,1.00,1.00
2017.11.30 14:18:11.366,1.32616,1.32635,1.19,1.12
2017.11.30 14:18:11.674,1.32619,1.32637,1.19,1.50
2017.11.30 14:18:12.008,1.32621,1.32639,1.49,1.00
2017.11.30 14:18:13.120,1.32621,1.32641,1.69,1.50
2017.11.30 14:18:14.336,1.32621,1.32641,1.69,3.00
2017.11.30 14:18:15.311,1.32621,1.32641,1.19,1.50
2017.11.30 14:18:15.363,1.32621,1.32639,1.19,1.00
2017.11.30 14:18:15.869,1.32622,1.3264,1.19,1.00
2017.11.30 14:18:16.484,1.32622,1.3264,1.25,1.00
2017.11.30 14:18:16.826,1.32622,1.3264,1.19,1.00
2017.11.30 14:18:17.143,1.3262,1.32635,1.00,1.87
2017.11.30 14:18:17.194,1.32617,1.32635,1.19,1.87
2017.11.30 14:18:17.297,1.32617,1.32633,1.19,1.00
2017.11.30 14:18:17.349,1.32615,1.32635,2.06,1.12
2017.11.30 14:18:17.704,1.32616,1.32632,1.19,1.00
2017.11.30 14:18:18.216,1.32615,1.32632,1.19,1.00
2017.11.30 14:18:18.795,1.32615,1.32631,1.19,1.00
2017.11.30 14:18:19.512,1.32615,1.32632,1.19,1.00
2017.11.30 14:18:20.021,1.32615,1.32631,1.19,1.00
2017.11.30 14:18:20.717,1.32616,1.32632,1.25,1.00
2017.11.30 14:18:21.242,1.32616,1.32632,1.80,1.00
2017.11.30 14:18:21.447,1.32616,1.32634,1.69,1.00
2017.11.30 14:18:21.666,1.32616,1.32634,1.69,1.00
2017.11.30 14:18:21.973,1.32616,1.32634,2.24,1.00
2017.11.30 14:18:22.690,1.32625,1.3264,1.19,1.00
2017.11.30 14:18:26.721,1.32623,1.32638,1.25,1.00
2017.11.30 14:18:26.773,1.3262,1.32637,1.25,1.00
2017.11.30 14:18:27.450,1.3262,1.32638,1.69,1.00
2017.11.30 14:18:27.655,1.3262,1.32638,1.19,1.00
2017.11.30 14:18:27.758,1.32626,1.32642,1.25,1.00
2017.11.30 14:18:27.810,1.32626,1.32645,1.19,1.00
2017.11.30 14:18:27.862,1.32626,1.32646,1.69,1.12
2017.11.30 14:18:28.817,1.32626,1.32646,1.19,1.12
2017.11.30 14:18:30.491,1.32626,1.32646,2.06,1.12
2017.11.30 14:18:30.906,1.32627,1.32644,1.19,1.00
2017.11.30 14:18:32.374,1.32627,1.32644,1.19,1.00
2017.11.30 14:18:32.476,1.32627,1.32642,1.19,1.00
2017.11.30 14:18:33.112,1.32627,1.32641,1.25,1.00
2017.11.30 14:18:34.204,1.32627,1.3264,1.00,1.00
2017.11.30 14:18:35.447,1.32627,1.32641,1.00,1.00
2017.11.30 14:18:35.953,1.32624,1.32642,1.19,1.00
2017.11.30 14:18:36.651,1.32624,1.32642,1.19,1.00
2017.11.30 14:18:38.202,1.32623,1.32641,1.19,1.00
2017.11.30 14:18:38.872,1.32623,1.32643,1.19,2.25
2017.11.30 14:18:39.400,1.32624,1.32644,1.19,1.50
2017.11.30 14:18:40.121,1.32623,1.32643,2.06,1.00
2017.11.30 14:18:41.204,1.32623,1.32643,2.06,1.50
2017.11.30 14:18:41.988,1.32625,1.32643,1.56,1.00
2017.11.30 14:18:43.151,1.32626,1.32644,2.06,1.00
2017.11.30 14:18:46.192,1.32626,1.32645,2.06,1.00
2017.11.30 14:18:50.436,1.32626,1.32644,2.06,1.00
2017.11.30 14:18:50.980,1.32634,1.3265,1.19,2.25
2017.11.30 14:18:51.311,1.32645,1.32661,1.19,1.00
2017.11.30 14:18:52.200,1.32645,1.32663,1.19,1.00
2017.11.30 14:18:52.707,1.32645,1.32662,1.19,1.00
2017.11.30 14:18:54.343,1.32645,1.32662,2.06,1.00
2017.11.30 14:18:55.044,1.32645,1.32659,1.19,1.00
2017.11.30 14:18:55.198,1.32642,1.32661,1.69,1.50
2017.11.30 14:18:55.807,1.32642,1.32661,1.31,1.50
2017.11.30 14:18:57.124,1.32642,1.32661,1.19,1.00
2017.11.30 14:18:58.186,1.32642,1.32659,1.19,1.00
2017.11.30 14:18:58.374,1.32642,1.32658,1.19,1.00
2017.11.30 14:18:58.477,1.32642,1.32656,1.25,1.00
2017.11.30 14:19:01.268,1.32638,1.32655,1.19,1.00
2017.11.30 14:19:01.594,1.32645,1.32663,1.31,1.00
2017.11.30 14:19:02.241,1.32644,1.32662,2.06,1.00
2017.11.30 14:19:02.294,1.32644,1.32662,1.69,1.00
2017.11.30 14:19:02.347,1.32644,1.3266,1.00,1.00
2017.11.30 14:19:02.654,1.32644,1.32659,1.19,1.00
2017.11.30 14:19:02.707,1.32644,1.32661,1.19,1.00
2017.11.30 14:19:02.759,1.32644,1.32662,2.06,1.00
2017.11.30 14:19:03.067,1.32645,1.32663,1.56,1.00
2017.11.30 14:19:03.637,1.32645,1.32665,1.56,1.50
2017.11.30 14:19:04.380,1.32645,1.32665,1.31,1.50
2017.11.30 14:19:07.008,1.32645,1.32663,1.19,1.00
2017.11.30 14:19:07.349,1.32644,1.32661,1.19,1.00
2017.11.30 14:19:07.935,1.32644,1.32661,1.19,1.00
2017.11.30 14:19:08.583,1.32644,1.32662,1.69,1.00
2017.11.30 14:19:08.891,1.32644,1.3266,1.19,1.00
2017.11.30 14:19:09.411,1.32644,1.32661,1.19,1.00
2017.11.30 14:19:09.718,1.32644,1.3266,1.19,1.00
2017.11.30 14:19:10.257,1.32644,1.32661,1.31,1.00
2017.11.30 14:19:10.582,1.32647,1.32664,1.19,1.00
2017.11.30 14:19:10.636,1.32648,1.32667,1.19,1.00
2017.11.30 14:19:10.995,1.3265,1.32667,1.19,1.00
2017.11.30 14:19:11.182,1.32651,1.3267,1.31,1.00
2017.11.30 14:19:12.004,1.3265,1.32667,1.31,1.00
2017.11.30 14:19:12.578,1.3265,1.32668,1.31,1.50
2017.11.30 14:19:13.101,1.32651,1.32669,1.19,1.50
2017.11.30 14:19:13.553,1.32651,1.32669,1.19,1.00
2017.11.30 14:19:13.841,1.3265,1.32666,1.19,1.00
2017.11.30 14:19:13.893,1.3265,1.32667,1.25,1.00
2017.11.30 14:19:14.161,1.3265,1.32667,1.19,1.00
2017.11.30 14:19:14.314,1.3265,1.3267,1.69,1.12
2017.11.30 14:19:14.942,1.3265,1.3267,1.69,1.87
2017.11.30 14:19:15.541,1.32651,1.32671,1.19,1.00
2017.11.30 14:19:16.055,1.32651,1.32671,1.19,1.00
2017.11.30 14:19:16.107,1.3265,1.32669,1.19,1.50
2017.11.30 14:19:17.311,1.3265,1.32668,2.44,1.00
2017.11.30 14:19:17.736,1.3265,1.32666,1.19,1.00
2017.11.30 14:19:18.281,1.3265,1.32665,1.19,1.00
2017.11.30 14:19:18.742,1.32647,1.32663,1.19,1.00
2017.11.30 14:19:20.232,1.32647,1.32663,1.25,1.00
2017.11.30 14:19:20.564,1.32647,1.32663,1.19,1.00
2017.11.30 14:19:21.147,1.32647,1.32664,1.19,1.50
2017.11.30 14:19:21.710,1.32647,1.32663,1.19,1.00
2017.11.30 14:19:22.019,1.32647,1.32665,1.69,1.00
2017.11.30 14:19:22.720,1.32647,1.32666,1.69,1.00
2017.11.30 14:19:23.055,1.32648,1.32665,1.56,1.00
2017.11.30 14:19:23.595,1.32648,1.32665,1.19,1.00
2017.11.30 14:19:24.125,1.32648,1.32666,1.19,1.50
2017.11.30 14:19:24.653,1.32647,1.32665,2.06,1.00
2017.11.30 14:19:25.238,1.32647,1.32665,2.06,1.00
2017.11.30 14:19:27.307,1.32648,1.32666,1.31,1.00
2017.11.30 14:19:27.823,1.32648,1.32665,1.31,1.00
2017.11.30 14:19:28.451,1.32648,1.32665,1.56,1.00
2017.11.30 14:19:30.281,1.32648,1.32665,1.19,1.00
2017.11.30 14:19:31.286,1.32647,1.32666,2.81,1.00
2017.11.30 14:19:31.619,1.32648,1.32668,1.31,1.50
2017.11.30 14:19:32.132,1.3265,1.32667,1.19,1.00
2017.11.30 14:19:32.757,1.3265,1.32667,2.06,1.00
2017.11.30 14:19:33.052,1.32653,1.3267,2.06,1.00
2017.11.30 14:19:33.564,1.32653,1.32671,2.81,1.00
2017.11.30 14:19:33.923,1.32653,1.32671,2.81,1.00
2017.11.30 14:19:34.185,1.32653,1.32673,3.19,1.50
2017.11.30 14:19:34.708,1.32653,1.32672,3.19,1.00
2017.11.30 14:19:35.226,1.32653,1.32673,2.81,1.50
2017.11.30 14:19:36.542,1.32653,1.32672,2.06,1.00
2017.11.30 14:19:36.855,1.32657,1.32673,2.44,1.00
2017.11.30 14:19:37.071,1.32657,1.32675,3.19,1.00
2017.11.30 14:19:37.227,1.32657,1.32677,3.19,1.87
2017.11.30 14:19:37.523,1.32657,1.32675,1.69,1.00
2017.11.30 14:19:37.849,1.32658,1.32674,1.19,1.00
2017.11.30 14:19:38.056,1.32662,1.3268,1.19,1.87
2017.11.30 14:19:38.107,1.32663,1.32681,1.19,1.00
2017.11.30 14:19:38.159,1.32663,1.32683,1.69,1.00
2017.11.30 14:19:38.313,1.32664,1.32682,1.69,1.00
2017.11.30 14:19:38.464,1.32663,1.32682,1.62,1.00
2017.11.30 14:19:38.517,1.32663,1.32676,1.19,1.00
2017.11.30 14:19:38.573,1.32661,1.32679,1.19,1.00
2017.11.30 14:19:38.675,1.3266,1.3268,1.69,1.50
2017.11.30 14:19:38.727,1.3266,1.32678,1.69,1.00
2017.11.30 14:19:39.397,1.3266,1.32679,1.19,1.50
2017.11.30 14:19:39.710,1.3266,1.32679,1.19,1.00
2017.11.30 14:19:40.041,1.3266,1.32676,1.19,1.00
2017.11.30 14:19:40.409,1.3266,1.32677,1.19,1.00
2017.11.30 14:19:41.026,1.3266,1.32677,1.19,1.00
2017.11.30 14:19:41.647,1.3266,1.32676,1.19,1.00
2017.11.30 14:19:42.149,1.3266,1.32676,1.19,1.00
2017.11.30 14:19:44.835,1.3266,1.32677,1.19,1.00
2017.11.30 14:19:45.378,1.3266,1.32676,1.19,1.00
2017.11.30 14:19:46.170,1.3266,1.32676,1.19,1.00
2017.11.30 14:19:46.700,1.3266,1.32677,1.19,1.00
2017.11.30 14:19:47.359,1.3266,1.32676,1.19,1.00
2017.11.30 14:19:48.022,1.3266,1.32677,1.19,1.00
2017.11.30 14:19:48.592,1.3266,1.32676,1.19,1.00
2017.11.30 14:19:48.644,1.32656,1.32674,1.69,1.00
2017.11.30 14:19:48.855,1.32656,1.32672,1.19,1.00
2017.11.30 14:19:49.115,1.32656,1.32674,1.19,1.00
2017.11.30 14:19:50.055,1.32656,1.32674,1.19,1.00
2017.11.30 14:19:51.085,1.32656,1.32673,1.19,1.00
2017.11.30 14:19:51.470,1.32656,1.32675,1.31,1.12
2017.11.30 14:19:51.859,1.32654,1.32674,1.69,1.00
2017.11.30 14:19:52.451,1.32654,1.32673,1.19,1.00
2017.11.30 14:19:53.508,1.32656,1.32674,1.19,1.50
2017.11.30 14:19:53.611,1.32656,1.32677,1.56,3.00
2017.11.30 14:19:54.121,1.32658,1.32676,1.69,1.00
2017.11.30 14:19:54.651,1.32659,1.32677,1.19,1.50
2017.11.30 14:19:55.261,1.32658,1.32676,1.69,1.50
2017.11.30 14:19:57.491,1.32658,1.32676,2.06,1.50
2017.11.30 14:20:00.179,1.32658,1.32677,2.06,1.50
2017.11.30 14:20:00.690,1.32658,1.32676,2.06,1.00
2017.11.30 14:20:01.710,1.32658,1.32676,1.69,1.00
2017.11.30 14:20:02.221,1.32658,1.32675,1.19,1.00
2017.11.30 14:20:02.742,1.32658,1.32676,1.69,1.50
2017.11.30 14:20:03.293,1.32658,1.32675,1.19,1.00
2017.11.30 14:20:08.798,1.32658,1.32676,2.06,1.50
2017.11.30 14:20:09.305,1.3266,1.32676,1.31,1.00
2017.11.30 14:20:09.971,1.3266,1.32675,1.31,1.00
2017.11.30 14:20:12.152,1.32659,1.32674,1.69,1.00
2017.11.30 14:20:12.661,1.32659,1.32674,1.69,1.00
2017.11.30 14:20:13.701,1.32658,1.32671,1.19,1.00
2017.11.30 14:20:14.012,1.32658,1.32673,1.19,1.00
2017.11.30 14:20:14.226,1.32658,1.32676,1.19,1.00
2017.11.30 14:20:14.379,1.32658,1.32674,1.19,1.00
2017.11.30 14:20:15.373,1.32659,1.32674,1.19,1.00
2017.11.30 14:20:16.230,1.32661,1.32678,2.44,1.00
2017.11.30 14:20:16.334,1.32666,1.32682,1.19,1.00
2017.11.30 14:20:16.889,1.32666,1.32681,1.19,1.00
2017.11.30 14:20:16.991,1.32666,1.32681,1.31,1.00
2017.11.30 14:20:21.034,1.32666,1.32681,1.69,1.00
2017.11.30 14:20:21.086,1.32671,1.32687,1.19,1.00
2017.11.30 14:20:21.612,1.32671,1.32687,1.31,1.00
2017.11.30 14:20:22.178,1.32671,1.32688,1.31,1.00
2017.11.30 14:20:22.479,1.3267,1.32688,2.06,1.00
2017.11.30 14:20:22.685,1.32671,1.32688,1.31,1.00
2017.11.30 14:20:23.221,1.32671,1.32686,1.31,1.00
2017.11.30 14:20:23.470,1.32669,1.32686,3.56,1.00
2017.11.30 14:20:24.290,1.32671,1.32686,1.19,1.00
2017.11.30 14:20:24.606,1.32671,1.32686,1.19,1.00
2017.11.30 14:20:27.145,1.32671,1.32686,1.19,1.00
2017.11.30 14:20:29.915,1.3267,1.32686,1.31,1.00
2017.11.30 14:20:30.506,1.3267,1.32685,1.31,1.00
2017.11.30 14:20:31.854,1.32669,1.32688,3.19,1.00
2017.11.30 14:20:31.957,1.3267,1.32687,3.94,1.00
2017.11.30 14:20:32.892,1.3267,1.32687,3.94,1.00
2017.11.30 14:20:33.425,1.32671,1.32688,1.31,1.00
2017.11.30 14:20:33.782,1.3267,1.32687,2.06,1.00
2017.11.30 14:20:33.835,1.32669,1.32685,3.19,1.00
2017.11.30 14:20:34.582,1.32669,1.32684,2.44,1.00
2017.11.30 14:20:35.316,1.32669,1.32683,1.19,1.00
2017.11.30 14:20:35.490,1.32666,1.3268,1.19,1.50
2017.11.30 14:20:36.001,1.32666,1.32681,1.19,1.00
2017.11.30 14:20:36.512,1.32666,1.3268,1.19,1.00
2017.11.30 14:20:37.034,1.32666,1.3268,1.19,1.50
2017.11.30 14:20:37.190,1.32662,1.32679,1.19,1.00
2017.11.30 14:20:37.294,1.32662,1.32677,1.19,1.00
2017.11.30 14:20:38.299,1.32662,1.32677,1.19,1.00
2017.11.30 14:20:38.842,1.32662,1.32676,1.19,1.00
2017.11.30 14:20:40.049,1.32662,1.32676,1.00,1.00
2017.11.30 14:20:40.100,1.32662,1.32674,1.00,1.00
2017.11.30 14:20:40.972,1.32662,1.32678,1.19,1.37
2017.11.30 14:20:41.126,1.32665,1.32682,2.06,1.00
2017.11.30 14:20:41.177,1.32665,1.32682,2.81,1.00
2017.11.30 14:20:41.809,1.32666,1.32683,2.06,1.00
2017.11.30 14:20:42.659,1.32666,1.32685,2.81,1.00
2017.11.30 14:20:43.625,1.32667,1.32681,1.69,1.00
2017.11.30 14:20:43.677,1.32672,1.32683,1.00,1.00
2017.11.30 14:20:43.729,1.32675,1.32687,1.19,1.00
2017.11.30 14:20:43.973,1.32678,1.32695,1.19,1.00
2017.11.30 14:20:44.234,1.32678,1.32692,1.19,1.00
2017.11.30 14:20:44.286,1.32678,1.32691,1.25,1.00
2017.11.30 14:20:44.874,1.32676,1.32691,1.19,1.00
2017.11.30 14:20:45.128,1.32676,1.32691,1.00,1.00
2017.11.30 14:20:45.231,1.32674,1.3269,1.25,1.00
2017.11.30 14:20:46.002,1.32674,1.32687,1.25,1.00
2017.11.30 14:20:46.413,1.32674,1.32689,1.25,1.12
2017.11.30 14:20:46.923,1.32674,1.32688,1.00,1.00
2017.11.30 14:20:47.878,1.32674,1.32687,1.00,1.00
2017.11.30 14:20:49.733,1.32674,1.32686,1.00,1.00
2017.11.30 14:20:50.818,1.32674,1.32683,1.00,1.00
2017.11.30 14:20:51.022,1.32674,1.32685,1.00,1.00
2017.11.30 14:20:51.978,1.32674,1.32684,1.00,1.00
2017.11.30 14:20:52.518,1.32674,1.32683,1.00,1.00
2017.11.30 14:20:53.240,1.32674,1.32684,1.00,1.00
2017.11.30 14:20:55.225,1.32674,1.32688,1.19,1.00
2017.11.30 14:20:55.276,1.32674,1.32686,1.19,1.00
2017.11.30 14:20:55.784,1.32674,1.32686,1.00,1.00
2017.11.30 14:20:57.818,1.3267,1.32686,1.19,1.00
2017.11.30 14:20:58.097,1.3267,1.32682,1.00,1.00
2017.11.30 14:20:58.253,1.32663,1.32678,1.19,1.50
2017.11.30 14:20:58.356,1.32664,1.32681,1.31,1.00
2017.11.30 14:20:58.409,1.32664,1.32683,2.81,1.00
2017.11.30 14:20:58.461,1.32666,1.32681,1.19,1.00
2017.11.30 14:20:58.513,1.32666,1.3268,1.00,1.00
2017.11.30 14:20:59.451,1.32666,1.32679,1.00,1.00
2017.11.30 14:20:59.503,1.32662,1.32679,2.81,1.00
2017.11.30 14:21:00.042,1.32662,1.32678,2.06,1.00
2017.11.30 14:21:00.834,1.32664,1.32681,1.25,1.00
2017.11.30 14:21:00.988,1.32666,1.32682,1.00,1.00
2017.11.30 14:21:01.517,1.32666,1.32683,1.00,1.00
2017.11.30 14:21:02.872,1.32666,1.32681,1.00,1.00
2017.11.30 14:21:02.975,1.32666,1.32684,1.00,1.12
2017.11.30 14:21:03.094,1.32666,1.32682,1.00,1.00
2017.11.30 14:21:04.904,1.32666,1.32682,1.19,1.00
2017.11.30 14:21:05.843,1.32666,1.32682,1.25,1.00
2017.11.30 14:21:06.386,1.32666,1.32681,1.25,1.00
2017.11.30 14:21:07.073,1.32663,1.3268,1.69,1.00
2017.11.30 14:21:07.176,1.32663,1.3268,1.00,1.50
2017.11.30 14:21:07.382,1.32663,1.32678,1.00,1.00
2017.11.30 14:21:07.693,1.32657,1.32669,1.00,2.25
2017.11.30 14:21:07.745,1.32653,1.32672,1.19,1.12
2017.11.30 14:21:07.796,1.32656,1.32674,1.69,1.87
2017.11.30 14:21:07.952,1.3266,1.3268,1.19,2.62
2017.11.30 14:21:08.156,1.3266,1.32679,1.19,1.12
2017.11.30 14:21:08.691,1.3266,1.32678,1.19,1.00
2017.11.30 14:21:08.953,1.32659,1.3268,2.06,1.12
2017.11.30 14:21:11.000,1.3266,1.32681,1.19,1.87
2017.11.30 14:21:12.171,1.3266,1.3268,2.06,1.37
2017.11.30 14:21:14.954,1.32661,1.32679,1.19,1.12
2017.11.30 14:21:17.921,1.32659,1.32678,1.19,1.00
2017.11.30 14:21:20.022,1.32659,1.32678,1.19,1.00
2017.11.30 14:21:21.893,1.32661,1.32677,1.25,1.00
2017.11.30 14:21:24.423,1.3266,1.32678,1.19,1.12
2017.11.30 14:21:25.390,1.3266,1.32678,1.19,1.12
2017.11.30 14:21:26.044,1.32659,1.32677,1.19,1.00
2017.11.30 14:21:30.394,1.32658,1.32678,2.06,1.00
2017.11.30 14:21:30.920,1.32658,1.32677,1.19,1.12
2017.11.30 14:21:31.859,1.32658,1.32676,1.19,1.00
2017.11.30 14:21:32.943,1.32658,1.32678,1.19,1.87
2017.11.30 14:21:32.995,1.32658,1.32678,1.19,1.87
2017.11.30 14:21:34.106,1.32658,1.32678,1.31,1.87
2017.11.30 14:21:35.241,1.32658,1.32678,1.19,1.87
2017.11.30 14:21:37.410,1.32658,1.32678,1.19,1.50
2017.11.30 14:21:37.913,1.32658,1.32678,1.19,1.87
2017.11.30 14:21:42.566,1.32658,1.32678,1.19,1.87
2017.11.30 14:21:43.221,1.32658,1.32676,1.69,1.00
2017.11.30 14:21:48.071,1.32658,1.32676,1.69,1.00
2017.11.30 14:21:50.358,1.32658,1.32674,1.19,1.00
2017.11.30 14:21:50.410,1.32658,1.32674,1.00,1.00
2017.11.30 14:21:51.332,1.32654,1.32668,1.00,1.00
2017.11.30 14:21:51.386,1.3265,1.32667,1.50,1.12
2017.11.30 14:21:51.438,1.3265,1.32669,2.44,1.12
2017.11.30 14:21:51.491,1.32652,1.32669,1.19,1.00
2017.11.30 14:21:51.594,1.32652,1.32673,1.31,2.62
2017.11.30 14:21:51.737,1.32652,1.32673,1.31,1.87
2017.11.30 14:21:52.150,1.32654,1.32671,1.00,1.00
2017.11.30 14:21:52.305,1.32652,1.32671,2.06,1.00
2017.11.30 14:21:52.845,1.32653,1.32671,1.00,1.00
2017.11.30 14:21:53.364,1.32652,1.32671,2.06,1.00
2017.11.30 14:21:53.898,1.32651,1.32669,1.69,1.00
2017.11.30 14:21:54.720,1.3265,1.32668,2.44,1.00
2017.11.30 14:21:55.230,1.3265,1.32669,1.94,1.00
2017.11.30 14:21:55.570,1.32652,1.32672,2.06,1.12
2017.11.30 14:21:55.673,1.32658,1.32677,1.31,2.25
2017.11.30 14:21:55.979,1.32682,1.32689,1.00,1.50
2017.11.30 14:21:56.031,1.32682,1.32692,6.00,1.00
2017.11.30 14:21:56.084,1.32687,1.32705,1.19,3.37
2017.11.30 14:21:56.238,1.32688,1.32707,1.19,1.00
2017.11.30 14:21:56.855,1.32688,1.32707,1.19,1.00
2017.11.30 14:21:57.215,1.32688,1.32707,1.19,1.00
2017.11.30 14:21:58.451,1.32687,1.32705,2.81,1.00
2017.11.30 14:22:01.646,1.32688,1.32706,1.19,1.00
2017.11.30 14:22:02.199,1.32688,1.32706,1.00,1.00
2017.11.30 14:22:02.853,1.32688,1.32707,1.00,1.00
2017.11.30 14:22:03.449,1.32687,1.32705,2.81,1.00
2017.11.30 14:22:04.254,1.32687,1.32706,2.06,1.00
2017.11.30 14:22:07.174,1.32687,1.32705,2.06,1.00
2017.11.30 14:22:07.683,1.32687,1.32706,2.06,1.00
2017.11.30 14:22:08.068,1.32687,1.32704,2.06,1.00
2017.11.30 14:22:09.454,1.32687,1.32698,1.00,1.00
2017.11.30 14:22:09.506,1.32683,1.32697,1.25,1.00
2017.11.30 14:22:09.609,1.32683,1.32701,1.31,1.00
2017.11.30 14:22:09.808,1.32686,1.32704,1.00,1.00
2017.11.30 14:22:10.945,1.32687,1.32704,1.25,1.00
2017.11.30 14:22:11.099,1.32687,1.32704,1.19,1.00
2017.11.30 14:22:11.152,1.32684,1.327,1.00,1.00
2017.11.30 14:22:11.204,1.32683,1.32703,1.69,1.87
2017.11.30 14:22:11.257,1.32684,1.32699,1.00,1.00
2017.11.30 14:22:11.360,1.32682,1.32703,1.19,3.37
2017.11.30 14:22:11.412,1.32682,1.327,1.19,1.00
2017.11.30 14:22:11.954,1.32682,1.32699,1.19,1.00
2017.11.30 14:22:12.099,1.32681,1.32699,1.69,1.00
2017.11.30 14:22:12.306,1.32681,1.32697,1.19,1.00
2017.11.30 14:22:12.462,1.3268,1.32696,1.00,1.87
2017.11.30 14:22:12.725,1.3268,1.32694,1.00,1.00
2017.11.30 14:22:14.442,1.32676,1.32694,2.06,1.00
2017.11.30 14:22:14.964,1.32676,1.32694,2.06,1.00
2017.11.30 14:22:16.130,1.32676,1.32694,2.06,1.00
2017.11.30 14:22:17.595,1.32676,1.32695,1.31,1.00
2017.11.30 14:22:18.111,1.32676,1.32695,1.31,1.00
2017.11.30 14:22:18.526,1.32676,1.32693,1.31,1.00
2017.11.30 14:22:18.873,1.32671,1.32686,2.25,1.00
2017.11.30 14:22:18.978,1.32669,1.32683,1.00,1.00
2017.11.30 14:22:19.183,1.32669,1.32685,1.00,1.50
2017.11.30 14:22:19.712,1.3267,1.32688,1.19,1.12
2017.11.30 14:22:20.779,1.3267,1.32688,1.19,1.00
2017.11.30 14:22:21.030,1.32669,1.32688,1.19,1.00
2017.11.30 14:22:22.182,1.32669,1.32688,1.19,1.00
2017.11.30 14:22:23.722,1.32669,1.32688,1.19,1.00
2017.11.30 14:22:24.697,1.32669,1.32686,1.19,1.00
2017.11.30 14:22:25.539,1.32669,1.32687,1.69,1.00
2017.11.30 14:22:26.501,1.32669,1.32687,1.19,1.00
2017.11.30 14:22:26.786,1.32669,1.32686,1.19,1.00
2017.11.30 14:22:27.339,1.32669,1.32687,1.69,1.50
2017.11.30 14:22:28.112,1.32669,1.32687,1.69,1.50
2017.11.30 14:22:28.803,1.32669,1.32687,1.19,1.50
2017.11.30 14:22:34.233,1.32669,1.32688,1.69,1.87
2017.11.30 14:22:34.743,1.32669,1.32687,1.19,1.00
2017.11.30 14:22:35.865,1.32669,1.32686,1.19,1.00
2017.11.30 14:22:36.759,1.32669,1.32686,1.25,1.00
2017.11.30 14:22:38.316,1.32671,1.32689,1.19,1.50
2017.11.30 14:22:38.624,1.32672,1.32692,1.19,1.87
2017.11.30 14:22:38.727,1.32672,1.32692,1.19,1.87
2017.11.30 14:22:38.978,1.32673,1.32692,1.19,1.12
2017.11.30 14:22:39.395,1.32673,1.32691,1.25,1.00
2017.11.30 14:22:39.651,1.32672,1.3269,1.19,1.00
2017.11.30 14:22:41.197,1.32672,1.3269,1.19,1.00
2017.11.30 14:22:41.489,1.32672,1.3269,1.19,1.00
2017.11.30 14:22:42.606,1.32672,1.3269,1.19,1.00
2017.11.30 14:22:43.044,1.3267,1.32692,1.31,1.00
2017.11.30 14:22:43.225,1.3267,1.32687,1.00,1.00
2017.11.30 14:22:43.277,1.32671,1.32691,1.19,1.87
2017.11.30 14:22:43.380,1.3267,1.32691,1.19,1.50
2017.11.30 14:22:44.001,1.3267,1.32688,1.19,1.00
2017.11.30 14:22:45.200,1.3267,1.32689,1.19,1.50
2017.11.30 14:22:45.374,1.32669,1.32687,1.19,1.00
2017.11.30 14:22:46.382,1.32669,1.32687,1.69,1.00
2017.11.30 14:22:47.735,1.32669,1.32687,1.69,1.00
2017.11.30 14:22:49.092,1.32669,1.32687,1.69,1.00
2017.11.30 14:22:51.455,1.32671,1.32688,1.00,1.00
2017.11.30 14:22:52.020,1.32669,1.32689,1.69,1.00
2017.11.30 14:22:53.951,1.32669,1.32689,1.69,1.00
2017.11.30 14:22:54.545,1.32672,1.3269,1.19,1.50
2017.11.30 14:22:54.729,1.32675,1.32693,1.19,1.00
2017.11.30 14:22:55.262,1.32675,1.32694,1.69,1.00
2017.11.30 14:22:55.904,1.32675,1.32694,1.69,1.00
2017.11.30 14:22:57.858,1.32676,1.32695,1.19,1.50
2017.11.30 14:22:58.386,1.32676,1.32694,1.19,1.00
2017.11.30 14:22:58.904,1.32677,1.32695,2.44,1.00
2017.11.30 14:22:59.531,1.32677,1.32695,2.44,1.00
2017.11.30 14:23:00.102,1.32677,1.32694,2.44,1.00
2017.11.30 14:23:00.822,1.32677,1.32695,2.44,1.00
2017.11.30 14:23:01.475,1.32677,1.32694,2.44,1.00
2017.11.30 14:23:02.215,1.32677,1.32695,2.44,1.00
2017.11.30 14:23:02.763,1.32677,1.32694,2.44,1.00
2017.11.30 14:23:04.460,1.32677,1.32694,2.44,1.00
2017.11.30 14:23:05.871,1.32677,1.32694,1.19,1.00
2017.11.30 14:23:06.245,1.32677,1.32694,1.69,1.00
2017.11.30 14:23:06.448,1.32677,1.32696,1.69,1.00
2017.11.30 14:23:06.976,1.32677,1.32696,1.69,1.00
2017.11.30 14:23:07.682,1.32677,1.32696,1.19,1.00
2017.11.30 14:23:08.302,1.32677,1.32697,2.44,2.05
2017.11.30 14:23:08.456,1.32677,1.32695,1.69,1.00
2017.11.30 14:23:08.988,1.32677,1.32695,1.69,1.00
2017.11.30 14:23:10.488,1.32679,1.32693,1.00,1.00
2017.11.30 14:23:10.591,1.32677,1.32694,1.50,1.00
2017.11.30 14:23:10.849,1.32678,1.32698,1.19,3.37
2017.11.30 14:23:10.901,1.32679,1.32698,1.19,1.50
2017.11.30 14:23:11.427,1.32678,1.32697,1.31,1.00
2017.11.30 14:23:11.737,1.32681,1.327,1.69,1.00
2017.11.30 14:23:12.045,1.32683,1.32701,2.06,1.00
2017.11.30 14:23:12.198,1.32684,1.32703,1.19,1.00
2017.11.30 14:23:12.985,1.32683,1.32702,2.06,1.00
2017.11.30 14:23:13.685,1.32683,1.32702,2.44,1.00
2017.11.30 14:23:15.191,1.32683,1.32701,1.69,1.00
2017.11.30 14:23:18.167,1.32683,1.32702,1.69,1.50
2017.11.30 14:23:19.005,1.32685,1.32703,1.19,1.00
2017.11.30 14:23:19.516,1.32685,1.32703,1.19,1.00
2017.11.30 14:23:20.336,1.32685,1.32704,1.69,1.00
2017.11.30 14:23:21.353,1.32686,1.32705,1.19,1.87
2017.11.30 14:23:21.911,1.32685,1.32704,1.19,1.00
2017.11.30 14:23:22.686,1.32684,1.32704,2.81,1.00
2017.11.30 14:23:24.912,1.32685,1.32703,1.31,1.00
2017.11.30 14:23:25.240,1.32684,1.327,1.50,1.00
2017.11.30 14:23:25.608,1.32683,1.32702,1.56,1.00
2017.11.30 14:23:26.033,1.32683,1.32702,1.19,1.12
2017.11.30 14:23:26.759,1.32683,1.32701,1.19,1.00
2017.11.30 14:23:27.285,1.32683,1.32702,1.19,1.00
2017.11.30 14:23:28.227,1.32689,1.32707,1.19,2.25
2017.11.30 14:23:28.383,1.3269,1.32709,1.31,1.50
2017.11.30 14:23:28.487,1.3269,1.32706,1.31,1.00
2017.11.30 14:23:28.901,1.3269,1.32708,1.25,1.00
2017.11.30 14:23:28.953,1.3269,1.32708,1.19,1.00
2017.11.30 14:23:29.259,1.3269,1.3271,1.19,1.50
2017.11.30 14:23:30.003,1.3269,1.3271,1.19,1.50
2017.11.30 14:23:30.264,1.32689,1.32708,1.19,1.12
2017.11.30 14:23:30.316,1.32689,1.32706,1.19,1.00
2017.11.30 14:23:30.625,1.32686,1.32703,1.31,1.00
2017.11.30 14:23:30.816,1.32686,1.32702,1.19,1.00
2017.11.30 14:23:30.877,1.32681,1.32691,2.25,1.12
2017.11.30 14:23:31.030,1.32668,1.32682,1.94,1.00
2017.11.30 14:23:31.177,1.32667,1.32685,1.94,1.12
2017.11.30 14:23:31.319,1.32669,1.32689,2.44,1.12
2017.11.30 14:23:31.372,1.32669,1.32686,1.19,1.00
2017.11.30 14:23:31.706,1.32672,1.32691,1.19,2.25
2017.11.30 14:23:32.767,1.32672,1.32691,1.19,1.00
2017.11.30 14:23:33.131,1.32671,1.32688,1.31,1.00
2017.11.30 14:23:33.387,1.32671,1.32691,2.06,1.00
2017.11.30 14:23:33.491,1.32671,1.32689,1.19,1.00
2017.11.30 14:23:33.801,1.3267,1.32689,2.81,1.00
2017.11.30 14:23:34.452,1.3267,1.3269,2.06,1.00
2017.11.30 14:23:34.993,1.32671,1.3269,1.19,1.00
2017.11.30 14:23:35.250,1.32671,1.32688,1.19,1.00
2017.11.30 14:23:35.914,1.32671,1.32689,1.19,1.00
2017.11.30 14:23:36.221,1.32671,1.32687,1.19,1.00
2017.11.30 14:23:36.273,1.32671,1.32689,1.25,1.00
2017.11.30 14:23:36.427,1.32672,1.3269,1.19,1.00
2017.11.30 14:23:36.735,1.32671,1.3269,2.06,1.00
2017.11.30 14:23:37.583,1.32676,1.32691,1.19,1.00
2017.11.30 14:23:37.635,1.32678,1.32696,1.19,1.50
2017.11.30 14:23:37.686,1.32681,1.32699,1.19,1.50
2017.11.30 14:23:37.994,1.32682,1.32701,1.19,1.50
2017.11.30 14:23:38.045,1.32681,1.32701,2.06,1.50
2017.11.30 14:23:38.258,1.3268,1.32699,3.19,1.00
2017.11.30 14:23:38.412,1.32681,1.32702,2.81,1.00
2017.11.30 14:23:38.669,1.32681,1.327,3.56,1.00
2017.11.30 14:23:38.922,1.32681,1.32699,2.44,1.00
2017.11.30 14:23:38.974,1.32679,1.32697,2.44,1.00
2017.11.30 14:23:39.127,1.32679,1.32699,1.19,1.00
2017.11.30 14:23:39.630,1.3268,1.32698,1.19,1.00
2017.11.30 14:23:39.870,1.3268,1.327,1.56,1.00
2017.11.30 14:23:40.126,1.3268,1.32701,1.31,1.00
2017.11.30 14:23:40.302,1.32681,1.32701,1.19,1.00
2017.11.30 14:23:40.609,1.32681,1.32699,2.44,1.00
2017.11.30 14:23:40.911,1.32679,1.32698,3.56,1.00
2017.11.30 14:23:41.167,1.32679,1.32695,1.19,1.00
2017.11.30 14:23:41.219,1.32677,1.32694,2.44,1.00
2017.11.30 14:23:41.273,1.32676,1.32696,1.19,1.00
2017.11.30 14:23:41.811,1.32677,1.32695,1.69,1.50
2017.11.30 14:23:41.914,1.32676,1.32697,2.06,1.87
2017.11.30 14:23:42.223,1.32681,1.327,1.19,2.25
2017.11.30 14:23:42.275,1.32681,1.327,2.81,1.00
2017.11.30 14:23:42.430,1.32681,1.32702,3.94,1.00
2017.11.30 14:23:42.945,1.32682,1.32702,1.69,1.00
2017.11.30 14:23:42.997,1.32682,1.327,1.69,1.00
2017.11.30 14:23:43.236,1.32682,1.32702,1.19,1.00
2017.11.30 14:23:43.332,1.32682,1.32699,1.19,1.00
2017.11.30 14:23:43.645,1.32681,1.32701,1.69,1.00
2017.11.30 14:23:43.748,1.32682,1.32699,1.19,1.00
2017.11.30 14:23:44.280,1.32682,1.327,1.19,1.00
2017.11.30 14:23:44.820,1.32681,1.32697,1.31,1.00
2017.11.30 14:23:44.873,1.3268,1.32697,1.19,1.00
2017.11.30 14:23:44.925,1.3268,1.32696,1.69,1.30
2017.11.30 14:23:46.280,1.32677,1.32696,1.25,1.50
2017.11.30 14:23:46.437,1.32676,1.32696,2.44,1.00
2017.11.30 14:23:47.035,1.32678,1.32695,1.19,1.00
2017.11.30 14:23:47.447,1.32679,1.32696,1.25,1.00
2017.11.30 14:23:47.550,1.32678,1.32696,1.19,1.00
2017.11.30 14:23:47.793,1.32678,1.32696,1.19,1.50
2017.11.30 14:23:48.338,1.32678,1.32697,1.00,1.00
2017.11.30 14:23:48.709,1.32677,1.32695,1.25,1.00
2017.11.30 14:23:49.221,1.32676,1.32694,2.06,1.00
2017.11.30 14:23:49.703,1.32673,1.32689,1.00,2.80
2017.11.30 14:23:49.806,1.32667,1.32684,4.31,1.00
2017.11.30 14:23:50.368,1.32665,1.32685,1.19,1.00
2017.11.30 14:23:50.897,1.32663,1.32684,1.69,1.50
2017.11.30 14:23:50.984,1.32663,1.32684,1.69,1.50
2017.11.30 14:23:51.138,1.32662,1.32682,2.44,1.00
2017.11.30 14:23:51.447,1.32655,1.32672,1.25,1.00
2017.11.30 14:23:51.652,1.32654,1.32674,1.19,1.00
2017.11.30 14:23:52.169,1.32652,1.32673,2.81,1.00
2017.11.30 14:23:52.426,1.32652,1.32671,1.19,1.00
2017.11.30 14:23:52.750,1.32652,1.32668,1.19,1.00
2017.11.30 14:23:52.802,1.32653,1.32671,1.19,1.00
2017.11.30 14:23:53.085,1.3265,1.32669,1.50,1.00
2017.11.30 14:23:53.345,1.32651,1.3267,1.31,1.00
2017.11.30 14:23:53.448,1.32651,1.32672,2.06,1.00
2017.11.30 14:23:53.655,1.32655,1.32674,1.19,1.00
2017.11.30 14:23:54.268,1.32654,1.32672,1.69,1.00
2017.11.30 14:23:54.319,1.32654,1.32675,1.69,1.50
2017.11.30 14:23:54.525,1.32655,1.32675,1.69,1.00
2017.11.30 14:23:54.829,1.32656,1.32675,1.19,1.00
2017.11.30 14:23:55.139,1.32653,1.32669,1.00,1.00
2017.11.30 14:23:55.190,1.32653,1.32671,1.00,1.00
2017.11.30 14:23:55.714,1.32653,1.32672,1.50,1.50
2017.11.30 14:23:55.975,1.32653,1.32669,1.00,1.00
2017.11.30 14:23:56.028,1.32653,1.32671,2.06,1.00
2017.11.30 14:23:56.080,1.32653,1.32673,1.69,1.50
2017.11.30 14:23:56.716,1.32653,1.32672,1.19,1.00
2017.11.30 14:23:57.264,1.32654,1.32672,1.25,1.00
2017.11.30 14:23:58.454,1.32653,1.32673,1.19,1.50
2017.11.30 14:23:58.710,1.32653,1.32674,1.69,1.00
2017.11.30 14:23:59.066,1.32653,1.32673,1.19,1.87
2017.11.30 14:23:59.571,1.32653,1.32672,1.19,1.00
2017.11.30 14:24:00.101,1.32653,1.32672,1.19,1.00
2017.11.30 14:24:00.699,1.32652,1.32671,1.69,1.00
2017.11.30 14:24:01.188,1.32654,1.32672,1.19,1.00
2017.11.30 14:24:01.240,1.32653,1.3267,1.31,1.00
2017.11.30 14:24:01.387,1.32652,1.3267,2.06,1.00
2017.11.30 14:24:01.439,1.32648,1.32669,2.44,1.50
2017.11.30 14:24:02.092,1.3265,1.32669,1.19,1.00
2017.11.30 14:24:02.597,1.3265,1.32669,1.19,1.00
2017.11.30 14:24:03.567,1.32652,1.3267,1.25,1.00
2017.11.30 14:24:03.619,1.3265,1.32669,1.19,1.00
2017.11.30 14:24:03.723,1.32652,1.32672,1.19,1.87
2017.11.30 14:24:03.826,1.32652,1.32671,1.31,1.00
2017.11.30 14:24:04.355,1.32651,1.32671,1.19,1.50
2017.11.30 14:24:04.409,1.3265,1.32669,1.19,1.00
2017.11.30 14:24:04.829,1.3265,1.32669,1.25,1.50
2017.11.30 14:24:04.881,1.3265,1.32667,1.25,1.00
2017.11.30 14:24:05.963,1.3265,1.32667,1.19,1.00
2017.11.30 14:24:06.344,1.32649,1.32669,1.19,1.50
2017.11.30 14:24:06.775,1.32648,1.32666,1.00,1.00
2017.11.30 14:24:07.134,1.32648,1.32667,1.19,1.87
2017.11.30 14:24:07.646,1.32647,1.32668,1.31,2.25
2017.11.30 14:24:08.162,1.32647,1.32668,1.31,2.25
2017.11.30 14:24:08.666,1.3265,1.32667,1.19,1.00
2017.11.30 14:24:08.770,1.3265,1.3267,1.31,2.25
2017.11.30 14:24:09.606,1.32651,1.3267,1.00,1.00
2017.11.30 14:24:09.915,1.3265,1.32668,1.12,1.00
2017.11.30 14:24:10.222,1.3265,1.32666,1.50,1.00
2017.11.30 14:24:11.159,1.32647,1.32666,1.00,1.00
2017.11.30 14:24:11.688,1.32648,1.32667,1.00,1.00
2017.11.30 14:24:11.893,1.32648,1.32669,1.00,1.50
2017.11.30 14:24:12.306,1.3265,1.32669,1.00,2.25
2017.11.30 14:24:12.911,1.3265,1.32668,1.00,1.50
2017.11.30 14:24:13.066,1.32651,1.3267,1.00,1.00
2017.11.30 14:24:14.154,1.3265,1.3267,1.00,1.00
2017.11.30 14:24:14.461,1.3265,1.32668,1.00,1.00
2017.11.30 14:24:15.485,1.32649,1.32668,1.00,1.50
2017.11.30 14:24:16.016,1.3265,1.32668,1.00,1.50
2017.11.30 14:24:16.491,1.32651,1.3267,1.00,2.25
2017.11.30 14:24:16.864,1.32649,1.32668,1.50,1.50
2017.11.30 14:24:17.385,1.32648,1.32667,1.00,1.50
2017.11.30 14:24:17.944,1.32647,1.32666,1.12,1.00
2017.11.30 14:24:19.316,1.32648,1.32666,1.00,1.00
2017.11.30 14:24:19.368,1.32646,1.32667,1.87,1.50
2017.11.30 14:24:19.422,1.32646,1.32665,1.00,1.50
2017.11.30 14:24:19.756,1.32646,1.32663,1.00,1.00
2017.11.30 14:24:19.808,1.32643,1.32662,1.50,1.00
2017.11.30 14:24:20.013,1.32645,1.32663,1.00,1.00
2017.11.30 14:24:20.066,1.32646,1.32665,1.00,1.00
2017.11.30 14:24:21.349,1.32647,1.32666,1.00,1.50
2017.11.30 14:24:21.901,1.32646,1.32666,1.00,1.50
2017.11.30 14:24:22.370,1.32648,1.32667,1.00,1.50
2017.11.30 14:24:22.911,1.32649,1.32667,1.00,1.50
2017.11.30 14:24:24.265,1.32649,1.32668,1.00,1.50
2017.11.30 14:24:25.417,1.32651,1.32669,1.00,1.50
2017.11.30 14:24:26.036,1.32651,1.32668,1.00,1.00
2017.11.30 14:24:26.980,1.3265,1.32668,1.00,1.00
2017.11.30 14:24:27.083,1.32653,1.32672,1.00,1.00
2017.11.30 14:24:27.238,1.3265,1.32669,1.50,1.00
2017.11.30 14:24:27.290,1.3265,1.32668,1.00,1.00
2017.11.30 14:24:27.342,1.3265,1.3267,1.00,1.00
2017.11.30 14:24:28.013,1.32649,1.3267,1.50,1.00
2017.11.30 14:24:30.502,1.32649,1.32667,1.50,1.00
2017.11.30 14:24:32.342,1.32649,1.32669,1.00,1.00
2017.11.30 14:24:32.680,1.32649,1.32667,1.00,1.00
2017.11.30 14:24:32.991,1.32649,1.3267,1.00,1.50
2017.11.30 14:24:33.504,1.32651,1.32669,1.00,1.00
2017.11.30 14:24:34.085,1.32651,1.3267,1.00,1.00
2017.11.30 14:24:36.775,1.32651,1.32671,1.25,1.50
2017.11.30 14:24:41.226,1.32651,1.3267,1.00,1.00
2017.11.30 14:24:41.648,1.32651,1.32672,1.00,1.50
2017.11.30 14:24:41.702,1.32651,1.3267,1.00,1.00
2017.11.30 14:24:42.010,1.32653,1.32674,1.19,2.25
2017.11.30 14:24:42.157,1.32654,1.32674,1.19,1.00
2017.11.30 14:24:42.261,1.32652,1.32669,1.00,1.00
2017.11.30 14:24:42.365,1.3265,1.32668,1.00,1.00
2017.11.30 14:24:42.889,1.32651,1.32669,1.25,1.00
2017.11.30 14:24:43.660,1.3265,1.32669,1.00,1.00
2017.11.30 14:24:44.565,1.32654,1.32671,1.00,1.00
2017.11.30 14:24:44.617,1.32651,1.32671,1.50,1.00
2017.11.30 14:24:44.951,1.3265,1.32668,1.87,1.00
2017.11.30 14:24:45.463,1.3265,1.32669,1.00,1.00
2017.11.30 14:24:45.992,1.3265,1.3267,1.00,1.00
2017.11.30 14:24:46.611,1.32649,1.32671,1.87,1.00
2017.11.30 14:24:47.162,1.32651,1.3267,1.00,1.00
2017.11.30 14:24:47.364,1.32649,1.32672,2.62,1.50
2017.11.30 14:24:47.957,1.32654,1.32673,1.00,1.50
2017.11.30 14:24:48.368,1.32656,1.32673,1.00,1.00
2017.11.30 14:24:48.420,1.32656,1.32675,1.00,1.00
2017.11.30 14:24:49.944,1.32656,1.32674,1.50,1.00
2017.11.30 14:24:50.491,1.32654,1.32674,2.25,1.00
2017.11.30 14:24:51.111,1.32654,1.32673,1.50,1.00
2017.11.30 14:24:51.325,1.32656,1.32677,2.25,1.50
2017.11.30 14:24:51.534,1.32658,1.32677,1.00,1.50
2017.11.30 14:24:52.625,1.32658,1.32678,1.00,1.00
2017.11.30 14:24:53.171,1.32657,1.32678,1.00,1.00
2017.11.30 14:24:53.720,1.32658,1.32676,1.00,1.00
2017.11.30 14:24:54.092,1.32656,1.32677,3.00,1.00
2017.11.30 14:24:55.487,1.32657,1.32675,1.00,1.00
2017.11.30 14:24:55.993,1.32657,1.32678,1.00,1.50
2017.11.30 14:24:56.482,1.32656,1.32674,2.62,1.00
2017.11.30 14:24:57.042,1.32655,1.32673,1.00,1.00
2017.11.30 14:24:57.203,1.32653,1.32674,1.50,1.00
2017.11.30 14:24:57.523,1.32653,1.32672,1.00,1.00
2017.11.30 14:24:57.933,1.32655,1.32673,1.00,1.00
2017.11.30 14:24:58.478,1.32654,1.32672,1.87,1.00
2017.11.30 14:24:58.852,1.32653,1.32669,1.00,1.00
2017.11.30 14:24:58.904,1.3265,1.32668,2.62,1.00
2017.11.30 14:24:59.293,1.32647,1.32666,1.87,1.00
2017.11.30 14:24:59.834,1.32647,1.32668,1.87,1.12
2017.11.30 14:25:00.402,1.32647,1.32667,1.12,1.50
2017.11.30 14:25:00.718,1.3265,1.32667,1.00,1.00
2017.11.30 14:25:00.820,1.32647,1.32666,3.37,1.00
2017.11.30 14:25:01.432,1.32647,1.32665,1.00,1.00
2017.11.30 14:25:01.945,1.32647,1.32666,1.00,1.00
2017.11.30 14:25:02.270,1.32645,1.32663,1.00,1.00
2017.11.30 14:25:02.424,1.32643,1.32662,1.87,1.00
2017.11.30 14:25:02.526,1.32642,1.3266,1.00,1.00
2017.11.30 14:25:03.038,1.32641,1.32661,1.50,1.50
2017.11.30 14:25:03.346,1.32645,1.32663,1.00,1.00
2017.11.30 14:25:03.534,1.32644,1.32665,1.00,3.00
2017.11.30 14:25:03.893,1.32646,1.32664,1.00,2.25
2017.11.30 14:25:03.944,1.32643,1.32664,1.12,2.25
2017.11.30 14:25:03.996,1.32646,1.32664,1.00,1.00
2017.11.30 14:25:04.532,1.32645,1.32665,1.50,1.00
2017.11.30 14:25:05.635,1.32646,1.32665,1.50,1.50
2017.11.30 14:25:06.182,1.32645,1.32665,1.50,1.50
2017.11.30 14:25:08.560,1.32645,1.32665,2.62,1.50
2017.11.30 14:25:09.091,1.32653,1.32672,1.00,1.00
2017.11.30 14:25:09.402,1.32647,1.32666,1.00,1.00
2017.11.30 14:25:09.810,1.32646,1.32664,1.50,1.00
2017.11.30 14:25:11.554,1.32645,1.32664,1.87,1.00
2017.11.30 14:25:11.863,1.32645,1.32662,1.00,1.00
2017.11.30 14:25:12.032,1.32643,1.32662,1.00,1.00
2017.11.30 14:25:12.614,1.32643,1.32663,1.00,1.50
2017.11.30 14:25:13.513,1.32642,1.32663,3.00,1.00
2017.11.30 14:25:14.290,1.32643,1.32663,1.00,1.50
2017.11.30 14:25:14.819,1.32643,1.32662,1.00,1.00
2017.11.30 14:25:17.044,1.32641,1.32661,1.00,1.50
2017.11.30 14:25:17.198,1.3264,1.32659,1.50,1.00
2017.11.30 14:25:17.710,1.32639,1.3266,3.19,1.50
2017.11.30 14:25:18.238,1.32639,1.32657,1.50,1.00
2017.11.30 14:25:18.289,1.32638,1.32657,1.87,1.00
2017.11.30 14:25:18.838,1.32637,1.32656,1.12,1.87
2017.11.30 14:25:19.349,1.32637,1.32655,1.12,1.00
2017.11.30 14:25:19.505,1.32635,1.32653,1.87,1.12
2017.11.30 14:25:20.128,1.32637,1.32653,1.00,1.00
2017.11.30 14:25:20.180,1.32638,1.32657,1.50,1.00
2017.11.30 14:25:20.232,1.32637,1.32656,1.00,1.00
2017.11.30 14:25:20.767,1.32637,1.32657,1.00,1.00
2017.11.30 14:25:21.518,1.32637,1.32656,1.00,1.50
2017.11.30 14:25:21.878,1.32639,1.32657,1.00,1.00
2017.11.30 14:25:22.083,1.32635,1.32655,2.62,1.00
2017.11.30 14:25:22.135,1.32635,1.32653,1.00,1.00
2017.11.30 14:25:22.186,1.32633,1.32653,1.00,1.00
2017.11.30 14:25:22.354,1.32637,1.32656,1.12,1.50
2017.11.30 14:25:22.816,1.32639,1.32656,1.00,1.00
2017.11.30 14:25:22.868,1.32637,1.32656,1.87,1.00
2017.11.30 14:25:23.762,1.32639,1.32657,1.12,1.00
2017.11.30 14:25:23.814,1.3264,1.32659,1.00,1.00
2017.11.30 14:25:24.198,1.32642,1.32659,1.00,1.00
2017.11.30 14:25:24.742,1.32643,1.32659,1.00,1.00
2017.11.30 14:25:25.584,1.32644,1.32659,1.00,1.00
2017.11.30 14:25:25.635,1.32644,1.32662,1.00,1.50
2017.11.30 14:25:27.511,1.32643,1.32662,1.00,1.00
2017.11.30 14:25:28.025,1.32642,1.32662,1.50,1.00
2017.11.30 14:25:28.182,1.32641,1.3266,1.00,1.00
2017.11.30 14:25:28.285,1.32639,1.3266,1.12,1.00
2017.11.30 14:25:29.157,1.32639,1.32658,1.12,1.00
2017.11.30 14:25:29.706,1.32638,1.32657,1.50,1.00
2017.11.30 14:25:30.166,1.32638,1.32654,1.00,1.00
2017.11.30 14:25:30.218,1.32635,1.32654,2.25,1.00
2017.11.30 14:25:31.105,1.32635,1.3265,1.19,1.00
2017.11.30 14:25:31.157,1.32633,1.32652,1.00,1.00
2017.11.30 14:25:31.718,1.32632,1.32652,1.12,1.00
2017.11.30 14:25:31.975,1.32634,1.32654,1.00,1.00
2017.11.30 14:25:32.282,1.32633,1.32652,1.00,1.00
2017.11.30 14:25:32.575,1.32625,1.32645,2.62,1.00
2017.11.30 14:25:33.116,1.32626,1.32645,1.00,1.00
2017.11.30 14:25:33.261,1.32629,1.32649,1.00,2.25
2017.11.30 14:25:33.317,1.32632,1.32649,1.00,1.00
2017.11.30 14:25:33.369,1.32632,1.32651,1.00,1.50
2017.11.30 14:25:33.995,1.32631,1.3265,1.12,1.00
2017.11.30 14:25:35.218,1.32632,1.32651,1.00,1.00
2017.11.30 14:25:35.475,1.32634,1.32652,1.00,1.00
2017.11.30 14:25:35.527,1.32633,1.32654,1.12,1.50
2017.11.30 14:25:35.579,1.32633,1.32652,1.12,1.00
2017.11.30 14:25:35.939,1.32634,1.32651,1.37,1.00
2017.11.30 14:25:36.098,1.32632,1.32652,2.80,1.50
2017.11.30 14:25:36.625,1.32632,1.32652,1.69,1.00
2017.11.30 14:25:37.147,1.32633,1.32651,1.00,1.00
2017.11.30 14:25:37.434,1.32636,1.32651,1.00,1.00
2017.11.30 14:25:37.959,1.32636,1.32652,1.00,1.50
2017.11.30 14:25:38.421,1.32632,1.32652,1.50,1.00
2017.11.30 14:25:38.598,1.32634,1.32652,1.00,1.50
2017.11.30 14:25:39.130,1.32635,1.32652,1.00,1.00
2017.11.30 14:25:39.634,1.32635,1.32651,1.00,1.00
2017.11.30 14:25:40.761,1.32631,1.32651,2.43,1.00
2017.11.30 14:25:41.033,1.32636,1.32653,1.00,1.00
2017.11.30 14:25:41.555,1.32635,1.32655,1.86,1.00
2017.11.30 14:25:41.708,1.32636,1.32653,1.55,1.00
2017.11.30 14:25:41.925,1.32638,1.32656,1.55,1.00
2017.11.30 14:25:42.353,1.32637,1.32655,1.24,1.00
2017.11.30 14:25:42.886,1.32636,1.32656,2.43,1.00
2017.11.30 14:25:44.164,1.32636,1.32656,1.12,1.00
2017.11.30 14:25:45.740,1.32636,1.32654,1.12,1.00
2017.11.30 14:25:45.792,1.32631,1.32652,1.50,1.00
2017.11.30 14:25:46.330,1.32631,1.32651,1.50,1.00
2017.11.30 14:25:46.797,1.32631,1.32649,1.00,1.00
2017.11.30 14:25:47.308,1.3263,1.3265,1.86,1.50
2017.11.30 14:25:47.627,1.32631,1.32648,1.00,1.00
2017.11.30 14:25:48.409,1.32631,1.32649,1.00,2.25
2017.11.30 14:25:48.936,1.32633,1.32652,1.00,3.00
2017.11.30 14:25:49.102,1.32632,1.3265,1.00,1.00
2017.11.30 14:25:49.719,1.32631,1.3265,1.30,1.00
2017.11.30 14:25:50.268,1.3263,1.32649,2.61,1.00
2017.11.30 14:25:50.575,1.32626,1.32644,1.50,1.00
2017.11.30 14:25:50.876,1.3263,1.32648,1.11,1.00
2017.11.30 14:25:51.351,1.32636,1.32649,1.11,1.00
2017.11.30 14:25:51.403,1.32636,1.32652,1.11,1.12
2017.11.30 14:25:51.506,1.32637,1.32654,1.86,1.00
2017.11.30 14:25:52.047,1.32637,1.32654,1.68,1.00
2017.11.30 14:25:52.251,1.32637,1.32656,1.00,1.00
2017.11.30 14:25:52.508,1.32637,1.32656,1.55,1.00
2017.11.30 14:25:53.207,1.32639,1.32657,1.11,1.00
2017.11.30 14:25:53.515,1.32636,1.32655,1.50,1.50
2017.11.30 14:25:53.707,1.32636,1.32652,1.00,1.00
2017.11.30 14:25:54.222,1.32636,1.32653,1.00,1.00
2017.11.30 14:25:54.273,1.32634,1.32653,2.61,1.00
2017.11.30 14:25:54.478,1.32635,1.32653,1.55,1.00
2017.11.30 14:25:54.993,1.32635,1.32652,1.55,1.00
2017.11.30 14:25:55.301,1.32632,1.32648,1.55,1.00
2017.11.30 14:25:55.455,1.32632,1.32648,1.00,1.00
2017.11.30 14:25:55.537,1.32636,1.32648,1.00,1.00
2017.11.30 14:25:55.675,1.32632,1.32648,1.00,1.00
2017.11.30 14:25:55.933,1.32632,1.3265,1.00,1.00
2017.11.30 14:25:56.492,1.32635,1.3265,1.00,1.00
2017.11.30 14:25:57.358,1.32636,1.3265,1.00,1.00
2017.11.30 14:25:57.410,1.32636,1.32653,1.00,1.00
2017.11.30 14:25:58.018,1.32636,1.32654,1.86,1.50
2017.11.30 14:25:58.387,1.3264,1.32654,1.00,1.00
2017.11.30 14:25:58.924,1.32636,1.32654,1.00,1.00
2017.11.30 14:25:59.442,1.32636,1.32655,1.86,1.00
2017.11.30 14:25:59.983,1.32636,1.32655,1.00,1.00
2017.11.30 14:26:01.060,1.32635,1.32655,2.61,1.00
2017.11.30 14:26:01.680,1.32636,1.32655,1.00,1.00
2017.11.30 14:26:02.437,1.32637,1.32655,1.00,1.00
2017.11.30 14:26:02.883,1.32636,1.32657,1.30,1.00
2017.11.30 14:26:02.934,1.3264,1.32657,1.00,1.00
2017.11.30 14:26:03.439,1.3264,1.32655,1.00,1.00
2017.11.30 14:26:03.491,1.32636,1.32655,1.50,1.00
2017.11.30 14:26:03.972,1.32638,1.32656,1.00,1.00
2017.11.30 14:26:04.528,1.32638,1.32657,1.50,1.00
2017.11.30 14:26:04.870,1.32642,1.32662,2.61,1.00
2017.11.30 14:26:05.078,1.32642,1.32662,2.61,1.00
2017.11.30 14:26:06.081,1.32645,1.32664,1.00,1.00
2017.11.30 14:26:06.914,1.32646,1.32664,1.00,1.50
2017.11.30 14:26:06.966,1.32651,1.32666,1.00,1.00
2017.11.30 14:26:07.511,1.32651,1.32665,1.00,1.00
2017.11.30 14:26:07.667,1.32646,1.32662,1.00,1.00
2017.11.30 14:26:07.719,1.32642,1.32661,2.05,1.00
2017.11.30 14:26:07.966,1.32646,1.32663,1.00,1.50
2017.11.30 14:26:08.069,1.32646,1.32665,1.00,1.87
2017.11.30 14:26:08.274,1.32645,1.32661,1.11,1.00
2017.11.30 14:26:08.532,1.32646,1.32665,1.50,1.50
2017.11.30 14:26:09.050,1.32645,1.32665,2.24,1.00
2017.11.30 14:26:09.276,1.3265,1.32665,1.00,1.00
2017.11.30 14:26:09.710,1.32647,1.32665,1.11,1.00
2017.11.30 14:26:09.841,1.32647,1.32663,1.11,1.00
2017.11.30 14:26:09.894,1.32645,1.32662,1.00,1.00
2017.11.30 14:26:10.409,1.32645,1.32663,1.30,1.50
2017.11.30 14:26:10.927,1.32646,1.32663,1.86,1.00
2017.11.30 14:26:11.037,1.32642,1.32662,2.24,1.00
2017.11.30 14:26:11.554,1.32643,1.32663,2.61,1.00
2017.11.30 14:26:11.925,1.32646,1.32663,1.00,1.00
2017.11.30 14:26:12.432,1.32646,1.32664,1.55,1.87
2017.11.30 14:26:12.960,1.32645,1.32664,1.11,1.12
2017.11.30 14:26:13.587,1.32644,1.32663,1.30,1.00
2017.11.30 14:26:14.135,1.32645,1.32664,1.30,1.87
2017.11.30 14:26:16.025,1.3264,1.32657,2.43,1.00
2017.11.30 14:26:16.179,1.32643,1.32659,1.11,1.00
2017.11.30 14:26:17.194,1.32641,1.32659,1.86,1.00
2017.11.30 14:26:17.397,1.32641,1.32661,1.86,1.50
2017.11.30 14:26:17.760,1.32641,1.32659,1.00,1.00
2017.11.30 14:26:18.075,1.32641,1.32657,1.00,1.00
2017.11.30 14:26:18.581,1.32641,1.32659,1.00,1.12
2017.11.30 14:26:19.308,1.32641,1.32658,1.00,1.00
2017.11.30 14:26:19.722,1.32644,1.32664,1.00,2.25
2017.11.30 14:26:20.029,1.32648,1.32664,1.80,1.00
2017.11.30 14:26:20.082,1.32648,1.32666,1.87,1.00
2017.11.30 14:26:20.133,1.32648,1.32668,2.43,1.50
2017.11.30 14:26:20.287,1.32652,1.3267,1.00,1.00
2017.11.30 14:26:20.874,1.32651,1.3267,1.86,1.87
2017.11.30 14:26:21.241,1.32651,1.32668,1.11,1.00
2017.11.30 14:26:21.570,1.32649,1.32669,1.00,1.50
2017.11.30 14:26:21.724,1.32651,1.32669,1.00,1.00
2017.11.30 14:26:22.234,1.32648,1.32668,1.30,1.00
2017.11.30 14:26:22.760,1.32647,1.32667,2.80,1.00
2017.11.30 14:26:23.306,1.32647,1.32667,2.05,1.00
2017.11.30 14:26:24.078,1.3265,1.32668,1.00,1.00
2017.11.30 14:26:24.518,1.32653,1.32671,1.00,2.25
2017.11.30 14:26:24.819,1.32659,1.32675,1.00,1.00
2017.11.30 14:26:24.871,1.32665,1.32683,1.12,2.25
2017.11.30 14:26:25.333,1.32665,1.32685,2.62,1.50
2017.11.30 14:26:25.384,1.32665,1.32683,2.62,1.00
2017.11.30 14:26:25.900,1.32666,1.32683,1.11,1.00
2017.11.30 14:26:26.443,1.32665,1.32683,2.23,1.00
2017.11.30 14:26:26.964,1.32665,1.32683,3.18,1.00
2017.11.30 14:26:27.568,1.32667,1.32685,1.11,1.00
2017.11.30 14:26:27.932,1.32669,1.32687,1.00,1.50
2017.11.30 14:26:27.985,1.32671,1.32687,1.00,1.50
2017.11.30 14:26:28.037,1.3267,1.3269,1.80,2.25
2017.11.30 14:26:28.289,1.32677,1.32692,1.00,1.50
2017.11.30 14:26:28.341,1.3268,1.32697,1.00,2.25
2017.11.30 14:26:28.395,1.32681,1.327,1.00,1.50
2017.11.30 14:26:29.276,1.32681,1.32701,1.69,1.00
2017.11.30 14:26:29.327,1.32683,1.32701,1.11,1.00
2017.11.30 14:26:29.634,1.32681,1.32697,1.00,1.00
2017.11.30 14:26:29.995,1.32678,1.32697,1.31,1.00
2017.11.30 14:26:30.047,1.32678,1.32695,1.12,1.00
2017.11.30 14:26:30.437,1.32679,1.32699,1.30,2.25
2017.11.30 14:26:30.952,1.3268,1.327,1.30,1.00
2017.11.30 14:26:31.155,1.3268,1.32698,1.00,1.00
2017.11.30 14:26:32.391,1.3268,1.327,1.00,1.50
2017.11.30 14:26:32.911,1.3268,1.32699,1.00,1.00
2017.11.30 14:26:33.401,1.32678,1.32696,3.36,1.00
2017.11.30 14:26:33.922,1.32678,1.32696,2.80,1.00
2017.11.30 14:26:34.863,1.32675,1.32693,3.36,1.00
2017.11.30 14:26:35.615,1.32675,1.32693,1.30,1.00
2017.11.30 14:26:37.964,1.32674,1.32694,3.36,1.00
2017.11.30 14:26:38.532,1.32675,1.32694,1.11,1.00
2017.11.30 14:26:39.555,1.32674,1.32694,3.36,1.00
2017.11.30 14:26:39.878,1.32672,1.32689,1.00,1.00
2017.11.30 14:26:40.381,1.3267,1.32689,4.30,1.00
2017.11.30 14:26:41.276,1.3267,1.32689,1.00,1.00
2017.11.30 14:26:41.793,1.3267,1.3269,1.50,1.00
2017.11.30 14:26:42.326,1.32672,1.32689,1.00,1.00
2017.11.30 14:26:42.834,1.32672,1.3269,1.00,1.00
2017.11.30 14:26:43.387,1.32671,1.3269,3.00,1.00
2017.11.30 14:26:43.936,1.32672,1.32689,1.55,1.00
2017.11.30 14:26:44.460,1.32673,1.32689,1.11,1.00
2017.11.30 14:26:44.917,1.32672,1.32689,1.55,1.00
2017.11.30 14:26:44.986,1.32672,1.32689,1.00,1.00
2017.11.30 14:26:45.864,1.32672,1.32689,1.55,1.00
2017.11.30 14:26:46.782,1.32671,1.32689,3.55,1.00
2017.11.30 14:26:48.131,1.32671,1.3269,3.55,1.00
2017.11.30 14:26:48.346,1.32675,1.32693,1.00,1.00
2017.11.30 14:26:48.451,1.32677,1.32696,1.87,2.25
2017.11.30 14:26:48.753,1.32677,1.32694,1.12,1.00
2017.11.30 14:26:49.369,1.32676,1.32693,1.50,1.50
2017.11.30 14:26:49.624,1.32676,1.32695,1.00,1.50
2017.11.30 14:26:49.931,1.32676,1.32693,1.30,1.00
2017.11.30 14:26:50.136,1.32676,1.32695,1.50,1.00
2017.11.30 14:26:50.188,1.32677,1.32695,1.55,1.00
2017.11.30 14:26:50.667,1.32678,1.32695,1.11,1.00
2017.11.30 14:26:51.078,1.3268,1.32698,1.11,2.25
2017.11.30 14:26:51.283,1.3268,1.32696,1.11,1.00
2017.11.30 14:26:51.434,1.32682,1.32701,1.00,1.50
2017.11.30 14:26:51.927,1.32682,1.327,1.68,1.00
2017.11.30 14:26:52.188,1.32682,1.327,1.87,1.00
2017.11.30 14:26:52.519,1.32687,1.32703,1.00,1.00
2017.11.30 14:26:52.571,1.32688,1.32705,1.00,3.00
2017.11.30 14:26:53.087,1.32687,1.32705,1.30,1.50
2017.11.30 14:26:53.621,1.32688,1.32704,1.00,1.00
2017.11.30 14:26:54.168,1.32687,1.32705,1.00,1.50
2017.11.30 14:26:54.724,1.32688,1.32704,1.00,1.00
2017.11.30 14:26:55.213,1.32688,1.32706,1.00,1.00
2017.11.30 14:26:55.634,1.32691,1.32708,1.00,2.25
2017.11.30 14:26:55.737,1.32686,1.32705,1.50,1.00
2017.11.30 14:26:55.839,1.32686,1.32703,1.00,1.00
2017.11.30 14:26:56.461,1.32685,1.32703,3.18,1.00
2017.11.30 14:26:56.685,1.32687,1.32706,1.00,1.00
2017.11.30 14:26:56.891,1.32685,1.32702,1.87,1.00
2017.11.30 14:26:57.217,1.32682,1.32698,1.00,1.00
2017.11.30 14:26:57.268,1.32682,1.327,1.69,1.00
2017.11.30 14:26:57.322,1.32684,1.32702,1.00,1.50
2017.11.30 14:26:57.631,1.32686,1.32702,1.00,1.00
2017.11.30 14:26:57.893,1.32686,1.32704,1.00,1.00
2017.11.30 14:26:58.553,1.32683,1.327,1.12,1.00
2017.11.30 14:26:58.767,1.32681,1.32699,1.00,1.00
2017.11.30 14:26:58.918,1.32679,1.32699,1.50,1.00
2017.11.30 14:27:00.103,1.3268,1.32698,1.00,1.00
2017.11.30 14:27:00.243,1.32676,1.32695,2.25,1.00
2017.11.30 14:27:00.708,1.32677,1.32697,1.12,1.50
2017.11.30 14:27:00.870,1.32676,1.32695,3.00,1.00
2017.11.30 14:27:01.395,1.32677,1.32696,1.12,1.50
2017.11.30 14:27:01.914,1.32676,1.32696,2.25,1.50
2017.11.30 14:27:02.326,1.32676,1.32693,1.00,1.00
2017.11.30 14:27:02.378,1.32676,1.32695,1.00,1.00
2017.11.30 14:27:02.430,1.32676,1.32693,1.00,1.00
2017.11.30 14:27:02.938,1.32676,1.32692,1.00,1.00
2017.11.30 14:27:03.363,1.32672,1.32693,2.25,1.00
2017.11.30 14:27:03.608,1.32673,1.32691,1.50,1.00
2017.11.30 14:27:04.382,1.32672,1.32691,1.50,1.00
2017.11.30 14:27:04.740,1.32674,1.32693,1.00,1.00
2017.11.30 14:27:06.086,1.32673,1.32693,1.50,1.00
2017.11.30 14:27:07.741,1.32672,1.32692,1.50,1.00
2017.11.30 14:27:08.082,1.32675,1.32694,1.00,1.00
2017.11.30 14:27:08.388,1.32674,1.32692,1.00,1.00
2017.11.30 14:27:10.552,1.32672,1.32692,2.81,1.00
2017.11.30 14:27:11.912,1.32672,1.3269,1.87,1.00
2017.11.30 14:27:12.255,1.32667,1.32683,1.75,1.00
2017.11.30 14:27:12.615,1.32666,1.32685,2.25,1.00
2017.11.30 14:27:12.718,1.32666,1.32685,2.25,1.00
2017.11.30 14:27:12.770,1.32666,1.32683,1.00,1.00
2017.11.30 14:27:13.312,1.32664,1.32683,1.19,1.12
2017.11.30 14:27:13.839,1.32664,1.32682,1.69,1.00
2017.11.30 14:27:14.487,1.32663,1.32682,1.00,1.50
2017.11.30 14:27:14.828,1.32661,1.32679,2.25,1.00
2017.11.30 14:27:15.484,1.32662,1.3268,1.00,1.00
2017.11.30 14:27:15.690,1.32659,1.32678,1.00,1.00
2017.11.30 14:27:15.742,1.32656,1.32676,2.62,1.00
2017.11.30 14:27:15.946,1.32656,1.32678,3.00,1.12
2017.11.30 14:27:16.576,1.32656,1.32677,1.50,1.00
2017.11.30 14:27:17.092,1.32657,1.32678,1.00,1.12
2017.11.30 14:27:17.629,1.32658,1.32676,1.00,1.00
2017.11.30 14:27:18.527,1.32657,1.32675,1.00,1.00
2017.11.30 14:27:19.057,1.32658,1.32676,1.00,1.00
2017.11.30 14:27:20.495,1.32656,1.32679,2.25,3.94
2017.11.30 14:27:20.546,1.32656,1.32675,1.50,1.00
2017.11.30 14:27:21.058,1.32656,1.32676,1.00,1.00
2017.11.30 14:27:21.597,1.32655,1.32676,1.00,1.12
2017.11.30 14:27:21.803,1.32651,1.32673,1.12,1.50
2017.11.30 14:27:21.957,1.32652,1.3267,1.00,1.00
2017.11.30 14:27:22.059,1.3265,1.32671,2.25,1.00
2017.11.30 14:27:22.570,1.3265,1.32672,3.00,1.00
2017.11.30 14:27:22.623,1.32652,1.32671,1.00,1.00
2017.11.30 14:27:23.402,1.3265,1.32669,2.25,1.00
2017.11.30 14:27:23.709,1.32652,1.32671,1.00,1.00
2017.11.30 14:27:24.178,1.32653,1.32673,1.00,1.87
2017.11.30 14:27:24.229,1.32652,1.32671,1.25,1.00
2017.11.30 14:27:24.573,1.32649,1.32668,1.50,1.00
2017.11.30 14:27:25.254,1.32649,1.32669,1.00,1.50
2017.11.30 14:27:25.722,1.32648,1.32666,1.00,1.00
2017.11.30 14:27:25.876,1.32646,1.32665,1.50,1.00
2017.11.30 14:27:26.356,1.32646,1.32667,1.50,3.00
2017.11.30 14:27:26.523,1.32646,1.32665,2.25,1.00
2017.11.30 14:27:26.830,1.32646,1.32667,2.25,3.75
2017.11.30 14:27:27.074,1.32646,1.32662,1.00,1.00
2017.11.30 14:27:27.597,1.32644,1.32662,1.00,1.00
2017.11.30 14:27:27.649,1.32644,1.32664,1.00,2.25
2017.11.30 14:27:27.956,1.32646,1.32664,1.00,1.00
2017.11.30 14:27:28.389,1.32644,1.32663,1.00,1.00
2017.11.30 14:27:28.441,1.32643,1.32661,2.25,1.00
2017.11.30 14:27:28.545,1.32643,1.32661,1.50,1.00
2017.11.30 14:27:28.932,1.32643,1.32664,1.00,3.00
2017.11.30 14:27:29.035,1.32645,1.32664,1.00,2.25
2017.11.30 14:27:29.343,1.32647,1.32664,1.00,1.00
2017.11.30 14:27:29.615,1.32648,1.32666,1.00,1.00
2017.11.30 14:27:30.626,1.32646,1.32667,2.25,1.50
2017.11.30 14:27:31.131,1.32647,1.32667,1.00,1.00
2017.11.30 14:27:31.183,1.3265,1.32668,1.00,2.62
2017.11.30 14:27:31.235,1.32648,1.32669,1.12,2.25
2017.11.30 14:27:31.601,1.3265,1.32668,1.00,1.00
2017.11.30 14:27:31.949,1.32651,1.3267,1.00,1.50
2017.11.30 14:27:32.240,1.32649,1.3267,1.00,1.00
2017.11.30 14:27:32.495,1.3265,1.32668,1.00,1.00
2017.11.30 14:27:33.031,1.32649,1.32669,1.69,1.00
2017.11.30 14:27:33.549,1.3265,1.32669,1.25,1.00
2017.11.30 14:27:33.600,1.3265,1.32671,1.25,3.93
2017.11.30 14:27:34.138,1.3265,1.3267,1.25,1.00
2017.11.30 14:27:34.444,1.32653,1.32671,1.00,1.87
2017.11.30 14:27:34.496,1.32653,1.32673,1.25,1.30
2017.11.30 14:27:34.966,1.32655,1.32673,1.00,1.00
2017.11.30 14:27:35.751,1.32654,1.32675,1.19,1.00
2017.11.30 14:27:35.956,1.32653,1.32672,1.69,2.05
2017.11.30 14:27:36.264,1.32653,1.32672,1.00,1.30
2017.11.30 14:27:36.790,1.32651,1.32672,1.69,1.50
2017.11.30 14:27:36.918,1.32651,1.32669,1.69,1.00
2017.11.30 14:27:37.496,1.32651,1.3267,1.69,1.00
2017.11.30 14:27:38.007,1.32652,1.32671,1.69,1.00
2017.11.30 14:27:40.027,1.32653,1.32671,1.25,1.00
2017.11.30 14:27:40.079,1.32653,1.32673,1.25,3.55
2017.11.30 14:27:42.078,1.32653,1.32672,1.00,1.00
2017.11.30 14:27:42.456,1.32651,1.32671,1.00,1.00
2017.11.30 14:27:42.558,1.32651,1.32671,1.00,1.86
2017.11.30 14:27:43.309,1.32649,1.32666,1.00,1.00
2017.11.30 14:27:43.412,1.32648,1.32668,1.87,1.30
2017.11.30 14:27:43.464,1.32647,1.32665,1.00,1.50
2017.11.30 14:27:44.240,1.32646,1.32664,1.00,1.00
2017.11.30 14:27:44.789,1.32644,1.32664,2.81,1.00
2017.11.30 14:27:45.972,1.32645,1.32664,1.00,1.50
2017.11.30 14:27:46.125,1.32645,1.32661,1.00,1.00
2017.11.30 14:27:46.330,1.32643,1.32661,1.00,1.00
2017.11.30 14:27:47.620,1.32642,1.32661,1.12,1.00
2017.11.30 14:27:47.953,1.32642,1.32659,1.12,1.00
2017.11.30 14:27:48.005,1.32642,1.32661,1.87,1.00
2017.11.30 14:27:50.315,1.32646,1.32663,1.00,1.00
2017.11.30 14:27:50.830,1.32646,1.32664,1.31,1.50
2017.11.30 14:27:52.313,1.32645,1.32662,1.62,1.00
2017.11.30 14:27:52.833,1.32643,1.32661,2.62,1.00
2017.11.30 14:27:53.154,1.32645,1.32663,1.00,1.00
2017.11.30 14:27:53.686,1.32643,1.32663,1.87,1.00
2017.11.30 14:27:54.118,1.32643,1.32661,2.62,1.00
2017.11.30 14:27:55.547,1.32646,1.32661,1.00,1.00
2017.11.30 14:27:55.701,1.32647,1.32664,1.00,1.00
2017.11.30 14:27:56.215,1.32648,1.32664,1.00,1.00
2017.11.30 14:27:56.654,1.32646,1.32664,1.00,1.00
2017.11.30 14:27:57.123,1.32646,1.32666,1.50,1.00
2017.11.30 14:27:57.225,1.32646,1.32664,1.50,1.00
2017.11.30 14:27:59.926,1.32645,1.32663,1.00,1.00
2017.11.30 14:28:00.559,1.32646,1.32663,1.00,1.00
2017.11.30 14:28:00.667,1.32643,1.32663,1.50,1.00
2017.11.30 14:28:01.183,1.32643,1.32662,1.00,1.00
2017.11.30 14:28:01.774,1.32644,1.32662,1.00,1.00
2017.11.30 14:28:03.041,1.32645,1.32661,1.00,1.00
2017.11.30 14:28:03.195,1.32643,1.32661,1.25,1.00
2017.11.30 14:28:03.756,1.32644,1.32662,1.00,1.00
2017.11.30 14:28:05.048,1.32646,1.32662,1.00,1.00
2017.11.30 14:28:05.613,1.32646,1.32661,1.00,1.00
2017.11.30 14:28:05.723,1.32646,1.32663,1.00,1.00
2017.11.30 14:28:06.233,1.32646,1.32662,1.00,1.00
2017.11.30 14:28:06.336,1.32646,1.3266,1.00,1.00
2017.11.30 14:28:06.388,1.32646,1.32663,1.00,1.00
2017.11.30 14:28:06.440,1.32646,1.32661,1.00,1.00
2017.11.30 14:28:06.950,1.32643,1.32661,1.50,1.00
2017.11.30 14:28:07.463,1.32645,1.32663,1.50,1.00
2017.11.30 14:28:07.514,1.32645,1.32665,1.50,1.50
2017.11.30 14:28:08.046,1.32645,1.32664,1.00,1.50
2017.11.30 14:28:09.066,1.32646,1.32664,1.12,1.00
2017.11.30 14:28:09.374,1.32646,1.32662,1.00,1.00
2017.11.30 14:28:09.426,1.32642,1.32661,1.00,1.00
2017.11.30 14:28:09.477,1.32646,1.32664,1.00,1.50
2017.11.30 14:28:09.785,1.32646,1.32662,1.00,1.00
2017.11.30 14:28:09.981,1.32644,1.32661,1.00,1.00
2017.11.30 14:28:10.084,1.32646,1.32661,1.00,1.00
2017.11.30 14:28:10.136,1.32646,1.32663,1.00,1.00
2017.11.30 14:28:10.239,1.32644,1.32663,1.00,1.00
2017.11.30 14:28:10.427,1.32644,1.32661,1.00,1.00
2017.11.30 14:28:11.040,1.32645,1.32661,1.00,1.00
2017.11.30 14:28:11.612,1.32644,1.32662,1.25,1.00
2017.11.30 14:28:12.602,1.32646,1.32662,1.00,1.00
2017.11.30 14:28:12.911,1.32646,1.3266,1.00,1.00
2017.11.30 14:28:13.018,1.32644,1.3266,1.00,1.00
2017.11.30 14:28:13.357,1.32646,1.32661,1.00,1.00
2017.11.30 14:28:13.776,1.32644,1.3266,1.00,1.00
2017.11.30 14:28:14.428,1.32645,1.32661,1.00,1.00
2017.11.30 14:28:14.633,1.32645,1.32663,1.00,1.00
2017.11.30 14:28:14.684,1.32645,1.32661,1.00,1.00
2017.11.30 14:28:14.736,1.32644,1.32663,1.25,1.50
2017.11.30 14:28:14.838,1.32644,1.3266,1.00,1.00
2017.11.30 14:28:15.424,1.32644,1.32661,1.00,1.00
2017.11.30 14:28:15.613,1.32645,1.32663,1.00,1.00
2017.11.30 14:28:15.819,1.32647,1.32667,1.00,1.37
2017.11.30 14:28:15.922,1.32646,1.32662,1.00,1.00
2017.11.30 14:28:16.532,1.32646,1.32663,1.00,1.00
2017.11.30 14:28:18.316,1.32646,1.32661,1.00,1.00
2017.11.30 14:28:18.828,1.32645,1.32661,1.00,1.00
2017.11.30 14:28:18.931,1.32642,1.32662,1.31,1.00
2017.11.30 14:28:18.983,1.32646,1.3266,1.00,1.00
2017.11.30 14:28:19.035,1.32643,1.32663,1.50,1.87
2017.11.30 14:28:19.218,1.32645,1.32663,1.00,1.12
2017.11.30 14:28:19.722,1.32646,1.32663,1.00,1.00
2017.11.30 14:28:20.320,1.32646,1.32664,1.50,1.50
2017.11.30 14:28:20.518,1.32647,1.32667,1.00,1.87
2017.11.30 14:28:20.880,1.32647,1.32668,1.50,1.50
2017.11.30 14:28:21.412,1.32647,1.32667,1.50,1.00
2017.11.30 14:28:21.878,1.32651,1.32667,1.00,1.00
2017.11.30 14:28:22.225,1.32647,1.32667,1.50,1.00
2017.11.30 14:28:22.743,1.32648,1.32667,1.00,1.50
2017.11.30 14:28:23.291,1.32647,1.32667,1.50,1.00
2017.11.30 14:28:24.921,1.32647,1.32665,1.00,1.00
2017.11.30 14:28:25.424,1.32646,1.32664,1.00,1.00
2017.11.30 14:28:25.732,1.32641,1.32659,1.00,1.00
2017.11.30 14:28:26.246,1.32641,1.3266,1.50,1.50
2017.11.30 14:28:27.845,1.32638,1.32656,3.19,1.00
2017.11.30 14:28:28.735,1.3264,1.32658,1.00,1.00
2017.11.30 14:28:30.566,1.32644,1.32664,1.00,1.12
2017.11.30 14:28:30.618,1.3265,1.32664,1.00,1.87
2017.11.30 14:28:30.671,1.3265,1.32666,1.00,1.00
2017.11.30 14:28:31.182,1.3265,1.32667,1.50,1.87
2017.11.30 14:28:32.717,1.32651,1.32667,1.00,1.12
2017.11.30 14:28:33.236,1.3265,1.32667,1.00,2.62
2017.11.30 14:28:34.711,1.32647,1.32667,1.00,1.87
2017.11.30 14:28:35.986,1.32647,1.32665,1.00,1.00
2017.11.30 14:28:36.502,1.32646,1.32664,1.50,1.00
2017.11.30 14:28:37.032,1.32646,1.32664,1.19,1.00
2017.11.30 14:28:37.289,1.32644,1.32663,1.69,1.00
2017.11.30 14:28:37.342,1.32646,1.32664,1.69,1.00
2017.11.30 14:28:37.547,1.32646,1.32664,1.25,1.00
2017.11.30 14:28:38.100,1.32647,1.32665,1.00,2.62
2017.11.30 14:28:38.409,1.32645,1.32661,1.19,1.00
2017.11.30 14:28:38.929,1.32644,1.32662,1.69,2.25
2017.11.30 14:28:39.651,1.32644,1.32661,1.19,1.00
2017.11.30 14:28:40.223,1.32644,1.32662,1.19,2.25
2017.11.30 14:28:40.532,1.32642,1.3266,1.69,1.00
2017.11.30 14:28:41.416,1.32642,1.3266,1.19,1.00
2017.11.30 14:28:42.261,1.32641,1.32659,2.44,1.00
2017.11.30 14:28:42.570,1.32641,1.32662,2.44,3.00
2017.11.30 14:28:42.787,1.32641,1.3266,1.19,1.12
2017.11.30 14:28:42.840,1.32637,1.32657,2.81,1.00
2017.11.30 14:28:42.892,1.32637,1.32654,1.19,1.00
2017.11.30 14:28:43.392,1.32632,1.32652,1.19,1.00
2017.11.30 14:28:44.095,1.32632,1.32652,1.19,2.25
2017.11.30 14:28:44.492,1.32631,1.3265,1.19,1.00
2017.11.30 14:28:45.069,1.32633,1.32651,1.25,1.00
2017.11.30 14:28:45.443,1.32634,1.32652,1.19,1.00
2017.11.30 14:28:45.996,1.32632,1.32653,1.19,1.87
2017.11.30 14:28:46.659,1.32635,1.32653,1.19,2.62
2017.11.30 14:28:48.936,1.32632,1.32653,1.56,1.87
2017.11.30 14:28:49.451,1.32633,1.32652,1.19,1.50
2017.11.30 14:28:50.001,1.32633,1.32653,1.19,2.62
2017.11.30 14:28:50.462,1.32634,1.32652,1.19,1.00
2017.11.30 14:28:51.252,1.32634,1.32652,1.31,1.00
2017.11.30 14:28:51.303,1.32634,1.32652,1.00,1.00
2017.11.30 14:28:53.973,1.32633,1.32652,1.00,1.00
2017.11.30 14:28:55.388,1.32633,1.32653,1.00,3.37
2017.11.30 14:28:55.904,1.32634,1.32652,1.00,1.00
2017.11.30 14:28:56.947,1.32632,1.32652,1.00,1.00
2017.11.30 14:28:58.423,1.32639,1.32655,1.00,1.00
2017.11.30 14:28:58.581,1.32642,1.32661,2.06,1.87
2017.11.30 14:28:58.725,1.32646,1.32661,1.25,1.12
2017.11.30 14:28:58.778,1.32648,1.32666,1.00,1.50
2017.11.30 14:28:58.934,1.3265,1.32668,1.19,2.62
2017.11.30 14:28:58.986,1.3265,1.32668,1.00,2.62
2017.11.30 14:28:59.090,1.32648,1.32667,1.00,1.00
2017.11.30 14:28:59.602,1.32649,1.32668,1.25,1.12
2017.11.30 14:29:00.467,1.32651,1.32668,1.00,1.12
2017.11.30 14:29:00.649,1.32649,1.32668,1.00,1.12
2017.11.30 14:29:03.814,1.32651,1.32668,1.00,1.87
2017.11.30 14:29:05.643,1.32649,1.32668,1.50,1.00
2017.11.30 14:29:05.695,1.32654,1.32668,1.25,1.00
2017.11.30 14:29:05.853,1.32654,1.32671,1.19,1.00
2017.11.30 14:29:05.908,1.3266,1.32675,1.00,1.00
2017.11.30 14:29:05.959,1.32661,1.32678,1.00,1.00
2017.11.30 14:29:06.394,1.32659,1.32678,1.50,1.00
2017.11.30 14:29:06.447,1.32664,1.32678,1.00,1.00
2017.11.30 14:29:09.216,1.32663,1.32678,1.00,1.00
2017.11.30 14:29:09.733,1.32661,1.32678,1.50,1.00
2017.11.30 14:29:11.167,1.32668,1.32682,1.00,1.50
2017.11.30 14:29:11.325,1.32671,1.32688,1.50,1.00
2017.11.30 14:29:11.479,1.32676,1.32691,1.00,1.00
2017.11.30 14:29:11.583,1.32677,1.32693,1.00,1.12
2017.11.30 14:29:11.635,1.32677,1.32696,1.00,1.00
2017.11.30 14:29:11.686,1.32679,1.32696,1.19,1.00
2017.11.30 14:29:12.226,1.32681,1.32696,1.00,1.00
2017.11.30 14:29:12.687,1.32683,1.32696,1.00,1.00
2017.11.30 14:29:12.872,1.32681,1.32696,1.25,1.00
2017.11.30 14:29:13.591,1.32682,1.32696,1.00,1.00
2017.11.30 14:29:17.386,1.3268,1.32696,1.50,1.00
2017.11.30 14:29:18.036,1.32679,1.32696,1.00,1.00
2017.11.30 14:29:18.284,1.32685,1.32699,1.00,1.50
2017.11.30 14:29:18.337,1.32689,1.32706,1.00,1.50
2017.11.30 14:29:18.442,1.32693,1.32706,1.00,1.00
2017.11.30 14:29:18.546,1.3269,1.32706,1.00,1.00
2017.11.30 14:29:18.649,1.32687,1.32706,1.00,1.00
2017.11.30 14:29:19.162,1.32688,1.32705,1.00,1.00
2017.11.30 14:29:19.676,1.32688,1.32704,1.00,1.00
2017.11.30 14:29:20.631,1.32689,1.32705,1.00,1.50
2017.11.30 14:29:21.234,1.32687,1.32705,1.00,1.50
2017.11.30 14:29:21.466,1.32686,1.32702,1.00,1.50
2017.11.30 14:29:21.517,1.32684,1.32703,1.00,3.00
2017.11.30 14:29:21.569,1.32685,1.32701,1.00,1.50
2017.11.30 14:29:22.104,1.32685,1.32702,1.00,2.25
2017.11.30 14:29:22.420,1.32687,1.32703,1.00,1.50
2017.11.30 14:29:22.955,1.32688,1.32703,1.00,1.00
2017.11.30 14:29:24.226,1.32688,1.32705,1.00,1.00
2017.11.30 14:29:24.534,1.32692,1.32706,1.00,1.00
2017.11.30 14:29:24.693,1.32701,1.32717,1.50,1.00
2017.11.30 14:29:24.746,1.3271,1.32722,1.00,2.25
2017.11.30 14:29:24.798,1.32711,1.32724,1.00,1.00
2017.11.30 14:29:24.850,1.32712,1.32726,1.00,1.00
2017.11.30 14:29:25.367,1.32711,1.32727,1.00,1.00
2017.11.30 14:29:25.726,1.32707,1.32724,1.00,1.00
2017.11.30 14:29:25.830,1.3271,1.32726,1.00,1.50
2017.11.30 14:29:26.346,1.32711,1.32726,1.00,1.00
2017.11.30 14:29:26.810,1.32713,1.3273,1.00,4.12
2017.11.30 14:29:27.004,1.32711,1.32727,1.00,1.00
2017.11.30 14:29:27.674,1.32709,1.32727,1.00,1.00
2017.11.30 14:29:28.313,1.32707,1.32727,1.31,1.00
2017.11.30 14:29:28.979,1.32709,1.32725,1.00,1.00
2017.11.30 14:29:31.120,1.32708,1.32727,1.00,1.00
2017.11.30 14:29:31.273,1.32712,1.32728,1.00,1.00
2017.11.30 14:29:31.494,1.32713,1.3273,1.00,1.50
2017.11.30 14:29:31.954,1.32718,1.32734,1.00,1.87
2017.11.30 14:29:32.058,1.32724,1.3274,1.00,1.00
2017.11.30 14:29:32.161,1.32721,1.32737,1.00,1.00
2017.11.30 14:29:32.430,1.32715,1.32732,1.87,1.00
2017.11.30 14:29:32.481,1.32716,1.32734,1.00,1.00
2017.11.30 14:29:33.030,1.32716,1.32735,1.00,1.00
2017.11.30 14:29:33.197,1.32718,1.32734,1.00,1.00
2017.11.30 14:29:33.411,1.32713,1.3273,1.00,1.00
2017.11.30 14:29:33.463,1.32711,1.32727,1.00,1.00
2017.11.30 14:29:33.516,1.32708,1.32726,1.00,1.25
2017.11.30 14:29:34.028,1.32709,1.32726,1.00,1.50
2017.11.30 14:29:34.640,1.32708,1.32726,1.00,1.50
2017.11.30 14:29:35.142,1.32707,1.32725,1.00,1.00
2017.11.30 14:29:35.641,1.32705,1.32727,1.37,2.62
2017.11.30 14:29:35.693,1.32707,1.32727,1.69,1.87
2017.11.30 14:29:35.799,1.32711,1.32731,3.37,1.00
2017.11.30 14:29:36.209,1.3271,1.32727,1.00,1.00
2017.11.30 14:29:36.312,1.32705,1.32725,3.00,1.00
2017.11.30 14:29:36.416,1.32705,1.32723,3.00,1.00
2017.11.30 14:29:36.724,1.32705,1.32725,2.25,1.00
2017.11.30 14:29:37.274,1.32707,1.32724,1.00,1.00
2017.11.30 14:29:37.805,1.32705,1.32723,3.00,1.00
2017.11.30 14:29:38.340,1.32705,1.32724,2.25,1.00
2017.11.30 14:29:38.647,1.32706,1.32726,1.00,1.69
2017.11.30 14:29:41.333,1.32706,1.32724,1.00,1.00
2017.11.30 14:29:43.886,1.32707,1.32725,1.00,1.00
2017.11.30 14:29:43.938,1.32707,1.32727,1.00,1.50
2017.11.30 14:29:44.041,1.32711,1.32727,1.00,1.50
2017.11.30 14:29:44.145,1.32709,1.32729,1.00,2.25
2017.11.30 14:29:44.403,1.32711,1.32729,1.00,1.50
2017.11.30 14:29:44.691,1.32708,1.32727,1.00,1.00
2017.11.30 14:29:45.206,1.32707,1.32726,2.25,1.00
2017.11.30 14:29:45.742,1.32708,1.32726,1.00,1.00
2017.11.30 14:29:45.794,1.32707,1.32724,1.00,1.00
2017.11.30 14:29:46.643,1.32707,1.32725,1.50,1.00
2017.11.30 14:29:48.113,1.32712,1.32729,1.00,1.00
2017.11.30 14:29:48.220,1.32712,1.32731,1.00,1.00
2017.11.30 14:29:48.324,1.32714,1.32732,1.00,1.00
2017.11.30 14:29:49.085,1.32713,1.32731,1.12,1.00
2017.11.30 14:29:49.634,1.32712,1.3273,1.12,1.00
2017.11.30 14:29:49.686,1.32712,1.32732,1.12,1.00
2017.11.30 14:29:49.941,1.32712,1.3273,1.12,1.00
2017.11.30 14:29:50.414,1.32709,1.32729,2.62,1.00
2017.11.30 14:29:50.959,1.32709,1.32728,1.50,1.00
2017.11.30 14:29:51.507,1.32708,1.32726,3.37,1.00
2017.11.30 14:29:52.020,1.32708,1.32727,1.87,1.00
2017.11.30 14:29:52.578,1.32708,1.32728,1.87,1.00
2017.11.30 14:29:52.885,1.32711,1.32731,2.25,1.00
2017.11.30 14:29:53.266,1.32711,1.32728,1.00,1.00
2017.11.30 14:29:53.612,1.3271,1.3273,1.37,1.00
2017.11.30 14:29:54.468,1.32711,1.32731,1.12,1.00
2017.11.30 14:29:56.316,1.32711,1.32729,1.12,1.00
2017.11.30 14:29:56.666,1.32705,1.32725,3.75,1.00
2017.11.30 14:29:56.925,1.32706,1.32722,1.50,1.00
2017.11.30 14:29:57.922,1.32703,1.32721,1.87,1.00
2017.11.30 14:29:57.973,1.32705,1.32721,1.00,1.00
2017.11.30 14:29:58.127,1.32703,1.32722,1.12,1.00
2017.11.30 14:30:00.097,1.32704,1.32722,1.00,1.00
2017.11.30 14:30:00.221,1.32702,1.3272,3.00,1.00
2017.11.30 14:30:00.417,1.32702,1.32722,1.87,1.00
2017.11.30 14:30:00.469,1.32707,1.32726,1.00,2.25
2017.11.30 14:30:00.627,1.32705,1.32725,2.62,1.00
2017.11.30 14:30:00.749,1.32706,1.32725,1.87,1.00
2017.11.30 14:30:01.212,1.32707,1.32727,1.12,1.00
2017.11.30 14:30:02.489,1.32708,1.32726,1.00,1.00
2017.11.30 14:30:02.752,1.32711,1.32728,1.00,1.00
2017.11.30 14:30:02.805,1.32711,1.3273,1.50,1.00
2017.11.30 14:30:03.413,1.32711,1.32729,1.50,1.00
2017.11.30 14:30:03.516,1.32716,1.32729,1.00,1.00
2017.11.30 14:30:03.898,1.3271,1.32727,1.00,1.00
2017.11.30 14:30:04.650,1.32711,1.32727,1.00,1.00
2017.11.30 14:30:05.844,1.3271,1.32727,1.00,1.00
2017.11.30 14:30:06.788,1.3271,1.32726,1.00,1.00
2017.11.30 14:30:06.840,1.32707,1.32726,1.50,1.00
2017.11.30 14:30:07.095,1.3271,1.32725,1.00,1.00
2017.11.30 14:30:07.198,1.32706,1.32725,1.00,1.00
2017.11.30 14:30:07.347,1.32711,1.32725,1.00,1.00
2017.11.30 14:30:07.400,1.32705,1.32723,1.00,1.50
2017.11.30 14:30:07.914,1.32706,1.32724,1.00,1.00
2017.11.30 14:30:08.367,1.32706,1.32726,1.50,1.87
2017.11.30 14:30:08.571,1.32708,1.32726,1.00,1.50
2017.11.30 14:30:08.778,1.32706,1.32725,1.50,1.00
2017.11.30 14:30:08.829,1.32706,1.32723,1.50,1.00
2017.11.30 14:30:09.376,1.32707,1.32723,1.00,1.00
2017.11.30 14:30:10.114,1.32706,1.32723,1.50,1.00
2017.11.30 14:30:10.694,1.32706,1.32724,1.50,1.00
2017.11.30 14:30:12.028,1.32707,1.32725,1.00,1.00
2017.11.30 14:30:13.822,1.32708,1.32726,1.00,1.00
2017.11.30 14:30:14.741,1.32708,1.32728,1.12,1.50
2017.11.30 14:30:14.963,1.32707,1.32726,2.62,1.00
2017.11.30 14:30:15.464,1.32707,1.32725,1.87,1.00
2017.11.30 14:30:16.070,1.32708,1.32726,1.12,1.00
2017.11.30 14:30:16.581,1.32709,1.32727,1.50,1.00
2017.11.30 14:30:17.405,1.3271,1.32727,1.00,1.00
2017.11.30 14:30:17.783,1.32708,1.32727,1.12,1.00
2017.11.30 14:30:17.885,1.32708,1.32725,1.12,1.00
2017.11.30 14:30:17.988,1.32708,1.32727,1.12,1.00
2017.11.30 14:30:18.396,1.32711,1.32727,1.00,1.00
2017.11.30 14:30:18.758,1.32716,1.32728,1.00,1.00
2017.11.30 14:30:18.956,1.32711,1.32728,1.00,1.00
2017.11.30 14:30:19.514,1.32715,1.32729,1.12,1.50
2017.11.30 14:30:19.566,1.32717,1.32736,1.12,1.00
2017.11.30 14:30:20.171,1.32717,1.32737,1.12,1.00
2017.11.30 14:30:20.720,1.32717,1.32737,1.50,1.00
2017.11.30 14:30:21.236,1.32719,1.32737,1.87,1.00
2017.11.30 14:30:23.475,1.32718,1.32736,2.25,1.30
2017.11.30 14:30:23.783,1.32717,1.32738,1.50,1.19
2017.11.30 14:30:23.835,1.32717,1.32735,1.00,1.30
2017.11.30 14:30:24.040,1.32717,1.32737,1.00,1.69
2017.11.30 14:30:24.596,1.32716,1.32736,2.62,1.30
2017.11.30 14:30:24.978,1.32718,1.32736,1.37,1.00
2017.11.30 14:30:25.969,1.32719,1.32735,1.00,1.00
2017.11.30 14:30:26.503,1.32719,1.32736,1.00,1.00
2017.11.30 14:30:27.012,1.32719,1.32738,1.00,1.69
2017.11.30 14:30:28.941,1.3272,1.32738,1.12,1.00
2017.11.30 14:30:29.452,1.32721,1.32739,1.87,1.00
2017.11.30 14:30:30.167,1.32722,1.3274,1.50,1.00
2017.11.30 14:30:30.692,1.32723,1.3274,1.37,1.00
2017.11.30 14:30:31.281,1.32723,1.32741,1.87,1.25
2017.11.30 14:30:33.322,1.32723,1.32742,1.37,1.00
2017.11.30 14:30:33.653,1.32723,1.3274,1.37,1.00
2017.11.30 14:30:33.861,1.32726,1.32743,1.00,1.00
2017.11.30 14:30:34.187,1.32725,1.32739,1.37,1.25
2017.11.30 14:30:34.239,1.32719,1.32734,1.87,1.00
2017.11.30 14:30:34.292,1.32717,1.32732,1.37,1.00
2017.11.30 14:30:34.344,1.32715,1.32732,1.50,1.00
2017.11.30 14:30:34.396,1.32713,1.32732,2.62,1.50
2017.11.30 14:30:34.938,1.32713,1.32731,1.87,1.00
2017.11.30 14:30:34.990,1.32714,1.32733,1.37,2.44
2017.11.30 14:30:35.456,1.32716,1.32733,1.50,1.69
2017.11.30 14:30:35.970,1.32717,1.32734,1.00,1.00
2017.11.30 14:30:38.657,1.32718,1.32734,1.37,1.50
2017.11.30 14:30:39.170,1.32718,1.32734,1.12,1.00
2017.11.30 14:30:39.883,1.32718,1.32735,1.12,1.50
2017.11.30 14:30:40.129,1.32716,1.32735,1.50,1.50
2017.11.30 14:30:40.916,1.32719,1.32735,1.37,1.00
2017.11.30 14:30:41.299,1.32719,1.32737,1.87,1.00
2017.11.30 14:30:41.351,1.32719,1.32737,1.12,1.00
2017.11.30 14:30:41.660,1.32718,1.32734,1.37,1.00
2017.11.30 14:30:41.715,1.32717,1.32736,1.00,1.00
2017.11.30 14:30:41.767,1.32715,1.32733,2.62,1.00
2017.11.30 14:30:42.123,1.32715,1.32729,1.00,1.00
2017.11.30 14:30:42.475,1.3271,1.32729,1.12,1.00
2017.11.30 14:30:42.685,1.32709,1.32727,1.87,1.00
2017.11.30 14:30:43.709,1.32713,1.32728,1.00,1.00
2017.11.30 14:30:43.952,1.32714,1.32731,1.00,1.00
2017.11.30 14:30:44.574,1.32713,1.32731,2.25,1.00
2017.11.30 14:30:44.727,1.32714,1.32733,1.00,1.50
2017.11.30 14:30:45.270,1.32712,1.3273,2.62,1.00
2017.11.30 14:30:45.813,1.32711,1.3273,2.25,1.00
2017.11.30 14:30:46.316,1.32711,1.32729,2.25,1.00
2017.11.30 14:30:46.625,1.32714,1.3273,1.37,1.00
2017.11.30 14:30:47.165,1.32714,1.32731,1.37,1.00
2017.11.30 14:30:48.800,1.32715,1.32734,1.00,1.00
2017.11.30 14:30:48.854,1.32718,1.32736,2.62,1.00
2017.11.30 14:30:49.371,1.32718,1.32734,1.37,1.00
2017.11.30 14:30:49.883,1.32716,1.32733,1.12,1.00
2017.11.30 14:30:50.426,1.32716,1.32734,1.12,1.50
2017.11.30 14:30:50.687,1.32715,1.32734,1.50,1.00
2017.11.30 14:30:50.892,1.32714,1.32732,2.62,1.00
2017.11.30 14:30:51.099,1.32718,1.32736,1.00,1.00
2017.11.30 14:30:51.522,1.32723,1.32742,1.00,3.75
2017.11.30 14:30:51.625,1.32726,1.32745,1.50,1.00
2017.11.30 14:30:51.678,1.32727,1.32747,1.00,1.00
2017.11.30 14:30:51.986,1.32726,1.32744,1.50,1.00
2017.11.30 14:30:52.495,1.32725,1.32743,1.00,1.00
2017.11.30 14:30:53.237,1.32725,1.32742,1.37,1.00
2017.11.30 14:30:53.548,1.32721,1.32738,1.37,1.25
2017.11.30 14:30:54.081,1.32721,1.32739,1.37,1.69
2017.11.30 14:30:54.619,1.32721,1.32738,1.87,1.00
2017.11.30 14:30:55.164,1.32721,1.32739,1.87,1.00
2017.11.30 14:30:56.070,1.32721,1.32739,1.00,1.12
2017.11.30 14:30:56.620,1.3272,1.32738,1.00,1.00
2017.11.30 14:30:57.140,1.32719,1.32737,1.00,1.00
2017.11.30 14:30:57.192,1.32719,1.32739,1.50,1.00
2017.11.30 14:30:57.414,1.32721,1.32739,1.00,1.00
2017.11.30 14:30:57.915,1.32722,1.3274,1.00,1.00
2017.11.30 14:30:58.618,1.32721,1.32739,1.12,1.00
2017.11.30 14:30:59.319,1.32722,1.3274,1.00,1.00
2017.11.30 14:30:59.627,1.32726,1.32741,1.00,1.50
2017.11.30 14:30:59.943,1.32723,1.32741,1.37,1.00
2017.11.30 14:31:00.313,1.32722,1.32739,1.37,1.00
2017.11.30 14:31:00.580,1.32722,1.32741,2.62,1.50
2017.11.30 14:31:00.632,1.32723,1.32738,1.87,1.00
2017.11.30 14:31:00.685,1.32722,1.3274,1.00,1.00
2017.11.30 14:31:00.805,1.32721,1.32738,1.00,1.00
2017.11.30 14:31:01.360,1.32721,1.32739,1.37,1.00
2017.11.30 14:31:02.257,1.32719,1.32739,1.50,1.00
2017.11.30 14:31:02.309,1.32719,1.32737,1.50,1.00
2017.11.30 14:31:02.820,1.32718,1.32736,1.50,1.00
2017.11.30 14:31:03.129,1.32718,1.32734,1.00,1.00
2017.11.30 14:31:03.232,1.32715,1.32734,1.00,1.00
2017.11.30 14:31:03.919,1.32716,1.32734,1.00,1.00
2017.11.30 14:31:04.429,1.32717,1.32735,1.00,1.00
2017.11.30 14:31:05.022,1.32717,1.32735,1.50,1.00
2017.11.30 14:31:05.701,1.32717,1.32735,1.12,1.00
2017.11.30 14:31:07.377,1.32718,1.32736,1.00,1.00
2017.11.30 14:31:07.481,1.32718,1.32738,1.00,1.50
2017.11.30 14:31:08.189,1.32718,1.32736,1.12,1.00
2017.11.30 14:31:08.838,1.32718,1.32738,1.12,1.50
2017.11.30 14:31:09.109,1.3272,1.32738,1.00,1.50
2017.11.30 14:31:09.566,1.32716,1.32733,1.00,1.00
2017.11.30 14:31:09.893,1.32713,1.32731,1.12,1.50
2017.11.30 14:31:10.574,1.32713,1.3273,1.12,1.00
2017.11.30 14:31:11.265,1.32717,1.32734,1.50,1.87
2017.11.30 14:31:11.782,1.32718,1.32735,1.37,1.00
2017.11.30 14:31:12.344,1.32717,1.32735,1.37,1.00
2017.11.30 14:31:13.070,1.32718,1.32736,1.12,1.00
2017.11.30 14:31:13.702,1.32719,1.32737,1.50,1.00
2017.11.30 14:31:14.036,1.32723,1.32739,1.37,1.00
2017.11.30 14:31:14.611,1.32723,1.3274,1.37,1.00
2017.11.30 14:31:15.127,1.32723,1.32739,1.37,1.00
2017.11.30 14:31:16.666,1.32722,1.3274,1.00,1.50
2017.11.30 14:31:17.190,1.32722,1.32739,1.00,1.50
2017.11.30 14:31:18.096,1.32722,1.3274,1.00,1.50
2017.11.30 14:31:18.301,1.32722,1.32738,1.00,1.00
2017.11.30 14:31:18.731,1.32722,1.3274,1.00,1.50
2017.11.30 14:31:19.282,1.32722,1.32739,1.00,1.00
2017.11.30 14:31:21.612,1.32722,1.3274,1.00,1.00
2017.11.30 14:31:24.027,1.32722,1.32739,1.00,1.00
2017.11.30 14:31:24.670,1.32722,1.32738,1.00,1.00
2017.11.30 14:31:24.721,1.3272,1.32739,1.50,1.00
2017.11.30 14:31:25.004,1.32719,1.32737,1.50,1.00
2017.11.30 14:31:25.514,1.32719,1.32735,1.00,1.00
2017.11.30 14:31:26.032,1.32715,1.32732,1.87,1.00
2017.11.30 14:31:26.137,1.32712,1.3273,1.50,1.00
2017.11.30 14:31:26.670,1.32712,1.32731,1.50,1.00
2017.11.30 14:31:27.179,1.32714,1.32731,1.00,1.00
2017.11.30 14:31:27.603,1.32717,1.32732,1.00,1.00
2017.11.30 14:31:27.656,1.3272,1.32737,1.00,1.00
2017.11.30 14:31:29.239,1.32721,1.32738,1.00,2.25
2017.11.30 14:31:30.324,1.3272,1.32739,1.87,1.50
2017.11.30 14:31:30.837,1.3272,1.32738,1.87,1.00
2017.11.30 14:31:31.443,1.3272,1.32739,1.87,1.50
2017.11.30 14:31:31.951,1.3272,1.32738,1.87,1.00
2017.11.30 14:31:32.523,1.3272,1.32737,1.87,1.00
2017.11.30 14:31:35.444,1.3272,1.32737,1.00,1.50
2017.11.30 14:31:37.502,1.3272,1.32738,1.00,1.12
2017.11.30 14:31:37.604,1.32719,1.32736,1.00,1.00
2017.11.30 14:31:37.926,1.3272,1.32733,1.00,1.00
2017.11.30 14:31:38.190,1.32716,1.3273,1.00,1.00
2017.11.30 14:31:38.294,1.32713,1.3273,1.87,1.00
2017.11.30 14:31:39.208,1.32715,1.3273,1.00,1.00
2017.11.30 14:31:39.736,1.32714,1.32729,1.00,1.00
2017.11.30 14:31:40.266,1.32715,1.32729,1.00,1.00
2017.11.30 14:31:40.876,1.32715,1.3273,1.00,1.00
2017.11.30 14:31:41.536,1.32715,1.32729,1.00,1.00
2017.11.30 14:31:42.759,1.32715,1.3273,1.00,1.00
2017.11.30 14:31:43.341,1.32715,1.32729,1.00,1.00
2017.11.30 14:31:43.866,1.32715,1.3273,1.00,1.00
2017.11.30 14:31:44.607,1.32715,1.32729,1.00,1.00
2017.11.30 14:31:45.565,1.32715,1.3273,1.00,1.00
2017.11.30 14:31:46.092,1.32714,1.32729,1.00,1.00
2017.11.30 14:31:46.541,1.32715,1.32732,1.00,1.87
2017.11.30 14:31:46.644,1.32712,1.32729,1.12,1.00
2017.11.30 14:31:47.156,1.32714,1.32729,1.00,1.00
2017.11.30 14:31:47.666,1.32713,1.32729,1.00,1.00
2017.11.30 14:31:48.186,1.32712,1.32729,1.00,3.37
2017.11.30 14:31:48.697,1.32713,1.32727,1.00,1.00
2017.11.30 14:31:48.949,1.32704,1.32722,1.00,1.87
2017.11.30 14:31:49.002,1.32704,1.3272,1.00,1.00
2017.11.30 14:31:49.105,1.32702,1.32719,1.00,1.00
2017.11.30 14:31:49.634,1.32702,1.3272,1.00,1.25
2017.11.30 14:31:50.158,1.32702,1.32719,1.00,1.00
2017.11.30 14:31:50.261,1.32702,1.32721,1.00,1.31
2017.11.30 14:31:50.451,1.32707,1.32723,1.00,3.00
2017.11.30 14:31:50.505,1.32705,1.32722,1.12,1.00
2017.11.30 14:31:50.610,1.32707,1.32724,1.00,3.19
2017.11.30 14:31:51.239,1.32707,1.32724,1.00,1.69
2017.11.30 14:31:51.579,1.32709,1.32724,1.00,1.00
2017.11.30 14:31:52.766,1.32705,1.32721,1.00,1.00
2017.11.30 14:31:52.819,1.32702,1.32719,1.12,1.00
2017.11.30 14:31:53.328,1.32701,1.32719,1.00,1.50
2017.11.30 14:31:53.686,1.32701,1.32715,1.00,1.00
2017.11.30 14:31:53.839,1.32701,1.32719,1.00,1.50
2017.11.30 14:31:54.286,1.32706,1.3272,1.00,1.00
2017.11.30 14:31:54.338,1.32707,1.32722,1.00,2.25
2017.11.30 14:31:54.858,1.32704,1.3272,1.37,1.00
2017.11.30 14:31:54.911,1.32703,1.32719,1.00,1.00
2017.11.30 14:31:55.447,1.32704,1.32719,1.00,1.00
2017.11.30 14:31:55.946,1.32704,1.32721,1.00,1.00
2017.11.30 14:31:56.662,1.32702,1.32719,1.00,1.00
2017.11.30 14:31:57.166,1.32703,1.32718,1.00,1.00
2017.11.30 14:31:57.402,1.32704,1.3272,1.00,1.00
2017.11.30 14:31:57.505,1.32706,1.3272,1.00,1.00
2017.11.30 14:31:57.556,1.32706,1.32722,1.00,1.00
2017.11.30 14:31:57.801,1.32706,1.32718,1.00,1.00
2017.11.30 14:31:57.866,1.32703,1.32718,1.00,1.00
2017.11.30 14:31:58.070,1.32703,1.3272,1.00,1.50
2017.11.30 14:31:58.172,1.32701,1.3272,1.00,2.25
2017.11.30 14:32:00.103,1.32704,1.32719,1.00,1.12
2017.11.30 14:32:00.156,1.32705,1.32722,1.00,1.50
2017.11.30 14:32:00.311,1.32705,1.32719,1.00,1.00
2017.11.30 14:32:00.465,1.32707,1.32722,1.00,1.50
2017.11.30 14:32:00.975,1.327,1.32719,3.00,1.50
2017.11.30 14:32:01.027,1.32701,1.32716,1.12,1.00
2017.11.30 14:32:01.208,1.32698,1.32714,1.00,1.00
2017.11.30 14:32:01.260,1.32696,1.32714,1.12,1.25
2017.11.30 14:32:01.777,1.32697,1.32714,1.00,1.00
2017.11.30 14:32:02.337,1.32698,1.32714,1.00,1.00
2017.11.30 14:32:02.848,1.32699,1.32714,1.00,1.00
2017.11.30 14:32:03.399,1.32699,1.32715,1.00,1.00
2017.11.30 14:32:05.230,1.32697,1.32714,1.00,1.50
2017.11.30 14:32:06.158,1.32697,1.32712,1.00,1.00
2017.11.30 14:32:06.261,1.32697,1.32714,1.00,1.50
2017.11.30 14:32:06.365,1.32699,1.32714,1.00,1.00
2017.11.30 14:32:07.179,1.32698,1.32714,1.00,1.00
2017.11.30 14:32:07.697,1.32693,1.32709,1.00,1.00
2017.11.30 14:32:08.013,1.32691,1.32706,1.00,1.00
2017.11.30 14:32:08.684,1.32691,1.32707,1.00,1.00
2017.11.30 14:32:09.223,1.32691,1.32708,1.00,1.87
2017.11.30 14:32:09.541,1.32694,1.3271,1.00,1.37
2017.11.30 14:32:09.593,1.32694,1.32711,1.00,1.12
2017.11.30 14:32:10.444,1.32695,1.32712,1.00,1.12
2017.11.30 14:32:10.600,1.32694,1.3271,1.00,1.00
2017.11.30 14:32:10.754,1.32692,1.3271,1.00,1.00
2017.11.30 14:32:11.418,1.32695,1.32711,1.00,1.00
2017.11.30 14:32:11.521,1.32695,1.32713,1.00,1.50
2017.11.30 14:32:12.035,1.32695,1.32711,1.00,1.00
2017.11.30 14:32:12.091,1.32695,1.32713,1.00,1.12
2017.11.30 14:32:13.206,1.32697,1.32714,2.25,3.37
2017.11.30 14:32:14.444,1.32696,1.32713,1.00,1.12
2017.11.30 14:32:15.068,1.32696,1.32714,1.30,1.87
2017.11.30 14:32:15.376,1.32699,1.32717,1.00,1.50
2017.11.30 14:32:15.814,1.32703,1.32719,1.00,1.87
2017.11.30 14:32:15.866,1.32701,1.32719,1.50,1.87
2017.11.30 14:32:16.574,1.32702,1.32719,1.00,1.50
2017.11.30 14:32:18.418,1.32702,1.3272,1.86,2.62
2017.11.30 14:32:18.470,1.32704,1.3272,1.30,2.62
2017.11.30 14:32:18.701,1.32701,1.32717,1.68,1.00
2017.11.30 14:32:19.210,1.32702,1.32718,1.00,1.00
2017.11.30 14:32:20.130,1.32701,1.32717,1.12,1.00
2017.11.30 14:32:20.452,1.32703,1.3272,1.00,2.62
2017.11.30 14:32:20.958,1.32702,1.32718,1.11,1.00
2017.11.30 14:32:21.417,1.327,1.32719,1.00,1.87
2017.11.30 14:32:21.891,1.32705,1.3272,1.00,1.50
2017.11.30 14:32:22.405,1.32704,1.32722,1.00,1.37
2017.11.30 14:32:23.001,1.32704,1.32722,2.61,1.37
2017.11.30 14:32:23.531,1.32706,1.32724,1.00,3.75
2017.11.30 14:32:24.057,1.32708,1.32724,1.00,3.00
2017.11.30 14:32:24.561,1.32708,1.32724,1.00,1.50
2017.11.30 14:32:25.025,1.32706,1.32724,1.00,1.00
2017.11.30 14:32:25.241,1.32708,1.32724,1.00,1.00
2017.11.30 14:32:25.754,1.32709,1.32725,1.00,1.00
2017.11.30 14:32:26.292,1.32708,1.32725,1.00,1.50
2017.11.30 14:32:26.902,1.32708,1.32724,1.00,1.00
2017.11.30 14:32:27.654,1.32709,1.32724,1.00,1.00
2017.11.30 14:32:28.187,1.3271,1.32724,1.00,1.00
2017.11.30 14:32:28.501,1.3271,1.32728,1.00,1.50
2017.11.30 14:32:28.554,1.32712,1.32728,1.00,1.50
2017.11.30 14:32:28.813,1.3271,1.32728,1.00,1.00
2017.11.30 14:32:29.876,1.32711,1.32727,1.00,1.00
2017.11.30 14:32:32.223,1.32711,1.32726,1.00,1.00
2017.11.30 14:32:32.995,1.32711,1.32727,1.00,1.50
2017.11.30 14:32:33.528,1.3271,1.32726,1.00,1.00
2017.11.30 14:32:33.947,1.32708,1.32726,1.87,1.00
2017.11.30 14:32:35.442,1.3271,1.32726,1.00,1.50
2017.11.30 14:32:36.084,1.32709,1.32726,1.30,1.50
2017.11.30 14:32:36.644,1.32709,1.32725,1.00,1.00
2017.11.30 14:32:37.153,1.3271,1.32724,1.00,1.00
2017.11.30 14:32:37.701,1.32708,1.32724,2.98,1.00
2017.11.30 14:32:39.142,1.32708,1.32726,2.98,1.00
2017.11.30 14:32:39.250,1.32708,1.32724,2.98,1.00
2017.11.30 14:32:39.565,1.3271,1.32724,1.00,1.00
2017.11.30 14:32:39.670,1.32708,1.32725,1.87,1.00
2017.11.30 14:32:40.234,1.32711,1.32725,1.00,1.00
2017.11.30 14:32:40.489,1.32709,1.32725,1.00,1.00
2017.11.30 14:32:40.757,1.32709,1.32727,1.00,1.50
2017.11.30 14:32:40.809,1.32711,1.32726,1.00,1.00
2017.11.30 14:32:41.123,1.32725,1.32738,1.00,1.00
2017.11.30 14:32:41.279,1.32725,1.3274,1.00,1.12
2017.11.30 14:32:41.994,1.32721,1.32736,2.05,1.00
2017.11.30 14:32:42.148,1.3272,1.32738,3.73,1.12
2017.11.30 14:32:42.352,1.3272,1.32736,4.48,1.00
2017.11.30 14:32:42.455,1.3272,1.32738,4.48,1.12
2017.11.30 14:32:42.507,1.32723,1.3274,1.00,1.50
2017.11.30 14:32:43.055,1.32722,1.3274,1.00,1.00
2017.11.30 14:32:43.615,1.32723,1.32741,1.00,1.00
2017.11.30 14:32:43.951,1.32723,1.32739,1.00,1.00
2017.11.30 14:32:44.736,1.32722,1.32738,1.30,1.00
2017.11.30 14:32:46.050,1.32723,1.32739,1.00,1.50
2017.11.30 14:32:46.204,1.32723,1.32741,1.00,1.00
2017.11.30 14:32:46.678,1.32723,1.32739,1.00,1.00
2017.11.30 14:32:47.208,1.32724,1.32741,1.00,1.00
2017.11.30 14:32:48.269,1.32724,1.3274,1.00,1.00
2017.11.30 14:32:48.803,1.32724,1.32739,1.50,1.00
2017.11.30 14:32:49.315,1.32724,1.3274,1.50,1.00
2017.11.30 14:32:49.684,1.32725,1.32742,1.00,1.00
2017.11.30 14:32:50.394,1.32726,1.32742,1.00,1.00
2017.11.30 14:32:50.606,1.32725,1.32744,2.05,1.00
2017.11.30 14:32:50.658,1.32725,1.32742,2.05,1.00
2017.11.30 14:32:50.914,1.32724,1.32741,1.50,1.00
2017.11.30 14:32:51.324,1.32723,1.32739,1.37,1.00
2017.11.30 14:32:51.548,1.32722,1.32738,1.00,1.00
2017.11.30 14:32:52.060,1.32721,1.32736,1.00,1.00
2017.11.30 14:32:52.425,1.32721,1.32734,1.00,1.00
2017.11.30 14:32:52.960,1.32721,1.32736,1.00,1.50
2017.11.30 14:32:53.012,1.32723,1.32737,1.00,1.50
2017.11.30 14:32:53.164,1.32726,1.32742,3.00,1.00
2017.11.30 14:32:53.318,1.32726,1.32744,3.75,1.50
2017.11.30 14:32:53.852,1.32726,1.32743,2.25,1.50
2017.11.30 14:32:54.136,1.32726,1.32741,2.80,1.00
2017.11.30 14:32:54.445,1.32719,1.32735,1.00,1.00
2017.11.30 14:32:54.972,1.32718,1.32735,1.00,1.50
2017.11.30 14:32:55.024,1.32716,1.32734,1.12,1.00
2017.11.30 14:32:55.180,1.32715,1.32732,1.30,1.00
2017.11.30 14:32:55.716,1.32717,1.32731,1.00,1.00
2017.11.30 14:32:55.922,1.32718,1.32734,1.00,1.50
2017.11.30 14:32:56.464,1.32719,1.32734,1.00,1.00
2017.11.30 14:32:57.006,1.32718,1.32734,1.00,1.50
2017.11.30 14:32:57.397,1.32716,1.32733,1.12,1.00
2017.11.30 14:32:58.211,1.32716,1.32734,1.00,1.00
2017.11.30 14:32:58.743,1.32715,1.32733,1.50,1.00
2017.11.30 14:32:58.845,1.32714,1.32732,1.00,1.00
2017.11.30 14:32:59.445,1.32715,1.32732,1.00,1.00
2017.11.30 14:32:59.649,1.32713,1.3273,3.18,1.00
2017.11.30 14:32:59.753,1.32709,1.32728,1.87,1.50
2017.11.30 14:33:00.233,1.3271,1.32726,1.00,1.00
2017.11.30 14:33:01.017,1.32708,1.32726,1.00,1.00
2017.11.30 14:33:01.125,1.3271,1.32726,1.00,1.00
2017.11.30 14:33:01.279,1.32711,1.32728,1.00,1.00
2017.11.30 14:33:01.331,1.32709,1.32726,1.00,1.00
2017.11.30 14:33:01.882,1.32709,1.32725,1.00,1.00
2017.11.30 14:33:02.255,1.32707,1.32724,1.00,1.00
2017.11.30 14:33:02.788,1.32705,1.32723,2.25,1.00
2017.11.30 14:33:03.302,1.32707,1.32723,1.00,1.00
2017.11.30 14:33:03.405,1.32707,1.32721,1.00,1.00
2017.11.30 14:33:03.715,1.32703,1.3271,1.00,1.00
2017.11.30 14:33:04.208,1.32697,1.3271,1.30,1.00
2017.11.30 14:33:04.403,1.32701,1.32715,1.00,1.00
2017.11.30 14:33:04.455,1.32698,1.32715,2.62,1.50
2017.11.30 14:33:04.508,1.32695,1.32708,2.61,1.00
2017.11.30 14:33:04.669,1.32693,1.32708,1.12,1.00
2017.11.30 14:33:04.723,1.32691,1.32702,1.75,1.00
2017.11.30 14:33:04.776,1.3269,1.32703,1.00,1.00
2017.11.30 14:33:05.273,1.32691,1.32706,1.00,1.12
2017.11.30 14:33:05.328,1.32687,1.32703,1.12,1.00
2017.11.30 14:33:05.389,1.32687,1.32699,1.00,1.00
2017.11.30 14:33:05.441,1.32687,1.32703,1.00,1.12
2017.11.30 14:33:05.921,1.32687,1.327,1.00,1.00
2017.11.30 14:33:06.025,1.32687,1.32704,1.00,1.87
2017.11.30 14:33:06.077,1.32687,1.32701,1.00,1.00
2017.11.30 14:33:06.589,1.32687,1.327,1.00,1.00
2017.11.30 14:33:06.991,1.32687,1.32698,1.00,1.00
2017.11.30 14:33:07.149,1.32682,1.32698,1.00,1.50
2017.11.30 14:33:07.308,1.32681,1.32699,1.00,1.00
2017.11.30 14:33:07.360,1.3268,1.32697,1.69,1.00
2017.11.30 14:33:07.665,1.32682,1.32698,2.05,1.00
2017.11.30 14:33:07.974,1.32684,1.327,1.00,1.00
2017.11.30 14:33:08.365,1.32683,1.32702,2.80,1.00
2017.11.30 14:33:08.417,1.32684,1.327,1.11,1.00
2017.11.30 14:33:08.776,1.32682,1.32699,1.30,1.00
2017.11.30 14:33:09.100,1.32683,1.32702,1.00,1.50
2017.11.30 14:33:09.629,1.32684,1.32701,2.05,1.00
2017.11.30 14:33:10.161,1.32685,1.32701,1.00,1.00
2017.11.30 14:33:10.708,1.32684,1.32701,1.68,1.00
2017.11.30 14:33:10.861,1.32686,1.32701,1.00,1.00
2017.11.30 14:33:11.474,1.32685,1.32701,1.86,1.00
2017.11.30 14:33:12.071,1.32683,1.32701,2.80,1.00
2017.11.30 14:33:12.653,1.32685,1.32701,1.00,1.00
2017.11.30 14:33:13.177,1.32685,1.32702,1.00,1.50
2017.11.30 14:33:13.984,1.32685,1.32701,1.00,1.00
2017.11.30 14:33:14.624,1.32686,1.32701,1.30,1.00
2017.11.30 14:33:14.676,1.32687,1.32705,1.00,1.00
2017.11.30 14:33:15.205,1.32687,1.32704,1.30,1.00
2017.11.30 14:33:15.528,1.32687,1.32702,1.00,1.00
2017.11.30 14:33:15.581,1.32684,1.32701,1.55,1.00
2017.11.30 14:33:16.041,1.32686,1.32703,1.25,1.00
2017.11.30 14:33:16.143,1.32685,1.32701,1.49,1.00
2017.11.30 14:33:16.907,1.32686,1.32701,1.11,1.00
2017.11.30 14:33:17.423,1.32684,1.32701,2.05,1.00
2017.11.30 14:33:17.533,1.32684,1.32701,1.50,1.00
2017.11.30 14:33:18.552,1.32685,1.32702,1.00,1.50
2017.11.30 14:33:19.049,1.32689,1.32706,1.00,1.00
2017.11.30 14:33:19.411,1.32687,1.32706,1.12,1.00
2017.11.30 14:33:19.925,1.32686,1.32705,1.50,1.00
2017.11.30 14:33:20.443,1.32688,1.32705,1.00,1.00
2017.11.30 14:33:20.676,1.32685,1.32702,1.11,1.00
2017.11.30 14:33:21.037,1.32683,1.32702,1.68,1.00
2017.11.30 14:33:21.687,1.32685,1.32703,1.00,1.87
2017.11.30 14:33:22.313,1.32685,1.32702,1.00,1.00
2017.11.30 14:33:22.845,1.32685,1.32703,1.00,1.50
2017.11.30 14:33:22.947,1.32684,1.32701,1.30,1.00
2017.11.30 14:33:23.455,1.32684,1.32702,1.86,1.50
2017.11.30 14:33:23.814,1.32683,1.327,2.05,1.00
2017.11.30 14:33:23.866,1.32687,1.32704,1.00,2.62
2017.11.30 14:33:23.971,1.32685,1.32702,1.00,1.00
2017.11.30 14:33:24.756,1.32685,1.32703,1.00,1.00
2017.11.30 14:33:25.086,1.32687,1.32705,1.00,2.25
2017.11.30 14:33:25.961,1.32687,1.32705,1.00,1.00
2017.11.30 14:33:27.215,1.32687,1.32704,1.00,1.00
2017.11.30 14:33:27.858,1.32685,1.32702,1.12,1.00
2017.11.30 14:33:28.449,1.32689,1.32705,1.00,1.50
2017.11.30 14:33:29.072,1.32688,1.32705,1.00,1.00
2017.11.30 14:33:29.598,1.32687,1.32705,1.00,1.00
2017.11.30 14:33:29.911,1.32689,1.32705,1.00,1.00
2017.11.30 14:33:29.962,1.32687,1.32705,1.00,1.00
2017.11.30 14:33:30.683,1.3269,1.32706,1.00,1.12
2017.11.30 14:33:30.944,1.32701,1.32719,1.00,1.87
2017.11.30 14:33:31.126,1.32698,1.32714,1.87,1.00
2017.11.30 14:33:31.231,1.32701,1.32719,1.00,1.00
2017.11.30 14:33:31.334,1.32703,1.3272,1.00,4.12
2017.11.30 14:33:31.863,1.32703,1.32719,1.00,1.00
2017.11.30 14:33:32.175,1.32705,1.32721,1.00,1.00
2017.11.30 14:33:32.721,1.32705,1.32722,1.00,1.00
2017.11.30 14:33:33.028,1.32705,1.32724,1.00,1.12
2017.11.30 14:33:33.084,1.32705,1.32722,1.00,1.00
2017.11.30 14:33:33.629,1.32705,1.32723,1.00,1.00
2017.11.30 14:33:34.413,1.32705,1.32722,1.00,1.00
2017.11.30 14:33:34.944,1.32704,1.32722,1.00,1.00
2017.11.30 14:33:35.475,1.32704,1.32723,1.00,1.50
2017.11.30 14:33:35.790,1.327,1.32717,1.00,1.00
2017.11.30 14:33:36.099,1.327,1.32714,1.00,1.00
2017.11.30 14:33:36.569,1.32698,1.32714,1.00,1.00
2017.11.30 14:33:36.674,1.32698,1.32718,1.00,1.12
2017.11.30 14:33:36.982,1.327,1.32719,1.00,1.00
2017.11.30 14:33:37.298,1.32708,1.32725,1.00,1.00
2017.11.30 14:33:37.452,1.32706,1.32725,1.00,1.50
2017.11.30 14:33:38.111,1.32707,1.32725,1.00,1.00
2017.11.30 14:33:38.551,1.32706,1.32723,1.00,1.00
2017.11.30 14:33:39.121,1.32707,1.32724,1.00,1.50
2017.11.30 14:33:39.848,1.32705,1.32722,1.00,1.00
2017.11.30 14:33:40.156,1.32704,1.32724,1.00,1.12
2017.11.30 14:33:40.208,1.32706,1.32723,1.00,1.00
2017.11.30 14:33:40.260,1.32706,1.32725,1.00,1.50
2017.11.30 14:33:40.363,1.32708,1.32725,1.00,1.50
2017.11.30 14:33:41.142,1.32709,1.32725,1.00,1.00
2017.11.30 14:33:41.650,1.32709,1.32726,1.00,2.62
2017.11.30 14:33:43.616,1.32708,1.32726,1.00,2.62
2017.11.30 14:33:44.130,1.32709,1.32726,1.00,1.00
2017.11.30 14:33:44.671,1.32709,1.32727,1.00,1.12
2017.11.30 14:33:45.194,1.32708,1.32728,1.69,2.62
2017.11.30 14:33:45.736,1.32707,1.32726,1.12,1.00
2017.11.30 14:33:46.733,1.32708,1.32725,1.00,1.00
2017.11.30 14:33:47.338,1.32706,1.32724,2.62,1.00
2017.11.30 14:33:47.842,1.32708,1.32725,1.00,1.00
2017.11.30 14:33:48.370,1.32708,1.32726,1.00,1.50
2017.11.30 14:33:48.893,1.32709,1.32726,1.00,1.00
2017.11.30 14:33:49.201,1.32711,1.32725,1.00,1.00
2017.11.30 14:33:49.252,1.32708,1.32726,1.50,1.00
2017.11.30 14:33:49.987,1.32708,1.32725,1.50,1.00
2017.11.30 14:33:50.676,1.32708,1.32726,1.00,1.00
2017.11.30 14:33:51.512,1.32709,1.32726,1.00,1.50
2017.11.30 14:33:52.097,1.32709,1.32725,1.00,1.00
2017.11.30 14:33:52.832,1.32708,1.32725,1.50,1.50
2017.11.30 14:33:52.884,1.3271,1.32726,1.00,1.00
2017.11.30 14:33:53.182,1.32708,1.32728,1.50,1.00
2017.11.30 14:33:53.233,1.32708,1.32725,1.00,1.50
2017.11.30 14:33:53.541,1.32706,1.32722,1.00,1.00
2017.11.30 14:33:54.113,1.32706,1.32723,1.00,1.00
2017.11.30 14:33:54.655,1.32706,1.32722,1.00,1.00
2017.11.30 14:33:54.975,1.32704,1.32722,1.00,2.25
2017.11.30 14:33:55.875,1.32704,1.3272,1.00,1.00
2017.11.30 14:33:56.030,1.32701,1.32718,1.12,1.00
2017.11.30 14:33:56.081,1.32703,1.32718,1.00,1.00
2017.11.30 14:33:56.339,1.32707,1.32723,1.12,1.00
2017.11.30 14:33:56.390,1.32705,1.32723,2.25,1.00
2017.11.30 14:33:56.442,1.32706,1.32725,1.00,1.00
2017.11.30 14:33:56.660,1.32708,1.32725,1.00,1.00
2017.11.30 14:33:56.952,1.32706,1.32725,1.00,1.00
2017.11.30 14:33:57.210,1.32704,1.32723,2.62,1.00
2017.11.30 14:33:57.530,1.32705,1.32721,1.00,1.00
2017.11.30 14:33:57.684,1.32705,1.32723,1.00,1.50
2017.11.30 14:33:57.788,1.32703,1.32722,1.00,1.00
2017.11.30 14:33:58.177,1.327,1.32718,2.62,1.00
2017.11.30 14:33:58.503,1.32697,1.32714,1.50,1.50
2017.11.30 14:33:59.032,1.32697,1.32715,1.00,1.00
2017.11.30 14:33:59.340,1.32701,1.32718,1.00,1.12
2017.11.30 14:33:59.650,1.32701,1.32714,1.25,1.00
2017.11.30 14:33:59.857,1.32698,1.32714,1.50,1.00
2017.11.30 14:34:00.062,1.327,1.32714,1.00,1.00
2017.11.30 14:34:00.600,1.32699,1.32714,1.00,1.00
2017.11.30 14:34:00.653,1.327,1.32716,1.25,1.00
2017.11.30 14:34:00.706,1.327,1.32718,1.25,1.12
2017.11.30 14:34:01.369,1.327,1.32715,1.00,1.00
2017.11.30 14:34:02.105,1.327,1.32716,1.00,1.12
2017.11.30 14:34:02.567,1.327,1.32718,1.19,1.87
2017.11.30 14:34:02.740,1.327,1.32714,1.19,1.00
2017.11.30 14:34:03.056,1.32699,1.32709,1.12,1.00
2017.11.30 14:34:03.108,1.32697,1.32714,2.25,1.00
2017.11.30 14:34:03.160,1.32695,1.32712,1.00,1.00
2017.11.30 14:34:03.262,1.32693,1.32713,1.50,1.00
2017.11.30 14:34:03.745,1.32691,1.32707,1.12,1.12
2017.11.30 14:34:03.852,1.32685,1.32704,1.00,1.50
2017.11.30 14:34:03.905,1.32685,1.32702,1.00,1.00
2017.11.30 14:34:04.008,1.32683,1.32701,1.00,1.00
2017.11.30 14:34:04.499,1.32684,1.32699,1.00,1.00
2017.11.30 14:34:04.705,1.32683,1.32701,1.00,1.87
2017.11.30 14:34:05.237,1.32682,1.32701,1.00,1.87
2017.11.30 14:34:06.054,1.32683,1.32701,1.00,1.12
2017.11.30 14:34:06.208,1.32683,1.32699,1.00,1.00
2017.11.30 14:34:06.431,1.32676,1.32693,1.00,1.50
2017.11.30 14:34:06.591,1.32679,1.32689,1.00,1.00
2017.11.30 14:34:06.644,1.32672,1.32685,1.50,1.00
2017.11.30 14:34:06.782,1.32669,1.32684,2.25,1.12
2017.11.30 14:34:06.864,1.32665,1.32676,1.00,1.00
2017.11.30 14:34:06.917,1.3266,1.32675,1.19,1.00
2017.11.30 14:34:07.471,1.32659,1.32676,2.06,1.50
2017.11.30 14:34:07.906,1.32659,1.32675,1.87,1.00
2017.11.30 14:34:08.298,1.32662,1.32676,1.00,1.50
2017.11.30 14:34:08.452,1.32662,1.32679,1.25,1.12
2017.11.30 14:34:08.504,1.32663,1.32677,1.00,1.00
2017.11.30 14:34:09.022,1.32661,1.32677,1.19,1.00
2017.11.30 14:34:09.321,1.32663,1.3268,1.00,1.50
2017.11.30 14:34:09.424,1.32665,1.32682,1.25,1.50
2017.11.30 14:34:09.733,1.32667,1.32684,1.00,1.00
2017.11.30 14:34:10.269,1.32668,1.32685,1.00,1.00
2017.11.30 14:34:10.463,1.32668,1.32687,1.50,1.00
2017.11.30 14:34:10.643,1.3267,1.32687,1.00,1.00
2017.11.30 14:34:11.155,1.32669,1.32686,1.00,1.00
2017.11.30 14:34:11.756,1.32667,1.32684,1.87,1.00
2017.11.30 14:34:11.863,1.32664,1.32683,3.19,1.00
2017.11.30 14:34:11.916,1.3267,1.32687,1.00,1.50
2017.11.30 14:34:12.260,1.3267,1.32689,1.00,1.50
2017.11.30 14:34:12.840,1.32668,1.32687,1.00,1.12
2017.11.30 14:34:13.176,1.32671,1.32689,1.00,1.50
2017.11.30 14:34:13.907,1.32669,1.32684,1.12,1.00
2017.11.30 14:34:13.959,1.32661,1.32678,1.00,1.00
2017.11.30 14:34:14.373,1.32659,1.32676,1.50,1.00
2017.11.30 14:34:14.886,1.3266,1.32677,1.00,1.00
2017.11.30 14:34:15.424,1.32659,1.32676,1.00,1.00
2017.11.30 14:34:15.831,1.3266,1.32681,1.50,1.12
2017.11.30 14:34:15.884,1.32661,1.32682,1.00,2.62
2017.11.30 14:34:15.936,1.32662,1.32679,1.00,1.00
2017.11.30 14:34:16.254,1.32658,1.32673,1.50,1.00
2017.11.30 14:34:16.411,1.32656,1.32673,2.25,1.00
2017.11.30 14:34:17.346,1.32654,1.32671,1.50,1.00
2017.11.30 14:34:18.021,1.32653,1.3267,1.87,1.00
2017.11.30 14:34:18.559,1.32654,1.32671,1.00,1.00
2017.11.30 14:34:19.302,1.32653,1.3267,1.12,1.00
2017.11.30 14:34:19.654,1.32655,1.32672,1.50,1.00
2017.11.30 14:34:20.169,1.32656,1.32673,1.50,1.12
2017.11.30 14:34:22.321,1.32662,1.32677,1.00,1.00
2017.11.30 14:34:22.374,1.32663,1.32679,1.00,1.50
2017.11.30 14:34:22.528,1.32666,1.32679,1.00,1.00
2017.11.30 14:34:22.832,1.32669,1.32679,1.00,1.00
2017.11.30 14:34:22.884,1.32667,1.32679,1.25,1.00
2017.11.30 14:34:22.987,1.32667,1.32686,1.50,1.00
2017.11.30 14:34:23.194,1.32669,1.32686,1.00,1.00
2017.11.30 14:34:23.716,1.32668,1.32685,1.00,1.00
2017.11.30 14:34:24.244,1.32669,1.32686,1.00,1.00
2017.11.30 14:34:24.812,1.32668,1.32685,1.50,1.00
2017.11.30 14:34:25.274,1.32665,1.32684,1.69,1.00
2017.11.30 14:34:25.492,1.32671,1.32688,1.00,2.62
2017.11.30 14:34:25.925,1.32669,1.32687,1.00,1.00
2017.11.30 14:34:26.602,1.32668,1.32687,1.87,1.00
2017.11.30 14:34:26.756,1.3267,1.32687,1.00,1.00
2017.11.30 14:34:27.317,1.3267,1.32689,1.50,1.00
2017.11.30 14:34:27.855,1.32671,1.32689,1.00,1.00
2017.11.30 14:34:27.907,1.32669,1.32687,1.12,1.00
2017.11.30 14:34:28.121,1.32666,1.32685,1.00,1.00
2017.11.30 14:34:31.950,1.32666,1.32683,1.00,1.00
2017.11.30 14:34:32.472,1.32667,1.32684,1.00,1.00
2017.11.30 14:34:33.976,1.32665,1.32684,2.25,1.00
2017.11.30 14:34:34.028,1.32665,1.32682,2.44,1.00
2017.11.30 14:34:34.540,1.32666,1.32683,1.00,1.00
2017.11.30 14:34:35.206,1.32665,1.32682,1.00,1.00
2017.11.30 14:34:37.059,1.32669,1.32686,1.00,1.50
2017.11.30 14:34:37.645,1.32668,1.32685,1.87,1.00
2017.11.30 14:34:37.799,1.32669,1.32688,1.12,1.50
2017.11.30 14:34:37.852,1.32669,1.32686,1.00,1.00
2017.11.30 14:34:38.313,1.32671,1.32687,1.00,1.00
2017.11.30 14:34:38.435,1.32671,1.32689,1.00,1.00
2017.11.30 14:34:38.988,1.32672,1.32689,1.00,1.00
2017.11.30 14:34:39.689,1.32673,1.32688,1.00,1.00
2017.11.30 14:34:39.793,1.32671,1.32689,1.00,1.00
2017.11.30 14:34:40.318,1.3267,1.32688,1.00,1.00
2017.11.30 14:34:40.873,1.3267,1.32689,1.00,1.50
2017.11.30 14:34:41.311,1.32672,1.32688,1.00,1.00
2017.11.30 14:34:41.872,1.32671,1.32688,1.00,1.00
2017.11.30 14:34:42.402,1.3267,1.32688,1.00,1.00
2017.11.30 14:34:42.865,1.32669,1.32686,1.12,1.00
2017.11.30 14:34:43.134,1.32667,1.32686,1.50,1.00
2017.11.30 14:34:43.319,1.32669,1.32686,1.00,1.00
2017.11.30 14:34:43.371,1.32667,1.32686,1.50,1.00
2017.11.30 14:34:43.422,1.32669,1.32686,1.00,1.00
2017.11.30 14:34:43.972,1.3267,1.32687,1.00,1.00
2017.11.30 14:34:44.240,1.32668,1.32687,1.12,1.00
2017.11.30 14:34:44.791,1.32668,1.32685,1.12,1.00
2017.11.30 14:34:45.163,1.32668,1.32685,1.75,1.00
2017.11.30 14:34:45.216,1.3267,1.32688,1.00,1.00
2017.11.30 14:34:45.269,1.32675,1.32689,1.00,1.00
2017.11.30 14:34:45.372,1.32673,1.32691,3.00,1.00
2017.11.30 14:34:45.578,1.32669,1.32688,1.00,1.00
2017.11.30 14:34:45.862,1.32668,1.32685,1.12,1.00
2017.11.30 14:34:46.179,1.32671,1.32688,1.00,1.00
2017.11.30 14:34:46.621,1.32669,1.32688,1.00,1.00
2017.11.30 14:34:46.672,1.32669,1.32686,1.00,1.00
2017.11.30 14:34:47.184,1.32674,1.32689,1.00,1.00
2017.11.30 14:34:47.236,1.32674,1.32691,1.50,1.00
2017.11.30 14:34:47.288,1.32674,1.32689,1.00,1.00
2017.11.30 14:34:47.393,1.32673,1.32692,1.00,3.00
2017.11.30 14:34:47.446,1.32675,1.32692,1.00,3.00
2017.11.30 14:34:47.819,1.32673,1.32692,1.12,3.00
2017.11.30 14:34:47.871,1.32675,1.32692,1.00,2.62
2017.11.30 14:34:48.230,1.32677,1.32695,1.00,1.12
2017.11.30 14:34:48.595,1.32679,1.32695,1.00,1.00
2017.11.30 14:34:48.650,1.32679,1.32698,1.87,1.00
2017.11.30 14:34:48.757,1.32678,1.32699,1.87,1.87
2017.11.30 14:34:48.812,1.3268,1.32698,1.12,1.50
2017.11.30 14:34:49.248,1.32681,1.32699,1.37,1.00
2017.11.30 14:34:50.228,1.32679,1.32699,1.50,1.00
2017.11.30 14:34:51.667,1.32679,1.32694,2.25,1.00
2017.11.30 14:34:51.772,1.32674,1.32694,3.37,1.00
2017.11.30 14:34:51.875,1.32672,1.32693,2.25,1.00
2017.11.30 14:34:52.319,1.32671,1.3269,2.62,1.00
2017.11.30 14:34:52.931,1.32672,1.3269,1.50,1.00
2017.11.30 14:34:52.983,1.32673,1.32692,1.00,1.50
2017.11.30 14:34:53.189,1.32672,1.3269,1.37,1.00
2017.11.30 14:34:53.241,1.32672,1.32692,1.37,1.50
2017.11.30 14:34:55.331,1.32672,1.32691,1.37,1.00
2017.11.30 14:34:55.646,1.32672,1.32693,1.37,2.62
2017.11.30 14:34:55.698,1.32672,1.32691,1.37,1.00
2017.11.30 14:34:56.094,1.32671,1.3269,1.00,1.00
2017.11.30 14:34:56.147,1.32671,1.32688,1.00,1.00
2017.11.30 14:34:56.301,1.32669,1.32687,1.12,1.00
2017.11.30 14:34:56.457,1.32672,1.32689,1.00,1.00
2017.11.30 14:34:57.005,1.32672,1.3269,1.00,1.00
2017.11.30 14:34:57.714,1.32672,1.32691,1.50,1.00
2017.11.30 14:34:58.330,1.32672,1.32692,1.00,1.50
2017.11.30 14:34:58.664,1.3267,1.32689,1.50,1.00
2017.11.30 14:34:58.974,1.32668,1.32687,1.00,1.00
2017.11.30 14:34:59.503,1.32667,1.32686,1.00,1.00
2017.11.30 14:35:00.084,1.32668,1.32688,1.00,1.50
2017.11.30 14:35:00.245,1.3267,1.32688,1.00,1.00
2017.11.30 14:35:00.557,1.32665,1.32684,1.37,1.50
2017.11.30 14:35:01.208,1.3267,1.32688,1.00,1.00
2017.11.30 14:35:01.546,1.32676,1.32692,1.50,1.00
2017.11.30 14:35:01.599,1.32676,1.32695,2.06,1.00
2017.11.30 14:35:01.856,1.32678,1.32698,1.00,1.00
2017.11.30 14:35:01.961,1.3268,1.32699,1.00,1.50
2017.11.30 14:35:02.266,1.32681,1.32699,1.62,1.00
2017.11.30 14:35:02.524,1.32687,1.32705,1.00,1.00
2017.11.30 14:35:03.130,1.32697,1.3271,1.25,1.00
2017.11.30 14:35:03.233,1.327,1.32717,3.56,1.00
2017.11.30 14:35:03.285,1.32705,1.32718,1.00,1.00
2017.11.30 14:35:03.337,1.32705,1.32721,1.19,1.00
2017.11.30 14:35:03.390,1.32711,1.32725,1.19,2.25
2017.11.30 14:35:03.495,1.32718,1.32733,1.00,1.50
2017.11.30 14:35:03.547,1.32716,1.32733,1.00,1.00
2017.11.30 14:35:03.741,1.32714,1.32731,1.25,1.00
2017.11.30 14:35:03.792,1.32709,1.32728,1.87,1.50
2017.11.30 14:35:03.912,1.32707,1.32727,1.87,1.12
2017.11.30 14:35:04.271,1.32708,1.32729,1.00,1.12
2017.11.30 14:35:05.125,1.32708,1.32729,2.44,1.50
2017.11.30 14:35:05.670,1.32711,1.32729,1.12,1.00
2017.11.30 14:35:06.171,1.3271,1.32728,1.00,1.00
2017.11.30 14:35:06.466,1.32708,1.32729,1.12,2.62
2017.11.30 14:35:06.672,1.3271,1.32728,1.00,1.00
2017.11.30 14:35:07.261,1.3271,1.32729,1.00,1.50
2017.11.30 14:35:08.126,1.32711,1.32729,1.00,1.00
2017.11.30 14:35:08.637,1.3271,1.32729,1.00,1.50
2017.11.30 14:35:09.083,1.32711,1.32732,1.00,2.25
2017.11.30 14:35:09.135,1.32713,1.32732,1.00,2.25
2017.11.30 14:35:09.494,1.32713,1.32734,1.00,1.87
2017.11.30 14:35:10.025,1.32714,1.32734,1.00,1.87
2017.11.30 14:35:10.618,1.32717,1.32734,1.00,1.12
2017.11.30 14:35:10.775,1.32726,1.32745,1.50,2.25
2017.11.30 14:35:10.827,1.32725,1.32742,1.00,1.00
2017.11.30 14:35:10.879,1.32724,1.32744,1.00,1.12
2017.11.30 14:35:10.983,1.32722,1.32742,2.25,1.00
2017.11.30 14:35:11.300,1.32717,1.32734,1.00,1.00
2017.11.30 14:35:11.352,1.32711,1.32733,2.62,1.12
2017.11.30 14:35:11.887,1.32713,1.32731,1.00,1.00
2017.11.30 14:35:12.409,1.32712,1.32732,1.50,1.00
2017.11.30 14:35:12.924,1.32711,1.32731,3.37,1.00
2017.11.30 14:35:13.313,1.32714,1.32735,1.00,1.50
2017.11.30 14:35:13.366,1.32714,1.32733,1.00,1.00
2017.11.30 14:35:13.418,1.32714,1.32735,1.00,1.12
2017.11.30 14:35:13.853,1.32715,1.32735,1.49,1.12
2017.11.30 14:35:14.172,1.32715,1.32731,1.50,1.00
2017.11.30 14:35:14.224,1.32715,1.32733,1.50,1.12
2017.11.30 14:35:14.356,1.32717,1.32731,1.00,1.12
2017.11.30 14:35:14.407,1.32709,1.32729,2.62,1.00
2017.11.30 14:35:14.920,1.32711,1.3273,1.00,1.00
2017.11.30 14:35:15.977,1.32711,1.32729,1.12,1.00
2017.11.30 14:35:16.179,1.32709,1.32727,1.12,1.00
2017.11.30 14:35:16.389,1.32698,1.32719,1.87,1.00
2017.11.30 14:35:16.808,1.327,1.32718,1.50,1.00
2017.11.30 14:35:18.549,1.32699,1.3272,1.87,1.00
2017.11.30 14:35:19.587,1.327,1.32718,1.50,1.00
2017.11.30 14:35:20.079,1.32698,1.32716,2.25,1.00
2017.11.30 14:35:20.141,1.32698,1.32717,2.25,1.00
2017.11.30 14:35:20.670,1.32698,1.32716,1.50,1.00
2017.11.30 14:35:22.928,1.32697,1.32711,1.37,1.00
2017.11.30 14:35:23.032,1.32691,1.32708,1.87,1.00
2017.11.30 14:35:23.183,1.32689,1.32708,1.87,1.00
2017.11.30 14:35:24.046,1.32688,1.32709,3.37,1.00
2017.11.30 14:35:24.738,1.32688,1.32709,2.25,1.55
2017.11.30 14:35:25.268,1.32688,1.32709,1.87,1.00
2017.11.30 14:35:25.897,1.32687,1.32706,2.62,1.00
2017.11.30 14:35:26.243,1.32687,1.32704,1.00,1.00
2017.11.30 14:35:26.449,1.32684,1.32702,1.00,1.00
2017.11.30 14:35:26.605,1.32682,1.32701,1.50,1.00
2017.11.30 14:35:27.901,1.32684,1.32702,1.00,1.68
2017.11.30 14:35:28.238,1.32683,1.32702,1.12,1.00
2017.11.30 14:35:28.616,1.32685,1.32704,1.00,1.50
2017.11.30 14:35:28.967,1.32687,1.32705,1.00,1.00
2017.11.30 14:35:29.486,1.32688,1.32706,1.12,1.00
2017.11.30 14:35:30.116,1.32689,1.32707,1.00,1.00
2017.11.30 14:35:30.428,1.32692,1.3271,1.00,1.12
2017.11.30 14:35:31.061,1.32694,1.32711,1.50,1.12
2017.11.30 14:35:31.114,1.32695,1.32713,2.25,1.00
2017.11.30 14:35:31.167,1.32694,1.32712,1.00,1.50
2017.11.30 14:35:31.476,1.32692,1.32709,2.25,1.00
2017.11.30 14:35:31.628,1.32691,1.3271,1.00,2.25
2017.11.30 14:35:31.683,1.32693,1.32709,1.00,1.00
2017.11.30 14:35:31.895,1.32695,1.32712,1.00,1.87
2017.11.30 14:35:31.948,1.32693,1.32712,1.12,1.00
2017.11.30 14:35:32.000,1.32696,1.32712,1.00,1.00
2017.11.30 14:35:32.053,1.32696,1.32716,1.12,3.00
2017.11.30 14:35:32.573,1.32696,1.32717,2.62,1.87
2017.11.30 14:35:32.856,1.32696,1.32716,1.00,1.50
2017.11.30 14:35:33.064,1.32693,1.32714,1.50,2.25
2017.11.30 14:35:33.117,1.32695,1.32714,1.00,1.50
2017.11.30 14:35:33.169,1.32693,1.32714,1.50,2.25
2017.11.30 14:35:33.547,1.32691,1.32712,1.50,2.25
2017.11.30 14:35:34.063,1.32692,1.32711,1.00,1.00
2017.11.30 14:35:34.576,1.32691,1.32711,1.00,1.00
2017.11.30 14:35:35.115,1.32696,1.32714,1.00,1.50
2017.11.30 14:35:35.452,1.32697,1.32715,2.25,1.00
2017.11.30 14:35:35.766,1.32698,1.32718,1.00,1.50
2017.11.30 14:35:35.869,1.32697,1.32716,1.12,1.00
2017.11.30 14:35:36.178,1.32697,1.32718,1.50,1.00
2017.11.30 14:35:36.231,1.32697,1.32716,1.50,1.00
2017.11.30 14:35:36.607,1.32702,1.32718,1.00,1.50
2017.11.30 14:35:36.761,1.32699,1.32718,1.50,1.50
2017.11.30 14:35:37.425,1.32698,1.32717,2.62,1.00
2017.11.30 14:35:37.790,1.32696,1.32715,3.00,1.00
2017.11.30 14:35:37.842,1.32696,1.32715,1.12,1.00
2017.11.30 14:35:38.100,1.32694,1.32713,1.50,1.00
2017.11.30 14:35:38.602,1.32696,1.32714,1.00,1.50
2017.11.30 14:35:39.107,1.32697,1.32714,1.00,1.00
2017.11.30 14:35:39.158,1.32698,1.32717,1.00,1.00
2017.11.30 14:35:39.694,1.32699,1.32718,1.00,1.50
2017.11.30 14:35:40.267,1.327,1.32719,1.00,1.00
2017.11.30 14:35:40.320,1.32699,1.32716,1.50,1.00
2017.11.30 14:35:40.372,1.32699,1.3272,2.62,2.25
2017.11.30 14:35:40.875,1.32701,1.3272,1.00,1.00
2017.11.30 14:35:41.236,1.32701,1.32718,1.50,1.00
2017.11.30 14:35:41.781,1.32701,1.32719,1.50,1.00
2017.11.30 14:35:42.311,1.32701,1.32718,1.12,1.00
2017.11.30 14:35:42.818,1.32701,1.32719,1.50,1.00
2017.11.30 14:35:43.386,1.32698,1.32715,1.12,1.00
2017.11.30 14:35:43.499,1.32694,1.32713,1.87,1.00
2017.11.30 14:35:44.002,1.32694,1.32714,1.87,1.00
2017.11.30 14:35:45.091,1.32697,1.32717,1.50,2.62
2017.11.30 14:35:45.194,1.32699,1.32717,1.00,1.87
2017.11.30 14:35:45.794,1.32698,1.32717,2.25,1.00
2017.11.30 14:35:46.337,1.32699,1.32718,1.00,1.00
2017.11.30 14:35:46.978,1.32699,1.32718,3.00,1.00
2017.11.30 14:35:48.205,1.32698,1.32717,1.50,1.00
2017.11.30 14:35:48.740,1.32698,1.32718,1.00,1.00
2017.11.30 14:35:49.637,1.32698,1.32717,1.00,1.00
2017.11.30 14:35:50.190,1.32698,1.32718,1.87,1.00
2017.11.30 14:35:51.494,1.32699,1.32718,1.00,1.00
2017.11.30 14:35:52.042,1.32698,1.32717,1.12,1.00
2017.11.30 14:35:53.035,1.32698,1.32719,1.12,1.00
2017.11.30 14:35:54.174,1.32699,1.32719,1.00,1.00
2017.11.30 14:35:54.738,1.32701,1.32719,1.12,1.00
2017.11.30 14:35:55.242,1.327,1.32718,1.50,1.00
2017.11.30 14:35:56.136,1.32698,1.32717,1.87,1.00
2017.11.30 14:35:56.332,1.32697,1.32716,1.50,1.00
2017.11.30 14:35:56.826,1.32699,1.32719,1.00,1.50
2017.11.30 14:35:57.075,1.32697,1.32714,1.37,1.00
2017.11.30 14:35:57.232,1.32695,1.32714,1.00,1.00
2017.11.30 14:35:57.736,1.32696,1.32714,1.00,1.00
2017.11.30 14:35:58.245,1.32695,1.32714,1.00,1.00
2017.11.30 14:35:58.785,1.32694,1.32714,1.50,1.00
2017.11.30 14:35:58.841,1.32693,1.3271,1.37,1.00
2017.11.30 14:35:58.895,1.32692,1.3271,1.50,1.00
2017.11.30 14:36:00.119,1.32692,1.32709,1.50,1.00
2017.11.30 14:36:00.629,1.3269,1.3271,1.12,1.50
2017.11.30 14:36:00.681,1.32689,1.3271,2.25,1.50
2017.11.30 14:36:01.387,1.32689,1.32708,1.12,1.00
2017.11.30 14:36:01.922,1.32688,1.32709,2.25,1.00
2017.11.30 14:36:02.796,1.32688,1.32707,2.25,1.00
2017.11.30 14:36:03.104,1.32683,1.32702,1.12,1.00
2017.11.30 14:36:03.208,1.32685,1.32704,1.00,1.87
2017.11.30 14:36:03.731,1.32686,1.32705,1.00,1.00
2017.11.30 14:36:04.676,1.32686,1.32704,1.00,1.00
2017.11.30 14:36:05.569,1.32685,1.32705,1.00,1.00
2017.11.30 14:36:05.901,1.32685,1.32703,1.00,1.00
2017.11.30 14:36:06.708,1.32685,1.32704,1.00,1.00
2017.11.30 14:36:08.009,1.32684,1.32704,1.00,1.00
2017.11.30 14:36:08.520,1.32683,1.32704,1.87,1.00
2017.11.30 14:36:09.217,1.32683,1.32703,1.12,1.00
2017.11.30 14:36:09.800,1.32682,1.32702,2.62,1.00
2017.11.30 14:36:10.827,1.32685,1.32703,1.00,1.00
2017.11.30 14:36:11.685,1.32683,1.327,1.12,1.00
2017.11.30 14:36:11.736,1.32684,1.32702,1.00,1.00
2017.11.30 14:36:11.788,1.32679,1.32699,1.12,3.00
2017.11.30 14:36:11.840,1.32679,1.32697,1.00,1.50
2017.11.30 14:36:12.359,1.32677,1.32698,2.62,1.87
2017.11.30 14:36:12.919,1.32678,1.32697,1.12,1.00
2017.11.30 14:36:13.435,1.32678,1.32698,1.12,1.12
2017.11.30 14:36:13.761,1.32676,1.32697,1.87,1.12
2017.11.30 14:36:13.815,1.32675,1.32694,1.50,1.00
2017.11.30 14:36:14.119,1.32676,1.32696,1.12,1.25
2017.11.30 14:36:14.519,1.32675,1.32694,1.50,1.00
2017.11.30 14:36:14.572,1.32673,1.32692,1.12,1.00
2017.11.30 14:36:14.727,1.32672,1.3269,1.12,1.00
2017.11.30 14:36:15.323,1.32672,1.32691,1.12,1.00
2017.11.30 14:36:15.645,1.32675,1.32694,1.12,1.00
2017.11.30 14:36:15.852,1.32673,1.32693,1.12,1.00
2017.11.30 14:36:16.381,1.32672,1.32691,3.00,1.00
2017.11.30 14:36:16.950,1.32674,1.32692,1.00,1.00
2017.11.30 14:36:17.202,1.32674,1.32695,1.00,1.87
2017.11.30 14:36:17.716,1.32675,1.32695,2.25,1.00
2017.11.30 14:36:18.307,1.32679,1.32697,1.12,1.00
2017.11.30 14:36:18.618,1.32687,1.32703,1.00,1.00
2017.11.30 14:36:19.499,1.32689,1.32703,1.00,1.00
2017.11.30 14:36:20.153,1.32688,1.32703,1.00,1.00
2017.11.30 14:36:21.646,1.32687,1.32703,1.00,1.00
2017.11.30 14:36:22.195,1.32688,1.32703,1.00,1.00
2017.11.30 14:36:22.662,1.32683,1.32703,1.87,1.69
2017.11.30 14:36:22.714,1.32681,1.32698,1.00,1.00
2017.11.30 14:36:23.018,1.32676,1.32694,1.37,1.00
2017.11.30 14:36:23.376,1.32676,1.32696,1.87,1.00
2017.11.30 14:36:23.428,1.3268,1.32697,1.00,1.00
2017.11.30 14:36:23.751,1.32675,1.32693,1.12,1.00
2017.11.30 14:36:23.905,1.32674,1.32688,1.37,1.00
2017.11.30 14:36:23.958,1.32671,1.32689,1.37,1.00
2017.11.30 14:36:24.011,1.32668,1.32688,3.56,1.00
2017.11.30 14:36:24.788,1.32668,1.32688,1.25,1.87
2017.11.30 14:36:24.840,1.32665,1.3268,1.87,1.00
2017.11.30 14:36:24.944,1.32658,1.32678,1.87,1.50
2017.11.30 14:36:25.211,1.32655,1.32674,1.00,1.12
2017.11.30 14:36:25.263,1.32651,1.32672,2.62,2.25
2017.11.30 14:36:25.315,1.3265,1.32672,1.12,3.37
2017.11.30 14:36:25.369,1.32653,1.3267,1.00,1.50
2017.11.30 14:36:25.679,1.32655,1.3267,1.00,1.00
2017.11.30 14:36:25.975,1.32653,1.3267,1.00,1.00
2017.11.30 14:36:26.180,1.32658,1.3267,1.00,1.00
2017.11.30 14:36:26.336,1.32658,1.32675,1.00,1.50
2017.11.30 14:36:27.298,1.32658,1.32675,1.00,1.00
2017.11.30 14:36:28.063,1.32656,1.32674,1.00,1.87
2017.11.30 14:36:28.166,1.32652,1.32671,1.00,1.12
2017.11.30 14:36:28.217,1.32652,1.32669,1.00,1.00
2017.11.30 14:36:28.757,1.32651,1.32668,1.00,1.12
2017.11.30 14:36:28.810,1.32649,1.32669,1.00,3.00
2017.11.30 14:36:28.862,1.32647,1.32669,1.25,3.00
2017.11.30 14:36:29.230,1.32649,1.32669,1.00,2.25
2017.11.30 14:36:30.169,1.32648,1.32669,1.25,3.00
2017.11.30 14:36:30.499,1.32647,1.32666,1.19,1.00
2017.11.30 14:36:30.920,1.32646,1.32666,2.06,1.00
2017.11.30 14:36:31.025,1.32648,1.32667,1.00,2.25
2017.11.30 14:36:31.518,1.32645,1.32665,1.12,1.00
2017.11.30 14:36:32.046,1.32645,1.32664,1.31,1.00
2017.11.30 14:36:32.773,1.32644,1.32663,1.87,1.00
2017.11.30 14:36:33.348,1.32645,1.32663,1.00,1.12
2017.11.30 14:36:33.722,1.32643,1.32661,1.12,1.12
2017.11.30 14:36:34.031,1.32646,1.3266,1.00,1.00
2017.11.30 14:36:34.337,1.32651,1.32666,1.00,1.00
2017.11.30 14:36:34.440,1.32649,1.32666,1.00,1.00
2017.11.30 14:36:34.966,1.3265,1.32667,1.00,1.00
2017.11.30 14:36:35.402,1.32648,1.32667,1.87,1.50
2017.11.30 14:36:35.720,1.32646,1.32666,1.12,3.75
2017.11.30 14:36:36.181,1.32647,1.32664,1.00,1.00
2017.11.30 14:36:36.485,1.32646,1.32661,1.00,1.12
2017.11.30 14:36:36.986,1.32645,1.32662,1.00,1.50
2017.11.30 14:36:37.599,1.32646,1.32661,1.00,1.12
2017.11.30 14:36:37.880,1.32644,1.32662,1.87,1.50
2017.11.30 14:36:38.208,1.32646,1.32661,1.00,1.12
2017.11.30 14:36:38.570,1.32646,1.32666,2.62,2.25
2017.11.30 14:36:39.388,1.32648,1.32666,1.00,1.00
2017.11.30 14:36:39.697,1.32646,1.32667,1.12,2.25
2017.11.30 14:36:41.013,1.32645,1.32666,3.56,1.00
2017.11.30 14:36:41.557,1.32645,1.32666,1.50,1.50
2017.11.30 14:36:42.069,1.32646,1.32666,1.50,1.00
2017.11.30 14:36:42.736,1.32645,1.32666,2.25,1.50
2017.11.30 14:36:43.464,1.32646,1.32666,1.00,1.50
2017.11.30 14:36:43.977,1.32657,1.3267,1.00,1.00
2017.11.30 14:36:44.133,1.32663,1.3268,1.50,1.12
2017.11.30 14:36:44.186,1.32665,1.32683,1.00,1.50
2017.11.30 14:36:45.182,1.32666,1.32683,1.00,1.37
2017.11.30 14:36:45.508,1.32675,1.3269,1.00,1.75
2017.11.30 14:36:45.817,1.32675,1.32693,1.50,1.00
2017.11.30 14:36:45.868,1.32676,1.32691,1.00,1.00
2017.11.30 14:36:46.078,1.32671,1.32689,1.50,1.00
2017.11.30 14:36:46.180,1.32672,1.32689,1.37,1.00
2017.11.30 14:36:46.233,1.32673,1.32691,1.37,1.00
2017.11.30 14:36:46.389,1.32672,1.32691,1.00,1.00
2017.11.30 14:36:46.440,1.32678,1.32693,1.00,1.87
2017.11.30 14:36:46.493,1.32679,1.32695,1.00,1.00
2017.11.30 14:36:46.596,1.32679,1.32699,1.50,1.50
2017.11.30 14:36:46.647,1.32681,1.32699,1.00,1.00
2017.11.30 14:36:46.884,1.32677,1.32698,1.12,3.00
2017.11.30 14:36:46.987,1.32679,1.32698,1.00,2.25
2017.11.30 14:36:47.194,1.32677,1.32697,1.12,1.50
2017.11.30 14:36:47.730,1.32677,1.32696,1.00,1.00
2017.11.30 14:36:48.296,1.32677,1.32695,1.00,2.25
2017.11.30 14:36:48.616,1.32677,1.32696,1.00,1.25
2017.11.30 14:36:48.720,1.32676,1.32695,1.00,3.75
2017.11.30 14:36:49.069,1.32678,1.32691,1.00,1.00
2017.11.30 14:36:49.602,1.32677,1.32691,1.00,1.50
2017.11.30 14:36:49.847,1.32681,1.32697,1.00,1.00
2017.11.30 14:36:50.554,1.32681,1.32696,1.00,1.00
2017.11.30 14:36:50.738,1.32679,1.32697,1.00,1.00
2017.11.30 14:36:51.299,1.3268,1.32696,1.00,1.00
2017.11.30 14:36:51.703,1.32675,1.32689,1.00,1.00
2017.11.30 14:36:51.756,1.32673,1.3269,1.50,1.00
2017.11.30 14:36:51.808,1.32674,1.32692,1.00,1.87
2017.11.30 14:36:52.420,1.32673,1.32692,2.25,1.87
2017.11.30 14:36:52.650,1.32675,1.3269,1.50,1.00
2017.11.30 14:36:52.807,1.32678,1.32694,1.50,1.00
2017.11.30 14:36:52.859,1.32678,1.32697,1.50,1.12
2017.11.30 14:36:52.911,1.32678,1.32694,1.00,1.00
2017.11.30 14:36:53.441,1.32677,1.32694,1.00,1.00
2017.11.30 14:36:53.967,1.32676,1.32695,1.50,1.00
2017.11.30 14:36:54.069,1.32677,1.32698,1.00,2.25
2017.11.30 14:36:54.210,1.32681,1.32698,1.00,1.87
2017.11.30 14:36:54.637,1.32679,1.32698,1.00,1.87
2017.11.30 14:36:54.690,1.32677,1.32698,1.87,1.37
2017.11.30 14:36:55.183,1.32678,1.32695,1.00,1.50
2017.11.30 14:36:55.389,1.32675,1.32693,1.00,1.00
2017.11.30 14:36:55.441,1.32674,1.32691,1.00,1.00
2017.11.30 14:36:55.755,1.32676,1.3269,1.00,1.00
2017.11.30 14:36:56.215,1.32671,1.32691,2.06,1.87
2017.11.30 14:36:56.732,1.32672,1.3269,1.00,1.00
2017.11.30 14:36:57.140,1.32674,1.3269,1.00,1.00
2017.11.30 14:36:57.243,1.32675,1.32693,1.50,1.50
2017.11.30 14:36:57.295,1.32677,1.32694,1.00,1.50
2017.11.30 14:36:58.053,1.32678,1.32693,1.00,1.00
2017.11.30 14:36:58.656,1.32677,1.32694,1.00,2.25
2017.11.30 14:36:59.175,1.32678,1.32693,1.00,1.00
2017.11.30 14:36:59.489,1.32676,1.32692,2.25,1.00
2017.11.30 14:36:59.672,1.32678,1.32695,1.00,1.87
2017.11.30 14:36:59.776,1.32676,1.32694,1.50,1.00
2017.11.30 14:36:59.983,1.32677,1.32692,1.00,1.00
2017.11.30 14:37:00.088,1.32674,1.32693,1.50,1.50
2017.11.30 14:37:00.140,1.32676,1.32693,1.50,1.50
2017.11.30 14:37:00.649,1.32677,1.32692,1.00,1.00
2017.11.30 14:37:01.189,1.32676,1.32692,1.00,1.87
2017.11.30 14:37:01.241,1.32672,1.32688,1.00,1.00
2017.11.30 14:37:01.293,1.32671,1.32686,1.50,1.00
2017.11.30 14:37:01.602,1.32673,1.32691,1.50,1.87
2017.11.30 14:37:02.114,1.32674,1.3269,1.00,1.00
2017.11.30 14:37:02.166,1.32672,1.32691,1.00,1.87
2017.11.30 14:37:02.269,1.32673,1.3269,1.00,2.98
2017.11.30 14:37:02.322,1.3267,1.32687,1.00,1.00
2017.11.30 14:37:02.825,1.3267,1.32686,1.00,1.87
2017.11.30 14:37:03.334,1.32669,1.32686,1.00,1.87
2017.11.30 14:37:04.405,1.3267,1.32686,1.00,1.50
2017.11.30 14:37:04.457,1.32669,1.32689,1.12,1.87
2017.11.30 14:37:04.563,1.32668,1.32685,1.50,1.12
2017.11.30 14:37:04.879,1.32671,1.32687,1.00,1.00
2017.11.30 14:37:05.083,1.32668,1.32688,1.00,1.00
2017.11.30 14:37:05.718,1.32671,1.32688,1.00,1.50
2017.11.30 14:37:05.770,1.32668,1.32688,1.00,1.50
2017.11.30 14:37:05.915,1.32671,1.32688,1.00,1.50
2017.11.30 14:37:06.225,1.32672,1.32691,1.00,1.87
2017.11.30 14:37:06.768,1.32672,1.32692,1.00,1.12
2017.11.30 14:37:06.819,1.32676,1.32692,1.00,1.12
2017.11.30 14:37:07.127,1.32672,1.3269,1.00,1.00
2017.11.30 14:37:07.504,1.32673,1.32692,1.00,1.50
2017.11.30 14:37:07.658,1.32671,1.3269,4.12,1.00
2017.11.30 14:37:07.709,1.32672,1.32692,1.12,1.50
2017.11.30 14:37:08.229,1.32673,1.32693,1.00,1.12
2017.11.30 14:37:08.280,1.32674,1.32693,1.50,1.00
2017.11.30 14:37:08.805,1.32674,1.32694,2.25,1.00
2017.11.30 14:37:09.111,1.32677,1.32695,1.00,1.87
2017.11.30 14:37:11.490,1.32678,1.32696,1.00,1.37
2017.11.30 14:37:11.702,1.32681,1.32699,1.87,1.00
2017.11.30 14:37:11.812,1.32682,1.32697,1.00,1.25
2017.11.30 14:37:11.915,1.32677,1.32695,1.12,1.00
2017.11.30 14:37:12.448,1.32672,1.32692,3.37,1.30
2017.11.30 14:37:12.705,1.32672,1.32691,2.62,1.68
2017.11.30 14:37:12.757,1.3267,1.3269,2.62,1.12
2017.11.30 14:37:14.856,1.3267,1.32689,1.50,1.00
2017.11.30 14:37:15.983,1.32669,1.32688,1.87,1.00
2017.11.30 14:37:16.036,1.32669,1.32687,1.00,1.00
2017.11.30 14:37:17.672,1.32668,1.32687,1.00,1.00
2017.11.30 14:37:18.198,1.32667,1.32689,1.37,4.12
2017.11.30 14:37:18.403,1.32667,1.32687,1.37,1.00
2017.11.30 14:37:18.924,1.32667,1.32686,1.37,1.00
2017.11.30 14:37:19.437,1.32667,1.32687,1.87,1.00
2017.11.30 14:37:19.770,1.32667,1.32686,1.87,2.25
2017.11.30 14:37:20.967,1.32661,1.3268,1.50,2.06
2017.11.30 14:37:21.018,1.3266,1.32677,1.00,1.00
2017.11.30 14:37:21.530,1.32661,1.32677,1.00,1.00
2017.11.30 14:37:21.988,1.3266,1.3268,3.37,1.00
2017.11.30 14:37:22.508,1.32661,1.32681,1.50,2.44
2017.11.30 14:37:29.065,1.32661,1.32682,1.87,2.81
2017.11.30 14:37:29.588,1.32661,1.32681,1.37,1.00
2017.11.30 14:37:29.692,1.3266,1.32677,1.00,1.12
2017.11.30 14:37:30.172,1.32658,1.32677,1.12,1.31
2017.11.30 14:37:31.045,1.32659,1.32677,1.00,1.31
2017.11.30 14:37:31.251,1.32659,1.32679,1.00,1.25
2017.11.30 14:37:31.354,1.32659,1.32677,1.50,1.00
2017.11.30 14:37:31.962,1.32659,1.32677,1.50,1.31
2017.11.30 14:37:32.567,1.32659,1.32678,1.00,2.06
2017.11.30 14:37:33.120,1.32656,1.32677,2.62,1.12
2017.11.30 14:37:33.172,1.32656,1.32677,1.87,2.25
2017.11.30 14:37:34.426,1.32656,1.32677,1.12,2.44
2017.11.30 14:37:35.562,1.32656,1.32677,1.12,2.44
2017.11.30 14:37:36.230,1.32655,1.32675,1.00,2.44
2017.11.30 14:37:37.009,1.32655,1.32673,1.50,1.00
2017.11.30 14:37:37.189,1.32651,1.32672,1.87,1.25
2017.11.30 14:37:38.646,1.32652,1.32672,1.00,1.00
2017.11.30 14:37:39.711,1.32652,1.32672,1.87,1.00
2017.11.30 14:37:40.334,1.32652,1.32673,1.37,1.00
2017.11.30 14:37:40.879,1.32652,1.32672,1.87,1.00
2017.11.30 14:37:41.804,1.32652,1.32672,1.12,1.00
2017.11.30 14:37:42.722,1.32651,1.32672,1.87,1.19
2017.11.30 14:37:43.265,1.32651,1.3267,2.62,1.00
2017.11.30 14:37:43.809,1.3265,1.32669,2.62,1.00
2017.11.30 14:37:44.151,1.32648,1.32669,3.37,1.25
2017.11.30 14:37:44.706,1.3265,1.32669,1.00,1.19
2017.11.30 14:37:46.418,1.32648,1.3267,3.37,1.31
2017.11.30 14:37:47.065,1.32649,1.3267,1.87,1.25
2017.11.30 14:37:47.243,1.32655,1.32672,1.00,1.00
2017.11.30 14:37:47.295,1.32657,1.32676,1.50,1.68
2017.11.30 14:37:47.878,1.32656,1.32676,1.87,1.24
2017.11.30 14:37:48.152,1.32656,1.32672,1.00,1.55
2017.11.30 14:37:48.306,1.32655,1.32674,1.00,1.25
2017.11.30 14:37:48.843,1.32653,1.32673,3.37,1.00
2017.11.30 14:37:49.083,1.32653,1.32671,1.50,1.00
2017.11.30 14:37:49.134,1.32651,1.32671,1.87,1.00
2017.11.30 14:37:49.771,1.32652,1.32671,1.00,1.00
2017.11.30 14:37:50.975,1.3265,1.32671,1.50,1.50
2017.11.30 14:37:51.527,1.3265,1.32671,1.50,1.19
2017.11.30 14:37:52.133,1.3265,1.32671,1.50,1.69
2017.11.30 14:37:53.431,1.32651,1.3267,1.00,1.00
2017.11.30 14:37:53.810,1.3265,1.3267,1.00,2.05
2017.11.30 14:37:54.329,1.32654,1.32671,1.00,2.44
2017.11.30 14:37:54.545,1.3265,1.32668,1.00,1.12
2017.11.30 14:37:54.853,1.3265,1.32667,1.00,1.62
2017.11.30 14:37:54.904,1.32648,1.32667,1.00,1.62
2017.11.30 14:37:55.008,1.3265,1.32669,1.00,2.06
2017.11.30 14:37:55.215,1.3265,1.32669,1.50,1.87
2017.11.30 14:37:55.724,1.32652,1.32669,1.00,1.12
2017.11.30 14:37:56.037,1.3265,1.32669,1.00,1.00
2017.11.30 14:37:56.548,1.32651,1.3267,1.00,1.87
2017.11.30 14:37:56.651,1.32652,1.32671,1.00,1.50
2017.11.30 14:37:57.171,1.32653,1.32671,1.00,1.50
2017.11.30 14:37:57.627,1.32656,1.3267,1.00,1.00
2017.11.30 14:37:57.914,1.32652,1.32671,1.00,1.50
2017.11.30 14:37:59.827,1.32656,1.32671,1.00,2.25
2017.11.30 14:38:00.187,1.32652,1.32671,1.50,3.00
2017.11.30 14:38:00.707,1.32651,1.32671,1.50,3.74
2017.11.30 14:38:00.760,1.32653,1.32671,1.00,2.99
2017.11.30 14:38:01.099,1.32644,1.32663,1.00,1.12
2017.11.30 14:38:01.156,1.32646,1.32663,1.00,1.12
2017.11.30 14:38:01.455,1.32647,1.32667,1.50,1.31
2017.11.30 14:38:01.772,1.32651,1.32666,1.00,1.00
2017.11.30 14:38:01.823,1.32647,1.32666,1.50,1.00
2017.11.30 14:38:01.876,1.3265,1.32667,1.00,1.31
2017.11.30 14:38:02.211,1.32647,1.32666,1.00,1.12
2017.11.30 14:38:02.366,1.32645,1.32665,3.37,1.00
2017.11.30 14:38:02.573,1.32647,1.32666,1.00,1.12
2017.11.30 14:38:03.173,1.32647,1.32667,1.50,1.12
2017.11.30 14:38:03.936,1.32648,1.32667,1.00,1.12
2017.11.30 14:38:04.731,1.32648,1.32667,1.00,1.87
2017.11.30 14:38:04.782,1.32646,1.32666,1.00,1.12
2017.11.30 14:38:05.631,1.32646,1.32664,1.50,1.00
2017.11.30 14:38:06.550,1.32645,1.32664,2.25,1.00
2017.11.30 14:38:06.888,1.32646,1.32666,1.00,1.12
2017.11.30 14:38:06.940,1.32648,1.32666,1.00,2.25
2017.11.30 14:38:07.248,1.32652,1.32669,1.00,1.50
2017.11.30 14:38:07.584,1.32657,1.32672,1.00,1.00
2017.11.30 14:38:07.636,1.32659,1.32677,1.12,2.25
2017.11.30 14:38:07.688,1.32659,1.32678,1.00,1.00
2017.11.30 14:38:07.741,1.3266,1.3268,1.50,1.00
2017.11.30 14:38:07.793,1.32662,1.3268,1.00,1.00
2017.11.30 14:38:08.711,1.32662,1.32682,1.00,1.12
2017.11.30 14:38:08.762,1.32664,1.32682,1.00,1.87
2017.11.30 14:38:09.197,1.32667,1.32683,1.00,1.00
2017.11.30 14:38:09.854,1.32666,1.32684,1.12,1.00
2017.11.30 14:38:10.517,1.32668,1.32684,1.00,1.00
2017.11.30 14:38:10.767,1.32666,1.32684,1.12,1.00
2017.11.30 14:38:11.024,1.32668,1.32684,1.00,1.00
2017.11.30 14:38:11.076,1.32666,1.32683,1.87,1.25
2017.11.30 14:38:11.182,1.32665,1.32681,1.00,1.31
2017.11.30 14:38:11.532,1.32675,1.32692,1.00,1.00
2017.11.30 14:38:11.687,1.32675,1.32694,1.00,1.50
2017.11.30 14:38:11.790,1.32678,1.32694,1.00,1.00
2017.11.30 14:38:11.842,1.3268,1.32697,1.00,1.00
2017.11.30 14:38:11.895,1.32685,1.32701,1.00,1.00
2017.11.30 14:38:12.039,1.32677,1.32696,2.25,1.00
2017.11.30 14:38:12.144,1.3268,1.32699,1.25,1.00
2017.11.30 14:38:12.196,1.32683,1.32702,2.06,1.00
2017.11.30 14:38:12.299,1.32677,1.32697,3.56,1.00
2017.11.30 14:38:12.654,1.32685,1.32695,1.00,1.00
2017.11.30 14:38:12.708,1.32687,1.32702,1.00,1.12
2017.11.30 14:38:12.814,1.32688,1.32708,1.19,1.50
2017.11.30 14:38:12.918,1.32688,1.32708,1.00,1.50
2017.11.30 14:38:12.969,1.32688,1.32705,1.50,1.00
2017.11.30 14:38:13.367,1.32708,1.32714,1.19,1.00
2017.11.30 14:38:13.424,1.32713,1.3273,1.50,3.00
2017.11.30 14:38:13.746,1.32715,1.32732,1.00,1.00
2017.11.30 14:38:14.089,1.32717,1.32732,1.00,1.00
2017.11.30 14:38:14.142,1.32717,1.32735,1.00,2.25
2017.11.30 14:38:14.315,1.32722,1.32737,1.00,1.12
2017.11.30 14:38:14.420,1.32717,1.32735,1.00,1.00
2017.11.30 14:38:14.524,1.32714,1.32734,1.12,1.00
2017.11.30 14:38:14.576,1.32716,1.32731,1.00,1.00
2017.11.30 14:38:14.628,1.32713,1.32731,1.00,1.00
2017.11.30 14:38:14.682,1.3271,1.32726,1.00,1.00
2017.11.30 14:38:14.837,1.32705,1.32723,3.37,1.00
2017.11.30 14:38:14.891,1.32703,1.32723,1.00,1.00
2017.11.30 14:38:14.996,1.32703,1.32718,1.00,1.00
2017.11.30 14:38:15.052,1.32696,1.32717,1.12,1.00
2017.11.30 14:38:15.156,1.32695,1.32714,1.00,1.00
2017.11.30 14:38:15.576,1.32692,1.32712,1.00,1.50
2017.11.30 14:38:15.783,1.32694,1.32712,1.00,1.12
2017.11.30 14:38:15.834,1.32692,1.32712,1.00,1.12
2017.11.30 14:38:16.040,1.32694,1.32712,1.00,1.87
2017.11.30 14:38:16.352,1.32693,1.3271,1.00,1.00
2017.11.30 14:38:16.506,1.32692,1.32712,1.00,1.00
2017.11.30 14:38:16.661,1.32695,1.32712,1.00,1.12
2017.11.30 14:38:16.764,1.32691,1.32711,2.25,1.00
2017.11.30 14:38:16.815,1.32693,1.32712,1.00,1.00
2017.11.30 14:38:17.632,1.32693,1.32711,1.00,1.00
2017.11.30 14:38:17.684,1.32693,1.32713,1.00,1.50
2017.11.30 14:38:17.930,1.32692,1.32711,1.00,1.00
2017.11.30 14:38:18.442,1.32693,1.32713,1.00,2.25
2017.11.30 14:38:18.858,1.32696,1.32718,4.30,1.87
2017.11.30 14:38:18.912,1.32698,1.32718,1.19,1.37
2017.11.30 14:38:19.121,1.32697,1.32718,2.25,1.37
2017.11.30 14:38:19.173,1.32697,1.32714,1.12,1.00
2017.11.30 14:38:19.226,1.32695,1.32715,1.00,1.00
2017.11.30 14:38:19.740,1.32695,1.32716,1.50,1.12
2017.11.30 14:38:19.896,1.32697,1.32717,1.00,1.87
2017.11.30 14:38:19.948,1.32697,1.32719,1.50,2.62
2017.11.30 14:38:20.270,1.327,1.3272,1.00,1.37
2017.11.30 14:38:20.579,1.32702,1.32721,1.00,1.50
2017.11.30 14:38:21.026,1.32702,1.32719,1.00,1.37
2017.11.30 14:38:21.078,1.327,1.32719,1.87,1.37
2017.11.30 14:38:21.869,1.32697,1.32718,1.00,1.50
2017.11.30 14:38:22.162,1.32697,1.32716,1.00,1.00
2017.11.30 14:38:22.601,1.32699,1.32718,1.00,1.00
2017.11.30 14:38:22.942,1.32707,1.32726,1.00,1.00
2017.11.30 14:38:23.251,1.32705,1.32725,1.00,1.37
2017.11.30 14:38:23.739,1.32704,1.32726,1.00,1.00
2017.11.30 14:38:23.996,1.32702,1.32725,2.25,1.00
2017.11.30 14:38:24.048,1.32704,1.32725,1.00,1.50
2017.11.30 14:38:24.564,1.32705,1.32724,1.00,1.00
2017.11.30 14:38:24.959,1.32709,1.32726,1.00,1.00
2017.11.30 14:38:25.159,1.32712,1.32732,1.00,1.12
2017.11.30 14:38:25.752,1.32711,1.32733,1.00,2.06
2017.11.30 14:38:26.115,1.32719,1.32734,1.00,1.87
2017.11.30 14:38:26.258,1.32717,1.32734,1.50,1.50
2017.11.30 14:38:26.310,1.32729,1.32743,1.00,1.00
2017.11.30 14:38:26.362,1.32727,1.32748,1.00,1.12
2017.11.30 14:38:26.417,1.32727,1.32746,1.50,1.00
2017.11.30 14:38:26.520,1.32725,1.32746,1.00,1.12
2017.11.30 14:38:26.720,1.32722,1.32742,1.87,1.00
2017.11.30 14:38:26.925,1.32721,1.32741,1.50,1.00
2017.11.30 14:38:27.470,1.32722,1.32741,1.00,1.00
2017.11.30 14:38:27.999,1.32722,1.32742,1.00,1.00
2017.11.30 14:38:28.282,1.32723,1.3274,1.00,1.00
2017.11.30 14:38:28.438,1.32717,1.32735,1.00,1.00
2017.11.30 14:38:28.490,1.32717,1.32732,1.00,1.00
2017.11.30 14:38:28.645,1.32715,1.32732,1.00,1.00
2017.11.30 14:38:28.767,1.32715,1.3273,1.00,1.00
2017.11.30 14:38:28.819,1.32711,1.3273,1.50,1.00
2017.11.30 14:38:29.147,1.32708,1.32725,1.00,1.00
2017.11.30 14:38:29.250,1.32704,1.32724,1.50,1.00
2017.11.30 14:38:29.572,1.32704,1.32722,1.50,1.00
2017.11.30 14:38:29.830,1.32706,1.32725,1.00,1.00
2017.11.30 14:38:30.037,1.32705,1.32723,1.00,1.00
2017.11.30 14:38:30.344,1.32705,1.32721,1.00,1.00
2017.11.30 14:38:30.549,1.32705,1.32723,1.00,1.00
2017.11.30 14:38:30.653,1.32703,1.32723,1.00,1.00
2017.11.30 14:38:30.942,1.32703,1.32721,1.00,1.00
2017.11.30 14:38:31.002,1.32701,1.32721,1.50,1.00
2017.11.30 14:38:31.799,1.32701,1.32719,1.00,1.00
2017.11.30 14:38:31.902,1.32698,1.32719,3.00,1.00
2017.11.30 14:38:32.670,1.32699,1.32719,1.00,1.00
2017.11.30 14:38:32.722,1.32701,1.32721,1.12,1.12
2017.11.30 14:38:33.463,1.32701,1.32719,1.12,1.00
2017.11.30 14:38:33.572,1.32701,1.32722,1.50,1.12
2017.11.30 14:38:34.137,1.32701,1.32721,1.50,1.00
2017.11.30 14:38:34.292,1.327,1.32715,1.75,1.00
2017.11.30 14:38:34.345,1.327,1.32714,1.00,1.00
2017.11.30 14:38:34.397,1.32695,1.32711,1.50,1.19
2017.11.30 14:38:34.501,1.3269,1.32706,1.75,1.50
2017.11.30 14:38:34.604,1.32685,1.327,2.25,1.00
2017.11.30 14:38:34.764,1.32682,1.327,1.00,1.19
2017.11.30 14:38:34.816,1.32685,1.32698,1.00,1.50
2017.11.30 14:38:34.868,1.32683,1.32704,1.00,2.44
2017.11.30 14:38:35.022,1.32683,1.32703,1.50,1.19
2017.11.30 14:38:35.587,1.32684,1.32703,1.00,1.00
2017.11.30 14:38:37.430,1.32681,1.32703,2.25,1.25
2017.11.30 14:38:37.483,1.32684,1.32704,1.00,1.50
2017.11.30 14:38:38.002,1.32684,1.32705,1.00,1.25
2017.11.30 14:38:38.318,1.32691,1.32711,1.50,1.00
2017.11.30 14:38:38.370,1.32692,1.32713,1.00,1.00
2017.11.30 14:38:38.625,1.32696,1.32716,1.00,1.12
2017.11.30 14:38:38.789,1.32702,1.32723,1.00,1.50
2017.11.30 14:38:38.841,1.32702,1.32721,1.00,1.00
2017.11.30 14:38:39.158,1.32702,1.32718,1.00,1.00
2017.11.30 14:38:39.210,1.327,1.32718,1.00,1.00
2017.11.30 14:38:39.704,1.32702,1.3272,1.12,1.00
2017.11.30 14:38:39.756,1.32702,1.32722,1.87,1.00
2017.11.30 14:38:39.962,1.32705,1.32726,3.37,1.00
2017.11.30 14:38:40.143,1.3271,1.32729,1.12,1.00
2017.11.30 14:38:40.251,1.32707,1.3273,1.50,2.44
2017.11.30 14:38:40.303,1.3271,1.3273,1.00,1.19
2017.11.30 14:38:40.612,1.32713,1.32731,1.00,1.69
2017.11.30 14:38:40.664,1.32713,1.32733,1.00,1.25
2017.11.30 14:38:40.909,1.32715,1.32732,1.00,1.00
2017.11.30 14:38:41.065,1.32715,1.32734,1.00,1.87
2017.11.30 14:38:41.272,1.32713,1.32732,1.00,1.00
2017.11.30 14:38:41.813,1.32713,1.32731,1.00,1.00
2017.11.30 14:38:42.307,1.32707,1.32726,1.00,1.00
2017.11.30 14:38:42.460,1.32705,1.32726,3.00,1.00
2017.11.30 14:38:43.124,1.32704,1.32723,1.00,1.37
2017.11.30 14:38:43.484,1.32702,1.32722,1.00,1.12
2017.11.30 14:38:44.097,1.32703,1.32722,1.00,1.12
2017.11.30 14:38:44.150,1.32707,1.32726,1.00,1.00
2017.11.30 14:38:44.306,1.32712,1.32733,1.00,1.37
2017.11.30 14:38:44.718,1.32714,1.32732,1.00,1.00
2017.11.30 14:38:45.234,1.3271,1.32731,2.62,1.00
2017.11.30 14:38:45.286,1.3271,1.32727,1.12,1.00
2017.11.30 14:38:45.434,1.32704,1.32723,1.50,1.00
2017.11.30 14:38:45.986,1.32704,1.32724,1.00,1.87
2017.11.30 14:38:46.536,1.32703,1.32724,1.50,1.87
2017.11.30 14:38:47.033,1.32707,1.32724,1.99,1.00
2017.11.30 14:38:47.146,1.32709,1.32728,1.12,1.50
2017.11.30 14:38:47.200,1.32711,1.3273,1.00,1.00
2017.11.30 14:38:47.357,1.32712,1.32732,1.00,1.00
2017.11.30 14:38:47.664,1.32708,1.32726,1.11,1.00
2017.11.30 14:38:48.015,1.32707,1.32726,1.00,1.00
2017.11.30 14:38:48.067,1.32705,1.32727,1.50,1.87
2017.11.30 14:38:48.171,1.32707,1.32725,1.00,1.00
2017.11.30 14:38:48.222,1.32705,1.32726,1.50,1.00
2017.11.30 14:38:48.428,1.32707,1.32725,1.00,1.00
2017.11.30 14:38:48.989,1.32707,1.32726,1.00,1.00
2017.11.30 14:38:49.665,1.32705,1.32726,2.80,1.00
2017.11.30 14:38:49.768,1.32705,1.32724,1.50,1.00
2017.11.30 14:38:49.871,1.32705,1.32726,2.25,1.00
2017.11.30 14:38:50.128,1.32708,1.32726,1.00,1.00
2017.11.30 14:38:50.668,1.32707,1.32726,1.00,1.00
2017.11.30 14:38:51.374,1.32706,1.32726,1.00,1.00
2017.11.30 14:38:51.883,1.32705,1.32726,1.50,1.00
2017.11.30 14:38:52.190,1.32701,1.32718,1.00,1.00
2017.11.30 14:38:52.512,1.32701,1.3272,1.00,1.87
2017.11.30 14:38:52.714,1.327,1.32718,1.50,1.00
2017.11.30 14:38:53.698,1.327,1.3272,1.00,1.00
2017.11.30 14:38:54.613,1.32703,1.32722,1.19,1.50
2017.11.30 14:38:54.819,1.32706,1.32726,1.00,1.00
2017.11.30 14:38:55.796,1.32706,1.32725,1.00,1.00
2017.11.30 14:38:56.259,1.32704,1.32725,1.00,1.00
2017.11.30 14:38:56.752,1.32706,1.32724,1.00,1.00
2017.11.30 14:38:57.279,1.32707,1.32725,1.00,1.00
2017.11.30 14:38:57.331,1.32707,1.32727,1.50,1.00
2017.11.30 14:38:57.975,1.32708,1.32727,1.00,1.00
2017.11.30 14:38:58.538,1.32709,1.32727,1.50,1.00
2017.11.30 14:38:59.379,1.32709,1.32726,1.00,1.00
2017.11.30 14:38:59.431,1.32706,1.32722,1.00,1.00
2017.11.30 14:38:59.626,1.32702,1.3272,1.00,1.00
2017.11.30 14:38:59.780,1.32703,1.32722,1.00,1.00
2017.11.30 14:38:59.934,1.32705,1.32723,1.00,2.25
2017.11.30 14:39:00.244,1.32697,1.32712,3.00,1.00
2017.11.30 14:39:00.623,1.32694,1.32713,1.50,1.00
2017.11.30 14:39:01.154,1.32695,1.32713,1.00,1.00
2017.11.30 14:39:01.263,1.32697,1.32714,1.00,1.00
2017.11.30 14:39:01.572,1.32697,1.32716,1.50,1.00
2017.11.30 14:39:02.112,1.32698,1.32717,1.00,1.50
2017.11.30 14:39:02.635,1.32698,1.32716,1.00,1.00
2017.11.30 14:39:03.282,1.32696,1.32715,1.50,1.00
2017.11.30 14:39:03.798,1.32697,1.32716,1.00,1.00
2017.11.30 14:39:05.380,1.32698,1.32717,1.00,1.00
2017.11.30 14:39:05.793,1.32704,1.3272,1.00,1.00
2017.11.30 14:39:05.845,1.32702,1.3272,1.50,1.00
2017.11.30 14:39:06.000,1.32705,1.3272,1.50,1.00
2017.11.30 14:39:06.210,1.32706,1.32723,1.00,1.00
2017.11.30 14:39:06.524,1.32703,1.32722,1.00,1.00
2017.11.30 14:39:07.092,1.32702,1.32721,1.00,1.00
2017.11.30 14:39:07.606,1.32702,1.3272,1.50,1.00
2017.11.30 14:39:07.810,1.32704,1.3272,1.00,1.00
2017.11.30 14:39:08.016,1.32702,1.3272,1.00,1.00
2017.11.30 14:39:08.549,1.32698,1.32718,1.87,1.00
2017.11.30 14:39:08.703,1.32699,1.3272,1.00,3.00
2017.11.30 14:39:09.422,1.32699,1.32719,1.00,1.00
2017.11.30 14:39:10.150,1.32699,1.32718,1.00,1.00
2017.11.30 14:39:10.407,1.32697,1.32716,2.25,1.00
2017.11.30 14:39:10.928,1.32698,1.32717,1.00,1.50
2017.11.30 14:39:12.002,1.32698,1.32718,1.00,1.00
2017.11.30 14:39:12.370,1.32697,1.32715,1.87,1.00
2017.11.30 14:39:12.627,1.32694,1.32714,1.87,1.00
2017.11.30 14:39:12.680,1.32694,1.32713,2.06,1.00
2017.11.30 14:39:12.732,1.32696,1.32715,1.25,1.00
2017.11.30 14:39:12.784,1.32698,1.32716,1.00,1.00
2017.11.30 14:39:13.291,1.32698,1.32717,1.00,1.50
2017.11.30 14:39:14.342,1.32695,1.32707,1.00,1.00
2017.11.30 14:39:14.446,1.32693,1.32709,1.00,2.25
2017.11.30 14:39:14.498,1.32687,1.32705,1.75,1.00
2017.11.30 14:39:14.683,1.32687,1.32705,1.00,1.00
2017.11.30 14:39:14.888,1.32689,1.32708,1.00,1.00
2017.11.30 14:39:14.941,1.32693,1.3271,1.00,1.00
2017.11.30 14:39:15.146,1.3269,1.32709,1.50,1.00
2017.11.30 14:39:15.198,1.32689,1.32707,1.00,1.00
2017.11.30 14:39:15.448,1.32693,1.32713,1.00,1.00
2017.11.30 14:39:15.653,1.32692,1.32711,1.87,1.00
2017.11.30 14:39:15.960,1.32692,1.32713,1.12,1.00
2017.11.30 14:39:16.486,1.32692,1.32711,1.12,1.00
2017.11.30 14:39:17.055,1.32691,1.32711,2.25,1.00
2017.11.30 14:39:17.358,1.32689,1.32709,1.37,1.00
2017.11.30 14:39:17.873,1.32689,1.32708,1.37,1.00
2017.11.30 14:39:18.028,1.32688,1.32711,5.44,1.00
2017.11.30 14:39:18.181,1.32688,1.32708,3.94,1.00
2017.11.30 14:39:18.728,1.32688,1.32707,1.00,1.00
2017.11.30 14:39:19.277,1.32689,1.32707,1.50,1.00
2017.11.30 14:39:20.052,1.32689,1.32706,1.00,1.00
2017.11.30 14:39:20.828,1.32687,1.32706,1.24,1.00
2017.11.30 14:39:21.277,1.32689,1.32708,1.37,1.00
2017.11.30 14:39:21.640,1.32688,1.32706,1.50,1.00
2017.11.30 14:39:21.846,1.32689,1.32709,1.00,1.00
2017.11.30 14:39:21.949,1.32689,1.32707,1.00,1.00
2017.11.30 14:39:22.316,1.32687,1.32706,3.00,1.00
2017.11.30 14:39:22.821,1.32688,1.32706,1.00,1.00
2017.11.30 14:39:22.944,1.32688,1.32709,1.50,1.00
2017.11.30 14:39:23.308,1.32688,1.32707,1.00,1.00
2017.11.30 14:39:23.827,1.32689,1.32707,1.11,1.00
2017.11.30 14:39:24.316,1.32688,1.32707,1.00,1.00
2017.11.30 14:39:24.826,1.32687,1.32707,2.61,1.00
2017.11.30 14:39:25.366,1.32687,1.32707,3.36,1.00
2017.11.30 14:39:25.791,1.32687,1.32703,1.86,1.00
2017.11.30 14:39:25.967,1.32689,1.32706,1.11,1.12
2017.11.30 14:39:26.224,1.32687,1.32707,1.00,1.25
2017.11.30 14:39:26.366,1.32686,1.32703,1.00,1.00
2017.11.30 14:39:26.519,1.32684,1.32703,2.62,1.00
2017.11.30 14:39:26.571,1.32685,1.32705,1.50,1.25
2017.11.30 14:39:26.725,1.32685,1.32703,1.50,1.00
2017.11.30 14:39:26.827,1.32685,1.32705,1.00,1.25
2017.11.30 14:39:26.981,1.32685,1.32703,1.00,1.00
2017.11.30 14:39:27.281,1.32685,1.32706,1.50,2.44
2017.11.30 14:39:27.794,1.32686,1.32705,1.00,1.19
2017.11.30 14:39:28.313,1.32686,1.32703,1.00,1.00
2017.11.30 14:39:28.468,1.32686,1.32706,1.50,2.25
2017.11.30 14:39:28.972,1.32685,1.32705,1.00,1.00
2017.11.30 14:39:29.496,1.32685,1.32706,2.61,2.25
2017.11.30 14:39:29.897,1.32689,1.32706,1.86,1.00
2017.11.30 14:39:30.262,1.32689,1.32704,1.61,1.00
2017.11.30 14:39:31.018,1.32685,1.32704,1.00,1.87
2017.11.30 14:39:31.540,1.32686,1.32703,1.00,1.00
2017.11.30 14:39:31.646,1.32685,1.32705,1.55,2.25
2017.11.30 14:39:31.697,1.32687,1.32706,1.55,1.50
2017.11.30 14:39:32.080,1.32688,1.32708,1.11,1.00
2017.11.30 14:39:32.337,1.32688,1.32708,1.11,1.00
2017.11.30 14:39:32.851,1.32689,1.32708,2.05,1.00
2017.11.30 14:39:33.219,1.32691,1.32708,1.55,1.00
2017.11.30 14:39:33.411,1.32691,1.32711,2.05,1.19
2017.11.30 14:39:33.653,1.3269,1.3271,1.00,1.25
2017.11.30 14:39:34.110,1.32695,1.32713,1.00,1.12
2017.11.30 14:39:34.420,1.32696,1.32715,1.50,1.25
2017.11.30 14:39:34.921,1.32697,1.32715,1.50,1.00
2017.11.30 14:39:35.429,1.32698,1.32716,1.00,1.87
2017.11.30 14:39:36.295,1.32697,1.32716,1.00,1.87
2017.11.30 14:39:36.701,1.32695,1.32716,2.25,2.06
2017.11.30 14:39:37.224,1.32696,1.32714,1.00,1.25
2017.11.30 14:39:38.059,1.32695,1.3271,1.00,1.50
2017.11.30 14:39:38.112,1.32692,1.32709,1.00,1.12
2017.11.30 14:39:38.164,1.3269,1.32709,1.50,1.00
2017.11.30 14:39:38.419,1.32692,1.3271,1.00,1.00
2017.11.30 14:39:39.155,1.32692,1.32712,1.00,1.00
2017.11.30 14:39:40.372,1.32691,1.32709,1.00,1.19
2017.11.30 14:39:40.477,1.32687,1.32705,1.50,1.00
2017.11.30 14:39:41.034,1.32686,1.32705,1.00,1.00
2017.11.30 14:39:41.546,1.32686,1.32704,1.00,1.00
2017.11.30 14:39:42.079,1.32687,1.32705,1.00,1.00
2017.11.30 14:39:42.183,1.32685,1.32704,1.50,1.00
2017.11.30 14:39:43.116,1.32684,1.32702,1.00,1.00
2017.11.30 14:39:43.724,1.32683,1.32701,1.00,1.00
2017.11.30 14:39:44.885,1.32682,1.32701,1.87,1.00
2017.11.30 14:39:45.417,1.32681,1.327,3.75,1.00
2017.11.30 14:39:45.714,1.32675,1.32696,1.00,1.25
2017.11.30 14:39:45.920,1.32675,1.32694,1.00,1.00
2017.11.30 14:39:46.538,1.32675,1.32695,1.00,1.00
2017.11.30 14:39:47.283,1.32677,1.32696,1.00,1.00
2017.11.30 14:39:47.543,1.32681,1.32702,1.50,1.50
2017.11.30 14:39:47.647,1.32683,1.32702,1.00,1.00
2017.11.30 14:39:48.184,1.32684,1.32701,1.00,1.00
2017.11.30 14:39:49.129,1.32683,1.32701,1.00,1.00
2017.11.30 14:39:49.448,1.32708,1.32719,1.69,1.00
2017.11.30 14:39:49.500,1.32709,1.32731,1.25,2.62
2017.11.30 14:39:49.723,1.32705,1.32724,1.12,1.00
2017.11.30 14:39:50.032,1.32706,1.32726,1.50,1.00
2017.11.30 14:39:50.236,1.32708,1.32725,1.00,1.00
2017.11.30 14:39:50.422,1.32714,1.32734,1.50,1.87
2017.11.30 14:39:50.576,1.32714,1.32734,1.87,1.00
2017.11.30 14:39:51.089,1.32715,1.32735,1.50,1.50
2017.11.30 14:39:51.598,1.32714,1.32733,1.00,1.00
2017.11.30 14:39:51.949,1.32716,1.32734,1.00,1.00
2017.11.30 14:39:53.146,1.32715,1.32734,1.00,1.00
2017.11.30 14:39:53.403,1.32709,1.3273,1.50,1.87
2017.11.30 14:39:53.633,1.32709,1.32727,1.50,1.00
2017.11.30 14:39:53.848,1.32709,1.3273,1.50,1.87
2017.11.30 14:39:53.899,1.32708,1.32726,1.50,1.00
2017.11.30 14:39:54.207,1.32706,1.32724,1.00,1.00
2017.11.30 14:39:55.037,1.32705,1.32724,1.00,1.00
2017.11.30 14:39:55.581,1.32704,1.32724,1.00,1.00
2017.11.30 14:39:56.443,1.32706,1.32724,1.00,1.00
2017.11.30 14:39:56.889,1.32704,1.32724,1.00,1.00
2017.11.30 14:39:57.414,1.32703,1.32722,1.00,1.00
2017.11.30 14:39:58.263,1.32701,1.32719,1.00,1.19
2017.11.30 14:39:58.474,1.32691,1.32709,1.00,2.62
2017.11.30 14:39:58.680,1.3269,1.32708,1.12,1.19
2017.11.30 14:39:58.887,1.32686,1.32704,1.50,1.00
2017.11.30 14:39:59.045,1.32679,1.32699,1.87,1.00
2017.11.30 14:39:59.895,1.32679,1.32699,1.00,1.69
2017.11.30 14:40:00.000,1.32673,1.32692,1.00,1.31
2017.11.30 14:40:00.052,1.3267,1.32691,1.00,1.25
2017.11.30 14:40:00.155,1.3267,1.32688,1.00,1.00
2017.11.30 14:40:00.564,1.32669,1.32684,1.00,1.00
2017.11.30 14:40:00.617,1.32664,1.32684,1.00,1.69
2017.11.30 14:40:01.325,1.32665,1.32684,1.00,1.80
2017.11.30 14:40:01.377,1.32663,1.32683,1.50,1.00
2017.11.30 14:40:02.629,1.32663,1.32684,1.00,1.31
2017.11.30 14:40:02.837,1.32663,1.32682,1.00,1.50
2017.11.30 14:40:03.357,1.32662,1.32681,1.00,1.00
2017.11.30 14:40:03.917,1.32662,1.32682,1.00,1.87
2017.11.30 14:40:04.225,1.32669,1.32686,1.00,1.86
2017.11.30 14:40:04.277,1.32669,1.32687,1.00,2.25
2017.11.30 14:40:04.606,1.3267,1.3269,1.00,2.62
2017.11.30 14:40:04.708,1.32672,1.3269,1.00,2.62
2017.11.30 14:40:05.559,1.32671,1.32689,1.00,1.00
2017.11.30 14:40:08.754,1.32671,1.32691,1.00,1.87
2017.11.30 14:40:08.806,1.32673,1.32691,1.00,1.12
2017.11.30 14:40:09.252,1.32672,1.32693,1.00,1.25
2017.11.30 14:40:09.592,1.32674,1.32692,1.00,1.00
2017.11.30 14:40:10.116,1.32673,1.32691,1.00,1.00
2017.11.30 14:40:10.616,1.32673,1.32693,1.00,1.25
2017.11.30 14:40:10.822,1.32674,1.32691,1.00,1.00
2017.11.30 14:40:10.970,1.32676,1.32695,1.00,1.87
2017.11.30 14:40:11.022,1.32678,1.32696,1.00,1.50
2017.11.30 14:40:11.536,1.32679,1.32697,1.00,1.75
2017.11.30 14:40:11.588,1.32679,1.32697,1.00,1.00
2017.11.30 14:40:12.463,1.32678,1.32696,1.50,1.00
2017.11.30 14:40:12.990,1.32676,1.32694,1.00,1.00
2017.11.30 14:40:13.308,1.32676,1.32696,1.00,1.00
2017.11.30 14:40:13.359,1.32676,1.32694,1.00,1.00
2017.11.30 14:40:13.411,1.32676,1.32696,1.00,1.00
2017.11.30 14:40:14.001,1.32677,1.32697,1.00,1.00
2017.11.30 14:40:14.052,1.3268,1.327,1.00,1.50
2017.11.30 14:40:15.189,1.3268,1.32698,1.00,1.00
2017.11.30 14:40:15.550,1.3268,1.327,1.00,1.30
2017.11.30 14:40:16.055,1.32681,1.327,1.00,1.00
2017.11.30 14:40:17.182,1.32682,1.32701,1.00,1.00
2017.11.30 14:40:17.927,1.32682,1.32702,1.00,1.00
2017.11.30 14:40:18.375,1.32686,1.32703,1.00,1.00
2017.11.30 14:40:18.427,1.32687,1.32705,1.00,1.00
2017.11.30 14:40:19.149,1.32687,1.32706,1.00,1.50
2017.11.30 14:40:20.100,1.32687,1.32707,1.00,1.00
2017.11.30 14:40:21.175,1.32688,1.32708,1.50,1.19
2017.11.30 14:40:21.801,1.32689,1.32707,1.00,1.80
2017.11.30 14:40:21.865,1.32686,1.32706,1.00,1.00
2017.11.30 14:40:21.916,1.32686,1.32704,1.00,1.00
2017.11.30 14:40:22.551,1.32685,1.32705,1.50,1.00
2017.11.30 14:40:23.368,1.32686,1.32705,1.00,1.00
2017.11.30 14:40:24.194,1.32686,1.32703,1.00,1.00
2017.11.30 14:40:24.717,1.32685,1.32703,1.50,1.00
2017.11.30 14:40:25.076,1.32685,1.327,1.00,1.00
2017.11.30 14:40:25.334,1.32683,1.32701,1.00,1.00
2017.11.30 14:40:25.857,1.32684,1.32702,1.00,1.00
2017.11.30 14:40:26.720,1.32685,1.32703,1.00,1.00
2017.11.30 14:40:27.315,1.32686,1.32704,1.00,1.00
2017.11.30 14:40:27.367,1.32684,1.32703,1.50,1.00
2017.11.30 14:40:27.550,1.32683,1.32701,1.50,1.00
2017.11.30 14:40:28.178,1.32684,1.32702,1.00,1.00
2017.11.30 14:40:28.906,1.32683,1.32702,1.00,1.00
2017.11.30 14:40:29.456,1.32683,1.32701,1.00,1.00
2017.11.30 14:40:29.509,1.32683,1.32703,1.00,1.00
2017.11.30 14:40:29.611,1.32683,1.32701,1.00,1.00
2017.11.30 14:40:29.766,1.32683,1.32703,1.00,1.00
2017.11.30 14:40:30.173,1.32683,1.32701,1.00,1.00
2017.11.30 14:40:30.483,1.32688,1.32705,1.50,1.00
2017.11.30 14:40:30.759,1.32688,1.32707,1.00,1.00
2017.11.30 14:40:31.267,1.32687,1.32707,1.12,1.00
2017.11.30 14:40:31.799,1.3269,1.32708,1.00,1.00
2017.11.30 14:40:33.291,1.32691,1.32709,1.00,1.00
2017.11.30 14:40:33.448,1.32694,1.32714,1.50,1.00
2017.11.30 14:40:33.500,1.32696,1.32714,1.00,1.00
2017.11.30 14:40:33.807,1.32698,1.32715,1.00,1.00
2017.11.30 14:40:34.003,1.32698,1.32718,1.00,1.30
2017.11.30 14:40:34.516,1.32697,1.32717,1.50,1.00
2017.11.30 14:40:35.179,1.327,1.32717,1.00,1.00
2017.11.30 14:40:35.231,1.32702,1.32721,1.00,1.00
2017.11.30 14:40:35.283,1.32704,1.32722,1.00,3.00
2017.11.30 14:40:35.852,1.32705,1.32723,1.00,1.00
2017.11.30 14:40:36.008,1.32706,1.32725,1.00,1.00
2017.11.30 14:40:36.915,1.32708,1.32725,1.00,1.00
2017.11.30 14:40:36.966,1.32712,1.3273,1.00,1.50
2017.11.30 14:40:37.111,1.32717,1.32735,1.00,1.87
2017.11.30 14:40:37.794,1.32717,1.32736,1.00,1.50
2017.11.30 14:40:38.141,1.32716,1.32734,1.00,1.00
2017.11.30 14:40:38.244,1.32716,1.32736,1.69,1.00
2017.11.30 14:40:38.296,1.32718,1.32736,1.00,1.00
2017.11.30 14:40:38.817,1.32717,1.32735,1.00,1.00
2017.11.30 14:40:39.166,1.32722,1.3274,1.00,1.12
2017.11.30 14:40:39.270,1.32733,1.32753,1.19,1.00
2017.11.30 14:40:39.374,1.32735,1.32755,1.00,1.00
2017.11.30 14:40:39.776,1.32734,1.32753,1.25,1.00
2017.11.30 14:40:40.081,1.32736,1.32754,1.00,1.00
2017.11.30 14:40:40.584,1.32737,1.32755,1.00,1.00
2017.11.30 14:40:41.600,1.32737,1.32757,1.00,1.00
2017.11.30 14:40:43.374,1.32736,1.32756,1.00,1.00
2017.11.30 14:40:45.441,1.32739,1.32757,1.00,1.00
2017.11.30 14:40:45.544,1.32738,1.32759,1.00,1.50
2017.11.30 14:40:46.093,1.32739,1.32759,1.00,1.00
2017.11.30 14:40:46.292,1.32739,1.32757,1.00,1.00
2017.11.30 14:40:46.968,1.32738,1.32756,1.00,1.00
2017.11.30 14:40:48.016,1.32737,1.32755,1.00,1.00
2017.11.30 14:40:48.119,1.32737,1.32757,1.00,1.50
2017.11.30 14:40:48.173,1.32736,1.32754,1.00,1.00
2017.11.30 14:40:48.488,1.32739,1.32756,1.00,1.00
2017.11.30 14:40:49.088,1.32738,1.32756,1.50,1.00
2017.11.30 14:40:49.140,1.32735,1.32756,1.00,1.00
2017.11.30 14:40:49.356,1.32737,1.32755,1.00,1.00
2017.11.30 14:40:49.876,1.32736,1.32754,1.00,1.00
2017.11.30 14:40:49.978,1.32736,1.32756,1.00,1.00
2017.11.30 14:40:50.230,1.32744,1.32759,1.00,1.00
2017.11.30 14:40:50.385,1.32739,1.32759,1.00,1.50
2017.11.30 14:40:50.437,1.32736,1.32756,1.00,1.00
2017.11.30 14:40:51.016,1.32735,1.32755,1.12,1.00
2017.11.30 14:40:51.530,1.32736,1.32756,1.00,1.00
2017.11.30 14:40:51.633,1.32734,1.32755,2.44,1.00
2017.11.30 14:40:51.964,1.3273,1.3275,3.00,1.00
2017.11.30 14:40:52.274,1.32734,1.32754,1.00,1.50
2017.11.30 14:40:52.821,1.32735,1.32753,1.00,1.50
2017.11.30 14:40:53.700,1.32736,1.32754,1.00,1.87
2017.11.30 14:40:54.211,1.32733,1.32755,1.25,2.25
2017.11.30 14:40:54.423,1.32737,1.32755,1.00,1.00
2017.11.30 14:40:54.577,1.32735,1.32756,1.00,1.00
2017.11.30 14:40:54.944,1.32737,1.32755,1.00,1.00
2017.11.30 14:40:57.022,1.32734,1.32755,1.50,1.00
2017.11.30 14:40:57.124,1.32736,1.32756,1.00,1.00
2017.11.30 14:40:57.432,1.32738,1.32757,1.00,1.00
2017.11.30 14:40:57.976,1.32737,1.32757,1.12,1.00
2017.11.30 14:40:58.563,1.32738,1.32757,1.00,1.00
2017.11.30 14:40:59.098,1.32738,1.32757,1.69,1.00
2017.11.30 14:40:59.823,1.32739,1.32759,1.25,1.00
2017.11.30 14:41:00.080,1.32743,1.32761,1.00,1.00
2017.11.30 14:41:00.234,1.32744,1.32764,1.87,1.00
2017.11.30 14:41:00.388,1.32745,1.32762,1.12,1.00
2017.11.30 14:41:00.643,1.32745,1.32765,1.31,1.00
2017.11.30 14:41:01.001,1.32745,1.32763,1.87,1.00
2017.11.30 14:41:03.129,1.32745,1.32765,1.31,1.00
2017.11.30 14:41:03.398,1.32749,1.32771,1.12,1.00
2017.11.30 14:41:03.450,1.32752,1.3277,1.69,1.00
2017.11.30 14:41:03.760,1.32762,1.3278,1.00,1.12
2017.11.30 14:41:04.080,1.32765,1.32783,1.12,1.12
2017.11.30 14:41:04.647,1.32765,1.32784,1.31,1.00
2017.11.30 14:41:05.102,1.32766,1.32786,1.00,1.00
2017.11.30 14:41:05.937,1.32767,1.32786,1.00,1.00
2017.11.30 14:41:07.282,1.32767,1.32785,1.00,1.00
2017.11.30 14:41:07.457,1.32767,1.32787,1.00,1.12
2017.11.30 14:41:08.112,1.32767,1.32787,2.00,1.12
2017.11.30 14:41:10.365,1.32768,1.32788,1.50,1.12
2017.11.30 14:41:10.881,1.32769,1.32786,1.12,1.00
2017.11.30 14:41:11.581,1.32769,1.32785,1.12,1.00
2017.11.30 14:41:12.119,1.32769,1.32786,1.12,1.00
2017.11.30 14:41:12.429,1.32769,1.32782,1.12,1.00
2017.11.30 14:41:12.480,1.32769,1.32784,1.12,1.00
2017.11.30 14:41:12.635,1.32766,1.32784,1.12,1.00
2017.11.30 14:41:13.803,1.32767,1.32784,1.00,1.00
2017.11.30 14:41:14.019,1.32767,1.32787,1.00,1.00
2017.11.30 14:41:14.072,1.3277,1.32788,1.12,1.50
2017.11.30 14:41:14.865,1.32769,1.32787,1.87,1.00
2017.11.30 14:41:15.377,1.3277,1.32786,1.37,1.00
2017.11.30 14:41:16.633,1.32771,1.32787,1.12,1.00
2017.11.30 14:41:17.139,1.3277,1.32788,1.37,1.12
2017.11.30 14:41:17.705,1.32771,1.32787,1.12,1.00
2017.11.30 14:41:17.858,1.32768,1.32787,1.87,1.00
2017.11.30 14:41:18.686,1.32767,1.32785,1.50,1.00
2017.11.30 14:41:20.283,1.32768,1.32784,1.12,1.00
2017.11.30 14:41:21.048,1.32767,1.32786,1.50,1.00
2017.11.30 14:41:21.355,1.32768,1.32784,1.12,1.00
2017.11.30 14:41:21.407,1.32766,1.32784,1.12,1.00
2017.11.30 14:41:21.509,1.32765,1.32781,1.50,1.30
2017.11.30 14:41:21.694,1.3276,1.32778,1.00,1.00
2017.11.30 14:41:21.746,1.32756,1.32778,2.62,1.00
2017.11.30 14:41:22.316,1.32756,1.32777,1.37,1.00
2017.11.30 14:41:23.095,1.32756,1.32775,1.37,1.19
2017.11.30 14:41:23.147,1.32753,1.32773,1.87,1.00
2017.11.30 14:41:23.308,1.32751,1.32767,1.50,1.00
2017.11.30 14:41:23.359,1.32749,1.32767,1.00,1.00
2017.11.30 14:41:24.005,1.3275,1.32767,1.00,1.00
2017.11.30 14:41:24.540,1.32749,1.32767,1.00,1.00
2017.11.30 14:41:25.120,1.3275,1.32767,1.00,1.00
2017.11.30 14:41:25.668,1.32749,1.32766,1.00,1.00
2017.11.30 14:41:26.539,1.3275,1.32766,1.00,1.00
2017.11.30 14:41:27.055,1.3275,1.32767,1.00,1.00
2017.11.30 14:41:28.310,1.3275,1.32768,1.00,1.12
2017.11.30 14:41:29.766,1.3275,1.32767,1.00,1.00
2017.11.30 14:41:30.405,1.32749,1.32767,1.00,1.00
2017.11.30 14:41:30.917,1.3275,1.32767,1.00,1.00
2017.11.30 14:41:31.670,1.32749,1.32767,1.00,1.00
2017.11.30 14:41:31.877,1.32761,1.32775,1.00,1.50
2017.11.30 14:41:31.981,1.32765,1.32784,1.25,1.87
2017.11.30 14:41:32.085,1.32768,1.32786,1.00,2.25
2017.11.30 14:41:32.343,1.32766,1.32783,1.00,1.00
2017.11.30 14:41:32.608,1.32765,1.32785,1.31,1.12
2017.11.30 14:41:32.659,1.32767,1.32785,1.25,1.12
2017.11.30 14:41:33.069,1.32769,1.32786,1.00,1.00
2017.11.30 14:41:33.594,1.32774,1.32791,1.00,1.00
2017.11.30 14:41:33.907,1.32775,1.32793,1.87,1.00
2017.11.30 14:41:34.487,1.32775,1.32792,1.37,1.00
2017.11.30 14:41:35.120,1.32776,1.32791,1.12,1.00
2017.11.30 14:41:35.932,1.32775,1.3279,1.00,1.00
2017.11.30 14:41:35.985,1.32771,1.3279,3.00,1.00
2017.11.30 14:41:36.037,1.32771,1.32788,1.50,1.00
2017.11.30 14:41:36.089,1.32771,1.3279,2.25,1.00
2017.11.30 14:41:36.614,1.32772,1.32789,1.00,1.00
2017.11.30 14:41:36.716,1.32771,1.32787,1.50,1.00
2017.11.30 14:41:36.929,1.3277,1.32789,1.00,1.00
2017.11.30 14:41:36.981,1.32784,1.32796,1.00,2.25
2017.11.30 14:41:37.085,1.32786,1.32802,2.25,1.12
2017.11.30 14:41:37.138,1.32785,1.32805,3.19,1.50
2017.11.30 14:41:37.675,1.3279,1.3281,1.87,1.00
2017.11.30 14:41:37.778,1.3279,1.32808,1.12,1.00
2017.11.30 14:41:38.331,1.3279,1.32807,1.12,1.00
2017.11.30 14:41:39.515,1.32788,1.32808,1.12,1.00
2017.11.30 14:41:40.061,1.32787,1.32807,1.87,1.00
2017.11.30 14:41:40.493,1.32787,1.32805,1.87,1.00
2017.11.30 14:41:40.545,1.32786,1.32804,1.00,1.00
2017.11.30 14:41:41.058,1.32788,1.32804,1.00,1.00
2017.11.30 14:41:41.213,1.32786,1.32806,1.00,1.12
2017.11.30 14:41:41.315,1.32785,1.32804,1.12,1.00
2017.11.30 14:41:41.634,1.32783,1.32799,1.00,1.00
2017.11.30 14:41:41.685,1.32781,1.32798,1.00,1.00
2017.11.30 14:41:41.788,1.3278,1.328,1.50,1.00
2017.11.30 14:41:42.409,1.32778,1.32797,1.00,1.69
2017.11.30 14:41:42.460,1.32774,1.32791,2.25,1.19
2017.11.30 14:41:42.564,1.32771,1.32786,1.00,1.00
2017.11.30 14:41:42.617,1.32768,1.32786,1.12,1.00
2017.11.30 14:41:42.773,1.32766,1.32784,1.00,1.00
2017.11.30 14:41:43.994,1.32771,1.32787,1.00,1.31
2017.11.30 14:41:44.047,1.32772,1.32791,1.00,1.00
2017.11.30 14:41:44.100,1.32777,1.32795,1.00,1.50
2017.11.30 14:41:44.452,1.3278,1.32798,1.00,1.19
2017.11.30 14:41:44.977,1.32779,1.32798,1.12,1.19
2017.11.30 14:41:45.284,1.32783,1.328,1.12,1.19
2017.11.30 14:41:45.762,1.32783,1.32799,1.12,1.19
2017.11.30 14:41:46.075,1.32783,1.32798,1.12,1.19
2017.11.30 14:41:46.383,1.32783,1.32799,1.12,1.19
2017.11.30 14:41:46.805,1.32778,1.32797,1.12,1.19
2017.11.30 14:41:47.164,1.3278,1.32797,1.00,1.19
2017.11.30 14:41:47.216,1.32783,1.32801,1.00,1.19
2017.11.30 14:41:47.269,1.32784,1.32804,1.00,1.69
2017.11.30 14:41:47.372,1.32791,1.32808,1.00,1.19
2017.11.30 14:41:47.476,1.32787,1.32807,3.00,1.31
2017.11.30 14:41:47.840,1.32787,1.32806,1.50,1.19
2017.11.30 14:41:47.943,1.32784,1.32804,1.50,1.25
2017.11.30 14:41:48.439,1.32783,1.32799,1.00,1.00
2017.11.30 14:41:48.544,1.32776,1.32796,1.00,1.19
2017.11.30 14:41:48.699,1.32781,1.32801,1.00,1.19
2017.11.30 14:41:48.751,1.32784,1.32803,1.00,1.19
2017.11.30 14:41:49.176,1.32784,1.32805,1.00,1.19
2017.11.30 14:41:49.281,1.32782,1.32805,3.00,1.19
2017.11.30 14:41:50.027,1.32783,1.32803,1.12,1.31
2017.11.30 14:41:50.201,1.32781,1.32799,1.00,1.19
2017.11.30 14:41:50.255,1.32778,1.32801,2.25,1.19
2017.11.30 14:41:50.307,1.32785,1.32804,1.00,1.56
2017.11.30 14:41:50.622,1.32789,1.32805,1.00,1.00
2017.11.30 14:41:51.023,1.32789,1.32807,1.00,1.56
2017.11.30 14:41:51.075,1.32787,1.32804,1.00,1.19
2017.11.30 14:41:51.178,1.32787,1.32802,1.00,1.19
2017.11.30 14:41:51.280,1.32784,1.32802,1.00,1.31
2017.11.30 14:41:51.332,1.32782,1.328,1.12,1.19
2017.11.30 14:41:51.840,1.32781,1.32801,1.37,1.00
2017.11.30 14:41:52.380,1.32781,1.32802,1.87,1.12
2017.11.30 14:41:52.884,1.32782,1.32801,1.12,1.00
2017.11.30 14:41:53.390,1.32781,1.32803,1.37,1.69
2017.11.30 14:41:53.916,1.32782,1.32804,1.12,1.37
2017.11.30 14:41:54.537,1.32782,1.32804,1.12,1.00
2017.11.30 14:41:54.702,1.32782,1.32802,1.12,1.00
2017.11.30 14:41:55.010,1.32787,1.32806,1.87,1.00
2017.11.30 14:41:55.469,1.32785,1.32808,1.12,1.19
2017.11.30 14:41:55.976,1.32785,1.32808,2.62,1.30
2017.11.30 14:41:56.525,1.32786,1.32808,1.00,1.30
2017.11.30 14:41:57.043,1.32787,1.32807,1.00,1.12
2017.11.30 14:41:57.095,1.32787,1.32806,1.00,1.43
2017.11.30 14:41:57.147,1.32783,1.32802,1.12,1.00
2017.11.30 14:41:57.199,1.32782,1.328,1.87,1.00
2017.11.30 14:41:57.251,1.3278,1.32799,2.25,1.00
2017.11.30 14:41:57.657,1.32781,1.32801,1.00,1.00
2017.11.30 14:41:58.319,1.32779,1.32801,2.06,1.00
2017.11.30 14:41:58.964,1.3278,1.32801,1.50,1.00
2017.11.30 14:42:00.411,1.32786,1.32805,1.00,1.00
2017.11.30 14:42:00.719,1.3279,1.32808,1.12,1.00
2017.11.30 14:42:01.228,1.32789,1.32809,2.25,1.00
2017.11.30 14:42:01.743,1.32791,1.3281,1.00,1.00
2017.11.30 14:42:02.037,1.32798,1.32819,1.25,1.00
2017.11.30 14:42:02.844,1.328,1.32819,1.00,1.00
2017.11.30 14:42:04.376,1.328,1.32818,1.12,1.00
2017.11.30 14:42:04.586,1.32796,1.32815,1.50,1.00
2017.11.30 14:42:05.119,1.32795,1.32814,1.00,1.00
2017.11.30 14:42:05.427,1.32792,1.32811,1.12,1.00
2017.11.30 14:42:05.749,1.3279,1.32809,1.50,1.00
2017.11.30 14:42:06.094,1.32791,1.32809,1.11,1.00
2017.11.30 14:42:06.453,1.3279,1.32809,1.50,1.00
2017.11.30 14:42:06.976,1.3279,1.3281,1.30,1.00
2017.11.30 14:42:07.973,1.32791,1.3281,1.11,1.00
2017.11.30 14:42:08.475,1.32792,1.3281,1.11,1.00
2017.11.30 14:42:08.937,1.32789,1.32809,1.50,1.00
2017.11.30 14:42:09.445,1.32791,1.32809,1.00,1.00
2017.11.30 14:42:09.988,1.3279,1.32809,1.24,1.00
2017.11.30 14:42:10.264,1.32791,1.32809,1.55,1.00
2017.11.30 14:42:10.754,1.32791,1.32809,1.00,1.00
2017.11.30 14:42:10.807,1.32789,1.32809,1.12,1.00
2017.11.30 14:42:10.859,1.32789,1.32807,1.12,1.00
2017.11.30 14:42:11.836,1.32788,1.32806,1.87,1.00
2017.11.30 14:42:12.359,1.32791,1.32806,1.00,1.00
2017.11.30 14:42:12.412,1.32791,1.32809,1.00,1.00
2017.11.30 14:42:12.464,1.32795,1.32813,1.00,1.87
2017.11.30 14:42:12.771,1.32797,1.32815,1.87,1.00
2017.11.30 14:42:13.828,1.32797,1.32817,1.87,1.00
2017.11.30 14:42:14.166,1.32797,1.32808,1.12,1.87
2017.11.30 14:42:14.219,1.32795,1.32808,1.00,1.00
2017.11.30 14:42:14.271,1.32791,1.32807,2.25,1.00
2017.11.30 14:42:14.442,1.32788,1.32808,1.50,1.00
2017.11.30 14:42:14.953,1.32788,1.32805,1.00,1.00
2017.11.30 14:42:15.190,1.32778,1.32801,2.25,1.50
2017.11.30 14:42:15.243,1.32782,1.32801,1.69,1.50
2017.11.30 14:42:15.346,1.32782,1.32798,1.87,1.00
2017.11.30 14:42:15.398,1.32782,1.32802,1.12,1.50
2017.11.30 14:42:15.450,1.32784,1.32802,1.00,1.00
2017.11.30 14:42:15.502,1.32784,1.32804,1.00,1.00
2017.11.30 14:42:15.838,1.32785,1.32806,1.00,1.87
2017.11.30 14:42:16.357,1.32785,1.32805,1.00,1.50
2017.11.30 14:42:17.015,1.32784,1.32804,1.00,1.00
2017.11.30 14:42:17.924,1.32783,1.32803,1.00,1.00
2017.11.30 14:42:18.436,1.3279,1.32808,1.00,1.00
2017.11.30 14:42:18.593,1.32794,1.32813,1.68,1.00
2017.11.30 14:42:18.733,1.32795,1.32815,1.31,1.00
2017.11.30 14:42:18.785,1.32801,1.32818,1.50,1.00
2017.11.30 14:42:18.889,1.32801,1.3282,1.00,2.25
2017.11.30 14:42:19.390,1.32799,1.32819,1.69,1.00
2017.11.30 14:42:19.943,1.32799,1.32819,1.69,1.00
2017.11.30 14:42:20.611,1.32799,1.32819,1.69,1.00
2017.11.30 14:42:21.127,1.32799,1.32819,1.00,1.00
2017.11.30 14:42:21.179,1.32799,1.32817,1.00,1.00
2017.11.30 14:42:21.754,1.32799,1.32816,1.00,1.00
2017.11.30 14:42:22.145,1.32796,1.32815,1.00,1.00
2017.11.30 14:42:22.746,1.32801,1.32815,1.00,1.00
2017.11.30 14:42:23.835,1.328,1.32815,1.00,1.00
2017.11.30 14:42:24.325,1.32803,1.32821,1.00,2.25
2017.11.30 14:42:24.529,1.32806,1.32824,1.00,1.00
2017.11.30 14:42:24.734,1.32802,1.32824,3.56,1.00
2017.11.30 14:42:24.837,1.32804,1.32824,1.00,1.00
2017.11.30 14:42:25.368,1.32804,1.32824,1.00,1.69
2017.11.30 14:42:25.829,1.32805,1.32821,1.00,1.00
2017.11.30 14:42:26.276,1.32799,1.32819,1.50,1.00
2017.11.30 14:42:26.327,1.32799,1.32816,1.50,1.00
2017.11.30 14:42:26.534,1.32795,1.32815,3.75,1.00
2017.11.30 14:42:27.045,1.32796,1.32815,1.31,1.00
2017.11.30 14:42:27.574,1.32798,1.32816,1.00,1.00
2017.11.30 14:42:27.993,1.32793,1.32811,1.00,1.00
2017.11.30 14:42:28.403,1.32792,1.32812,1.00,1.37
2017.11.30 14:42:28.455,1.32785,1.32805,2.25,1.00
2017.11.30 14:42:28.661,1.32783,1.32801,1.00,1.00
2017.11.30 14:42:28.713,1.32779,1.328,1.00,1.12
2017.11.30 14:42:29.223,1.32778,1.32801,1.00,3.00
2017.11.30 14:42:29.806,1.32778,1.32801,1.12,1.00
2017.11.30 14:42:29.858,1.32779,1.32797,1.00,1.00
2017.11.30 14:42:30.049,1.32777,1.32796,1.50,1.00
2017.11.30 14:42:30.359,1.32776,1.32794,1.00,1.00
2017.11.30 14:42:30.872,1.32778,1.32794,1.00,1.00
2017.11.30 14:42:30.976,1.32779,1.32797,1.00,1.00
2017.11.30 14:42:31.283,1.32776,1.32796,2.25,1.00
2017.11.30 14:42:31.335,1.32776,1.32794,1.00,1.00
2017.11.30 14:42:31.387,1.32773,1.32793,1.50,1.00
2017.11.30 14:42:31.438,1.32773,1.32791,1.00,1.00
2017.11.30 14:42:32.041,1.32772,1.3279,1.00,1.00
2017.11.30 14:42:32.349,1.32776,1.32794,1.00,1.50
2017.11.30 14:42:32.452,1.32773,1.32794,1.12,1.50
2017.11.30 14:42:32.504,1.32773,1.32791,1.12,1.12
2017.11.30 14:42:32.850,1.32769,1.32787,1.00,1.00
2017.11.30 14:42:34.899,1.3277,1.32788,1.00,1.00
2017.11.30 14:42:34.951,1.32769,1.3279,1.50,1.00
2017.11.30 14:42:35.463,1.32771,1.32789,1.50,1.00
2017.11.30 14:42:35.514,1.32771,1.32791,1.50,1.50
2017.11.30 14:42:35.617,1.32777,1.32791,1.00,1.00
2017.11.30 14:42:35.669,1.32777,1.32794,1.00,1.00
2017.11.30 14:42:39.323,1.32775,1.32794,2.25,1.00
2017.11.30 14:42:39.820,1.32778,1.32798,1.50,1.00
2017.11.30 14:42:40.347,1.32779,1.32798,1.50,1.00
2017.11.30 14:42:40.963,1.32778,1.32796,1.00,1.00
2017.11.30 14:42:41.476,1.32777,1.32796,1.50,1.00
2017.11.30 14:42:42.288,1.32777,1.32795,2.25,1.00
2017.11.30 14:42:42.793,1.32778,1.32796,1.00,1.00
2017.11.30 14:42:42.989,1.32784,1.32803,1.00,1.00
2017.11.30 14:42:43.040,1.32785,1.32803,2.44,1.00
2017.11.30 14:42:43.246,1.3278,1.32799,3.56,1.00
2017.11.30 14:42:43.298,1.32781,1.32797,1.00,1.00
2017.11.30 14:42:43.452,1.32778,1.32797,1.50,1.00
2017.11.30 14:42:43.995,1.32778,1.32796,1.00,1.00
2017.11.30 14:42:44.306,1.32777,1.32794,1.00,1.00
2017.11.30 14:42:44.358,1.32777,1.32797,1.00,1.00
2017.11.30 14:42:44.811,1.32777,1.32795,2.25,1.00
2017.11.30 14:42:45.120,1.32785,1.32802,1.00,1.50
2017.11.30 14:42:45.444,1.32783,1.32802,3.19,1.50
2017.11.30 14:42:45.969,1.32784,1.32802,1.00,1.50
2017.11.30 14:42:46.175,1.32782,1.32801,1.00,1.00
2017.11.30 14:42:46.702,1.32781,1.328,1.87,1.00
2017.11.30 14:42:48.486,1.3278,1.32799,1.00,1.00
2017.11.30 14:42:49.033,1.32781,1.32798,1.00,1.00
2017.11.30 14:42:49.552,1.3278,1.32799,1.00,1.00
2017.11.30 14:42:49.656,1.32778,1.32797,1.50,1.00
2017.11.30 14:42:50.157,1.32777,1.32797,1.87,1.00
2017.11.30 14:42:50.803,1.32778,1.32797,1.00,1.00
2017.11.30 14:42:53.766,1.32777,1.32798,3.00,1.00
2017.11.30 14:42:54.316,1.32776,1.32797,2.25,1.50
2017.11.30 14:42:54.891,1.32778,1.32796,1.00,1.00
2017.11.30 14:42:55.296,1.3278,1.32796,1.00,1.00
2017.11.30 14:42:55.821,1.32781,1.32797,1.00,1.50
2017.11.30 14:42:55.924,1.32781,1.32799,1.00,1.87
2017.11.30 14:42:56.434,1.3278,1.32799,1.50,1.12
2017.11.30 14:42:56.701,1.32775,1.32792,1.87,1.00
2017.11.30 14:42:56.959,1.32772,1.32792,1.55,1.00
2017.11.30 14:42:57.617,1.32773,1.32792,1.86,1.00
2017.11.30 14:42:57.943,1.32776,1.32792,1.30,1.00
2017.11.30 14:42:58.916,1.32773,1.32792,1.30,1.00
2017.11.30 14:42:58.968,1.32776,1.32792,1.00,1.00
2017.11.30 14:42:59.123,1.32775,1.32795,1.50,1.50
2017.11.30 14:42:59.805,1.32776,1.32795,1.00,1.50
2017.11.30 14:43:00.316,1.32776,1.32794,1.00,1.00
2017.11.30 14:43:01.769,1.32776,1.32795,1.00,1.25
2017.11.30 14:43:02.075,1.32778,1.32796,1.00,1.87
2017.11.30 14:43:02.383,1.32776,1.32794,1.50,1.00
2017.11.30 14:43:02.705,1.32778,1.32796,1.50,1.19
2017.11.30 14:43:03.014,1.32781,1.32798,2.25,1.00
2017.11.30 14:43:05.950,1.32785,1.32802,1.00,1.19
2017.11.30 14:43:06.470,1.32782,1.32802,1.00,1.19
2017.11.30 14:43:07.590,1.32782,1.32802,1.50,1.25
2017.11.30 14:43:08.575,1.32782,1.32801,1.00,1.12
2017.11.30 14:43:08.627,1.32778,1.32798,2.62,1.00
2017.11.30 14:43:08.679,1.32776,1.32795,4.30,1.00
2017.11.30 14:43:08.731,1.32776,1.32797,1.30,1.37
2017.11.30 14:43:09.242,1.32776,1.32795,1.00,1.50
2017.11.30 14:43:10.805,1.32775,1.32795,1.50,1.00
2017.11.30 14:43:10.925,1.32776,1.32792,1.00,1.00
2017.11.30 14:43:11.454,1.32776,1.32793,1.00,1.50
2017.11.30 14:43:12.337,1.32776,1.32792,1.00,1.00
2017.11.30 14:43:12.681,1.32775,1.32794,1.00,1.00
2017.11.30 14:43:13.048,1.32772,1.32794,2.24,1.00
2017.11.30 14:43:13.798,1.32776,1.32794,1.00,1.00
2017.11.30 14:43:14.318,1.32775,1.32794,1.00,1.00
2017.11.30 14:43:14.858,1.32775,1.32793,1.00,1.00
2017.11.30 14:43:15.185,1.32773,1.32794,1.12,1.00
2017.11.30 14:43:15.989,1.32772,1.32792,1.87,1.00
2017.11.30 14:43:16.319,1.32771,1.32787,1.00,1.00
2017.11.30 14:43:16.422,1.32768,1.32786,1.12,1.00
2017.11.30 14:43:16.773,1.32767,1.32788,1.87,1.50
2017.11.30 14:43:16.981,1.32768,1.32785,1.12,1.00
2017.11.30 14:43:17.293,1.32766,1.32787,3.00,1.50
2017.11.30 14:43:17.603,1.32771,1.32788,1.00,1.00
2017.11.30 14:43:19.134,1.32766,1.32786,2.43,1.00
2017.11.30 14:43:19.186,1.32768,1.32787,1.00,1.50
2017.11.30 14:43:19.698,1.32768,1.32786,1.00,1.00
2017.11.30 14:43:20.036,1.32764,1.32783,2.25,1.00
2017.11.30 14:43:20.558,1.32765,1.32784,1.50,1.00
2017.11.30 14:43:20.719,1.32767,1.32786,1.69,1.50
2017.11.30 14:43:21.223,1.32769,1.32786,1.00,1.00
2017.11.30 14:43:21.765,1.32768,1.32786,1.50,1.00
2017.11.30 14:43:22.160,1.32766,1.32783,1.37,1.00
2017.11.30 14:43:22.214,1.32766,1.32786,1.37,1.50
2017.11.30 14:43:22.318,1.32767,1.32784,1.00,1.00
2017.11.30 14:43:22.733,1.32765,1.32785,3.00,1.00
2017.11.30 14:43:23.475,1.32766,1.32785,1.00,1.00
2017.11.30 14:43:23.578,1.32765,1.32783,3.00,1.00
2017.11.30 14:43:23.631,1.32765,1.32785,1.50,1.00
2017.11.30 14:43:23.734,1.32765,1.32783,1.50,1.00
2017.11.30 14:43:24.909,1.32766,1.32783,1.00,1.00
2017.11.30 14:43:26.164,1.32764,1.32783,1.00,1.00
2017.11.30 14:43:26.671,1.32764,1.32782,1.00,1.00
2017.11.30 14:43:27.001,1.32766,1.32782,1.00,1.00
2017.11.30 14:43:27.377,1.32764,1.32782,1.00,1.00
2017.11.30 14:43:27.479,1.32765,1.32784,1.00,1.00
2017.11.30 14:43:28.172,1.32764,1.32783,1.00,1.00
2017.11.30 14:43:30.123,1.32763,1.32783,1.00,1.00
2017.11.30 14:43:30.415,1.32762,1.32781,1.50,1.00
2017.11.30 14:43:30.920,1.32762,1.32782,1.00,1.00
2017.11.30 14:43:34.059,1.32766,1.32782,1.00,1.00
2017.11.30 14:43:34.111,1.32761,1.32782,1.87,1.00
2017.11.30 14:43:34.544,1.32763,1.32782,1.00,1.37
2017.11.30 14:43:34.867,1.32767,1.32783,1.00,1.00
2017.11.30 14:43:35.078,1.3276,1.32781,1.12,2.25
2017.11.30 14:43:35.609,1.32761,1.32779,1.50,1.00
2017.11.30 14:43:35.995,1.32763,1.32781,1.00,1.50
2017.11.30 14:43:36.150,1.3276,1.32779,1.00,1.00
2017.11.30 14:43:36.254,1.32758,1.32778,1.00,1.00
2017.11.30 14:43:36.305,1.32757,1.32772,1.00,1.12
2017.11.30 14:43:36.410,1.32753,1.32771,1.00,1.00
2017.11.30 14:43:36.501,1.32753,1.32767,1.00,1.00
2017.11.30 14:43:36.553,1.32745,1.32764,1.50,1.00
2017.11.30 14:43:36.761,1.32745,1.32762,1.00,1.00
2017.11.30 14:43:37.197,1.32741,1.3276,1.00,1.50
2017.11.30 14:43:37.763,1.32739,1.32758,2.25,1.00
2017.11.30 14:43:38.100,1.32736,1.32754,1.00,1.00
2017.11.30 14:43:38.575,1.32735,1.32752,1.00,1.00
2017.11.30 14:43:38.782,1.32733,1.32752,1.00,1.00
2017.11.30 14:43:39.330,1.32734,1.32753,1.00,1.50
2017.11.30 14:43:39.917,1.32733,1.32753,1.00,1.50
2017.11.30 14:43:40.440,1.32732,1.32753,1.50,1.00
2017.11.30 14:43:41.009,1.32733,1.32753,1.00,1.00
2017.11.30 14:43:41.620,1.32733,1.32752,1.00,1.00
2017.11.30 14:43:42.251,1.32732,1.32751,1.00,1.00
2017.11.30 14:43:42.764,1.32736,1.32753,1.00,1.00
2017.11.30 14:43:42.883,1.32733,1.32753,1.30,1.00
2017.11.30 14:43:43.394,1.32733,1.32752,1.00,1.00
2017.11.30 14:43:43.958,1.32732,1.32752,2.62,1.00
2017.11.30 14:43:44.573,1.32735,1.32755,1.00,1.00
2017.11.30 14:43:44.884,1.3274,1.32759,1.50,1.00
2017.11.30 14:43:45.346,1.32741,1.32761,2.25,1.00
2017.11.30 14:43:45.857,1.32742,1.32761,1.00,1.00
2017.11.30 14:43:46.406,1.32741,1.3276,2.25,1.00
2017.11.30 14:43:46.616,1.32741,1.32762,1.50,1.00
2017.11.30 14:43:48.815,1.32742,1.32762,1.00,1.00
2017.11.30 14:43:49.064,1.32745,1.32762,1.00,1.00
2017.11.30 14:43:49.274,1.3275,1.32771,2.62,1.00
2017.11.30 14:43:49.735,1.32754,1.32771,1.00,1.00
2017.11.30 14:43:49.787,1.32756,1.32775,1.00,1.00
2017.11.30 14:43:50.374,1.32757,1.32776,1.00,1.00
2017.11.30 14:43:50.888,1.32756,1.32771,1.50,1.00
2017.11.30 14:43:50.942,1.32752,1.3277,1.00,1.00
2017.11.30 14:43:51.120,1.32754,1.32772,1.00,1.12
2017.11.30 14:43:51.172,1.32752,1.32771,1.00,1.00
2017.11.30 14:43:51.721,1.32752,1.32772,1.00,1.00
2017.11.30 14:43:51.941,1.32752,1.3277,1.00,1.00
2017.11.30 14:43:52.553,1.32751,1.3277,3.00,1.00
2017.11.30 14:43:52.923,1.32753,1.3277,1.00,1.00
2017.11.30 14:43:54.184,1.32753,1.3277,1.37,1.00
2017.11.30 14:43:54.700,1.32754,1.32771,1.50,1.00
2017.11.30 14:43:54.760,1.32754,1.32773,1.50,1.00
2017.11.30 14:43:55.457,1.32758,1.32776,1.00,1.50
2017.11.30 14:43:55.614,1.32761,1.32781,3.94,1.00
2017.11.30 14:43:55.666,1.32766,1.32784,1.00,1.00
2017.11.30 14:43:56.191,1.32765,1.32783,1.87,1.00
2017.11.30 14:43:56.718,1.32766,1.32783,1.00,1.00
2017.11.30 14:43:57.311,1.32765,1.32783,2.06,1.00
2017.11.30 14:43:57.669,1.3277,1.32788,1.19,1.00
2017.11.30 14:43:57.875,1.32776,1.32794,1.12,1.00
2017.11.30 14:43:57.926,1.32776,1.3279,1.00,1.00
2017.11.30 14:43:58.123,1.32775,1.32792,1.00,1.00
2017.11.30 14:43:58.434,1.32775,1.32793,1.31,1.00
2017.11.30 14:43:58.538,1.32779,1.32797,1.31,1.00
2017.11.30 14:43:58.591,1.32781,1.32801,1.69,1.00
2017.11.30 14:43:58.761,1.32784,1.32804,1.69,1.00
2017.11.30 14:43:58.865,1.32784,1.32804,2.44,1.00
2017.11.30 14:43:59.377,1.32787,1.32804,1.00,1.00
2017.11.30 14:43:59.584,1.32794,1.32813,1.12,1.50
2017.11.30 14:43:59.636,1.32797,1.32812,1.00,1.00
2017.11.30 14:43:59.687,1.32795,1.32812,1.25,1.00
2017.11.30 14:43:59.740,1.32795,1.32815,1.25,1.00
2017.11.30 14:43:59.792,1.32796,1.32814,1.69,1.00
2017.11.30 14:43:59.845,1.32795,1.32813,1.00,1.00
2017.11.30 14:43:59.900,1.32794,1.32811,1.00,1.00
2017.11.30 14:43:59.952,1.32792,1.32811,1.00,1.00
2017.11.30 14:44:00.282,1.32794,1.32814,1.00,1.50
2017.11.30 14:44:00.336,1.32796,1.32816,1.00,1.00
2017.11.30 14:44:00.851,1.32797,1.32817,1.00,1.00
2017.11.30 14:44:01.159,1.32808,1.32826,1.00,1.00
2017.11.30 14:44:01.214,1.32809,1.32828,1.00,1.00
2017.11.30 14:44:01.466,1.32807,1.32823,1.50,1.00
2017.11.30 14:44:01.624,1.32801,1.32818,2.25,1.00
2017.11.30 14:44:01.678,1.32799,1.32817,1.50,1.00
2017.11.30 14:44:02.194,1.32798,1.32816,1.87,1.00
2017.11.30 14:44:02.349,1.32796,1.32816,1.50,1.00
2017.11.30 14:44:02.400,1.32794,1.32814,2.25,1.00
2017.11.30 14:44:02.795,1.32796,1.32814,1.00,1.00
2017.11.30 14:44:03.261,1.32791,1.3281,1.00,1.00
2017.11.30 14:44:03.313,1.32791,1.32808,1.50,1.00
2017.11.30 14:44:03.468,1.32788,1.32808,2.44,1.00
2017.11.30 14:44:04.010,1.32789,1.32807,1.00,1.00
2017.11.30 14:44:04.062,1.32791,1.32807,1.00,1.00
2017.11.30 14:44:04.114,1.32795,1.32813,1.00,3.37
2017.11.30 14:44:04.165,1.32799,1.32813,1.19,1.87
2017.11.30 14:44:04.269,1.32802,1.32821,1.00,1.50
2017.11.30 14:44:04.372,1.32801,1.32814,1.00,1.00
2017.11.30 14:44:04.424,1.328,1.32816,1.00,1.00
2017.11.30 14:44:04.477,1.32798,1.32815,1.00,1.00
2017.11.30 14:44:05.030,1.32797,1.32815,1.00,1.00
2017.11.30 14:44:05.436,1.32799,1.32816,1.00,1.00
2017.11.30 14:44:05.803,1.32799,1.32818,1.25,1.00
2017.11.30 14:44:06.363,1.328,1.32818,1.00,1.00
2017.11.30 14:44:07.274,1.32801,1.32819,1.00,1.00
2017.11.30 14:44:07.325,1.32806,1.32824,1.50,1.00
2017.11.30 14:44:07.634,1.3282,1.32836,1.00,1.00
2017.11.30 14:44:07.945,1.32811,1.32829,1.12,1.19
2017.11.30 14:44:08.393,1.32805,1.3282,1.50,1.19
2017.11.30 14:44:08.497,1.32799,1.32819,1.50,1.19
2017.11.30 14:44:08.651,1.32799,1.32818,1.50,1.56
2017.11.30 14:44:08.703,1.32798,1.32815,2.25,1.25
2017.11.30 14:44:08.755,1.32794,1.32814,1.87,1.00
2017.11.30 14:44:08.886,1.32797,1.32813,1.00,1.19
2017.11.30 14:44:08.941,1.32795,1.32813,1.00,1.19
2017.11.30 14:44:08.992,1.32792,1.32812,1.50,1.19
2017.11.30 14:44:09.508,1.32791,1.32813,2.25,1.19
2017.11.30 14:44:10.043,1.32792,1.32813,1.00,1.19
2017.11.30 14:44:10.783,1.32792,1.32813,1.00,1.31
2017.11.30 14:44:11.232,1.32795,1.32812,1.50,1.50
2017.11.30 14:44:11.410,1.32796,1.32817,1.00,1.25
2017.11.30 14:44:11.463,1.32798,1.32817,1.12,1.19
2017.11.30 14:44:12.158,1.32796,1.32813,1.12,1.00
2017.11.30 14:44:12.314,1.32799,1.32817,1.00,1.19
2017.11.30 14:44:12.365,1.32798,1.32817,1.50,1.00
2017.11.30 14:44:13.017,1.32797,1.32817,1.55,1.00
2017.11.30 14:44:13.529,1.32799,1.32817,1.12,1.25
2017.11.30 14:44:13.686,1.32801,1.32817,1.00,1.25
2017.11.30 14:44:13.943,1.32798,1.32816,3.18,1.00
2017.11.30 14:44:14.202,1.32801,1.32816,1.00,1.00
2017.11.30 14:44:14.749,1.32801,1.32819,1.00,1.19
2017.11.30 14:44:15.074,1.32799,1.32818,1.68,1.25
2017.11.30 14:44:15.578,1.32799,1.32818,2.43,1.25
2017.11.30 14:44:16.244,1.32799,1.32818,1.68,1.25
2017.11.30 14:44:16.524,1.32801,1.32818,1.00,1.25
2017.11.30 14:44:17.026,1.328,1.32818,1.11,1.19
2017.11.30 14:44:17.554,1.32801,1.32818,1.00,1.19
2017.11.30 14:44:18.097,1.328,1.32818,1.50,1.00
2017.11.30 14:44:18.505,1.32805,1.32818,1.00,1.00
2017.11.30 14:44:18.634,1.32801,1.32818,1.00,1.00
2017.11.30 14:44:18.809,1.32806,1.32818,1.00,1.00
2017.11.30 14:44:20.210,1.32801,1.32819,1.69,1.00
2017.11.30 14:44:20.262,1.32806,1.32823,1.00,1.50
2017.11.30 14:44:20.314,1.32807,1.32825,1.25,1.00
2017.11.30 14:44:20.419,1.32808,1.32828,1.50,1.00
2017.11.30 14:44:20.675,1.32807,1.32825,2.44,1.00
2017.11.30 14:44:20.982,1.32808,1.32823,1.00,1.00
2017.11.30 14:44:21.242,1.32799,1.32817,1.00,1.00
2017.11.30 14:44:21.447,1.32796,1.32816,1.50,1.00
2017.11.30 14:44:21.978,1.32796,1.32815,3.00,1.00
2017.11.30 14:44:22.404,1.32795,1.32811,1.37,1.00
2017.11.30 14:44:22.557,1.32793,1.32812,1.50,1.19
2017.11.30 14:44:22.814,1.32792,1.32813,2.62,1.00
2017.11.30 14:44:23.071,1.32793,1.32812,1.12,1.00
2017.11.30 14:44:23.372,1.32793,1.32809,2.62,1.00
2017.11.30 14:44:23.526,1.32795,1.32817,1.12,2.25
2017.11.30 14:44:23.629,1.32797,1.32814,1.50,1.00
2017.11.30 14:44:23.732,1.32796,1.32816,3.00,1.00
2017.11.30 14:44:23.784,1.328,1.32816,1.00,1.00
2017.11.30 14:44:23.836,1.328,1.32818,1.50,1.00
2017.11.30 14:44:23.940,1.32801,1.32821,1.00,1.00
2017.11.30 14:44:24.445,1.328,1.32821,2.25,1.00
2017.11.30 14:44:24.987,1.32801,1.32821,1.50,1.00
2017.11.30 14:44:25.880,1.32802,1.3282,1.00,1.00
2017.11.30 14:44:26.917,1.328,1.32817,1.00,1.00
2017.11.30 14:44:27.078,1.32796,1.32816,2.25,1.00
2017.11.30 14:44:27.569,1.32796,1.32818,2.25,1.00
2017.11.30 14:44:28.191,1.32797,1.32818,1.50,1.00
2017.11.30 14:44:28.771,1.32798,1.32816,1.00,1.00
2017.11.30 14:44:29.027,1.32797,1.32818,1.50,1.00
2017.11.30 14:44:29.203,1.32801,1.32819,1.00,1.00
2017.11.30 14:44:29.773,1.32801,1.3282,1.00,1.00
2017.11.30 14:44:30.287,1.328,1.3282,1.00,1.00
2017.11.30 14:44:30.902,1.328,1.32819,1.50,1.00
2017.11.30 14:44:31.312,1.328,1.32812,1.00,1.00
2017.11.30 14:44:31.468,1.32789,1.32805,1.00,1.00
2017.11.30 14:44:31.991,1.32788,1.32805,1.00,1.00
2017.11.30 14:44:32.527,1.32788,1.32806,1.50,1.00
2017.11.30 14:44:33.195,1.32789,1.32806,1.00,1.00
2017.11.30 14:44:33.400,1.32788,1.32808,1.50,1.00
2017.11.30 14:44:33.451,1.32789,1.32805,1.00,1.00
2017.11.30 14:44:33.860,1.32789,1.32808,1.00,1.00
2017.11.30 14:44:33.913,1.3279,1.3281,2.05,1.50
2017.11.30 14:44:34.223,1.32796,1.32814,1.50,1.00
2017.11.30 14:44:34.616,1.32801,1.32818,1.00,1.75
2017.11.30 14:44:34.669,1.32801,1.32821,1.19,1.50
2017.11.30 14:44:35.030,1.32805,1.32823,1.00,1.50
2017.11.30 14:44:35.082,1.32805,1.32825,1.00,1.00
2017.11.30 14:44:35.661,1.32805,1.32823,1.00,1.00
2017.11.30 14:44:36.333,1.32806,1.32825,1.00,1.00
2017.11.30 14:44:36.502,1.32804,1.32819,1.00,1.00
2017.11.30 14:44:36.555,1.32805,1.32823,1.69,1.00
2017.11.30 14:44:36.661,1.32808,1.32826,1.00,1.00
2017.11.30 14:44:36.764,1.32808,1.32829,1.19,1.00
2017.11.30 14:44:37.779,1.32809,1.32827,1.00,1.00
2017.11.30 14:44:38.177,1.32813,1.32831,1.00,1.50
2017.11.30 14:44:38.689,1.32812,1.32831,1.00,1.00
2017.11.30 14:44:38.899,1.32809,1.32829,1.50,1.00
2017.11.30 14:44:39.149,1.32809,1.32827,1.00,1.00
2017.11.30 14:44:39.762,1.3281,1.32828,1.00,1.50
2017.11.30 14:44:40.096,1.32809,1.32826,1.00,1.00
2017.11.30 14:44:40.647,1.32807,1.32826,1.69,1.00
2017.11.30 14:44:41.162,1.32807,1.32826,1.00,1.50
2017.11.30 14:44:41.697,1.32806,1.32826,1.19,1.00
2017.11.30 14:44:42.261,1.32806,1.32827,1.69,1.50
2017.11.30 14:44:42.869,1.32806,1.32826,1.69,1.00
2017.11.30 14:44:43.386,1.32806,1.32825,1.00,1.00
2017.11.30 14:44:43.733,1.32803,1.32824,1.19,1.00
2017.11.30 14:44:43.786,1.32806,1.32823,1.00,1.00
2017.11.30 14:44:44.409,1.32806,1.32824,1.00,1.00
2017.11.30 14:44:44.939,1.32805,1.32824,1.00,1.00
2017.11.30 14:44:45.803,1.32805,1.32826,1.00,1.00
2017.11.30 14:44:46.276,1.32802,1.32824,1.19,1.37
2017.11.30 14:44:46.804,1.32804,1.32823,1.98,1.12
2017.11.30 14:44:46.856,1.32806,1.3283,2.06,1.50
2017.11.30 14:44:46.962,1.32805,1.3283,3.94,2.25
2017.11.30 14:44:47.496,1.32805,1.32823,1.00,1.00
2017.11.30 14:44:47.803,1.32795,1.32816,3.94,1.00
2017.11.30 14:44:48.136,1.32801,1.32819,1.00,1.00
2017.11.30 14:44:48.188,1.32797,1.32819,1.31,1.00
2017.11.30 14:44:48.239,1.32801,1.32819,1.00,1.00
2017.11.30 14:44:48.393,1.32797,1.32819,1.43,1.00
2017.11.30 14:44:49.081,1.32799,1.3282,1.25,1.00
2017.11.30 14:44:49.133,1.32797,1.32816,1.25,1.00
2017.11.30 14:44:49.442,1.32793,1.32814,2.42,1.37
2017.11.30 14:44:50.137,1.32797,1.32813,1.00,1.12
2017.11.30 14:44:50.582,1.32795,1.32814,1.00,1.37
2017.11.30 14:44:51.467,1.32794,1.32813,1.00,1.12
2017.11.30 14:44:51.671,1.32796,1.32814,1.00,1.37
2017.11.30 14:44:52.190,1.32797,1.32814,1.00,1.37
2017.11.30 14:44:52.242,1.32795,1.32813,1.00,1.12
2017.11.30 14:44:52.987,1.32796,1.32814,1.00,1.37
2017.11.30 14:44:53.521,1.32795,1.32813,1.00,1.12
2017.11.30 14:44:54.247,1.32797,1.32813,1.00,1.12
2017.11.30 14:44:54.776,1.32796,1.32814,1.50,1.37
2017.11.30 14:44:55.321,1.32798,1.32813,1.00,1.12
2017.11.30 14:44:55.577,1.32794,1.32814,1.00,1.37
2017.11.30 14:44:55.879,1.32796,1.32813,1.00,1.12
2017.11.30 14:44:56.128,1.32794,1.32813,1.00,1.12
2017.11.30 14:44:56.231,1.32797,1.32814,1.00,1.37
2017.11.30 14:44:56.450,1.32797,1.32816,1.00,1.12
2017.11.30 14:44:56.502,1.32802,1.32817,1.00,1.50
2017.11.30 14:44:56.606,1.328,1.32817,1.00,1.50
2017.11.30 14:44:56.911,1.32799,1.32813,1.00,1.50
2017.11.30 14:44:57.338,1.32797,1.32812,1.00,1.00
2017.11.30 14:44:57.969,1.32798,1.32812,1.00,1.00
2017.11.30 14:44:58.242,1.328,1.32812,1.00,1.00
2017.11.30 14:44:58.388,1.32798,1.32812,1.00,1.00
2017.11.30 14:44:59.201,1.32797,1.32813,1.00,1.50
2017.11.30 14:45:00.149,1.32797,1.32812,1.00,1.00
2017.11.30 14:45:00.382,1.32797,1.32809,1.00,1.12
2017.11.30 14:45:00.894,1.32796,1.32809,1.00,1.12
2017.11.30 14:45:01.224,1.32798,1.32809,1.00,1.12
2017.11.30 14:45:02.009,1.32797,1.32809,1.00,1.12
2017.11.30 14:45:03.160,1.32795,1.3281,1.00,1.50
2017.11.30 14:45:03.571,1.32798,1.3281,1.00,1.50
2017.11.30 14:45:03.936,1.32799,1.32812,1.00,1.00
2017.11.30 14:45:04.090,1.32801,1.32813,1.00,1.00
2017.11.30 14:45:04.202,1.32799,1.32813,1.00,1.00
2017.11.30 14:45:04.824,1.32798,1.32813,1.00,1.00
2017.11.30 14:45:05.209,1.32799,1.32816,1.00,1.69
2017.11.30 14:45:05.260,1.32802,1.32816,1.00,1.00
2017.11.30 14:45:05.518,1.32792,1.32807,1.00,1.31
2017.11.30 14:45:05.694,1.32784,1.32795,1.50,1.12
2017.11.30 14:45:06.103,1.32786,1.32799,1.00,1.12
2017.11.30 14:45:06.155,1.32788,1.32801,1.00,2.25
2017.11.30 14:45:06.207,1.32789,1.32804,1.00,1.00
2017.11.30 14:45:06.729,1.3279,1.32804,1.00,1.00
2017.11.30 14:45:06.934,1.3279,1.32806,1.00,1.12
2017.11.30 14:45:07.269,1.32793,1.32809,1.00,1.12
2017.11.30 14:45:07.817,1.32793,1.3281,1.00,1.00
2017.11.30 14:45:08.175,1.32795,1.3281,1.00,1.00
2017.11.30 14:45:08.495,1.32795,1.32808,1.00,1.00
2017.11.30 14:45:08.934,1.32793,1.32809,1.00,1.00
2017.11.30 14:45:09.276,1.32793,1.32807,1.00,1.00
2017.11.30 14:45:09.329,1.32794,1.3281,1.00,1.00
2017.11.30 14:45:09.843,1.32797,1.3281,1.00,1.00
2017.11.30 14:45:10.255,1.32795,1.3281,1.00,1.00
2017.11.30 14:45:11.123,1.32795,1.32808,1.00,1.00
2017.11.30 14:45:11.434,1.32792,1.32809,1.00,1.12
2017.11.30 14:45:11.728,1.32787,1.32804,1.00,1.25
2017.11.30 14:45:12.036,1.32786,1.32802,1.00,1.00
2017.11.30 14:45:12.548,1.32786,1.32801,1.00,1.00
2017.11.30 14:45:12.974,1.32793,1.32803,1.00,1.00
2017.11.30 14:45:13.306,1.3279,1.328,1.00,1.00
2017.11.30 14:45:13.817,1.32789,1.328,1.00,1.00
2017.11.30 14:45:14.382,1.3279,1.32801,1.00,1.00
2017.11.30 14:45:14.435,1.32789,1.32804,1.00,1.00
2017.11.30 14:45:14.488,1.32794,1.32805,1.00,1.00
2017.11.30 14:45:14.745,1.32789,1.32801,1.00,1.00
2017.11.30 14:45:15.086,1.32789,1.32803,1.00,1.00
2017.11.30 14:45:15.395,1.32793,1.32804,1.00,1.00
2017.11.30 14:45:15.447,1.32791,1.32803,1.00,1.00
2017.11.30 14:45:15.499,1.32789,1.32801,1.00,1.00
2017.11.30 14:45:16.035,1.3279,1.32799,1.00,1.00
2017.11.30 14:45:16.138,1.32788,1.328,1.00,1.00
2017.11.30 14:45:16.346,1.32786,1.328,1.00,1.00
2017.11.30 14:45:16.560,1.32786,1.32797,1.00,1.00
2017.11.30 14:45:16.614,1.32784,1.32796,1.00,1.00
2017.11.30 14:45:17.204,1.32779,1.32796,1.00,1.00
2017.11.30 14:45:17.462,1.32777,1.32794,1.50,1.00
2017.11.30 14:45:17.618,1.32777,1.32796,1.50,1.00
2017.11.30 14:45:18.251,1.32778,1.32796,1.00,1.00
2017.11.30 14:45:18.355,1.32778,1.32793,1.25,1.00
2017.11.30 14:45:18.521,1.32777,1.32795,2.25,1.00
2017.11.30 14:45:18.829,1.32778,1.32793,1.00,1.00
2017.11.30 14:45:19.172,1.32781,1.32794,1.00,1.00
2017.11.30 14:45:19.224,1.32779,1.32794,1.00,1.00
2017.11.30 14:45:19.881,1.32779,1.32793,1.00,1.00
2017.11.30 14:45:19.934,1.32779,1.32795,1.00,1.00
2017.11.30 14:45:20.100,1.32779,1.32793,1.00,1.00
2017.11.30 14:45:20.519,1.32779,1.32784,1.00,1.00
2017.11.30 14:45:20.571,1.32774,1.32783,1.00,1.00
2017.11.30 14:45:20.623,1.3277,1.32782,1.12,1.00
2017.11.30 14:45:20.930,1.32769,1.32784,1.37,1.00
2017.11.30 14:45:21.268,1.32768,1.32782,2.25,1.00
2017.11.30 14:45:21.473,1.32765,1.32784,1.50,1.00
2017.11.30 14:45:21.525,1.32765,1.32782,2.05,1.00
2017.11.30 14:45:22.017,1.3276,1.32775,1.50,1.00
2017.11.30 14:45:22.500,1.3276,1.32777,1.50,1.00
2017.11.30 14:45:23.012,1.3276,1.32776,1.50,1.00
2017.11.30 14:45:23.553,1.32761,1.32776,1.00,1.00
2017.11.30 14:45:23.794,1.32761,1.32778,1.00,1.00
2017.11.30 14:45:23.897,1.32761,1.3278,1.69,1.00
2017.11.30 14:45:24.050,1.32768,1.32786,1.00,1.00
2017.11.30 14:45:24.357,1.32771,1.32789,1.00,1.00
2017.11.30 14:45:24.919,1.32771,1.32788,1.00,1.00
2017.11.30 14:45:25.443,1.32771,1.32787,1.00,1.00
2017.11.30 14:45:25.988,1.32771,1.32788,1.69,1.00
2017.11.30 14:45:26.515,1.32771,1.3279,1.69,1.00
2017.11.30 14:45:26.669,1.32771,1.32788,1.19,1.00
2017.11.30 14:45:27.197,1.32771,1.32788,1.00,1.00
2017.11.30 14:45:27.419,1.32772,1.3279,1.00,1.00
2017.11.30 14:45:27.471,1.32771,1.32788,1.00,1.00
2017.11.30 14:45:27.983,1.32771,1.32788,1.19,1.00
2017.11.30 14:45:28.532,1.3277,1.32789,1.69,1.00
2017.11.30 14:45:28.742,1.3277,1.32788,1.00,1.00
2017.11.30 14:45:28.944,1.32771,1.3279,1.00,1.00
2017.11.30 14:45:28.996,1.32771,1.3279,1.19,1.00
2017.11.30 14:45:29.224,1.32771,1.32789,1.00,1.00
2017.11.30 14:45:29.276,1.32771,1.32787,1.00,1.00
2017.11.30 14:45:29.812,1.32771,1.32788,1.00,1.00
2017.11.30 14:45:30.182,1.32768,1.32787,2.05,1.00
2017.11.30 14:45:30.235,1.32768,1.32785,2.05,1.00
2017.11.30 14:45:30.819,1.32768,1.32785,1.50,1.00
2017.11.30 14:45:31.352,1.32769,1.32786,1.00,1.00
2017.11.30 14:45:32.022,1.32767,1.32786,2.25,1.00
2017.11.30 14:45:32.234,1.32773,1.32786,1.00,1.00
2017.11.30 14:45:32.541,1.32771,1.32783,1.00,1.00
2017.11.30 14:45:32.695,1.32771,1.32786,1.50,1.00
2017.11.30 14:45:33.578,1.3277,1.32785,1.00,1.00
2017.11.30 14:45:34.092,1.32771,1.32784,1.00,1.00
2017.11.30 14:45:34.411,1.32773,1.32789,1.00,1.00
2017.11.30 14:45:34.514,1.32774,1.32791,1.00,1.00
2017.11.30 14:45:34.669,1.32776,1.32791,1.00,1.50
2017.11.30 14:45:34.772,1.32776,1.32793,1.00,1.00
2017.11.30 14:45:35.029,1.32778,1.32794,1.00,1.00
2017.11.30 14:45:35.081,1.32776,1.32794,1.00,1.00
2017.11.30 14:45:35.229,1.32775,1.32791,1.00,1.00
2017.11.30 14:45:35.640,1.32776,1.32793,1.00,1.87
2017.11.30 14:45:36.162,1.32776,1.32792,1.00,1.00
2017.11.30 14:45:36.679,1.32776,1.32791,1.00,1.00
2017.11.30 14:45:37.280,1.32776,1.32792,1.00,1.00
2017.11.30 14:45:37.384,1.32776,1.3279,1.00,1.00
2017.11.30 14:45:37.436,1.32772,1.32789,1.50,1.00
2017.11.30 14:45:37.540,1.32771,1.32787,1.50,1.00
2017.11.30 14:45:37.849,1.32778,1.32791,1.00,1.12
2017.11.30 14:45:38.375,1.32779,1.32792,1.00,1.50
2017.11.30 14:45:38.688,1.3278,1.32793,1.00,1.87
2017.11.30 14:45:39.174,1.32782,1.32795,1.00,1.50
2017.11.30 14:45:39.484,1.32784,1.328,1.00,2.44
2017.11.30 14:45:39.682,1.32788,1.32802,1.00,1.12
2017.11.30 14:45:39.991,1.32792,1.32803,1.00,1.00
2017.11.30 14:45:40.248,1.32791,1.32805,1.00,1.25
2017.11.30 14:45:41.129,1.32793,1.32804,1.00,1.12
2017.11.30 14:45:44.042,1.32791,1.32804,1.00,1.87
2017.11.30 14:45:44.249,1.3279,1.32801,1.00,1.00
2017.11.30 14:45:44.821,1.32785,1.32798,1.00,1.00
2017.11.30 14:45:45.131,1.32784,1.32795,1.00,1.12
2017.11.30 14:45:46.080,1.32784,1.32794,1.00,1.00
2017.11.30 14:45:46.611,1.32785,1.32794,1.00,1.00
2017.11.30 14:45:47.271,1.32785,1.32795,1.00,1.12
2017.11.30 14:45:47.803,1.32784,1.32794,1.00,1.00
2017.11.30 14:45:48.354,1.32785,1.32795,1.00,1.12
2017.11.30 14:45:48.457,1.32782,1.32795,1.00,1.12
2017.11.30 14:45:48.987,1.32781,1.32795,1.00,1.87
2017.11.30 14:45:49.624,1.32781,1.32794,1.00,1.00
2017.11.30 14:45:49.856,1.32784,1.32794,1.00,1.00
2017.11.30 14:45:50.053,1.32787,1.32798,1.00,1.50
2017.11.30 14:45:50.569,1.32786,1.32798,1.00,1.50
2017.11.30 14:45:50.676,1.32786,1.32796,1.00,1.00
2017.11.30 14:45:50.727,1.32786,1.32798,1.00,1.50
2017.11.30 14:45:51.265,1.32785,1.32798,1.00,1.50
2017.11.30 14:45:51.785,1.32786,1.32798,1.00,1.50
2017.11.30 14:45:52.509,1.32786,1.32799,1.00,2.06
2017.11.30 14:45:52.769,1.32788,1.32798,1.00,1.50
2017.11.30 14:45:53.286,1.32787,1.32798,1.00,1.00
2017.11.30 14:45:54.345,1.32787,1.32797,1.00,1.00
2017.11.30 14:45:54.543,1.32785,1.32797,1.00,1.00
2017.11.30 14:45:54.596,1.32788,1.32797,1.00,1.00
2017.11.30 14:45:55.151,1.32789,1.32798,1.00,1.00
2017.11.30 14:45:55.668,1.32788,1.32797,1.00,1.00
2017.11.30 14:45:57.748,1.32788,1.32799,1.00,1.12
2017.11.30 14:45:58.258,1.32789,1.32799,1.00,1.12
2017.11.30 14:45:58.535,1.32788,1.32801,1.00,1.00
2017.11.30 14:45:58.691,1.32792,1.32799,1.00,1.00
2017.11.30 14:45:58.742,1.32788,1.32799,1.00,1.00
2017.11.30 14:45:59.272,1.32788,1.32798,1.00,1.00
2017.11.30 14:45:59.632,1.32788,1.328,1.00,1.12
2017.11.30 14:45:59.832,1.32787,1.32797,1.00,1.00
2017.11.30 14:46:00.038,1.3278,1.32793,1.00,2.06
2017.11.30 14:46:00.091,1.3278,1.32791,1.00,1.00
2017.11.30 14:46:00.297,1.32781,1.32793,1.00,1.31
2017.11.30 14:46:00.399,1.32781,1.32791,1.00,1.00
2017.11.30 14:46:00.623,1.3278,1.32793,1.00,2.06
2017.11.30 14:46:01.033,1.32785,1.32794,1.00,1.37
2017.11.30 14:46:01.087,1.3278,1.32795,1.30,1.50
2017.11.30 14:46:01.140,1.3278,1.32798,1.30,1.31
2017.11.30 14:46:01.192,1.32784,1.32798,1.00,1.31
2017.11.30 14:46:01.530,1.32784,1.32796,1.00,1.12
2017.11.30 14:46:01.581,1.32782,1.32796,1.00,1.12
2017.11.30 14:46:01.633,1.32782,1.32794,1.00,1.00
2017.11.30 14:46:01.991,1.32781,1.32791,1.00,1.12
2017.11.30 14:46:02.148,1.32773,1.32785,1.00,1.00
2017.11.30 14:46:02.351,1.32775,1.32788,1.00,1.00
2017.11.30 14:46:02.403,1.32773,1.32788,1.00,1.00
2017.11.30 14:46:02.455,1.32773,1.32786,1.00,1.00
2017.11.30 14:46:02.921,1.32775,1.32786,1.00,1.00
2017.11.30 14:46:03.190,1.32773,1.32786,1.00,1.00
2017.11.30 14:46:03.798,1.32773,1.32787,1.00,1.00
2017.11.30 14:46:04.692,1.32773,1.32785,1.00,1.00
2017.11.30 14:46:05.257,1.32773,1.32787,1.00,1.50
2017.11.30 14:46:06.122,1.32773,1.32787,1.00,1.19
2017.11.30 14:46:06.225,1.32771,1.32784,1.00,1.19
2017.11.30 14:46:06.328,1.32771,1.32779,1.00,1.00
2017.11.30 14:46:06.434,1.32765,1.32777,1.00,1.00
2017.11.30 14:46:06.950,1.32766,1.32778,1.00,1.25
2017.11.30 14:46:07.422,1.32765,1.32776,1.00,1.00
2017.11.30 14:46:07.730,1.32772,1.32781,1.00,1.00
2017.11.30 14:46:07.880,1.32772,1.32784,1.00,1.50
2017.11.30 14:46:08.318,1.32772,1.32782,1.00,1.50
2017.11.30 14:46:08.371,1.3277,1.32782,1.00,1.00
2017.11.30 14:46:09.099,1.3277,1.32784,1.00,2.25
2017.11.30 14:46:09.254,1.32772,1.32783,1.00,1.00
2017.11.30 14:46:09.607,1.3277,1.32782,1.00,1.00
2017.11.30 14:46:09.762,1.3277,1.32784,1.00,1.50
2017.11.30 14:46:09.814,1.32774,1.32784,1.00,1.00
2017.11.30 14:46:10.672,1.32774,1.32785,1.00,1.00
2017.11.30 14:46:11.521,1.32774,1.32784,1.00,1.00
2017.11.30 14:46:14.459,1.32772,1.32784,1.00,1.50
2017.11.30 14:46:14.699,1.32774,1.32784,1.00,1.50
2017.11.30 14:46:16.480,1.32774,1.32783,1.00,1.00
2017.11.30 14:46:16.533,1.32772,1.32782,1.00,1.00
2017.11.30 14:46:17.196,1.32772,1.32784,1.00,1.00
2017.11.30 14:46:17.248,1.32777,1.32789,1.00,1.37
2017.11.30 14:46:17.351,1.3278,1.32792,1.00,1.00
2017.11.30 14:46:17.666,1.32782,1.32793,1.00,1.50
2017.11.30 14:46:19.118,1.32785,1.32794,1.00,1.00
2017.11.30 14:46:19.271,1.32783,1.32793,1.00,1.00
2017.11.30 14:46:19.777,1.32781,1.32792,1.00,1.00
2017.11.30 14:46:20.403,1.32782,1.32793,1.00,1.25
2017.11.30 14:46:20.966,1.32782,1.32792,1.00,1.00
2017.11.30 14:46:21.483,1.32781,1.32792,1.00,1.00
2017.11.30 14:46:22.078,1.3278,1.32793,1.00,1.25
2017.11.30 14:46:22.170,1.3278,1.32791,1.00,1.00
2017.11.30 14:46:22.294,1.3278,1.32793,1.00,1.00
2017.11.30 14:46:22.346,1.32782,1.32793,1.00,1.00
2017.11.30 14:46:22.805,1.32782,1.32791,1.00,1.00
2017.11.30 14:46:24.085,1.32782,1.32793,1.00,1.00
2017.11.30 14:46:24.276,1.32781,1.32791,1.00,1.00
2017.11.30 14:46:24.634,1.32781,1.32793,1.00,1.00
2017.11.30 14:46:24.737,1.32782,1.32791,1.00,1.00
2017.11.30 14:46:24.890,1.32782,1.32793,1.00,1.00
2017.11.30 14:46:25.478,1.32783,1.32793,1.00,1.00
2017.11.30 14:46:26.021,1.32783,1.32792,1.00,1.00
2017.11.30 14:46:26.331,1.32781,1.32793,1.00,1.00
2017.11.30 14:46:26.800,1.32783,1.32793,1.00,1.00
2017.11.30 14:46:28.223,1.32781,1.32793,1.00,1.00
2017.11.30 14:46:29.026,1.32781,1.32792,1.00,1.00
2017.11.30 14:46:29.599,1.32783,1.32792,1.00,1.00
2017.11.30 14:46:29.873,1.32781,1.32792,1.00,1.00
2017.11.30 14:46:30.139,1.32781,1.3279,1.00,1.00
2017.11.30 14:46:30.293,1.32781,1.32792,1.00,1.00
2017.11.30 14:46:30.687,1.32781,1.32796,1.00,1.31
2017.11.30 14:46:30.739,1.32786,1.32796,1.00,1.00
2017.11.30 14:46:31.317,1.32786,1.32797,1.00,1.00
2017.11.30 14:46:31.633,1.32785,1.32795,1.00,1.00
2017.11.30 14:46:32.182,1.32785,1.32796,1.00,1.25
2017.11.30 14:46:32.728,1.32786,1.32797,1.00,1.00
2017.11.30 14:46:33.040,1.32785,1.32794,1.00,1.00
2017.11.30 14:46:33.144,1.32785,1.32796,1.00,1.12
2017.11.30 14:46:33.577,1.32782,1.32795,1.00,1.00
2017.11.30 14:46:34.703,1.32782,1.32799,1.00,1.00
2017.11.30 14:46:35.223,1.32782,1.32798,1.00,1.00
2017.11.30 14:46:35.378,1.32782,1.32795,1.00,1.00
2017.11.30 14:46:35.859,1.32782,1.32797,1.00,1.00
2017.11.30 14:46:36.167,1.32784,1.32797,1.00,1.00
2017.11.30 14:46:36.967,1.32784,1.32798,1.00,1.00
2017.11.30 14:46:37.127,1.32784,1.328,1.00,1.87
2017.11.30 14:46:37.229,1.32786,1.328,1.00,1.87
2017.11.30 14:46:37.383,1.32788,1.32805,1.00,2.25
2017.11.30 14:46:37.435,1.32791,1.32806,1.00,1.00
2017.11.30 14:46:37.940,1.32791,1.32807,1.00,1.00
2017.11.30 14:46:38.456,1.32791,1.32806,1.00,1.00
2017.11.30 14:46:39.063,1.32791,1.32807,1.00,1.69
2017.11.30 14:46:39.371,1.32791,1.32801,1.00,1.00
2017.11.30 14:46:39.506,1.32783,1.32801,2.25,1.00
2017.11.30 14:46:39.558,1.32783,1.32799,1.00,1.00
2017.11.30 14:46:39.864,1.32785,1.32799,1.00,1.00
2017.11.30 14:46:40.374,1.32785,1.32798,1.00,1.00
2017.11.30 14:46:41.059,1.32784,1.32799,1.00,1.25
2017.11.30 14:46:41.924,1.32784,1.32797,1.00,1.00
2017.11.30 14:46:42.386,1.32785,1.32799,1.00,1.25
2017.11.30 14:46:46.163,1.32785,1.328,1.00,1.00
2017.11.30 14:46:46.557,1.32783,1.32797,1.00,1.00
2017.11.30 14:46:46.660,1.32779,1.32795,1.00,1.12
2017.11.30 14:46:46.711,1.32779,1.32793,1.00,1.00
2017.11.30 14:46:47.147,1.32782,1.32798,1.00,1.75
2017.11.30 14:46:47.200,1.32784,1.32799,1.00,1.12
2017.11.30 14:46:47.304,1.32789,1.32801,1.00,1.50
2017.11.30 14:46:47.356,1.32788,1.32801,1.00,1.00
2017.11.30 14:46:47.557,1.32789,1.32803,1.00,1.50
2017.11.30 14:46:48.073,1.32788,1.32803,1.00,1.00
2017.11.30 14:46:50.641,1.32788,1.32805,1.00,2.25
2017.11.30 14:46:50.743,1.32788,1.32803,1.00,1.00
2017.11.30 14:46:51.053,1.32789,1.32801,1.00,1.00
2017.11.30 14:46:51.572,1.32788,1.328,1.00,1.00
2017.11.30 14:46:52.237,1.32788,1.32802,1.00,1.00
2017.11.30 14:46:52.437,1.3279,1.32801,1.00,1.00
2017.11.30 14:46:52.984,1.32791,1.32801,1.00,1.00
2017.11.30 14:46:53.036,1.32791,1.32804,1.00,1.00
2017.11.30 14:46:53.572,1.32791,1.32803,1.00,1.00
2017.11.30 14:46:54.169,1.32791,1.32806,1.00,1.00
2017.11.30 14:46:54.335,1.32794,1.32808,1.00,1.00
2017.11.30 14:46:54.846,1.32793,1.32807,1.00,1.00
2017.11.30 14:46:55.367,1.32792,1.32805,1.00,1.00
2017.11.30 14:46:55.869,1.32791,1.32805,1.00,1.00
2017.11.30 14:46:56.210,1.32793,1.32805,1.00,1.00
2017.11.30 14:46:57.348,1.32791,1.32803,1.00,1.00
2017.11.30 14:46:57.553,1.32791,1.32806,1.00,1.00
2017.11.30 14:46:57.605,1.32791,1.32804,1.00,1.00
2017.11.30 14:46:57.760,1.32795,1.32809,1.00,1.00
2017.11.30 14:46:58.016,1.32795,1.32807,1.00,1.00
2017.11.30 14:46:58.285,1.32792,1.32806,1.87,1.00
2017.11.30 14:46:59.029,1.32793,1.32807,1.00,1.00
2017.11.30 14:46:59.180,1.32796,1.3281,1.00,1.00
2017.11.30 14:46:59.531,1.32798,1.3281,1.50,1.00
2017.11.30 14:47:00.072,1.32798,1.32809,1.00,1.00
2017.11.30 14:47:00.175,1.32798,1.32811,1.00,1.00
2017.11.30 14:47:00.717,1.32797,1.32811,1.50,1.00
2017.11.30 14:47:01.377,1.32798,1.32811,1.00,1.00
2017.11.30 14:47:01.718,1.32797,1.32809,1.00,1.00
2017.11.30 14:47:02.307,1.32797,1.3281,1.00,1.00
2017.11.30 14:47:02.625,1.32795,1.32808,1.50,1.00
2017.11.30 14:47:02.933,1.32797,1.32809,1.00,1.00
2017.11.30 14:47:02.985,1.32798,1.32811,1.00,1.00
2017.11.30 14:47:03.858,1.32798,1.3281,1.00,1.00
2017.11.30 14:47:04.289,1.32799,1.32817,1.12,1.00
2017.11.30 14:47:04.392,1.32803,1.32814,1.00,1.00
2017.11.30 14:47:04.974,1.32801,1.32814,1.37,1.00
2017.11.30 14:47:05.495,1.32802,1.32815,1.12,1.00
2017.11.30 14:47:06.779,1.32804,1.32817,1.00,1.00
2017.11.30 14:47:07.086,1.32803,1.32815,1.50,1.00
2017.11.30 14:47:07.717,1.32804,1.32815,1.00,1.00
2017.11.30 14:47:08.264,1.32803,1.32815,1.50,1.00
2017.11.30 14:47:08.508,1.32801,1.32815,1.00,1.00
2017.11.30 14:47:08.933,1.32804,1.3282,1.00,1.00
2017.11.30 14:47:09.037,1.32807,1.32821,1.12,1.00
2017.11.30 14:47:09.514,1.32805,1.32819,1.00,1.00
2017.11.30 14:47:09.566,1.32805,1.32821,1.00,1.00
2017.11.30 14:47:09.669,1.32804,1.32818,1.12,1.00
2017.11.30 14:47:10.103,1.32805,1.32821,1.00,1.00
2017.11.30 14:47:10.636,1.32807,1.3282,1.00,1.00
2017.11.30 14:47:11.162,1.32807,1.32819,1.00,1.00
2017.11.30 14:47:11.266,1.32806,1.32821,1.50,1.00
2017.11.30 14:47:11.319,1.32807,1.32813,1.00,1.00
2017.11.30 14:47:11.505,1.32799,1.32811,1.50,1.00
2017.11.30 14:47:11.559,1.32795,1.32808,1.37,1.00
2017.11.30 14:47:11.663,1.32791,1.32808,1.00,1.00
2017.11.30 14:47:12.147,1.32791,1.32806,1.00,1.00
2017.11.30 14:47:12.364,1.32789,1.32805,1.12,1.00
2017.11.30 14:47:12.935,1.3279,1.32806,1.00,1.00
2017.11.30 14:47:13.582,1.3279,1.32807,1.00,1.00
2017.11.30 14:47:14.268,1.32789,1.32805,1.87,1.00
2017.11.30 14:47:14.781,1.3279,1.32806,1.00,1.00
2017.11.30 14:47:15.291,1.32791,1.32807,1.00,1.00
2017.11.30 14:47:15.445,1.32799,1.32816,1.50,1.00
2017.11.30 14:47:15.548,1.32802,1.32817,1.00,1.00
2017.11.30 14:47:15.651,1.32801,1.32819,3.94,1.00
2017.11.30 14:47:16.043,1.32802,1.32816,1.62,1.00
2017.11.30 14:47:16.415,1.32803,1.3282,1.12,1.00
2017.11.30 14:47:16.626,1.32805,1.32821,1.12,1.00
2017.11.30 14:47:16.935,1.32805,1.32811,1.12,1.00
2017.11.30 14:47:17.149,1.32799,1.32806,1.00,1.00
2017.11.30 14:47:17.203,1.32789,1.32807,1.12,1.00
2017.11.30 14:47:18.353,1.32788,1.32803,2.25,1.00
2017.11.30 14:47:18.640,1.32791,1.32806,1.00,1.00
2017.11.30 14:47:18.744,1.32789,1.32804,2.25,1.00
2017.11.30 14:47:18.848,1.32784,1.32802,2.62,1.50
2017.11.30 14:47:19.358,1.32785,1.32803,1.00,1.00
2017.11.30 14:47:19.462,1.32785,1.32805,1.00,1.00
2017.11.30 14:47:20.117,1.32784,1.32804,2.62,1.00
2017.11.30 14:47:20.603,1.32786,1.32805,1.00,1.00
2017.11.30 14:47:21.500,1.32787,1.32805,1.12,1.00
2017.11.30 14:47:21.807,1.32787,1.32803,1.12,1.00
2017.11.30 14:47:22.171,1.32787,1.32805,1.12,1.00
2017.11.30 14:47:22.581,1.32784,1.32804,2.25,1.00
2017.11.30 14:47:22.634,1.32784,1.32802,2.80,1.00
2017.11.30 14:47:23.148,1.32784,1.32802,1.00,1.00
2017.11.30 14:47:23.200,1.32781,1.32801,2.25,1.00
2017.11.30 14:47:23.356,1.32781,1.32798,1.50,1.00
2017.11.30 14:47:23.898,1.32781,1.32801,2.44,1.00
2017.11.30 14:47:24.000,1.32783,1.328,1.00,1.00
2017.11.30 14:47:24.052,1.32784,1.32802,1.00,1.50
2017.11.30 14:47:24.272,1.32783,1.328,1.12,1.00
2017.11.30 14:47:24.323,1.32781,1.328,3.56,1.00
2017.11.30 14:47:24.480,1.32781,1.32798,1.87,1.00
2017.11.30 14:47:24.792,1.32782,1.32802,1.00,1.00
2017.11.30 14:47:24.844,1.32785,1.32803,1.00,1.00
2017.11.30 14:47:25.162,1.3279,1.3281,1.30,1.00
2017.11.30 14:47:25.215,1.32793,1.32809,1.00,1.00
2017.11.30 14:47:25.319,1.32791,1.32808,1.50,1.00
2017.11.30 14:47:25.516,1.32795,1.32807,1.00,1.00
2017.11.30 14:47:25.568,1.32792,1.32807,1.00,1.00
2017.11.30 14:47:25.671,1.32792,1.32809,1.00,1.00
2017.11.30 14:47:25.877,1.32794,1.3281,1.00,1.00
2017.11.30 14:47:26.426,1.32792,1.32809,1.00,1.00
2017.11.30 14:47:28.989,1.32793,1.32811,1.00,1.00
2017.11.30 14:47:29.160,1.32792,1.32814,1.50,1.00
2017.11.30 14:47:29.213,1.32794,1.32813,1.87,1.00
2017.11.30 14:47:29.632,1.32795,1.32815,2.06,1.00
2017.11.30 14:47:29.751,1.32795,1.32813,2.06,1.00
2017.11.30 14:47:29.812,1.32795,1.32815,1.31,1.00
2017.11.30 14:47:30.298,1.32795,1.32813,1.00,1.00
2017.11.30 14:47:30.825,1.32794,1.32812,2.25,1.00
2017.11.30 14:47:31.667,1.32795,1.32812,1.00,1.00
2017.11.30 14:47:32.182,1.32794,1.32812,2.25,1.00
2017.11.30 14:47:32.490,1.32787,1.32805,1.00,1.00
2017.11.30 14:47:32.750,1.32791,1.32811,1.00,3.37
2017.11.30 14:47:32.802,1.32793,1.32811,1.50,1.87
2017.11.30 14:47:33.150,1.32796,1.32813,1.00,1.00
2017.11.30 14:47:33.355,1.32793,1.32811,1.12,1.00
2017.11.30 14:47:33.458,1.32791,1.32808,1.50,1.00
2017.11.30 14:47:33.976,1.32792,1.32809,1.37,1.00
2017.11.30 14:47:34.559,1.32788,1.32804,1.50,1.00
2017.11.30 14:47:35.158,1.32788,1.32808,1.50,1.00
2017.11.30 14:47:35.578,1.32788,1.32805,1.50,1.00
2017.11.30 14:47:35.888,1.32792,1.3281,1.00,1.00
2017.11.30 14:47:36.043,1.32794,1.32812,1.00,1.00
2017.11.30 14:47:36.550,1.32796,1.32813,1.50,1.00
2017.11.30 14:47:37.165,1.32796,1.32809,1.00,1.00
2017.11.30 14:47:37.370,1.32793,1.32808,1.00,1.00
2017.11.30 14:47:37.912,1.32793,1.32807,1.00,1.00
2017.11.30 14:47:38.139,1.32789,1.32804,1.87,1.00
2017.11.30 14:47:38.398,1.32791,1.32807,1.00,1.00
2017.11.30 14:47:38.450,1.32793,1.32807,1.00,1.00
2017.11.30 14:47:38.502,1.3279,1.32806,1.00,1.00
2017.11.30 14:47:38.606,1.3279,1.32806,1.75,1.00
2017.11.30 14:47:38.711,1.32789,1.32808,3.75,1.00
2017.11.30 14:47:38.943,1.32793,1.32804,1.00,1.00
2017.11.30 14:47:38.996,1.32792,1.32807,1.12,1.00
2017.11.30 14:47:39.353,1.32793,1.32809,1.00,1.50
2017.11.30 14:47:39.685,1.32795,1.32811,1.00,1.00
2017.11.30 14:47:39.944,1.32791,1.32809,1.87,1.00
2017.11.30 14:47:40.100,1.32792,1.32807,1.50,1.00
2017.11.30 14:47:40.418,1.32792,1.3281,1.75,1.00
2017.11.30 14:47:40.829,1.32796,1.3281,1.00,1.00
2017.11.30 14:47:40.931,1.32793,1.3281,1.50,1.00
2017.11.30 14:47:41.238,1.32796,1.3281,1.00,1.00
2017.11.30 14:47:41.545,1.32792,1.32807,2.25,1.00
2017.11.30 14:47:42.576,1.32793,1.32809,1.50,1.00
2017.11.30 14:47:42.730,1.32793,1.32806,1.00,1.00
2017.11.30 14:47:42.936,1.32793,1.32808,1.00,1.00
2017.11.30 14:47:43.039,1.32795,1.32806,1.00,1.00
2017.11.30 14:47:43.299,1.32795,1.32809,1.00,1.00
2017.11.30 14:47:43.454,1.32797,1.3281,1.00,1.00
2017.11.30 14:47:43.560,1.32795,1.32812,1.87,1.00
2017.11.30 14:47:43.611,1.32795,1.32812,1.75,1.00
2017.11.30 14:47:43.715,1.32795,1.32811,1.00,1.00
2017.11.30 14:47:44.343,1.32794,1.3281,1.50,1.00
2017.11.30 14:47:44.396,1.32795,1.32814,1.00,1.00
2017.11.30 14:47:44.448,1.32798,1.32812,1.00,1.00
2017.11.30 14:47:44.678,1.32798,1.32814,1.00,1.00
2017.11.30 14:47:44.837,1.32797,1.32811,1.87,1.00
2017.11.30 14:47:44.889,1.32798,1.32813,1.00,1.00
2017.11.30 14:47:45.146,1.32798,1.32815,1.00,1.00
2017.11.30 14:47:45.311,1.32798,1.32813,1.00,1.00
2017.11.30 14:47:45.620,1.32798,1.32815,1.00,1.00
2017.11.30 14:47:45.672,1.328,1.32814,1.00,1.00
2017.11.30 14:47:45.724,1.32797,1.32814,1.87,1.00
2017.11.30 14:47:45.827,1.32802,1.32814,1.00,1.00
2017.11.30 14:47:46.686,1.32802,1.32811,1.00,1.00
2017.11.30 14:47:46.738,1.32795,1.32809,1.00,1.00
2017.11.30 14:47:46.790,1.32795,1.32811,1.00,1.00
2017.11.30 14:47:46.842,1.32795,1.32807,1.00,1.00
2017.11.30 14:47:47.046,1.32785,1.32802,1.00,1.00
2017.11.30 14:47:47.097,1.32787,1.32805,1.50,1.00
2017.11.30 14:47:47.150,1.3279,1.32805,1.00,1.00
2017.11.30 14:47:47.765,1.32791,1.32805,1.00,1.00
2017.11.30 14:47:48.112,1.32796,1.32805,1.00,1.00
2017.11.30 14:47:48.166,1.32797,1.32809,1.00,1.00
2017.11.30 14:47:48.273,1.32795,1.32807,1.50,1.00
2017.11.30 14:47:48.429,1.32792,1.32808,1.00,1.50
2017.11.30 14:47:48.654,1.32796,1.32811,1.00,1.50
2017.11.30 14:47:48.964,1.32799,1.3281,1.00,1.00
2017.11.30 14:47:49.473,1.32799,1.32811,1.00,1.50
2017.11.30 14:47:49.729,1.32799,1.32813,1.00,1.00
2017.11.30 14:47:50.141,1.32801,1.32813,1.00,1.00
2017.11.30 14:47:50.684,1.32802,1.32813,1.00,1.00
2017.11.30 14:47:50.831,1.328,1.32813,1.00,1.00
2017.11.30 14:47:51.212,1.32803,1.32818,1.00,1.00
2017.11.30 14:47:51.470,1.32805,1.32817,1.00,1.00
2017.11.30 14:47:51.675,1.32805,1.32819,1.00,1.00
2017.11.30 14:47:52.026,1.32805,1.32821,1.00,1.00
2017.11.30 14:47:52.078,1.32808,1.32821,1.00,1.00
2017.11.30 14:47:52.437,1.3281,1.32821,1.00,1.00
2017.11.30 14:47:52.541,1.32808,1.32821,1.00,1.00
2017.11.30 14:47:52.745,1.32808,1.32823,1.00,1.50
2017.11.30 14:47:52.797,1.3281,1.32823,1.00,1.00
2017.11.30 14:47:53.101,1.32814,1.32825,1.00,1.00
2017.11.30 14:47:53.466,1.32812,1.32822,1.00,1.00
2017.11.30 14:47:53.673,1.32804,1.32815,1.00,1.00
2017.11.30 14:47:53.726,1.32804,1.32813,1.00,1.00
2017.11.30 14:47:53.847,1.32799,1.32811,1.00,1.00
2017.11.30 14:47:53.952,1.32799,1.32814,1.00,1.00
2017.11.30 14:47:54.210,1.328,1.32812,1.00,1.00
2017.11.30 14:47:54.363,1.328,1.32814,1.00,1.00
2017.11.30 14:47:55.473,1.328,1.32813,1.00,1.00
2017.11.30 14:47:55.698,1.32802,1.32813,1.00,1.00
2017.11.30 14:47:55.750,1.32802,1.32815,1.00,1.00
2017.11.30 14:47:57.577,1.32802,1.32814,1.00,1.00
2017.11.30 14:47:57.681,1.328,1.32814,1.00,1.50
2017.11.30 14:47:58.088,1.32802,1.32813,1.00,1.00
2017.11.30 14:47:58.608,1.32802,1.32814,1.00,1.00
2017.11.30 14:47:59.177,1.32801,1.32814,1.00,1.00
2017.11.30 14:47:59.654,1.32801,1.32817,1.50,1.00
2017.11.30 14:47:59.706,1.32805,1.32817,1.00,1.00
2017.11.30 14:47:59.757,1.32805,1.3282,1.00,1.00
2017.11.30 14:48:00.034,1.32807,1.3282,1.00,1.00
2017.11.30 14:48:00.557,1.32807,1.32819,1.00,1.00
2017.11.30 14:48:00.662,1.32805,1.32819,1.00,1.00
2017.11.30 14:48:00.832,1.32803,1.32814,1.00,1.00
2017.11.30 14:48:01.040,1.32796,1.32808,1.00,1.00
2017.11.30 14:48:01.298,1.32794,1.32808,1.00,1.00
2017.11.30 14:48:01.838,1.32791,1.32806,1.00,1.00
2017.11.30 14:48:01.993,1.32791,1.32808,1.00,1.50
2017.11.30 14:48:02.588,1.32792,1.32808,1.00,1.00
2017.11.30 14:48:03.259,1.32796,1.32809,1.00,1.00
2017.11.30 14:48:03.463,1.32794,1.3281,1.00,1.00
2017.11.30 14:48:03.719,1.32796,1.3281,1.00,1.00
2017.11.30 14:48:04.105,1.32798,1.3281,1.00,1.00
2017.11.30 14:48:04.208,1.32795,1.3281,1.00,1.00
2017.11.30 14:48:04.766,1.32794,1.3281,1.00,1.00
2017.11.30 14:48:05.602,1.32793,1.3281,1.00,1.00
2017.11.30 14:48:06.317,1.32792,1.32807,1.00,1.00
2017.11.30 14:48:06.623,1.32789,1.32803,1.00,1.00
2017.11.30 14:48:07.603,1.32789,1.32804,1.00,1.00
2017.11.30 14:48:07.922,1.32788,1.32802,1.00,1.00
2017.11.30 14:48:08.472,1.32787,1.32802,1.00,1.00
2017.11.30 14:48:09.827,1.32788,1.32803,1.00,1.00
2017.11.30 14:48:10.016,1.32785,1.32801,1.00,1.12
2017.11.30 14:48:10.571,1.32784,1.328,1.00,1.12
2017.11.30 14:48:10.995,1.32786,1.328,1.00,1.00
2017.11.30 14:48:11.149,1.32784,1.328,1.00,1.00
2017.11.30 14:48:11.654,1.32783,1.328,1.00,1.00
2017.11.30 14:48:11.963,1.32782,1.32798,1.50,1.00
2017.11.30 14:48:12.492,1.32782,1.328,1.00,1.37
2017.11.30 14:48:12.801,1.32783,1.32796,1.00,1.00
2017.11.30 14:48:13.057,1.32781,1.32796,1.00,1.50
2017.11.30 14:48:13.567,1.32782,1.32793,1.00,1.00
2017.11.30 14:48:13.721,1.32779,1.32792,1.00,1.00
2017.11.30 14:48:14.352,1.32779,1.32793,1.00,1.00
2017.11.30 14:48:14.408,1.32782,1.32793,1.00,1.00
2017.11.30 14:48:14.915,1.32782,1.32795,1.00,1.00
2017.11.30 14:48:16.757,1.32781,1.32795,1.00,1.00
2017.11.30 14:48:17.249,1.32782,1.32799,1.00,1.00
2017.11.30 14:48:17.301,1.32783,1.32797,1.00,1.00
2017.11.30 14:48:17.814,1.32782,1.32797,1.00,1.00
2017.11.30 14:48:18.251,1.32784,1.32797,1.00,1.00
2017.11.30 14:48:18.353,1.32784,1.32799,1.00,1.00
2017.11.30 14:48:18.866,1.32783,1.32799,1.00,1.12
2017.11.30 14:48:19.287,1.32785,1.32799,1.00,1.00
2017.11.30 14:48:19.493,1.32783,1.32799,1.00,1.00
2017.11.30 14:48:19.596,1.32786,1.328,1.00,1.00
2017.11.30 14:48:20.634,1.32786,1.32802,1.00,1.12
2017.11.30 14:48:21.192,1.32786,1.32799,1.00,1.00
2017.11.30 14:48:21.712,1.32785,1.32799,1.00,1.00
2017.11.30 14:48:22.021,1.32779,1.32794,1.00,1.00
2017.11.30 14:48:22.616,1.32778,1.32794,1.00,1.87
2017.11.30 14:48:22.720,1.32777,1.32792,1.00,1.00
2017.11.30 14:48:23.089,1.32778,1.32794,1.00,1.12
2017.11.30 14:48:23.448,1.3278,1.32799,1.00,2.25
2017.11.30 14:48:23.501,1.32783,1.32799,1.00,1.50
2017.11.30 14:48:23.816,1.32781,1.32793,1.00,1.00
2017.11.30 14:48:24.022,1.32779,1.32792,1.00,1.00
2017.11.30 14:48:24.537,1.32777,1.32792,1.50,1.00
2017.11.30 14:48:24.649,1.32777,1.32794,1.50,1.12
2017.11.30 14:48:24.807,1.3278,1.32793,1.00,1.00
2017.11.30 14:48:24.869,1.3278,1.32796,1.00,1.87
2017.11.30 14:48:25.454,1.32783,1.32795,1.00,1.00
2017.11.30 14:48:25.645,1.32781,1.32795,1.00,1.00
2017.11.30 14:48:27.943,1.32781,1.32794,1.00,1.00
2017.11.30 14:48:27.995,1.32779,1.32793,1.00,1.00
2017.11.30 14:48:28.537,1.3278,1.32793,1.00,1.00
2017.11.30 14:48:29.144,1.3278,1.32795,1.00,1.00
2017.11.30 14:48:29.454,1.32781,1.32798,1.00,1.00
2017.11.30 14:48:29.507,1.32783,1.32798,1.00,1.00
2017.11.30 14:48:29.560,1.32784,1.32801,1.00,1.50
2017.11.30 14:48:29.767,1.32784,1.328,1.00,1.50
2017.11.30 14:48:30.116,1.32781,1.32795,1.00,1.87
2017.11.30 14:48:30.531,1.32779,1.32793,1.00,1.00
2017.11.30 14:48:32.323,1.32778,1.32793,1.00,1.00
2017.11.30 14:48:32.643,1.32778,1.32791,1.00,1.00
2017.11.30 14:48:33.273,1.32778,1.32792,1.00,1.00
2017.11.30 14:48:33.580,1.3278,1.32796,1.00,1.50
2017.11.30 14:48:34.440,1.3278,1.32794,1.00,1.00
2017.11.30 14:48:34.851,1.32779,1.32793,1.00,1.87
2017.11.30 14:48:35.387,1.32777,1.32789,1.00,1.00
2017.11.30 14:48:35.811,1.32775,1.32789,1.00,1.00
2017.11.30 14:48:36.206,1.32777,1.32789,1.00,1.00
2017.11.30 14:48:36.309,1.32777,1.32791,1.00,1.00
2017.11.30 14:48:36.412,1.32775,1.32788,1.00,1.00
2017.11.30 14:48:36.818,1.32776,1.32791,1.00,1.00
2017.11.30 14:48:37.451,1.32778,1.32791,1.00,1.00
2017.11.30 14:48:38.387,1.32778,1.32794,1.00,1.50
2017.11.30 14:48:38.439,1.3278,1.32795,1.00,1.00
2017.11.30 14:48:38.978,1.3278,1.32796,1.00,1.50
2017.11.30 14:48:39.567,1.32781,1.32797,1.00,1.87
2017.11.30 14:48:40.113,1.32781,1.32796,1.00,2.25
2017.11.30 14:48:41.877,1.32781,1.32797,1.00,1.87
2017.11.30 14:48:42.448,1.32781,1.32796,1.00,1.00
2017.11.30 14:48:43.043,1.32781,1.32797,1.00,1.87
2017.11.30 14:48:43.588,1.32782,1.32796,1.00,1.00
2017.11.30 14:48:44.668,1.32782,1.32794,1.00,1.00
2017.11.30 14:48:45.182,1.32781,1.32793,1.00,1.00
2017.11.30 14:48:46.177,1.32781,1.32794,1.00,1.12
2017.11.30 14:48:46.280,1.32779,1.32794,1.00,1.87
2017.11.30 14:48:46.539,1.32779,1.32795,1.00,1.00
2017.11.30 14:48:46.844,1.32778,1.32793,1.00,1.00
2017.11.30 14:48:47.406,1.3278,1.32793,1.00,1.00
2017.11.30 14:48:47.510,1.32777,1.32791,1.00,1.00
2017.11.30 14:48:47.805,1.32776,1.32793,1.00,1.69
2017.11.30 14:48:48.313,1.32776,1.32792,1.00,1.00
2017.11.30 14:48:48.819,1.32778,1.32795,1.00,1.87
2017.11.30 14:48:48.870,1.32778,1.32796,1.00,1.50
2017.11.30 14:48:48.922,1.3278,1.32796,1.00,1.00
2017.11.30 14:48:49.547,1.32781,1.32796,1.00,1.00
2017.11.30 14:48:50.553,1.32781,1.32795,1.00,1.37
2017.11.30 14:48:50.605,1.32781,1.32797,1.00,2.62
2017.11.30 14:48:51.746,1.32782,1.32795,1.00,1.00
2017.11.30 14:48:52.277,1.32781,1.32795,1.00,2.62
2017.11.30 14:48:52.866,1.32781,1.32792,1.00,1.00
2017.11.30 14:48:53.181,1.32779,1.32792,1.00,1.00
2017.11.30 14:48:54.605,1.32777,1.32792,1.00,1.12
2017.11.30 14:48:55.161,1.32777,1.32791,1.00,1.00
2017.11.30 14:48:55.698,1.32778,1.32791,1.00,1.00
2017.11.30 14:48:56.214,1.32779,1.32791,1.00,1.00
2017.11.30 14:48:56.550,1.32779,1.32796,1.00,1.25
2017.11.30 14:48:56.622,1.32782,1.32797,1.00,1.12
2017.11.30 14:48:56.675,1.32784,1.32801,1.50,1.00
2017.11.30 14:48:56.727,1.32786,1.32803,1.00,1.00
2017.11.30 14:48:57.036,1.32789,1.32805,1.00,1.50
2017.11.30 14:48:57.342,1.32791,1.32805,1.00,2.25
2017.11.30 14:48:59.840,1.3279,1.32805,1.00,1.50
2017.11.30 14:49:00.387,1.32791,1.32806,1.00,3.37
2017.11.30 14:49:00.652,1.32791,1.32806,1.00,1.12
2017.11.30 14:49:01.282,1.32792,1.32806,1.00,2.62
2017.11.30 14:49:01.680,1.32796,1.32809,1.00,1.00
2017.11.30 14:49:01.732,1.32796,1.32811,1.00,1.00
2017.11.30 14:49:01.836,1.32799,1.32812,1.00,1.00
2017.11.30 14:49:02.046,1.32796,1.32811,1.00,1.00
2017.11.30 14:49:02.579,1.32795,1.3281,1.00,1.00
2017.11.30 14:49:03.126,1.32796,1.32811,1.00,1.87
2017.11.30 14:49:03.578,1.32799,1.32813,1.00,2.62
2017.11.30 14:49:04.089,1.32798,1.32811,1.00,1.12
2017.11.30 14:49:04.591,1.32798,1.3281,1.00,1.00
2017.11.30 14:49:05.108,1.32798,1.32812,1.00,1.50
2017.11.30 14:49:05.161,1.32798,1.32813,1.00,1.12
2017.11.30 14:49:05.319,1.32798,1.32815,1.00,1.87
2017.11.30 14:49:05.509,1.32802,1.32816,1.00,2.25
2017.11.30 14:49:05.726,1.32798,1.32815,1.00,1.87
2017.11.30 14:49:05.885,1.32801,1.32815,1.00,1.12
2017.11.30 14:49:05.937,1.32797,1.32814,1.00,1.00
2017.11.30 14:49:06.466,1.32798,1.32814,1.00,1.00
2017.11.30 14:49:06.568,1.32797,1.32812,1.00,1.50
2017.11.30 14:49:06.985,1.32801,1.32814,1.00,1.87
2017.11.30 14:49:07.037,1.32802,1.32818,1.00,1.37
2017.11.30 14:49:07.090,1.32806,1.32819,1.00,2.25
2017.11.30 14:49:07.142,1.32806,1.32821,1.00,1.00
2017.11.30 14:49:07.785,1.32807,1.32821,1.00,1.00
2017.11.30 14:49:07.992,1.3281,1.32822,1.00,1.00
2017.11.30 14:49:08.517,1.3281,1.32824,1.00,1.50
2017.11.30 14:49:08.620,1.3281,1.32825,1.00,2.62
2017.11.30 14:49:08.865,1.3281,1.32823,1.00,1.00
2017.11.30 14:49:09.100,1.32803,1.32817,1.00,1.12
2017.11.30 14:49:10.661,1.32804,1.32818,1.00,1.12
2017.11.30 14:49:11.194,1.32804,1.3282,1.00,1.50
2017.11.30 14:49:11.715,1.32805,1.3282,1.00,1.12
2017.11.30 14:49:11.767,1.32807,1.32822,1.00,1.50
2017.11.30 14:49:12.316,1.32808,1.32822,1.00,1.00
2017.11.30 14:49:12.892,1.32808,1.32821,1.00,1.00
2017.11.30 14:49:13.566,1.32806,1.32822,1.00,1.00
2017.11.30 14:49:14.072,1.32807,1.32822,1.00,2.62
2017.11.30 14:49:14.585,1.32806,1.32822,1.50,1.00
2017.11.30 14:49:15.232,1.32805,1.32821,1.00,1.00
2017.11.30 14:49:15.539,1.32805,1.32819,1.00,1.00
2017.11.30 14:49:16.050,1.32805,1.3282,1.00,1.00
2017.11.30 14:49:16.942,1.32807,1.3282,1.00,1.87
2017.11.30 14:49:17.452,1.32806,1.3282,1.00,1.12
2017.11.30 14:49:17.772,1.32802,1.32814,1.00,1.00
2017.11.30 14:49:17.875,1.328,1.32813,1.00,1.00
2017.11.30 14:49:18.376,1.32801,1.32814,1.00,1.50
2017.11.30 14:49:18.967,1.32801,1.32815,1.00,3.37
2017.11.30 14:49:19.477,1.32801,1.32814,1.00,1.00
2017.11.30 14:49:20.076,1.32801,1.32815,1.00,3.37
2017.11.30 14:49:20.625,1.328,1.32815,1.00,3.37
2017.11.30 14:49:20.677,1.32799,1.32804,1.00,1.00
2017.11.30 14:49:20.730,1.32791,1.32801,1.00,1.00
2017.11.30 14:49:20.782,1.32789,1.328,1.00,1.87
2017.11.30 14:49:20.833,1.32785,1.32801,1.00,1.50
2017.11.30 14:49:20.885,1.32785,1.32798,1.00,1.00
2017.11.30 14:49:20.936,1.32783,1.32799,1.00,1.12
2017.11.30 14:49:21.881,1.32783,1.32799,1.00,1.87
2017.11.30 14:49:22.467,1.32784,1.32799,1.00,1.87
2017.11.30 14:49:23.045,1.32784,1.32799,1.00,1.00
2017.11.30 14:49:23.553,1.32783,1.32798,1.00,1.00
2017.11.30 14:49:23.759,1.32781,1.32799,1.00,1.87
2017.11.30 14:49:24.454,1.32781,1.32796,1.00,1.00
2017.11.30 14:49:25.173,1.32783,1.32797,1.00,1.00
2017.11.30 14:49:25.652,1.32782,1.328,1.00,3.37
2017.11.30 14:49:25.828,1.32784,1.32799,1.00,1.00
2017.11.30 14:49:26.494,1.32784,1.328,1.00,2.62
2017.11.30 14:49:26.672,1.32782,1.32799,1.00,1.87
2017.11.30 14:49:27.091,1.32782,1.32797,1.00,1.00
2017.11.30 14:49:27.477,1.32779,1.3279,1.00,1.00
2017.11.30 14:49:27.531,1.32781,1.32793,1.00,1.00
2017.11.30 14:49:27.739,1.32783,1.32796,1.00,1.00
2017.11.30 14:49:28.162,1.32781,1.32795,1.00,1.00
2017.11.30 14:49:28.377,1.32779,1.32794,1.00,2.62
2017.11.30 14:49:28.686,1.32778,1.32792,1.00,1.00
2017.11.30 14:49:29.335,1.32778,1.32794,1.00,1.31
2017.11.30 14:49:30.080,1.32778,1.32791,1.00,1.00
2017.11.30 14:49:30.412,1.32767,1.32782,1.00,1.00
2017.11.30 14:49:30.777,1.32765,1.3278,1.00,1.00
2017.11.30 14:49:30.829,1.32765,1.32782,1.50,1.50
2017.11.30 14:49:31.025,1.32772,1.32786,1.00,1.50
2017.11.30 14:49:31.080,1.32778,1.32792,1.00,1.00
2017.11.30 14:49:31.624,1.32777,1.32793,1.00,2.25
2017.11.30 14:49:32.203,1.32777,1.32792,1.00,1.00
2017.11.30 14:49:32.358,1.32778,1.32788,1.00,1.00
2017.11.30 14:49:32.556,1.32771,1.32785,1.00,1.00
2017.11.30 14:49:33.139,1.32772,1.32787,1.00,1.50
2017.11.30 14:49:33.671,1.32768,1.32784,1.00,1.00
2017.11.30 14:49:34.175,1.32768,1.32783,1.00,1.00
2017.11.30 14:49:34.560,1.32765,1.32782,1.12,1.00
2017.11.30 14:49:34.766,1.32767,1.32781,1.00,1.00
2017.11.30 14:49:34.818,1.32767,1.32783,1.00,1.00
2017.11.30 14:49:35.625,1.32767,1.32784,1.00,1.00
2017.11.30 14:49:35.677,1.3277,1.32786,1.00,2.62
2017.11.30 14:49:36.266,1.32771,1.32786,1.00,1.00
2017.11.30 14:49:36.810,1.32771,1.32785,1.00,1.00
2017.11.30 14:49:38.067,1.32771,1.32787,1.00,2.25
2017.11.30 14:49:38.688,1.32771,1.32785,1.00,1.00
2017.11.30 14:49:38.946,1.32769,1.32784,1.00,1.00
2017.11.30 14:49:40.517,1.32769,1.32785,1.00,1.50
2017.11.30 14:49:40.843,1.32769,1.32783,1.00,1.00
2017.11.30 14:49:41.465,1.32766,1.32779,1.00,1.00
2017.11.30 14:49:41.517,1.32763,1.32778,1.00,1.00
2017.11.30 14:49:41.828,1.32765,1.3278,1.00,1.00
2017.11.30 14:49:43.234,1.32765,1.32779,1.00,1.00
2017.11.30 14:49:43.286,1.32763,1.32779,1.00,1.00
2017.11.30 14:49:43.837,1.32763,1.32777,1.00,1.00
2017.11.30 14:49:43.940,1.32761,1.32777,1.00,1.00
2017.11.30 14:49:44.094,1.32762,1.3278,1.00,1.12
2017.11.30 14:49:44.238,1.32762,1.32777,1.00,1.00
2017.11.30 14:49:44.399,1.32766,1.32782,1.00,1.87
2017.11.30 14:49:44.986,1.32767,1.32782,1.00,1.87
2017.11.30 14:49:45.431,1.32766,1.3278,1.00,1.00
2017.11.30 14:49:45.776,1.32764,1.32776,1.00,1.00
2017.11.30 14:49:46.036,1.32756,1.32769,1.00,1.00
2017.11.30 14:49:46.483,1.32752,1.32767,1.75,1.00
2017.11.30 14:49:46.538,1.32752,1.32767,1.00,1.00
2017.11.30 14:49:46.640,1.32752,1.3277,1.00,1.00
2017.11.30 14:49:46.693,1.32755,1.32771,1.00,1.50
2017.11.30 14:49:46.796,1.32757,1.32774,1.00,1.00
2017.11.30 14:49:46.848,1.32758,1.32772,1.00,1.00
2017.11.30 14:49:47.119,1.32758,1.32774,1.00,1.00
2017.11.30 14:49:47.694,1.32758,1.32775,1.00,1.50
2017.11.30 14:49:48.608,1.3276,1.32775,1.00,1.50
2017.11.30 14:49:49.110,1.32759,1.32775,1.00,1.50
2017.11.30 14:49:49.657,1.3276,1.32776,1.00,1.25
2017.11.30 14:49:49.988,1.3276,1.32774,1.00,1.00
2017.11.30 14:49:50.499,1.3276,1.32773,1.00,1.00
2017.11.30 14:49:51.394,1.3276,1.32774,1.00,1.00
2017.11.30 14:49:51.907,1.3276,1.32775,1.00,1.00
2017.11.30 14:49:53.605,1.32758,1.32769,1.00,1.00
2017.11.30 14:49:53.709,1.32753,1.3277,1.00,1.25
2017.11.30 14:49:53.762,1.32757,1.32769,1.00,1.00
2017.11.30 14:49:53.867,1.32758,1.32772,1.00,1.00
2017.11.30 14:49:54.074,1.3276,1.3277,1.00,1.00
2017.11.30 14:49:54.126,1.32756,1.32771,1.00,1.00
2017.11.30 14:49:54.178,1.32758,1.3277,1.00,1.00
2017.11.30 14:49:54.564,1.32759,1.32773,1.00,1.00
2017.11.30 14:49:54.615,1.32761,1.32773,1.00,1.00
2017.11.30 14:49:54.874,1.32759,1.32773,1.00,1.00
2017.11.30 14:49:55.490,1.3276,1.32773,1.00,1.00
2017.11.30 14:49:55.952,1.32761,1.32771,1.00,1.00
2017.11.30 14:49:56.140,1.32756,1.32768,1.00,1.00
2017.11.30 14:49:56.193,1.32754,1.32767,1.00,1.00
2017.11.30 14:49:56.379,1.32752,1.32767,1.00,1.00
2017.11.30 14:49:56.919,1.32753,1.32767,1.00,1.00
2017.11.30 14:49:57.643,1.32752,1.32767,1.00,1.00
2017.11.30 14:49:58.161,1.32753,1.32766,1.00,1.00
2017.11.30 14:49:58.649,1.32753,1.32768,1.00,1.12
2017.11.30 14:49:59.051,1.32752,1.32766,1.00,1.00
2017.11.30 14:49:59.177,1.32752,1.32768,1.00,1.00
2017.11.30 14:49:59.335,1.32759,1.32772,1.00,1.50
2017.11.30 14:49:59.852,1.3276,1.32773,1.00,1.00
2017.11.30 14:50:00.193,1.32755,1.32768,1.00,1.00
2017.11.30 14:50:00.296,1.32752,1.32766,1.00,1.12
2017.11.30 14:50:00.398,1.32751,1.32762,1.00,1.00
2017.11.30 14:50:00.501,1.32749,1.32761,1.00,1.00
2017.11.30 14:50:00.781,1.32751,1.32764,1.00,1.00
2017.11.30 14:50:01.089,1.32748,1.32763,1.00,1.00
2017.11.30 14:50:01.635,1.32748,1.32762,1.00,1.00
2017.11.30 14:50:02.163,1.3275,1.32765,1.00,1.50
2017.11.30 14:50:02.267,1.3275,1.32763,1.00,1.00
2017.11.30 14:50:02.319,1.32751,1.32765,1.00,1.00
2017.11.30 14:50:02.422,1.32753,1.32765,1.00,1.00
2017.11.30 14:50:02.645,1.32751,1.32765,1.00,1.00
2017.11.30 14:50:03.003,1.32749,1.32764,1.00,1.12
2017.11.30 14:50:03.170,1.32752,1.32766,1.00,1.00
2017.11.30 14:50:03.907,1.32752,1.32768,1.00,1.12
2017.11.30 14:50:04.270,1.32755,1.32769,1.00,1.30
2017.11.30 14:50:04.811,1.32755,1.32768,1.00,1.00
2017.11.30 14:50:05.326,1.32755,1.32769,1.00,1.00
2017.11.30 14:50:05.635,1.32751,1.32766,1.00,1.00
2017.11.30 14:50:06.468,1.32751,1.32765,1.00,1.00
2017.11.30 14:50:06.945,1.32751,1.32767,1.00,1.00
2017.11.30 14:50:07.467,1.32752,1.32765,1.00,1.00
2017.11.30 14:50:07.518,1.3275,1.32765,1.00,1.00
2017.11.30 14:50:08.060,1.3275,1.32763,1.00,1.00
2017.11.30 14:50:08.605,1.32749,1.32763,1.00,1.00
2017.11.30 14:50:08.657,1.32747,1.32762,1.00,1.00
2017.11.30 14:50:09.390,1.32747,1.32764,1.00,1.12
2017.11.30 14:50:09.442,1.3275,1.32766,1.25,1.75
2017.11.30 14:50:09.806,1.32752,1.32765,1.00,1.00
2017.11.30 14:50:09.857,1.3275,1.32764,1.00,1.00
2017.11.30 14:50:10.269,1.32753,1.32766,1.00,1.00
2017.11.30 14:50:10.499,1.32751,1.32767,1.00,1.87
2017.11.30 14:50:10.550,1.32753,1.32767,1.00,1.87
2017.11.30 14:50:11.076,1.32752,1.32766,1.00,1.00
2017.11.30 14:50:11.575,1.32756,1.32767,1.00,1.12
2017.11.30 14:50:11.887,1.32754,1.32768,1.00,1.00
2017.11.30 14:50:12.259,1.32755,1.32763,1.00,1.00
2017.11.30 14:50:12.312,1.3275,1.3276,1.00,1.00
2017.11.30 14:50:12.364,1.32748,1.3276,1.00,1.25
2017.11.30 14:50:12.417,1.32745,1.32757,1.00,1.00
2017.11.30 14:50:12.470,1.32743,1.32758,1.00,1.12
2017.11.30 14:50:12.523,1.32741,1.32754,1.00,1.00
2017.11.30 14:50:13.033,1.3274,1.32754,1.00,1.00
2017.11.30 14:50:13.639,1.32739,1.32755,1.00,1.87
2017.11.30 14:50:14.258,1.3274,1.32754,1.00,1.00
2017.11.30 14:50:14.784,1.3274,1.32753,1.00,1.00
2017.11.30 14:50:15.129,1.32737,1.32751,1.00,1.00
2017.11.30 14:50:15.651,1.32738,1.32751,1.00,1.00
2017.11.30 14:50:16.260,1.32738,1.32752,1.00,1.00
2017.11.30 14:50:16.784,1.32737,1.32751,1.00,1.00
2017.11.30 14:50:16.914,1.32737,1.32751,1.00,1.19
2017.11.30 14:50:17.017,1.32735,1.32747,1.00,1.00
2017.11.30 14:50:17.336,1.32735,1.32745,1.00,1.00
2017.11.30 14:50:17.387,1.32733,1.32744,1.00,1.30
2017.11.30 14:50:17.439,1.3273,1.32744,1.00,1.00
2017.11.30 14:50:17.797,1.32733,1.32745,1.00,1.00
2017.11.30 14:50:18.275,1.32731,1.32745,1.00,1.00
2017.11.30 14:50:18.519,1.32733,1.32745,1.00,1.00
2017.11.30 14:50:19.009,1.32734,1.3275,1.00,1.00
2017.11.30 14:50:19.061,1.32736,1.3275,1.00,1.00
2017.11.30 14:50:19.471,1.32723,1.32734,1.00,1.00
2017.11.30 14:50:19.523,1.32721,1.32734,1.00,1.12
2017.11.30 14:50:19.779,1.3272,1.32732,1.00,1.00
2017.11.30 14:50:20.286,1.32719,1.32731,1.00,1.00
2017.11.30 14:50:20.647,1.32726,1.32736,1.00,1.12
2017.11.30 14:50:20.853,1.32728,1.3274,1.00,1.37
2017.11.30 14:50:21.352,1.3273,1.32741,1.00,1.00
2017.11.30 14:50:23.047,1.3273,1.32743,1.00,1.87
2017.11.30 14:50:23.583,1.32731,1.32743,1.00,1.00
2017.11.30 14:50:23.637,1.32731,1.32745,1.00,1.12
2017.11.30 14:50:23.691,1.32736,1.3275,1.00,1.87
2017.11.30 14:50:24.153,1.32734,1.32748,1.00,1.00
2017.11.30 14:50:24.930,1.32735,1.32748,1.00,1.00
2017.11.30 14:50:25.333,1.32733,1.32747,1.00,1.00
2017.11.30 14:50:25.438,1.32735,1.32747,1.00,1.00
2017.11.30 14:50:25.751,1.32735,1.3275,1.00,1.50
2017.11.30 14:50:25.854,1.32737,1.3275,1.00,1.00
2017.11.30 14:50:26.521,1.32739,1.3275,1.00,1.00
2017.11.30 14:50:26.913,1.32733,1.32742,1.00,1.00
2017.11.30 14:50:27.135,1.32725,1.32738,1.00,1.00
2017.11.30 14:50:27.648,1.32724,1.32738,1.00,1.00
2017.11.30 14:50:28.680,1.32723,1.32736,1.00,1.00
2017.11.30 14:50:29.013,1.32733,1.32745,1.00,2.25
2017.11.30 14:50:29.166,1.32735,1.32748,1.00,1.50
2017.11.30 14:50:29.218,1.32737,1.32748,1.00,1.00
2017.11.30 14:50:29.729,1.32736,1.32748,1.00,1.00
2017.11.30 14:50:30.253,1.32737,1.32749,1.00,1.00
2017.11.30 14:50:30.898,1.32736,1.32749,1.00,1.00
2017.11.30 14:50:31.053,1.32737,1.32752,1.00,1.12
2017.11.30 14:50:31.107,1.32742,1.32756,1.00,1.12
2017.11.30 14:50:31.211,1.32744,1.32759,1.00,1.00
2017.11.30 14:50:31.439,1.32745,1.32757,1.00,1.00
2017.11.30 14:50:31.698,1.32742,1.32757,1.00,1.00
2017.11.30 14:50:31.752,1.32746,1.3276,1.00,1.12
2017.11.30 14:50:31.910,1.32751,1.32766,1.00,1.00
2017.11.30 14:50:32.417,1.32752,1.32767,1.00,1.00
2017.11.30 14:50:32.921,1.32753,1.32767,1.00,1.00
2017.11.30 14:50:32.973,1.32755,1.32767,1.00,1.00
2017.11.30 14:50:33.189,1.32752,1.32767,1.00,1.00
2017.11.30 14:50:33.499,1.32751,1.32764,1.00,1.00
2017.11.30 14:50:33.822,1.3275,1.32762,1.00,1.00
2017.11.30 14:50:34.181,1.32752,1.32763,1.00,1.00
2017.11.30 14:50:34.454,1.3275,1.32762,1.00,1.00
2017.11.30 14:50:34.631,1.3275,1.32766,1.00,1.00
2017.11.30 14:50:34.734,1.32757,1.32767,1.00,1.00
2017.11.30 14:50:35.256,1.32756,1.32768,1.00,1.00
2017.11.30 14:50:35.518,1.32757,1.3277,1.00,1.00
2017.11.30 14:50:35.622,1.32758,1.32772,1.00,2.62
2017.11.30 14:50:35.675,1.32757,1.3277,1.00,1.00
2017.11.30 14:50:35.944,1.32756,1.32772,1.00,1.00
2017.11.30 14:50:36.098,1.32759,1.32771,1.00,1.00
2017.11.30 14:50:36.450,1.32756,1.32767,1.00,1.00
2017.11.30 14:50:36.606,1.32761,1.32774,1.00,1.55
2017.11.30 14:50:36.658,1.32763,1.32775,1.00,2.98
2017.11.30 14:50:36.710,1.32761,1.32775,1.00,2.98
2017.11.30 14:50:37.120,1.32759,1.32773,1.00,1.00
2017.11.30 14:50:37.529,1.32759,1.32771,1.00,1.00
2017.11.30 14:50:37.858,1.32756,1.32768,1.00,1.00
2017.11.30 14:50:38.013,1.32756,1.3277,1.00,1.12
2017.11.30 14:50:38.065,1.32754,1.3277,1.00,1.12
2017.11.30 14:50:38.219,1.32757,1.3277,1.00,1.68
2017.11.30 14:50:38.539,1.32765,1.32777,1.00,1.55
2017.11.30 14:50:38.697,1.3276,1.32772,1.00,1.00
2017.11.30 14:50:38.749,1.32757,1.32772,1.00,1.00
2017.11.30 14:50:38.801,1.32757,1.3277,1.00,1.00
2017.11.30 14:50:39.312,1.32758,1.32773,1.00,1.12
2017.11.30 14:50:39.467,1.32758,1.32771,1.00,1.00
2017.11.30 14:50:39.896,1.32756,1.3277,1.00,1.00
2017.11.30 14:50:39.947,1.32758,1.3277,1.00,1.00
2017.11.30 14:50:40.630,1.32757,1.3277,1.00,1.00
2017.11.30 14:50:41.226,1.32757,1.32771,1.00,1.11
2017.11.30 14:50:41.279,1.32757,1.32773,1.00,2.25
2017.11.30 14:50:41.331,1.3276,1.3277,1.00,1.25
2017.11.30 14:50:41.383,1.32757,1.32769,1.00,1.00
2017.11.30 14:50:41.540,1.32758,1.32771,1.00,1.24
2017.11.30 14:50:41.593,1.32759,1.32775,1.00,2.25
2017.11.30 14:50:41.746,1.32762,1.32776,1.00,1.12
2017.11.30 14:50:42.280,1.32762,1.32775,1.00,1.00
2017.11.30 14:50:42.779,1.3276,1.32775,1.00,1.30
2017.11.30 14:50:43.311,1.3276,1.32776,1.00,1.12
2017.11.30 14:50:43.829,1.32761,1.32776,1.00,1.68
2017.11.30 14:50:44.477,1.3276,1.32773,1.00,1.11
2017.11.30 14:50:44.631,1.3276,1.32774,1.00,1.00
2017.11.30 14:50:44.689,1.3276,1.32773,1.00,1.11
2017.11.30 14:50:44.978,1.3276,1.32774,1.00,1.00
2017.11.30 14:50:45.184,1.3276,1.32772,1.00,1.00
2017.11.30 14:50:45.288,1.32757,1.32774,1.00,1.00
2017.11.30 14:50:45.459,1.32759,1.32774,1.00,1.50
2017.11.30 14:50:45.971,1.3276,1.32775,1.00,1.50
2017.11.30 14:50:46.303,1.3276,1.32775,1.00,2.23
2017.11.30 14:50:46.406,1.32758,1.32775,1.00,2.23
2017.11.30 14:50:46.509,1.3276,1.32775,1.00,1.50
2017.11.30 14:50:47.010,1.32761,1.32776,1.00,2.05
2017.11.30 14:50:47.555,1.32761,1.32776,1.00,1.00
2017.11.30 14:50:47.863,1.32763,1.32777,1.00,1.00
2017.11.30 14:50:48.380,1.32762,1.32778,1.00,2.25
2017.11.30 14:50:48.684,1.32761,1.32776,1.00,1.00
2017.11.30 14:50:48.900,1.32761,1.32778,1.00,3.00
2017.11.30 14:50:49.054,1.32763,1.32778,1.00,1.50
2017.11.30 14:50:49.415,1.32765,1.3278,1.00,1.00
2017.11.30 14:50:49.959,1.32766,1.32782,1.00,1.00
2017.11.30 14:50:50.012,1.32773,1.32782,1.00,1.00
2017.11.30 14:50:50.065,1.3277,1.32783,1.00,1.00
2017.11.30 14:50:50.195,1.32772,1.32786,1.00,2.25
2017.11.30 14:50:50.248,1.32772,1.32784,1.00,1.00
2017.11.30 14:50:50.508,1.32772,1.32786,1.00,1.12
2017.11.30 14:50:50.613,1.32772,1.32788,1.00,2.05
2017.11.30 14:50:50.664,1.32774,1.32788,1.00,1.00
2017.11.30 14:50:51.177,1.32774,1.3279,1.00,2.43
2017.11.30 14:50:51.281,1.32777,1.3279,1.00,1.00
2017.11.30 14:50:51.893,1.32777,1.32788,1.00,1.00
2017.11.30 14:50:52.546,1.32777,1.3279,1.00,1.00
2017.11.30 14:50:53.060,1.32778,1.3279,1.00,1.00
2017.11.30 14:50:53.582,1.32778,1.32788,1.00,1.00
2017.11.30 14:50:53.686,1.3278,1.32794,1.00,1.12
2017.11.30 14:50:53.842,1.32783,1.32796,1.00,1.30
2017.11.30 14:50:54.188,1.3278,1.32795,1.00,1.00
2017.11.30 14:50:54.716,1.32781,1.32795,1.00,1.00
2017.11.30 14:50:55.232,1.32781,1.32796,1.00,1.00
2017.11.30 14:50:55.646,1.32781,1.32798,1.00,1.30
2017.11.30 14:50:55.697,1.32781,1.32795,1.00,1.00
2017.11.30 14:50:56.005,1.32783,1.32795,1.00,1.00
2017.11.30 14:50:56.456,1.32783,1.32798,1.00,1.00
2017.11.30 14:50:57.089,1.32782,1.32797,1.00,1.00
2017.11.30 14:50:57.401,1.32782,1.32794,1.00,1.00
2017.11.30 14:50:57.555,1.32778,1.32791,1.00,1.00
2017.11.30 14:50:57.945,1.32779,1.32791,1.00,1.11
2017.11.30 14:50:58.251,1.3278,1.32792,1.00,1.55
2017.11.30 14:50:58.793,1.32779,1.32792,1.00,1.00
2017.11.30 14:50:58.947,1.32778,1.3279,1.00,1.00
2017.11.30 14:50:59.256,1.32777,1.32788,1.00,1.00
2017.11.30 14:51:00.283,1.32779,1.32792,1.00,1.00
2017.11.30 14:51:00.335,1.32779,1.32794,1.00,1.00
2017.11.30 14:51:00.387,1.32781,1.32794,1.00,1.00
2017.11.30 14:51:00.702,1.32783,1.32796,1.00,1.55
2017.11.30 14:51:01.342,1.32783,1.32793,1.00,1.00
2017.11.30 14:51:01.496,1.3278,1.32793,1.00,1.00
2017.11.30 14:51:01.650,1.3278,1.32796,1.00,1.68
2017.11.30 14:51:01.753,1.3278,1.32795,1.00,1.11
2017.11.30 14:51:02.268,1.32781,1.32792,1.00,1.30
2017.11.30 14:51:02.577,1.32779,1.32791,1.00,1.00
2017.11.30 14:51:02.688,1.32776,1.32785,1.00,1.00
2017.11.30 14:51:02.741,1.32774,1.32784,1.00,1.00
2017.11.30 14:51:02.846,1.32774,1.32786,1.00,1.00
2017.11.30 14:51:03.016,1.32778,1.32789,1.00,1.50
2017.11.30 14:51:03.068,1.32778,1.32791,1.00,1.00
2017.11.30 14:51:03.223,1.32778,1.32784,1.00,1.00
2017.11.30 14:51:03.275,1.32773,1.32785,1.00,1.00
2017.11.30 14:51:04.200,1.32772,1.32783,1.00,1.00
2017.11.30 14:51:04.252,1.32768,1.32783,1.00,1.00
2017.11.30 14:51:04.304,1.32768,1.32781,1.00,2.05
2017.11.30 14:51:04.846,1.32767,1.3278,1.00,1.00
2017.11.30 14:51:05.348,1.32766,1.32781,1.00,1.50
2017.11.30 14:51:05.972,1.32768,1.32784,1.00,2.62
2017.11.30 14:51:06.281,1.32772,1.32785,1.00,1.00
2017.11.30 14:51:06.590,1.3277,1.32782,1.00,1.00
2017.11.30 14:51:06.899,1.32769,1.3278,1.00,1.00
2017.11.30 14:51:07.054,1.32769,1.32784,1.00,1.00
2017.11.30 14:51:07.158,1.3277,1.32781,1.00,1.00
2017.11.30 14:51:07.263,1.32769,1.32783,1.00,1.00
2017.11.30 14:51:07.779,1.32769,1.32782,1.00,1.00
2017.11.30 14:51:08.245,1.32769,1.32784,1.00,1.00
2017.11.30 14:51:08.836,1.32767,1.32784,1.00,1.00
2017.11.30 14:51:08.993,1.3277,1.32783,1.00,1.00
2017.11.30 14:51:09.306,1.32767,1.32781,1.00,1.00
2017.11.30 14:51:09.359,1.32766,1.32778,1.00,1.00
2017.11.30 14:51:09.410,1.32762,1.32777,1.00,1.00
2017.11.30 14:51:09.719,1.32759,1.32778,1.00,1.00
2017.11.30 14:51:10.267,1.3276,1.32777,1.00,1.00
2017.11.30 14:51:10.787,1.32761,1.32776,1.00,1.00
2017.11.30 14:51:11.049,1.32759,1.32776,1.00,1.00
2017.11.30 14:51:11.354,1.32755,1.32769,1.87,1.00
2017.11.30 14:51:11.522,1.32753,1.32772,1.00,1.31
2017.11.30 14:51:11.575,1.32753,1.32773,2.25,1.12
2017.11.30 14:51:11.682,1.32756,1.32773,1.00,1.12
2017.11.30 14:51:11.737,1.32754,1.32775,1.87,3.75
2017.11.30 14:51:12.070,1.32756,1.32774,1.00,1.50
2017.11.30 14:51:12.423,1.32756,1.32769,1.00,1.00
2017.11.30 14:51:12.631,1.32755,1.32771,1.00,1.00
2017.11.30 14:51:12.958,1.32754,1.32773,1.87,1.00
2017.11.30 14:51:13.010,1.32756,1.32773,1.00,1.00
2017.11.30 14:51:13.358,1.32753,1.32769,1.00,1.12
2017.11.30 14:51:13.712,1.32752,1.32767,1.00,1.00
2017.11.30 14:51:13.824,1.3275,1.32766,1.00,1.00
2017.11.30 14:51:14.145,1.32752,1.32766,1.00,1.00
2017.11.30 14:51:14.728,1.32754,1.32772,1.00,1.87
2017.11.30 14:51:14.781,1.32758,1.32772,1.00,1.00
2017.11.30 14:51:15.139,1.32757,1.3277,1.00,1.00
2017.11.30 14:51:15.321,1.32755,1.3277,1.00,1.00
2017.11.30 14:51:15.474,1.32753,1.3277,1.00,1.00
2017.11.30 14:51:15.526,1.32753,1.32768,1.00,1.00
2017.11.30 14:51:15.752,1.32755,1.32771,1.00,1.00
2017.11.30 14:51:15.883,1.32756,1.32774,1.00,1.50
2017.11.30 14:51:15.935,1.3276,1.32779,1.87,1.12
2017.11.30 14:51:16.584,1.32762,1.3278,1.00,1.00
2017.11.30 14:51:16.918,1.32764,1.3278,1.00,1.00
2017.11.30 14:51:17.292,1.32762,1.32777,1.00,1.00
2017.11.30 14:51:17.346,1.32762,1.32779,1.00,1.00
2017.11.30 14:51:17.398,1.32764,1.3278,1.00,1.00
2017.11.30 14:51:17.748,1.32764,1.32778,1.00,1.00
2017.11.30 14:51:18.337,1.32763,1.32779,1.00,1.00
2017.11.30 14:51:18.857,1.32763,1.32778,1.00,1.30
2017.11.30 14:51:19.371,1.32764,1.32778,1.00,1.00
2017.11.30 14:51:19.424,1.32763,1.3278,1.12,1.00
2017.11.30 14:51:19.476,1.32765,1.32781,1.12,1.00
2017.11.30 14:51:19.972,1.32766,1.32777,1.00,1.00
2017.11.30 14:51:20.025,1.3276,1.32779,1.12,1.00
2017.11.30 14:51:20.078,1.32762,1.32777,1.00,1.25
2017.11.30 14:51:20.132,1.32762,1.32779,1.00,1.25
2017.11.30 14:51:20.303,1.32759,1.32779,1.12,1.25
2017.11.30 14:51:20.365,1.32759,1.32778,1.00,3.19
2017.11.30 14:51:20.857,1.32759,1.32773,1.00,1.00
2017.11.30 14:51:20.960,1.32757,1.32773,1.00,1.00
2017.11.30 14:51:21.243,1.32757,1.32771,1.00,1.00
2017.11.30 14:51:21.688,1.32754,1.3277,1.50,1.00
2017.11.30 14:51:22.052,1.32752,1.32767,1.00,1.25
2017.11.30 14:51:22.241,1.3275,1.32769,1.00,2.62
2017.11.30 14:51:22.345,1.32752,1.32768,1.00,1.00
2017.11.30 14:51:22.757,1.32754,1.32768,1.00,1.25
2017.11.30 14:51:23.127,1.32755,1.3277,1.00,1.12
2017.11.30 14:51:23.336,1.32754,1.32767,1.00,1.00
2017.11.30 14:51:23.388,1.32752,1.32766,1.00,1.00
2017.11.30 14:51:23.441,1.32753,1.32767,1.00,1.30
2017.11.30 14:51:23.493,1.32753,1.3277,1.00,2.05
2017.11.30 14:51:24.043,1.32754,1.3277,1.00,1.94
2017.11.30 14:51:24.357,1.32754,1.3277,1.00,1.69
2017.11.30 14:51:24.564,1.32753,1.32771,1.00,1.87
2017.11.30 14:51:24.771,1.32753,1.32768,1.00,1.00
2017.11.30 14:51:25.274,1.32754,1.32768,1.00,1.00
2017.11.30 14:51:25.712,1.32751,1.32765,1.00,1.00
2017.11.30 14:51:25.815,1.32749,1.32765,1.00,1.00
2017.11.30 14:51:25.868,1.32751,1.32765,1.00,1.00
2017.11.30 14:51:26.378,1.32751,1.32764,1.00,1.00
2017.11.30 14:51:26.910,1.3275,1.32764,1.00,1.00
2017.11.30 14:51:28.839,1.32753,1.32768,1.00,1.87
2017.11.30 14:51:29.045,1.32755,1.32768,1.00,1.00
2017.11.30 14:51:29.320,1.32753,1.32768,1.00,1.00
2017.11.30 14:51:29.578,1.32755,1.32768,1.00,1.00
2017.11.30 14:51:30.097,1.32755,1.32769,1.00,1.00
2017.11.30 14:51:31.020,1.32754,1.32769,1.00,1.00
2017.11.30 14:51:31.330,1.32757,1.32771,1.00,1.00
2017.11.30 14:51:31.673,1.32757,1.32769,1.00,1.00
2017.11.30 14:51:32.137,1.32755,1.32768,1.00,1.00
2017.11.30 14:51:32.248,1.32753,1.32765,1.12,1.00
2017.11.30 14:51:32.300,1.32751,1.32764,1.00,1.00
2017.11.30 14:51:32.352,1.32747,1.32763,1.00,1.50
2017.11.30 14:51:32.899,1.32746,1.32763,1.00,1.00
2017.11.30 14:51:33.434,1.32747,1.32762,1.00,1.00
2017.11.30 14:51:33.588,1.32745,1.32762,1.12,1.00
2017.11.30 14:51:34.222,1.32745,1.32764,1.12,2.25
2017.11.30 14:51:34.846,1.32744,1.32763,2.62,1.00
2017.11.30 14:51:34.898,1.32748,1.32766,1.00,1.00
2017.11.30 14:51:35.428,1.32749,1.32768,1.00,1.87
2017.11.30 14:51:36.207,1.32749,1.32765,1.00,1.00
2017.11.30 14:51:36.504,1.32749,1.32767,1.00,1.12
2017.11.30 14:51:37.321,1.32749,1.32765,1.00,1.00
2017.11.30 14:51:37.426,1.32751,1.32769,1.00,1.00
2017.11.30 14:51:37.481,1.32756,1.32765,1.00,1.11
2017.11.30 14:51:37.590,1.32748,1.32757,1.00,1.00
2017.11.30 14:51:37.694,1.32743,1.32754,1.00,1.00
2017.11.30 14:51:37.747,1.32743,1.32759,1.00,1.50
2017.11.30 14:51:37.921,1.32747,1.32762,1.00,1.00
2017.11.30 14:51:38.025,1.32747,1.32764,1.00,1.50
2017.11.30 14:51:38.561,1.32749,1.32763,1.00,1.00
2017.11.30 14:51:39.214,1.32747,1.32762,1.00,1.50
2017.11.30 14:51:39.517,1.32749,1.32761,1.00,1.00
2017.11.30 14:51:39.620,1.32749,1.32763,1.00,1.00
2017.11.30 14:51:39.672,1.32749,1.32766,1.00,3.37
2017.11.30 14:51:39.724,1.32754,1.32766,1.00,2.25
2017.11.30 14:51:39.830,1.3275,1.32766,1.00,1.00
2017.11.30 14:51:39.882,1.32752,1.32766,1.00,1.00
2017.11.30 14:51:40.393,1.32753,1.32767,1.00,1.00
2017.11.30 14:51:40.905,1.32754,1.32766,1.00,1.00
2017.11.30 14:51:40.957,1.32754,1.3277,1.00,1.50
2017.11.30 14:51:41.009,1.32756,1.3277,1.00,1.50
2017.11.30 14:51:41.061,1.32756,1.32772,1.00,1.00
2017.11.30 14:51:41.113,1.32757,1.32769,1.00,1.00
2017.11.30 14:51:41.464,1.32755,1.32769,1.00,1.00
2017.11.30 14:51:42.384,1.32753,1.32769,1.00,1.00
2017.11.30 14:51:43.040,1.32752,1.32769,1.00,1.00
2017.11.30 14:51:43.562,1.32752,1.32767,1.00,1.00
2017.11.30 14:51:44.041,1.32751,1.32764,1.00,1.00
2017.11.30 14:51:44.587,1.3275,1.32764,1.00,1.00
2017.11.30 14:51:45.115,1.32751,1.32765,1.00,1.00
2017.11.30 14:51:45.960,1.3275,1.32765,1.00,1.00
2017.11.30 14:51:47.103,1.3275,1.32763,1.00,1.00
2017.11.30 14:51:47.308,1.32747,1.32763,1.00,1.12
2017.11.30 14:51:47.829,1.32747,1.32762,1.00,1.00
2017.11.30 14:51:48.484,1.32747,1.32761,1.00,1.00
2017.11.30 14:51:49.035,1.32746,1.32761,1.00,1.00
2017.11.30 14:51:49.248,1.3275,1.32765,1.00,1.00
2017.11.30 14:51:49.301,1.3275,1.32767,1.00,1.00
2017.11.30 14:51:49.441,1.32752,1.32767,1.00,1.50
2017.11.30 14:51:49.754,1.32748,1.3276,1.00,1.31
2017.11.30 14:51:49.909,1.32742,1.3276,1.00,1.50
2017.11.30 14:51:50.125,1.32745,1.32761,1.00,1.50
2017.11.30 14:51:50.783,1.32745,1.32763,1.00,3.00
2017.11.30 14:51:51.121,1.32743,1.3276,1.00,1.00
2017.11.30 14:51:51.680,1.32742,1.32759,1.00,1.00
2017.11.30 14:51:52.209,1.32744,1.3276,1.00,1.00
2017.11.30 14:51:52.261,1.32744,1.32762,1.00,3.19
2017.11.30 14:51:52.415,1.32744,1.32759,1.00,1.00
2017.11.30 14:51:52.703,1.32743,1.32761,1.00,1.00
2017.11.30 14:51:52.857,1.32743,1.32759,1.00,1.00
2017.11.30 14:51:53.165,1.32741,1.32759,1.00,1.00
2017.11.30 14:51:53.322,1.32748,1.32759,1.00,1.00
2017.11.30 14:51:53.378,1.32752,1.32768,1.00,1.00
2017.11.30 14:51:53.741,1.3275,1.32768,1.00,1.00
2017.11.30 14:51:54.264,1.32754,1.32769,1.00,1.50
2017.11.30 14:51:54.368,1.32752,1.32769,1.00,1.50
2017.11.30 14:51:54.419,1.32752,1.32767,1.00,1.00
2017.11.30 14:51:54.573,1.32749,1.32765,1.00,1.00
2017.11.30 14:51:54.770,1.32751,1.32766,1.00,1.00
2017.11.30 14:51:55.080,1.32747,1.32759,1.00,1.00
2017.11.30 14:51:55.332,1.32744,1.32758,1.00,1.00
2017.11.30 14:51:55.488,1.32746,1.32759,1.00,1.00
2017.11.30 14:51:56.007,1.32746,1.3276,1.00,1.00
2017.11.30 14:51:56.797,1.32746,1.32759,1.00,1.00
2017.11.30 14:51:57.311,1.32746,1.32758,1.00,1.00
2017.11.30 14:51:57.576,1.32746,1.32762,1.00,1.00
2017.11.30 14:51:57.627,1.32751,1.32764,1.00,1.50
2017.11.30 14:51:57.679,1.32748,1.32763,1.00,1.00
2017.11.30 14:51:58.208,1.32748,1.32764,1.00,1.00
2017.11.30 14:51:58.503,1.32748,1.32761,1.00,1.00
2017.11.30 14:51:58.555,1.32746,1.32761,1.00,1.00
2017.11.30 14:51:59.074,1.32745,1.32762,1.00,1.00
2017.11.30 14:51:59.624,1.32746,1.3276,1.00,1.00
2017.11.30 14:52:00.145,1.32748,1.3276,1.00,1.00
2017.11.30 14:52:00.256,1.32748,1.32762,1.00,1.00
2017.11.30 14:52:00.758,1.3275,1.32767,1.00,1.00
2017.11.30 14:52:00.809,1.32753,1.3277,1.00,1.87
2017.11.30 14:52:01.169,1.32754,1.32768,1.00,1.00
2017.11.30 14:52:01.655,1.32754,1.3277,1.00,1.00
2017.11.30 14:52:01.707,1.32754,1.32772,1.00,1.12
2017.11.30 14:52:01.810,1.32757,1.32773,1.00,1.00
2017.11.30 14:52:02.326,1.32757,1.32772,1.00,1.00
2017.11.30 14:52:02.852,1.32758,1.32772,1.00,1.00
2017.11.30 14:52:03.392,1.32757,1.32772,1.00,1.00
2017.11.30 14:52:04.194,1.32757,1.32773,1.00,1.00
2017.11.30 14:52:04.507,1.32759,1.32777,1.00,2.62
2017.11.30 14:52:04.560,1.32761,1.32777,1.00,1.00
2017.11.30 14:52:04.613,1.32762,1.32782,1.50,1.50
2017.11.30 14:52:04.717,1.32765,1.32782,1.00,1.50
2017.11.30 14:52:05.027,1.32762,1.32777,1.00,1.00
2017.11.30 14:52:05.553,1.32759,1.32778,1.00,1.00
2017.11.30 14:52:05.708,1.32759,1.32774,1.00,1.00
2017.11.30 14:52:05.762,1.32756,1.32772,1.50,1.00
2017.11.30 14:52:06.330,1.32755,1.32771,1.00,1.00
2017.11.30 14:52:06.434,1.32754,1.32769,1.00,1.00
2017.11.30 14:52:06.487,1.32752,1.32769,1.00,1.00
2017.11.30 14:52:06.703,1.32752,1.32767,1.00,1.00
2017.11.30 14:52:07.237,1.32751,1.32766,1.00,1.00
2017.11.30 14:52:08.358,1.3275,1.32766,1.00,1.00
2017.11.30 14:52:08.710,1.32745,1.32759,1.00,1.00
2017.11.30 14:52:09.132,1.32743,1.32759,1.00,1.00
2017.11.30 14:52:09.634,1.32743,1.3276,1.00,1.00
2017.11.30 14:52:09.793,1.32746,1.32761,1.00,1.00
2017.11.30 14:52:10.317,1.32746,1.3276,1.00,1.00
2017.11.30 14:52:10.847,1.32745,1.3276,1.00,1.00
2017.11.30 14:52:11.427,1.32745,1.32759,1.12,1.00
2017.11.30 14:52:14.075,1.32744,1.3276,1.00,1.00
2017.11.30 14:52:14.382,1.32747,1.3276,1.00,1.00
2017.11.30 14:52:14.971,1.32746,1.3276,1.00,1.00
2017.11.30 14:52:15.331,1.32744,1.32758,1.00,1.00
2017.11.30 14:52:15.530,1.32744,1.3276,1.00,1.00
2017.11.30 14:52:16.068,1.32745,1.32761,1.00,1.00
2017.11.30 14:52:16.400,1.32747,1.3276,1.00,1.00
2017.11.30 14:52:16.583,1.32746,1.32765,1.12,1.50
2017.11.30 14:52:16.635,1.32749,1.32765,1.00,1.00
2017.11.30 14:52:16.875,1.32749,1.32767,1.00,1.00
2017.11.30 14:52:16.929,1.32751,1.32765,1.00,1.00
2017.11.30 14:52:17.536,1.32751,1.32766,1.00,1.00
2017.11.30 14:52:18.537,1.3275,1.32766,1.00,1.00
2017.11.30 14:52:18.879,1.32752,1.32766,1.00,1.00
2017.11.30 14:52:19.405,1.32752,1.32767,1.00,1.50
2017.11.30 14:52:19.605,1.32746,1.32767,1.12,1.50
2017.11.30 14:52:19.782,1.32746,1.32765,1.12,1.00
2017.11.30 14:52:20.096,1.32745,1.32762,1.00,1.00
2017.11.30 14:52:20.405,1.32738,1.32755,1.00,1.00
2017.11.30 14:52:20.593,1.32738,1.32757,1.00,1.00
2017.11.30 14:52:21.106,1.32737,1.32757,1.00,1.00
2017.11.30 14:52:21.317,1.32737,1.32755,1.00,1.00
2017.11.30 14:52:21.657,1.32739,1.32756,1.00,1.00
2017.11.30 14:52:21.965,1.32741,1.32756,1.00,1.00
2017.11.30 14:52:22.239,1.32746,1.32763,1.12,1.50
2017.11.30 14:52:22.343,1.32747,1.32765,1.12,1.00
2017.11.30 14:52:23.397,1.32746,1.32766,1.50,1.00
2017.11.30 14:52:24.094,1.32749,1.32766,1.00,1.00
2017.11.30 14:52:24.720,1.32749,1.32765,1.00,1.00
2017.11.30 14:52:25.082,1.32747,1.32765,1.00,1.00
2017.11.30 14:52:25.354,1.32748,1.32766,1.37,1.00
2017.11.30 14:52:25.969,1.32748,1.32765,1.87,1.00
2017.11.30 14:52:26.524,1.32748,1.32764,1.37,1.00
2017.11.30 14:52:26.920,1.32748,1.32766,1.37,1.00
2017.11.30 14:52:27.476,1.32748,1.32767,1.37,1.50
2017.11.30 14:52:27.616,1.32751,1.32767,1.00,1.50
2017.11.30 14:52:27.937,1.32746,1.32763,1.00,1.00
2017.11.30 14:52:28.525,1.32746,1.32765,1.00,1.37
2017.11.30 14:52:29.067,1.32745,1.32764,1.50,1.00
2017.11.30 14:52:29.345,1.32746,1.32764,1.12,1.00
2017.11.30 14:52:29.793,1.32746,1.32763,1.00,1.00
2017.11.30 14:52:29.947,1.32748,1.32764,1.00,1.00
2017.11.30 14:52:30.102,1.32746,1.32763,1.00,1.00
2017.11.30 14:52:30.206,1.32744,1.32758,1.00,1.00
2017.11.30 14:52:30.369,1.32741,1.32758,1.00,1.00
2017.11.30 14:52:30.932,1.32741,1.32759,1.50,1.00
2017.11.30 14:52:31.058,1.32741,1.32755,1.00,1.00
2017.11.30 14:52:31.111,1.32736,1.32752,1.00,1.00
2017.11.30 14:52:31.615,1.32734,1.32753,1.87,1.00
2017.11.30 14:52:32.274,1.32735,1.32754,1.12,1.00
2017.11.30 14:52:32.751,1.32738,1.32756,1.00,1.00
2017.11.30 14:52:33.098,1.32745,1.32763,2.62,1.00
2017.11.30 14:52:33.716,1.32746,1.32763,1.50,1.00
2017.11.30 14:52:35.752,1.32746,1.32763,1.12,1.00
2017.11.30 14:52:36.063,1.32745,1.32757,1.00,1.00
2017.11.30 14:52:36.295,1.32733,1.32751,1.87,1.00
2017.11.30 14:52:36.452,1.32729,1.32745,1.00,1.00
2017.11.30 14:52:36.555,1.32723,1.32743,2.25,1.00
2017.11.30 14:52:37.557,1.32723,1.32744,2.25,1.00
2017.11.30 14:52:38.113,1.32723,1.32744,1.87,1.00
2017.11.30 14:52:38.632,1.32725,1.32743,1.00,1.00
2017.11.30 14:52:38.792,1.32723,1.32734,1.00,1.00
2017.11.30 14:52:38.962,1.32715,1.32733,1.62,1.00
2017.11.30 14:52:39.408,1.32714,1.32732,2.25,1.00
2017.11.30 14:52:39.460,1.32714,1.32727,1.12,1.00
2017.11.30 14:52:39.619,1.32711,1.3273,1.87,1.00
2017.11.30 14:52:39.864,1.32713,1.32732,1.12,1.00
2017.11.30 14:52:40.337,1.32715,1.32732,1.00,1.50
2017.11.30 14:52:40.554,1.32713,1.32732,1.00,1.50
2017.11.30 14:52:41.065,1.32713,1.32732,1.00,2.62
2017.11.30 14:52:41.704,1.32712,1.32732,1.00,2.62
2017.11.30 14:52:42.187,1.32714,1.32732,1.69,1.00
2017.11.30 14:52:42.345,1.32719,1.32738,1.12,1.00
2017.11.30 14:52:42.397,1.32721,1.32739,1.00,2.62
2017.11.30 14:52:42.910,1.3272,1.32735,1.00,1.00
2017.11.30 14:52:43.091,1.32715,1.32732,1.00,1.00
2017.11.30 14:52:43.617,1.32714,1.32732,1.00,1.00
2017.11.30 14:52:44.860,1.32714,1.32733,1.00,1.12
2017.11.30 14:52:45.388,1.32714,1.32733,1.19,1.12
2017.11.30 14:52:45.778,1.32715,1.32731,1.00,1.00
2017.11.30 14:52:46.306,1.32714,1.32731,1.00,1.00
2017.11.30 14:52:46.547,1.32714,1.32734,1.00,1.50
2017.11.30 14:52:47.217,1.32712,1.32734,3.37,1.50
2017.11.30 14:52:47.731,1.32712,1.32733,1.87,1.37
2017.11.30 14:52:48.026,1.32711,1.32729,1.50,1.00
2017.11.30 14:52:48.532,1.32712,1.3273,1.00,1.00
2017.11.30 14:52:49.055,1.32711,1.3273,1.87,1.00
2017.11.30 14:52:49.396,1.32715,1.3273,1.00,1.00
2017.11.30 14:52:50.660,1.32715,1.32731,1.00,1.00
2017.11.30 14:52:50.816,1.32718,1.32736,1.00,1.50
2017.11.30 14:52:51.021,1.3272,1.32738,1.50,1.00
2017.11.30 14:52:51.370,1.32715,1.32732,1.12,1.00
2017.11.30 14:52:51.895,1.32716,1.32732,1.00,1.00
2017.11.30 14:52:51.998,1.32718,1.32735,1.00,1.00
2017.11.30 14:52:52.526,1.32719,1.32735,1.00,1.00
2017.11.30 14:52:53.047,1.32719,1.32734,1.00,1.00
2017.11.30 14:52:53.226,1.32719,1.32737,1.00,1.00
2017.11.30 14:52:53.329,1.3272,1.32739,1.12,1.50
2017.11.30 14:52:53.863,1.32721,1.3274,1.12,1.00
2017.11.30 14:52:54.172,1.32721,1.32738,1.12,1.00
2017.11.30 14:52:54.704,1.32721,1.32739,1.87,1.00
2017.11.30 14:52:56.673,1.32726,1.32744,1.00,1.87
2017.11.30 14:52:56.726,1.32724,1.32745,1.00,3.93
2017.11.30 14:52:56.779,1.32723,1.3274,1.50,1.00
2017.11.30 14:52:57.280,1.32721,1.3274,2.81,1.00
2017.11.30 14:52:57.969,1.32721,1.32736,4.12,1.87
2017.11.30 14:52:58.021,1.32719,1.32732,1.00,1.00
2017.11.30 14:52:58.075,1.32715,1.32732,1.37,1.00
2017.11.30 14:52:58.127,1.32714,1.32732,1.12,1.00
2017.11.30 14:52:59.802,1.32713,1.32732,1.12,1.00
2017.11.30 14:53:00.650,1.32711,1.32732,1.50,1.00
2017.11.30 14:53:01.368,1.32712,1.3273,1.00,1.00
2017.11.30 14:53:02.966,1.32709,1.3273,1.31,1.87
2017.11.30 14:53:03.123,1.32711,1.32729,1.00,1.00
2017.11.30 14:53:03.474,1.32705,1.32723,1.00,1.00
2017.11.30 14:53:04.019,1.32704,1.32722,1.00,1.00
2017.11.30 14:53:04.584,1.32704,1.32722,1.19,1.00
2017.11.30 14:53:04.738,1.32706,1.32725,1.00,1.00
2017.11.30 14:53:04.790,1.32709,1.32727,1.00,1.00
2017.11.30 14:53:04.950,1.32708,1.32729,1.50,1.87
2017.11.30 14:53:05.003,1.32706,1.32726,1.00,2.25
2017.11.30 14:53:05.312,1.32711,1.32729,1.50,1.87
2017.11.30 14:53:05.997,1.3271,1.32729,1.00,1.87
2017.11.30 14:53:06.701,1.3271,1.32731,1.69,1.12
2017.11.30 14:53:06.946,1.32706,1.32725,1.00,1.00
2017.11.30 14:53:07.238,1.32704,1.32726,1.50,1.12
2017.11.30 14:53:07.747,1.32705,1.32726,1.00,1.12
2017.11.30 14:53:08.290,1.32704,1.32727,1.50,1.50
2017.11.30 14:53:08.598,1.32707,1.32726,1.00,1.12
2017.11.30 14:53:09.118,1.32706,1.32726,1.00,1.12
2017.11.30 14:53:09.664,1.32707,1.32726,1.00,1.12
2017.11.30 14:53:11.125,1.32711,1.32727,1.00,1.00
2017.11.30 14:53:11.177,1.32711,1.32729,1.50,1.12
2017.11.30 14:53:11.230,1.32712,1.32731,1.12,1.00
2017.11.30 14:53:11.488,1.32709,1.32727,1.00,1.00
2017.11.30 14:53:11.804,1.32704,1.32722,1.12,1.00
2017.11.30 14:53:11.959,1.32704,1.32724,1.69,2.25
2017.11.30 14:53:12.011,1.32706,1.32724,1.62,1.00
2017.11.30 14:53:12.655,1.32706,1.32725,1.37,1.50
2017.11.30 14:53:13.267,1.32706,1.32724,1.37,1.00
2017.11.30 14:53:13.426,1.32703,1.32725,1.87,1.00
2017.11.30 14:53:13.967,1.32705,1.32724,1.12,1.00
2017.11.30 14:53:14.496,1.32706,1.32726,1.00,1.87
2017.11.30 14:53:14.956,1.32704,1.32721,1.00,1.00
2017.11.30 14:53:15.059,1.32705,1.32725,1.00,2.25
2017.11.30 14:53:15.110,1.32705,1.32722,1.00,1.00
2017.11.30 14:53:15.162,1.32701,1.32722,1.50,1.00
2017.11.30 14:53:15.214,1.32704,1.32722,1.00,1.00
2017.11.30 14:53:15.369,1.32705,1.32724,1.50,1.00
2017.11.30 14:53:15.505,1.32705,1.32723,1.50,1.75
2017.11.30 14:53:15.558,1.32703,1.32722,1.50,1.50
2017.11.30 14:53:16.080,1.32702,1.3272,1.00,1.00
2017.11.30 14:53:16.224,1.327,1.3272,3.00,1.00
2017.11.30 14:53:16.951,1.32701,1.3272,1.19,1.00
2017.11.30 14:53:17.477,1.32701,1.32721,1.69,1.00
2017.11.30 14:53:17.990,1.32701,1.32722,1.69,1.00
2017.11.30 14:53:18.512,1.32702,1.32721,1.00,1.00
2017.11.30 14:53:18.999,1.32702,1.32719,1.12,1.00
2017.11.30 14:53:23.742,1.32701,1.32721,1.69,1.00
2017.11.30 14:53:24.343,1.32701,1.32719,1.69,1.00
2017.11.30 14:53:24.497,1.327,1.32719,1.12,1.12
2017.11.30 14:53:25.766,1.32701,1.32719,1.00,1.00
2017.11.30 14:53:26.500,1.32705,1.32721,1.00,1.00
2017.11.30 14:53:26.552,1.32708,1.32727,1.25,1.00
2017.11.30 14:53:26.605,1.32708,1.32724,1.00,1.00
2017.11.30 14:53:26.759,1.32703,1.32721,1.12,1.00
2017.11.30 14:53:27.378,1.32703,1.32722,1.12,1.00
2017.11.30 14:53:28.424,1.32702,1.32722,1.50,1.00
2017.11.30 14:53:30.445,1.32701,1.32721,1.12,1.12
2017.11.30 14:53:30.701,1.32698,1.32717,1.12,1.12
2017.11.30 14:53:31.031,1.32696,1.32715,1.31,1.00
2017.11.30 14:53:31.363,1.327,1.32717,1.00,1.00
2017.11.30 14:53:31.872,1.32699,1.32721,1.12,5.05
2017.11.30 14:53:31.924,1.32699,1.32716,1.00,1.00
2017.11.30 14:53:32.110,1.32696,1.32714,1.00,1.00
2017.11.30 14:53:32.162,1.32694,1.32715,1.12,1.00
2017.11.30 14:53:32.215,1.32696,1.32715,1.00,1.00
2017.11.30 14:53:32.476,1.327,1.32721,1.50,1.87
2017.11.30 14:53:33.463,1.327,1.32721,1.12,2.62
2017.11.30 14:53:33.853,1.32701,1.32723,2.06,1.12
2017.11.30 14:53:34.552,1.32702,1.32724,2.81,2.25
2017.11.30 14:53:35.118,1.32703,1.32724,2.44,1.50
2017.11.30 14:53:35.751,1.32705,1.32724,1.37,1.50
2017.11.30 14:53:35.905,1.32705,1.32726,1.37,1.50
2017.11.30 14:53:36.363,1.32704,1.32725,1.87,1.00
2017.11.30 14:53:36.901,1.32704,1.32726,1.12,3.75
2017.11.30 14:53:37.406,1.32704,1.32725,1.12,1.00
2017.11.30 14:53:37.952,1.32706,1.32726,3.00,1.69
2017.11.30 14:53:38.262,1.32707,1.32726,1.87,1.00
2017.11.30 14:53:38.765,1.32708,1.32726,1.12,1.00
2017.11.30 14:53:39.653,1.32709,1.32728,1.12,1.12
2017.11.30 14:53:40.208,1.32709,1.32729,1.12,1.50
2017.11.30 14:53:43.897,1.3271,1.3273,1.00,1.87
2017.11.30 14:53:44.419,1.32709,1.3273,1.00,1.00
2017.11.30 14:53:44.522,1.32708,1.32728,1.31,1.00
2017.11.30 14:53:45.866,1.3271,1.32728,1.00,1.12
2017.11.30 14:53:46.071,1.32708,1.32728,1.00,1.12
2017.11.30 14:53:47.582,1.32707,1.32729,1.00,1.50
2017.11.30 14:53:50.806,1.32707,1.32727,1.00,1.00
2017.11.30 14:53:51.332,1.32706,1.32728,2.62,1.12
2017.11.30 14:53:51.840,1.32707,1.32728,1.00,1.12
2017.11.30 14:53:53.112,1.32706,1.32729,3.37,2.25
2017.11.30 14:53:53.164,1.32708,1.32729,1.00,2.25
2017.11.30 14:53:53.818,1.32707,1.32728,1.00,1.12
2017.11.30 14:53:54.404,1.32706,1.32728,3.37,1.24
2017.11.30 14:53:54.973,1.32707,1.32728,1.00,1.12
2017.11.30 14:53:55.602,1.32708,1.32728,1.00,1.12
2017.11.30 14:53:56.114,1.32707,1.32728,1.00,1.68
2017.11.30 14:53:56.537,1.32706,1.32726,1.12,1.00
2017.11.30 14:53:56.691,1.32706,1.32728,1.12,3.18
2017.11.30 14:53:56.845,1.32706,1.32726,1.12,1.00
2017.11.30 14:53:56.948,1.32706,1.32728,1.12,2.62
2017.11.30 14:53:57.137,1.32706,1.32726,1.12,1.00
2017.11.30 14:53:58.061,1.32707,1.32727,1.00,2.05
2017.11.30 14:53:58.574,1.32706,1.32725,1.12,1.00
2017.11.30 14:53:59.101,1.32706,1.32726,1.12,1.12
2017.11.30 14:53:59.431,1.327,1.3272,2.62,2.25
2017.11.30 14:53:59.482,1.327,1.32722,4.12,1.87
2017.11.30 14:53:59.733,1.32704,1.32724,1.12,2.62
2017.11.30 14:53:59.991,1.32707,1.32728,1.37,1.87
2017.11.30 14:54:00.299,1.3271,1.32728,1.00,1.12
2017.11.30 14:54:00.491,1.32708,1.32728,1.12,1.87
2017.11.30 14:54:00.993,1.32708,1.32728,2.62,1.50
2017.11.30 14:54:01.440,1.32708,1.32726,1.00,1.00
2017.11.30 14:54:01.749,1.32715,1.32733,1.50,1.12
2017.11.30 14:54:01.925,1.32715,1.32735,1.50,1.00
2017.11.30 14:54:02.479,1.32716,1.32736,1.00,1.50
2017.11.30 14:54:03.017,1.32717,1.32737,1.00,3.37
2017.11.30 14:54:03.652,1.32716,1.32736,1.00,1.87
2017.11.30 14:54:04.179,1.32717,1.32736,1.00,1.12
2017.11.30 14:54:04.698,1.32718,1.32737,1.00,1.50
2017.11.30 14:54:05.523,1.32721,1.32737,1.00,1.00
2017.11.30 14:54:05.575,1.32722,1.32741,1.00,2.62
2017.11.30 14:54:05.729,1.32719,1.32741,1.50,3.18
2017.11.30 14:54:05.781,1.32721,1.32741,1.00,2.62
2017.11.30 14:54:05.936,1.32718,1.32739,1.00,1.50
2017.11.30 14:54:06.552,1.32717,1.32737,1.87,1.00
2017.11.30 14:54:07.124,1.32717,1.32736,1.12,1.87
2017.11.30 14:54:07.343,1.32719,1.32737,1.00,1.50
2017.11.30 14:54:07.446,1.32717,1.32736,1.87,1.12
2017.11.30 14:54:07.550,1.32719,1.32737,1.00,1.50
2017.11.30 14:54:07.911,1.32719,1.32739,1.00,3.18
2017.11.30 14:54:08.414,1.32719,1.32739,1.00,3.73
2017.11.30 14:54:08.926,1.32722,1.32739,1.69,1.12
2017.11.30 14:54:08.978,1.3272,1.32741,2.06,1.50
2017.11.30 14:54:09.136,1.32722,1.32741,1.50,1.00
2017.11.30 14:54:09.187,1.3272,1.32742,2.62,1.50
2017.11.30 14:54:09.393,1.32723,1.32741,1.00,1.12
2017.11.30 14:54:09.496,1.32724,1.32744,1.00,3.75
2017.11.30 14:54:09.812,1.32723,1.32742,1.12,1.00
2017.11.30 14:54:10.330,1.32724,1.32743,1.00,1.00
2017.11.30 14:54:10.756,1.32726,1.32743,1.00,1.00
2017.11.30 14:54:11.172,1.32724,1.32742,1.50,1.50
2017.11.30 14:54:11.281,1.32726,1.32744,1.50,2.62
2017.11.30 14:54:11.386,1.32727,1.32746,1.00,1.12
2017.11.30 14:54:11.693,1.32725,1.32746,2.62,1.00
2017.11.30 14:54:12.011,1.32727,1.32746,1.00,1.00
2017.11.30 14:54:12.371,1.32725,1.32745,1.87,1.00
2017.11.30 14:54:12.575,1.32727,1.32746,1.00,2.62
2017.11.30 14:54:12.681,1.32728,1.32749,1.12,4.30
2017.11.30 14:54:12.734,1.32729,1.32749,1.00,3.00
2017.11.30 14:54:12.991,1.32726,1.32746,2.25,1.00
2017.11.30 14:54:13.324,1.32726,1.32744,1.50,1.00
2017.11.30 14:54:13.639,1.32727,1.32747,1.00,1.50
2017.11.30 14:54:14.151,1.32728,1.32747,1.00,1.00
2017.11.30 14:54:14.696,1.32726,1.32748,2.62,3.75
2017.11.30 14:54:14.748,1.32726,1.32746,1.87,1.00
2017.11.30 14:54:15.295,1.32726,1.32748,1.87,3.37
2017.11.30 14:54:15.818,1.32727,1.32747,1.00,1.87
2017.11.30 14:54:17.268,1.32727,1.32746,1.00,1.00
2017.11.30 14:54:17.775,1.32727,1.32747,1.00,1.12
2017.11.30 14:54:18.674,1.32726,1.32744,1.12,1.37
2017.11.30 14:54:18.828,1.32726,1.32746,1.12,1.50
2017.11.30 14:54:19.217,1.32728,1.32746,1.00,1.00
2017.11.30 14:54:19.750,1.32727,1.32746,1.12,1.00
2017.11.30 14:54:20.060,1.32728,1.32749,1.00,3.37
2017.11.30 14:54:20.581,1.32729,1.32749,1.00,2.62
2017.11.30 14:54:21.203,1.32728,1.32748,1.00,1.12
2017.11.30 14:54:21.262,1.32728,1.32748,1.00,1.87
2017.11.30 14:54:21.728,1.32726,1.32747,1.87,1.87
2017.11.30 14:54:22.254,1.32727,1.32747,1.00,1.37
2017.11.30 14:54:22.357,1.32726,1.32743,1.00,1.00
2017.11.30 14:54:22.513,1.32726,1.32746,1.50,2.62
2017.11.30 14:54:23.053,1.32725,1.32745,1.00,1.12
2017.11.30 14:54:23.159,1.32723,1.32742,1.87,1.00
2017.11.30 14:54:23.264,1.32718,1.32739,2.25,1.50
2017.11.30 14:54:23.418,1.3272,1.3274,1.00,2.62
2017.11.30 14:54:23.726,1.32724,1.32742,1.00,1.00
2017.11.30 14:54:24.038,1.3272,1.32739,1.87,1.00
2017.11.30 14:54:24.197,1.32722,1.32741,1.00,1.00
2017.11.30 14:54:24.602,1.32724,1.32743,1.00,2.62
2017.11.30 14:54:25.114,1.32723,1.32743,1.00,3.37
2017.11.30 14:54:25.626,1.32722,1.32741,1.00,1.00
2017.11.30 14:54:26.021,1.32726,1.32745,1.00,1.87
2017.11.30 14:54:26.124,1.32724,1.32744,1.50,1.00
2017.11.30 14:54:26.227,1.32726,1.32742,1.00,1.00
2017.11.30 14:54:26.278,1.32722,1.32741,1.87,1.00
2017.11.30 14:54:26.765,1.3272,1.3274,1.87,1.12
2017.11.30 14:54:27.275,1.32721,1.32741,1.12,1.50
2017.11.30 14:54:27.798,1.32721,1.3274,1.12,1.50
2017.11.30 14:54:28.409,1.32722,1.32741,1.00,1.12
2017.11.30 14:54:28.926,1.32722,1.3274,1.00,1.12
2017.11.30 14:54:29.436,1.32723,1.32741,1.00,1.50
2017.11.30 14:54:29.633,1.32723,1.32742,1.00,1.00
2017.11.30 14:54:30.182,1.32723,1.3274,1.00,1.00
2017.11.30 14:54:30.715,1.32722,1.3274,1.12,1.00
2017.11.30 14:54:31.093,1.3272,1.3274,1.12,1.00
2017.11.30 14:54:31.610,1.32718,1.32738,2.62,1.00
2017.11.30 14:54:31.764,1.32719,1.3274,1.50,2.25
2017.11.30 14:54:32.611,1.32719,1.32738,1.50,1.12
2017.11.30 14:54:32.867,1.3272,1.3274,1.12,2.62
2017.11.30 14:54:33.415,1.3272,1.32739,1.12,1.00
2017.11.30 14:54:33.729,1.32725,1.3274,1.00,1.50
2017.11.30 14:54:33.834,1.32723,1.32743,1.37,3.00
2017.11.30 14:54:34.149,1.32722,1.32741,1.00,1.00
2017.11.30 14:54:34.580,1.32724,1.32743,1.00,1.50
2017.11.30 14:54:34.684,1.32726,1.32745,1.00,1.00
2017.11.30 14:54:35.565,1.32726,1.32747,1.00,1.12
2017.11.30 14:54:36.072,1.32727,1.32747,1.00,1.12
2017.11.30 14:54:36.675,1.32728,1.32748,1.00,1.50
2017.11.30 14:54:37.512,1.32727,1.32748,1.00,3.00
2017.11.30 14:54:38.030,1.32729,1.32748,1.00,1.37
2017.11.30 14:54:39.046,1.32728,1.32748,1.12,1.87
2017.11.30 14:54:39.586,1.32727,1.32746,1.50,1.00
2017.11.30 14:54:40.046,1.32725,1.32745,1.50,1.12
2017.11.30 14:54:40.150,1.32725,1.32743,1.00,1.00
2017.11.30 14:54:40.798,1.32724,1.32743,1.00,1.50
2017.11.30 14:54:41.203,1.32727,1.32743,1.00,1.00
2017.11.30 14:54:41.309,1.32732,1.32749,1.00,1.00
2017.11.30 14:54:41.364,1.32729,1.32748,1.12,1.50
2017.11.30 14:54:41.904,1.3273,1.32749,1.00,1.87
2017.11.30 14:54:42.488,1.32727,1.32748,3.00,1.00
2017.11.30 14:54:42.998,1.3273,1.32749,1.00,1.50
2017.11.30 14:54:43.523,1.32729,1.32749,1.00,1.50
2017.11.30 14:54:43.903,1.32731,1.32749,1.00,1.50
2017.11.30 14:54:44.199,1.32728,1.32747,1.00,1.12
2017.11.30 14:54:44.251,1.32726,1.32745,1.00,1.00
2017.11.30 14:54:44.559,1.3273,1.32747,1.00,1.12
2017.11.30 14:54:44.920,1.32727,1.32747,2.62,1.00
2017.11.30 14:54:45.102,1.32726,1.32746,1.87,1.50
2017.11.30 14:54:45.155,1.32728,1.32746,1.00,1.00
2017.11.30 14:54:45.207,1.32728,1.32748,1.00,1.00
2017.11.30 14:54:45.731,1.32727,1.32748,1.00,1.00
2017.11.30 14:54:46.393,1.32727,1.32747,1.50,1.00
2017.11.30 14:54:46.447,1.3273,1.32749,1.00,1.12
2017.11.30 14:54:46.959,1.32731,1.3275,1.50,1.50
2017.11.30 14:54:47.185,1.32729,1.3275,1.12,1.00
2017.11.30 14:54:47.761,1.32729,1.32752,1.12,4.69
2017.11.30 14:54:48.100,1.3273,1.32748,1.00,1.00
2017.11.30 14:54:48.254,1.32728,1.32747,1.00,1.12
2017.11.30 14:54:48.307,1.32726,1.32747,1.87,1.87
2017.11.30 14:54:48.615,1.32725,1.32744,2.25,1.00
2017.11.30 14:54:49.138,1.32725,1.32743,1.00,1.12
2017.11.30 14:54:49.635,1.32725,1.32741,1.00,1.00
2017.11.30 14:54:50.885,1.32725,1.32743,1.00,1.12
2017.11.30 14:54:51.447,1.32725,1.32742,1.00,1.00
2017.11.30 14:54:51.959,1.32725,1.32744,1.00,2.62
2017.11.30 14:54:53.378,1.32729,1.32745,1.00,1.00
2017.11.30 14:54:53.430,1.32726,1.32745,1.00,1.12
2017.11.30 14:54:53.539,1.32724,1.32744,1.50,1.50
2017.11.30 14:54:54.231,1.32724,1.32745,1.00,1.50
2017.11.30 14:54:54.334,1.32728,1.32745,1.00,1.00
2017.11.30 14:54:54.386,1.32728,1.32747,1.00,1.87
2017.11.30 14:54:54.894,1.32727,1.32747,1.00,1.87
2017.11.30 14:54:55.048,1.32726,1.32745,1.87,1.00
2017.11.30 14:54:55.709,1.32726,1.32744,1.00,1.00
2017.11.30 14:54:56.385,1.32724,1.32743,1.00,1.50
2017.11.30 14:54:56.437,1.32727,1.32745,1.50,1.37
2017.11.30 14:54:56.490,1.32728,1.32747,1.00,3.00
2017.11.30 14:54:56.594,1.3273,1.32748,1.00,1.12
2017.11.30 14:54:57.203,1.32729,1.32748,1.50,1.12
2017.11.30 14:54:58.207,1.3273,1.32749,1.00,1.50
2017.11.30 14:54:58.259,1.32729,1.3275,3.75,1.00
2017.11.30 14:54:58.619,1.32732,1.32751,1.00,1.50
2017.11.30 14:54:59.213,1.32731,1.32751,1.00,1.00
2017.11.30 14:55:00.047,1.3273,1.32752,2.25,1.00
2017.11.30 14:55:00.354,1.32734,1.32753,1.00,1.12
2017.11.30 14:55:00.856,1.32734,1.32753,2.62,1.00
2017.11.30 14:55:01.018,1.32735,1.32755,1.12,1.87
2017.11.30 14:55:01.227,1.32739,1.32755,1.00,1.00
2017.11.30 14:55:01.284,1.32739,1.32759,2.25,2.62
2017.11.30 14:55:01.337,1.32739,1.32757,1.50,1.00
2017.11.30 14:55:01.638,1.32738,1.32755,1.87,1.00
2017.11.30 14:55:02.275,1.32737,1.32756,1.50,3.00
2017.11.30 14:55:02.432,1.3274,1.32759,1.00,1.87
2017.11.30 14:55:02.627,1.32741,1.32758,1.00,1.37
2017.11.30 14:55:02.678,1.32739,1.32758,1.12,1.37
2017.11.30 14:55:02.729,1.3274,1.32759,1.00,2.25
2017.11.30 14:55:02.781,1.32741,1.32761,1.00,1.00
2017.11.30 14:55:02.833,1.32739,1.32759,3.37,1.00
2017.11.30 14:55:03.246,1.32745,1.32758,1.25,1.00
2017.11.30 14:55:03.299,1.32746,1.32761,1.87,1.00
2017.11.30 14:55:03.351,1.32745,1.32764,1.37,1.50
2017.11.30 14:55:03.454,1.32745,1.32762,1.37,1.00
2017.11.30 14:55:03.507,1.32745,1.32764,1.37,3.00
2017.11.30 14:55:04.106,1.32743,1.32764,2.62,1.50
2017.11.30 14:55:04.624,1.32745,1.32763,2.62,1.00
2017.11.30 14:55:05.054,1.32747,1.32766,1.50,2.25
2017.11.30 14:55:05.105,1.32749,1.32765,1.00,1.00
2017.11.30 14:55:05.158,1.3275,1.32769,1.00,1.00
2017.11.30 14:55:05.571,1.32752,1.32771,1.00,1.50
2017.11.30 14:55:05.623,1.3275,1.3277,1.69,1.12
2017.11.30 14:55:05.880,1.3275,1.32768,1.50,1.00
2017.11.30 14:55:06.036,1.3275,1.3277,1.50,1.12
2017.11.30 14:55:06.628,1.3275,1.32767,1.69,1.00
2017.11.30 14:55:06.733,1.32751,1.32771,1.00,1.50
2017.11.30 14:55:07.267,1.32752,1.32771,1.00,1.50
2017.11.30 14:55:07.370,1.32754,1.32772,1.00,3.00
2017.11.30 14:55:07.423,1.3275,1.3277,2.81,1.12
2017.11.30 14:55:07.630,1.32751,1.32772,1.50,1.00
2017.11.30 14:55:07.888,1.3275,1.32769,2.06,1.12
2017.11.30 14:55:07.991,1.3275,1.32769,3.00,1.12
2017.11.30 14:55:08.298,1.32752,1.32771,1.00,2.25
2017.11.30 14:55:08.557,1.32752,1.32771,1.00,1.00
2017.11.30 14:55:08.609,1.32752,1.32769,1.00,1.00
2017.11.30 14:55:08.661,1.3275,1.32769,3.94,1.00
2017.11.30 14:55:08.935,1.32751,1.32769,1.50,1.12
2017.11.30 14:55:09.192,1.32752,1.32771,1.12,1.00
2017.11.30 14:55:09.243,1.32752,1.32773,1.12,3.00
2017.11.30 14:55:09.396,1.32752,1.32771,1.31,1.87
2017.11.30 14:55:09.705,1.3275,1.32769,4.12,1.00
2017.11.30 14:55:09.808,1.3275,1.32771,3.37,1.12
2017.11.30 14:55:10.331,1.32752,1.3277,1.12,1.00
2017.11.30 14:55:10.435,1.32755,1.32769,1.00,1.00
2017.11.30 14:55:10.487,1.32755,1.32771,1.00,1.12
2017.11.30 14:55:10.538,1.32755,1.32769,1.00,1.00
2017.11.30 14:55:10.590,1.32755,1.32771,1.00,1.12
2017.11.30 14:55:10.744,1.32755,1.32769,1.00,1.00
2017.11.30 14:55:10.796,1.32755,1.32771,1.00,1.12
2017.11.30 14:55:11.309,1.32755,1.32769,1.00,1.00
2017.11.30 14:55:11.413,1.32755,1.32771,1.00,1.00
2017.11.30 14:55:11.928,1.32755,1.32769,1.00,1.00
2017.11.30 14:55:11.981,1.32755,1.32771,1.00,1.00
2017.11.30 14:55:12.033,1.32755,1.3277,1.00,1.50
2017.11.30 14:55:12.240,1.32755,1.32771,1.00,1.50
2017.11.30 14:55:12.379,1.32755,1.32769,1.00,1.00
2017.11.30 14:55:12.433,1.3275,1.3277,4.12,1.12
2017.11.30 14:55:12.536,1.32751,1.32767,1.50,1.00
2017.11.30 14:55:12.588,1.32751,1.3277,1.50,1.87
2017.11.30 14:55:13.100,1.32752,1.32769,1.00,1.00
2017.11.30 14:55:13.202,1.32756,1.32769,1.00,1.00
2017.11.30 14:55:13.340,1.32756,1.32771,1.00,1.50
2017.11.30 14:55:13.607,1.32756,1.32769,1.00,1.00
2017.11.30 14:55:13.713,1.32758,1.32772,1.00,1.00
2017.11.30 14:55:13.766,1.3276,1.32775,1.00,1.50
2017.11.30 14:55:13.819,1.32762,1.32777,1.00,1.00
2017.11.30 14:55:13.871,1.32763,1.32779,1.12,1.12
2017.11.30 14:55:13.924,1.32766,1.32782,1.00,1.00
2017.11.30 14:55:13.977,1.32762,1.3278,1.37,1.00
2017.11.30 14:55:14.029,1.32762,1.32782,1.87,1.00
2017.11.30 14:55:14.081,1.32766,1.32784,1.00,2.44
2017.11.30 14:55:14.323,1.32767,1.32785,1.00,1.00
2017.11.30 14:55:14.889,1.32767,1.32784,1.00,1.00
2017.11.30 14:55:15.269,1.32767,1.32786,1.50,1.00
2017.11.30 14:55:15.998,1.32769,1.32789,1.00,1.50
2017.11.30 14:55:16.101,1.32767,1.32786,1.00,1.74
2017.11.30 14:55:16.204,1.32765,1.32784,1.12,1.50
2017.11.30 14:55:16.307,1.32763,1.32782,1.00,1.12
2017.11.30 14:55:16.462,1.32759,1.32779,1.12,1.31
2017.11.30 14:55:16.514,1.32759,1.32777,1.00,1.87
2017.11.30 14:55:16.931,1.3276,1.32778,1.00,1.12
2017.11.30 14:55:17.136,1.32761,1.3278,1.50,1.87
2017.11.30 14:55:18.602,1.32761,1.32779,1.50,1.00
2017.11.30 14:55:18.704,1.32761,1.32781,1.00,1.12
2017.11.30 14:55:19.220,1.32762,1.32782,1.50,2.25
2017.11.30 14:55:19.797,1.32762,1.32781,1.50,1.00
2017.11.30 14:55:20.023,1.32766,1.32783,1.50,1.12
2017.11.30 14:55:20.077,1.32767,1.32785,1.00,2.25
2017.11.30 14:55:20.237,1.32768,1.32789,1.00,3.56
2017.11.30 14:55:20.290,1.3277,1.32789,1.50,2.25
2017.11.30 14:55:21.487,1.32771,1.32789,1.00,1.12
2017.11.30 14:55:22.027,1.3277,1.32789,1.50,1.12
2017.11.30 14:55:22.678,1.32769,1.32788,1.50,1.00
2017.11.30 14:55:25.862,1.32771,1.32789,1.50,1.12
2017.11.30 14:55:26.069,1.32775,1.32795,1.56,1.00
2017.11.30 14:55:26.122,1.32775,1.32793,1.56,1.00
2017.11.30 14:55:26.329,1.3277,1.32791,2.25,2.43
2017.11.30 14:55:26.484,1.32773,1.32791,1.00,1.50
2017.11.30 14:55:26.779,1.32774,1.32794,1.12,1.50
2017.11.30 14:55:26.831,1.32773,1.32792,1.87,1.00
2017.11.30 14:55:27.191,1.32772,1.32788,1.00,1.00
2017.11.30 14:55:27.243,1.32769,1.32788,1.50,1.00
2017.11.30 14:55:27.295,1.32771,1.3279,1.00,4.12
2017.11.30 14:55:27.526,1.32769,1.32787,1.12,1.00
2017.11.30 14:55:28.029,1.32768,1.32788,1.87,1.00
2017.11.30 14:55:28.435,1.3277,1.3279,1.50,1.50
2017.11.30 14:55:28.990,1.32771,1.3279,1.00,1.00
2017.11.30 14:55:29.373,1.32776,1.32792,1.50,1.00
2017.11.30 14:55:29.425,1.32776,1.32794,2.25,1.12
2017.11.30 14:55:29.739,1.32776,1.32796,1.87,1.00
2017.11.30 14:55:30.149,1.32776,1.32793,1.00,1.00
2017.11.30 14:55:30.660,1.32774,1.32794,1.87,1.00
2017.11.30 14:55:31.041,1.32775,1.32796,1.87,1.00
2017.11.30 14:55:31.093,1.32776,1.32794,1.37,1.00
2017.11.30 14:55:31.436,1.32774,1.32792,2.62,1.00
2017.11.30 14:55:31.592,1.32774,1.32791,1.00,1.00
2017.11.30 14:55:31.644,1.32773,1.32788,1.00,1.00
2017.11.30 14:55:31.923,1.32771,1.3279,1.50,2.25
2017.11.30 14:55:32.080,1.32773,1.32789,1.37,1.00
2017.11.30 14:55:33.033,1.32771,1.32789,1.87,1.50
2017.11.30 14:55:33.187,1.3277,1.32786,1.87,1.00
2017.11.30 14:55:33.496,1.32768,1.32785,1.12,1.00
2017.11.30 14:55:34.232,1.32767,1.32786,1.87,1.00
2017.11.30 14:55:35.177,1.32769,1.32787,2.25,1.00
2017.11.30 14:55:35.508,1.32771,1.32787,1.37,1.00
2017.11.30 14:55:36.077,1.32771,1.32788,1.37,1.00
2017.11.30 14:55:36.129,1.32772,1.3279,1.12,1.50
2017.11.30 14:55:36.335,1.32773,1.32792,2.62,1.00
2017.11.30 14:55:36.628,1.32775,1.32794,1.00,1.00
2017.11.30 14:55:37.160,1.32773,1.32793,1.37,1.00
2017.11.30 14:55:37.692,1.32773,1.32792,2.62,1.00
2017.11.30 14:55:38.240,1.32774,1.32793,1.12,1.00
2017.11.30 14:55:38.855,1.32773,1.32794,2.62,1.50
2017.11.30 14:55:39.475,1.32775,1.32794,1.00,1.00
2017.11.30 14:55:39.978,1.32776,1.32795,1.12,1.50
2017.11.30 14:55:40.441,1.32777,1.32792,1.00,1.00
2017.11.30 14:55:40.634,1.32775,1.32794,1.00,1.00
2017.11.30 14:55:41.173,1.32776,1.32794,1.00,1.12
2017.11.30 14:55:41.587,1.32774,1.32795,1.50,2.44
2017.11.30 14:55:41.794,1.32776,1.32794,1.00,1.12
2017.11.30 14:55:42.341,1.32774,1.32795,2.62,2.25
2017.11.30 14:55:42.861,1.32774,1.32793,1.00,1.00
2017.11.30 14:55:43.373,1.32775,1.32792,1.00,1.00
2017.11.30 14:55:43.476,1.32775,1.32794,1.00,1.12
2017.11.30 14:55:43.978,1.32776,1.32794,1.00,1.12
2017.11.30 14:55:44.520,1.32775,1.32794,1.12,1.12
2017.11.30 14:55:44.970,1.32776,1.32793,1.87,1.00
2017.11.30 14:55:45.548,1.32776,1.32794,2.62,1.00
2017.11.30 14:55:46.064,1.32776,1.32795,2.62,1.00
2017.11.30 14:55:47.307,1.32774,1.32793,1.87,1.00
2017.11.30 14:55:47.513,1.32774,1.32795,1.12,1.87
2017.11.30 14:55:47.616,1.32776,1.32795,1.00,1.12
2017.11.30 14:55:48.238,1.32775,1.32794,1.00,1.00
2017.11.30 14:55:48.293,1.32773,1.32793,1.50,1.00
2017.11.30 14:55:48.345,1.32775,1.32794,1.50,1.00
2017.11.30 14:55:49.111,1.32777,1.32794,1.00,1.00
2017.11.30 14:55:49.214,1.32775,1.32794,1.50,1.00
2017.11.30 14:55:50.138,1.32776,1.32795,1.00,1.12
2017.11.30 14:55:50.905,1.32776,1.32794,1.12,1.00
2017.11.30 14:55:52.908,1.32778,1.32796,1.00,1.50
2017.11.30 14:55:52.960,1.32779,1.32798,1.00,1.87
2017.11.30 14:55:53.065,1.32781,1.32798,1.50,1.12
2017.11.30 14:55:53.168,1.32781,1.328,2.62,1.00
2017.11.30 14:55:53.355,1.32783,1.32802,1.00,1.00
2017.11.30 14:55:53.612,1.32784,1.328,1.12,1.00
2017.11.30 14:55:53.664,1.32783,1.32802,1.37,1.00
2017.11.30 14:55:53.869,1.32783,1.328,1.87,1.00
2017.11.30 14:55:53.921,1.32783,1.32802,2.62,1.00
2017.11.30 14:55:54.839,1.32783,1.32803,2.62,1.00
2017.11.30 14:55:55.655,1.32783,1.32801,1.37,1.00
2017.11.30 14:55:55.708,1.3278,1.32801,1.87,1.12
2017.11.30 14:55:55.759,1.32781,1.32799,1.00,1.00
2017.11.30 14:55:56.290,1.3278,1.32801,1.87,1.12
2017.11.30 14:55:56.805,1.32781,1.32801,1.00,1.12
2017.11.30 14:55:56.958,1.32781,1.32798,1.00,1.00
2017.11.30 14:55:57.113,1.32778,1.32797,2.62,1.00
2017.11.30 14:55:57.734,1.32778,1.32796,1.12,1.00
2017.11.30 14:55:58.326,1.32778,1.32797,1.12,1.00
2017.11.30 14:55:58.877,1.32778,1.32796,1.12,1.00
2017.11.30 14:56:00.086,1.32778,1.32797,1.12,1.00
2017.11.30 14:56:00.503,1.32779,1.32799,1.37,1.50
2017.11.30 14:56:00.810,1.32779,1.32797,1.87,1.00
2017.11.30 14:56:01.331,1.32779,1.32796,1.37,1.00
2017.11.30 14:56:01.489,1.32781,1.32799,1.12,1.00
2017.11.30 14:56:01.803,1.32783,1.32799,1.00,1.00
2017.11.30 14:56:01.908,1.32783,1.32802,1.00,1.12
2017.11.30 14:56:02.061,1.32782,1.328,1.12,1.00
2017.11.30 14:56:02.372,1.32779,1.32798,2.25,1.00
2017.11.30 14:56:03.452,1.3278,1.32799,1.12,1.12
2017.11.30 14:56:03.960,1.32781,1.32798,1.00,1.00
2017.11.30 14:56:04.511,1.3278,1.32799,1.00,1.12
2017.11.30 14:56:04.775,1.32777,1.32797,1.00,1.50
2017.11.30 14:56:05.317,1.32777,1.32797,1.87,1.50
2017.11.30 14:56:05.932,1.32777,1.32796,2.62,1.00
2017.11.30 14:56:07.044,1.32777,1.32797,2.62,1.00
2017.11.30 14:56:07.289,1.32777,1.32795,1.87,1.00
2017.11.30 14:56:07.392,1.32776,1.32796,2.25,1.50
2017.11.30 14:56:07.444,1.32776,1.32793,2.25,1.00
2017.11.30 14:56:08.093,1.32777,1.32793,1.00,1.00
2017.11.30 14:56:08.533,1.32778,1.32796,1.12,1.00
2017.11.30 14:56:08.682,1.32778,1.32797,1.75,1.50
2017.11.30 14:56:08.990,1.32777,1.32792,1.00,1.00
2017.11.30 14:56:09.500,1.32776,1.32792,1.00,1.00
2017.11.30 14:56:09.859,1.32776,1.32796,1.50,1.00
2017.11.30 14:56:09.912,1.32778,1.32798,1.12,1.12
2017.11.30 14:56:10.422,1.32777,1.32795,1.87,1.00
2017.11.30 14:56:10.967,1.32777,1.32794,1.87,1.00
2017.11.30 14:56:11.070,1.32776,1.32794,1.12,1.00
2017.11.30 14:56:11.906,1.32776,1.32792,1.12,1.00
2017.11.30 14:56:13.073,1.32779,1.32798,1.00,1.37
2017.11.30 14:56:13.488,1.32781,1.32796,1.00,1.12
2017.11.30 14:56:13.649,1.32777,1.32796,1.50,1.12
2017.11.30 14:56:14.748,1.32777,1.32793,1.50,1.00
2017.11.30 14:56:14.901,1.32777,1.32795,2.25,1.00
2017.11.30 14:56:15.418,1.32778,1.32796,1.12,1.50
2017.11.30 14:56:15.957,1.32778,1.32797,1.12,1.50
2017.11.30 14:56:16.295,1.32777,1.32794,1.50,1.00
2017.11.30 14:56:16.803,1.32777,1.32794,1.00,1.00
2017.11.30 14:56:17.134,1.32781,1.32794,1.00,1.00
2017.11.30 14:56:18.043,1.32776,1.32793,1.12,1.00
2017.11.30 14:56:19.508,1.32781,1.32793,1.00,1.00
2017.11.30 14:56:20.859,1.32776,1.32793,1.12,1.00
2017.11.30 14:56:21.890,1.3278,1.32793,1.00,1.00
2017.11.30 14:56:22.499,1.3278,1.32794,1.00,1.50
2017.11.30 14:56:23.037,1.3278,1.32793,1.00,1.00
2017.11.30 14:56:23.253,1.32776,1.32794,1.87,1.50
2017.11.30 14:56:23.306,1.3278,1.32795,1.37,1.00
2017.11.30 14:56:23.358,1.32778,1.32794,1.12,1.00
2017.11.30 14:56:23.575,1.32776,1.32794,1.87,1.00
2017.11.30 14:56:23.883,1.32777,1.32796,1.00,1.87
2017.11.30 14:56:23.936,1.32779,1.32798,1.00,1.12
2017.11.30 14:56:24.244,1.32781,1.32801,1.00,1.00
2017.11.30 14:56:24.297,1.32783,1.32801,1.00,1.00
2017.11.30 14:56:24.607,1.32787,1.32805,1.00,3.00
2017.11.30 14:56:25.552,1.32786,1.32805,1.00,1.75
2017.11.30 14:56:26.100,1.32785,1.32805,1.87,1.75
2017.11.30 14:56:26.499,1.32787,1.32805,1.00,2.25
2017.11.30 14:56:27.022,1.32786,1.32805,1.00,4.50
2017.11.30 14:56:27.367,1.32783,1.32802,1.00,1.00
2017.11.30 14:56:27.892,1.32782,1.328,1.50,1.00
2017.11.30 14:56:27.943,1.32783,1.32802,1.00,1.50
2017.11.30 14:56:27.995,1.32778,1.32797,1.00,1.00
2017.11.30 14:56:28.303,1.3278,1.32796,1.00,1.50
2017.11.30 14:56:28.725,1.32782,1.32797,1.00,1.00
2017.11.30 14:56:29.266,1.32782,1.32796,1.00,1.00
2017.11.30 14:56:29.545,1.32779,1.32796,1.00,1.00
2017.11.30 14:56:29.752,1.32781,1.32795,1.00,1.00
2017.11.30 14:56:29.958,1.32782,1.32797,1.00,1.12
2017.11.30 14:56:30.459,1.32782,1.32796,1.00,1.00
2017.11.30 14:56:31.149,1.32781,1.32796,1.00,1.00
2017.11.30 14:56:31.700,1.32781,1.32797,1.00,1.12
2017.11.30 14:56:32.249,1.32781,1.32796,1.00,1.00
2017.11.30 14:56:32.498,1.32784,1.32799,1.00,1.75
2017.11.30 14:56:32.550,1.32784,1.32802,1.00,1.00
2017.11.30 14:56:33.282,1.32784,1.32803,1.00,1.50
2017.11.30 14:56:33.762,1.32782,1.328,1.00,1.50
2017.11.30 14:56:34.313,1.32784,1.32799,1.00,1.12
2017.11.30 14:56:34.365,1.32784,1.32801,1.00,1.00
2017.11.30 14:56:34.571,1.32782,1.32801,1.00,1.00
2017.11.30 14:56:34.739,1.32781,1.32799,1.00,1.12
2017.11.30 14:56:34.791,1.32777,1.32796,1.12,1.00
2017.11.30 14:56:34.846,1.32776,1.32796,1.50,1.75
2017.11.30 14:56:35.453,1.32777,1.32795,1.00,1.87
2017.11.30 14:56:36.091,1.32778,1.32796,1.00,2.25
2017.11.30 14:56:36.619,1.32778,1.32795,1.00,1.00
2017.11.30 14:56:36.942,1.32779,1.32798,1.00,1.37
2017.11.30 14:56:37.106,1.32779,1.32799,1.00,1.87
2017.11.30 14:56:37.414,1.32782,1.32801,1.00,1.12
2017.11.30 14:56:37.935,1.32783,1.32802,1.00,1.50
2017.11.30 14:56:38.441,1.32782,1.32802,1.00,1.50
2017.11.30 14:56:38.996,1.32781,1.32802,2.62,1.00
2017.11.30 14:56:39.464,1.32781,1.32801,1.00,2.62
2017.11.30 14:56:39.997,1.32781,1.32798,1.00,1.00
2017.11.30 14:56:40.653,1.32781,1.32801,1.00,1.50
2017.11.30 14:56:41.110,1.32778,1.32798,2.62,1.00
2017.11.30 14:56:41.366,1.32776,1.32796,1.87,1.12
2017.11.30 14:56:42.191,1.32776,1.32795,1.12,1.12
2017.11.30 14:56:42.840,1.32776,1.32796,1.00,1.00
2017.11.30 14:56:44.123,1.32779,1.32798,1.00,1.12
2017.11.30 14:56:44.535,1.32777,1.32798,1.50,1.12
2017.11.30 14:56:44.760,1.32779,1.32799,1.00,2.25
2017.11.30 14:56:45.740,1.32779,1.328,1.00,2.25
2017.11.30 14:56:46.288,1.32779,1.32799,1.00,1.00
2017.11.30 14:56:46.811,1.32781,1.328,1.00,1.50
2017.11.30 14:56:47.730,1.32782,1.328,1.00,1.00
2017.11.30 14:56:49.709,1.32782,1.32801,1.00,1.00
2017.11.30 14:56:50.400,1.32783,1.32802,1.00,1.50
2017.11.30 14:56:50.947,1.32782,1.32802,1.00,1.12
2017.11.30 14:56:51.298,1.32784,1.32802,1.00,1.00
2017.11.30 14:56:51.791,1.32786,1.32803,1.50,1.00
2017.11.30 14:56:52.303,1.32787,1.32804,1.00,1.50
2017.11.30 14:56:52.610,1.32789,1.32804,1.00,1.00
2017.11.30 14:56:53.203,1.32788,1.32804,1.00,1.00
2017.11.30 14:56:53.816,1.32789,1.32805,1.00,1.00
2017.11.30 14:56:54.304,1.32786,1.32804,1.50,1.00
2017.11.30 14:56:55.101,1.32787,1.32804,1.00,1.00
2017.11.30 14:56:55.255,1.32791,1.32805,1.00,1.00
2017.11.30 14:56:55.358,1.32789,1.32808,1.12,1.25
2017.11.30 14:56:55.904,1.3279,1.32807,1.00,1.00
2017.11.30 14:56:56.416,1.32789,1.32806,1.00,1.00
2017.11.30 14:56:56.468,1.32794,1.3281,1.00,1.00
2017.11.30 14:56:56.520,1.32792,1.3281,1.00,1.50
2017.11.30 14:56:56.725,1.3279,1.3281,1.50,1.00
2017.11.30 14:56:57.259,1.3279,1.32811,1.00,1.50
2017.11.30 14:56:57.786,1.32788,1.3281,2.62,1.50
2017.11.30 14:56:57.959,1.32791,1.32808,1.00,1.00
2017.11.30 14:56:58.011,1.32789,1.3281,1.00,1.50
2017.11.30 14:56:58.165,1.32788,1.32807,1.00,1.00
2017.11.30 14:56:58.386,1.32784,1.32804,1.12,1.87
2017.11.30 14:56:58.438,1.32784,1.32801,1.00,1.12
2017.11.30 14:56:58.491,1.32781,1.32801,1.00,1.12
2017.11.30 14:56:59.026,1.3278,1.32802,2.62,3.00
2017.11.30 14:56:59.239,1.32782,1.32802,1.00,3.00
2017.11.30 14:56:59.759,1.32781,1.32802,1.00,2.25
2017.11.30 14:57:00.614,1.32776,1.32796,2.25,1.00
2017.11.30 14:57:00.666,1.32781,1.32796,1.00,1.00
2017.11.30 14:57:01.146,1.32776,1.32795,1.00,1.00
2017.11.30 14:57:02.353,1.32781,1.32795,1.00,1.00
2017.11.30 14:57:02.661,1.3278,1.32797,1.00,1.00
2017.11.30 14:57:02.766,1.32776,1.32797,2.62,1.00
2017.11.30 14:57:03.042,1.32776,1.32794,1.50,1.00
2017.11.30 14:57:03.094,1.32777,1.32796,1.00,2.25
2017.11.30 14:57:03.503,1.3278,1.32796,1.00,1.50
2017.11.30 14:57:03.932,1.32776,1.32795,1.87,1.00
2017.11.30 14:57:03.984,1.32776,1.32793,1.50,1.00
2017.11.30 14:57:04.090,1.3277,1.32789,2.62,1.00
2017.11.30 14:57:04.194,1.32771,1.32787,1.00,1.12
2017.11.30 14:57:04.702,1.3277,1.32787,1.00,1.12
2017.11.30 14:57:05.249,1.32771,1.32787,1.00,1.12
2017.11.30 14:57:05.303,1.32767,1.32786,1.50,1.00
2017.11.30 14:57:05.501,1.32767,1.32784,1.00,1.00
2017.11.30 14:57:06.149,1.32766,1.32784,1.50,1.00
2017.11.30 14:57:06.657,1.32767,1.32785,1.00,2.25
2017.11.30 14:57:07.176,1.32766,1.32784,1.00,1.00
2017.11.30 14:57:08.612,1.32766,1.32785,1.00,3.00
2017.11.30 14:57:09.152,1.32766,1.32784,1.50,1.00
2017.11.30 14:57:09.798,1.32767,1.32784,1.00,1.00
2017.11.30 14:57:10.108,1.32768,1.32787,1.00,2.62
2017.11.30 14:57:10.287,1.32766,1.32786,1.50,1.50
2017.11.30 14:57:10.350,1.32766,1.32784,1.00,1.12
2017.11.30 14:57:10.867,1.32765,1.32784,2.25,1.12
2017.11.30 14:57:11.478,1.32766,1.32785,1.00,1.50
2017.11.30 14:57:12.084,1.32765,1.32784,1.50,1.12
2017.11.30 14:57:12.870,1.32766,1.32784,1.00,1.87
2017.11.30 14:57:13.417,1.32765,1.32783,1.00,1.00
2017.11.30 14:57:13.793,1.32765,1.32782,1.00,1.37
2017.11.30 14:57:15.133,1.32762,1.32779,1.00,1.00
2017.11.30 14:57:15.185,1.32762,1.32782,1.00,3.00
2017.11.30 14:57:15.900,1.32766,1.32781,1.00,1.87
2017.11.30 14:57:15.951,1.32762,1.32781,1.50,1.12
2017.11.30 14:57:16.361,1.32762,1.3278,1.00,2.25
2017.11.30 14:57:16.570,1.32762,1.32781,1.87,2.25
2017.11.30 14:57:16.724,1.32763,1.32779,1.00,1.50
2017.11.30 14:57:16.982,1.32764,1.32782,1.00,1.50
2017.11.30 14:57:17.532,1.32764,1.32781,1.00,1.12
2017.11.30 14:57:17.585,1.32763,1.32779,1.00,1.50
2017.11.30 14:57:18.053,1.32766,1.32782,1.00,1.00
2017.11.30 14:57:18.310,1.32762,1.32779,1.50,1.00
2017.11.30 14:57:18.362,1.32765,1.32781,1.00,2.62
2017.11.30 14:57:18.672,1.32768,1.32784,1.00,2.25
2017.11.30 14:57:18.827,1.32765,1.32783,1.50,1.00
2017.11.30 14:57:19.187,1.32766,1.32781,1.00,1.00
2017.11.30 14:57:19.703,1.32766,1.32782,1.00,1.12
2017.11.30 14:57:20.110,1.32766,1.32781,1.00,1.50
2017.11.30 14:57:20.213,1.32766,1.32781,1.00,1.00
2017.11.30 14:57:20.716,1.32765,1.32782,1.00,1.87
2017.11.30 14:57:20.872,1.32766,1.3278,1.00,1.00
2017.11.30 14:57:20.924,1.32766,1.32784,1.00,2.62
2017.11.30 14:57:20.975,1.32766,1.32784,1.00,1.87
2017.11.30 14:57:21.180,1.32771,1.32784,1.00,1.87
2017.11.30 14:57:21.440,1.32771,1.32787,1.00,1.12
2017.11.30 14:57:21.949,1.32772,1.32788,1.00,1.00
2017.11.30 14:57:22.053,1.32776,1.3279,1.00,1.00
2017.11.30 14:57:22.252,1.32778,1.32794,1.00,2.25
2017.11.30 14:57:22.309,1.32781,1.32795,1.50,1.00
2017.11.30 14:57:22.362,1.32781,1.32797,1.50,1.12
2017.11.30 14:57:22.875,1.3278,1.32797,1.00,1.50
2017.11.30 14:57:23.424,1.32781,1.32797,1.00,1.50
2017.11.30 14:57:23.934,1.3278,1.32797,1.00,1.50
2017.11.30 14:57:24.457,1.32778,1.32794,1.00,1.00
2017.11.30 14:57:24.769,1.32785,1.32801,1.00,1.50
2017.11.30 14:57:25.301,1.32784,1.32801,1.00,1.50
2017.11.30 14:57:25.405,1.3278,1.32798,1.12,1.00
2017.11.30 14:57:25.509,1.3278,1.32797,1.00,1.37
2017.11.30 14:57:25.561,1.32777,1.32795,2.25,1.00
2017.11.30 14:57:25.713,1.32777,1.32794,1.00,2.62
2017.11.30 14:57:26.174,1.32775,1.32793,1.50,1.87
2017.11.30 14:57:26.700,1.32775,1.32792,1.50,1.00
2017.11.30 14:57:27.628,1.32775,1.32791,1.50,1.00
2017.11.30 14:57:28.180,1.32774,1.3279,1.00,1.00
2017.11.30 14:57:28.285,1.32771,1.32787,1.12,1.00
2017.11.30 14:57:28.597,1.32771,1.32785,1.00,1.00
2017.11.30 14:57:29.059,1.3277,1.32787,1.50,1.00
2017.11.30 14:57:29.472,1.3277,1.32789,1.50,1.12
2017.11.30 14:57:29.642,1.3277,1.32784,1.00,1.00
2017.11.30 14:57:29.694,1.32769,1.32786,1.00,1.00
2017.11.30 14:57:29.797,1.32771,1.32787,1.00,1.50
2017.11.30 14:57:30.109,1.32771,1.32789,1.50,1.25
2017.11.30 14:57:30.213,1.32773,1.32789,1.00,1.00
2017.11.30 14:57:30.474,1.32774,1.32792,1.00,1.00
2017.11.30 14:57:30.526,1.32777,1.32793,1.00,1.87
2017.11.30 14:57:30.733,1.32775,1.32792,1.00,1.00
2017.11.30 14:57:31.162,1.32778,1.32794,1.00,1.37
2017.11.30 14:57:31.418,1.32776,1.32792,1.00,1.00
2017.11.30 14:57:31.907,1.32773,1.32792,1.12,1.00
2017.11.30 14:57:32.419,1.32774,1.32792,1.00,1.00
2017.11.30 14:57:32.877,1.32776,1.32792,1.00,1.50
2017.11.30 14:57:33.185,1.3278,1.32794,1.50,1.50
2017.11.30 14:57:33.236,1.3278,1.32795,1.50,1.00
2017.11.30 14:57:33.288,1.32779,1.32797,1.50,1.00
2017.11.30 14:57:33.442,1.32776,1.32792,1.00,1.00
2017.11.30 14:57:33.954,1.32776,1.32793,1.00,1.12
2017.11.30 14:57:34.304,1.32773,1.3279,1.00,1.25
2017.11.30 14:57:34.621,1.32762,1.32778,1.00,1.00
2017.11.30 14:57:34.775,1.32762,1.3278,1.00,1.12
2017.11.30 14:57:34.826,1.32764,1.3278,1.00,1.12
2017.11.30 14:57:35.364,1.32765,1.32782,1.00,2.62
2017.11.30 14:57:35.957,1.32766,1.32781,1.00,1.00
2017.11.30 14:57:36.009,1.32766,1.32783,1.00,1.87
2017.11.30 14:57:36.061,1.32766,1.32781,1.00,1.00
2017.11.30 14:57:36.164,1.32764,1.3278,1.00,1.00
2017.11.30 14:57:36.703,1.32765,1.32782,1.00,1.75
2017.11.30 14:57:37.163,1.32765,1.32782,1.00,1.00
2017.11.30 14:57:37.678,1.32764,1.32781,1.00,1.00
2017.11.30 14:57:37.888,1.32766,1.32781,1.00,1.00
2017.11.30 14:57:37.991,1.32766,1.32783,1.00,1.12
2017.11.30 14:57:38.042,1.32766,1.32781,1.00,1.00
2017.11.30 14:57:38.300,1.32767,1.32783,1.00,1.00
2017.11.30 14:57:38.351,1.32771,1.32784,1.00,1.50
2017.11.30 14:57:38.403,1.32772,1.32786,1.00,1.00
2017.11.30 14:57:38.455,1.32774,1.3279,1.00,2.25
2017.11.30 14:57:38.508,1.32775,1.32791,1.00,1.50
2017.11.30 14:57:39.032,1.32775,1.32793,1.00,2.44
2017.11.30 14:57:39.391,1.32777,1.32793,1.00,2.62
2017.11.30 14:57:39.443,1.32775,1.32792,1.00,1.31
2017.11.30 14:57:39.891,1.32774,1.32789,1.00,1.12
2017.11.30 14:57:39.995,1.32773,1.32791,1.12,1.50
2017.11.30 14:57:40.098,1.32775,1.32791,1.00,1.00
2017.11.30 14:57:40.527,1.32776,1.32791,1.00,2.25
2017.11.30 14:57:40.579,1.32774,1.32789,1.00,1.12
2017.11.30 14:57:40.681,1.32774,1.32793,1.00,1.12
2017.11.30 14:57:40.733,1.32774,1.3279,1.00,1.00
2017.11.30 14:57:40.784,1.32775,1.32792,1.00,1.00
2017.11.30 14:57:40.836,1.32773,1.32791,1.00,1.00
2017.11.30 14:57:40.888,1.32775,1.32791,1.00,1.12
2017.11.30 14:57:41.196,1.32773,1.32789,1.00,1.50
2017.11.30 14:57:41.503,1.32775,1.32789,1.00,1.00
2017.11.30 14:57:41.760,1.32772,1.32789,1.00,1.12
2017.11.30 14:57:42.200,1.3277,1.32789,1.00,1.31
2017.11.30 14:57:42.304,1.32772,1.32789,1.00,1.87
2017.11.30 14:57:42.613,1.32774,1.3279,1.00,1.00
2017.11.30 14:57:43.213,1.32773,1.32789,1.00,1.00
2017.11.30 14:57:43.369,1.32773,1.32791,1.00,2.62
2017.11.30 14:57:43.523,1.32773,1.32789,1.00,1.00
2017.11.30 14:57:43.681,1.32774,1.32791,1.00,1.12
2017.11.30 14:57:43.893,1.32776,1.32792,1.00,2.25
2017.11.30 14:57:44.099,1.32775,1.32794,1.00,1.00
2017.11.30 14:57:44.151,1.32776,1.32792,1.00,1.00
2017.11.30 14:57:44.685,1.32781,1.32795,1.00,1.00
2017.11.30 14:57:44.736,1.32779,1.32796,1.00,1.12
2017.11.30 14:57:44.996,1.3278,1.32794,1.00,1.12
2017.11.30 14:57:45.202,1.3278,1.32798,1.00,1.50
2017.11.30 14:57:45.342,1.32779,1.32794,1.00,1.00
2017.11.30 14:57:45.456,1.32777,1.32795,1.50,1.87
2017.11.30 14:57:45.509,1.32774,1.32792,1.00,2.62
2017.11.30 14:57:45.563,1.32773,1.3279,1.00,1.00
2017.11.30 14:57:45.822,1.32771,1.32789,1.50,1.00
2017.11.30 14:57:46.247,1.32773,1.3279,1.00,1.12
2017.11.30 14:57:46.562,1.32771,1.32789,1.50,1.00
2017.11.30 14:57:46.907,1.32772,1.32792,1.00,1.50
2017.11.30 14:57:46.958,1.32772,1.3279,1.00,1.00
2017.11.30 14:57:47.267,1.32768,1.32785,1.00,1.50
2017.11.30 14:57:47.318,1.32766,1.32785,1.50,1.50
2017.11.30 14:57:47.421,1.32768,1.32786,1.00,1.50
2017.11.30 14:57:48.342,1.32768,1.32786,1.69,1.50
2017.11.30 14:57:48.655,1.32772,1.32788,1.00,1.00
2017.11.30 14:57:49.169,1.32771,1.32787,1.00,1.00
2017.11.30 14:57:49.273,1.32767,1.32785,1.00,1.00
2017.11.30 14:57:49.514,1.32765,1.32784,1.50,1.87
2017.11.30 14:57:49.723,1.32767,1.32784,1.00,1.12
2017.11.30 14:57:49.877,1.32767,1.32787,1.00,2.25
2017.11.30 14:57:50.198,1.32769,1.32787,1.00,1.50
2017.11.30 14:57:50.508,1.32766,1.32786,1.50,2.25
2017.11.30 14:57:51.028,1.32768,1.32786,1.00,1.00
2017.11.30 14:57:51.509,1.3277,1.32788,1.00,1.87
2017.11.30 14:57:51.867,1.32772,1.3279,1.00,2.62
2017.11.30 14:57:52.231,1.32769,1.32787,1.00,1.00
2017.11.30 14:57:52.589,1.3277,1.3279,1.50,2.25
2017.11.30 14:57:52.641,1.3277,1.32787,1.00,1.00
2017.11.30 14:57:52.743,1.3277,1.3279,1.00,2.25
2017.11.30 14:57:53.105,1.32769,1.32787,2.25,1.00
2017.11.30 14:57:53.349,1.3277,1.32789,1.00,1.00
2017.11.30 14:57:53.605,1.32771,1.32787,1.00,1.00
2017.11.30 14:57:53.657,1.32771,1.32789,1.00,1.00
2017.11.30 14:57:53.862,1.32771,1.32787,1.50,1.00
2017.11.30 14:57:54.309,1.32772,1.3279,1.00,1.12
2017.11.30 14:57:54.843,1.32771,1.32789,1.00,1.00
2017.11.30 14:57:55.493,1.3277,1.32789,1.00,1.00
2017.11.30 14:57:56.046,1.32771,1.32789,1.00,1.00
2017.11.30 14:57:56.713,1.32771,1.3279,1.00,1.50
2017.11.30 14:57:57.217,1.3277,1.32789,1.00,1.00
2017.11.30 14:57:57.718,1.32771,1.32789,1.00,1.00
2017.11.30 14:57:58.578,1.32769,1.32789,1.50,1.00
2017.11.30 14:57:59.177,1.3277,1.32789,1.00,1.00
2017.11.30 14:57:59.712,1.32771,1.32789,1.00,1.00
2017.11.30 14:58:00.177,1.32769,1.32788,2.25,1.00
2017.11.30 14:58:00.701,1.32769,1.32789,2.25,1.00
2017.11.30 14:58:00.959,1.32771,1.32789,1.00,1.00
2017.11.30 14:58:01.662,1.32771,1.32787,1.00,1.00
2017.11.30 14:58:02.094,1.32771,1.32789,1.00,1.00
2017.11.30 14:58:02.197,1.32774,1.32792,1.00,2.25
2017.11.30 14:58:02.505,1.32773,1.3279,1.87,1.00
2017.11.30 14:58:03.350,1.32773,1.32792,1.87,1.50
2017.11.30 14:58:03.777,1.32774,1.3279,1.00,1.00
2017.11.30 14:58:03.829,1.32774,1.32792,1.00,1.00
2017.11.30 14:58:04.192,1.32776,1.32796,1.00,2.62
2017.11.30 14:58:04.243,1.32777,1.32794,1.00,1.00
2017.11.30 14:58:04.295,1.32776,1.32796,1.87,1.00
2017.11.30 14:58:04.449,1.32778,1.32796,1.00,1.00
2017.11.30 14:58:04.656,1.32775,1.32795,1.50,1.31
2017.11.30 14:58:04.811,1.32775,1.32793,1.50,1.00
2017.11.30 14:58:05.016,1.32776,1.32796,1.00,1.50
2017.11.30 14:58:05.068,1.32778,1.32796,1.00,1.12
2017.11.30 14:58:05.253,1.32778,1.32798,1.00,1.12
2017.11.30 14:58:05.460,1.32778,1.32794,1.00,1.00
2017.11.30 14:58:05.614,1.32776,1.32794,1.87,1.00
2017.11.30 14:58:05.767,1.32775,1.32792,4.87,1.00
2017.11.30 14:58:05.918,1.32774,1.32791,1.12,1.00
2017.11.30 14:58:05.973,1.32771,1.32791,3.00,1.00
2017.11.30 14:58:06.231,1.32771,1.32788,1.50,1.00
2017.11.30 14:58:06.856,1.32772,1.3279,1.00,1.19
2017.11.30 14:58:07.227,1.32769,1.32786,1.75,1.00
2017.11.30 14:58:07.280,1.32768,1.32787,1.00,1.12
2017.11.30 14:58:07.499,1.32768,1.32785,1.00,1.12
2017.11.30 14:58:07.843,1.32764,1.3278,1.00,1.50
2017.11.30 14:58:08.176,1.32761,1.32778,1.52,1.00
2017.11.30 14:58:08.485,1.32761,1.32776,1.00,1.00
2017.11.30 14:58:09.004,1.32761,1.32777,1.00,1.00
2017.11.30 14:58:09.514,1.32758,1.32778,2.02,1.50
2017.11.30 14:58:09.772,1.32758,1.32777,1.00,1.00
2017.11.30 14:58:10.017,1.3276,1.32777,1.00,1.00
2017.11.30 14:58:10.121,1.32758,1.32777,1.00,1.00
2017.11.30 14:58:10.378,1.32759,1.32777,1.65,1.00
2017.11.30 14:58:10.569,1.32761,1.32776,1.00,1.00
2017.11.30 14:58:10.996,1.32758,1.32776,1.00,1.00
2017.11.30 14:58:11.244,1.32761,1.32776,1.00,1.00
2017.11.30 14:58:11.576,1.32758,1.32775,1.00,1.00
2017.11.30 14:58:11.627,1.32758,1.32777,1.00,1.00
2017.11.30 14:58:11.679,1.32758,1.32777,2.02,1.00
2017.11.30 14:58:11.784,1.3276,1.32776,1.00,1.00
2017.11.30 14:58:11.937,1.32758,1.32776,1.00,1.00
2017.11.30 14:58:12.403,1.32758,1.32774,1.00,1.00
2017.11.30 14:58:12.507,1.32758,1.32776,1.00,1.87
2017.11.30 14:58:12.558,1.32758,1.32774,1.00,1.00
2017.11.30 14:58:12.664,1.32756,1.32774,1.00,1.00
2017.11.30 14:58:13.188,1.32755,1.32773,2.25,1.00
2017.11.30 14:58:13.293,1.32754,1.32771,1.00,1.00
2017.11.30 14:58:13.735,1.32756,1.32772,1.00,1.37
2017.11.30 14:58:13.931,1.32753,1.32772,1.00,1.87
2017.11.30 14:58:13.989,1.32753,1.32769,1.00,1.00
2017.11.30 14:58:14.092,1.32751,1.32769,3.37,1.00
2017.11.30 14:58:14.144,1.32752,1.32771,1.00,1.12
2017.11.30 14:58:14.357,1.32755,1.32772,1.00,1.37
2017.11.30 14:58:14.888,1.32755,1.32772,1.00,1.00
2017.11.30 14:58:14.940,1.32755,1.32774,1.00,1.50
2017.11.30 14:58:15.177,1.32755,1.32771,1.00,1.00
2017.11.30 14:58:15.229,1.32755,1.32773,1.00,1.00
2017.11.30 14:58:15.539,1.32756,1.32771,1.00,1.00
2017.11.30 14:58:15.849,1.3276,1.32772,1.00,1.00
2017.11.30 14:58:16.103,1.32756,1.32773,1.00,1.00
2017.11.30 14:58:16.469,1.32759,1.32774,1.00,1.00
2017.11.30 14:58:16.639,1.32756,1.32773,1.00,1.00
2017.11.30 14:58:16.691,1.32755,1.32771,2.62,1.00
2017.11.30 14:58:16.846,1.32756,1.32774,1.00,1.00
2017.11.30 14:58:16.949,1.32756,1.32772,1.00,1.00
2017.11.30 14:58:17.484,1.32755,1.32772,1.50,1.00
2017.11.30 14:58:18.065,1.32756,1.32773,1.00,1.00
2017.11.30 14:58:18.271,1.32756,1.32776,1.00,1.50
2017.11.30 14:58:18.529,1.32756,1.32773,3.37,1.00
2017.11.30 14:58:18.581,1.32756,1.32776,3.37,1.00
2017.11.30 14:58:19.103,1.32757,1.32775,1.12,1.00
2017.11.30 14:58:19.155,1.3276,1.32775,1.00,1.00
2017.11.30 14:58:19.308,1.32761,1.32777,1.00,1.00
2017.11.30 14:58:19.360,1.32773,1.32783,1.00,1.00
2017.11.30 14:58:19.413,1.32774,1.32786,1.00,1.00
2017.11.30 14:58:19.568,1.32783,1.32794,1.00,1.50
2017.11.30 14:58:19.620,1.32782,1.32798,1.00,2.25
2017.11.30 14:58:19.724,1.32779,1.32798,1.12,1.31
2017.11.30 14:58:19.829,1.32788,1.32801,1.00,1.00
2017.11.30 14:58:19.880,1.32786,1.32804,1.12,1.00
2017.11.30 14:58:20.266,1.32794,1.32811,1.50,1.12
2017.11.30 14:58:20.319,1.32792,1.32812,1.00,2.25
2017.11.30 14:58:20.474,1.32792,1.32809,1.00,1.12
2017.11.30 14:58:20.527,1.32788,1.32807,2.25,1.37
2017.11.30 14:58:20.578,1.32788,1.32805,1.00,1.12
2017.11.30 14:58:20.630,1.32786,1.32804,1.00,2.25
2017.11.30 14:58:20.831,1.3279,1.32804,1.00,1.37
2017.11.30 14:58:21.147,1.32827,1.32832,1.25,1.00
2017.11.30 14:58:21.200,1.32828,1.32836,1.00,1.00
2017.11.30 14:58:21.252,1.32827,1.32842,1.00,1.00
2017.11.30 14:58:21.304,1.32825,1.32844,2.25,1.75
2017.11.30 14:58:21.407,1.32825,1.32842,2.25,2.25
2017.11.30 14:58:21.658,1.32791,1.3281,1.00,1.87
2017.11.30 14:58:21.709,1.32791,1.32807,1.00,1.87
2017.11.30 14:58:21.761,1.32788,1.32808,1.19,1.87
2017.11.30 14:58:22.021,1.32795,1.32816,1.25,3.00
2017.11.30 14:58:22.179,1.32796,1.32817,1.12,1.00
2017.11.30 14:58:22.231,1.328,1.32818,1.00,1.12
2017.11.30 14:58:22.697,1.32806,1.3282,1.00,1.12
2017.11.30 14:58:22.749,1.32806,1.32822,1.00,1.50
2017.11.30 14:58:22.802,1.32806,1.32825,1.00,1.87
2017.11.30 14:58:23.062,1.32805,1.32822,1.50,1.00
2017.11.30 14:58:23.380,1.32805,1.32816,1.00,1.37
2017.11.30 14:58:23.434,1.32799,1.32818,1.00,1.00
2017.11.30 14:58:23.694,1.32801,1.32819,1.00,1.12
2017.11.30 14:58:23.865,1.32798,1.32817,1.50,1.00
2017.11.30 14:58:24.124,1.32801,1.32817,1.00,1.00
2017.11.30 14:58:24.278,1.32801,1.3282,1.00,1.50
2017.11.30 14:58:24.972,1.32799,1.3282,1.00,1.12
2017.11.30 14:58:25.240,1.32796,1.3282,3.75,2.06
2017.11.30 14:58:25.292,1.32796,1.32818,3.00,1.00
2017.11.30 14:58:25.603,1.32801,1.32819,1.00,1.00
2017.11.30 14:58:25.708,1.32797,1.32819,1.12,1.00
2017.11.30 14:58:25.903,1.32797,1.32815,1.87,1.00
2017.11.30 14:58:25.955,1.32798,1.32819,1.00,1.12
2017.11.30 14:58:26.010,1.32798,1.32817,1.50,1.00
2017.11.30 14:58:26.220,1.32792,1.32812,1.00,1.25
2017.11.30 14:58:26.360,1.32791,1.32809,1.00,1.00
2017.11.30 14:58:26.670,1.32777,1.32796,1.12,1.00
2017.11.30 14:58:26.845,1.32778,1.32798,1.00,1.12
2017.11.30 14:58:26.919,1.32776,1.32796,1.50,1.37
2017.11.30 14:58:26.971,1.32776,1.32797,1.50,1.00
2017.11.30 14:58:27.332,1.32778,1.32799,1.50,1.00
2017.11.30 14:58:27.647,1.32781,1.32797,1.00,1.00
2017.11.30 14:58:27.698,1.32781,1.328,1.00,1.50
2017.11.30 14:58:27.803,1.32779,1.32799,1.00,1.00
2017.11.30 14:58:27.964,1.32781,1.32801,1.00,2.62
2017.11.30 14:58:28.342,1.32781,1.32798,1.00,1.00
2017.11.30 14:58:28.394,1.32781,1.328,1.00,1.12
2017.11.30 14:58:28.652,1.32781,1.32798,1.00,1.00
2017.11.30 14:58:28.959,1.32779,1.32797,1.00,1.00
2017.11.30 14:58:29.488,1.32779,1.32798,1.00,1.12
2017.11.30 14:58:29.539,1.32781,1.32798,1.00,1.00
2017.11.30 14:58:30.097,1.32779,1.32799,1.87,1.50
2017.11.30 14:58:30.326,1.32776,1.32797,1.87,1.12
2017.11.30 14:58:30.429,1.32781,1.32798,1.00,1.00
2017.11.30 14:58:30.480,1.32781,1.328,1.00,1.00
2017.11.30 14:58:30.984,1.32782,1.32802,1.00,1.87
2017.11.30 14:58:31.190,1.32785,1.32803,1.00,1.50
2017.11.30 14:58:31.402,1.3279,1.32812,3.00,2.62
2017.11.30 14:58:31.455,1.32794,1.32813,1.00,1.12
2017.11.30 14:58:31.661,1.328,1.3282,1.50,2.62
2017.11.30 14:58:31.913,1.32803,1.32822,1.12,1.00
2017.11.30 14:58:32.224,1.32802,1.3282,1.00,1.00
2017.11.30 14:58:32.380,1.328,1.3282,1.00,1.50
2017.11.30 14:58:32.434,1.328,1.32817,1.00,1.00
2017.11.30 14:58:32.977,1.32803,1.3282,1.00,1.00
2017.11.30 14:58:33.081,1.32804,1.32824,1.12,1.50
2017.11.30 14:58:33.290,1.32802,1.32819,1.00,1.00
2017.11.30 14:58:33.516,1.328,1.32819,1.00,2.25
2017.11.30 14:58:33.568,1.32797,1.32817,2.25,1.00
2017.11.30 14:58:34.370,1.32799,1.32818,1.00,1.37
2017.11.30 14:58:34.934,1.328,1.32818,1.00,1.37
2017.11.30 14:58:35.123,1.32801,1.3282,1.00,1.00
2017.11.30 14:58:35.229,1.32803,1.3282,1.50,1.00
2017.11.30 14:58:35.281,1.32801,1.32821,1.00,1.00
2017.11.30 14:58:35.537,1.328,1.32819,1.00,1.00
2017.11.30 14:58:35.995,1.32802,1.32821,1.00,1.87
2017.11.30 14:58:36.099,1.328,1.32819,1.00,1.00
2017.11.30 14:58:36.410,1.32798,1.32817,1.50,1.00
2017.11.30 14:58:36.726,1.32799,1.32819,1.00,1.12
2017.11.30 14:58:36.779,1.328,1.32817,1.00,1.00
2017.11.30 14:58:36.985,1.32798,1.32817,2.25,1.00
2017.11.30 14:58:37.192,1.32798,1.32816,1.00,1.50
2017.11.30 14:58:37.503,1.32796,1.32813,1.00,1.12
2017.11.30 14:58:38.073,1.32796,1.32814,1.00,1.00
2017.11.30 14:58:38.383,1.32794,1.32812,1.87,1.00
2017.11.30 14:58:38.537,1.32793,1.32812,1.12,1.00
2017.11.30 14:58:38.739,1.32796,1.32811,1.00,1.00
2017.11.30 14:58:38.894,1.32795,1.32814,1.00,1.87
2017.11.30 14:58:38.998,1.32795,1.32811,1.50,1.50
2017.11.30 14:58:39.156,1.32797,1.32815,1.00,1.50
2017.11.30 14:58:39.367,1.32792,1.32809,1.37,1.00
2017.11.30 14:58:39.878,1.32791,1.32809,1.37,1.00
2017.11.30 14:58:40.524,1.32791,1.32807,1.37,1.00
2017.11.30 14:58:40.627,1.32791,1.32809,1.37,1.50
2017.11.30 14:58:41.138,1.32793,1.32811,1.12,1.87
2017.11.30 14:58:41.291,1.32792,1.32805,1.00,1.00
2017.11.30 14:58:41.547,1.32789,1.32805,1.12,1.00
2017.11.30 14:58:41.714,1.32789,1.32808,1.87,1.00
2017.11.30 14:58:41.817,1.32789,1.32805,1.00,1.00
2017.11.30 14:58:41.972,1.32789,1.32807,1.12,1.31
2017.11.30 14:58:42.126,1.32789,1.32805,1.00,1.00
2017.11.30 14:58:42.229,1.32786,1.32806,1.50,1.00
2017.11.30 14:58:42.371,1.32786,1.32804,1.50,1.00
2017.11.30 14:58:42.729,1.32786,1.32806,1.00,1.50
2017.11.30 14:58:43.165,1.32786,1.32804,1.00,1.00
2017.11.30 14:58:43.370,1.32786,1.32806,1.00,2.25
2017.11.30 14:58:43.423,1.32786,1.32804,1.00,1.00
2017.11.30 14:58:43.934,1.32786,1.32803,1.00,1.00
2017.11.30 14:58:44.140,1.32783,1.32801,1.50,1.00
2017.11.30 14:58:44.295,1.32781,1.32799,1.00,1.12
2017.11.30 14:58:44.618,1.32786,1.32801,2.62,2.25
2017.11.30 14:58:44.672,1.32785,1.32801,1.00,2.25
2017.11.30 14:58:44.724,1.32787,1.32801,1.00,1.50
2017.11.30 14:58:44.776,1.32787,1.32806,1.50,3.00
2017.11.30 14:58:44.879,1.32788,1.32801,1.00,1.00
2017.11.30 14:58:44.933,1.32785,1.328,1.00,1.00
2017.11.30 14:58:45.068,1.32782,1.32798,1.00,1.00
2017.11.30 14:58:45.238,1.32778,1.32796,1.50,1.12
2017.11.30 14:58:45.445,1.32777,1.32793,1.00,2.25
2017.11.30 14:58:45.598,1.32772,1.32792,1.87,1.12
2017.11.30 14:58:45.649,1.32772,1.3279,1.87,1.00
2017.11.30 14:58:45.701,1.32772,1.32792,1.50,1.50
2017.11.30 14:58:45.856,1.32774,1.32793,1.00,1.00
2017.11.30 14:58:46.168,1.32777,1.32795,1.00,1.00
2017.11.30 14:58:46.477,1.32773,1.32792,1.00,1.00
2017.11.30 14:58:46.529,1.32771,1.32792,3.75,1.50
2017.11.30 14:58:46.581,1.32772,1.3279,1.00,1.00
2017.11.30 14:58:46.913,1.32771,1.32788,1.00,1.00
2017.11.30 14:58:47.321,1.32771,1.3279,2.25,1.00
2017.11.30 14:58:47.585,1.32771,1.32786,1.00,1.00
2017.11.30 14:58:47.792,1.32768,1.32784,1.12,1.00
2017.11.30 14:58:48.407,1.32768,1.32784,2.62,1.00
2017.11.30 14:58:48.461,1.32772,1.3279,1.00,1.87
2017.11.30 14:58:48.564,1.32769,1.32788,1.50,1.00
2017.11.30 14:58:48.872,1.32771,1.32789,1.00,1.00
2017.11.30 14:58:49.180,1.32768,1.32785,1.00,1.00
2017.11.30 14:58:49.744,1.32768,1.32786,1.00,1.50
2017.11.30 14:58:50.046,1.32772,1.3279,2.25,1.50
2017.11.30 14:58:50.356,1.32779,1.32797,1.00,1.12
2017.11.30 14:58:50.664,1.32785,1.32801,1.00,1.87
2017.11.30 14:58:50.767,1.32783,1.32802,1.50,1.50
2017.11.30 14:58:51.272,1.32784,1.328,1.00,1.00
2017.11.30 14:58:51.790,1.32784,1.32801,1.00,1.00
2017.11.30 14:58:51.843,1.32782,1.32801,1.00,1.87
2017.11.30 14:58:52.206,1.32784,1.32802,1.00,1.37
2017.11.30 14:58:52.582,1.32782,1.328,1.50,1.12
2017.11.30 14:58:52.840,1.32784,1.32801,1.00,1.00
2017.11.30 14:58:53.013,1.32782,1.32801,1.50,1.00
2017.11.30 14:58:53.167,1.32784,1.32801,1.00,1.00
2017.11.30 14:58:53.676,1.32783,1.328,1.50,1.00
2017.11.30 14:58:54.190,1.32784,1.32799,1.00,1.00
2017.11.30 14:58:54.385,1.32782,1.32799,1.50,1.00
2017.11.30 14:58:54.730,1.32784,1.328,1.00,1.00
2017.11.30 14:58:55.090,1.32781,1.328,1.00,1.00
2017.11.30 14:58:55.464,1.3278,1.32797,1.00,1.00
2017.11.30 14:58:55.966,1.32779,1.32797,1.00,1.00
2017.11.30 14:58:56.500,1.32779,1.32798,1.50,1.00
2017.11.30 14:58:56.964,1.3278,1.32796,1.00,1.00
2017.11.30 14:58:57.068,1.32776,1.32793,1.00,1.00
2017.11.30 14:58:57.171,1.32775,1.32791,1.00,1.00
2017.11.30 14:58:57.275,1.32775,1.32793,1.00,1.50
2017.11.30 14:58:57.790,1.32775,1.32794,1.00,1.00
2017.11.30 14:58:58.047,1.32775,1.32792,1.00,1.00
2017.11.30 14:58:58.352,1.32773,1.32792,1.00,1.12
2017.11.30 14:58:58.507,1.32773,1.3279,1.00,1.00
2017.11.30 14:58:58.726,1.32774,1.32793,1.50,2.25
2017.11.30 14:58:59.088,1.32777,1.32796,1.69,1.00
2017.11.30 14:58:59.346,1.32776,1.32794,1.00,1.50
2017.11.30 14:58:59.449,1.32776,1.32796,1.00,1.87
2017.11.30 14:58:59.719,1.32776,1.32794,1.00,1.00
2017.11.30 14:58:59.824,1.32776,1.32797,2.62,3.00
2017.11.30 14:59:00.030,1.32777,1.32787,1.12,1.00
2017.11.30 14:59:00.083,1.32775,1.32788,1.00,1.00
2017.11.30 14:59:00.136,1.32772,1.32786,1.00,1.19
2017.11.30 14:59:00.188,1.32772,1.32788,1.00,1.00
2017.11.30 14:59:00.241,1.3277,1.32788,1.00,1.00
2017.11.30 14:59:00.408,1.32768,1.32788,1.00,1.00
2017.11.30 14:59:00.671,1.32768,1.32786,1.00,1.00
2017.11.30 14:59:01.004,1.3277,1.32788,1.00,1.00
2017.11.30 14:59:01.367,1.32769,1.32785,1.00,1.19
2017.11.30 14:59:01.420,1.32766,1.32785,1.50,1.19
2017.11.30 14:59:01.945,1.32765,1.32783,1.50,1.25
2017.11.30 14:59:02.373,1.32766,1.32786,1.50,1.00
2017.11.30 14:59:02.683,1.32766,1.32788,2.25,1.87
2017.11.30 14:59:02.735,1.32766,1.32785,1.50,1.00
2017.11.30 14:59:03.077,1.32771,1.32784,1.00,1.00
2017.11.30 14:59:03.282,1.32766,1.32783,1.00,1.00
2017.11.30 14:59:03.415,1.32771,1.32785,1.00,1.50
2017.11.30 14:59:03.779,1.32766,1.32781,1.50,1.00
2017.11.30 14:59:03.861,1.32763,1.3278,1.00,1.00
2017.11.30 14:59:04.168,1.32763,1.32782,1.50,1.00
2017.11.30 14:59:04.270,1.32766,1.32781,1.00,1.00
2017.11.30 14:59:04.922,1.32771,1.32783,1.00,1.50
2017.11.30 14:59:04.974,1.32771,1.32784,1.00,1.00
2017.11.30 14:59:05.128,1.32771,1.32788,1.00,3.37
2017.11.30 14:59:05.179,1.32771,1.32788,1.00,1.12
2017.11.30 14:59:05.745,1.32771,1.32788,1.50,3.00
2017.11.30 14:59:05.970,1.32764,1.32782,1.00,1.12
2017.11.30 14:59:06.484,1.32765,1.32783,1.00,3.00
2017.11.30 14:59:06.535,1.32763,1.32782,1.50,1.12
2017.11.30 14:59:06.820,1.32765,1.32781,1.00,1.00
2017.11.30 14:59:06.978,1.32761,1.32779,1.50,1.12
2017.11.30 14:59:07.030,1.32765,1.32781,1.00,1.00
2017.11.30 14:59:07.134,1.3276,1.32781,3.00,1.00
2017.11.30 14:59:07.645,1.32761,1.32781,1.00,1.00
2017.11.30 14:59:08.187,1.32762,1.32782,1.50,2.25
2017.11.30 14:59:08.290,1.32765,1.32782,1.00,2.25
2017.11.30 14:59:08.799,1.32766,1.32782,1.00,1.00
2017.11.30 14:59:09.055,1.32763,1.32784,1.00,1.87
2017.11.30 14:59:09.439,1.32763,1.32781,1.00,1.00
2017.11.30 14:59:09.490,1.32763,1.32783,1.00,1.12
2017.11.30 14:59:10.021,1.32763,1.32781,1.50,1.50
2017.11.30 14:59:10.256,1.32763,1.32784,1.69,1.12
2017.11.30 14:59:10.412,1.32766,1.32786,1.00,3.00
2017.11.30 14:59:10.566,1.32764,1.32783,2.62,1.00
2017.11.30 14:59:10.618,1.32765,1.32785,1.00,1.12
2017.11.30 14:59:11.129,1.32764,1.32784,1.87,1.00
2017.11.30 14:59:11.233,1.32764,1.32783,1.00,1.87
2017.11.30 14:59:11.336,1.3276,1.3278,2.25,2.25
2017.11.30 14:59:11.388,1.32758,1.32775,1.00,1.00
2017.11.30 14:59:11.649,1.32753,1.32771,1.00,1.12
2017.11.30 14:59:13.036,1.32753,1.32772,1.00,1.00
2017.11.30 14:59:13.231,1.32753,1.3277,1.00,1.00
2017.11.30 14:59:13.540,1.32761,1.3278,1.00,1.12
2017.11.30 14:59:14.070,1.3276,1.3278,1.00,1.87
2017.11.30 14:59:14.326,1.3276,1.32779,1.19,1.00
2017.11.30 14:59:14.429,1.32765,1.32783,1.50,1.00
2017.11.30 14:59:14.752,1.32766,1.32785,1.50,1.00
2017.11.30 14:59:14.956,1.32766,1.32783,1.00,1.00
2017.11.30 14:59:15.469,1.32765,1.32786,2.62,1.00
2017.11.30 14:59:15.621,1.32765,1.32784,2.62,1.00
2017.11.30 14:59:15.932,1.32765,1.32781,1.00,1.00
2017.11.30 14:59:16.470,1.32766,1.32782,1.00,1.00
2017.11.30 14:59:16.526,1.32763,1.32783,1.00,1.87
2017.11.30 14:59:16.630,1.3276,1.32779,2.25,1.50
2017.11.30 14:59:17.198,1.32761,1.32778,1.00,1.00
2017.11.30 14:59:17.752,1.32761,1.32779,1.00,1.00
2017.11.30 14:59:18.227,1.32762,1.32783,2.44,1.00
2017.11.30 14:59:18.280,1.32771,1.32787,1.00,2.62
2017.11.30 14:59:18.640,1.32771,1.32788,1.00,1.00
2017.11.30 14:59:19.004,1.32767,1.32788,3.00,1.00
2017.11.30 14:59:19.364,1.32771,1.32787,1.00,1.50
2017.11.30 14:59:19.520,1.32766,1.32785,1.50,1.69
2017.11.30 14:59:19.623,1.32763,1.32784,1.50,1.87
2017.11.30 14:59:19.675,1.32763,1.3278,1.00,1.87
2017.11.30 14:59:19.779,1.32761,1.32779,1.50,2.25
2017.11.30 14:59:20.035,1.32761,1.32777,1.00,1.00
2017.11.30 14:59:20.456,1.32761,1.32775,1.00,1.12
2017.11.30 14:59:20.508,1.32758,1.32775,1.00,1.87
2017.11.30 14:59:20.561,1.32755,1.32773,1.00,2.06
2017.11.30 14:59:20.664,1.32753,1.32771,1.00,1.00
2017.11.30 14:59:20.957,1.32753,1.32773,1.00,1.00
2017.11.30 14:59:21.266,1.32756,1.32773,1.00,1.00
2017.11.30 14:59:21.677,1.3276,1.32777,1.00,1.37
2017.11.30 14:59:21.736,1.3276,1.32778,1.00,1.50
2017.11.30 14:59:22.251,1.32761,1.32779,1.00,1.12
2017.11.30 14:59:22.754,1.3276,1.32778,1.00,1.00
2017.11.30 14:59:23.268,1.3276,1.32779,1.87,1.12
2017.11.30 14:59:23.531,1.32759,1.32773,1.50,1.00
2017.11.30 14:59:23.583,1.32758,1.32773,1.50,1.00
2017.11.30 14:59:23.635,1.32754,1.32773,2.25,1.00
2017.11.30 14:59:23.737,1.32756,1.32774,1.00,1.00
2017.11.30 14:59:24.051,1.32758,1.32777,1.00,1.12
2017.11.30 14:59:24.191,1.32761,1.32778,1.00,2.62
2017.11.30 14:59:24.295,1.32761,1.3278,1.69,1.50
2017.11.30 14:59:24.348,1.3276,1.32781,1.69,1.12
2017.11.30 14:59:24.946,1.32761,1.32781,1.00,2.62
2017.11.30 14:59:25.474,1.3276,1.3278,2.25,1.12
2017.11.30 14:59:25.578,1.3276,1.32774,1.00,1.00
2017.11.30 14:59:25.737,1.32758,1.32775,1.00,1.12
2017.11.30 14:59:25.893,1.32754,1.32773,1.12,1.12
2017.11.30 14:59:26.315,1.32753,1.32769,1.00,1.00
2017.11.30 14:59:27.063,1.32753,1.3277,1.00,1.00
2017.11.30 14:59:27.269,1.32751,1.32769,1.12,1.12
2017.11.30 14:59:27.372,1.32755,1.32768,1.00,1.00
2017.11.30 14:59:27.597,1.32751,1.32769,1.00,1.00
2017.11.30 14:59:27.752,1.3275,1.32766,1.50,1.00
2017.11.30 14:59:28.363,1.32751,1.32767,1.00,1.50
2017.11.30 14:59:28.724,1.32747,1.32767,1.50,1.00
2017.11.30 14:59:29.845,1.32747,1.32768,1.00,1.00
2017.11.30 14:59:30.151,1.32747,1.32765,1.50,1.00
2017.11.30 14:59:30.652,1.32747,1.32766,1.00,1.50
2017.11.30 14:59:31.195,1.32747,1.32765,1.00,1.00
2017.11.30 14:59:31.634,1.32744,1.32764,1.00,1.00
2017.11.30 14:59:31.689,1.32744,1.3276,1.00,1.00
2017.11.30 14:59:31.843,1.32744,1.32762,1.00,1.00
2017.11.30 14:59:32.027,1.32745,1.3276,1.00,1.00
2017.11.30 14:59:32.080,1.32741,1.3276,2.25,1.00
2017.11.30 14:59:32.183,1.32743,1.3276,1.00,1.00
2017.11.30 14:59:32.235,1.32743,1.32762,1.00,1.50
2017.11.30 14:59:32.338,1.3274,1.3276,2.62,1.00
2017.11.30 14:59:32.441,1.32742,1.3276,1.00,1.00
2017.11.30 14:59:33.500,1.32741,1.3276,2.44,1.00
2017.11.30 14:59:34.070,1.32741,1.32761,1.00,1.50
2017.11.30 14:59:34.573,1.3274,1.32761,4.12,1.00
2017.11.30 14:59:34.900,1.32742,1.3276,1.00,1.00
2017.11.30 14:59:35.004,1.32742,1.32762,1.00,1.50
2017.11.30 14:59:35.517,1.32743,1.32761,1.00,1.00
2017.11.30 14:59:35.620,1.3274,1.32756,1.87,1.50
2017.11.30 14:59:35.672,1.32737,1.32755,1.00,1.87
2017.11.30 14:59:35.724,1.32735,1.32754,1.50,1.00
2017.11.30 14:59:35.778,1.32735,1.32752,1.00,1.00
2017.11.30 14:59:36.201,1.32732,1.32752,1.00,1.00
2017.11.30 14:59:36.458,1.32732,1.32754,1.00,2.81
2017.11.30 14:59:36.632,1.32736,1.32752,1.00,1.00
2017.11.30 14:59:36.738,1.32733,1.32754,1.19,1.12
2017.11.30 14:59:37.051,1.32736,1.32756,1.25,1.00
2017.11.30 14:59:37.557,1.32736,1.32756,2.25,1.00
2017.11.30 14:59:38.165,1.32737,1.32755,1.00,1.00
2017.11.30 14:59:38.680,1.32738,1.32757,1.00,1.00
2017.11.30 14:59:38.987,1.32735,1.32756,1.00,1.50
2017.11.30 14:59:39.039,1.32737,1.32756,1.00,2.62
2017.11.30 14:59:39.092,1.32735,1.32753,1.00,1.00
2017.11.30 14:59:39.357,1.32731,1.3275,1.50,1.00
2017.11.30 14:59:39.908,1.3273,1.32749,1.00,1.00
2017.11.30 14:59:40.973,1.3273,1.3275,1.00,1.12
2017.11.30 14:59:41.306,1.3273,1.32748,1.00,1.00
2017.11.30 14:59:41.614,1.3273,1.32746,1.00,1.00
2017.11.30 14:59:42.138,1.3273,1.32745,1.00,1.00
2017.11.30 14:59:42.191,1.32726,1.32745,1.50,1.00
2017.11.30 14:59:42.296,1.32725,1.32741,1.00,1.00
2017.11.30 14:59:42.350,1.32722,1.3274,1.00,1.00
2017.11.30 14:59:42.402,1.3272,1.32738,1.12,1.00
2017.11.30 14:59:42.844,1.3272,1.32736,1.00,1.00
2017.11.30 14:59:42.896,1.32718,1.32735,1.00,1.00
2017.11.30 14:59:43.239,1.32718,1.32737,1.00,1.00
2017.11.30 14:59:43.291,1.32721,1.32738,1.00,1.00
2017.11.30 14:59:43.447,1.32722,1.32741,1.87,1.00
2017.11.30 14:59:43.500,1.32724,1.32743,1.50,1.50
2017.11.30 14:59:43.824,1.32721,1.32736,1.00,1.00
2017.11.30 14:59:43.877,1.32718,1.32736,1.00,1.00
2017.11.30 14:59:44.270,1.32716,1.32734,2.62,1.00
2017.11.30 14:59:44.323,1.32721,1.3274,1.50,1.50
2017.11.30 14:59:44.374,1.32723,1.3274,1.00,1.00
2017.11.30 14:59:44.580,1.32721,1.3274,2.25,1.00
2017.11.30 14:59:44.632,1.32721,1.32738,2.25,1.00
2017.11.30 14:59:45.840,1.32722,1.32739,1.00,1.00
2017.11.30 14:59:46.925,1.32721,1.32738,1.50,1.00
2017.11.30 14:59:46.976,1.32718,1.32737,1.00,1.00
2017.11.30 14:59:47.028,1.3272,1.32738,1.00,1.00
2017.11.30 14:59:47.336,1.32725,1.3274,1.00,1.00
2017.11.30 14:59:47.493,1.3272,1.32737,1.87,1.00
2017.11.30 14:59:47.647,1.32726,1.32737,1.00,1.00
2017.11.30 14:59:47.983,1.32726,1.32735,1.00,1.00
2017.11.30 14:59:48.189,1.32721,1.32735,1.00,1.00
2017.11.30 14:59:48.343,1.32721,1.32733,1.00,1.00
2017.11.30 14:59:48.497,1.32717,1.32734,1.00,1.50
2017.11.30 14:59:48.549,1.32715,1.3273,1.00,1.00
2017.11.30 14:59:48.777,1.32711,1.32727,1.50,1.00
2017.11.30 14:59:49.088,1.32711,1.32724,1.00,1.00
2017.11.30 14:59:49.636,1.32711,1.32723,1.00,1.00
2017.11.30 14:59:50.102,1.32711,1.32725,1.00,1.00
2017.11.30 14:59:50.265,1.32711,1.32722,1.00,1.00
2017.11.30 14:59:50.678,1.32711,1.3272,1.00,1.00
2017.11.30 14:59:51.092,1.32706,1.32721,1.69,1.00
2017.11.30 14:59:51.350,1.32706,1.32717,1.00,1.00
2017.11.30 14:59:51.857,1.32706,1.32715,1.00,1.00
2017.11.30 14:59:52.028,1.32706,1.32718,1.00,1.00
2017.11.30 14:59:52.081,1.3271,1.3272,1.12,1.00
2017.11.30 14:59:52.134,1.3271,1.32723,1.12,1.00
2017.11.30 14:59:52.293,1.32715,1.32728,1.00,1.00
2017.11.30 14:59:52.447,1.32715,1.3273,1.00,1.00
2017.11.30 14:59:52.549,1.32715,1.32726,1.00,1.00
2017.11.30 14:59:52.808,1.32716,1.32729,1.87,1.00
2017.11.30 14:59:52.859,1.32721,1.3273,1.00,1.00
2017.11.30 14:59:52.962,1.32716,1.32728,1.12,1.00
2017.11.30 14:59:53.272,1.32715,1.32723,1.00,1.00
2017.11.30 14:59:53.543,1.32718,1.32731,1.00,1.00
2017.11.30 14:59:53.596,1.32718,1.32734,1.00,1.37
2017.11.30 14:59:53.699,1.32715,1.32729,1.00,1.00
2017.11.30 14:59:53.750,1.32714,1.32731,3.37,1.50
2017.11.30 14:59:53.854,1.32715,1.32728,1.00,1.00
2017.11.30 14:59:54.158,1.32711,1.32724,1.00,1.00
2017.11.30 14:59:54.262,1.32709,1.32724,1.00,1.00
2017.11.30 14:59:54.315,1.32707,1.32723,1.00,1.00
2017.11.30 14:59:54.367,1.3271,1.32723,1.00,1.00
2017.11.30 14:59:54.700,1.3271,1.32721,1.00,1.00
2017.11.30 14:59:55.201,1.32711,1.32723,1.00,1.00
2017.11.30 14:59:55.304,1.32711,1.32728,1.00,1.50
2017.11.30 14:59:55.509,1.32713,1.32728,1.00,1.00
2017.11.30 14:59:56.012,1.32713,1.32729,1.00,1.12
2017.11.30 14:59:56.531,1.32711,1.32729,1.50,1.00
2017.11.30 14:59:56.586,1.32712,1.32729,1.00,1.87
2017.11.30 14:59:56.895,1.32711,1.32725,1.00,2.62
2017.11.30 14:59:57.657,1.32706,1.32724,1.50,1.12
2017.11.30 14:59:58.260,1.32707,1.32724,1.00,1.12
2017.11.30 14:59:58.377,1.32711,1.32725,1.00,2.62
2017.11.30 14:59:58.429,1.32705,1.3272,1.00,1.37
2017.11.30 14:59:58.481,1.32706,1.32721,1.00,1.00
2017.11.30 14:59:59.025,1.32705,1.32723,1.00,2.62
2017.11.30 14:59:59.442,1.32707,1.32724,1.00,1.37
2017.11.30 14:59:59.510,1.32708,1.32726,1.00,1.37
