2017.02.21 23:00:00.084,1.25975,1.26019,1.00,1.00
2017.02.21 23:00:00.135,1.25973,1.26015,1.00,1.00
2017.02.21 23:00:00.236,1.25973,1.2602,1.00,1.00
2017.02.21 23:00:00.388,1.25971,1.26015,1.00,1.00
2017.02.21 23:00:00.516,1.25971,1.26019,1.00,1.00
2017.02.21 23:00:00.714,1.25975,1.26019,1.00,1.00
2017.02.21 23:00:00.765,1.25975,1.26024,1.00,1.00
2017.02.21 23:00:00.969,1.25971,1.26025,1.00,1.00
2017.02.21 23:00:01.315,1.2597,1.26019,1.50,1.00
2017.02.21 23:00:01.419,1.2597,1.26024,1.50,1.00
2017.02.21 23:00:01.470,1.2597,1.26019,1.50,1.00
2017.02.21 23:00:01.692,1.2597,1.26025,1.50,1.00
2017.02.21 23:00:02.358,1.2597,1.26024,1.00,1.00
2017.02.21 23:00:02.419,1.25974,1.26024,1.00,1.00
2017.02.21 23:00:02.916,1.25974,1.2602,1.00,1.00
2017.02.21 23:00:03.517,1.25974,1.26019,1.00,1.00
2017.02.21 23:00:03.915,1.25974,1.26024,1.00,1.00
2017.02.21 23:00:04.265,1.25968,1.26025,1.00,1.00
2017.02.21 23:00:04.467,1.25968,1.2602,1.00,1.00
2017.02.21 23:00:04.951,1.25972,1.2602,1.00,1.00
2017.02.21 23:00:05.002,1.25971,1.26024,1.00,1.00
2017.02.21 23:00:05.103,1.2598,1.26024,1.00,1.00
2017.02.21 23:00:05.406,1.2599,1.26014,1.00,1.00
2017.02.21 23:00:05.456,1.25987,1.26014,1.00,1.00
2017.02.21 23:00:05.507,1.25982,1.26014,1.50,1.00
2017.02.21 23:00:05.709,1.25987,1.26015,1.00,1.00
2017.02.21 23:00:06.144,1.25985,1.26014,1.00,1.00
2017.02.21 23:00:07.521,1.25981,1.26009,1.00,1.00
2017.02.21 23:00:08.348,1.2598,1.26009,1.00,1.00
2017.02.21 23:00:09.325,1.25982,1.26009,1.00,1.00
2017.02.21 23:00:09.507,1.25982,1.26014,1.00,1.00
2017.02.21 23:00:09.843,1.25985,1.26014,1.00,1.00
2017.02.21 23:00:09.955,1.25982,1.26014,1.00,1.00
2017.02.21 23:00:10.057,1.25987,1.26014,1.00,1.00
2017.02.21 23:00:10.108,1.25981,1.26014,1.00,1.00
2017.02.21 23:00:10.160,1.25979,1.26014,1.00,1.00
2017.02.21 23:00:10.211,1.25979,1.2601,1.00,1.00
2017.02.21 23:00:11.175,1.25977,1.2601,1.00,1.00
2017.02.21 23:00:11.844,1.25977,1.26009,1.00,1.00
2017.02.21 23:00:12.057,1.25975,1.26009,1.00,1.00
2017.02.21 23:00:12.566,1.25974,1.26009,1.00,1.00
2017.02.21 23:00:16.509,1.25974,1.26015,1.00,1.00
2017.02.21 23:00:16.762,1.25974,1.2601,1.00,1.00
2017.02.21 23:00:17.558,1.25974,1.26014,1.00,1.00
2017.02.21 23:00:17.721,1.25979,1.26014,1.00,1.00
2017.02.21 23:00:17.822,1.25975,1.26015,1.00,1.00
2017.02.21 23:00:17.873,1.25975,1.2601,1.00,1.00
2017.02.21 23:00:18.480,1.25975,1.26009,1.00,1.00
2017.02.21 23:00:18.949,1.25973,1.26009,1.00,1.00
2017.02.21 23:00:19.086,1.25975,1.26009,1.00,1.00
2017.02.21 23:00:19.876,1.25974,1.26009,1.00,1.00
2017.02.21 23:00:19.927,1.25972,1.26009,1.00,1.00
2017.02.21 23:00:20.079,1.25975,1.26014,1.00,1.00
2017.02.21 23:00:20.180,1.25969,1.26009,1.00,1.00
2017.02.21 23:00:20.231,1.25973,1.26014,1.00,1.00
2017.02.21 23:00:20.332,1.25973,1.26009,1.00,1.00
2017.02.21 23:00:20.783,1.25974,1.26015,1.00,1.00
2017.02.21 23:00:21.187,1.25976,1.26015,1.00,1.50
2017.02.21 23:00:21.939,1.25976,1.26014,1.00,1.00
2017.02.21 23:00:22.470,1.25976,1.26015,1.00,1.50
2017.02.21 23:00:23.081,1.25976,1.26009,1.00,1.00
2017.02.21 23:00:23.183,1.25973,1.2601,1.00,1.00
2017.02.21 23:00:23.234,1.2597,1.26009,1.00,1.00
2017.02.21 23:00:23.336,1.25974,1.26009,1.00,1.00
2017.02.21 23:00:23.881,1.25975,1.2601,1.00,1.00
2017.02.21 23:00:23.983,1.25966,1.26012,1.00,1.00
2017.02.21 23:00:24.034,1.2597,1.26009,1.00,1.00
2017.02.21 23:00:24.352,1.25977,1.26009,1.00,1.00
2017.02.21 23:00:24.773,1.25981,1.26009,1.00,1.00
2017.02.21 23:00:25.077,1.25984,1.26009,1.00,1.00
2017.02.21 23:00:25.128,1.25986,1.26014,1.00,1.00
2017.02.21 23:00:25.229,1.25984,1.26009,1.00,1.00
2017.02.21 23:00:26.091,1.25982,1.26009,1.00,1.00
2017.02.21 23:00:26.199,1.25984,1.26009,1.00,1.00
2017.02.21 23:00:26.300,1.25983,1.26014,1.00,1.00
2017.02.21 23:00:26.658,1.25981,1.26015,1.00,1.00
2017.02.21 23:00:26.709,1.25981,1.2601,1.00,1.00
2017.02.21 23:00:27.011,1.25989,1.26009,1.00,1.00
2017.02.21 23:00:27.840,1.2599,1.26009,1.00,1.00
2017.02.21 23:00:28.376,1.25991,1.26009,1.00,1.00
2017.02.21 23:00:28.570,1.25992,1.26014,1.00,1.00
2017.02.21 23:00:28.752,1.25992,1.26009,1.00,1.00
2017.02.21 23:00:28.893,1.25986,1.26009,1.00,1.00
2017.02.21 23:00:29.603,1.25985,1.26009,1.00,1.00
2017.02.21 23:00:32.062,1.25986,1.26009,1.00,1.00
2017.02.21 23:00:33.296,1.25986,1.26014,1.00,1.00
2017.02.21 23:00:33.931,1.25986,1.26009,1.00,1.00
2017.02.21 23:00:34.542,1.25985,1.26009,1.00,1.00
2017.02.21 23:00:35.316,1.25983,1.26009,1.00,1.00
2017.02.21 23:00:35.942,1.25983,1.2601,1.00,1.00
2017.02.21 23:00:36.265,1.25983,1.26005,1.00,1.00
2017.02.21 23:00:36.316,1.25986,1.26009,1.00,1.00
2017.02.21 23:00:36.975,1.25985,1.2601,1.00,1.00
2017.02.21 23:00:37.522,1.25987,1.26005,1.00,1.00
2017.02.21 23:00:37.614,1.25985,1.26005,1.00,1.00
2017.02.21 23:00:38.517,1.25984,1.26005,1.00,1.00
2017.02.21 23:00:38.654,1.25984,1.26009,1.00,1.00
2017.02.21 23:00:40.199,1.25984,1.2601,1.00,1.00
2017.02.21 23:00:42.059,1.2597,1.25984,1.00,1.00
2017.02.21 23:00:42.149,1.25965,1.2599,1.00,1.00
2017.02.21 23:00:42.200,1.25963,1.25994,1.00,1.00
2017.02.21 23:00:42.352,1.25967,1.25995,1.00,1.00
2017.02.21 23:00:42.504,1.25967,1.25999,1.00,1.00
2017.02.21 23:00:43.032,1.25967,1.26,1.00,1.00
2017.02.21 23:00:44.258,1.25966,1.26,1.00,1.00
2017.02.21 23:00:45.234,1.25967,1.26,1.00,1.00
2017.02.21 23:00:46.742,1.25967,1.25994,1.00,1.00
2017.02.21 23:00:47.947,1.25966,1.25994,1.00,1.00
2017.02.21 23:00:48.502,1.25966,1.25995,1.00,1.00
2017.02.21 23:00:48.975,1.25966,1.25989,1.00,1.00
2017.02.21 23:00:49.026,1.25966,1.25994,1.00,1.00
2017.02.21 23:00:49.745,1.25969,1.25994,1.00,1.00
2017.02.21 23:00:50.341,1.2597,1.25994,1.00,1.00
2017.02.21 23:00:51.495,1.25974,1.25994,1.00,1.00
2017.02.21 23:00:54.496,1.25974,1.25999,1.00,1.00
2017.02.21 23:00:56.861,1.25976,1.25999,1.00,1.00
2017.02.21 23:01:00.093,1.25977,1.25999,1.00,1.00
2017.02.21 23:01:00.404,1.25975,1.25994,1.00,1.00
2017.02.21 23:01:00.455,1.25973,1.25994,1.00,1.00
2017.02.21 23:01:01.160,1.25973,1.25999,1.00,1.00
2017.02.21 23:01:01.693,1.25974,1.25999,1.00,1.00
2017.02.21 23:01:02.524,1.25975,1.26,1.00,1.00
2017.02.21 23:01:03.048,1.25975,1.25999,1.00,1.00
2017.02.21 23:01:07.229,1.25973,1.25999,1.00,1.00
2017.02.21 23:01:07.979,1.25972,1.25999,1.00,1.00
2017.02.21 23:01:08.735,1.25974,1.25999,1.00,1.00
2017.02.21 23:01:09.361,1.25974,1.26,1.00,1.00
2017.02.21 23:01:09.862,1.25975,1.26,1.00,1.00
2017.02.21 23:01:10.382,1.25974,1.26,1.00,1.00
2017.02.21 23:01:10.894,1.25975,1.26,1.00,1.00
2017.02.21 23:01:11.438,1.25974,1.25999,1.00,1.00
2017.02.21 23:01:11.987,1.25973,1.25999,1.00,1.00
2017.02.21 23:01:13.092,1.25974,1.26,1.00,1.00
2017.02.21 23:01:13.695,1.25976,1.26,1.00,1.00
2017.02.21 23:01:13.758,1.25976,1.26004,1.00,1.00
2017.02.21 23:01:14.061,1.25975,1.26,1.00,1.00
2017.02.21 23:01:14.636,1.25976,1.26,1.00,1.00
2017.02.21 23:01:15.158,1.25978,1.26005,1.00,1.00
2017.02.21 23:01:15.209,1.25981,1.25999,1.00,1.00
2017.02.21 23:01:15.815,1.25976,1.26004,1.00,1.00
2017.02.21 23:01:15.865,1.25972,1.25999,1.00,1.00
2017.02.21 23:01:15.967,1.25964,1.26,1.00,1.00
2017.02.21 23:01:16.119,1.25968,1.26,1.00,1.00
2017.02.21 23:01:16.270,1.25971,1.26004,1.00,1.00
2017.02.21 23:01:16.577,1.25971,1.26,1.00,1.00
2017.02.21 23:01:16.808,1.25968,1.26,1.00,1.00
2017.02.21 23:01:17.314,1.25968,1.25999,1.00,1.00
2017.02.21 23:01:18.632,1.25969,1.26004,1.00,1.00
2017.02.21 23:01:20.669,1.2597,1.26004,1.00,1.00
2017.02.21 23:01:20.971,1.2597,1.26,1.00,1.00
2017.02.21 23:01:21.022,1.2597,1.26004,1.00,1.00
2017.02.21 23:01:24.092,1.2597,1.26,1.00,1.00
2017.02.21 23:01:24.512,1.25968,1.25999,1.00,1.00
2017.02.21 23:01:26.629,1.25967,1.25999,1.00,1.00
2017.02.21 23:01:27.612,1.25966,1.25999,1.00,1.00
2017.02.21 23:01:28.435,1.25966,1.26,1.00,1.00
2017.02.21 23:01:29.740,1.25966,1.25999,1.00,1.00
2017.02.21 23:01:31.090,1.25967,1.25999,1.00,1.00
2017.02.21 23:01:31.191,1.2597,1.26004,1.00,1.00
2017.02.21 23:01:31.292,1.25978,1.26005,1.00,1.00
2017.02.21 23:01:31.343,1.25976,1.26005,1.00,1.00
2017.02.21 23:01:31.515,1.25981,1.26009,1.00,1.00
2017.02.21 23:01:32.051,1.25981,1.2601,1.00,1.00
2017.02.21 23:01:32.421,1.25981,1.26014,1.00,1.00
2017.02.21 23:01:32.472,1.25983,1.26014,1.00,1.00
2017.02.21 23:01:32.830,1.25974,1.26009,1.00,1.00
2017.02.21 23:01:33.033,1.2597,1.26009,1.00,1.00
2017.02.21 23:01:33.084,1.25973,1.26009,1.00,1.00
2017.02.21 23:01:33.389,1.25976,1.26009,1.00,1.00
2017.02.21 23:01:33.705,1.25978,1.26009,1.00,1.00
2017.02.21 23:01:33.807,1.25972,1.26009,1.00,1.00
2017.02.21 23:01:34.065,1.2597,1.2601,1.00,1.00
2017.02.21 23:01:34.417,1.25973,1.2601,1.00,1.00
2017.02.21 23:01:34.917,1.25973,1.26004,1.00,1.00
2017.02.21 23:01:35.052,1.25973,1.2601,1.00,1.00
2017.02.21 23:01:35.103,1.25976,1.2601,1.00,1.00
2017.02.21 23:01:35.636,1.25977,1.26009,1.00,1.00
2017.02.21 23:01:36.077,1.25979,1.26009,1.00,1.00
2017.02.21 23:01:36.531,1.2598,1.26004,1.00,1.00
2017.02.21 23:01:36.688,1.25981,1.2601,1.00,1.00
2017.02.21 23:01:38.356,1.25983,1.26014,1.00,1.00
2017.02.21 23:01:38.508,1.25981,1.26014,1.00,1.00
2017.02.21 23:01:39.028,1.25981,1.2601,1.00,1.00
2017.02.21 23:01:43.250,1.25981,1.26009,1.00,1.00
2017.02.21 23:01:44.066,1.25981,1.26005,1.00,1.00
2017.02.21 23:01:44.219,1.25979,1.26005,1.00,1.00
2017.02.21 23:01:46.744,1.25979,1.2601,1.00,1.00
2017.02.21 23:01:46.796,1.25981,1.26009,1.00,1.00
2017.02.21 23:01:47.213,1.25981,1.26015,1.00,1.00
2017.02.21 23:01:48.366,1.25981,1.2601,1.00,1.00
2017.02.21 23:01:49.626,1.2598,1.2601,1.00,1.00
2017.02.21 23:01:50.132,1.2598,1.26009,1.00,1.00
2017.02.21 23:01:50.638,1.2598,1.2601,1.00,1.00
2017.02.21 23:01:50.841,1.25978,1.26009,1.00,1.00
2017.02.21 23:01:51.422,1.25979,1.2601,1.00,1.00
2017.02.21 23:01:53.656,1.25978,1.2601,1.00,1.00
2017.02.21 23:01:55.129,1.25978,1.26009,1.00,1.00
2017.02.21 23:01:55.278,1.2598,1.26009,1.00,1.00
2017.02.21 23:01:55.385,1.2598,1.26014,1.00,1.00
2017.02.21 23:01:55.790,1.2598,1.2601,1.00,1.00
2017.02.21 23:01:56.296,1.25981,1.2601,1.00,1.00
2017.02.21 23:01:56.649,1.25984,1.2601,1.00,1.00
2017.02.21 23:01:57.526,1.25983,1.2601,1.00,1.00
2017.02.21 23:01:57.577,1.25985,1.26014,1.00,1.00
2017.02.21 23:01:57.819,1.25985,1.2601,1.00,1.00
2017.02.21 23:01:58.567,1.25986,1.2601,1.00,1.00
2017.02.21 23:01:58.619,1.25985,1.26015,1.00,1.00
2017.02.21 23:01:59.288,1.25985,1.2601,1.00,1.00
2017.02.21 23:01:59.629,1.25984,1.26015,1.00,1.00
2017.02.21 23:01:59.781,1.25984,1.2601,1.00,1.00
2017.02.21 23:01:59.933,1.25984,1.26015,1.00,1.00
2017.02.21 23:02:00.233,1.25984,1.2601,1.00,1.00
2017.02.21 23:02:00.606,1.25982,1.26004,1.00,1.00
2017.02.21 23:02:00.917,1.25984,1.25999,1.00,1.00
2017.02.21 23:02:00.968,1.25985,1.26005,1.00,1.00
2017.02.21 23:02:02.243,1.25985,1.26,1.00,1.00
2017.02.21 23:02:03.502,1.2598,1.26,1.00,1.00
2017.02.21 23:02:03.765,1.2598,1.26005,1.00,1.00
2017.02.21 23:02:03.816,1.25982,1.26005,1.00,1.00
2017.02.21 23:02:04.117,1.25982,1.25999,1.00,1.00
2017.02.21 23:02:04.404,1.2598,1.25999,1.00,1.00
2017.02.21 23:02:05.058,1.2598,1.26,1.00,1.00
2017.02.21 23:02:05.368,1.2598,1.25994,1.00,1.00
2017.02.21 23:02:05.535,1.25978,1.25994,1.00,1.00
2017.02.21 23:02:05.586,1.25974,1.25999,1.00,1.00
2017.02.21 23:02:05.738,1.25972,1.25999,1.00,1.00
2017.02.21 23:02:05.840,1.25972,1.25994,1.00,1.00
2017.02.21 23:02:06.163,1.25974,1.25994,1.00,1.00
2017.02.21 23:02:06.708,1.25977,1.25995,1.00,1.00
2017.02.21 23:02:09.100,1.25969,1.25995,1.00,1.00
2017.02.21 23:02:09.616,1.25968,1.25994,1.00,1.00
2017.02.21 23:02:10.409,1.25969,1.25994,1.00,1.00
2017.02.21 23:02:10.715,1.2597,1.2599,1.00,1.00
2017.02.21 23:02:10.832,1.25967,1.2599,1.00,1.00
2017.02.21 23:02:10.934,1.25967,1.25995,1.00,1.00
2017.02.21 23:02:11.513,1.25967,1.2599,1.00,1.00
2017.02.21 23:02:12.204,1.25967,1.25995,1.00,1.00
2017.02.21 23:02:12.967,1.25968,1.25989,1.00,1.00
2017.02.21 23:02:13.923,1.25969,1.25989,1.00,1.00
2017.02.21 23:02:16.077,1.25969,1.25995,1.00,1.00
2017.02.21 23:02:16.628,1.25969,1.25994,1.00,1.00
2017.02.21 23:02:18.802,1.25969,1.2599,1.00,1.00
2017.02.21 23:02:19.412,1.2597,1.2599,1.00,1.00
2017.02.21 23:02:19.968,1.2597,1.25994,1.00,1.00
2017.02.21 23:02:20.493,1.25971,1.25994,1.00,1.00
2017.02.21 23:02:22.483,1.2597,1.25994,1.00,1.00
2017.02.21 23:02:26.860,1.25969,1.25989,1.00,1.00
2017.02.21 23:02:36.419,1.25969,1.2599,1.00,1.00
2017.02.21 23:02:36.771,1.25971,1.2599,1.00,1.00
2017.02.21 23:02:39.014,1.25971,1.25989,1.00,1.00
2017.02.21 23:02:41.760,1.25969,1.25989,1.00,1.00
2017.02.21 23:02:42.761,1.2597,1.25989,1.00,1.00
2017.02.21 23:02:45.392,1.25971,1.25989,1.00,1.00
2017.02.21 23:02:47.412,1.25971,1.25995,1.00,1.00
2017.02.21 23:02:47.713,1.25972,1.25989,1.00,1.00
2017.02.21 23:02:49.338,1.25972,1.25995,1.00,1.00
2017.02.21 23:02:50.534,1.25972,1.25994,1.00,1.00
2017.02.21 23:02:51.710,1.25973,1.25994,1.00,1.00
2017.02.21 23:02:52.307,1.25973,1.25995,1.00,1.00
2017.02.21 23:02:52.838,1.25973,1.25994,1.00,1.00
2017.02.21 23:02:53.344,1.25973,1.25995,1.00,1.00
2017.02.21 23:02:54.747,1.25973,1.26,1.00,1.00
2017.02.21 23:02:55.226,1.2597,1.25995,1.00,1.00
2017.02.21 23:02:55.836,1.25971,1.25994,1.00,1.00
2017.02.21 23:02:56.383,1.25971,1.25995,1.00,1.00
2017.02.21 23:02:57.616,1.25971,1.2599,1.00,1.00
2017.02.21 23:02:59.507,1.25971,1.25994,1.00,1.00
2017.02.21 23:02:59.930,1.25971,1.25984,1.00,1.00
2017.02.21 23:03:00.032,1.25971,1.25989,1.00,1.00
2017.02.21 23:03:00.678,1.25972,1.25989,1.00,1.00
2017.02.21 23:03:00.779,1.25972,1.25985,1.00,1.00
2017.02.21 23:03:01.036,1.25971,1.25989,1.00,1.00
2017.02.21 23:03:01.137,1.25971,1.25984,1.00,1.00
2017.02.21 23:03:03.874,1.25973,1.25984,1.00,1.00
2017.02.21 23:03:04.127,1.25973,1.2599,1.00,1.00
2017.02.21 23:03:04.574,1.25973,1.25985,1.00,1.00
2017.02.21 23:03:08.135,1.25973,1.25989,1.00,1.00
2017.02.21 23:03:09.735,1.25973,1.25985,1.00,1.00
2017.02.21 23:03:11.309,1.25971,1.25985,1.00,1.00
2017.02.21 23:03:12.421,1.25972,1.25985,1.00,1.00
2017.02.21 23:03:12.513,1.25969,1.25985,1.00,1.00
2017.02.21 23:03:15.325,1.25969,1.25984,1.00,1.00
2017.02.21 23:03:15.930,1.25969,1.25989,1.00,1.00
2017.02.21 23:03:16.520,1.25969,1.2599,1.00,1.00
2017.02.21 23:03:17.125,1.25969,1.25989,1.00,1.00
2017.02.21 23:03:17.889,1.25969,1.2599,1.00,1.00
2017.02.21 23:03:19.537,1.2597,1.25985,1.00,1.00
2017.02.21 23:03:19.589,1.25966,1.25984,1.00,1.00
2017.02.21 23:03:19.640,1.25963,1.2599,1.00,1.00
2017.02.21 23:03:19.715,1.25963,1.25984,1.00,1.00
2017.02.21 23:03:20.240,1.25959,1.25985,1.00,1.00
2017.02.21 23:03:20.291,1.25962,1.25985,1.00,1.00
2017.02.21 23:03:20.846,1.25962,1.2598,1.00,1.00
2017.02.21 23:03:20.897,1.25959,1.2598,1.00,1.00
2017.02.21 23:03:22.987,1.25959,1.25979,1.00,1.00
2017.02.21 23:03:24.334,1.2596,1.2598,1.00,1.00
2017.02.21 23:03:25.014,1.25959,1.2598,1.00,1.00
2017.02.21 23:03:25.577,1.25957,1.2598,1.00,1.00
2017.02.21 23:03:25.844,1.25957,1.25985,1.00,1.00
2017.02.21 23:03:25.895,1.25958,1.2598,1.00,1.00
2017.02.21 23:03:25.946,1.25951,1.25974,1.00,1.00
2017.02.21 23:03:26.047,1.25948,1.25974,1.00,1.00
2017.02.21 23:03:26.282,1.25951,1.25969,1.00,1.00
2017.02.21 23:03:26.639,1.25954,1.25969,1.00,1.00
2017.02.21 23:03:27.168,1.25955,1.25969,1.00,1.00
2017.02.21 23:03:27.530,1.25955,1.25975,1.00,1.00
2017.02.21 23:03:28.168,1.25955,1.25974,1.00,1.00
2017.02.21 23:03:30.066,1.25954,1.25974,1.00,1.00
2017.02.21 23:03:30.235,1.25956,1.25979,1.00,1.00
2017.02.21 23:03:30.430,1.25956,1.25974,1.00,1.00
2017.02.21 23:03:30.953,1.25955,1.25974,1.00,1.00
2017.02.21 23:03:31.235,1.25955,1.2598,1.00,1.00
2017.02.21 23:03:31.504,1.25955,1.25974,1.00,1.00
2017.02.21 23:03:31.942,1.25957,1.25974,1.00,1.00
2017.02.21 23:03:32.790,1.25956,1.25974,1.00,1.00
2017.02.21 23:03:33.885,1.25955,1.25974,1.00,1.00
2017.02.21 23:03:34.837,1.25955,1.25975,1.00,1.00
2017.02.21 23:03:37.262,1.25955,1.25974,1.00,1.00
2017.02.21 23:03:37.858,1.25954,1.25974,1.00,1.00
2017.02.21 23:03:38.382,1.25955,1.25974,1.00,1.00
2017.02.21 23:03:38.889,1.25953,1.25974,1.00,1.00
2017.02.21 23:03:38.991,1.25951,1.25975,1.00,1.00
2017.02.21 23:03:39.092,1.25951,1.25979,1.00,1.00
2017.02.21 23:03:39.143,1.25951,1.25974,1.00,1.00
2017.02.21 23:03:40.000,1.25953,1.25979,1.00,1.00
2017.02.21 23:03:40.101,1.25953,1.25974,1.00,1.00
2017.02.21 23:03:40.629,1.25952,1.25974,1.00,1.00
2017.02.21 23:03:41.330,1.25949,1.25975,1.00,1.00
2017.02.21 23:03:41.431,1.25952,1.25974,1.00,1.00
2017.02.21 23:03:41.583,1.2595,1.25974,1.00,1.00
2017.02.21 23:03:42.881,1.25951,1.25974,1.00,1.00
2017.02.21 23:03:43.708,1.2595,1.25974,1.00,1.00
2017.02.21 23:03:43.830,1.25947,1.25974,1.00,1.00
2017.02.21 23:03:44.120,1.25947,1.25969,1.00,1.00
2017.02.21 23:03:44.624,1.25951,1.25979,1.00,1.00
2017.02.21 23:03:44.676,1.25955,1.25979,1.00,1.00
2017.02.21 23:03:45.254,1.25956,1.25979,1.00,1.00
2017.02.21 23:03:45.781,1.25955,1.2598,1.00,1.00
2017.02.21 23:03:46.490,1.25955,1.25979,1.00,1.00
2017.02.21 23:03:46.734,1.25958,1.25985,1.00,1.00
2017.02.21 23:03:46.852,1.25958,1.25979,1.00,1.00
2017.02.21 23:03:46.907,1.25956,1.25979,1.00,1.00
2017.02.21 23:03:47.765,1.25956,1.25974,1.00,1.00
2017.02.21 23:03:47.991,1.25956,1.25979,1.00,1.00
2017.02.21 23:03:48.160,1.25956,1.25975,1.00,1.00
2017.02.21 23:03:51.609,1.25958,1.25979,1.00,1.00
2017.02.21 23:03:51.761,1.25956,1.25974,1.00,1.00
2017.02.21 23:03:52.285,1.25958,1.25979,1.00,1.00
2017.02.21 23:03:52.850,1.25957,1.25979,1.00,1.00
2017.02.21 23:03:54.265,1.25959,1.2598,1.00,1.00
2017.02.21 23:03:54.580,1.25956,1.25975,1.00,1.00
2017.02.21 23:03:55.091,1.25956,1.25979,1.00,1.00
2017.02.21 23:03:55.681,1.25955,1.25979,1.00,1.00
2017.02.21 23:03:56.197,1.25956,1.2598,1.00,1.00
2017.02.21 23:03:57.533,1.25956,1.25979,1.00,1.00
2017.02.21 23:03:58.061,1.25957,1.25979,1.00,1.00
2017.02.21 23:03:58.565,1.25957,1.2598,1.00,1.00
2017.02.21 23:04:03.434,1.25957,1.25979,1.00,1.00
2017.02.21 23:04:16.559,1.25957,1.25974,1.00,1.00
2017.02.21 23:04:17.130,1.25956,1.25974,1.00,1.00
2017.02.21 23:04:17.710,1.25956,1.25975,1.00,1.00
2017.02.21 23:04:19.709,1.25957,1.25975,1.00,1.00
2017.02.21 23:04:20.161,1.25958,1.25979,1.00,1.00
2017.02.21 23:04:22.393,1.25959,1.25979,1.00,1.00
2017.02.21 23:04:22.444,1.25957,1.25974,1.00,1.00
2017.02.21 23:04:22.545,1.25955,1.25974,1.00,1.00
2017.02.21 23:04:22.822,1.25952,1.25974,1.00,1.00
2017.02.21 23:04:23.075,1.25948,1.25975,1.00,1.00
2017.02.21 23:04:23.126,1.25948,1.25969,1.00,1.00
2017.02.21 23:04:23.429,1.25959,1.25974,1.00,1.00
2017.02.21 23:04:23.631,1.25955,1.25974,1.00,1.00
2017.02.21 23:04:23.718,1.2595,1.25974,1.50,1.00
2017.02.21 23:04:23.820,1.2595,1.25979,1.50,1.00
2017.02.21 23:04:23.871,1.25955,1.25979,1.00,1.00
2017.02.21 23:04:24.238,1.25956,1.25984,1.00,1.00
2017.02.21 23:04:24.609,1.25958,1.25984,1.00,1.00
2017.02.21 23:04:25.335,1.25959,1.25984,1.00,1.00
2017.02.21 23:04:25.764,1.25959,1.2598,1.00,1.00
2017.02.21 23:04:25.878,1.25957,1.2598,1.00,1.00
2017.02.21 23:04:26.030,1.25957,1.25984,1.00,1.00
2017.02.21 23:04:27.006,1.25959,1.25984,1.00,1.00
2017.02.21 23:04:31.797,1.25959,1.25985,1.00,1.00
2017.02.21 23:04:32.484,1.25958,1.25985,1.00,1.00
2017.02.21 23:04:33.102,1.25959,1.25984,1.00,1.00
2017.02.21 23:04:33.833,1.2596,1.25984,1.00,1.00
2017.02.21 23:04:34.929,1.2596,1.2599,1.00,1.00
2017.02.21 23:04:35.131,1.25963,1.2599,1.00,1.00
2017.02.21 23:04:35.648,1.25964,1.2599,1.00,1.00
2017.02.21 23:04:36.151,1.25963,1.2599,1.00,1.00
2017.02.21 23:04:36.466,1.25965,1.2599,1.00,1.00
2017.02.21 23:04:36.995,1.25963,1.2599,1.00,1.00
2017.02.21 23:04:37.535,1.25964,1.25989,1.00,1.00
2017.02.21 23:04:39.078,1.25964,1.2599,1.00,1.00
2017.02.21 23:04:41.133,1.25965,1.2599,1.00,1.00
2017.02.21 23:04:41.234,1.25963,1.2599,1.00,1.00
2017.02.21 23:04:45.098,1.25962,1.2599,1.00,1.00
2017.02.21 23:04:51.749,1.25961,1.2599,1.00,1.00
2017.02.21 23:04:52.443,1.25962,1.2599,1.00,1.00
2017.02.21 23:04:53.241,1.25963,1.2599,1.00,1.00
2017.02.21 23:04:54.721,1.25963,1.25989,1.00,1.00
2017.02.21 23:04:55.069,1.25956,1.25979,1.87,1.00
2017.02.21 23:04:55.120,1.25956,1.25984,1.37,1.50
2017.02.21 23:04:55.171,1.25963,1.25989,1.37,1.50
2017.02.21 23:04:55.373,1.25968,1.25994,1.00,1.00
2017.02.21 23:04:55.424,1.25968,1.25994,1.37,1.00
2017.02.21 23:04:55.728,1.2598,1.26,1.37,1.00
2017.02.21 23:04:55.778,1.25991,1.26014,1.37,1.00
2017.02.21 23:04:55.829,1.25991,1.26014,1.37,1.00
2017.02.21 23:04:56.378,1.25995,1.26015,1.37,1.00
2017.02.21 23:04:56.429,1.25992,1.26014,1.00,1.00
2017.02.21 23:04:56.530,1.25986,1.2601,1.00,1.00
2017.02.21 23:04:56.581,1.25984,1.2601,1.00,1.00
2017.02.21 23:04:56.682,1.25984,1.26004,1.00,1.00
2017.02.21 23:04:56.842,1.25981,1.26004,1.87,1.00
2017.02.21 23:04:57.505,1.25981,1.26004,1.37,1.00
2017.02.21 23:04:58.845,1.25982,1.26004,1.12,1.00
2017.02.21 23:04:59.557,1.25984,1.26004,1.00,1.00
2017.02.21 23:05:00.972,1.25984,1.26005,1.00,1.00
2017.02.21 23:05:20.161,1.25983,1.26005,1.00,1.00
2017.02.21 23:05:24.985,1.25984,1.26005,1.00,1.00
2017.02.21 23:05:29.810,1.25981,1.26004,1.00,1.00
2017.02.21 23:05:29.861,1.25981,1.25999,1.00,1.00
2017.02.21 23:05:30.299,1.25984,1.25999,1.00,1.00
2017.02.21 23:05:34.441,1.25984,1.26004,1.12,1.00
2017.02.21 23:05:34.998,1.25985,1.26005,1.00,1.00
2017.02.21 23:05:35.532,1.25985,1.26004,1.00,1.00
2017.02.21 23:05:38.003,1.25986,1.26004,1.00,1.00
2017.02.21 23:05:38.520,1.25985,1.26004,1.00,1.00
2017.02.21 23:05:42.120,1.25983,1.26004,1.37,1.00
2017.02.21 23:05:42.920,1.25983,1.26004,1.12,1.00
2017.02.21 23:05:45.445,1.25983,1.26004,1.37,1.00
2017.02.21 23:05:47.374,1.25983,1.26005,1.37,1.00
2017.02.21 23:05:50.235,1.25983,1.26005,1.37,1.00
2017.02.21 23:05:55.593,1.25983,1.26005,1.37,1.00
2017.02.21 23:05:56.777,1.25983,1.26004,1.37,1.00
2017.02.21 23:05:58.784,1.25983,1.26009,1.37,1.00
2017.02.21 23:05:58.885,1.25985,1.26009,1.12,1.00
2017.02.21 23:06:00.217,1.25984,1.26004,1.37,1.00
2017.02.21 23:06:03.296,1.25984,1.26004,1.00,1.00
2017.02.21 23:06:09.047,1.25984,1.26005,1.12,1.00
2017.02.21 23:06:09.728,1.25984,1.26005,1.37,1.00
2017.02.21 23:06:14.039,1.25984,1.26004,1.37,1.00
2017.02.21 23:06:14.585,1.25984,1.26004,1.37,1.00
2017.02.21 23:06:20.130,1.25984,1.26004,1.00,1.00
2017.02.21 23:06:20.659,1.25983,1.26005,1.00,1.00
2017.02.21 23:06:22.347,1.25983,1.26009,1.00,1.00
2017.02.21 23:06:23.069,1.25983,1.2601,1.00,1.00
2017.02.21 23:06:27.305,1.25984,1.2601,1.00,1.00
2017.02.21 23:06:29.587,1.25984,1.26005,1.00,1.00
2017.02.21 23:06:31.125,1.25981,1.26005,1.00,1.00
2017.02.21 23:06:34.152,1.25985,1.26005,1.00,1.00
2017.02.21 23:06:34.659,1.25984,1.26005,1.00,1.00
2017.02.21 23:06:35.370,1.25986,1.26005,1.00,1.00
2017.02.21 23:06:37.004,1.25982,1.26005,1.00,1.00
2017.02.21 23:06:37.055,1.25984,1.26005,1.00,1.00
2017.02.21 23:06:37.695,1.25983,1.2601,1.00,1.00
2017.02.21 23:06:38.768,1.25984,1.2601,1.00,1.00
2017.02.21 23:06:44.703,1.25984,1.26004,1.00,1.00
2017.02.21 23:06:44.877,1.25984,1.26009,1.00,1.00
2017.02.21 23:06:47.532,1.25985,1.2601,1.00,1.00
2017.02.21 23:06:47.684,1.25988,1.2601,1.00,1.00
2017.02.21 23:06:47.785,1.25991,1.26015,1.00,1.00
2017.02.21 23:06:47.987,1.25989,1.26015,1.00,1.00
2017.02.21 23:06:48.107,1.25993,1.2602,1.00,1.00
2017.02.21 23:06:48.210,1.25993,1.26022,1.50,1.00
2017.02.21 23:06:48.261,1.25993,1.2602,1.50,1.00
2017.02.21 23:06:48.592,1.25999,1.26024,1.00,1.00
2017.02.21 23:06:48.896,1.26003,1.26024,1.00,1.00
2017.02.21 23:06:48.947,1.26003,1.26034,1.00,1.00
2017.02.21 23:06:49.200,1.26006,1.26034,1.00,1.00
2017.02.21 23:06:49.251,1.26004,1.26034,1.50,1.00
2017.02.21 23:06:49.395,1.26007,1.26034,1.00,1.00
2017.02.21 23:06:49.820,1.26005,1.26034,1.00,1.00
2017.02.21 23:06:50.258,1.26007,1.26034,1.00,1.00
2017.02.21 23:06:50.720,1.26009,1.26034,1.00,1.00
2017.02.21 23:06:51.029,1.26013,1.26039,1.00,1.00
2017.02.21 23:06:51.131,1.26019,1.26049,1.87,1.00
2017.02.21 23:06:51.182,1.2602,1.26044,1.00,1.00
2017.02.21 23:06:51.363,1.2602,1.26049,1.00,1.00
2017.02.21 23:06:51.414,1.26046,1.26063,1.87,1.00
2017.02.21 23:06:51.567,1.26057,1.26088,1.87,1.00
2017.02.21 23:06:51.618,1.26054,1.26085,1.87,1.00
2017.02.21 23:06:51.670,1.26056,1.26088,1.00,1.00
2017.02.21 23:06:51.773,1.2605,1.26088,2.10,1.00
2017.02.21 23:06:52.035,1.26054,1.26085,1.00,1.00
2017.02.21 23:06:52.347,1.26054,1.26079,1.00,1.00
2017.02.21 23:06:52.651,1.2606,1.26079,1.00,1.00
2017.02.21 23:06:52.803,1.26054,1.26079,1.00,1.00
2017.02.21 23:06:53.049,1.26048,1.2608,1.50,1.00
2017.02.21 23:06:53.100,1.26051,1.2608,1.00,1.00
2017.02.21 23:06:53.430,1.26057,1.2608,1.00,1.00
2017.02.21 23:06:53.733,1.26054,1.26079,1.00,1.00
2017.02.21 23:06:53.835,1.26054,1.26069,1.00,1.00
2017.02.21 23:06:53.987,1.26047,1.26069,1.00,1.00
2017.02.21 23:06:54.240,1.26043,1.26069,1.00,1.00
2017.02.21 23:06:54.392,1.26045,1.26069,1.00,1.00
2017.02.21 23:06:54.443,1.26043,1.26069,1.00,1.00
2017.02.21 23:06:54.594,1.26047,1.2607,1.00,1.00
2017.02.21 23:06:57.029,1.26047,1.26065,1.00,1.00
2017.02.21 23:06:57.567,1.26046,1.26065,1.00,1.00
2017.02.21 23:06:57.836,1.26046,1.26069,1.00,1.00
2017.02.21 23:06:58.663,1.26046,1.26064,1.50,1.00
2017.02.21 23:06:58.860,1.26042,1.26064,1.50,1.00
2017.02.21 23:06:59.143,1.26044,1.26064,1.00,1.00
2017.02.21 23:06:59.244,1.26042,1.26065,1.00,1.00
2017.02.21 23:06:59.447,1.26049,1.26065,1.00,1.00
2017.02.21 23:06:59.498,1.26043,1.26065,1.00,1.00
2017.02.21 23:06:59.600,1.26043,1.26069,1.00,1.00
2017.02.21 23:06:59.763,1.26043,1.26064,1.00,1.00
2017.02.21 23:07:00.170,1.26041,1.26064,1.50,1.00
2017.02.21 23:07:00.686,1.26042,1.26064,1.00,1.00
2017.02.21 23:07:01.603,1.26042,1.26069,1.00,1.00
2017.02.21 23:07:02.544,1.26042,1.26064,1.00,1.00
2017.02.21 23:07:03.180,1.26041,1.26064,1.00,1.00
2017.02.21 23:07:04.398,1.26042,1.26064,1.00,1.00
2017.02.21 23:07:04.651,1.26042,1.2607,1.50,1.00
2017.02.21 23:07:04.803,1.26045,1.2607,1.00,1.00
2017.02.21 23:07:05.342,1.26044,1.2607,1.00,1.00
2017.02.21 23:07:06.429,1.26046,1.2607,1.00,1.00
2017.02.21 23:07:07.526,1.26044,1.2607,1.50,1.00
2017.02.21 23:07:09.426,1.26046,1.2607,1.00,1.00
2017.02.21 23:07:10.906,1.26048,1.2607,1.00,1.00
2017.02.21 23:07:11.007,1.26044,1.26069,1.00,1.00
2017.02.21 23:07:11.529,1.26044,1.2607,1.00,1.00
2017.02.21 23:07:12.197,1.26043,1.26065,1.50,1.00
2017.02.21 23:07:12.915,1.26044,1.26065,1.00,1.00
2017.02.21 23:07:13.068,1.26044,1.2607,1.00,1.00
2017.02.21 23:07:13.390,1.26046,1.2607,1.00,1.00
2017.02.21 23:07:13.900,1.26045,1.2607,1.50,1.00
2017.02.21 23:07:14.052,1.26043,1.2607,1.00,1.00
2017.02.21 23:07:14.153,1.26043,1.26064,1.00,1.00
2017.02.21 23:07:14.356,1.26041,1.26064,1.50,1.00
2017.02.21 23:07:17.445,1.2604,1.26064,1.00,1.00
2017.02.21 23:07:17.686,1.26043,1.26064,1.00,1.00
2017.02.21 23:07:18.433,1.26042,1.26064,1.00,1.00
2017.02.21 23:07:18.965,1.26043,1.26064,1.00,1.00
2017.02.21 23:07:19.016,1.26038,1.26064,1.00,1.00
2017.02.21 23:07:19.067,1.26041,1.26064,1.00,1.00
2017.02.21 23:07:19.947,1.26041,1.2606,1.00,1.00
2017.02.21 23:07:20.955,1.26041,1.26065,1.00,1.00
2017.02.21 23:07:21.313,1.26041,1.26059,1.00,1.00
2017.02.21 23:07:22.464,1.26037,1.26059,1.00,1.00
2017.02.21 23:07:24.204,1.26037,1.26064,1.00,1.50
2017.02.21 23:07:24.570,1.26039,1.26064,1.00,1.00
2017.02.21 23:07:24.918,1.26039,1.26059,1.00,1.00
2017.02.21 23:07:25.491,1.26039,1.26065,1.00,1.00
2017.02.21 23:07:25.766,1.26039,1.26059,1.00,1.00
2017.02.21 23:07:26.300,1.26039,1.2606,1.00,1.00
2017.02.21 23:07:27.350,1.26039,1.26059,1.00,1.00
2017.02.21 23:07:27.851,1.26038,1.2606,1.00,1.00
2017.02.21 23:07:28.998,1.26038,1.26059,1.00,1.00
2017.02.21 23:07:30.979,1.26037,1.26064,1.00,1.00
2017.02.21 23:07:31.030,1.26039,1.26064,1.00,1.00
2017.02.21 23:07:31.815,1.26039,1.26059,1.00,1.00
2017.02.21 23:07:32.844,1.26039,1.2606,1.00,1.00
2017.02.21 23:07:33.527,1.26039,1.26059,1.00,1.00
2017.02.21 23:07:33.629,1.26039,1.26064,1.00,1.00
2017.02.21 23:07:33.937,1.26039,1.2606,1.00,1.00
2017.02.21 23:07:34.283,1.26039,1.26064,1.00,1.00
2017.02.21 23:07:35.174,1.26038,1.26064,1.00,1.00
2017.02.21 23:07:35.806,1.26038,1.2606,1.00,1.00
2017.02.21 23:07:36.315,1.26038,1.26059,1.00,1.00
2017.02.21 23:07:36.872,1.26038,1.2606,1.00,1.00
2017.02.21 23:07:39.077,1.26039,1.2606,1.00,1.00
2017.02.21 23:07:42.088,1.26038,1.2606,1.00,1.00
2017.02.21 23:07:42.325,1.26038,1.26065,1.00,1.00
2017.02.21 23:07:43.425,1.26037,1.2606,1.00,1.00
2017.02.21 23:07:44.422,1.26036,1.2606,1.00,1.00
2017.02.21 23:07:44.935,1.26035,1.26059,1.00,1.00
2017.02.21 23:07:45.368,1.26035,1.26054,1.00,1.00
2017.02.21 23:07:45.556,1.26035,1.2606,1.00,1.00
2017.02.21 23:07:46.115,1.26036,1.2606,1.00,1.00
2017.02.21 23:07:48.896,1.26037,1.2606,1.00,1.00
2017.02.21 23:07:50.016,1.26037,1.26055,1.00,1.00
2017.02.21 23:07:50.341,1.26037,1.26059,1.00,1.00
2017.02.21 23:07:51.532,1.26038,1.26059,1.00,1.00
2017.02.21 23:07:52.486,1.26036,1.26059,1.00,1.00
2017.02.21 23:07:55.192,1.26038,1.26059,1.00,1.00
2017.02.21 23:07:55.520,1.26034,1.26049,1.00,1.00
2017.02.21 23:07:55.672,1.26031,1.26049,1.00,1.00
2017.02.21 23:07:55.723,1.26029,1.26049,1.00,1.00
2017.02.21 23:07:56.257,1.26028,1.26054,1.00,1.00
2017.02.21 23:07:56.673,1.26033,1.26054,1.00,1.00
2017.02.21 23:07:57.826,1.26033,1.26055,1.00,1.00
2017.02.21 23:07:58.338,1.26034,1.26055,1.00,1.00
2017.02.21 23:07:59.396,1.26032,1.26055,1.00,1.00
2017.02.21 23:07:59.497,1.2603,1.26054,1.00,1.00
2017.02.21 23:08:01.018,1.2603,1.26055,1.00,1.00
2017.02.21 23:08:01.069,1.26028,1.26055,1.00,1.00
2017.02.21 23:08:01.819,1.26028,1.26054,1.00,1.00
2017.02.21 23:08:03.143,1.26027,1.26054,1.00,1.00
2017.02.21 23:08:03.501,1.2603,1.26055,1.00,1.00
2017.02.21 23:08:04.066,1.26028,1.26055,1.00,1.00
2017.02.21 23:08:04.168,1.2603,1.26055,1.00,1.00
2017.02.21 23:08:04.320,1.26024,1.2605,1.00,1.00
2017.02.21 23:08:04.627,1.26026,1.26054,1.00,1.00
2017.02.21 23:08:05.599,1.26025,1.26054,1.00,1.00
2017.02.21 23:08:06.153,1.26026,1.26054,1.00,1.00
2017.02.21 23:08:09.194,1.26026,1.26053,1.00,1.00
2017.02.21 23:08:11.833,1.26027,1.26054,1.00,1.50
2017.02.21 23:08:12.384,1.26026,1.26055,1.00,1.00
2017.02.21 23:08:12.688,1.26026,1.26053,1.00,1.00
2017.02.21 23:08:13.313,1.26026,1.26055,1.00,1.00
2017.02.21 23:08:13.873,1.26027,1.26055,1.00,1.50
2017.02.21 23:08:14.423,1.26027,1.26054,1.00,1.00
2017.02.21 23:08:25.109,1.26029,1.26054,1.00,1.00
2017.02.21 23:08:25.686,1.26028,1.26055,1.00,1.50
2017.02.21 23:08:29.262,1.26028,1.26054,1.00,1.00
2017.02.21 23:08:29.784,1.26029,1.26055,1.00,1.00
2017.02.21 23:08:30.417,1.26029,1.26054,1.00,1.00
2017.02.21 23:08:30.970,1.2603,1.26054,1.00,1.00
2017.02.21 23:08:34.699,1.26031,1.26054,1.00,1.00
2017.02.21 23:08:35.232,1.26031,1.26055,1.00,1.00
2017.02.21 23:08:37.762,1.26031,1.26054,1.00,1.00
2017.02.21 23:08:44.482,1.26032,1.26054,1.00,1.00
2017.02.21 23:08:45.772,1.26032,1.26049,1.00,1.00
2017.02.21 23:08:46.396,1.26032,1.26059,1.00,1.00
2017.02.21 23:08:46.888,1.26037,1.26059,1.00,1.00
2017.02.21 23:08:47.270,1.26042,1.26064,1.00,1.00
2017.02.21 23:08:47.321,1.2604,1.26064,1.00,1.00
2017.02.21 23:08:47.467,1.2604,1.26059,1.00,1.00
2017.02.21 23:08:47.979,1.26039,1.2606,1.00,1.00
2017.02.21 23:08:48.383,1.2604,1.26064,1.00,1.00
2017.02.21 23:08:49.514,1.2604,1.2606,1.00,1.00
2017.02.21 23:08:50.165,1.26039,1.2606,1.00,1.00
2017.02.21 23:08:50.890,1.26039,1.26059,1.00,1.00
2017.02.21 23:08:51.602,1.26036,1.26059,1.00,1.00
2017.02.21 23:08:51.653,1.2603,1.26054,1.00,1.00
2017.02.21 23:08:51.805,1.26032,1.26055,1.00,1.00
2017.02.21 23:08:51.856,1.26033,1.2606,1.00,1.00
2017.02.21 23:08:51.907,1.26035,1.2606,1.00,1.00
2017.02.21 23:08:52.273,1.26038,1.2606,1.00,1.00
2017.02.21 23:08:52.325,1.26038,1.26065,1.00,1.00
2017.02.21 23:08:52.443,1.26038,1.26059,1.00,1.00
2017.02.21 23:08:53.306,1.26038,1.26065,1.00,1.50
2017.02.21 23:08:53.408,1.26039,1.26059,1.00,1.00
2017.02.21 23:08:54.010,1.2604,1.26059,1.00,1.00
2017.02.21 23:08:54.541,1.26039,1.2606,1.00,1.00
2017.02.21 23:08:56.739,1.2604,1.26064,1.00,1.00
2017.02.21 23:08:57.799,1.26036,1.26064,1.00,1.00
2017.02.21 23:08:57.849,1.26037,1.26059,1.00,1.00
2017.02.21 23:08:58.988,1.26039,1.26065,1.00,1.00
2017.02.21 23:08:59.646,1.26039,1.26059,1.00,1.00
2017.02.21 23:08:59.802,1.26037,1.26059,1.00,1.00
2017.02.21 23:09:00.826,1.26038,1.26065,1.00,1.00
2017.02.21 23:09:02.845,1.26038,1.2606,1.00,1.00
2017.02.21 23:09:03.080,1.26037,1.26065,1.00,1.00
2017.02.21 23:09:03.619,1.26038,1.26065,1.00,1.00
2017.02.21 23:09:04.384,1.26038,1.26059,1.00,1.00
2017.02.21 23:09:04.889,1.26039,1.26059,1.00,1.00
2017.02.21 23:09:08.741,1.26037,1.26059,1.00,1.00
2017.02.21 23:09:09.072,1.26039,1.26059,1.00,1.00
2017.02.21 23:09:09.738,1.26037,1.26059,1.00,1.00
2017.02.21 23:09:10.339,1.26038,1.26059,1.00,1.00
2017.02.21 23:09:10.467,1.26038,1.26065,1.00,1.00
2017.02.21 23:09:12.988,1.26038,1.26059,1.00,1.00
2017.02.21 23:09:15.147,1.26037,1.26059,1.00,1.00
2017.02.21 23:09:15.764,1.26037,1.26064,1.00,1.00
2017.02.21 23:09:15.814,1.26039,1.26064,1.00,1.00
2017.02.21 23:09:17.283,1.26038,1.26064,1.00,1.00
2017.02.21 23:09:17.586,1.26038,1.26059,1.00,1.00
2017.02.21 23:09:18.328,1.26039,1.26059,1.00,1.00
2017.02.21 23:09:19.100,1.26039,1.26065,1.00,1.00
2017.02.21 23:09:19.382,1.26039,1.2606,1.00,1.00
2017.02.21 23:09:19.434,1.26037,1.2606,1.00,1.00
2017.02.21 23:09:19.612,1.26037,1.26065,1.00,1.00
2017.02.21 23:09:20.310,1.26037,1.2606,1.00,1.00
2017.02.21 23:09:21.683,1.26036,1.26059,1.00,1.00
2017.02.21 23:09:21.734,1.26036,1.26064,1.00,1.00
2017.02.21 23:09:21.785,1.26038,1.26064,1.00,1.00
2017.02.21 23:09:22.289,1.26035,1.26059,1.00,1.00
2017.02.21 23:09:22.492,1.26038,1.26064,1.00,1.00
2017.02.21 23:09:23.203,1.2604,1.26064,1.00,1.00
2017.02.21 23:09:23.830,1.2604,1.26065,1.00,1.00
2017.02.21 23:09:25.719,1.26038,1.26065,1.00,1.00
2017.02.21 23:09:26.843,1.26037,1.26065,1.00,1.00
2017.02.21 23:09:26.894,1.26039,1.26065,1.00,1.00
2017.02.21 23:09:27.328,1.26033,1.26065,1.00,1.00
2017.02.21 23:09:27.380,1.26032,1.26059,1.00,1.00
2017.02.21 23:09:27.932,1.26032,1.26062,1.00,1.00
2017.02.21 23:09:28.516,1.26031,1.26063,1.00,1.00
2017.02.21 23:09:29.086,1.26031,1.26062,1.00,1.00
2017.02.21 23:09:30.552,1.26032,1.26063,1.00,1.00
2017.02.21 23:09:31.115,1.26029,1.26056,1.00,1.00
2017.02.21 23:09:31.681,1.2603,1.26058,1.00,1.00
2017.02.21 23:09:31.782,1.26031,1.2606,1.00,1.00
2017.02.21 23:09:31.984,1.26034,1.26062,1.00,1.00
2017.02.21 23:09:32.467,1.26032,1.26062,1.00,1.00
2017.02.21 23:09:32.543,1.26032,1.2606,1.00,1.00
2017.02.21 23:09:33.249,1.26033,1.2606,1.00,1.50
2017.02.21 23:09:33.756,1.26032,1.26059,1.00,1.00
2017.02.21 23:09:39.368,1.26026,1.26051,1.00,1.00
2017.02.21 23:09:39.419,1.26031,1.26059,1.00,1.00
2017.02.21 23:09:39.521,1.26026,1.26055,1.00,1.00
2017.02.21 23:09:39.572,1.26029,1.26057,1.00,1.50
2017.02.21 23:09:40.096,1.26035,1.2606,1.00,1.00
2017.02.21 23:09:42.629,1.26034,1.2606,1.00,1.00
2017.02.21 23:09:43.115,1.26036,1.2606,1.00,1.00
2017.02.21 23:09:43.719,1.26034,1.2606,1.00,1.00
2017.02.21 23:09:44.454,1.26034,1.26059,1.00,1.00
2017.02.21 23:09:44.530,1.26034,1.26062,1.00,1.00
2017.02.21 23:09:45.986,1.26034,1.26059,1.00,1.00
2017.02.21 23:09:47.908,1.26029,1.26057,1.00,1.00
2017.02.21 23:09:48.009,1.26031,1.26058,1.00,1.00
2017.02.21 23:09:48.483,1.26029,1.26055,1.00,1.00
2017.02.21 23:09:48.788,1.26034,1.26062,1.00,1.00
2017.02.21 23:09:49.448,1.26036,1.26062,1.00,1.00
2017.02.21 23:09:53.768,1.26034,1.26062,1.00,1.00
2017.02.21 23:09:57.628,1.26034,1.26061,1.00,1.00
2017.02.21 23:09:58.675,1.26034,1.2606,1.00,1.00
2017.02.21 23:10:02.053,1.26034,1.26059,1.00,1.00
2017.02.21 23:10:03.480,1.26034,1.2606,1.00,1.50
2017.02.21 23:10:04.032,1.26032,1.26059,1.00,1.00
2017.02.21 23:10:04.824,1.26033,1.26059,1.00,1.50
2017.02.21 23:10:05.809,1.26034,1.26059,1.00,1.00
2017.02.21 23:10:06.900,1.26024,1.26054,1.87,1.00
2017.02.21 23:10:07.052,1.26022,1.2605,1.00,1.00
2017.02.21 23:10:07.153,1.26019,1.2605,1.00,1.00
2017.02.21 23:10:07.676,1.2602,1.2605,1.00,1.00
2017.02.21 23:10:08.500,1.26021,1.26051,1.00,1.00
2017.02.21 23:10:09.232,1.26021,1.2605,1.00,1.00
2017.02.21 23:10:09.787,1.26021,1.26051,1.00,1.00
2017.02.21 23:10:10.155,1.26021,1.26049,1.00,1.00
2017.02.21 23:10:11.570,1.26021,1.26052,1.00,1.00
2017.02.21 23:10:11.970,1.26021,1.26049,1.00,1.00
2017.02.21 23:10:12.484,1.26021,1.2605,1.00,1.00
2017.02.21 23:10:13.675,1.2602,1.26052,1.00,1.00
2017.02.21 23:10:19.401,1.2602,1.26049,1.00,1.00
2017.02.21 23:10:20.716,1.2602,1.26052,1.00,1.00
2017.02.21 23:10:22.451,1.2602,1.26049,1.00,1.00
2017.02.21 23:10:24.374,1.26019,1.26049,1.00,1.00
2017.02.21 23:10:24.679,1.26035,1.26059,1.00,1.00
2017.02.21 23:10:24.879,1.26033,1.26064,1.87,1.00
2017.02.21 23:10:24.930,1.26031,1.26069,1.87,1.50
2017.02.21 23:10:25.118,1.2603,1.26059,1.00,1.00
2017.02.21 23:10:25.422,1.26025,1.2605,1.00,1.00
2017.02.21 23:10:25.725,1.26025,1.26053,1.00,1.00
2017.02.21 23:10:25.928,1.26026,1.26055,1.00,1.50
2017.02.21 23:10:25.979,1.26025,1.26053,1.00,1.00
2017.02.21 23:10:26.030,1.26023,1.26053,1.00,1.00
2017.02.21 23:10:26.726,1.26024,1.26054,1.00,1.00
2017.02.21 23:10:26.828,1.26026,1.26054,1.00,1.00
2017.02.21 23:10:26.879,1.26024,1.26055,1.00,1.00
2017.02.21 23:10:27.890,1.26022,1.26055,1.00,1.50
2017.02.21 23:10:34.066,1.26021,1.26055,1.00,1.50
2017.02.21 23:10:34.780,1.26021,1.26054,1.00,1.00
2017.02.21 23:10:38.483,1.26021,1.26052,1.00,1.00
2017.02.21 23:10:38.838,1.2602,1.2605,1.00,1.00
2017.02.21 23:10:39.035,1.26016,1.26049,1.12,1.00
2017.02.21 23:10:39.672,1.26017,1.26049,1.00,1.00
2017.02.21 23:10:39.883,1.2602,1.26049,1.00,1.00
2017.02.21 23:10:40.610,1.2602,1.2605,1.00,1.00
2017.02.21 23:10:41.034,1.26018,1.26045,1.50,1.00
2017.02.21 23:10:41.338,1.26011,1.26045,1.00,1.00
2017.02.21 23:10:41.540,1.26014,1.26045,1.00,1.00
2017.02.21 23:10:42.071,1.26013,1.26044,1.00,1.00
2017.02.21 23:10:42.596,1.26013,1.26045,1.00,1.00
2017.02.21 23:10:43.127,1.26014,1.26045,1.00,1.00
2017.02.21 23:10:43.765,1.26013,1.26045,1.00,1.00
2017.02.21 23:10:44.375,1.26013,1.26044,1.00,1.00
2017.02.21 23:10:44.782,1.26014,1.26049,1.00,1.00
2017.02.21 23:10:46.391,1.26013,1.26049,1.00,1.00
2017.02.21 23:10:46.905,1.26013,1.2605,1.50,1.00
2017.02.21 23:10:47.461,1.26014,1.26049,1.00,1.00
2017.02.21 23:10:48.007,1.26014,1.2605,1.00,1.00
2017.02.21 23:10:48.726,1.26013,1.2605,1.00,1.00
2017.02.21 23:10:49.452,1.26013,1.26049,1.00,1.00
2017.02.21 23:10:54.458,1.26015,1.26049,1.00,1.00
2017.02.21 23:10:54.762,1.26009,1.26039,1.50,1.00
2017.02.21 23:10:55.946,1.26009,1.26041,1.50,1.00
2017.02.21 23:10:56.667,1.26008,1.2604,1.00,1.50
2017.02.21 23:10:59.459,1.26008,1.26034,1.00,1.00
2017.02.21 23:10:59.984,1.26008,1.26035,1.00,1.00
2017.02.21 23:11:00.144,1.26008,1.26039,1.00,1.00
2017.02.21 23:11:00.399,1.26008,1.26035,1.00,1.00
2017.02.21 23:11:01.711,1.26008,1.26039,1.00,1.00
2017.02.21 23:11:02.351,1.26007,1.26039,1.87,1.00
2017.02.21 23:11:03.048,1.26007,1.2604,1.87,1.00
2017.02.21 23:11:03.624,1.26007,1.26039,1.87,1.00
2017.02.21 23:11:04.214,1.26008,1.26039,1.00,1.00
2017.02.21 23:11:08.948,1.26009,1.26039,1.00,1.00
2017.02.21 23:11:09.897,1.2601,1.26039,1.00,1.00
2017.02.21 23:11:09.948,1.2601,1.26042,1.00,1.00
2017.02.21 23:11:10.049,1.26012,1.26043,1.00,1.00
2017.02.21 23:11:10.474,1.26012,1.2604,1.00,1.00
2017.02.21 23:11:11.062,1.26011,1.2604,1.00,1.50
2017.02.21 23:11:12.968,1.2601,1.2604,1.50,1.50
2017.02.21 23:11:13.533,1.2601,1.26039,1.00,1.00
2017.02.21 23:11:14.293,1.26009,1.2604,1.00,1.50
2017.02.21 23:11:14.855,1.26009,1.26039,1.00,1.00
2017.02.21 23:11:18.530,1.26007,1.26039,1.50,1.50
2017.02.21 23:11:18.581,1.26007,1.26035,1.00,1.00
2017.02.21 23:11:18.633,1.26005,1.26034,1.00,1.00
2017.02.21 23:11:19.423,1.26003,1.26033,1.00,1.00
2017.02.21 23:11:19.474,1.26001,1.26029,1.50,1.00
2017.02.21 23:11:19.576,1.26007,1.26037,1.00,1.00
2017.02.21 23:11:19.930,1.26012,1.26041,1.00,1.00
2017.02.21 23:11:20.456,1.26014,1.26044,1.00,1.00
2017.02.21 23:11:20.507,1.26018,1.26044,1.00,1.00
2017.02.21 23:11:21.890,1.26018,1.26048,1.00,1.00
2017.02.21 23:11:24.701,1.26018,1.26049,1.00,1.50
2017.02.21 23:11:27.816,1.26018,1.26048,1.00,1.00
2017.02.21 23:11:28.238,1.26017,1.26046,1.00,1.00
2017.02.21 23:11:29.004,1.26018,1.26047,1.00,1.00
2017.02.21 23:11:29.156,1.26017,1.26049,1.00,1.00
2017.02.21 23:11:29.737,1.26017,1.2605,1.00,1.50
2017.02.21 23:11:30.878,1.2602,1.2605,1.00,1.00
2017.02.21 23:11:31.399,1.2602,1.26049,1.00,1.00
2017.02.21 23:11:32.589,1.26019,1.26045,1.00,1.00
2017.02.21 23:11:32.814,1.26019,1.26049,1.00,1.00
2017.02.21 23:11:33.379,1.26018,1.26049,1.00,1.00
2017.02.21 23:11:36.259,1.26017,1.26048,1.00,1.00
2017.02.21 23:11:36.875,1.26019,1.26048,1.00,1.00
2017.02.21 23:11:38.439,1.26019,1.26047,1.00,1.00
2017.02.21 23:11:38.975,1.26018,1.26048,1.00,1.00
2017.02.21 23:11:39.480,1.26016,1.26047,1.00,1.00
2017.02.21 23:11:39.632,1.26016,1.26044,1.00,1.00
2017.02.21 23:11:40.383,1.26016,1.26046,1.00,1.00
2017.02.21 23:11:41.049,1.26015,1.26047,1.00,1.00
2017.02.21 23:11:42.854,1.26015,1.26045,1.00,1.00
2017.02.21 23:11:46.101,1.26011,1.26043,1.50,1.00
2017.02.21 23:11:46.153,1.26011,1.26041,1.00,1.00
2017.02.21 23:11:50.605,1.26012,1.26042,1.00,1.00
2017.02.21 23:11:54.696,1.2601,1.26042,1.00,1.00
2017.02.21 23:11:54.747,1.26012,1.26042,1.00,1.00
2017.02.21 23:11:59.586,1.26008,1.26039,1.50,1.00
2017.02.21 23:12:00.823,1.26011,1.26043,1.00,1.50
2017.02.21 23:12:00.874,1.26014,1.26044,1.00,1.00
2017.02.21 23:12:07.790,1.26012,1.26044,1.00,1.00
2017.02.21 23:12:07.876,1.26011,1.26042,1.00,1.00
2017.02.21 23:12:18.403,1.2601,1.26041,1.00,1.00
2017.02.21 23:12:18.558,1.26009,1.26043,1.00,1.00
2017.02.21 23:12:19.450,1.26011,1.2604,1.00,1.50
2017.02.21 23:12:19.501,1.26006,1.26036,1.00,1.00
2017.02.21 23:12:19.698,1.26013,1.2604,1.00,1.00
2017.02.21 23:12:20.596,1.26014,1.26041,1.00,1.00
2017.02.21 23:12:20.854,1.26008,1.26042,1.00,1.00
2017.02.21 23:12:20.956,1.26007,1.26039,1.00,1.00
2017.02.21 23:12:21.260,1.26007,1.26037,1.00,1.00
2017.02.21 23:12:21.878,1.26008,1.26037,1.00,1.00
2017.02.21 23:12:22.990,1.26007,1.26036,1.00,1.00
2017.02.21 23:12:23.566,1.26006,1.26035,1.00,1.00
2017.02.21 23:12:27.930,1.26006,1.26036,1.00,1.00
2017.02.21 23:12:28.932,1.26005,1.26036,1.00,1.00
2017.02.21 23:12:29.446,1.26005,1.26035,1.00,1.00
2017.02.21 23:12:30.134,1.26006,1.26034,1.00,1.50
2017.02.21 23:12:30.662,1.26007,1.26034,1.00,1.00
2017.02.21 23:12:32.683,1.26005,1.26034,1.00,1.00
2017.02.21 23:12:34.656,1.26006,1.26034,1.00,1.00
2017.02.21 23:12:35.096,1.26005,1.26036,1.00,1.00
2017.02.21 23:12:36.505,1.26005,1.26034,1.00,1.00
2017.02.21 23:12:37.754,1.26005,1.26035,1.00,1.00
2017.02.21 23:12:38.268,1.26005,1.26036,1.00,1.00
2017.02.21 23:12:40.539,1.26004,1.26036,1.00,1.00
2017.02.21 23:12:41.070,1.26005,1.26035,1.00,1.00
2017.02.21 23:12:41.854,1.26005,1.26034,1.00,1.00
2017.02.21 23:12:43.084,1.26004,1.26035,1.00,1.00
2017.02.21 23:12:43.962,1.26005,1.26035,1.00,1.00
2017.02.21 23:12:47.799,1.26003,1.26035,1.00,1.00
2017.02.21 23:12:47.922,1.26003,1.26033,1.00,1.00
2017.02.21 23:12:48.728,1.26004,1.26035,1.00,1.00
2017.02.21 23:12:58.393,1.26003,1.26033,1.00,1.00
2017.02.21 23:12:58.999,1.26003,1.26034,1.00,1.50
2017.02.21 23:12:59.445,1.26001,1.26033,1.00,1.00
2017.02.21 23:12:59.496,1.25999,1.26029,1.50,1.00
2017.02.21 23:13:00.003,1.26,1.26032,1.00,1.00
2017.02.21 23:13:01.237,1.26003,1.26032,1.00,1.00
2017.02.21 23:13:01.288,1.26002,1.26034,1.00,1.00
2017.02.21 23:13:01.441,1.26005,1.26035,1.00,1.00
2017.02.21 23:13:02.435,1.26006,1.26036,1.00,1.00
2017.02.21 23:13:05.402,1.26003,1.26033,1.00,1.00
2017.02.21 23:13:05.604,1.26001,1.26033,1.00,1.00
2017.02.21 23:13:06.373,1.26001,1.26031,1.00,1.00
2017.02.21 23:13:11.777,1.26003,1.26031,1.00,1.00
2017.02.21 23:13:12.081,1.26005,1.26033,1.00,1.00
2017.02.21 23:13:12.574,1.26005,1.26029,1.00,1.00
2017.02.21 23:13:14.024,1.26006,1.26029,1.00,1.00
2017.02.21 23:13:14.409,1.26006,1.26034,1.00,1.50
2017.02.21 23:13:17.733,1.26008,1.26035,1.00,1.00
2017.02.21 23:13:19.624,1.26006,1.26034,1.00,1.00
2017.02.21 23:13:20.189,1.26006,1.26035,1.00,1.50
2017.02.21 23:13:20.819,1.26008,1.26035,1.00,1.50
2017.02.21 23:13:22.896,1.26009,1.26035,1.00,1.00
2017.02.21 23:13:28.910,1.26009,1.26036,1.00,1.00
2017.02.21 23:13:29.469,1.26008,1.26035,1.00,1.00
2017.02.21 23:13:33.889,1.26005,1.26035,1.00,1.00
2017.02.21 23:13:34.316,1.26007,1.26035,1.00,1.00
2017.02.21 23:13:34.877,1.26008,1.26036,1.00,1.00
2017.02.21 23:13:38.543,1.26009,1.26036,1.00,1.00
2017.02.21 23:13:38.940,1.26009,1.26038,1.00,1.00
2017.02.21 23:13:39.483,1.26009,1.26039,1.00,1.00
2017.02.21 23:13:40.159,1.2601,1.26039,1.00,1.00
2017.02.21 23:13:40.707,1.26011,1.26038,1.00,1.00
2017.02.21 23:13:41.293,1.26012,1.26039,1.00,1.00
2017.02.21 23:13:41.414,1.26013,1.26041,1.00,1.00
2017.02.21 23:13:44.726,1.26013,1.26042,1.00,1.00
2017.02.21 23:13:45.925,1.26012,1.26042,1.00,1.00
2017.02.21 23:13:46.495,1.26012,1.26041,1.00,1.00
2017.02.21 23:13:47.025,1.26011,1.26041,1.00,1.00
2017.02.21 23:13:48.011,1.26012,1.26041,1.00,1.00
2017.02.21 23:13:48.531,1.26013,1.26041,1.00,1.00
2017.02.21 23:13:49.082,1.26013,1.26042,1.00,1.00
2017.02.21 23:13:57.968,1.26013,1.26043,1.00,1.00
2017.02.21 23:13:58.600,1.26014,1.26041,1.00,1.00
2017.02.21 23:13:59.130,1.26013,1.2604,1.00,1.00
2017.02.21 23:13:59.657,1.26014,1.26041,1.00,1.00
2017.02.21 23:14:00.376,1.26014,1.26042,1.00,1.00
2017.02.21 23:14:00.579,1.26012,1.26041,1.00,1.00
2017.02.21 23:14:00.832,1.26015,1.26042,1.00,1.00
2017.02.21 23:14:00.883,1.26016,1.26045,1.00,1.00
2017.02.21 23:14:00.961,1.26019,1.26046,1.00,1.00
2017.02.21 23:14:01.064,1.26021,1.26049,1.00,2.25
2017.02.21 23:14:01.560,1.26018,1.26045,1.00,1.00
2017.02.21 23:14:02.108,1.26019,1.26045,1.00,1.00
2017.02.21 23:14:02.926,1.26019,1.26046,1.00,1.00
2017.02.21 23:14:03.272,1.26019,1.26044,1.00,1.00
2017.02.21 23:14:03.781,1.26018,1.26044,1.00,1.00
2017.02.21 23:14:04.266,1.26016,1.26044,1.00,1.00
2017.02.21 23:14:04.798,1.26015,1.26044,1.00,1.00
2017.02.21 23:14:08.744,1.26017,1.26044,1.00,1.50
2017.02.21 23:14:09.336,1.26016,1.26044,1.00,1.50
2017.02.21 23:14:09.649,1.26016,1.2604,1.00,1.00
2017.02.21 23:14:10.210,1.26015,1.2604,1.00,1.00
2017.02.21 23:14:14.402,1.26015,1.26045,1.00,1.50
2017.02.21 23:14:14.682,1.26015,1.2604,1.00,1.00
2017.02.21 23:14:14.836,1.26015,1.26044,1.00,1.00
2017.02.21 23:14:15.154,1.26017,1.26044,1.00,1.50
2017.02.21 23:14:15.465,1.26017,1.2604,1.00,1.00
2017.02.21 23:14:19.069,1.26017,1.26044,1.00,1.00
2017.02.21 23:14:19.671,1.26017,1.26045,1.00,1.50
2017.02.21 23:14:20.443,1.26013,1.26042,1.00,1.00
2017.02.21 23:14:20.545,1.26014,1.26044,1.00,1.50
2017.02.21 23:14:20.596,1.26016,1.26039,1.00,1.00
2017.02.21 23:14:20.647,1.26018,1.26044,1.00,1.00
2017.02.21 23:14:21.167,1.26018,1.26045,1.00,1.00
2017.02.21 23:14:23.402,1.26018,1.26049,1.00,1.50
2017.02.21 23:14:24.600,1.26017,1.26045,1.00,1.00
2017.02.21 23:14:27.074,1.26017,1.26044,1.00,1.00
2017.02.21 23:14:28.090,1.26017,1.26045,1.00,1.00
2017.02.21 23:14:28.591,1.26019,1.26045,1.00,1.00
2017.02.21 23:14:29.480,1.2602,1.26045,1.00,1.00
2017.02.21 23:14:33.734,1.26018,1.26044,1.00,1.00
2017.02.21 23:14:34.266,1.26018,1.26045,1.00,1.00
2017.02.21 23:14:34.810,1.26018,1.26044,1.00,1.00
2017.02.21 23:14:36.804,1.2602,1.26044,1.00,1.00
2017.02.21 23:14:37.695,1.2602,1.26047,1.00,1.00
2017.02.21 23:14:38.315,1.2602,1.26045,1.00,1.00
2017.02.21 23:14:40.555,1.2602,1.26047,1.00,1.00
2017.02.21 23:14:40.878,1.2602,1.26049,1.00,1.50
2017.02.21 23:14:41.423,1.2602,1.26044,1.00,1.00
2017.02.21 23:14:41.660,1.26019,1.26049,1.00,1.00
2017.02.21 23:14:42.339,1.2602,1.2605,1.00,1.50
2017.02.21 23:14:44.560,1.26021,1.26048,1.00,1.00
2017.02.21 23:14:45.568,1.26021,1.26044,1.00,1.00
2017.02.21 23:14:45.878,1.26021,1.26048,1.00,1.00
2017.02.21 23:15:04.471,1.26019,1.26047,1.00,1.00
2017.02.21 23:15:04.523,1.26021,1.26048,1.00,1.00
2017.02.21 23:15:05.619,1.2602,1.26047,1.00,1.00
2017.02.21 23:15:05.964,1.2602,1.26044,1.00,1.00
2017.02.21 23:15:06.115,1.2602,1.26047,1.00,1.00
2017.02.21 23:15:06.217,1.26021,1.2605,1.00,1.00
2017.02.21 23:15:06.268,1.26024,1.2605,1.00,1.00
2017.02.21 23:15:06.521,1.26024,1.26053,1.00,1.00
2017.02.21 23:15:07.002,1.26022,1.26049,1.00,1.00
2017.02.21 23:15:07.053,1.2602,1.26049,1.00,1.50
2017.02.21 23:15:07.644,1.26021,1.26049,1.00,1.00
2017.02.21 23:15:08.087,1.26023,1.26049,1.00,1.00
2017.02.21 23:15:14.511,1.26024,1.26051,1.00,1.00
2017.02.21 23:15:14.927,1.26027,1.2605,1.00,1.00
2017.02.21 23:15:15.512,1.26026,1.2605,1.00,1.00
2017.02.21 23:15:16.015,1.26026,1.26049,1.00,1.00
2017.02.21 23:15:34.237,1.26026,1.2605,1.00,1.00
2017.02.21 23:15:36.469,1.26026,1.26053,1.00,1.00
2017.02.21 23:15:45.315,1.26023,1.26053,1.00,1.00
2017.02.21 23:15:45.367,1.26023,1.26049,1.00,1.00
2017.02.21 23:15:45.663,1.26023,1.26053,1.00,1.00
2017.02.21 23:15:46.311,1.26025,1.26052,1.00,1.00
2017.02.21 23:15:46.636,1.26025,1.26054,1.00,1.50
2017.02.21 23:15:48.429,1.26025,1.26049,1.00,1.00
2017.02.21 23:15:50.316,1.26025,1.2605,1.00,1.00
2017.02.21 23:16:10.477,1.26021,1.26049,1.00,1.00
2017.02.21 23:16:10.578,1.26022,1.26051,1.00,1.00
2017.02.21 23:16:10.832,1.26021,1.26044,1.00,1.00
2017.02.21 23:16:11.085,1.26021,1.26048,1.00,1.00
2017.02.21 23:16:11.246,1.26021,1.2605,1.00,1.00
2017.02.21 23:16:11.794,1.26022,1.2605,1.00,1.00
2017.02.21 23:16:12.337,1.26021,1.2605,1.00,1.00
2017.02.21 23:16:13.383,1.26023,1.2605,1.00,1.50
2017.02.21 23:16:14.605,1.26024,1.2605,1.00,1.00
2017.02.21 23:16:15.211,1.26024,1.26049,1.00,1.00
2017.02.21 23:16:18.871,1.26022,1.26052,1.00,1.00
2017.02.21 23:16:18.921,1.26025,1.26052,1.00,1.00
2017.02.21 23:16:19.428,1.26024,1.26051,1.00,1.00
2017.02.21 23:16:19.932,1.26022,1.26051,1.00,1.00
2017.02.21 23:16:20.873,1.26022,1.2605,1.00,1.00
2017.02.21 23:16:21.623,1.26022,1.26049,1.00,1.00
2017.02.21 23:16:28.070,1.26021,1.26049,1.00,1.00
2017.02.21 23:16:29.415,1.26023,1.26049,1.00,1.00
2017.02.21 23:16:31.750,1.26024,1.26049,1.00,1.00
2017.02.21 23:16:32.258,1.26025,1.26049,1.00,1.00
2017.02.21 23:16:39.852,1.26024,1.2605,1.00,1.00
2017.02.21 23:16:39.954,1.2602,1.26047,1.00,1.00
2017.02.21 23:16:40.549,1.26021,1.26048,1.00,1.00
2017.02.21 23:16:41.188,1.2602,1.26048,1.00,1.00
2017.02.21 23:16:42.612,1.26017,1.26046,1.00,1.00
2017.02.21 23:16:43.173,1.26014,1.26043,1.00,1.00
2017.02.21 23:16:43.500,1.26014,1.26041,1.00,1.00
2017.02.21 23:16:43.708,1.26012,1.26041,1.00,1.00
2017.02.21 23:16:45.532,1.26013,1.26042,1.00,1.00
2017.02.21 23:16:52.267,1.26013,1.2604,1.00,1.00
2017.02.21 23:16:52.318,1.26013,1.26042,1.00,1.00
2017.02.21 23:16:53.112,1.26014,1.26043,1.00,1.00
2017.02.21 23:16:59.986,1.26014,1.26042,1.00,1.00
2017.02.21 23:17:00.588,1.26014,1.26043,1.00,1.00
2017.02.21 23:17:01.599,1.26013,1.26043,1.00,1.00
2017.02.21 23:17:02.177,1.26013,1.2604,1.00,1.00
2017.02.21 23:17:04.903,1.26012,1.26042,1.00,1.00
2017.02.21 23:17:04.954,1.2601,1.26038,1.00,1.00
2017.02.21 23:17:05.258,1.26013,1.2604,1.00,1.00
2017.02.21 23:17:06.293,1.26014,1.26042,1.00,1.00
2017.02.21 23:17:06.517,1.26014,1.2604,1.00,1.00
2017.02.21 23:17:07.059,1.26014,1.26042,1.00,1.00
2017.02.21 23:17:07.729,1.26014,1.26043,1.00,1.00
2017.02.21 23:17:08.784,1.26014,1.26042,1.00,1.00
2017.02.21 23:17:14.214,1.26015,1.26043,1.00,1.00
2017.02.21 23:17:15.259,1.26014,1.26043,1.00,1.00
2017.02.21 23:17:18.738,1.26013,1.26043,1.00,1.00
2017.02.21 23:17:24.881,1.26007,1.26036,1.00,1.00
2017.02.21 23:17:25.212,1.25998,1.26028,1.00,1.00
2017.02.21 23:17:25.984,1.25998,1.26027,1.00,1.00
2017.02.21 23:17:29.088,1.25998,1.26028,1.00,1.00
2017.02.21 23:17:29.140,1.26001,1.26028,1.50,1.00
2017.02.21 23:17:30.045,1.26001,1.2603,1.50,1.00
2017.02.21 23:17:31.048,1.26001,1.26029,1.50,1.00
2017.02.21 23:17:34.805,1.26002,1.26029,1.00,1.00
2017.02.21 23:17:35.542,1.26001,1.26029,1.00,1.50
2017.02.21 23:17:36.660,1.26002,1.26029,1.00,1.50
2017.02.21 23:17:40.181,1.26003,1.26031,1.00,1.00
2017.02.21 23:17:40.282,1.26005,1.26032,1.00,1.00
2017.02.21 23:17:41.914,1.26003,1.26031,1.00,1.00
2017.02.21 23:17:42.475,1.26003,1.26032,1.50,1.00
2017.02.21 23:17:43.123,1.26003,1.2603,1.50,1.00
2017.02.21 23:17:43.480,1.26005,1.26032,1.00,1.00
2017.02.21 23:17:45.289,1.26003,1.26029,1.00,1.00
2017.02.21 23:17:45.830,1.26004,1.26029,1.00,1.00
2017.02.21 23:17:46.438,1.26004,1.2603,1.00,1.00
2017.02.21 23:17:47.399,1.26003,1.2603,1.00,1.00
2017.02.21 23:17:47.901,1.26003,1.26029,1.00,1.00
2017.02.21 23:17:51.582,1.26002,1.26029,2.25,1.00
2017.02.21 23:17:52.661,1.26003,1.26031,1.00,1.00
2017.02.21 23:17:52.712,1.26002,1.26027,1.00,1.00
2017.02.21 23:17:52.763,1.26,1.26028,1.00,1.00
2017.02.21 23:17:53.748,1.25999,1.26028,1.00,1.00
2017.02.21 23:17:55.542,1.25999,1.26024,1.00,1.00
2017.02.21 23:17:55.817,1.25999,1.26028,1.00,1.00
2017.02.21 23:17:56.021,1.26001,1.26029,1.00,1.50
2017.02.21 23:17:56.590,1.26002,1.2603,1.00,1.00
2017.02.21 23:17:57.047,1.26006,1.26034,1.00,1.00
2017.02.21 23:17:57.352,1.26011,1.26038,1.00,1.00
2017.02.21 23:17:58.052,1.26011,1.26034,1.00,1.00
2017.02.21 23:17:58.771,1.26011,1.26038,1.00,1.00
2017.02.21 23:18:00.105,1.26011,1.26039,1.00,1.50
2017.02.21 23:18:01.753,1.26008,1.26038,1.50,1.00
2017.02.21 23:18:06.898,1.2601,1.26037,1.00,1.00
2017.02.21 23:18:08.711,1.26011,1.26038,1.00,1.00
2017.02.21 23:18:10.973,1.2601,1.26037,1.00,1.00
2017.02.21 23:18:11.024,1.26008,1.26037,1.00,1.00
2017.02.21 23:18:11.278,1.26005,1.26033,1.37,1.00
2017.02.21 23:18:11.536,1.26001,1.26029,1.00,1.00
2017.02.21 23:18:11.687,1.26002,1.26032,1.00,1.00
2017.02.21 23:18:11.739,1.26004,1.26033,1.00,1.00
2017.02.21 23:18:12.326,1.26006,1.26035,1.00,1.00
2017.02.21 23:18:12.648,1.26006,1.26033,1.00,1.00
2017.02.21 23:18:14.470,1.26006,1.26035,1.00,1.00
2017.02.21 23:18:18.357,1.26005,1.26032,1.00,1.00
2017.02.21 23:18:19.527,1.26005,1.26035,1.00,1.00
2017.02.21 23:18:26.099,1.26006,1.26033,1.00,1.00
2017.02.21 23:18:26.150,1.26006,1.26035,1.00,1.00
2017.02.21 23:18:29.166,1.26008,1.26035,1.00,1.00
2017.02.21 23:18:33.402,1.26008,1.26034,1.00,1.00
2017.02.21 23:18:34.116,1.26008,1.26035,1.00,1.50
2017.02.21 23:18:37.418,1.26008,1.26034,1.00,1.00
2017.02.21 23:18:42.317,1.26008,1.26035,1.00,1.50
2017.02.21 23:18:42.418,1.26003,1.26034,1.00,1.00
2017.02.21 23:18:42.469,1.26003,1.26031,1.00,1.00
2017.02.21 23:18:43.394,1.26002,1.26031,1.00,1.00
2017.02.21 23:18:43.932,1.26004,1.26031,1.00,1.00
2017.02.21 23:18:43.983,1.26004,1.26033,1.00,1.00
2017.02.21 23:18:44.034,1.26006,1.26033,1.00,1.00
2017.02.21 23:18:44.337,1.26012,1.26039,1.00,1.50
2017.02.21 23:18:44.966,1.26011,1.26038,1.00,1.00
2017.02.21 23:18:45.911,1.26009,1.26036,1.00,1.00
2017.02.21 23:18:46.592,1.2601,1.26037,1.00,1.00
2017.02.21 23:18:49.031,1.26009,1.26036,1.00,1.00
2017.02.21 23:18:50.584,1.26007,1.26034,1.00,1.00
2017.02.21 23:18:59.714,1.26006,1.26036,1.00,1.00
2017.02.21 23:19:00.748,1.26008,1.26035,1.00,1.00
2017.02.21 23:19:02.407,1.26007,1.26037,1.00,1.00
2017.02.21 23:19:05.087,1.26009,1.26036,1.00,1.00
2017.02.21 23:19:06.576,1.26009,1.26039,1.00,1.50
2017.02.21 23:19:07.436,1.26008,1.26037,1.00,1.00
2017.02.21 23:19:10.623,1.26007,1.26036,1.00,1.00
2017.02.21 23:19:11.140,1.2601,1.2604,1.00,1.00
2017.02.21 23:19:11.625,1.2601,1.26034,1.00,1.00
2017.02.21 23:19:12.277,1.26009,1.26034,1.00,1.00
2017.02.21 23:19:12.792,1.2601,1.26034,1.00,1.00
2017.02.21 23:19:13.765,1.26009,1.26034,1.00,1.00
2017.02.21 23:19:14.793,1.26008,1.26034,1.00,1.00
2017.02.21 23:19:17.067,1.26009,1.26034,1.00,1.00
2017.02.21 23:19:19.742,1.26009,1.26036,1.00,1.00
2017.02.21 23:19:22.630,1.26007,1.26036,1.00,1.00
2017.02.21 23:19:26.449,1.26007,1.26035,1.00,1.00
2017.02.21 23:19:27.613,1.26007,1.26036,1.00,1.00
2017.02.21 23:19:27.664,1.26012,1.26039,1.00,1.50
2017.02.21 23:19:27.967,1.26018,1.26044,1.00,1.00
2017.02.21 23:19:28.506,1.26019,1.26044,1.00,1.00
2017.02.21 23:19:29.032,1.2602,1.26045,1.00,1.00
2017.02.21 23:19:29.373,1.26018,1.26045,1.00,1.00
2017.02.21 23:19:29.762,1.2602,1.26045,1.00,1.00
2017.02.21 23:19:35.775,1.2602,1.26044,1.00,1.00
2017.02.21 23:19:36.616,1.26019,1.26044,1.00,1.00
2017.02.21 23:19:41.053,1.26019,1.26048,1.00,1.00
2017.02.21 23:19:41.596,1.26019,1.26044,1.00,1.00
2017.02.21 23:19:44.641,1.26018,1.26044,1.00,1.00
2017.02.21 23:19:45.323,1.2602,1.26044,1.00,1.00
2017.02.21 23:19:48.102,1.2602,1.26045,1.00,1.00
2017.02.21 23:19:48.208,1.26017,1.26045,1.00,1.00
2017.02.21 23:19:48.515,1.26019,1.26044,1.00,1.00
2017.02.21 23:19:49.280,1.26017,1.26044,1.00,1.00
2017.02.21 23:19:51.585,1.26017,1.26045,1.00,1.50
2017.02.21 23:19:51.939,1.26016,1.26043,1.00,1.00
2017.02.21 23:19:52.147,1.2602,1.26049,1.00,1.50
2017.02.21 23:19:52.400,1.2602,1.26045,1.00,1.00
2017.02.21 23:19:52.568,1.26018,1.26045,1.00,1.50
2017.02.21 23:19:53.150,1.26019,1.26044,1.00,1.00
2017.02.21 23:19:55.517,1.26019,1.26045,1.00,1.00
2017.02.21 23:19:59.833,1.26018,1.26045,1.00,1.00
2017.02.21 23:20:00.433,1.26018,1.26044,1.00,1.00
2017.02.21 23:20:03.358,1.26018,1.26045,1.00,1.00
2017.02.21 23:20:03.971,1.26018,1.26044,1.00,1.00
2017.02.21 23:20:08.386,1.26017,1.26044,1.12,1.00
2017.02.21 23:20:08.489,1.26017,1.26047,1.12,1.00
2017.02.21 23:20:09.023,1.26019,1.26047,1.00,1.00
2017.02.21 23:20:09.360,1.26019,1.26044,1.00,1.00
2017.02.21 23:20:13.324,1.26019,1.26047,1.00,1.00
2017.02.21 23:20:13.889,1.26019,1.26045,1.00,1.00
2017.02.21 23:20:14.059,1.26019,1.26047,1.00,1.00
2017.02.21 23:20:15.028,1.26019,1.26044,1.00,1.00
2017.02.21 23:20:15.222,1.26019,1.26047,1.00,1.00
2017.02.21 23:20:16.783,1.26019,1.26045,1.00,1.00
2017.02.21 23:20:22.793,1.26017,1.26045,1.00,1.50
2017.02.21 23:20:23.331,1.26018,1.26044,1.00,1.00
2017.02.21 23:20:28.855,1.26018,1.26045,1.00,1.00
2017.02.21 23:20:33.250,1.26018,1.26044,1.00,1.00
2017.02.21 23:20:36.732,1.26015,1.26044,1.00,1.00
2017.02.21 23:20:39.890,1.26015,1.26045,1.00,1.00
2017.02.21 23:20:44.923,1.26014,1.26045,1.00,1.00
2017.02.21 23:20:45.591,1.26014,1.26044,1.00,1.00
2017.02.21 23:20:47.388,1.26014,1.26045,1.00,1.00
2017.02.21 23:20:48.091,1.26014,1.26044,1.00,1.00
2017.02.21 23:20:50.029,1.26017,1.26044,1.00,1.00
2017.02.21 23:20:53.421,1.26016,1.26044,1.12,1.00
2017.02.21 23:20:53.821,1.26012,1.26041,1.00,1.00
2017.02.21 23:20:53.924,1.26006,1.26041,1.87,1.00
2017.02.21 23:20:54.177,1.26007,1.26039,1.12,1.00
2017.02.21 23:20:55.717,1.26007,1.2604,1.12,1.50
2017.02.21 23:20:56.481,1.26008,1.2604,1.00,1.50
2017.02.21 23:20:59.566,1.26009,1.2604,1.00,1.50
2017.02.21 23:21:00.575,1.26007,1.2604,1.12,1.00
2017.02.21 23:21:01.106,1.26006,1.26039,1.37,1.00
2017.02.21 23:21:11.429,1.26005,1.26037,1.50,1.00
2017.02.21 23:21:11.532,1.26005,1.26039,1.00,1.00
2017.02.21 23:21:12.493,1.26006,1.26037,1.00,1.00
2017.02.21 23:21:12.544,1.26006,1.26039,1.00,1.50
2017.02.21 23:21:14.078,1.26005,1.26038,1.00,1.00
2017.02.21 23:21:14.754,1.26005,1.26037,1.00,1.00
2017.02.21 23:21:15.356,1.26004,1.26036,1.00,1.00
2017.02.21 23:21:19.325,1.26005,1.26036,1.00,1.00
2017.02.21 23:21:20.870,1.26004,1.26036,1.00,1.00
2017.02.21 23:21:22.712,1.26005,1.26037,1.00,1.00
2017.02.21 23:21:24.177,1.26006,1.26037,1.00,1.00
2017.02.21 23:21:28.731,1.26004,1.26037,1.00,1.00
2017.02.21 23:21:36.969,1.26004,1.26035,1.00,1.00
2017.02.21 23:21:37.778,1.26004,1.26034,1.00,1.00
2017.02.21 23:21:38.437,1.26004,1.26033,1.00,1.00
2017.02.21 23:21:45.553,1.26004,1.26034,1.00,1.00
2017.02.21 23:21:52.916,1.26007,1.26034,1.00,1.00
2017.02.21 23:21:52.967,1.26006,1.26036,1.00,1.00
2017.02.21 23:21:53.119,1.26008,1.26037,1.00,1.00
2017.02.21 23:21:53.649,1.26007,1.26037,1.00,1.00
2017.02.21 23:21:54.166,1.26008,1.26037,1.00,1.00
2017.02.21 23:21:54.449,1.26007,1.26039,1.00,1.00
2017.02.21 23:21:54.975,1.26008,1.26039,1.00,1.00
2017.02.21 23:21:55.969,1.26009,1.26041,1.00,1.00
2017.02.21 23:21:56.477,1.26009,1.26042,1.00,1.00
2017.02.21 23:22:06.004,1.26009,1.26041,1.00,1.00
2017.02.21 23:22:13.339,1.26009,1.26039,1.00,1.00
2017.02.21 23:22:14.101,1.26009,1.26038,1.00,1.00
2017.02.21 23:22:14.387,1.26006,1.26036,1.87,1.00
2017.02.21 23:22:14.438,1.26004,1.26034,1.50,1.00
2017.02.21 23:22:14.539,1.26003,1.26033,1.50,1.00
2017.02.21 23:22:15.058,1.26003,1.26034,1.50,1.00
2017.02.21 23:22:15.915,1.26001,1.26033,2.25,1.00
2017.02.21 23:22:16.911,1.26003,1.26032,1.50,1.00
2017.02.21 23:22:17.412,1.26003,1.26031,1.50,1.00
2017.02.21 23:22:18.764,1.26003,1.26033,1.50,1.00
2017.02.21 23:22:19.297,1.26003,1.26034,1.50,1.00
2017.02.21 23:22:26.687,1.26005,1.26034,1.00,1.00
2017.02.21 23:22:29.445,1.26004,1.26034,1.12,1.00
2017.02.21 23:22:30.643,1.26003,1.26035,1.50,1.50
2017.02.21 23:22:33.130,1.26003,1.26034,1.50,1.00
2017.02.21 23:22:35.681,1.26003,1.26034,1.00,1.00
2017.02.21 23:22:36.373,1.26003,1.26035,1.00,1.50
2017.02.21 23:22:37.030,1.26003,1.26034,1.00,1.00
2017.02.21 23:22:38.207,1.26002,1.26034,1.12,1.00
2017.02.21 23:22:38.258,1.26005,1.26033,1.00,1.00
2017.02.21 23:22:43.272,1.26004,1.26032,1.00,1.00
2017.02.21 23:22:50.338,1.26002,1.26032,1.12,1.00
2017.02.21 23:22:50.439,1.25999,1.26028,1.75,1.00
2017.02.21 23:22:50.490,1.25999,1.26028,1.12,1.00
2017.02.21 23:22:50.768,1.25995,1.26028,1.12,1.00
2017.02.21 23:22:53.220,1.25995,1.26027,1.12,1.00
2017.02.21 23:22:53.414,1.25995,1.26025,1.12,1.00
2017.02.21 23:22:53.927,1.25996,1.26024,1.00,1.00
2017.02.21 23:22:55.033,1.25994,1.26024,1.50,1.00
2017.02.21 23:22:55.749,1.25996,1.26024,1.00,1.00
2017.02.21 23:22:58.614,1.25994,1.26024,1.50,1.00
2017.02.21 23:22:59.169,1.25996,1.26024,1.00,1.00
2017.02.21 23:22:59.220,1.25995,1.26026,1.12,1.00
2017.02.21 23:23:00.106,1.25992,1.26024,1.75,1.00
2017.02.21 23:23:00.410,1.25992,1.26024,1.00,1.00
2017.02.21 23:23:03.035,1.25994,1.26023,1.00,1.00
2017.02.21 23:23:11.846,1.25993,1.26023,1.00,1.00
2017.02.21 23:23:20.285,1.26001,1.26024,1.00,1.00
2017.02.21 23:23:20.338,1.25998,1.26025,1.00,1.00
2017.02.21 23:23:20.392,1.26002,1.26025,1.00,1.00
2017.02.21 23:23:20.444,1.26002,1.26029,1.00,1.00
2017.02.21 23:23:20.495,1.25997,1.26029,1.00,1.00
2017.02.21 23:23:20.750,1.25995,1.26023,1.00,1.00
2017.02.21 23:23:21.303,1.25993,1.26024,1.00,1.00
2017.02.21 23:23:22.669,1.25993,1.26022,1.00,1.00
2017.02.21 23:23:22.770,1.25993,1.26024,1.00,1.00
2017.02.21 23:23:22.821,1.25993,1.26022,1.50,1.00
2017.02.21 23:23:22.894,1.25993,1.26024,1.00,1.00
2017.02.21 23:23:23.598,1.25993,1.26022,1.50,1.00
2017.02.21 23:23:23.649,1.25993,1.26025,1.00,1.50
2017.02.21 23:23:24.734,1.25994,1.26024,1.00,1.00
2017.02.21 23:23:30.453,1.25995,1.26025,1.00,1.00
2017.02.21 23:23:30.504,1.25993,1.26024,1.00,1.00
2017.02.21 23:23:31.239,1.25993,1.2602,1.00,1.00
2017.02.21 23:23:31.348,1.2599,1.2602,1.00,1.00
2017.02.21 23:23:31.587,1.25988,1.2602,1.87,1.00
2017.02.21 23:23:31.767,1.25991,1.26024,1.00,2.25
2017.02.21 23:23:32.246,1.25988,1.2602,1.87,1.00
2017.02.21 23:23:36.688,1.25991,1.26024,1.00,2.25
2017.02.21 23:23:39.312,1.25988,1.26019,1.12,1.00
2017.02.21 23:23:41.327,1.25989,1.26019,1.00,1.00
2017.02.21 23:23:42.079,1.25988,1.26019,1.87,1.00
2017.02.21 23:23:44.418,1.25986,1.26012,1.37,1.00
2017.02.21 23:23:44.470,1.25986,1.26014,1.00,1.50
2017.02.21 23:23:44.622,1.25989,1.26014,1.00,1.00
2017.02.21 23:23:44.824,1.25989,1.26016,1.00,1.00
2017.02.21 23:23:44.926,1.25987,1.26017,1.00,1.00
2017.02.21 23:23:45.599,1.25987,1.26014,1.00,1.00
2017.02.21 23:23:45.650,1.25985,1.26014,1.12,1.00
2017.02.21 23:23:46.094,1.25987,1.26017,1.00,1.00
2017.02.21 23:23:47.072,1.25987,1.26015,1.00,1.00
2017.02.21 23:23:47.318,1.25987,1.26017,1.00,1.00
2017.02.21 23:23:47.859,1.25986,1.26014,1.00,1.00
2017.02.21 23:23:48.164,1.25983,1.2601,1.00,1.00
2017.02.21 23:23:48.677,1.25982,1.26011,1.00,1.00
2017.02.21 23:23:49.001,1.25982,1.26009,1.00,1.00
2017.02.21 23:23:49.052,1.25982,1.26011,1.00,1.00
2017.02.21 23:23:49.512,1.25986,1.26014,1.00,1.00
2017.02.21 23:23:50.076,1.25986,1.26013,1.00,1.00
2017.02.21 23:23:50.607,1.25985,1.26012,1.00,1.00
2017.02.21 23:23:59.309,1.25985,1.26013,1.00,1.00
2017.02.21 23:24:00.311,1.25985,1.26014,1.00,1.00
2017.02.21 23:24:00.859,1.25986,1.26014,1.00,1.50
2017.02.21 23:24:01.238,1.25987,1.26018,1.00,1.00
2017.02.21 23:24:03.299,1.25986,1.26013,1.00,1.00
2017.02.21 23:24:03.801,1.25986,1.26014,1.50,1.00
2017.02.21 23:24:04.145,1.25988,1.26014,1.00,1.00
2017.02.21 23:24:04.847,1.25986,1.26014,1.00,1.00
2017.02.21 23:24:04.949,1.25984,1.26013,1.00,1.00
2017.02.21 23:24:05.202,1.25986,1.26013,1.00,1.00
2017.02.21 23:24:05.355,1.25982,1.26012,1.00,1.00
2017.02.21 23:24:05.557,1.25986,1.26012,1.00,1.00
2017.02.21 23:24:06.466,1.25986,1.26016,1.50,1.00
2017.02.21 23:24:07.456,1.25986,1.26017,1.50,1.00
2017.02.21 23:24:07.962,1.25986,1.26016,1.00,1.00
2017.02.21 23:24:08.203,1.25986,1.26014,1.00,1.00
2017.02.21 23:24:08.606,1.25986,1.26016,1.00,1.00
2017.02.21 23:24:08.657,1.25986,1.26018,1.00,1.00
2017.02.21 23:24:08.938,1.25991,1.26022,1.00,1.00
2017.02.21 23:24:09.868,1.25991,1.26023,1.50,1.00
2017.02.21 23:24:12.475,1.25991,1.26022,1.50,1.00
2017.02.21 23:24:12.978,1.25991,1.26023,1.00,1.00
2017.02.21 23:24:13.752,1.25989,1.26023,1.50,1.00
2017.02.21 23:24:23.138,1.25995,1.26026,1.00,1.00
2017.02.21 23:24:23.240,1.25996,1.26028,1.00,1.00
2017.02.21 23:24:23.651,1.25996,1.2603,1.00,1.00
2017.02.21 23:24:24.186,1.25996,1.26031,1.12,1.00
2017.02.21 23:24:25.266,1.25995,1.26028,2.25,1.00
2017.02.21 23:24:25.606,1.25994,1.26026,1.00,1.00
2017.02.21 23:24:26.028,1.25994,1.26024,1.00,1.00
2017.02.21 23:24:26.332,1.25996,1.26025,1.00,1.00
2017.02.21 23:24:26.709,1.25997,1.26028,1.00,1.00
2017.02.21 23:24:26.760,1.25996,1.26026,1.50,1.00
2017.02.21 23:24:27.307,1.25997,1.26027,1.00,1.00
2017.02.21 23:24:28.219,1.25998,1.26027,1.00,1.00
2017.02.21 23:24:29.369,1.25997,1.26029,1.00,2.25
2017.02.21 23:24:39.805,1.25996,1.26028,1.50,1.00
2017.02.21 23:24:42.100,1.25996,1.26029,1.00,2.25
2017.02.21 23:24:42.151,1.26001,1.26031,1.00,1.00
2017.02.21 23:24:42.254,1.26,1.26033,1.00,1.00
2017.02.21 23:24:42.893,1.26,1.26034,1.12,1.50
2017.02.21 23:24:42.944,1.25998,1.2603,1.00,1.00
2017.02.21 23:24:43.560,1.25997,1.2603,1.00,1.50
2017.02.21 23:24:44.261,1.25997,1.26028,1.00,1.00
2017.02.21 23:24:44.566,1.2599,1.26019,1.50,1.00
2017.02.21 23:24:44.617,1.2599,1.26021,1.87,1.00
2017.02.21 23:24:45.210,1.2599,1.26021,1.50,1.00
2017.02.21 23:24:45.586,1.25991,1.26025,1.00,1.50
2017.02.21 23:24:46.202,1.25991,1.26024,1.00,1.00
2017.02.21 23:24:46.796,1.25991,1.26023,1.00,1.00
2017.02.21 23:24:50.837,1.25992,1.26024,1.00,1.00
2017.02.21 23:24:59.418,1.25994,1.26025,1.00,1.00
2017.02.21 23:24:59.943,1.25995,1.26025,1.00,1.00
2017.02.21 23:25:00.289,1.25994,1.26027,1.00,1.00
2017.02.21 23:25:01.438,1.25995,1.26026,1.00,1.00
2017.02.21 23:25:04.294,1.25996,1.26026,1.00,1.00
2017.02.21 23:25:05.201,1.25994,1.26025,1.00,1.00
2017.02.21 23:25:05.252,1.25996,1.26026,1.00,1.00
2017.02.21 23:25:06.034,1.25994,1.26027,1.00,1.50
2017.02.21 23:25:06.189,1.25996,1.26027,1.00,1.00
2017.02.21 23:25:06.581,1.25998,1.26027,1.00,1.00
2017.02.21 23:25:10.453,1.25996,1.26028,1.00,1.00
2017.02.21 23:25:11.455,1.25998,1.26027,1.00,1.00
2017.02.21 23:25:12.732,1.25996,1.26027,1.00,1.00
2017.02.21 23:25:16.976,1.25994,1.26027,1.00,1.00
2017.02.21 23:25:25.740,1.25994,1.26025,1.00,1.00
2017.02.21 23:25:29.881,1.25994,1.26025,1.00,1.00
2017.02.21 23:25:30.483,1.25995,1.26026,1.00,1.00
2017.02.21 23:25:31.142,1.25995,1.26027,1.00,1.00
2017.02.21 23:25:31.685,1.25996,1.26027,1.00,1.00
2017.02.21 23:25:36.030,1.25995,1.26026,1.00,1.00
2017.02.21 23:25:45.285,1.25993,1.26027,1.00,1.00
2017.02.21 23:25:45.601,1.25995,1.26026,1.00,1.00
2017.02.21 23:25:46.258,1.25993,1.26024,1.00,1.00
2017.02.21 23:25:46.562,1.25996,1.26024,1.12,1.00
2017.02.21 23:25:46.746,1.25996,1.26026,1.00,1.00
2017.02.21 23:25:46.847,1.25994,1.26026,1.00,1.00
2017.02.21 23:25:47.356,1.25994,1.26024,1.00,1.00
2017.02.21 23:25:47.750,1.25994,1.26026,1.00,1.00
2017.02.21 23:25:52.849,1.25994,1.26024,1.00,1.00
2017.02.21 23:25:53.791,1.25994,1.26023,1.00,1.00
2017.02.21 23:25:54.410,1.25994,1.26026,1.00,1.50
2017.02.21 23:25:54.462,1.25996,1.26028,1.00,1.00
2017.02.21 23:25:54.803,1.25996,1.26026,1.00,1.00
2017.02.21 23:25:59.550,1.25996,1.26025,1.00,1.00
2017.02.21 23:26:02.664,1.25995,1.26024,1.00,1.00
2017.02.21 23:26:05.574,1.25996,1.26024,1.00,1.00
2017.02.21 23:26:05.910,1.25997,1.26026,1.00,1.00
2017.02.21 23:26:06.214,1.25991,1.26025,1.75,1.50
2017.02.21 23:26:06.316,1.25991,1.26022,2.25,1.00
2017.02.21 23:26:06.468,1.25991,1.26022,1.50,1.00
2017.02.21 23:26:07.106,1.25991,1.26021,1.00,1.00
2017.02.21 23:26:07.164,1.25991,1.26023,1.00,1.00
2017.02.21 23:26:07.216,1.25991,1.26021,1.00,1.00
2017.02.21 23:26:07.378,1.25989,1.26021,1.00,1.00
2017.02.21 23:26:10.626,1.25988,1.26019,1.87,1.00
2017.02.21 23:26:11.142,1.25989,1.26019,1.00,1.00
2017.02.21 23:26:11.648,1.2599,1.26019,1.00,1.50
2017.02.21 23:26:14.629,1.2599,1.26018,1.00,1.00
2017.02.21 23:26:15.620,1.25989,1.26018,1.00,1.00
2017.02.21 23:26:16.163,1.25989,1.26019,1.00,1.00
2017.02.21 23:26:17.095,1.25989,1.2602,1.00,1.00
2017.02.21 23:26:20.718,1.25989,1.26019,1.00,1.00
2017.02.21 23:26:21.387,1.25988,1.26018,1.50,1.00
2017.02.21 23:26:21.488,1.25986,1.26018,1.00,1.00
2017.02.21 23:26:21.998,1.25985,1.26017,1.12,1.00
2017.02.21 23:26:22.508,1.25986,1.26017,1.00,1.00
2017.02.21 23:26:26.113,1.25986,1.26018,1.00,1.00
2017.02.21 23:26:27.223,1.25985,1.26017,1.87,1.00
2017.02.21 23:26:27.325,1.25987,1.26017,1.00,1.00
2017.02.21 23:26:29.737,1.25986,1.26017,1.00,1.00
2017.02.21 23:26:30.300,1.25986,1.26018,2.25,1.00
2017.02.21 23:26:33.140,1.25986,1.26017,2.25,1.00
2017.02.21 23:26:33.192,1.25992,1.26022,1.00,1.00
2017.02.21 23:26:33.715,1.25992,1.26021,1.00,1.00
2017.02.21 23:26:34.263,1.25992,1.26022,1.00,1.00
2017.02.21 23:26:44.642,1.25992,1.2602,1.00,1.00
2017.02.21 23:26:45.263,1.25992,1.26019,1.00,1.00
2017.02.21 23:26:45.315,1.25992,1.26021,1.00,1.00
2017.02.21 23:26:45.366,1.25992,1.26019,1.00,1.00
2017.02.21 23:26:47.451,1.25992,1.26022,1.50,1.50
2017.02.21 23:26:48.416,1.25993,1.26022,1.00,1.00
2017.02.21 23:26:52.498,1.25992,1.26021,1.50,1.00
2017.02.21 23:26:53.003,1.2599,1.2602,1.50,1.00
2017.02.21 23:26:53.600,1.2599,1.26019,1.50,1.00
2017.02.21 23:26:59.670,1.2599,1.2602,1.50,1.00
2017.02.21 23:27:00.333,1.2599,1.26019,1.50,1.00
2017.02.21 23:27:06.254,1.26,1.26025,1.00,1.00
2017.02.21 23:27:06.305,1.26002,1.26029,1.00,1.50
2017.02.21 23:27:06.457,1.26002,1.2603,2.25,1.50
2017.02.21 23:27:06.722,1.26005,1.26032,1.12,1.00
2017.02.21 23:27:07.369,1.26002,1.26031,2.25,1.00
2017.02.21 23:27:07.646,1.26003,1.26029,1.50,1.00
2017.02.21 23:27:07.848,1.25999,1.26028,1.12,1.00
2017.02.21 23:27:07.899,1.25998,1.26025,1.50,1.00
2017.02.21 23:27:21.561,1.26,1.26025,1.00,1.00
2017.02.21 23:27:21.612,1.26,1.26028,1.00,1.00
2017.02.21 23:27:22.117,1.25999,1.26026,1.12,1.00
2017.02.21 23:27:29.308,1.25999,1.26028,1.50,1.00
2017.02.21 23:27:29.410,1.26002,1.26029,1.00,1.50
2017.02.21 23:27:36.877,1.26,1.2603,1.00,1.50
2017.02.21 23:27:36.928,1.25999,1.26024,1.00,1.50
2017.02.21 23:27:37.224,1.25985,1.26014,1.00,1.00
2017.02.21 23:27:42.765,1.25985,1.26015,1.00,1.00
2017.02.21 23:27:43.266,1.25985,1.26014,1.00,1.00
2017.02.21 23:27:45.060,1.25985,1.26015,1.00,1.00
2017.02.21 23:27:45.111,1.25985,1.26017,1.00,1.00
2017.02.21 23:27:45.758,1.25986,1.26018,1.00,1.00
2017.02.21 23:27:45.911,1.25986,1.26021,1.00,1.00
2017.02.21 23:27:45.962,1.25986,1.26018,1.50,1.00
2017.02.21 23:27:46.266,1.2599,1.26019,1.12,1.00
2017.02.21 23:27:46.950,1.2599,1.26021,1.12,1.00
2017.02.21 23:27:47.223,1.25997,1.26025,1.00,2.25
2017.02.21 23:27:47.274,1.25996,1.26028,1.00,1.00
2017.02.21 23:27:47.326,1.25995,1.26026,1.00,1.00
2017.02.21 23:27:48.327,1.25995,1.26027,1.00,1.00
2017.02.21 23:27:48.651,1.25995,1.26025,1.00,1.00
2017.02.21 23:27:49.758,1.25992,1.26025,1.75,1.00
2017.02.21 23:27:50.707,1.25993,1.26023,1.50,1.00
2017.02.21 23:27:51.484,1.25992,1.26025,2.25,1.00
2017.02.21 23:27:52.899,1.25992,1.26022,1.75,1.00
2017.02.21 23:27:53.103,1.25983,1.26014,1.00,1.00
2017.02.21 23:27:53.273,1.25982,1.26009,1.00,1.00
2017.02.21 23:27:53.427,1.25982,1.26013,1.00,1.00
2017.02.21 23:27:53.915,1.25983,1.26015,1.00,1.00
2017.02.21 23:27:54.461,1.25984,1.26015,1.00,1.00
2017.02.21 23:27:59.698,1.25983,1.26014,1.50,1.00
2017.02.21 23:28:01.911,1.25983,1.26016,1.00,1.00
2017.02.21 23:28:06.233,1.25994,1.2602,1.00,1.00
2017.02.21 23:28:06.335,1.25991,1.2602,1.00,1.00
2017.02.21 23:28:06.629,1.25991,1.26022,1.00,1.00
2017.02.21 23:28:07.219,1.25993,1.26023,1.00,1.00
2017.02.21 23:28:07.763,1.25992,1.26023,1.00,1.00
2017.02.21 23:28:08.289,1.25991,1.26022,1.00,1.00
2017.02.21 23:28:08.765,1.25993,1.26019,1.00,1.00
2017.02.21 23:28:08.816,1.25993,1.26021,1.00,1.00
2017.02.21 23:28:09.241,1.25991,1.2602,1.00,1.50
2017.02.21 23:28:10.219,1.25991,1.26019,1.00,1.00
2017.02.21 23:28:10.930,1.25989,1.26019,1.00,1.00
2017.02.21 23:28:11.956,1.25988,1.26019,1.12,1.00
2017.02.21 23:28:17.613,1.25985,1.26017,1.75,1.00
2017.02.21 23:28:20.987,1.25985,1.26016,2.25,1.00
2017.02.21 23:28:25.155,1.25985,1.26014,2.25,1.00
2017.02.21 23:28:26.946,1.25983,1.26015,1.00,1.50
2017.02.21 23:28:30.324,1.25982,1.26016,1.87,1.00
2017.02.21 23:28:30.831,1.25983,1.26017,1.00,1.00
2017.02.21 23:28:31.332,1.25984,1.26016,1.00,1.00
2017.02.21 23:28:31.871,1.25985,1.26016,1.00,1.00
2017.02.21 23:28:32.988,1.25985,1.26017,1.00,1.00
2017.02.21 23:28:34.716,1.25983,1.26017,1.00,1.00
2017.02.21 23:28:35.007,1.25985,1.26016,1.00,1.00
2017.02.21 23:28:35.540,1.25984,1.26016,1.00,1.00
2017.02.21 23:28:38.565,1.25983,1.26016,1.00,1.00
2017.02.21 23:28:40.384,1.25984,1.26014,1.00,1.00
2017.02.21 23:28:42.613,1.25987,1.26016,1.00,1.00
2017.02.21 23:28:43.114,1.25985,1.26016,1.50,1.00
2017.02.21 23:28:43.766,1.25986,1.26016,1.00,1.00
2017.02.21 23:28:43.977,1.25989,1.26017,1.00,1.00
2017.02.21 23:28:44.028,1.25989,1.26019,1.00,1.00
2017.02.21 23:28:44.536,1.2599,1.26019,1.00,1.00
2017.02.21 23:28:47.453,1.25989,1.26021,1.00,1.00
2017.02.21 23:28:48.448,1.2599,1.26019,1.00,1.00
2017.02.21 23:28:49.310,1.2599,1.26023,1.00,1.00
2017.02.21 23:28:49.760,1.25991,1.26021,1.00,1.00
2017.02.21 23:28:51.662,1.25992,1.26024,1.00,1.00
2017.02.21 23:28:51.764,1.25994,1.26024,1.00,1.00
2017.02.21 23:28:51.815,1.25994,1.26027,1.50,1.00
2017.02.21 23:28:52.446,1.25994,1.26026,1.00,1.00
2017.02.21 23:28:53.435,1.25994,1.26024,1.00,1.00
2017.02.21 23:29:01.422,1.25994,1.26024,1.00,1.00
2017.02.21 23:29:04.776,1.25994,1.26022,1.00,1.00
2017.02.21 23:29:04.971,1.25991,1.26022,1.50,1.00
2017.02.21 23:29:07.199,1.26,1.26026,1.00,1.50
2017.02.21 23:29:07.351,1.26003,1.26029,1.00,1.00
2017.02.21 23:29:07.452,1.26003,1.26031,1.00,1.00
2017.02.21 23:29:08.217,1.26001,1.26026,1.12,1.00
2017.02.21 23:29:08.470,1.25996,1.26023,1.50,1.00
2017.02.21 23:29:08.521,1.25992,1.26021,1.87,1.00
2017.02.21 23:29:08.673,1.25989,1.2602,1.12,1.00
2017.02.21 23:29:08.804,1.25988,1.26017,2.25,1.00
2017.02.21 23:29:09.389,1.25986,1.26018,1.50,1.00
2017.02.21 23:29:11.542,1.25986,1.26017,1.00,1.00
2017.02.21 23:29:12.133,1.25986,1.26018,1.12,1.00
2017.02.21 23:29:12.446,1.25994,1.26021,1.00,1.00
2017.02.21 23:29:12.700,1.25995,1.26023,1.00,1.00
2017.02.21 23:29:12.752,1.25995,1.26027,1.50,1.00
2017.02.21 23:29:12.956,1.26,1.26029,1.00,1.00
2017.02.21 23:29:13.453,1.26,1.26027,1.00,1.00
2017.02.21 23:29:13.981,1.26,1.26028,1.00,1.00
2017.02.21 23:29:14.607,1.26,1.26029,1.00,1.00
2017.02.21 23:29:18.025,1.26,1.26027,1.00,1.00
2017.02.21 23:29:19.507,1.25997,1.26027,1.12,1.00
2017.02.21 23:29:27.225,1.26003,1.26029,1.00,1.00
2017.02.21 23:29:27.530,1.26008,1.26034,1.00,1.00
2017.02.21 23:29:28.242,1.2601,1.26036,1.00,1.00
2017.02.21 23:29:28.552,1.26004,1.26036,2.25,1.00
2017.02.21 23:29:28.792,1.26003,1.26035,1.00,1.00
2017.02.21 23:29:28.881,1.26002,1.26033,1.50,1.00
2017.02.21 23:29:29.567,1.26002,1.26032,1.50,1.00
2017.02.21 23:29:30.213,1.26002,1.26031,1.50,1.00
2017.02.21 23:29:36.680,1.26,1.26028,2.25,1.00
2017.02.21 23:29:36.781,1.25997,1.26028,2.25,1.00
2017.02.21 23:29:37.252,1.25997,1.26028,1.12,1.00
2017.02.21 23:29:37.303,1.25999,1.2603,1.00,1.12
2017.02.21 23:29:37.612,1.25993,1.26019,1.00,1.00
2017.02.21 23:29:38.417,1.25991,1.2602,1.87,1.00
2017.02.21 23:29:39.129,1.25991,1.26019,1.12,1.00
2017.02.21 23:29:41.304,1.2599,1.26018,1.50,1.00
2017.02.21 23:29:41.821,1.25991,1.26018,1.00,1.00
2017.02.21 23:29:44.431,1.25993,1.26022,1.00,1.37
2017.02.21 23:29:44.482,1.25997,1.26025,1.00,1.12
2017.02.21 23:29:44.996,1.25992,1.26024,1.87,1.00
2017.02.21 23:29:45.501,1.25992,1.26026,1.12,1.37
2017.02.21 23:29:47.229,1.26,1.26029,1.00,1.12
2017.02.21 23:29:47.330,1.26,1.26034,1.00,1.00
2017.02.21 23:29:47.432,1.26001,1.26034,1.50,1.50
2017.02.21 23:29:48.804,1.26,1.2603,1.75,1.00
2017.02.21 23:29:49.008,1.25999,1.26029,1.00,1.00
2017.02.21 23:29:50.250,1.25999,1.26034,1.00,1.87
2017.02.21 23:29:51.638,1.25999,1.2603,1.00,1.00
2017.02.21 23:30:00.215,1.25999,1.26025,1.00,1.00
2017.02.21 23:30:03.407,1.26,1.2603,1.00,1.12
2017.02.21 23:30:06.684,1.26001,1.26029,1.00,1.00
2017.02.21 23:30:14.318,1.26,1.2603,1.00,1.50
2017.02.21 23:30:16.064,1.26,1.26029,1.50,1.00
2017.02.21 23:30:20.524,1.26001,1.26029,1.00,1.50
2017.02.21 23:30:27.251,1.26009,1.26029,1.00,1.00
2017.02.21 23:30:27.303,1.26006,1.26029,1.00,1.00
2017.02.21 23:30:27.404,1.26006,1.26032,1.00,1.00
2017.02.21 23:30:27.556,1.26004,1.2603,1.00,1.00
2017.02.21 23:30:28.184,1.26002,1.2603,1.00,1.00
2017.02.21 23:30:28.343,1.26015,1.26037,1.00,1.12
2017.02.21 23:30:28.394,1.26015,1.26043,1.00,1.00
2017.02.21 23:30:28.611,1.26017,1.26043,1.00,1.00
2017.02.21 23:30:28.993,1.26015,1.26043,1.00,1.00
2017.02.21 23:30:29.095,1.26011,1.26037,1.50,1.00
2017.02.21 23:30:29.196,1.26006,1.26034,2.25,1.00
2017.02.21 23:30:29.686,1.26005,1.26035,1.12,1.50
2017.02.21 23:30:30.249,1.26005,1.26034,1.00,1.00
2017.02.21 23:30:31.123,1.26006,1.26034,1.00,1.50
2017.02.21 23:30:45.222,1.26006,1.26033,1.00,1.00
2017.02.21 23:30:45.686,1.26005,1.26031,1.00,1.00
2017.02.21 23:30:46.924,1.26005,1.26032,1.00,1.00
2017.02.21 23:30:48.025,1.26002,1.26032,1.12,1.00
2017.02.21 23:30:49.394,1.26002,1.26033,1.12,1.00
2017.02.21 23:30:59.707,1.26004,1.26032,1.00,1.00
2017.02.21 23:30:59.818,1.26002,1.26032,1.12,1.00
2017.02.21 23:31:01.353,1.26002,1.26031,1.00,1.00
2017.02.21 23:31:01.461,1.26002,1.26029,1.00,1.00
2017.02.21 23:31:01.964,1.26001,1.26029,1.50,1.00
2017.02.21 23:31:05.819,1.26002,1.26029,1.00,1.00
2017.02.21 23:31:06.710,1.26001,1.26029,1.00,1.00
2017.02.21 23:31:08.420,1.26,1.2603,1.50,1.00
2017.02.21 23:31:08.724,1.26005,1.26033,1.00,1.00
2017.02.21 23:31:09.060,1.26005,1.26031,1.00,1.00
2017.02.21 23:31:09.612,1.26005,1.26032,1.00,1.00
2017.02.21 23:31:11.028,1.26001,1.26032,1.50,1.00
2017.02.21 23:31:11.180,1.26001,1.2603,1.50,1.00
2017.02.21 23:31:12.001,1.26001,1.26031,1.00,1.00
2017.02.21 23:31:20.149,1.26002,1.26032,1.00,1.00
2017.02.21 23:31:25.845,1.26003,1.26032,1.00,1.00
2017.02.21 23:31:31.161,1.26004,1.26036,1.00,1.00
2017.02.21 23:31:31.389,1.26006,1.26034,1.50,1.00
2017.02.21 23:31:35.833,1.26007,1.26034,1.00,1.00
2017.02.21 23:31:36.721,1.26011,1.26036,1.00,1.00
2017.02.21 23:31:37.245,1.26011,1.26037,1.00,1.00
2017.02.21 23:31:37.397,1.26007,1.26034,1.00,1.00
2017.02.21 23:31:39.408,1.26007,1.26035,1.00,1.00
2017.02.21 23:31:41.920,1.26011,1.26037,1.00,1.00
2017.02.21 23:31:45.320,1.26011,1.26036,1.00,1.00
2017.02.21 23:31:47.864,1.26009,1.26034,1.00,1.00
2017.02.21 23:31:48.216,1.26012,1.26034,1.00,1.00
2017.02.21 23:31:48.428,1.26013,1.26039,1.00,1.00
2017.02.21 23:31:48.821,1.26013,1.26043,1.00,1.00
2017.02.21 23:31:48.923,1.26015,1.26044,1.00,1.00
2017.02.21 23:31:49.424,1.26015,1.26039,1.00,1.00
2017.02.21 23:31:50.054,1.26016,1.26039,1.00,1.00
2017.02.21 23:31:55.925,1.26016,1.26044,1.00,1.00
2017.02.21 23:31:57.196,1.26015,1.26043,1.12,1.00
2017.02.21 23:31:57.354,1.26015,1.26041,1.12,1.00
2017.02.21 23:31:57.695,1.26014,1.26039,1.00,1.00
2017.02.21 23:31:58.309,1.26013,1.26039,1.00,1.00
2017.02.21 23:31:58.565,1.26012,1.26041,1.00,1.00
2017.02.21 23:31:59.174,1.26012,1.2604,1.00,1.50
2017.02.21 23:31:59.685,1.26012,1.26039,1.00,1.00
2017.02.21 23:32:01.294,1.26012,1.2604,1.00,1.00
2017.02.21 23:32:05.236,1.26012,1.26039,1.00,1.00
2017.02.21 23:32:08.169,1.26016,1.26039,1.00,1.00
2017.02.21 23:32:08.322,1.26017,1.26044,1.00,1.50
2017.02.21 23:32:08.816,1.26017,1.26039,1.00,1.00
2017.02.21 23:32:09.339,1.26016,1.26039,1.00,1.00
2017.02.21 23:32:09.864,1.26016,1.26042,1.00,1.00
2017.02.21 23:32:10.479,1.26014,1.26044,1.50,1.00
2017.02.21 23:32:12.643,1.26017,1.26045,1.00,1.00
2017.02.21 23:32:13.455,1.26017,1.26046,1.00,1.00
2017.02.21 23:32:13.996,1.26018,1.26045,1.00,1.00
2017.02.21 23:32:15.307,1.26017,1.26045,1.00,1.00
2017.02.21 23:32:17.188,1.26022,1.26048,1.00,1.00
2017.02.21 23:32:17.703,1.26021,1.26049,1.00,1.00
2017.02.21 23:32:23.954,1.26025,1.2605,1.00,1.00
2017.02.21 23:32:24.089,1.26021,1.26049,1.00,1.00
2017.02.21 23:32:27.173,1.2602,1.26049,1.00,1.00
2017.02.21 23:32:28.151,1.2602,1.2605,1.00,1.00
2017.02.21 23:32:28.202,1.26031,1.26058,1.00,1.37
2017.02.21 23:32:28.253,1.26031,1.26059,1.00,1.87
2017.02.21 23:32:28.457,1.26035,1.26058,1.00,1.00
2017.02.21 23:32:28.866,1.26035,1.26059,1.50,1.00
2017.02.21 23:32:29.254,1.26031,1.26056,1.50,1.00
2017.02.21 23:32:29.357,1.26027,1.26054,1.75,1.50
2017.02.21 23:32:29.556,1.26026,1.26054,1.12,1.00
2017.02.21 23:32:30.080,1.26025,1.26055,1.37,1.00
2017.02.21 23:32:30.264,1.26021,1.26049,1.75,1.00
2017.02.21 23:32:30.571,1.26013,1.26039,1.75,1.00
2017.02.21 23:32:30.847,1.26013,1.26046,1.75,1.00
2017.02.21 23:32:32.846,1.26012,1.26045,1.75,1.00
2017.02.21 23:32:33.381,1.26012,1.26044,2.25,1.00
2017.02.21 23:32:41.920,1.26015,1.26045,1.12,1.00
2017.02.21 23:32:43.553,1.26021,1.26047,1.00,1.00
2017.02.21 23:32:43.604,1.26021,1.26049,1.00,1.00
2017.02.21 23:32:43.727,1.26021,1.26049,1.37,1.00
2017.02.21 23:32:44.134,1.26026,1.26051,1.00,1.00
2017.02.21 23:32:44.235,1.26026,1.26054,1.00,1.50
2017.02.21 23:32:44.740,1.26026,1.26053,1.00,1.00
2017.02.21 23:32:45.640,1.2603,1.26055,1.00,1.00
2017.02.21 23:32:45.691,1.26031,1.2606,1.00,1.00
2017.02.21 23:32:45.793,1.26031,1.26056,1.37,1.00
2017.02.21 23:32:46.046,1.26026,1.26054,1.00,1.50
2017.02.21 23:32:46.302,1.26024,1.2605,1.00,1.00
2017.02.21 23:32:46.816,1.26026,1.26052,1.00,1.00
2017.02.21 23:32:47.384,1.26026,1.26053,1.00,1.00
2017.02.21 23:32:47.756,1.26025,1.26055,1.00,1.00
2017.02.21 23:32:48.267,1.26026,1.26054,1.00,1.00
2017.02.21 23:32:49.642,1.26031,1.26055,1.00,1.00
2017.02.21 23:32:49.696,1.26031,1.2606,1.37,1.00
2017.02.21 23:32:51.660,1.26039,1.26064,1.00,1.00
2017.02.21 23:32:51.807,1.26033,1.2606,1.12,1.00
2017.02.21 23:32:51.959,1.2603,1.26055,1.75,1.00
2017.02.21 23:32:52.010,1.26026,1.26055,1.37,1.00
2017.02.21 23:32:52.062,1.26026,1.26049,1.00,1.00
2017.02.21 23:32:52.394,1.26021,1.26049,1.50,1.00
2017.02.21 23:32:52.596,1.26018,1.2605,1.00,1.00
2017.02.21 23:32:53.114,1.26018,1.26051,1.00,1.00
2017.02.21 23:32:53.399,1.26018,1.26049,1.00,1.00
2017.02.21 23:32:53.703,1.2602,1.2605,1.87,1.00
2017.02.21 23:32:54.006,1.26023,1.2605,1.00,1.00
2017.02.21 23:32:54.108,1.26026,1.26054,1.00,1.00
2017.02.21 23:32:54.927,1.26028,1.26054,1.00,1.00
2017.02.21 23:32:55.234,1.26025,1.26055,1.87,1.00
2017.02.21 23:32:55.426,1.26025,1.26053,1.00,1.00
2017.02.21 23:32:55.733,1.26022,1.2605,1.00,1.00
2017.02.21 23:32:56.508,1.26022,1.26049,1.00,1.00
2017.02.21 23:32:56.609,1.26026,1.26054,1.50,1.00
2017.02.21 23:32:57.128,1.26027,1.26054,1.00,1.00
2017.02.21 23:32:57.585,1.26029,1.26054,1.00,1.00
2017.02.21 23:32:58.223,1.26035,1.26054,1.00,1.00
2017.02.21 23:32:58.375,1.26032,1.26054,1.00,1.00
2017.02.21 23:32:59.161,1.26026,1.26054,1.75,1.00
2017.02.21 23:32:59.314,1.26025,1.26055,1.00,1.50
2017.02.21 23:32:59.822,1.26025,1.26054,1.00,1.00
2017.02.21 23:33:00.354,1.26026,1.26054,1.00,1.00
2017.02.21 23:33:02.240,1.26025,1.26055,1.50,1.50
2017.02.21 23:33:02.836,1.26025,1.26049,1.00,1.00
2017.02.21 23:33:03.445,1.26026,1.26049,1.00,1.00
2017.02.21 23:33:03.725,1.26026,1.26053,1.50,1.00
2017.02.21 23:33:07.658,1.26026,1.2605,1.00,1.00
2017.02.21 23:33:08.159,1.26025,1.2605,1.00,1.00
2017.02.21 23:33:08.717,1.26026,1.2605,1.00,1.00
2017.02.21 23:33:10.402,1.26026,1.26054,1.50,1.00
2017.02.21 23:33:10.456,1.26029,1.26054,1.00,1.00
2017.02.21 23:33:10.820,1.26032,1.26054,1.00,1.00
2017.02.21 23:33:11.103,1.2603,1.26055,1.00,1.00
2017.02.21 23:33:11.607,1.2603,1.26054,1.00,1.00
2017.02.21 23:33:16.394,1.26031,1.2606,1.00,1.00
2017.02.21 23:33:17.354,1.26031,1.26059,1.00,1.00
2017.02.21 23:33:17.465,1.26031,1.26054,1.00,1.00
2017.02.21 23:33:18.081,1.2603,1.26054,1.00,1.00
2017.02.21 23:33:22.138,1.26028,1.26054,1.00,1.50
2017.02.21 23:33:24.767,1.26026,1.26053,1.00,1.00
2017.02.21 23:33:27.040,1.26026,1.26054,1.50,1.50
2017.02.21 23:33:30.483,1.26026,1.26055,1.00,1.50
2017.02.21 23:33:30.559,1.26025,1.26053,1.50,1.00
2017.02.21 23:33:33.174,1.26025,1.26049,1.00,1.00
2017.02.21 23:33:34.879,1.26025,1.2605,1.00,1.00
2017.02.21 23:33:35.232,1.26029,1.26054,1.00,1.00
2017.02.21 23:33:36.995,1.26026,1.26054,1.50,1.00
2017.02.21 23:33:42.189,1.26027,1.26054,1.00,1.00
2017.02.21 23:33:42.729,1.26026,1.26053,1.50,1.00
2017.02.21 23:33:44.060,1.26025,1.26053,1.00,1.00
2017.02.21 23:33:44.111,1.26025,1.2605,1.00,1.00
2017.02.21 23:33:45.121,1.26024,1.2605,1.00,1.50
2017.02.21 23:33:45.829,1.26025,1.2605,1.00,1.00
2017.02.21 23:33:46.031,1.26026,1.26053,1.00,1.00
2017.02.21 23:33:46.196,1.26025,1.26049,1.12,1.00
2017.02.21 23:33:46.737,1.26024,1.26049,1.12,1.00
2017.02.21 23:33:52.568,1.26025,1.2605,1.00,1.00
2017.02.21 23:33:59.135,1.26026,1.2605,1.00,1.00
2017.02.21 23:34:00.695,1.26025,1.2605,1.00,1.00
2017.02.21 23:34:03.419,1.26026,1.2605,1.00,1.00
2017.02.21 23:34:04.807,1.26024,1.26049,1.12,1.00
2017.02.21 23:34:06.730,1.26026,1.2605,1.00,1.00
2017.02.21 23:34:16.543,1.26026,1.26052,1.00,1.00
2017.02.21 23:34:18.647,1.26023,1.26049,1.12,1.00
2017.02.21 23:34:19.448,1.26023,1.2605,1.12,1.00
2017.02.21 23:34:30.358,1.26023,1.26049,1.12,1.00
2017.02.21 23:34:30.616,1.26025,1.26053,1.00,1.00
2017.02.21 23:34:30.867,1.26023,1.2605,1.12,1.00
2017.02.21 23:34:31.572,1.26025,1.2605,1.00,1.00
2017.02.21 23:34:32.617,1.26024,1.2605,1.00,1.00
2017.02.21 23:34:32.865,1.2602,1.2605,1.00,1.50
2017.02.21 23:34:32.916,1.26015,1.26045,2.25,1.00
2017.02.21 23:34:33.220,1.26011,1.26039,1.87,1.00
2017.02.21 23:34:33.577,1.26016,1.26044,1.00,1.50
2017.02.21 23:34:34.083,1.26017,1.26044,1.00,1.00
2017.02.21 23:34:35.037,1.26019,1.26044,1.00,1.00
2017.02.21 23:34:39.799,1.26018,1.26044,1.00,1.00
2017.02.21 23:34:40.395,1.26018,1.26045,1.00,1.00
2017.02.21 23:34:41.607,1.26016,1.26045,1.12,1.00
2017.02.21 23:34:44.965,1.26015,1.26044,1.50,1.00
2017.02.21 23:34:45.565,1.26015,1.26043,1.00,1.00
2017.02.21 23:34:45.684,1.26015,1.26045,1.00,1.50
2017.02.21 23:34:46.820,1.26013,1.26039,1.00,1.00
2017.02.21 23:34:47.264,1.26015,1.26045,1.00,1.00
2017.02.21 23:34:47.417,1.26012,1.2604,1.00,1.00
2017.02.21 23:34:47.980,1.26011,1.2604,1.12,1.00
2017.02.21 23:34:48.523,1.26012,1.2604,1.00,1.00
2017.02.21 23:34:51.154,1.26013,1.2604,1.00,1.00
2017.02.21 23:35:00.891,1.26011,1.2604,1.12,1.00
2017.02.21 23:35:01.468,1.26011,1.2604,1.37,1.00
2017.02.21 23:35:02.005,1.26011,1.26039,1.12,1.00
2017.02.21 23:35:02.107,1.26013,1.26039,1.37,1.00
2017.02.21 23:35:02.454,1.26012,1.26039,1.12,1.00
2017.02.21 23:35:03.114,1.26014,1.26039,1.37,1.00
2017.02.21 23:35:03.217,1.26015,1.26039,1.12,1.00
2017.02.21 23:35:03.825,1.26015,1.26039,1.37,1.00
2017.02.21 23:35:04.494,1.26014,1.2604,1.37,1.00
2017.02.21 23:35:06.716,1.26014,1.26039,1.37,1.00
2017.02.21 23:35:08.060,1.26014,1.26039,1.12,1.00
2017.02.21 23:35:10.129,1.26014,1.26039,1.37,1.00
2017.02.21 23:35:10.580,1.26014,1.2604,1.37,1.00
2017.02.21 23:35:12.740,1.26016,1.26044,1.50,1.50
2017.02.21 23:35:14.957,1.26018,1.26044,1.00,1.00
2017.02.21 23:35:16.864,1.26019,1.26044,1.00,1.00
2017.02.21 23:35:19.676,1.26017,1.26044,1.00,1.00
2017.02.21 23:35:20.261,1.26018,1.26044,1.00,1.00
2017.02.21 23:35:21.563,1.26019,1.26044,1.00,1.00
2017.02.21 23:35:21.614,1.26017,1.26044,1.00,1.00
2017.02.21 23:35:23.528,1.26019,1.26044,1.00,1.00
2017.02.21 23:35:24.061,1.2602,1.26044,1.00,1.00
2017.02.21 23:35:24.527,1.26021,1.26048,1.00,1.00
2017.02.21 23:35:32.167,1.2602,1.26045,1.00,1.00
2017.02.21 23:35:32.678,1.26019,1.26045,1.00,1.00
2017.02.21 23:35:34.951,1.26019,1.2604,1.00,1.00
2017.02.21 23:35:35.423,1.26019,1.26044,1.00,1.00
2017.02.21 23:35:37.108,1.26019,1.26039,1.00,1.00
2017.02.21 23:35:41.917,1.26019,1.26044,1.00,1.00
2017.02.21 23:35:41.968,1.26019,1.26039,1.00,1.00
2017.02.21 23:35:42.120,1.26019,1.26045,1.00,1.00
2017.02.21 23:35:42.757,1.26017,1.26045,1.00,1.00
2017.02.21 23:35:45.834,1.2602,1.26045,1.00,1.00
2017.02.21 23:35:45.885,1.26018,1.26045,1.00,1.00
2017.02.21 23:35:45.987,1.2602,1.26044,1.00,1.00
2017.02.21 23:35:46.320,1.26016,1.26045,1.00,1.00
2017.02.21 23:35:46.694,1.26019,1.26045,1.00,1.00
2017.02.21 23:35:47.261,1.26019,1.26044,1.00,1.00
2017.02.21 23:35:59.144,1.26019,1.26045,1.00,1.00
2017.02.21 23:36:00.848,1.26017,1.26045,1.00,1.00
2017.02.21 23:36:01.394,1.26017,1.26044,1.00,1.00
2017.02.21 23:36:03.884,1.26017,1.2604,1.00,1.00
2017.02.21 23:36:04.222,1.26017,1.26044,1.00,1.00
2017.02.21 23:36:04.767,1.26017,1.26039,1.00,1.00
2017.02.21 23:36:04.959,1.26017,1.26045,1.00,1.00
2017.02.21 23:36:07.406,1.26018,1.26045,1.00,1.00
2017.02.21 23:36:07.557,1.26018,1.2604,1.00,1.00
2017.02.21 23:36:07.926,1.26018,1.26044,1.00,1.00
2017.02.21 23:36:08.627,1.26019,1.26044,1.00,1.00
2017.02.21 23:36:09.318,1.26019,1.26045,1.00,1.00
2017.02.21 23:36:10.920,1.26019,1.26044,1.00,1.00
2017.02.21 23:36:11.828,1.26019,1.26045,1.00,1.00
2017.02.21 23:36:11.879,1.26023,1.26045,1.00,1.00
2017.02.21 23:36:12.133,1.26021,1.26045,1.00,1.00
2017.02.21 23:36:12.184,1.26021,1.26049,1.50,1.00
2017.02.21 23:36:12.827,1.2602,1.26049,1.00,1.00
2017.02.21 23:36:13.393,1.26021,1.26049,1.00,1.50
2017.02.21 23:36:14.084,1.2602,1.26049,1.00,1.00
2017.02.21 23:36:15.799,1.2602,1.26048,1.00,1.00
2017.02.21 23:36:16.646,1.2602,1.26049,1.00,1.00
2017.02.21 23:36:17.115,1.2602,1.26047,1.00,1.00
2017.02.21 23:36:18.110,1.2602,1.26048,1.00,1.00
2017.02.21 23:36:20.949,1.26017,1.26044,1.00,1.00
2017.02.21 23:36:21.115,1.2602,1.26048,1.00,1.00
2017.02.21 23:36:21.742,1.2602,1.26046,1.00,1.00
2017.02.21 23:36:21.920,1.26017,1.26045,1.00,1.00
2017.02.21 23:36:22.245,1.26015,1.26044,1.50,1.00
2017.02.21 23:36:25.815,1.26021,1.26044,1.00,1.00
2017.02.21 23:36:30.810,1.26021,1.26046,1.00,1.00
2017.02.21 23:36:32.012,1.26021,1.26048,1.00,1.00
2017.02.21 23:36:32.515,1.26025,1.26047,1.00,1.00
2017.02.21 23:36:32.750,1.26021,1.26047,1.00,1.00
2017.02.21 23:36:33.820,1.26021,1.26046,1.00,1.00
2017.02.21 23:36:33.916,1.26021,1.26048,1.00,1.00
2017.02.21 23:36:34.439,1.26021,1.26047,1.00,1.00
2017.02.21 23:36:34.743,1.26016,1.26045,1.00,1.00
2017.02.21 23:36:34.920,1.26016,1.2604,1.00,1.00
2017.02.21 23:36:35.498,1.26016,1.26044,1.50,1.00
2017.02.21 23:36:35.713,1.26016,1.2604,1.00,1.00
2017.02.21 23:36:35.815,1.26012,1.26039,1.00,1.00
2017.02.21 23:36:35.916,1.26011,1.26032,1.00,1.00
2017.02.21 23:36:36.018,1.26006,1.2603,1.00,1.00
2017.02.21 23:36:43.042,1.26006,1.26031,1.00,1.00
2017.02.21 23:36:43.093,1.26006,1.26033,1.00,1.00
2017.02.21 23:36:45.930,1.26006,1.26031,1.00,1.00
2017.02.21 23:36:46.600,1.26006,1.26032,1.00,1.00
2017.02.21 23:36:47.188,1.26006,1.26034,1.50,1.00
2017.02.21 23:36:47.698,1.26011,1.26034,1.00,1.00
2017.02.21 23:36:47.850,1.2601,1.26036,1.00,1.00
2017.02.21 23:36:47.901,1.26006,1.26034,1.50,1.00
2017.02.21 23:36:47.952,1.26006,1.26032,1.12,1.00
2017.02.21 23:36:48.458,1.26006,1.26031,1.00,1.00
2017.02.21 23:36:51.192,1.26006,1.26028,1.00,1.00
2017.02.21 23:36:51.293,1.26001,1.26025,1.00,1.00
2017.02.21 23:36:51.623,1.26003,1.2603,1.00,1.50
2017.02.21 23:36:51.724,1.26006,1.26032,1.00,1.12
2017.02.21 23:36:52.680,1.26005,1.26035,1.50,1.00
2017.02.21 23:36:53.212,1.26006,1.26035,1.00,1.00
2017.02.21 23:36:57.661,1.26006,1.26034,1.50,1.00
2017.02.21 23:36:59.242,1.26011,1.26039,1.00,1.00
2017.02.21 23:36:59.749,1.2601,1.2604,1.00,1.00
2017.02.21 23:37:00.289,1.26011,1.2604,1.00,1.00
2017.02.21 23:37:01.360,1.26014,1.2604,1.00,1.00
2017.02.21 23:37:01.849,1.26016,1.26041,1.00,1.00
2017.02.21 23:37:02.392,1.26015,1.26041,1.00,1.00
2017.02.21 23:37:13.990,1.26016,1.26041,1.00,1.00
2017.02.21 23:37:14.702,1.26016,1.26039,1.00,1.00
2017.02.21 23:37:15.092,1.26011,1.26039,1.00,1.00
2017.02.21 23:37:16.544,1.26012,1.26039,1.00,1.00
2017.02.21 23:37:16.746,1.26014,1.2604,1.00,1.00
2017.02.21 23:37:17.711,1.26012,1.2604,1.00,1.00
2017.02.21 23:37:18.634,1.26015,1.26042,1.00,1.00
2017.02.21 23:37:18.686,1.26012,1.2604,1.00,1.00
2017.02.21 23:37:22.125,1.2601,1.26038,1.00,1.00
2017.02.21 23:37:22.177,1.2601,1.2604,1.00,1.50
2017.02.21 23:37:22.430,1.26006,1.26034,2.25,1.00
2017.02.21 23:37:23.428,1.26001,1.26029,2.25,1.50
2017.02.21 23:37:23.479,1.26001,1.26029,1.00,1.50
2017.02.21 23:37:23.732,1.26006,1.2603,1.00,1.00
2017.02.21 23:37:23.833,1.26006,1.26032,1.00,1.50
2017.02.21 23:37:24.359,1.26005,1.26032,1.00,1.50
2017.02.21 23:37:28.949,1.26005,1.26031,1.00,1.00
2017.02.21 23:37:31.199,1.26005,1.26032,1.00,1.00
2017.02.21 23:37:31.301,1.26001,1.26029,1.00,1.00
2017.02.21 23:37:31.352,1.26006,1.26031,1.00,1.00
2017.02.21 23:37:31.943,1.26002,1.26029,1.00,1.00
2017.02.21 23:37:32.119,1.26005,1.26031,1.00,1.00
2017.02.21 23:37:35.198,1.26002,1.2603,1.00,1.00
2017.02.21 23:37:35.740,1.26002,1.26029,1.00,1.00
2017.02.21 23:37:35.951,1.26,1.26027,1.00,1.00
2017.02.21 23:37:36.482,1.26001,1.26027,1.00,1.00
2017.02.21 23:37:37.197,1.25996,1.26024,1.00,1.00
2017.02.21 23:37:38.031,1.25995,1.26024,1.50,1.00
2017.02.21 23:37:39.643,1.25996,1.26025,1.00,1.00
2017.02.21 23:37:39.744,1.26001,1.26026,1.00,1.00
2017.02.21 23:37:40.001,1.26,1.26029,1.00,1.00
2017.02.21 23:37:40.202,1.26004,1.2603,1.00,1.00
2017.02.21 23:37:40.253,1.26005,1.26033,1.00,1.00
2017.02.21 23:37:42.121,1.26005,1.26029,1.00,1.00
2017.02.21 23:37:43.001,1.26004,1.26029,1.00,1.00
2017.02.21 23:37:43.904,1.26005,1.26029,1.00,1.00
2017.02.21 23:37:46.713,1.26006,1.26034,1.50,1.50
2017.02.21 23:37:54.217,1.26011,1.26035,1.00,1.00
2017.02.21 23:37:55.637,1.26005,1.26025,1.00,1.00
2017.02.21 23:37:55.738,1.25996,1.26022,1.00,1.00
2017.02.21 23:37:55.840,1.25997,1.26024,1.00,1.50
2017.02.21 23:37:56.634,1.25998,1.26025,1.00,1.50
2017.02.21 23:37:57.380,1.25998,1.26024,1.00,1.00
2017.02.21 23:37:57.804,1.25996,1.26024,1.00,1.00
2017.02.21 23:37:57.855,1.25995,1.26027,1.87,1.00
2017.02.21 23:37:57.906,1.25997,1.26027,1.00,1.00
2017.02.21 23:37:58.252,1.26,1.26027,1.00,1.00
2017.02.21 23:37:58.841,1.26,1.26026,1.00,1.00
2017.02.21 23:38:01.716,1.26001,1.26026,1.00,1.00
2017.02.21 23:38:02.239,1.26001,1.26027,1.00,1.00
2017.02.21 23:38:03.814,1.26006,1.26027,1.00,1.00
2017.02.21 23:38:03.916,1.26,1.26026,1.00,1.00
2017.02.21 23:38:04.159,1.25995,1.26025,1.50,1.50
2017.02.21 23:38:04.362,1.25995,1.26023,1.00,1.00
2017.02.21 23:38:04.940,1.25994,1.26022,1.00,1.00
2017.02.21 23:38:04.991,1.25992,1.26023,1.00,1.00
2017.02.21 23:38:05.041,1.26001,1.26024,1.00,1.00
2017.02.21 23:38:05.807,1.25996,1.26016,1.00,1.00
2017.02.21 23:38:05.937,1.2599,1.26012,1.00,1.00
2017.02.21 23:38:06.503,1.25991,1.26011,1.00,1.00
2017.02.21 23:38:07.007,1.25986,1.26011,1.00,1.00
2017.02.21 23:38:08.014,1.25991,1.26011,1.00,1.00
2017.02.21 23:38:11.059,1.2599,1.26011,1.00,1.00
2017.02.21 23:38:11.611,1.25991,1.2601,1.00,1.00
2017.02.21 23:38:12.681,1.25991,1.26012,1.00,1.00
2017.02.21 23:38:12.732,1.25995,1.26014,1.00,1.00
2017.02.21 23:38:12.917,1.25995,1.26017,1.00,1.00
2017.02.21 23:38:14.105,1.25995,1.2602,1.00,1.00
2017.02.21 23:38:14.156,1.25997,1.2602,1.37,1.00
2017.02.21 23:38:14.257,1.26,1.2603,1.87,1.75
2017.02.21 23:38:14.308,1.26,1.2603,1.37,2.25
2017.02.21 23:38:14.359,1.26006,1.26033,1.00,1.37
2017.02.21 23:38:14.410,1.26006,1.26033,1.00,1.00
2017.02.21 23:38:14.717,1.26011,1.26035,1.00,1.00
2017.02.21 23:38:15.110,1.26011,1.26037,1.00,1.00
2017.02.21 23:38:16.110,1.26011,1.26038,1.00,1.00
2017.02.21 23:38:16.665,1.26011,1.26039,1.00,1.00
2017.02.21 23:38:17.539,1.26011,1.26038,1.00,1.00
2017.02.21 23:38:18.086,1.26011,1.26039,1.00,1.00
2017.02.21 23:38:19.339,1.26011,1.26038,1.00,1.00
2017.02.21 23:38:19.643,1.26015,1.26038,1.00,1.00
2017.02.21 23:38:19.744,1.2601,1.2604,1.12,1.00
2017.02.21 23:38:19.795,1.26015,1.26041,1.00,1.00
2017.02.21 23:38:19.846,1.26011,1.26039,1.00,1.00
2017.02.21 23:38:19.947,1.26009,1.26041,1.00,1.00
2017.02.21 23:38:20.244,1.2601,1.26039,1.00,1.00
2017.02.21 23:38:21.286,1.26009,1.26039,1.00,1.00
2017.02.21 23:38:22.426,1.26006,1.26034,1.00,1.00
2017.02.21 23:38:22.528,1.26005,1.26036,1.50,1.00
2017.02.21 23:38:22.630,1.26011,1.26036,1.00,1.00
2017.02.21 23:38:23.013,1.26011,1.26034,1.00,1.00
2017.02.21 23:38:26.822,1.26005,1.26034,1.00,1.00
2017.02.21 23:38:31.642,1.26011,1.26035,1.00,1.00
2017.02.21 23:38:32.564,1.2601,1.26035,1.00,1.00
2017.02.21 23:38:34.237,1.2601,1.26034,1.00,1.00
2017.02.21 23:38:34.288,1.26005,1.26034,1.00,1.00
2017.02.21 23:38:34.931,1.26005,1.26035,1.00,1.50
2017.02.21 23:38:35.467,1.26006,1.26034,1.00,1.00
2017.02.21 23:38:35.518,1.26002,1.26034,1.37,1.00
2017.02.21 23:38:36.299,1.26006,1.26034,1.00,1.00
2017.02.21 23:38:37.429,1.26002,1.26034,1.37,1.00
2017.02.21 23:38:41.077,1.26002,1.26034,1.00,1.00
2017.02.21 23:38:41.593,1.26002,1.26034,1.37,1.00
2017.02.21 23:38:41.796,1.26,1.26033,1.87,1.00
2017.02.21 23:38:44.149,1.26012,1.26039,1.00,1.87
2017.02.21 23:38:44.438,1.26017,1.26044,1.12,1.50
2017.02.21 23:38:45.047,1.26017,1.26039,1.00,1.00
2017.02.21 23:38:45.446,1.26014,1.26039,1.12,1.00
2017.02.21 23:38:45.547,1.26011,1.26039,1.12,1.00
2017.02.21 23:38:46.511,1.26011,1.26035,1.00,1.00
2017.02.21 23:38:46.562,1.26006,1.26034,1.00,1.50
2017.02.21 23:38:46.970,1.26005,1.26032,1.00,1.00
2017.02.21 23:38:47.488,1.26006,1.26033,1.00,1.00
2017.02.21 23:38:49.522,1.26001,1.26028,1.00,1.00
2017.02.21 23:38:49.841,1.26001,1.26026,1.00,1.00
2017.02.21 23:38:52.270,1.26001,1.26027,1.00,1.00
2017.02.21 23:38:54.016,1.26,1.26027,1.00,1.00
2017.02.21 23:38:54.909,1.26001,1.26027,1.00,1.00
2017.02.21 23:38:55.091,1.25995,1.26023,1.00,1.00
2017.02.21 23:38:55.142,1.25993,1.2602,1.00,1.00
2017.02.21 23:38:55.288,1.25995,1.26023,1.00,1.00
2017.02.21 23:38:55.619,1.26,1.26023,1.00,1.00
2017.02.21 23:38:56.145,1.26,1.26024,1.00,1.00
2017.02.21 23:38:56.672,1.26001,1.26024,1.00,1.00
2017.02.21 23:38:57.186,1.26001,1.26025,1.00,1.00
2017.02.21 23:38:57.727,1.26,1.26025,1.00,1.00
2017.02.21 23:38:57.958,1.26,1.26027,1.00,1.00
2017.02.21 23:38:58.060,1.26,1.26024,1.00,1.00
2017.02.21 23:38:58.162,1.25998,1.26024,1.00,1.00
2017.02.21 23:38:58.213,1.26,1.26024,1.00,1.00
2017.02.21 23:38:58.890,1.26,1.26026,1.00,1.00
2017.02.21 23:39:01.045,1.26,1.26028,1.00,1.00
2017.02.21 23:39:01.159,1.26006,1.26028,1.00,1.00
2017.02.21 23:39:01.661,1.26006,1.2603,1.00,1.00
2017.02.21 23:39:01.712,1.26001,1.2602,1.00,1.00
2017.02.21 23:39:01.763,1.26001,1.26024,1.00,1.00
2017.02.21 23:39:02.984,1.26,1.26024,1.00,1.00
2017.02.21 23:39:03.582,1.26,1.26023,1.00,1.00
2017.02.21 23:39:04.218,1.26,1.26024,1.00,1.00
2017.02.21 23:39:11.326,1.26,1.26022,1.00,1.00
2017.02.21 23:39:11.842,1.26,1.26023,1.00,1.00
2017.02.21 23:39:12.163,1.25985,1.26008,1.00,1.00
2017.02.21 23:39:12.487,1.2599,1.26008,1.00,1.00
2017.02.21 23:39:12.791,1.25996,1.26008,1.00,1.00
2017.02.21 23:39:13.415,1.25996,1.26007,1.00,1.00
2017.02.21 23:39:14.279,1.2599,1.26007,1.00,1.00
2017.02.21 23:39:14.795,1.25991,1.26007,1.00,1.00
2017.02.21 23:39:16.388,1.2599,1.26007,1.00,1.00
2017.02.21 23:39:16.556,1.2599,1.2601,1.00,1.00
2017.02.21 23:39:16.680,1.2599,1.26012,1.00,1.00
2017.02.21 23:39:16.846,1.25986,1.26013,1.00,1.00
2017.02.21 23:39:20.106,1.25986,1.26014,1.00,1.50
2017.02.21 23:39:20.702,1.25977,1.26003,1.00,1.00
2017.02.21 23:39:21.006,1.25981,1.26005,1.00,1.00
2017.02.21 23:39:21.338,1.25986,1.26005,1.00,1.00
2017.02.21 23:39:21.984,1.25986,1.26006,1.00,1.00
2017.02.21 23:39:22.255,1.2598,1.26006,1.00,1.00
2017.02.21 23:39:22.636,1.25985,1.26006,1.00,1.00
2017.02.21 23:39:25.092,1.25985,1.26007,1.00,1.00
2017.02.21 23:39:26.507,1.25981,1.26007,1.00,1.00
2017.02.21 23:39:27.393,1.25981,1.26005,1.00,1.00
2017.02.21 23:39:31.219,1.25981,1.26006,1.00,1.00
2017.02.21 23:39:35.916,1.25985,1.26006,1.00,1.00
2017.02.21 23:39:41.868,1.25985,1.26008,1.00,1.00
2017.02.21 23:39:42.114,1.2599,1.26008,1.00,1.00
2017.02.21 23:39:42.601,1.2599,1.2601,1.00,1.00
2017.02.21 23:39:43.302,1.2599,1.26011,1.00,1.00
2017.02.21 23:39:45.742,1.2599,1.26014,1.00,1.00
2017.02.21 23:39:45.793,1.2599,1.26018,1.37,1.00
2017.02.21 23:39:45.945,1.25996,1.26018,1.00,1.00
2017.02.21 23:39:53.438,1.25991,1.26018,1.50,1.00
2017.02.21 23:39:53.848,1.25996,1.26022,1.87,1.00
2017.02.21 23:39:54.152,1.26,1.26022,1.00,1.00
2017.02.21 23:39:54.560,1.25996,1.26022,1.00,1.00
2017.02.21 23:39:54.923,1.25996,1.2602,1.00,1.00
2017.02.21 23:39:55.429,1.25995,1.26022,1.00,1.00
2017.02.21 23:39:58.103,1.25995,1.26023,1.00,1.00
2017.02.21 23:39:58.154,1.25995,1.26025,1.00,1.50
2017.02.21 23:39:58.255,1.25995,1.26023,1.00,1.00
2017.02.21 23:39:58.852,1.25996,1.26023,1.00,1.00
2017.02.21 23:40:00.690,1.25996,1.26022,1.00,1.00
2017.02.21 23:40:01.500,1.25996,1.26024,1.12,1.00
2017.02.21 23:40:02.129,1.25996,1.26022,1.00,1.00
2017.02.21 23:40:03.746,1.25996,1.2602,1.00,1.00
2017.02.21 23:40:06.922,1.25996,1.26021,1.00,1.00
2017.02.21 23:40:08.347,1.25996,1.2602,1.00,1.00
2017.02.21 23:40:11.152,1.25996,1.26022,1.00,1.00
2017.02.21 23:40:11.396,1.25995,1.26018,1.00,1.00
2017.02.21 23:40:12.126,1.25995,1.26017,1.00,1.00
2017.02.21 23:40:12.665,1.25996,1.26018,1.00,1.00
2017.02.21 23:40:16.250,1.25996,1.26013,1.00,1.00
2017.02.21 23:40:16.352,1.2599,1.26012,1.00,1.00
2017.02.21 23:40:16.504,1.2599,1.2601,1.00,1.00
2017.02.21 23:40:16.556,1.25985,1.2601,1.00,1.00
2017.02.21 23:40:17.206,1.2599,1.26011,1.00,1.00
2017.02.21 23:40:17.415,1.2599,1.26013,1.00,1.00
2017.02.21 23:40:17.618,1.25986,1.26013,1.00,1.00
2017.02.21 23:40:18.195,1.25986,1.26012,1.00,1.00
2017.02.21 23:40:18.265,1.2599,1.26012,1.00,1.00
2017.02.21 23:40:18.524,1.25985,1.26012,1.00,1.00
2017.02.21 23:40:31.548,1.25991,1.26015,1.00,1.00
2017.02.21 23:40:31.951,1.25985,1.26011,1.00,1.00
2017.02.21 23:40:32.484,1.25986,1.26011,1.00,1.00
2017.02.21 23:40:32.636,1.2599,1.26012,1.00,1.00
2017.02.21 23:40:32.844,1.25986,1.26012,1.00,1.00
2017.02.21 23:40:33.046,1.25985,1.2601,1.00,1.00
2017.02.21 23:40:33.613,1.25991,1.2601,1.00,1.00
2017.02.21 23:40:33.884,1.25991,1.26012,1.00,1.00
2017.02.21 23:40:41.576,1.25985,1.26013,1.00,1.00
2017.02.21 23:40:41.729,1.25986,1.2601,1.00,1.00
2017.02.21 23:40:42.033,1.25991,1.26011,1.00,1.00
2017.02.21 23:40:42.148,1.25985,1.26011,1.00,1.00
2017.02.21 23:40:44.069,1.25991,1.26011,1.00,1.00
2017.02.21 23:40:46.009,1.25985,1.26011,1.00,1.00
2017.02.21 23:40:46.670,1.25985,1.2601,1.00,1.00
2017.02.21 23:40:47.652,1.25985,1.26012,1.00,1.00
2017.02.21 23:40:50.250,1.2599,1.26012,1.00,1.00
2017.02.21 23:40:50.813,1.25991,1.26013,1.00,1.00
2017.02.21 23:40:52.317,1.2599,1.26013,1.00,1.00
2017.02.21 23:40:54.063,1.25986,1.26011,1.00,1.00
2017.02.21 23:40:54.860,1.25991,1.26011,1.00,1.00
2017.02.21 23:40:55.280,1.25986,1.26012,1.00,1.00
2017.02.21 23:40:55.440,1.25991,1.26012,1.00,1.00
2017.02.21 23:40:55.620,1.25986,1.26012,1.00,1.00
2017.02.21 23:40:55.722,1.25991,1.26012,1.00,1.00
2017.02.21 23:40:56.129,1.25985,1.26012,1.00,1.00
2017.02.21 23:40:56.915,1.25986,1.26012,1.00,1.00
2017.02.21 23:40:57.453,1.2599,1.26012,1.00,1.00
2017.02.21 23:40:57.960,1.2599,1.26013,1.00,1.00
2017.02.21 23:40:58.470,1.25991,1.26013,1.00,1.00
2017.02.21 23:40:59.753,1.2599,1.26013,1.00,1.00
2017.02.21 23:41:00.598,1.25991,1.26013,1.00,1.00
2017.02.21 23:41:01.670,1.2599,1.26013,1.00,1.00
2017.02.21 23:41:02.850,1.2599,1.26014,1.00,1.00
2017.02.21 23:41:03.459,1.25991,1.26014,1.00,1.00
2017.02.21 23:41:04.121,1.2599,1.26014,1.00,1.00
2017.02.21 23:41:04.562,1.2599,1.26011,1.00,1.00
2017.02.21 23:41:05.143,1.2599,1.26013,1.00,1.00
2017.02.21 23:41:05.194,1.25996,1.2602,1.00,1.87
2017.02.21 23:41:05.377,1.26,1.26025,1.00,1.00
2017.02.21 23:41:05.904,1.26001,1.26025,1.00,1.00
2017.02.21 23:41:06.181,1.26001,1.26027,1.50,1.00
2017.02.21 23:41:06.529,1.25998,1.26026,1.00,1.00
2017.02.21 23:41:06.631,1.26,1.26026,1.00,1.00
2017.02.21 23:41:06.733,1.25996,1.26023,1.00,1.00
2017.02.21 23:41:06.834,1.25996,1.2602,1.00,1.00
2017.02.21 23:41:07.219,1.25996,1.26018,1.00,1.00
2017.02.21 23:41:07.790,1.25991,1.26019,1.00,1.00
2017.02.21 23:41:09.844,1.2599,1.26019,1.12,1.00
2017.02.21 23:41:10.758,1.25991,1.26019,1.00,1.00
2017.02.21 23:41:11.265,1.2599,1.26019,1.00,1.00
2017.02.21 23:41:11.983,1.25991,1.26019,1.00,1.00
2017.02.21 23:41:12.507,1.2599,1.26019,1.00,1.00
2017.02.21 23:41:13.511,1.25996,1.26019,1.00,1.00
2017.02.21 23:41:13.935,1.26001,1.26021,1.00,1.00
2017.02.21 23:41:15.620,1.26001,1.26023,1.00,1.00
2017.02.21 23:41:16.720,1.25995,1.26023,1.00,1.00
2017.02.21 23:41:17.382,1.25995,1.26021,1.50,1.00
2017.02.21 23:41:17.808,1.25996,1.26019,1.00,1.00
2017.02.21 23:41:17.859,1.25991,1.26019,1.00,1.50
2017.02.21 23:41:17.910,1.25991,1.26017,1.00,1.00
2017.02.21 23:41:18.292,1.2599,1.26015,1.00,1.00
2017.02.21 23:41:18.843,1.2599,1.26016,1.00,1.00
2017.02.21 23:41:25.333,1.2599,1.26018,1.00,1.00
2017.02.21 23:41:27.466,1.25991,1.26019,1.00,1.50
2017.02.21 23:41:27.999,1.2599,1.26019,1.00,1.00
2017.02.21 23:41:30.932,1.25991,1.26018,1.00,1.00
2017.02.21 23:41:30.983,1.25991,1.26016,1.00,1.00
2017.02.21 23:41:33.428,1.25991,1.26018,1.00,1.00
2017.02.21 23:41:33.682,1.25987,1.26014,1.00,1.00
2017.02.21 23:41:34.358,1.25986,1.26014,1.00,1.00
2017.02.21 23:41:37.150,1.25988,1.26014,1.00,1.50
2017.02.21 23:41:43.977,1.25987,1.26013,1.00,1.00
2017.02.21 23:41:44.493,1.25988,1.26014,1.00,1.50
2017.02.21 23:41:52.920,1.25987,1.26014,1.00,1.00
2017.02.21 23:42:05.315,1.25989,1.26014,1.00,1.00
2017.02.21 23:42:16.113,1.2599,1.26015,1.00,1.00
2017.02.21 23:42:17.502,1.2599,1.26016,1.00,1.00
2017.02.21 23:42:18.186,1.25989,1.26014,1.00,1.00
2017.02.21 23:42:19.039,1.2599,1.26015,1.00,1.00
2017.02.21 23:42:19.790,1.25989,1.26014,1.00,1.00
2017.02.21 23:42:22.735,1.2599,1.26017,1.00,1.00
2017.02.21 23:42:23.837,1.2599,1.26018,1.50,1.00
2017.02.21 23:42:25.306,1.26002,1.26025,1.00,1.00
2017.02.21 23:42:25.357,1.26002,1.26028,1.00,1.00
2017.02.21 23:42:25.459,1.26005,1.26028,1.00,1.00
2017.02.21 23:42:26.165,1.26005,1.26031,1.50,1.00
2017.02.21 23:42:26.720,1.26006,1.26032,1.00,1.00
2017.02.21 23:42:26.833,1.2601,1.26034,1.00,1.00
2017.02.21 23:42:27.036,1.26008,1.26034,1.00,1.00
2017.02.21 23:42:27.137,1.26005,1.26034,1.12,1.00
2017.02.21 23:42:27.290,1.26005,1.26032,1.00,1.00
2017.02.21 23:42:27.595,1.26001,1.26029,1.37,1.00
2017.02.21 23:42:27.904,1.26005,1.26032,1.00,1.00
2017.02.21 23:42:28.231,1.26005,1.2603,1.00,1.00
2017.02.21 23:42:30.113,1.26006,1.2603,1.00,1.00
2017.02.21 23:42:31.164,1.26006,1.26031,1.00,1.00
2017.02.21 23:42:31.604,1.26006,1.26028,1.00,1.00
2017.02.21 23:42:32.162,1.26001,1.26028,1.00,1.00
2017.02.21 23:42:35.651,1.26005,1.26028,1.00,1.00
2017.02.21 23:42:35.956,1.26005,1.26024,1.00,1.00
2017.02.21 23:42:36.007,1.26,1.26024,1.00,1.00
2017.02.21 23:42:36.873,1.26,1.26025,1.00,1.00
2017.02.21 23:42:40.699,1.26001,1.26025,1.00,1.00
2017.02.21 23:42:44.037,1.26,1.26025,1.00,1.00
2017.02.21 23:42:44.088,1.26,1.26023,1.00,1.00
2017.02.21 23:42:44.139,1.25995,1.26025,1.50,1.00
2017.02.21 23:42:44.189,1.25995,1.26023,1.00,1.00
2017.02.21 23:42:44.554,1.25995,1.26021,1.00,1.00
2017.02.21 23:42:44.656,1.25991,1.26019,1.50,1.00
2017.02.21 23:42:48.604,1.25995,1.2602,1.00,1.00
2017.02.21 23:42:52.730,1.25996,1.2602,1.00,1.00
2017.02.21 23:42:56.574,1.25996,1.26021,1.00,1.00
2017.02.21 23:42:58.200,1.25996,1.26023,1.00,1.00
2017.02.21 23:42:58.352,1.25995,1.2602,1.00,1.00
2017.02.21 23:42:58.689,1.26,1.26023,1.00,1.00
2017.02.21 23:42:59.836,1.26,1.26022,1.00,1.00
2017.02.21 23:43:00.719,1.26,1.26021,1.00,1.00
2017.02.21 23:43:01.585,1.26,1.26018,1.00,1.00
2017.02.21 23:43:01.636,1.25995,1.26018,1.00,1.00
2017.02.21 23:43:02.874,1.25991,1.26018,1.00,1.00
2017.02.21 23:43:03.878,1.25991,1.26017,1.00,1.00
2017.02.21 23:43:05.147,1.25991,1.26019,1.00,1.50
2017.02.21 23:43:05.238,1.25993,1.26019,1.37,1.00
2017.02.21 23:43:05.546,1.26001,1.26026,1.00,1.00
2017.02.21 23:43:05.648,1.26001,1.26028,1.00,1.00
2017.02.21 23:43:06.166,1.26005,1.26033,1.00,1.00
2017.02.21 23:43:06.368,1.26006,1.26031,1.00,1.00
2017.02.21 23:43:06.906,1.26005,1.26032,1.00,1.00
2017.02.21 23:43:07.408,1.26006,1.26033,1.00,1.00
2017.02.21 23:43:07.509,1.26001,1.26029,1.12,1.00
2017.02.21 23:43:07.845,1.26006,1.26031,1.00,1.00
2017.02.21 23:43:09.538,1.26,1.2603,2.62,1.00
2017.02.21 23:43:09.863,1.26005,1.26031,1.00,1.00
2017.02.21 23:43:10.466,1.26006,1.26031,1.00,1.00
2017.02.21 23:43:15.436,1.26005,1.26031,1.00,1.00
2017.02.21 23:43:15.755,1.26005,1.26029,1.00,1.00
2017.02.21 23:43:16.261,1.26005,1.26028,1.00,1.00
2017.02.21 23:43:17.281,1.26006,1.26028,1.00,1.00
2017.02.21 23:43:18.700,1.26006,1.2603,1.00,1.00
2017.02.21 23:43:19.216,1.26005,1.2603,1.00,1.00
2017.02.21 23:43:19.781,1.26006,1.2603,1.00,1.00
2017.02.21 23:43:20.347,1.26005,1.2603,1.00,1.00
2017.02.21 23:43:20.858,1.26006,1.2603,1.00,1.00
2017.02.21 23:43:21.721,1.25998,1.2603,1.37,1.00
2017.02.21 23:43:21.855,1.26005,1.2603,1.00,1.00
2017.02.21 23:43:23.780,1.26006,1.2603,1.00,1.00
2017.02.21 23:43:26.148,1.26006,1.26029,1.00,1.00
2017.02.21 23:43:26.679,1.26006,1.2603,1.00,1.00
2017.02.21 23:43:27.211,1.26006,1.26031,1.00,1.00
2017.02.21 23:43:29.275,1.26005,1.26031,1.00,1.00
2017.02.21 23:43:29.856,1.26005,1.26032,1.00,1.00
2017.02.21 23:43:32.129,1.26005,1.26029,1.00,1.00
2017.02.21 23:43:36.603,1.26005,1.26028,1.00,1.00
2017.02.21 23:43:39.104,1.26005,1.26027,1.00,1.00
2017.02.21 23:43:44.145,1.26001,1.26027,1.00,1.00
2017.02.21 23:43:44.668,1.26001,1.26026,1.00,1.00
2017.02.21 23:43:45.493,1.26001,1.26027,1.00,1.00
2017.02.21 23:43:48.971,1.26001,1.26025,1.00,1.00
2017.02.21 23:43:49.196,1.26001,1.26027,1.00,1.00
2017.02.21 23:43:49.453,1.26006,1.26027,1.00,1.00
2017.02.21 23:43:49.963,1.26005,1.26027,1.00,1.00
2017.02.21 23:43:51.084,1.26005,1.26026,1.00,1.00
2017.02.21 23:43:54.631,1.26006,1.26026,1.00,1.00
2017.02.21 23:43:55.264,1.26006,1.26025,1.00,1.00
2017.02.21 23:43:57.166,1.26006,1.26023,1.00,1.00
2017.02.21 23:43:58.742,1.26005,1.26023,1.00,1.00
2017.02.21 23:43:59.353,1.26006,1.26023,1.00,1.00
2017.02.21 23:44:00.416,1.26005,1.26023,1.00,1.00
2017.02.21 23:44:08.926,1.26005,1.26024,1.00,1.00
2017.02.21 23:44:09.232,1.26001,1.26024,1.00,1.00
2017.02.21 23:44:09.385,1.26006,1.26022,1.00,1.00
2017.02.21 23:44:09.436,1.26006,1.26025,1.00,1.00
2017.02.21 23:44:09.870,1.26006,1.26029,1.00,1.50
2017.02.21 23:44:10.215,1.2601,1.26029,1.00,1.00
2017.02.21 23:44:10.510,1.26006,1.26027,1.00,1.00
2017.02.21 23:44:15.940,1.26006,1.26029,1.00,1.00
2017.02.21 23:44:17.180,1.26006,1.26028,1.00,1.00
2017.02.21 23:44:18.102,1.26006,1.26029,1.00,1.00
2017.02.21 23:44:19.287,1.26006,1.26027,1.00,1.00
2017.02.21 23:44:27.591,1.26005,1.26027,1.00,1.00
2017.02.21 23:44:28.098,1.26005,1.26026,1.00,1.00
2017.02.21 23:44:31.179,1.26006,1.26027,1.00,1.00
2017.02.21 23:44:31.562,1.26005,1.26025,1.00,1.00
2017.02.21 23:44:32.771,1.26005,1.26024,1.00,1.00
2017.02.21 23:44:34.382,1.26005,1.26026,1.00,1.00
2017.02.21 23:44:34.434,1.26005,1.26024,1.00,1.00
2017.02.21 23:44:34.536,1.25995,1.2602,1.00,1.00
2017.02.21 23:44:34.888,1.25996,1.26022,1.00,1.00
2017.02.21 23:44:34.989,1.26,1.26022,1.00,1.00
2017.02.21 23:44:37.827,1.25995,1.26022,1.00,1.00
2017.02.21 23:44:38.559,1.25996,1.26022,1.00,1.00
2017.02.21 23:44:47.830,1.25996,1.26023,1.00,1.00
2017.02.21 23:44:49.947,1.26001,1.26025,1.00,1.00
2017.02.21 23:44:49.998,1.25995,1.26025,1.37,1.50
2017.02.21 23:44:50.049,1.26001,1.26024,1.00,1.00
2017.02.21 23:44:50.355,1.26006,1.26028,1.00,1.00
2017.02.21 23:44:50.558,1.26001,1.26028,1.00,1.00
2017.02.21 23:44:50.609,1.26006,1.26028,1.00,1.00
2017.02.21 23:44:50.862,1.26,1.26028,1.00,1.00
2017.02.21 23:44:51.459,1.26,1.26026,1.00,1.00
2017.02.21 23:44:54.605,1.26,1.26025,1.00,1.00
2017.02.21 23:44:55.502,1.26005,1.26025,1.00,1.00
2017.02.21 23:44:55.553,1.25995,1.26025,1.87,1.00
2017.02.21 23:44:55.772,1.25997,1.26028,1.00,1.00
2017.02.21 23:44:56.175,1.26,1.26029,1.00,1.00
2017.02.21 23:44:56.762,1.26,1.26028,1.50,1.00
2017.02.21 23:44:58.562,1.26,1.26027,1.00,1.00
2017.02.21 23:44:59.175,1.26,1.26025,1.00,1.00
2017.02.21 23:44:59.478,1.26,1.26023,1.00,1.00
2017.02.21 23:44:59.740,1.25996,1.26022,1.00,1.00
2017.02.21 23:45:01.477,1.25996,1.26024,1.00,1.00
2017.02.21 23:45:01.528,1.26006,1.26024,1.00,1.00
2017.02.21 23:45:01.630,1.25996,1.26024,1.00,1.00
2017.02.21 23:45:01.822,1.25996,1.26022,1.00,1.00
2017.02.21 23:45:02.439,1.25995,1.26022,1.00,1.00
2017.02.21 23:45:02.787,1.26,1.26022,1.00,1.00
2017.02.21 23:45:03.380,1.26,1.26024,1.00,1.00
2017.02.21 23:45:03.431,1.26,1.26021,1.00,1.00
2017.02.21 23:45:03.532,1.25995,1.2602,1.00,1.00
2017.02.21 23:45:03.634,1.25993,1.2602,1.00,1.00
2017.02.21 23:45:03.685,1.25991,1.26019,1.00,1.00
2017.02.21 23:45:04.358,1.2599,1.26019,1.50,1.00
2017.02.21 23:45:04.658,1.25992,1.26018,1.00,1.00
2017.02.21 23:45:09.177,1.25991,1.26018,1.00,1.00
2017.02.21 23:45:12.147,1.25991,1.26019,1.00,1.00
2017.02.21 23:45:12.882,1.25991,1.26018,1.00,1.00
2017.02.21 23:45:18.320,1.25991,1.26017,1.00,1.00
2017.02.21 23:45:18.485,1.25986,1.26016,1.12,1.00
2017.02.21 23:45:19.280,1.25986,1.26014,1.12,1.00
2017.02.21 23:45:19.852,1.25986,1.26015,1.12,1.00
2017.02.21 23:45:22.197,1.25985,1.26015,1.37,1.00
2017.02.21 23:45:22.734,1.25987,1.26014,1.37,1.00
2017.02.21 23:45:27.726,1.25987,1.26014,1.00,1.00
2017.02.21 23:45:31.335,1.25987,1.26014,1.37,1.00
2017.02.21 23:45:32.003,1.25987,1.26015,1.37,1.00
2017.02.21 23:45:33.022,1.25987,1.26015,1.37,1.00
2017.02.21 23:45:35.530,1.25995,1.26015,1.00,1.00
2017.02.21 23:45:36.362,1.2599,1.26015,1.00,1.00
2017.02.21 23:45:47.153,1.2599,1.26016,1.00,1.00
2017.02.21 23:45:47.204,1.25995,1.26017,1.12,1.00
2017.02.21 23:45:47.255,1.25995,1.26022,1.12,1.00
2017.02.21 23:45:48.002,1.25996,1.26022,1.00,1.00
2017.02.21 23:45:48.522,1.25996,1.26023,1.00,1.00
2017.02.21 23:45:54.101,1.25996,1.2602,1.00,1.00
2017.02.21 23:45:57.290,1.26001,1.2602,1.00,1.00
2017.02.21 23:45:59.675,1.25996,1.2602,1.00,1.00
2017.02.21 23:46:11.119,1.25995,1.2602,1.12,1.00
2017.02.21 23:46:19.228,1.25995,1.2602,1.37,1.00
2017.02.21 23:46:23.163,1.25995,1.2602,1.12,1.00
2017.02.21 23:46:24.189,1.26001,1.2602,1.00,1.00
2017.02.21 23:46:24.744,1.25995,1.2602,1.37,1.00
2017.02.21 23:46:25.180,1.25995,1.26021,1.12,1.00
2017.02.21 23:46:26.174,1.25995,1.2602,1.12,1.00
2017.02.21 23:46:28.805,1.25995,1.26021,1.12,1.00
2017.02.21 23:46:37.161,1.25995,1.26022,1.12,1.00
2017.02.21 23:46:39.033,1.25995,1.2602,1.00,1.00
2017.02.21 23:46:39.337,1.25996,1.26018,1.00,1.00
2017.02.21 23:46:40.707,1.25996,1.26017,1.00,1.00
2017.02.21 23:46:41.659,1.25996,1.26019,1.00,1.00
2017.02.21 23:46:41.972,1.26,1.26019,1.00,1.00
2017.02.21 23:46:42.180,1.26005,1.26025,1.00,1.00
2017.02.21 23:46:42.282,1.26005,1.26028,1.00,1.00
2017.02.21 23:46:43.338,1.26005,1.26027,1.00,1.00
2017.02.21 23:46:43.389,1.26001,1.26025,1.00,1.00
2017.02.21 23:46:43.440,1.26001,1.26027,1.00,1.00
2017.02.21 23:46:43.949,1.26,1.26027,1.00,1.00
2017.02.21 23:46:44.371,1.26,1.26025,1.00,1.00
2017.02.21 23:46:46.522,1.26,1.26026,1.00,1.00
2017.02.21 23:46:46.773,1.25995,1.26025,1.12,1.50
2017.02.21 23:46:47.295,1.25995,1.26024,1.00,1.00
2017.02.21 23:47:03.098,1.25995,1.26023,1.00,1.00
2017.02.21 23:47:10.100,1.26001,1.26023,1.00,1.00
2017.02.21 23:47:18.515,1.26001,1.26024,1.00,1.00
2017.02.21 23:47:19.165,1.26001,1.26022,1.00,1.00
2017.02.21 23:47:19.667,1.26001,1.2602,1.00,1.00
2017.02.21 23:47:19.729,1.26001,1.26022,1.00,1.00
2017.02.21 23:47:20.284,1.26,1.26022,1.00,1.00
2017.02.21 23:47:20.658,1.25996,1.26022,1.00,1.00
2017.02.21 23:47:23.690,1.25996,1.26023,1.00,1.00
2017.02.21 23:47:24.307,1.25996,1.26022,1.00,1.00
2017.02.21 23:47:24.846,1.25996,1.26023,1.00,1.00
2017.02.21 23:47:25.707,1.25996,1.26022,1.00,1.00
2017.02.21 23:47:26.283,1.25996,1.26023,1.00,1.00
2017.02.21 23:47:43.196,1.25996,1.26021,1.00,1.00
2017.02.21 23:47:44.474,1.25996,1.26023,1.00,1.00
2017.02.21 23:47:44.576,1.26001,1.26024,1.00,1.00
2017.02.21 23:47:44.816,1.25996,1.26024,1.00,1.50
2017.02.21 23:47:48.430,1.26001,1.26024,1.00,1.00
2017.02.21 23:48:12.072,1.26001,1.26023,1.00,1.00
2017.02.21 23:48:17.247,1.26001,1.26024,1.00,1.00
2017.02.21 23:48:18.136,1.26001,1.26022,1.00,1.00
2017.02.21 23:48:26.032,1.25996,1.26022,1.00,1.00
2017.02.21 23:48:28.583,1.26001,1.26022,1.00,1.00
2017.02.21 23:49:03.345,1.26001,1.26023,1.00,1.00
2017.02.21 23:49:07.296,1.26001,1.26024,1.00,1.00
2017.02.21 23:49:07.841,1.26001,1.26023,1.00,1.00
2017.02.21 23:49:11.715,1.26,1.26023,1.00,1.00
2017.02.21 23:49:15.131,1.26,1.26019,1.00,1.00
2017.02.21 23:49:15.561,1.25996,1.26018,1.00,1.00
2017.02.21 23:49:16.108,1.25996,1.26017,1.00,1.00
2017.02.21 23:49:17.368,1.25996,1.26016,1.00,1.00
2017.02.21 23:49:29.765,1.25995,1.26016,1.00,1.00
2017.02.21 23:49:31.634,1.25996,1.26016,1.00,1.00
2017.02.21 23:49:32.157,1.25996,1.26015,1.00,1.00
2017.02.21 23:49:33.824,1.25996,1.26014,1.00,1.00
2017.02.21 23:49:33.925,1.25995,1.26011,1.00,1.00
2017.02.21 23:49:34.555,1.25996,1.26011,1.00,1.00
2017.02.21 23:49:35.117,1.25995,1.26012,1.00,1.00
2017.02.21 23:49:37.085,1.25996,1.26014,1.00,1.00
2017.02.21 23:49:38.043,1.25996,1.26013,1.00,1.00
2017.02.21 23:49:49.286,1.25996,1.26011,1.00,1.00
2017.02.21 23:49:50.278,1.25995,1.26011,1.00,1.00
2017.02.21 23:49:50.885,1.25996,1.26012,1.00,1.00
2017.02.21 23:49:55.352,1.25996,1.26013,1.00,1.00
2017.02.21 23:49:58.177,1.25996,1.26015,1.00,1.00
2017.02.21 23:50:01.854,1.25996,1.26014,1.00,1.00
2017.02.21 23:50:02.619,1.25995,1.26014,1.00,1.00
2017.02.21 23:50:03.433,1.25995,1.26015,1.00,1.00
2017.02.21 23:50:12.748,1.2599,1.26015,1.00,1.00
2017.02.21 23:50:13.007,1.25995,1.26015,1.00,1.00
2017.02.21 23:50:16.141,1.25995,1.26014,1.00,1.00
2017.02.21 23:50:18.902,1.25995,1.26015,1.00,1.00
2017.02.21 23:50:24.169,1.25995,1.2602,1.00,1.00
2017.02.21 23:50:24.221,1.26001,1.2602,1.00,1.00
2017.02.21 23:50:24.272,1.26001,1.26023,1.00,1.00
2017.02.21 23:50:24.823,1.26001,1.26022,1.00,1.00
2017.02.21 23:50:25.372,1.26001,1.26024,1.00,1.00
2017.02.21 23:50:25.793,1.26001,1.26021,1.00,1.00
2017.02.21 23:50:26.324,1.26001,1.26022,1.00,1.00
2017.02.21 23:50:32.180,1.25995,1.26022,1.00,1.00
2017.02.21 23:50:32.824,1.25995,1.26021,1.00,1.00
2017.02.21 23:50:33.382,1.25995,1.26022,1.00,1.00
2017.02.21 23:50:34.004,1.25995,1.26021,1.00,1.00
2017.02.21 23:50:38.341,1.25996,1.26021,1.00,1.00
2017.02.21 23:50:39.568,1.25996,1.2602,1.00,1.00
2017.02.21 23:50:39.670,1.25996,1.26018,1.00,1.00
2017.02.21 23:50:40.541,1.25995,1.26016,1.00,1.00
2017.02.21 23:50:40.844,1.25991,1.26011,1.00,1.00
2017.02.21 23:50:41.415,1.25991,1.2601,1.00,1.00
2017.02.21 23:50:42.135,1.25991,1.26011,1.00,1.00
2017.02.21 23:50:42.683,1.25991,1.26009,1.00,1.00
2017.02.21 23:50:43.334,1.25991,1.2601,1.00,1.00
2017.02.21 23:50:44.248,1.2599,1.26008,1.00,1.00
2017.02.21 23:50:46.717,1.25991,1.26008,1.00,1.00
2017.02.21 23:50:47.377,1.25991,1.26007,1.00,1.00
2017.02.21 23:50:48.379,1.25991,1.26008,1.00,1.00
2017.02.21 23:50:48.458,1.25985,1.26008,1.00,1.00
2017.02.21 23:50:50.345,1.2599,1.26008,1.00,1.00
2017.02.21 23:50:59.164,1.25986,1.2601,1.00,1.50
2017.02.21 23:50:59.983,1.25991,1.2601,1.00,1.50
2017.02.21 23:51:08.788,1.25986,1.2601,1.00,1.50
2017.02.21 23:51:16.224,1.25986,1.26008,1.00,1.00
2017.02.21 23:51:17.806,1.25985,1.26008,1.00,1.00
2017.02.21 23:51:18.110,1.25986,1.26006,1.00,1.00
2017.02.21 23:51:18.457,1.25991,1.26006,1.00,1.00
2017.02.21 23:51:18.940,1.25985,1.26006,1.00,1.00
2017.02.21 23:51:22.912,1.25986,1.26006,1.00,1.00
2017.02.21 23:51:23.014,1.25986,1.26009,1.00,1.00
2017.02.21 23:51:23.288,1.2599,1.2601,1.00,1.50
2017.02.21 23:51:23.390,1.2599,1.26012,1.00,1.00
2017.02.21 23:51:23.643,1.25986,1.26012,1.00,1.00
2017.02.21 23:51:24.294,1.25986,1.26011,1.00,1.00
2017.02.21 23:51:30.373,1.25991,1.26011,1.00,1.00
2017.02.21 23:51:36.909,1.25991,1.2601,1.00,1.00
2017.02.21 23:51:46.795,1.25991,1.26011,1.00,1.00
2017.02.21 23:51:47.305,1.2599,1.26012,1.00,1.00
2017.02.21 23:51:48.336,1.2599,1.26013,1.00,1.00
2017.02.21 23:51:48.858,1.2599,1.26014,1.00,1.00
2017.02.21 23:52:01.064,1.2599,1.26013,1.00,1.00
2017.02.21 23:52:01.454,1.25996,1.26012,1.00,1.00
2017.02.21 23:52:02.037,1.25996,1.26011,1.00,1.00
2017.02.21 23:52:02.365,1.2599,1.26011,1.00,1.00
2017.02.21 23:52:02.925,1.2599,1.26012,1.00,1.00
2017.02.21 23:52:05.232,1.2599,1.26013,1.00,1.00
2017.02.21 23:52:05.808,1.25991,1.26016,1.00,1.37
2017.02.21 23:52:06.004,1.25991,1.26017,1.00,1.00
2017.02.21 23:52:06.157,1.25991,1.26015,1.00,1.00
2017.02.21 23:52:07.617,1.25996,1.26015,1.00,1.00
2017.02.21 23:52:08.020,1.25996,1.26011,1.00,1.00
2017.02.21 23:52:08.174,1.25991,1.2601,1.00,1.00
2017.02.21 23:52:08.736,1.25985,1.2601,1.00,1.00
2017.02.21 23:52:10.709,1.25985,1.26011,1.00,1.00
2017.02.21 23:52:15.176,1.25985,1.26009,1.00,1.00
2017.02.21 23:52:17.699,1.25985,1.2601,1.00,1.00
2017.02.21 23:52:20.134,1.25985,1.26009,1.00,1.00
2017.02.21 23:52:21.112,1.25985,1.26011,1.00,1.00
2017.02.21 23:52:21.787,1.25991,1.26011,1.00,1.00
2017.02.21 23:52:27.691,1.2599,1.26011,1.00,1.00
2017.02.21 23:52:30.459,1.25991,1.26012,1.00,1.00
2017.02.21 23:52:30.968,1.25991,1.26011,1.00,1.00
2017.02.21 23:52:44.952,1.25991,1.26012,1.00,1.00
2017.02.21 23:52:45.503,1.25991,1.26013,1.00,1.00
2017.02.21 23:52:47.803,1.25991,1.26012,1.00,1.00
2017.02.21 23:52:51.633,1.25991,1.26014,1.00,1.00
2017.02.21 23:52:52.139,1.25991,1.26015,1.00,1.50
2017.02.21 23:52:52.800,1.25991,1.26014,1.00,1.00
2017.02.21 23:52:53.668,1.25991,1.26015,1.00,1.00
2017.02.21 23:52:54.174,1.2599,1.26018,1.00,1.00
2017.02.21 23:52:54.275,1.25991,1.26016,1.00,1.00
2017.02.21 23:52:54.450,1.25991,1.26019,1.00,2.25
2017.02.21 23:52:57.319,1.25991,1.26016,1.00,1.00
2017.02.21 23:52:57.623,1.25996,1.26014,1.00,1.00
2017.02.21 23:52:58.285,1.25996,1.26017,1.00,1.00
2017.02.21 23:52:58.336,1.25996,1.26019,1.00,1.00
2017.02.21 23:52:58.837,1.25996,1.2602,1.00,1.00
2017.02.21 23:52:59.358,1.25996,1.26019,1.00,1.00
2017.02.21 23:53:00.097,1.25996,1.2602,1.00,1.00
2017.02.21 23:53:03.912,1.25996,1.26021,1.00,1.00
2017.02.21 23:53:04.449,1.25996,1.2602,1.00,1.00
2017.02.21 23:53:04.843,1.25996,1.26018,1.00,1.00
2017.02.21 23:53:06.327,1.25996,1.26017,1.00,1.00
2017.02.21 23:53:06.665,1.25996,1.26019,1.00,1.12
2017.02.21 23:53:08.586,1.25996,1.26016,1.00,1.00
2017.02.21 23:53:09.074,1.25996,1.26019,1.00,1.12
2017.02.21 23:53:12.363,1.25996,1.26015,1.00,1.00
2017.02.21 23:53:15.402,1.25996,1.26013,1.00,1.00
2017.02.21 23:53:15.942,1.25996,1.26012,1.00,1.00
2017.02.21 23:53:16.153,1.25996,1.26015,1.00,1.50
2017.02.21 23:53:26.414,1.25996,1.26014,1.00,1.00
2017.02.21 23:53:26.952,1.25996,1.26013,1.00,1.00
2017.02.21 23:53:27.492,1.25996,1.26014,1.00,1.00
2017.02.21 23:53:28.116,1.25995,1.26013,1.00,1.00
2017.02.21 23:53:42.850,1.25995,1.26015,1.00,1.50
2017.02.21 23:53:46.957,1.25995,1.26021,1.12,1.50
2017.02.21 23:53:47.297,1.25995,1.26017,1.00,1.00
2017.02.21 23:53:50.880,1.25995,1.2602,1.00,1.00
2017.02.21 23:53:51.646,1.25995,1.26018,1.00,1.00
2017.02.21 23:54:00.302,1.25995,1.26017,1.00,1.00
2017.02.21 23:54:00.819,1.25995,1.26018,1.00,1.00
2017.02.21 23:54:01.304,1.25995,1.26018,1.37,1.00
2017.02.21 23:54:01.355,1.25995,1.2602,1.37,1.00
2017.02.21 23:54:02.111,1.25996,1.26019,1.12,1.00
2017.02.21 23:54:02.820,1.25996,1.2602,1.00,1.00
2017.02.21 23:54:03.608,1.25996,1.26019,1.00,1.00
2017.02.21 23:54:04.539,1.25996,1.2602,1.12,1.00
2017.02.21 23:54:05.595,1.25996,1.26019,1.00,1.00
2017.02.21 23:54:06.827,1.25996,1.2602,1.00,1.00
2017.02.21 23:54:11.306,1.25996,1.26019,1.00,1.00
2017.02.21 23:54:11.408,1.2599,1.26019,1.87,1.00
2017.02.21 23:54:11.459,1.25996,1.26019,1.00,1.00
2017.02.21 23:54:12.004,1.25995,1.26021,1.12,1.75
2017.02.21 23:54:12.605,1.25995,1.26019,1.37,1.12
2017.02.21 23:54:15.620,1.25995,1.26021,1.37,1.00
2017.02.21 23:54:20.220,1.25995,1.26022,1.37,1.00
2017.02.21 23:54:23.004,1.25995,1.26022,1.12,1.00
2017.02.21 23:54:23.659,1.25995,1.26022,1.37,1.00
2017.02.21 23:54:24.189,1.25995,1.26023,1.37,1.00
2017.02.21 23:54:26.888,1.25995,1.26023,1.37,1.00
2017.02.21 23:54:27.515,1.25995,1.26023,1.00,1.00
2017.02.21 23:54:27.818,1.26001,1.26023,1.00,1.00
2017.02.21 23:54:28.434,1.26001,1.26022,1.00,1.00
2017.02.21 23:54:33.970,1.26001,1.26023,1.00,1.00
2017.02.21 23:54:37.118,1.26,1.26023,1.00,1.00
2017.02.21 23:54:40.347,1.26001,1.26023,1.00,1.00
2017.02.21 23:54:40.944,1.26001,1.26022,1.00,1.00
2017.02.21 23:54:41.296,1.26001,1.2602,1.00,1.00
2017.02.21 23:54:45.827,1.26,1.2602,1.00,1.00
2017.02.21 23:54:46.158,1.25996,1.2602,1.00,1.00
2017.02.21 23:54:46.210,1.25996,1.26018,1.00,1.00
2017.02.21 23:54:47.447,1.25996,1.26017,1.00,1.00
2017.02.21 23:54:48.725,1.25995,1.26017,1.00,1.00
2017.02.21 23:54:49.323,1.25995,1.26018,1.00,1.00
2017.02.21 23:54:50.035,1.25995,1.26019,1.00,1.00
2017.02.21 23:54:50.559,1.25995,1.26018,1.00,1.00
2017.02.21 23:54:54.161,1.25996,1.26018,1.00,1.00
2017.02.21 23:55:00.168,1.25996,1.26019,1.00,1.00
2017.02.21 23:55:02.137,1.25996,1.2602,1.00,1.00
2017.02.21 23:55:02.799,1.25995,1.26019,1.00,1.00
2017.02.21 23:55:10.668,1.25996,1.26019,1.00,1.00
2017.02.21 23:55:20.921,1.25995,1.26019,1.00,1.00
2017.02.21 23:55:21.430,1.25995,1.2602,1.00,1.12
2017.02.21 23:55:24.308,1.26,1.2602,1.00,1.12
2017.02.21 23:55:25.820,1.25996,1.2602,1.00,1.12
2017.02.21 23:55:28.252,1.25995,1.2602,1.00,1.00
2017.02.21 23:55:32.184,1.26,1.26019,1.00,1.00
2017.02.21 23:55:32.712,1.26,1.2602,1.00,1.00
2017.02.21 23:55:32.965,1.25995,1.2602,1.00,1.00
2017.02.21 23:55:33.502,1.25996,1.2602,1.00,1.00
2017.02.21 23:55:33.769,1.26001,1.2602,1.00,1.00
2017.02.21 23:55:34.422,1.26001,1.26021,1.00,1.00
2017.02.21 23:55:52.139,1.26,1.26021,1.00,1.00
2017.02.21 23:56:00.130,1.26001,1.26021,1.00,1.00
2017.02.21 23:56:02.248,1.26001,1.26022,1.00,1.12
2017.02.21 23:56:02.617,1.26006,1.26027,1.00,1.87
2017.02.21 23:56:07.880,1.26006,1.26025,1.00,1.00
2017.02.21 23:56:08.427,1.26006,1.26024,1.00,1.00
2017.02.21 23:56:11.200,1.26006,1.26025,1.00,1.00
2017.02.21 23:56:15.191,1.26,1.26025,1.12,1.00
2017.02.21 23:56:16.525,1.26,1.26024,1.00,1.00
2017.02.21 23:56:17.081,1.26001,1.26023,1.00,1.00
2017.02.21 23:56:24.114,1.26001,1.26022,1.00,1.00
2017.02.21 23:56:24.862,1.26,1.26023,1.00,1.00
2017.02.21 23:56:34.214,1.26,1.26024,1.00,1.00
2017.02.21 23:56:40.538,1.26001,1.26024,1.00,1.12
2017.02.21 23:56:48.240,1.26001,1.26023,1.00,1.00
2017.02.21 23:57:03.270,1.26001,1.26024,1.00,1.00
2017.02.21 23:57:04.139,1.26001,1.26025,1.37,1.12
2017.02.21 23:57:04.322,1.26,1.26024,1.00,1.00
2017.02.21 23:57:04.424,1.26,1.26026,1.00,1.00
2017.02.21 23:57:04.949,1.26,1.26026,1.00,1.37
2017.02.21 23:57:06.541,1.26001,1.26029,1.00,3.00
2017.02.21 23:57:07.360,1.26001,1.26028,1.37,1.75
2017.02.21 23:57:11.031,1.26005,1.2603,1.37,1.75
2017.02.21 23:57:11.081,1.26011,1.26031,1.00,1.75
2017.02.21 23:57:11.183,1.26011,1.26033,1.00,1.00
2017.02.21 23:57:11.234,1.26011,1.26035,1.00,1.50
2017.02.21 23:57:12.084,1.26011,1.26034,1.00,1.00
2017.02.21 23:57:12.411,1.26011,1.26036,1.00,1.12
2017.02.21 23:57:12.949,1.26011,1.26034,1.00,1.00
2017.02.21 23:57:13.523,1.26011,1.26033,1.00,1.00
2017.02.21 23:57:14.190,1.26011,1.26035,1.00,1.00
2017.02.21 23:57:14.698,1.26011,1.26037,1.00,1.50
2017.02.21 23:57:14.834,1.26011,1.26034,1.00,1.00
2017.02.21 23:57:17.571,1.26011,1.26032,1.00,1.00
2017.02.21 23:57:21.790,1.2601,1.26032,1.00,1.00
2017.02.21 23:57:24.147,1.26011,1.26032,1.00,1.00
2017.02.21 23:57:34.842,1.26011,1.26033,1.00,1.00
2017.02.21 23:57:43.435,1.2601,1.26033,1.00,1.00
2017.02.21 23:57:43.969,1.2601,1.26034,1.00,1.00
2017.02.21 23:57:45.838,1.26011,1.26034,1.00,1.00
2017.02.21 23:57:51.555,1.2601,1.26034,1.00,1.50
2017.02.21 23:58:01.232,1.2601,1.26033,1.00,1.00
2017.02.21 23:58:03.140,1.2601,1.26034,1.00,1.50
2017.02.21 23:58:06.288,1.26011,1.26034,1.00,1.00
2017.02.21 23:58:19.421,1.26011,1.26033,1.00,1.00
2017.02.21 23:58:24.905,1.26011,1.26034,1.00,1.00
2017.02.21 23:58:25.444,1.26011,1.26033,1.00,1.00
2017.02.21 23:58:25.958,1.26011,1.26035,1.00,1.50
2017.02.21 23:58:30.765,1.26011,1.26034,1.00,1.00
2017.02.21 23:58:31.374,1.26011,1.26033,1.00,1.00
2017.02.21 23:58:36.195,1.26011,1.26035,1.00,1.50
2017.02.21 23:58:51.797,1.26006,1.26035,1.37,1.50
2017.02.21 23:58:52.589,1.26011,1.26035,1.00,1.00
2017.02.21 23:58:55.419,1.26011,1.26034,1.00,1.00
2017.02.21 23:58:55.719,1.26011,1.26032,1.00,1.00
2017.02.21 23:58:55.919,1.26005,1.26032,1.37,1.00
2017.02.21 23:59:00.443,1.26006,1.26032,1.37,1.00
2017.02.21 23:59:00.646,1.26006,1.26032,1.37,1.00
2017.02.21 23:59:00.697,1.26006,1.26034,1.37,1.00
2017.02.21 23:59:00.994,1.2601,1.26036,1.12,1.00
2017.02.21 23:59:01.571,1.2601,1.26037,1.12,1.12
2017.02.21 23:59:02.817,1.26011,1.26037,1.00,1.12
2017.02.21 23:59:03.891,1.26011,1.26035,1.00,1.00
2017.02.21 23:59:04.954,1.2601,1.26035,1.12,1.00
2017.02.21 23:59:07.684,1.26011,1.26035,1.00,1.00
2017.02.21 23:59:08.206,1.26011,1.26036,1.00,1.00
2017.02.21 23:59:09.418,1.26011,1.26037,1.00,1.12
2017.02.21 23:59:11.518,1.26011,1.26036,1.00,1.00
2017.02.21 23:59:12.264,1.26011,1.26037,1.00,1.12
2017.02.21 23:59:15.251,1.26011,1.26036,1.00,1.00
2017.02.21 23:59:20.950,1.26011,1.26038,1.37,1.37
2017.02.21 23:59:22.225,1.26011,1.26038,1.00,1.37
2017.02.21 23:59:24.029,1.26011,1.26036,1.00,1.00
2017.02.21 23:59:30.960,1.26011,1.26035,1.00,1.00
2017.02.21 23:59:31.267,1.26011,1.26033,1.00,1.00
2017.02.21 23:59:31.848,1.26011,1.26034,1.00,1.00
2017.02.21 23:59:32.308,1.26015,1.26034,1.00,1.00
2017.02.21 23:59:32.460,1.26021,1.26041,1.00,1.00
2017.02.21 23:59:32.561,1.2602,1.26043,1.00,1.50
2017.02.21 23:59:32.658,1.26025,1.26043,1.00,1.00
2017.02.21 23:59:33.148,1.26025,1.26041,1.00,1.00
2017.02.21 23:59:33.382,1.26025,1.26043,1.00,1.00
2017.02.21 23:59:33.697,1.26021,1.26042,1.00,1.00
2017.02.21 23:59:33.862,1.26021,1.26045,1.00,1.50
2017.02.21 23:59:36.085,1.26025,1.26045,1.00,1.50
2017.02.21 23:59:36.395,1.26025,1.26043,1.00,1.00
2017.02.21 23:59:36.446,1.26025,1.26045,1.00,1.50
2017.02.21 23:59:39.371,1.26025,1.26043,1.00,1.00
2017.02.21 23:59:39.638,1.26025,1.26045,1.00,1.50
2017.02.21 23:59:40.458,1.26026,1.26045,1.00,1.50
2017.02.21 23:59:41.550,1.26026,1.26043,1.00,1.00
2017.02.21 23:59:42.600,1.26026,1.26044,1.00,1.00
2017.02.21 23:59:43.211,1.26026,1.26045,1.00,1.00
2017.02.21 23:59:45.279,1.26026,1.26046,1.00,1.00
2017.02.21 23:59:49.348,1.26026,1.26045,1.00,1.00
2017.02.21 23:59:51.335,1.26015,1.26045,1.37,1.50
2017.02.21 23:59:51.603,1.26015,1.26042,1.12,1.00
2017.02.21 23:59:52.149,1.26015,1.26041,1.12,1.00
2017.02.21 23:59:54.893,1.26015,1.26039,1.12,1.00
2017.02.21 23:59:56.086,1.26015,1.2604,1.12,1.00
2017.02.21 23:59:58.068,1.26016,1.26042,1.00,1.00
2017.02.21 23:59:58.194,1.26025,1.26042,1.00,1.00
2017.02.21 23:59:58.245,1.26015,1.26042,1.37,1.00
2017.02.21 23:59:58.297,1.26021,1.26044,1.00,1.00
2017.02.21 23:59:58.641,1.26026,1.26045,1.00,1.00
2017.02.21 23:59:58.748,1.26016,1.26043,1.12,1.00
2017.02.21 23:59:58.890,1.26016,1.26041,1.12,1.00
2017.02.21 23:59:59.772,1.26016,1.26042,1.12,1.00
