2013.11.15 15:00:00.069,1.47345,1.47358,2.25,1.50
2013.11.15 15:00:00.195,1.47348,1.47362,2.25,1.50
2013.11.15 15:00:00.256,1.47346,1.47359,1.50,1.50
2013.11.15 15:00:00.316,1.47343,1.47363,1.50,2.25
2013.11.15 15:00:00.376,1.47342,1.47363,1.13,2.25
2013.11.15 15:00:00.495,1.47343,1.47363,1.50,1.50
2013.11.15 15:00:00.736,1.47342,1.47358,1.50,1.50
2013.11.15 15:00:00.976,1.47335,1.47356,1.50,1.50
2013.11.15 15:00:01.036,1.47332,1.47352,1.88,1.50
2013.11.15 15:00:01.395,1.47332,1.47352,1.50,1.50
2013.11.15 15:00:01.836,1.47333,1.47354,1.50,1.50
2013.11.15 15:00:01.955,1.47333,1.47354,1.50,1.50
2013.11.15 15:00:02.507,1.47333,1.47354,1.50,1.50
2013.11.15 15:00:03.185,1.47333,1.47352,1.50,1.50
2013.11.15 15:00:04.176,1.47332,1.47349,1.50,1.13
2013.11.15 15:00:04.418,1.47343,1.47356,1.50,1.50
2013.11.15 15:00:04.487,1.47338,1.47355,1.50,1.13
2013.11.15 15:00:04.666,1.47335,1.47355,1.50,1.13
2013.11.15 15:00:04.787,1.47333,1.47355,1.50,1.13
2013.11.15 15:00:04.856,1.47331,1.47353,2.25,1.50
2013.11.15 15:00:04.976,1.47329,1.47349,1.50,1.13
2013.11.15 15:00:05.096,1.47328,1.47349,2.25,1.13
2013.11.15 15:00:06.175,1.47328,1.47347,2.25,1.50
2013.11.15 15:00:06.545,1.47328,1.47344,2.25,1.50
2013.11.15 15:00:06.665,1.47328,1.47345,2.25,1.13
2013.11.15 15:00:06.845,1.47328,1.47344,2.25,1.50
2013.11.15 15:00:09.766,1.47328,1.47344,1.50,1.13
2013.11.15 15:00:09.889,1.47328,1.47344,2.25,1.88
2013.11.15 15:00:09.957,1.47328,1.47341,1.50,1.50
2013.11.15 15:00:10.017,1.47325,1.47341,1.50,1.50
2013.11.15 15:00:10.268,1.47325,1.47344,1.50,1.13
2013.11.15 15:00:10.335,1.47325,1.47344,1.50,1.88
2013.11.15 15:00:10.574,1.47325,1.47344,1.50,1.13
2013.11.15 15:00:10.986,1.47322,1.47344,1.88,1.88
2013.11.15 15:00:11.046,1.4732,1.47339,2.25,1.50
2013.11.15 15:00:11.587,1.47321,1.47339,1.50,1.50
2013.11.15 15:00:11.718,1.47322,1.47339,1.50,2.25
2013.11.15 15:00:12.165,1.47322,1.47339,1.50,2.07
2013.11.15 15:00:12.587,1.47322,1.47342,1.50,1.88
2013.11.15 15:00:12.895,1.47322,1.47339,1.50,1.09
2013.11.15 15:00:13.256,1.47322,1.47339,1.50,1.69
2013.11.15 15:00:13.495,1.47322,1.47339,1.50,1.39
2013.11.15 15:00:13.915,1.47319,1.47338,1.09,1.28
2013.11.15 15:00:13.977,1.47317,1.47336,2.52,1.20
2013.11.15 15:00:14.454,1.47318,1.47338,1.09,2.33
2013.11.15 15:00:15.732,1.47317,1.47337,2.33,1.69
2013.11.15 15:00:16.265,1.47313,1.47332,2.63,1.50
2013.11.15 15:00:16.805,1.47317,1.47331,1.02,1.13
2013.11.15 15:00:17.045,1.47318,1.47337,1.50,1.69
2013.11.15 15:00:17.111,1.4732,1.47339,1.95,2.14
2013.11.15 15:00:17.234,1.4732,1.47337,1.58,1.09
2013.11.15 15:00:17.618,1.4732,1.47337,1.50,1.39
2013.11.15 15:00:17.945,1.47321,1.47339,1.69,3.75
2013.11.15 15:00:18.005,1.47321,1.47339,1.69,1.88
2013.11.15 15:00:18.184,1.47318,1.47338,2.89,1.20
2013.11.15 15:00:18.244,1.47318,1.47337,2.82,1.50
2013.11.15 15:00:18.954,1.4732,1.47339,1.28,1.65
2013.11.15 15:00:19.014,1.47321,1.47339,1.58,1.65
2013.11.15 15:00:19.135,1.47325,1.47343,2.03,1.58
2013.11.15 15:00:19.317,1.47325,1.47342,1.95,1.13
2013.11.15 15:00:19.820,1.47325,1.47342,1.13,1.20
2013.11.15 15:00:20.236,1.47323,1.4734,1.02,1.65
2013.11.15 15:00:20.475,1.47322,1.47339,1.58,1.28
2013.11.15 15:00:20.595,1.47322,1.47339,1.50,1.88
2013.11.15 15:00:20.894,1.47322,1.47339,1.58,1.58
2013.11.15 15:00:21.463,1.47322,1.47339,1.50,1.88
2013.11.15 15:00:21.649,1.47323,1.47341,1.77,2.25
2013.11.15 15:00:21.721,1.47325,1.47342,1.02,1.65
2013.11.15 15:00:22.036,1.47325,1.47343,1.02,1.20
2013.11.15 15:00:22.100,1.47325,1.47343,1.02,1.20
2013.11.15 15:00:22.287,1.47328,1.47342,2.25,1.13
2013.11.15 15:00:22.355,1.47328,1.47345,2.25,1.09
2013.11.15 15:00:22.418,1.47328,1.47345,2.63,1.39
2013.11.15 15:00:22.727,1.47328,1.47345,2.63,1.09
2013.11.15 15:00:23.085,1.47331,1.47346,1.50,1.58
2013.11.15 15:00:23.648,1.47328,1.47346,2.07,1.20
2013.11.15 15:00:24.014,1.47331,1.47346,1.50,1.20
2013.11.15 15:00:24.195,1.47335,1.47352,1.20,2.25
2013.11.15 15:00:24.375,1.47338,1.47356,1.95,1.69
2013.11.15 15:00:24.734,1.47347,1.47366,1.09,2.78
2013.11.15 15:00:24.795,1.47347,1.47363,1.09,1.50
2013.11.15 15:00:25.605,1.47346,1.47363,1.02,1.65
2013.11.15 15:00:25.664,1.47343,1.47362,1.20,1.20
2013.11.15 15:00:25.975,1.47341,1.4736,1.50,1.69
2013.11.15 15:00:26.036,1.4734,1.4736,1.58,1.32
2013.11.15 15:00:26.095,1.47341,1.4736,1.20,1.02
2013.11.15 15:00:26.395,1.4734,1.4736,1.13,1.69
2013.11.15 15:00:26.634,1.47341,1.4736,1.20,1.39
2013.11.15 15:00:26.876,1.47343,1.4736,1.50,1.32
2013.11.15 15:00:27.236,1.47348,1.47367,1.20,2.52
2013.11.15 15:00:27.355,1.47346,1.47364,2.07,1.50
2013.11.15 15:00:27.607,1.47347,1.47366,1.39,1.58
2013.11.15 15:00:27.727,1.47351,1.47369,1.20,2.07
2013.11.15 15:00:29.985,1.47351,1.47369,1.09,2.03
2013.11.15 15:00:31.027,1.47351,1.47369,1.02,1.88
2013.11.15 15:00:31.335,1.47353,1.47369,1.50,1.13
2013.11.15 15:00:31.397,1.47353,1.47372,1.69,2.25
2013.11.15 15:00:31.695,1.47358,1.47375,1.13,1.20
2013.11.15 15:00:31.875,1.47358,1.47377,1.50,1.69
2013.11.15 15:00:32.445,1.47359,1.47377,2.63,1.69
2013.11.15 15:00:32.565,1.47358,1.47377,1.20,1.77
2013.11.15 15:00:33.116,1.47358,1.47377,1.20,1.02
2013.11.15 15:00:33.655,1.47358,1.47378,1.20,1.09
2013.11.15 15:00:34.161,1.47361,1.47379,1.20,1.88
2013.11.15 15:00:34.826,1.47363,1.47379,1.20,1.13
2013.11.15 15:00:34.896,1.47363,1.47382,1.20,1.77
2013.11.15 15:00:34.955,1.47363,1.47382,1.50,1.69
2013.11.15 15:00:35.696,1.47363,1.47381,1.50,1.69
2013.11.15 15:00:36.250,1.47368,1.47387,1.88,1.13
2013.11.15 15:00:36.557,1.47373,1.47388,1.50,1.13
2013.11.15 15:00:36.797,1.47373,1.47389,1.20,1.69
2013.11.15 15:00:36.865,1.47371,1.47389,1.20,1.69
2013.11.15 15:00:37.577,1.47369,1.47388,1.32,1.50
2013.11.15 15:00:38.126,1.47371,1.47389,1.20,2.07
2013.11.15 15:00:38.437,1.47381,1.47393,1.13,1.28
2013.11.15 15:00:38.625,1.47383,1.47402,2.63,1.50
2013.11.15 15:00:38.866,1.47383,1.47404,3.38,1.65
2013.11.15 15:00:39.895,1.47383,1.47405,2.44,1.47
2013.11.15 15:00:42.085,1.47383,1.47402,1.77,1.20
2013.11.15 15:00:43.746,1.4738,1.474,1.20,1.28
2013.11.15 15:00:44.047,1.47383,1.47401,1.20,1.13
2013.11.15 15:00:44.105,1.47383,1.47402,1.58,3.45
2013.11.15 15:00:44.647,1.47385,1.47402,1.28,1.20
2013.11.15 15:00:45.084,1.47385,1.47402,1.88,1.58
2013.11.15 15:00:45.597,1.47385,1.47402,1.50,1.58
2013.11.15 15:00:46.775,1.47384,1.47403,1.69,1.50
2013.11.15 15:00:47.031,1.47383,1.47402,2.52,1.58
2013.11.15 15:00:48.018,1.47383,1.474,2.52,1.65
2013.11.15 15:00:48.326,1.47376,1.47394,1.95,1.13
2013.11.15 15:00:48.445,1.4737,1.4739,1.39,1.09
2013.11.15 15:00:48.648,1.47368,1.47387,1.69,1.50
2013.11.15 15:00:48.787,1.4737,1.4739,1.09,1.09
2013.11.15 15:00:48.858,1.47373,1.47392,1.20,2.52
2013.11.15 15:00:49.225,1.47375,1.47393,1.50,1.88
2013.11.15 15:00:49.344,1.47373,1.47392,2.33,1.02
2013.11.15 15:00:49.405,1.47379,1.47393,1.13,1.65
2013.11.15 15:00:49.825,1.47379,1.47397,1.13,1.20
2013.11.15 15:00:50.395,1.47381,1.47399,1.02,1.28
2013.11.15 15:00:50.875,1.47383,1.47398,1.13,1.13
2013.11.15 15:00:51.055,1.47388,1.47402,1.13,1.58
2013.11.15 15:00:51.235,1.47387,1.47401,1.13,1.28
2013.11.15 15:00:51.357,1.47388,1.47402,1.13,1.20
2013.11.15 15:00:51.606,1.47388,1.47402,1.13,1.20
2013.11.15 15:00:51.907,1.47378,1.47397,3.90,1.09
2013.11.15 15:00:51.967,1.47378,1.47397,3.83,1.39
2013.11.15 15:00:52.088,1.47376,1.47397,1.02,1.69
2013.11.15 15:00:52.339,1.47375,1.47394,1.02,3.08
2013.11.15 15:00:53.835,1.47374,1.47391,1.13,3.38
2013.11.15 15:00:54.207,1.47373,1.47386,1.13,1.13
2013.11.15 15:00:54.786,1.47373,1.47387,1.13,1.20
2013.11.15 15:00:54.906,1.47373,1.47388,1.13,1.65
2013.11.15 15:00:55.447,1.47373,1.47388,1.13,1.20
2013.11.15 15:00:56.236,1.47368,1.47388,1.09,1.77
2013.11.15 15:00:56.356,1.47368,1.47388,1.39,1.47
2013.11.15 15:00:56.809,1.47368,1.47387,1.09,1.65
2013.11.15 15:00:57.007,1.47368,1.47387,1.39,1.58
2013.11.15 15:00:57.135,1.47371,1.47388,1.58,1.47
2013.11.15 15:00:57.446,1.47367,1.47387,1.77,1.50
2013.11.15 15:00:57.750,1.47366,1.47384,1.50,2.82
2013.11.15 15:00:58.146,1.47363,1.47384,1.69,3.57
2013.11.15 15:00:58.839,1.47363,1.47384,1.69,3.57
2013.11.15 15:00:59.045,1.47363,1.47384,1.77,1.69
2013.11.15 15:00:59.236,1.47363,1.47384,1.77,1.69
2013.11.15 15:00:59.296,1.47364,1.47384,1.39,1.09
2013.11.15 15:00:59.537,1.47368,1.47384,1.50,1.09
2013.11.15 15:01:00.090,1.47371,1.47388,1.95,1.50
2013.11.15 15:01:00.495,1.47372,1.47388,1.09,1.13
2013.11.15 15:01:01.091,1.47371,1.47388,1.77,1.28
2013.11.15 15:01:01.155,1.47375,1.47392,1.50,2.44
2013.11.15 15:01:01.394,1.47373,1.47392,1.50,3.19
2013.11.15 15:01:01.515,1.47372,1.47392,2.44,3.19
2013.11.15 15:01:04.025,1.47369,1.47389,1.13,1.88
2013.11.15 15:01:08.779,1.47367,1.47384,1.69,1.50
2013.11.15 15:01:09.954,1.47367,1.47385,1.65,1.09
2013.11.15 15:01:10.555,1.47371,1.47386,1.50,1.02
2013.11.15 15:01:10.856,1.47371,1.4739,1.58,1.95
2013.11.15 15:01:10.984,1.47369,1.47387,1.28,1.39
2013.11.15 15:01:11.964,1.47368,1.47387,1.58,1.77
2013.11.15 15:01:14.127,1.47368,1.47384,1.02,1.20
2013.11.15 15:01:14.247,1.47365,1.47383,1.88,1.95
2013.11.15 15:01:14.556,1.47365,1.4738,1.13,1.50
2013.11.15 15:01:14.884,1.47365,1.4738,1.13,3.38
2013.11.15 15:01:15.216,1.47365,1.4738,1.13,1.50
2013.11.15 15:01:16.646,1.47363,1.4738,1.32,1.50
2013.11.15 15:01:16.827,1.47363,1.47379,1.32,1.20
2013.11.15 15:01:17.186,1.47353,1.47374,2.40,1.39
2013.11.15 15:01:17.738,1.47357,1.47375,1.20,1.88
2013.11.15 15:01:18.345,1.47356,1.47374,1.50,1.02
2013.11.15 15:01:18.765,1.47361,1.47375,1.88,1.58
2013.11.15 15:01:18.945,1.47364,1.47376,1.39,1.13
2013.11.15 15:01:19.128,1.47363,1.47382,1.02,2.33
2013.11.15 15:01:19.197,1.4736,1.47379,2.70,1.58
2013.11.15 15:01:19.269,1.47363,1.47379,1.02,1.58
2013.11.15 15:01:19.750,1.47358,1.47375,1.13,1.58
2013.11.15 15:01:20.060,1.47358,1.47373,1.13,1.88
2013.11.15 15:01:20.125,1.47354,1.47372,1.13,1.77
2013.11.15 15:01:20.186,1.47354,1.4737,1.13,1.20
2013.11.15 15:01:20.735,1.47354,1.4737,1.13,1.50
2013.11.15 15:01:22.540,1.47353,1.4737,1.88,2.25
2013.11.15 15:01:22.608,1.47353,1.47364,1.88,1.13
2013.11.15 15:01:22.917,1.47345,1.47363,1.13,1.20
2013.11.15 15:01:23.168,1.47345,1.47363,1.13,1.20
2013.11.15 15:01:24.047,1.47353,1.47364,1.13,1.13
2013.11.15 15:01:24.225,1.47349,1.47366,1.50,1.13
2013.11.15 15:01:24.285,1.47349,1.47368,1.58,1.39
2013.11.15 15:01:25.015,1.47353,1.47367,1.13,1.13
2013.11.15 15:01:26.290,1.47352,1.47367,1.13,1.20
2013.11.15 15:01:27.116,1.4735,1.47367,1.50,1.20
2013.11.15 15:01:27.475,1.47356,1.47372,1.88,1.65
2013.11.15 15:01:27.595,1.47357,1.47374,1.02,2.03
2013.11.15 15:01:27.776,1.47357,1.47376,1.02,1.58
2013.11.15 15:01:29.134,1.47357,1.47376,1.02,1.58
2013.11.15 15:01:29.455,1.47358,1.47375,1.02,1.13
2013.11.15 15:01:29.645,1.47358,1.47375,1.13,1.20
2013.11.15 15:01:30.222,1.47365,1.4738,1.50,1.13
2013.11.15 15:01:30.716,1.47365,1.4738,1.50,1.13
2013.11.15 15:01:30.837,1.47365,1.47382,2.25,1.95
2013.11.15 15:01:30.906,1.47362,1.4738,1.20,1.77
2013.11.15 15:01:30.966,1.47362,1.4738,1.13,2.07
2013.11.15 15:01:31.207,1.47361,1.47377,1.13,1.65
2013.11.15 15:01:31.635,1.47361,1.47375,1.13,1.13
2013.11.15 15:01:31.755,1.47362,1.47375,1.13,1.20
2013.11.15 15:01:31.936,1.47361,1.47377,1.13,1.65
2013.11.15 15:01:32.247,1.47362,1.47375,1.13,1.50
2013.11.15 15:01:32.705,1.47362,1.47377,1.13,1.50
2013.11.15 15:01:35.270,1.47356,1.47376,1.39,1.69
2013.11.15 15:01:35.775,1.47358,1.47376,1.50,1.32
2013.11.15 15:01:35.899,1.47359,1.47377,1.58,1.84
2013.11.15 15:01:35.966,1.47357,1.47377,1.65,1.84
2013.11.15 15:01:36.634,1.47362,1.47377,1.13,1.65
2013.11.15 15:01:37.394,1.47362,1.47377,1.13,1.50
2013.11.15 15:01:39.074,1.47359,1.47377,1.32,1.20
2013.11.15 15:01:39.135,1.47359,1.47377,1.32,1.50
2013.11.15 15:01:39.746,1.4736,1.47377,1.13,1.50
2013.11.15 15:01:39.806,1.47361,1.47379,1.13,1.20
2013.11.15 15:01:40.046,1.47363,1.47381,1.02,1.20
2013.11.15 15:01:40.106,1.47364,1.47381,1.02,1.13
2013.11.15 15:01:40.225,1.47363,1.47383,1.09,1.95
2013.11.15 15:01:40.284,1.47363,1.47383,1.09,1.95
2013.11.15 15:01:40.645,1.47362,1.4738,1.32,1.20
2013.11.15 15:01:42.009,1.47362,1.47379,1.32,1.20
2013.11.15 15:01:42.255,1.47362,1.47378,1.69,1.13
2013.11.15 15:01:42.495,1.47362,1.47381,1.69,3.00
2013.11.15 15:01:42.684,1.47368,1.47384,1.50,2.14
2013.11.15 15:01:42.744,1.47368,1.47383,1.50,1.20
2013.11.15 15:01:43.285,1.47366,1.47381,1.50,1.13
2013.11.15 15:01:44.615,1.47372,1.47384,1.13,3.38
2013.11.15 15:01:44.794,1.47373,1.47387,1.50,1.88
2013.11.15 15:01:44.855,1.47374,1.47388,2.07,1.20
2013.11.15 15:01:47.455,1.47375,1.47391,1.32,1.28
2013.11.15 15:01:48.137,1.47376,1.47392,1.02,1.95
2013.11.15 15:01:48.654,1.47377,1.47392,1.50,1.20
2013.11.15 15:01:49.594,1.47377,1.47392,1.50,1.58
2013.11.15 15:01:51.095,1.47376,1.47392,1.77,1.95
2013.11.15 15:01:54.286,1.47375,1.47394,1.02,1.58
2013.11.15 15:01:55.335,1.47376,1.47394,1.47,1.20
2013.11.15 15:01:56.486,1.47378,1.47394,1.65,1.20
2013.11.15 15:01:56.985,1.47378,1.47395,1.95,1.13
2013.11.15 15:01:57.996,1.47378,1.47395,1.95,1.13
2013.11.15 15:01:59.177,1.47379,1.47397,1.65,1.02
2013.11.15 15:01:59.247,1.47379,1.47397,1.65,1.77
2013.11.15 15:01:59.555,1.47384,1.47398,1.20,1.13
2013.11.15 15:01:59.975,1.47384,1.47401,1.20,1.69
2013.11.15 15:02:00.886,1.47387,1.47402,1.20,3.38
2013.11.15 15:02:00.946,1.47387,1.47402,1.20,2.25
2013.11.15 15:02:01.249,1.47383,1.47401,1.69,1.13
2013.11.15 15:02:01.315,1.47383,1.47401,1.32,1.20
2013.11.15 15:02:01.616,1.47374,1.47387,1.28,1.50
2013.11.15 15:02:01.918,1.47374,1.47388,1.65,1.13
2013.11.15 15:02:01.986,1.47373,1.47387,1.65,2.25
2013.11.15 15:02:02.166,1.4737,1.47387,1.84,2.25
2013.11.15 15:02:03.403,1.47371,1.47386,1.28,1.32
2013.11.15 15:02:03.817,1.4737,1.47386,1.28,1.32
2013.11.15 15:02:04.897,1.4737,1.47389,1.09,2.03
2013.11.15 15:02:06.379,1.47365,1.47382,1.39,1.13
2013.11.15 15:02:06.459,1.47367,1.47379,1.65,1.50
2013.11.15 15:02:09.227,1.47359,1.47376,2.40,1.95
2013.11.15 15:02:09.534,1.47357,1.47376,2.14,1.95
2013.11.15 15:02:10.985,1.47361,1.47377,1.13,2.22
2013.11.15 15:02:11.445,1.47361,1.47377,1.58,1.32
2013.11.15 15:02:11.745,1.47362,1.47381,1.65,2.22
2013.11.15 15:02:12.748,1.47364,1.47383,1.20,1.02
2013.11.15 15:02:17.854,1.47362,1.47381,2.33,2.14
2013.11.15 15:02:19.027,1.47362,1.47379,1.58,1.28
2013.11.15 15:02:19.146,1.47362,1.47377,1.58,1.69
2013.11.15 15:02:20.014,1.47362,1.47377,1.50,2.07
2013.11.15 15:02:20.195,1.47362,1.47377,1.69,1.58
2013.11.15 15:02:20.435,1.47362,1.47381,1.69,2.25
2013.11.15 15:02:20.556,1.47362,1.47379,1.69,1.28
2013.11.15 15:02:21.108,1.4736,1.47379,1.09,1.28
2013.11.15 15:02:21.674,1.47358,1.47377,2.70,1.02
2013.11.15 15:02:22.418,1.4736,1.47378,1.50,1.32
2013.11.15 15:02:22.487,1.47358,1.47377,1.65,1.09
2013.11.15 15:02:22.618,1.4736,1.47377,1.58,1.09
2013.11.15 15:02:22.925,1.4736,1.47377,1.58,1.09
2013.11.15 15:02:23.443,1.47362,1.47379,1.09,1.88
2013.11.15 15:02:23.945,1.47362,1.47378,1.09,1.50
2013.11.15 15:02:27.166,1.47361,1.47379,1.39,1.50
2013.11.15 15:02:27.436,1.47361,1.47378,1.39,1.50
2013.11.15 15:02:27.558,1.47363,1.47378,1.50,1.50
2013.11.15 15:02:27.868,1.47368,1.47378,1.50,1.50
2013.11.15 15:02:27.995,1.47373,1.47384,1.20,1.13
2013.11.15 15:02:28.056,1.47373,1.47388,1.95,1.13
2013.11.15 15:02:28.115,1.47373,1.4739,1.95,2.07
2013.11.15 15:02:28.668,1.47373,1.47391,2.70,1.32
2013.11.15 15:02:29.734,1.47373,1.47388,2.70,1.50
2013.11.15 15:02:32.727,1.47372,1.47388,1.20,1.50
2013.11.15 15:02:34.156,1.47372,1.47387,1.20,1.88
2013.11.15 15:02:34.214,1.47372,1.47387,1.13,1.88
2013.11.15 15:02:34.276,1.47371,1.47387,1.65,1.88
2013.11.15 15:02:34.834,1.47369,1.47387,1.39,1.88
2013.11.15 15:02:36.449,1.47369,1.47383,1.20,1.50
2013.11.15 15:02:36.755,1.47371,1.47386,1.20,1.32
2013.11.15 15:02:37.156,1.4737,1.47391,1.65,2.70
2013.11.15 15:02:37.216,1.4737,1.47388,1.65,1.20
2013.11.15 15:02:37.516,1.47371,1.47391,1.20,2.63
2013.11.15 15:02:37.586,1.47374,1.47391,1.20,2.25
2013.11.15 15:02:38.006,1.47375,1.47391,1.02,1.20
2013.11.15 15:02:38.195,1.47375,1.47391,1.02,1.20
2013.11.15 15:02:38.435,1.47373,1.47391,1.28,1.20
2013.11.15 15:02:39.186,1.47374,1.47391,1.13,1.13
2013.11.15 15:02:41.763,1.47377,1.47391,1.09,1.13
2013.11.15 15:02:41.839,1.47372,1.47391,2.40,2.22
2013.11.15 15:02:43.495,1.47372,1.47388,2.33,1.13
2013.11.15 15:02:43.734,1.47371,1.47387,1.02,1.58
2013.11.15 15:02:44.607,1.4737,1.47387,1.65,2.14
2013.11.15 15:02:44.908,1.47377,1.47392,1.02,1.13
2013.11.15 15:02:45.097,1.47377,1.47393,2.14,1.58
2013.11.15 15:02:45.156,1.47378,1.47393,1.69,1.50
2013.11.15 15:02:45.396,1.47378,1.47393,1.09,1.50
2013.11.15 15:02:46.006,1.47378,1.47394,1.39,1.50
2013.11.15 15:02:46.486,1.4738,1.47392,1.13,1.50
2013.11.15 15:02:47.025,1.47382,1.47397,1.39,1.88
2013.11.15 15:02:47.384,1.47383,1.47397,1.02,1.13
2013.11.15 15:02:47.935,1.47383,1.47397,1.02,1.13
2013.11.15 15:02:47.995,1.47382,1.47397,1.69,1.20
2013.11.15 15:02:48.056,1.47381,1.47397,1.58,1.58
2013.11.15 15:02:48.418,1.47383,1.47397,1.20,3.00
2013.11.15 15:02:48.848,1.47383,1.47397,1.39,1.13
2013.11.15 15:02:49.027,1.47386,1.47397,1.20,1.13
2013.11.15 15:02:49.534,1.47386,1.47397,2.25,1.13
2013.11.15 15:02:50.048,1.47386,1.47397,2.25,1.13
2013.11.15 15:02:50.175,1.47385,1.47397,1.39,1.13
2013.11.15 15:02:52.531,1.47383,1.47397,1.58,1.13
2013.11.15 15:02:53.027,1.47382,1.47397,1.95,1.13
2013.11.15 15:02:53.115,1.47383,1.47397,1.20,1.13
2013.11.15 15:02:53.475,1.47387,1.47402,1.50,1.32
2013.11.15 15:02:53.955,1.47386,1.47402,1.28,1.32
2013.11.15 15:02:54.575,1.47386,1.47401,1.13,1.02
2013.11.15 15:02:55.279,1.47386,1.47402,1.32,1.28
2013.11.15 15:02:55.886,1.47383,1.474,1.13,2.03
2013.11.15 15:02:56.426,1.4738,1.47393,1.13,1.28
2013.11.15 15:02:57.058,1.47378,1.47393,1.69,1.28
2013.11.15 15:02:58.986,1.47379,1.47396,1.13,1.28
2013.11.15 15:02:59.493,1.47379,1.47396,1.28,1.13
2013.11.15 15:02:59.700,1.4738,1.47396,1.50,1.13
2013.11.15 15:02:59.947,1.4738,1.47396,1.58,1.39
2013.11.15 15:03:00.007,1.4738,1.47395,1.50,1.02
2013.11.15 15:03:00.076,1.47378,1.47395,1.50,1.84
2013.11.15 15:03:00.134,1.47378,1.47392,1.50,1.13
2013.11.15 15:03:01.054,1.47378,1.47395,1.50,1.84
2013.11.15 15:03:02.205,1.47376,1.47395,1.09,2.03
2013.11.15 15:03:02.626,1.47378,1.47395,1.50,2.03
2013.11.15 15:03:03.623,1.47373,1.47392,1.95,1.39
2013.11.15 15:03:03.696,1.47378,1.47392,1.50,1.39
2013.11.15 15:03:04.286,1.47378,1.47392,1.50,2.14
2013.11.15 15:03:06.667,1.47374,1.47392,1.13,1.58
2013.11.15 15:03:07.155,1.47378,1.47392,1.95,1.13
2013.11.15 15:03:11.709,1.4738,1.47396,1.69,1.28
2013.11.15 15:03:15.535,1.4738,1.47392,1.50,1.58
2013.11.15 15:03:15.655,1.47374,1.47392,1.13,2.33
2013.11.15 15:03:16.568,1.47374,1.4739,1.13,1.65
2013.11.15 15:03:17.116,1.47377,1.47389,1.50,1.50
2013.11.15 15:03:17.645,1.47373,1.47389,1.84,1.50
2013.11.15 15:03:18.197,1.47379,1.47392,1.13,1.28
2013.11.15 15:03:18.317,1.47383,1.47394,1.13,1.13
2013.11.15 15:03:18.557,1.47383,1.47399,1.13,1.28
2013.11.15 15:03:19.077,1.47383,1.474,1.13,1.20
2013.11.15 15:03:19.836,1.47383,1.47399,1.13,1.65
2013.11.15 15:03:19.955,1.47383,1.47397,1.13,1.58
2013.11.15 15:03:20.015,1.47383,1.47398,1.13,1.65
2013.11.15 15:03:20.435,1.47383,1.47397,1.13,1.50
2013.11.15 15:03:20.906,1.47381,1.47395,1.77,1.20
2013.11.15 15:03:20.966,1.47381,1.47394,1.02,1.50
2013.11.15 15:03:21.326,1.47379,1.47392,1.02,1.20
2013.11.15 15:03:21.686,1.47378,1.47392,1.88,1.28
2013.11.15 15:03:23.278,1.47378,1.47392,1.50,1.65
2013.11.15 15:03:24.287,1.47375,1.47387,1.02,1.13
2013.11.15 15:03:24.468,1.47375,1.4739,1.02,1.13
2013.11.15 15:03:24.536,1.47375,1.47389,1.02,1.13
2013.11.15 15:03:24.836,1.47373,1.47389,1.13,1.28
2013.11.15 15:03:25.395,1.47372,1.47389,1.02,1.20
2013.11.15 15:03:25.996,1.47371,1.47387,1.02,1.58
2013.11.15 15:03:28.675,1.47373,1.47387,1.20,1.50
2013.11.15 15:03:29.195,1.47373,1.47387,1.20,1.88
2013.11.15 15:03:29.545,1.47375,1.47387,1.58,1.13
2013.11.15 15:03:31.744,1.47375,1.47389,1.58,1.50
2013.11.15 15:03:32.275,1.47376,1.47392,1.20,1.13
2013.11.15 15:03:32.515,1.47375,1.47393,1.84,2.03
2013.11.15 15:03:33.255,1.47375,1.47387,1.69,1.13
2013.11.15 15:03:33.567,1.47377,1.47388,1.13,1.13
2013.11.15 15:03:33.847,1.47377,1.47387,1.13,1.13
2013.11.15 15:03:34.664,1.47377,1.47391,1.13,1.28
2013.11.15 15:03:34.724,1.47375,1.47391,1.69,1.28
2013.11.15 15:03:35.197,1.47375,1.47392,1.09,1.88
2013.11.15 15:03:35.507,1.47376,1.47396,1.13,1.02
2013.11.15 15:03:35.938,1.47378,1.47397,2.44,1.50
2013.11.15 15:03:36.066,1.47378,1.47397,2.14,1.58
2013.11.15 15:03:36.649,1.47378,1.47394,1.84,1.13
2013.11.15 15:03:36.966,1.47375,1.47389,1.20,1.13
2013.11.15 15:03:37.578,1.47375,1.47391,1.50,1.13
2013.11.15 15:03:37.885,1.47375,1.47392,1.50,1.13
2013.11.15 15:03:38.255,1.47378,1.47392,1.50,1.50
2013.11.15 15:03:38.564,1.47375,1.47391,1.50,1.13
2013.11.15 15:03:38.624,1.47375,1.47391,2.25,1.13
2013.11.15 15:03:38.745,1.47376,1.47392,2.63,1.50
2013.11.15 15:03:41.335,1.47375,1.47392,1.69,1.50
2013.11.15 15:03:42.010,1.47375,1.47392,1.39,1.50
2013.11.15 15:03:42.255,1.47375,1.47392,1.69,1.50
2013.11.15 15:03:42.436,1.47377,1.47396,1.20,1.77
2013.11.15 15:03:42.555,1.47379,1.47395,1.20,1.32
2013.11.15 15:03:42.675,1.47379,1.47395,1.58,1.20
2013.11.15 15:03:42.925,1.47376,1.47391,2.14,1.88
2013.11.15 15:03:44.496,1.47376,1.47395,1.95,1.58
2013.11.15 15:03:45.285,1.47376,1.47393,1.95,1.32
2013.11.15 15:03:46.347,1.47377,1.47396,1.65,1.84
2013.11.15 15:03:46.406,1.47378,1.47396,1.20,1.77
2013.11.15 15:03:46.707,1.4738,1.47396,1.50,1.69
2013.11.15 15:03:47.068,1.47388,1.47402,1.84,1.13
2013.11.15 15:03:47.258,1.47388,1.47401,1.09,1.50
2013.11.15 15:03:47.445,1.47385,1.47402,1.88,1.13
2013.11.15 15:03:50.377,1.47385,1.47402,1.50,1.88
2013.11.15 15:03:50.896,1.47385,1.47402,1.20,1.88
2013.11.15 15:03:50.956,1.47384,1.47401,1.20,1.13
2013.11.15 15:03:51.017,1.47385,1.474,1.50,1.13
2013.11.15 15:03:51.205,1.47384,1.474,1.20,1.13
2013.11.15 15:03:52.106,1.47384,1.474,1.13,1.69
2013.11.15 15:03:52.165,1.47383,1.474,1.65,2.14
2013.11.15 15:03:52.348,1.47382,1.47399,1.65,1.32
2013.11.15 15:03:52.418,1.47382,1.47399,1.58,2.14
2013.11.15 15:03:52.488,1.47382,1.47399,1.58,2.22
2013.11.15 15:03:52.555,1.47382,1.47397,1.50,1.20
2013.11.15 15:03:52.914,1.47379,1.47391,1.77,1.13
2013.11.15 15:03:53.666,1.47379,1.47391,1.02,1.13
2013.11.15 15:03:53.887,1.47378,1.47394,1.65,1.50
2013.11.15 15:03:55.305,1.47379,1.47394,1.20,1.50
2013.11.15 15:03:55.707,1.47378,1.47394,1.65,1.50
2013.11.15 15:03:55.826,1.47378,1.47393,1.95,1.13
2013.11.15 15:03:56.315,1.47376,1.47391,2.14,1.50
2013.11.15 15:03:56.846,1.47376,1.47395,2.14,1.20
2013.11.15 15:03:56.964,1.47376,1.47395,2.14,1.20
2013.11.15 15:03:57.024,1.47376,1.47395,2.14,1.20
2013.11.15 15:03:57.505,1.47378,1.47395,1.50,1.13
2013.11.15 15:03:58.074,1.47376,1.47395,1.77,1.58
2013.11.15 15:03:58.444,1.47376,1.47391,1.84,1.50
2013.11.15 15:03:58.998,1.47377,1.47391,1.20,1.69
2013.11.15 15:03:59.305,1.47376,1.47392,1.20,1.69
2013.11.15 15:03:59.367,1.47376,1.47393,1.65,1.02
2013.11.15 15:03:59.486,1.47378,1.47394,1.20,1.13
2013.11.15 15:03:59.727,1.47376,1.47394,1.65,1.20
2013.11.15 15:04:00.828,1.47376,1.47395,1.84,1.28
2013.11.15 15:04:01.077,1.47378,1.47395,1.13,1.58
2013.11.15 15:04:01.386,1.47376,1.47394,1.69,1.58
2013.11.15 15:04:01.700,1.47376,1.47387,1.02,1.13
2013.11.15 15:04:01.768,1.47376,1.47389,1.02,1.50
2013.11.15 15:04:01.894,1.47373,1.47387,1.95,1.13
2013.11.15 15:04:02.135,1.47369,1.47387,1.20,2.25
2013.11.15 15:04:03.557,1.47369,1.47387,1.20,2.07
2013.11.15 15:04:04.095,1.47372,1.47388,1.58,1.39
2013.11.15 15:04:05.255,1.47372,1.47387,1.58,1.69
2013.11.15 15:04:05.316,1.47372,1.47388,1.58,1.02
2013.11.15 15:04:05.786,1.47372,1.47387,1.95,1.69
2013.11.15 15:04:06.358,1.47372,1.47387,1.65,1.69
2013.11.15 15:04:07.019,1.47373,1.47387,1.20,1.69
2013.11.15 15:04:07.326,1.47375,1.47391,1.50,2.44
2013.11.15 15:04:07.855,1.47378,1.47391,1.20,1.69
2013.11.15 15:04:08.215,1.47381,1.47394,2.63,1.13
2013.11.15 15:04:08.455,1.47383,1.47397,1.69,1.13
2013.11.15 15:04:08.515,1.47383,1.47398,1.69,1.13
2013.11.15 15:04:08.875,1.47383,1.47401,1.09,1.28
2013.11.15 15:04:08.998,1.47383,1.47402,1.39,1.20
2013.11.15 15:04:09.545,1.47385,1.474,1.20,1.13
2013.11.15 15:04:09.784,1.47385,1.47401,1.95,1.50
2013.11.15 15:04:10.755,1.47385,1.47401,1.95,1.13
2013.11.15 15:04:11.054,1.47385,1.47401,1.95,1.13
2013.11.15 15:04:11.175,1.47385,1.474,1.20,1.13
2013.11.15 15:04:12.879,1.47385,1.47401,1.39,1.13
2013.11.15 15:04:13.246,1.47387,1.47402,1.20,1.50
2013.11.15 15:04:13.758,1.47388,1.47402,1.58,1.95
2013.11.15 15:04:14.501,1.47388,1.47402,1.50,1.58
2013.11.15 15:04:15.005,1.47388,1.47404,1.65,1.13
2013.11.15 15:04:15.377,1.47392,1.47405,1.20,1.50
2013.11.15 15:04:16.205,1.47389,1.47405,1.20,1.13
2013.11.15 15:04:16.819,1.47388,1.47403,2.25,1.13
2013.11.15 15:04:17.876,1.47388,1.47403,2.25,1.13
2013.11.15 15:04:18.398,1.47388,1.47403,4.13,1.13
2013.11.15 15:04:18.465,1.47388,1.47403,1.95,1.13
2013.11.15 15:04:18.526,1.47393,1.47405,1.13,1.13
2013.11.15 15:04:18.585,1.47393,1.47407,1.28,1.84
2013.11.15 15:04:18.645,1.47393,1.47408,1.28,2.25
2013.11.15 15:04:18.885,1.47394,1.4741,1.20,2.25
2013.11.15 15:04:19.127,1.47394,1.47411,1.13,1.20
2013.11.15 15:04:19.247,1.47397,1.47413,1.02,1.58
2013.11.15 15:04:19.545,1.47398,1.47413,1.09,1.50
2013.11.15 15:04:19.855,1.47398,1.47412,1.09,1.50
2013.11.15 15:04:20.396,1.47399,1.47412,2.63,2.25
2013.11.15 15:04:20.515,1.47398,1.47412,1.69,1.50
2013.11.15 15:04:21.065,1.474,1.47414,1.20,1.50
2013.11.15 15:04:21.245,1.47395,1.47405,1.20,1.69
2013.11.15 15:04:21.425,1.47393,1.47407,1.50,1.88
2013.11.15 15:04:21.745,1.47393,1.47407,3.38,1.88
2013.11.15 15:04:22.885,1.47395,1.47412,1.50,1.50
2013.11.15 15:04:22.945,1.47398,1.47414,1.09,1.50
2013.11.15 15:04:23.004,1.47402,1.47415,1.13,1.88
2013.11.15 15:04:23.366,1.47399,1.47415,1.50,1.88
2013.11.15 15:04:23.545,1.47399,1.47415,1.50,1.88
2013.11.15 15:04:25.257,1.47397,1.47412,1.20,1.69
2013.11.15 15:04:25.437,1.47398,1.47415,1.65,1.50
2013.11.15 15:04:26.915,1.47399,1.47416,1.28,1.20
2013.11.15 15:04:29.556,1.47398,1.47414,1.84,1.13
2013.11.15 15:04:29.676,1.47398,1.47414,1.09,1.88
2013.11.15 15:04:33.917,1.47398,1.47414,1.65,1.88
2013.11.15 15:04:34.938,1.47398,1.47412,1.65,1.88
2013.11.15 15:04:34.998,1.47397,1.47411,1.39,1.13
2013.11.15 15:04:35.127,1.47399,1.47416,1.65,1.95
2013.11.15 15:04:35.666,1.47402,1.47419,1.58,1.28
2013.11.15 15:04:36.250,1.47402,1.47416,1.58,1.13
2013.11.15 15:04:36.805,1.47402,1.47416,1.58,1.13
2013.11.15 15:04:37.320,1.47402,1.47416,1.65,1.13
2013.11.15 15:04:37.575,1.47404,1.47418,1.65,1.13
2013.11.15 15:04:37.636,1.47404,1.47418,1.65,1.13
2013.11.15 15:04:37.815,1.474,1.47418,1.47,1.20
2013.11.15 15:04:37.995,1.47402,1.47418,1.58,1.20
2013.11.15 15:04:38.116,1.47402,1.47418,1.50,1.58
2013.11.15 15:04:38.556,1.474,1.47416,1.50,1.28
2013.11.15 15:04:38.915,1.47398,1.47412,1.13,1.20
2013.11.15 15:04:39.656,1.47395,1.47409,1.20,1.13
2013.11.15 15:04:39.717,1.47398,1.47412,1.02,1.20
2013.11.15 15:04:40.194,1.47394,1.47409,1.95,1.20
2013.11.15 15:04:40.495,1.47393,1.47408,1.88,1.20
2013.11.15 15:04:40.897,1.47393,1.47408,1.69,1.20
2013.11.15 15:04:41.198,1.47393,1.47411,2.44,1.58
2013.11.15 15:04:42.145,1.47398,1.4741,1.02,1.13
2013.11.15 15:04:42.647,1.47399,1.47413,1.58,1.13
2013.11.15 15:04:42.715,1.474,1.47416,1.50,1.20
2013.11.15 15:04:43.274,1.474,1.47417,2.03,1.80
2013.11.15 15:04:44.064,1.474,1.47417,2.03,1.13
2013.11.15 15:04:45.845,1.47402,1.47419,1.09,1.95
2013.11.15 15:04:46.355,1.474,1.47417,1.39,1.13
2013.11.15 15:04:46.415,1.474,1.47417,1.02,2.03
2013.11.15 15:04:46.535,1.47398,1.47415,1.32,2.33
2013.11.15 15:04:47.135,1.47401,1.47417,1.50,2.22
2013.11.15 15:04:47.555,1.474,1.47417,1.58,2.82
2013.11.15 15:04:48.180,1.47396,1.47414,1.84,1.20
2013.11.15 15:04:48.250,1.47397,1.47417,1.65,3.27
2013.11.15 15:04:49.157,1.474,1.47417,1.58,1.47
2013.11.15 15:04:49.226,1.474,1.47414,1.95,1.50
2013.11.15 15:04:49.345,1.474,1.47414,1.20,1.50
2013.11.15 15:04:49.826,1.47397,1.47416,1.95,1.02
2013.11.15 15:04:49.885,1.47397,1.47414,1.95,1.13
2013.11.15 15:04:50.067,1.47395,1.47414,2.33,1.95
2013.11.15 15:04:51.365,1.47393,1.47412,2.33,1.95
2013.11.15 15:04:51.605,1.47393,1.47412,2.25,2.25
2013.11.15 15:04:53.857,1.47393,1.47412,2.33,1.77
2013.11.15 15:04:53.915,1.47393,1.47412,2.40,1.47
2013.11.15 15:04:53.974,1.47393,1.47414,2.40,2.52
2013.11.15 15:04:54.334,1.47399,1.47415,1.58,1.50
2013.11.15 15:04:54.575,1.47403,1.4742,1.50,1.28
2013.11.15 15:04:54.636,1.47403,1.47421,1.88,1.95
2013.11.15 15:04:54.818,1.47403,1.4742,1.88,1.28
2013.11.15 15:04:55.248,1.47399,1.47417,1.20,1.50
2013.11.15 15:04:55.555,1.47398,1.47417,2.33,1.95
2013.11.15 15:04:59.878,1.47399,1.47415,1.50,1.09
2013.11.15 15:05:01.737,1.47395,1.47413,1.39,1.13
2013.11.15 15:05:02.277,1.47399,1.47415,1.50,1.09
2013.11.15 15:05:03.426,1.47398,1.47415,1.58,1.09
2013.11.15 15:05:03.960,1.47395,1.47415,2.52,1.09
2013.11.15 15:05:04.206,1.474,1.47418,1.20,1.28
2013.11.15 15:05:04.696,1.47399,1.47417,2.82,1.13
2013.11.15 15:05:05.595,1.47399,1.47419,2.22,1.39
2013.11.15 15:05:06.255,1.47399,1.47417,2.07,1.20
2013.11.15 15:05:06.928,1.47408,1.47421,1.13,3.38
2013.11.15 15:05:06.996,1.47409,1.47422,1.13,2.78
2013.11.15 15:05:07.237,1.47409,1.47424,1.13,1.28
2013.11.15 15:05:07.628,1.47404,1.47423,1.95,1.20
2013.11.15 15:05:07.815,1.47403,1.47422,1.65,1.47
2013.11.15 15:05:09.205,1.47402,1.4742,1.65,1.02
2013.11.15 15:05:09.924,1.47402,1.47417,1.65,1.50
2013.11.15 15:05:10.544,1.47403,1.47418,2.40,1.13
2013.11.15 15:05:11.849,1.47405,1.47418,1.13,1.13
2013.11.15 15:05:12.345,1.47405,1.47422,1.13,2.03
2013.11.15 15:05:12.415,1.47405,1.47419,1.13,1.13
2013.11.15 15:05:13.844,1.47405,1.47422,1.13,2.33
2013.11.15 15:05:14.207,1.47403,1.47419,2.70,1.20
2013.11.15 15:05:15.445,1.47408,1.4742,1.02,1.13
2013.11.15 15:05:15.505,1.47405,1.47424,1.13,1.50
2013.11.15 15:05:15.638,1.47405,1.47424,1.13,1.50
2013.11.15 15:05:15.825,1.47409,1.47424,1.20,1.13
2013.11.15 15:05:16.185,1.47405,1.47424,1.58,1.58
2013.11.15 15:05:16.545,1.47404,1.47424,1.13,1.58
2013.11.15 15:05:16.676,1.47408,1.47424,1.20,1.58
2013.11.15 15:05:16.740,1.47404,1.47424,1.13,1.58
2013.11.15 15:05:16.926,1.47408,1.47424,1.20,1.58
2013.11.15 15:05:17.216,1.47404,1.47425,1.88,1.95
2013.11.15 15:05:17.768,1.47408,1.47425,1.09,1.13
2013.11.15 15:05:18.018,1.47407,1.47425,2.14,1.88
2013.11.15 15:05:18.995,1.47408,1.47425,1.09,1.13
2013.11.15 15:05:20.925,1.47407,1.47425,1.77,1.50
2013.11.15 15:05:22.346,1.47408,1.47426,1.28,1.20
2013.11.15 15:05:28.707,1.47408,1.47426,1.77,1.13
2013.11.15 15:05:29.215,1.4741,1.47427,1.95,1.13
2013.11.15 15:05:29.925,1.4741,1.47427,1.84,1.20
2013.11.15 15:05:30.436,1.4741,1.47427,1.02,1.28
2013.11.15 15:05:30.740,1.47413,1.4743,1.88,1.13
2013.11.15 15:05:30.807,1.47414,1.47432,1.13,1.69
2013.11.15 15:05:30.930,1.47414,1.47433,1.13,1.32
2013.11.15 15:05:32.174,1.47416,1.47436,1.09,1.84
2013.11.15 15:05:33.215,1.47417,1.47436,1.20,1.09
2013.11.15 15:05:34.356,1.47421,1.47437,1.28,1.69
2013.11.15 15:05:34.715,1.47415,1.47436,4.84,1.02
2013.11.15 15:05:35.388,1.47415,1.47436,2.97,1.02
2013.11.15 15:05:35.806,1.47423,1.47437,1.77,2.25
2013.11.15 15:05:39.915,1.47419,1.47437,1.20,2.89
2013.11.15 15:05:49.378,1.47416,1.47435,1.58,1.02
2013.11.15 15:05:49.926,1.47418,1.47435,1.65,1.02
2013.11.15 15:05:51.194,1.47417,1.47432,1.65,1.13
2013.11.15 15:05:52.656,1.47417,1.47435,1.65,1.39
2013.11.15 15:05:53.287,1.47417,1.47433,1.65,1.50
2013.11.15 15:05:54.856,1.47417,1.47433,1.58,1.58
2013.11.15 15:05:55.396,1.47416,1.47434,1.58,1.13
2013.11.15 15:05:56.484,1.47416,1.47433,1.28,1.02
2013.11.15 15:05:57.059,1.47415,1.47433,1.28,1.09
2013.11.15 15:05:57.246,1.47416,1.47436,1.39,2.59
2013.11.15 15:05:58.306,1.47416,1.47433,1.02,1.13
2013.11.15 15:05:59.675,1.47413,1.47432,1.50,2.82
2013.11.15 15:06:00.250,1.47413,1.47433,1.50,3.57
2013.11.15 15:06:00.315,1.47414,1.47433,1.50,1.69
2013.11.15 15:06:00.516,1.47414,1.47433,1.50,1.69
2013.11.15 15:06:04.735,1.47414,1.47432,1.69,1.13
2013.11.15 15:06:04.920,1.47415,1.47433,1.02,2.03
2013.11.15 15:06:04.985,1.47415,1.47433,1.02,1.95
2013.11.15 15:06:05.306,1.47415,1.47433,1.77,2.03
2013.11.15 15:06:06.905,1.47412,1.47432,1.95,1.65
2013.11.15 15:06:09.385,1.47414,1.47432,1.20,1.88
2013.11.15 15:06:09.866,1.47412,1.4743,2.44,1.58
2013.11.15 15:06:11.006,1.4741,1.47426,1.58,1.13
2013.11.15 15:06:11.128,1.47408,1.47426,2.44,1.50
2013.11.15 15:06:11.426,1.47405,1.47422,1.13,1.50
2013.11.15 15:06:12.277,1.47405,1.47422,1.13,1.50
2013.11.15 15:06:12.575,1.47405,1.47422,1.20,1.09
2013.11.15 15:06:12.695,1.47405,1.47422,1.20,1.84
2013.11.15 15:06:13.487,1.47402,1.47421,1.95,1.02
2013.11.15 15:06:13.846,1.47403,1.47422,1.50,1.69
2013.11.15 15:06:13.965,1.47405,1.47422,1.95,1.69
2013.11.15 15:06:14.757,1.47408,1.47423,1.20,1.50
2013.11.15 15:06:15.075,1.47408,1.47427,1.20,2.33
2013.11.15 15:06:15.255,1.47413,1.47427,1.13,1.58
2013.11.15 15:06:15.375,1.47414,1.47431,1.20,1.65
2013.11.15 15:06:15.915,1.47417,1.47436,1.02,1.58
2013.11.15 15:06:16.045,1.47418,1.47436,1.88,1.58
2013.11.15 15:06:18.792,1.47418,1.47437,2.03,2.22
2013.11.15 15:06:21.065,1.47418,1.47436,1.28,1.58
2013.11.15 15:06:21.365,1.4742,1.47437,1.58,1.84
2013.11.15 15:06:25.965,1.4742,1.47437,1.58,2.03
2013.11.15 15:06:26.916,1.47415,1.47433,1.65,1.02
2013.11.15 15:06:27.805,1.47415,1.47436,1.65,1.20
2013.11.15 15:06:28.615,1.47415,1.47436,1.50,1.50
2013.11.15 15:06:30.136,1.47414,1.47436,2.33,3.75
2013.11.15 15:06:30.258,1.47414,1.4743,2.33,1.20
2013.11.15 15:06:30.388,1.47412,1.47429,1.69,1.20
2013.11.15 15:06:30.447,1.47409,1.47429,1.28,1.20
2013.11.15 15:06:30.566,1.4741,1.47429,1.20,1.13
2013.11.15 15:06:30.746,1.47413,1.4743,1.02,1.28
2013.11.15 15:06:31.345,1.47413,1.47432,1.02,1.20
2013.11.15 15:06:33.950,1.4741,1.47431,1.47,1.39
2013.11.15 15:06:34.254,1.47411,1.47429,1.13,1.20
2013.11.15 15:06:37.935,1.47411,1.47427,1.13,1.32
2013.11.15 15:06:38.645,1.47411,1.47426,1.13,1.77
2013.11.15 15:06:39.136,1.47411,1.47423,1.13,1.20
2013.11.15 15:06:40.845,1.47411,1.47426,1.13,1.09
2013.11.15 15:06:41.476,1.4741,1.47426,1.13,1.09
2013.11.15 15:06:43.067,1.47409,1.47426,1.65,1.02
2013.11.15 15:06:43.658,1.4741,1.47428,1.02,2.03
2013.11.15 15:06:44.925,1.47409,1.47427,1.69,1.20
2013.11.15 15:06:46.076,1.47412,1.47428,1.13,1.28
2013.11.15 15:06:53.386,1.47412,1.4743,3.00,1.20
2013.11.15 15:06:56.039,1.47412,1.47429,2.25,1.28
2013.11.15 15:06:56.167,1.47412,1.47424,1.13,1.50
2013.11.15 15:06:56.465,1.47403,1.47422,1.02,1.95
2013.11.15 15:06:56.525,1.47402,1.47416,2.14,1.20
2013.11.15 15:06:56.645,1.47402,1.47416,1.32,1.28
2013.11.15 15:06:57.148,1.47403,1.47416,1.02,1.13
2013.11.15 15:06:58.628,1.47399,1.47412,2.59,1.13
2013.11.15 15:06:58.865,1.47398,1.47412,1.09,1.13
2013.11.15 15:06:59.401,1.47397,1.47412,1.02,1.88
2013.11.15 15:07:00.296,1.47396,1.47412,1.65,2.07
2013.11.15 15:07:00.417,1.47394,1.47409,1.50,1.58
2013.11.15 15:07:00.924,1.47393,1.47409,1.58,1.58
2013.11.15 15:07:01.435,1.4739,1.47409,1.39,1.20
2013.11.15 15:07:02.415,1.47392,1.47407,1.13,1.28
2013.11.15 15:07:04.396,1.4739,1.47407,1.77,1.13
2013.11.15 15:07:04.516,1.47388,1.47407,2.22,2.03
2013.11.15 15:07:05.185,1.4739,1.47407,1.39,1.28
2013.11.15 15:07:06.555,1.47392,1.47409,1.13,1.58
2013.11.15 15:07:07.126,1.47393,1.47409,1.02,1.20
2013.11.15 15:07:13.059,1.47393,1.47409,1.02,1.20
2013.11.15 15:07:15.998,1.47393,1.47409,1.02,1.20
2013.11.15 15:07:17.915,1.4739,1.47409,1.20,1.95
2013.11.15 15:07:19.345,1.47392,1.47407,1.20,1.50
2013.11.15 15:07:19.745,1.47395,1.47408,1.32,1.13
2013.11.15 15:07:21.056,1.47394,1.4741,1.32,1.50
2013.11.15 15:07:21.588,1.47394,1.47411,1.32,1.13
2013.11.15 15:07:24.075,1.47393,1.47409,2.07,1.13
2013.11.15 15:07:26.996,1.47396,1.47409,1.20,1.13
2013.11.15 15:07:27.547,1.47396,1.47413,1.20,1.50
2013.11.15 15:07:32.196,1.47396,1.47414,1.20,1.32
2013.11.15 15:07:37.745,1.47398,1.47415,1.20,2.52
2013.11.15 15:07:38.109,1.47399,1.47417,2.33,2.07
2013.11.15 15:07:38.418,1.47404,1.47417,1.09,1.13
2013.11.15 15:07:38.597,1.47404,1.47422,1.69,1.13
2013.11.15 15:07:39.127,1.47407,1.47422,1.20,1.50
2013.11.15 15:07:39.306,1.47408,1.47427,3.38,1.69
2013.11.15 15:07:39.606,1.47412,1.47429,1.20,1.13
2013.11.15 15:07:39.666,1.47413,1.47431,1.09,1.58
2013.11.15 15:07:39.906,1.47413,1.47432,1.09,2.03
2013.11.15 15:07:40.326,1.47413,1.47431,1.09,1.95
2013.11.15 15:07:43.225,1.47413,1.47431,1.09,1.95
2013.11.15 15:07:44.875,1.47411,1.4743,1.20,1.20
2013.11.15 15:07:45.425,1.47411,1.47428,1.20,1.28
2013.11.15 15:07:46.627,1.47411,1.47428,1.20,1.28
2013.11.15 15:07:48.035,1.47409,1.47427,2.78,1.02
2013.11.15 15:07:48.155,1.47409,1.47425,1.58,1.58
2013.11.15 15:07:48.658,1.47406,1.47425,1.02,1.95
2013.11.15 15:07:52.176,1.47405,1.47424,1.58,1.39
2013.11.15 15:07:52.733,1.47405,1.47423,1.50,1.32
2013.11.15 15:07:53.025,1.47405,1.47424,1.65,2.59
2013.11.15 15:07:54.945,1.47406,1.47424,1.39,1.50
2013.11.15 15:07:56.436,1.47406,1.47424,1.39,1.13
2013.11.15 15:07:56.495,1.47406,1.47424,1.32,1.20
2013.11.15 15:07:57.086,1.47405,1.47423,1.02,1.65
2013.11.15 15:08:08.787,1.47402,1.47421,1.02,1.58
2013.11.15 15:08:08.908,1.47401,1.47417,1.02,1.13
2013.11.15 15:08:09.155,1.47397,1.47417,1.20,3.19
2013.11.15 15:08:12.617,1.47397,1.47415,1.39,1.65
2013.11.15 15:08:14.397,1.47397,1.47416,1.39,1.20
2013.11.15 15:08:14.636,1.47397,1.47417,1.39,2.63
2013.11.15 15:08:18.725,1.47397,1.47417,1.02,3.00
2013.11.15 15:08:18.907,1.47397,1.47417,1.02,3.00
2013.11.15 15:08:19.705,1.47397,1.47417,1.02,3.00
2013.11.15 15:08:20.322,1.47396,1.47414,1.13,1.20
2013.11.15 15:08:21.035,1.47398,1.47415,1.02,1.28
2013.11.15 15:08:28.625,1.47398,1.47416,1.02,1.28
2013.11.15 15:08:28.807,1.47396,1.47414,1.13,1.20
2013.11.15 15:08:29.887,1.47396,1.47414,1.13,1.20
2013.11.15 15:08:34.436,1.47395,1.47414,2.52,1.20
2013.11.15 15:08:37.286,1.47395,1.47413,1.77,1.20
2013.11.15 15:08:38.071,1.47395,1.47413,1.69,1.50
2013.11.15 15:08:39.696,1.47394,1.47412,1.05,1.02
2013.11.15 15:08:41.295,1.47393,1.47408,1.32,1.28
2013.11.15 15:08:42.246,1.47392,1.47405,2.07,1.20
2013.11.15 15:08:42.764,1.47392,1.47405,1.32,1.50
2013.11.15 15:08:43.406,1.47392,1.47405,1.32,1.20
2013.11.15 15:08:43.528,1.47392,1.47408,1.32,1.13
2013.11.15 15:08:43.885,1.47392,1.47409,1.32,1.65
2013.11.15 15:08:47.016,1.47392,1.47409,1.50,1.20
2013.11.15 15:08:48.056,1.47392,1.47409,1.13,1.50
2013.11.15 15:08:48.564,1.47392,1.47405,1.13,1.20
2013.11.15 15:08:53.896,1.47391,1.47407,1.13,1.13
2013.11.15 15:08:54.435,1.47391,1.47405,1.13,2.70
2013.11.15 15:08:54.497,1.47389,1.47401,1.50,1.39
2013.11.15 15:08:54.630,1.47384,1.47401,1.50,1.39
2013.11.15 15:08:55.177,1.47384,1.47402,2.40,1.02
2013.11.15 15:08:55.595,1.47388,1.47406,1.02,1.28
2013.11.15 15:09:02.307,1.4739,1.47406,1.65,1.13
2013.11.15 15:09:02.365,1.47392,1.47406,1.20,1.13
2013.11.15 15:09:02.426,1.47392,1.4741,1.20,2.07
2013.11.15 15:09:02.545,1.47393,1.4741,1.09,1.88
2013.11.15 15:09:02.606,1.47391,1.4741,1.02,2.33
2013.11.15 15:09:02.667,1.4739,1.47406,2.25,1.20
2013.11.15 15:09:03.306,1.47393,1.4741,1.09,1.95
2013.11.15 15:09:03.495,1.47393,1.47411,1.09,2.40
2013.11.15 15:09:09.415,1.47393,1.47412,1.69,1.88
2013.11.15 15:09:10.506,1.47393,1.47412,1.09,2.03
2013.11.15 15:09:14.882,1.47393,1.47412,1.39,1.95
2013.11.15 15:09:18.736,1.47393,1.47412,1.69,1.50
2013.11.15 15:09:24.150,1.47393,1.47412,1.39,1.58
2013.11.15 15:09:24.216,1.47393,1.47412,1.09,1.65
2013.11.15 15:09:26.099,1.47392,1.47406,1.58,1.02
2013.11.15 15:09:26.405,1.47387,1.47406,2.70,1.77
2013.11.15 15:09:26.709,1.47394,1.47405,1.20,1.50
2013.11.15 15:09:26.776,1.47397,1.4741,1.02,1.88
2013.11.15 15:09:27.016,1.47397,1.47413,1.02,1.58
2013.11.15 15:09:27.077,1.47398,1.47414,1.02,1.95
2013.11.15 15:09:27.955,1.47398,1.47414,1.09,1.13
2013.11.15 15:09:28.447,1.47398,1.47414,1.02,1.58
2013.11.15 15:09:28.748,1.47397,1.47411,1.02,1.13
2013.11.15 15:09:29.296,1.47398,1.47411,1.09,1.13
2013.11.15 15:09:30.105,1.47393,1.47411,1.69,2.63
2013.11.15 15:09:30.166,1.47393,1.47411,1.69,2.63
2013.11.15 15:09:30.286,1.47391,1.47411,1.47,2.40
2013.11.15 15:09:34.175,1.47392,1.47408,1.28,2.25
2013.11.15 15:09:34.716,1.47392,1.47406,1.13,1.88
2013.11.15 15:09:50.006,1.47387,1.47405,1.20,2.52
2013.11.15 15:09:50.066,1.47387,1.47405,1.28,2.14
2013.11.15 15:09:52.145,1.47387,1.47405,1.28,2.14
2013.11.15 15:09:53.635,1.47387,1.47405,1.28,3.27
2013.11.15 15:09:54.595,1.47386,1.47405,1.58,3.27
2013.11.15 15:09:56.959,1.47393,1.47407,1.02,1.88
2013.11.15 15:09:57.027,1.47393,1.47407,1.39,1.13
2013.11.15 15:09:59.305,1.47393,1.47409,1.39,1.13
2013.11.15 15:10:01.747,1.47393,1.47408,1.39,1.13
2013.11.15 15:10:03.146,1.47393,1.47408,1.39,1.13
2013.11.15 15:10:05.515,1.47393,1.4741,1.02,3.15
2013.11.15 15:10:07.325,1.47391,1.47409,1.58,1.32
2013.11.15 15:10:07.386,1.47391,1.47407,1.50,1.65
2013.11.15 15:10:07.825,1.47389,1.47406,1.02,1.58
2013.11.15 15:10:08.426,1.47388,1.47406,1.02,1.65
2013.11.15 15:10:09.021,1.47388,1.47405,1.02,1.28
2013.11.15 15:10:10.580,1.47388,1.47407,1.02,1.58
2013.11.15 15:10:10.645,1.47386,1.47407,2.70,1.58
2013.11.15 15:10:10.706,1.47387,1.47407,1.02,1.28
2013.11.15 15:10:10.765,1.4739,1.47407,1.20,1.20
2013.11.15 15:10:11.185,1.47391,1.47408,1.50,1.50
2013.11.15 15:10:12.390,1.47389,1.47411,3.34,1.69
2013.11.15 15:10:14.946,1.47393,1.47411,1.02,1.20
2013.11.15 15:10:15.006,1.47393,1.47412,1.09,2.40
2013.11.15 15:10:15.926,1.47393,1.47411,1.09,1.65
2013.11.15 15:10:16.081,1.47393,1.4741,1.09,1.20
2013.11.15 15:10:17.055,1.47393,1.47412,1.09,2.40
2013.11.15 15:10:20.116,1.47393,1.47412,1.09,1.65
2013.11.15 15:10:21.629,1.47393,1.47412,1.09,2.40
2013.11.15 15:10:29.235,1.47393,1.47413,1.09,2.14
2013.11.15 15:10:29.787,1.47393,1.47413,1.39,1.84
2013.11.15 15:10:30.917,1.47396,1.47413,1.02,1.65
2013.11.15 15:10:39.749,1.47398,1.47415,1.69,1.20
2013.11.15 15:10:39.816,1.47398,1.47416,1.84,1.58
2013.11.15 15:10:41.089,1.47402,1.47419,1.09,1.20
2013.11.15 15:10:51.636,1.47405,1.4742,1.02,1.50
2013.11.15 15:10:51.816,1.47408,1.47425,1.13,2.70
2013.11.15 15:10:53.826,1.47411,1.47425,1.20,1.13
2013.11.15 15:10:54.397,1.47411,1.47424,1.20,1.50
2013.11.15 15:10:55.425,1.47408,1.47422,2.03,1.50
2013.11.15 15:10:55.926,1.47408,1.47422,1.84,1.50
2013.11.15 15:10:56.046,1.47408,1.47423,1.84,1.13
2013.11.15 15:10:56.788,1.47408,1.47424,1.84,1.88
2013.11.15 15:10:57.396,1.47408,1.47423,1.65,1.13
2013.11.15 15:10:57.695,1.47405,1.47421,1.09,1.13
2013.11.15 15:10:58.597,1.47408,1.47421,1.39,1.13
2013.11.15 15:10:59.255,1.47408,1.47422,2.22,1.13
2013.11.15 15:11:00.608,1.4741,1.47425,1.02,1.13
2013.11.15 15:11:00.736,1.47408,1.47422,2.22,1.13
2013.11.15 15:11:00.937,1.4741,1.47425,1.02,1.13
2013.11.15 15:11:03.833,1.47413,1.47427,1.09,1.50
2013.11.15 15:11:03.901,1.47413,1.47427,2.89,1.50
2013.11.15 15:11:04.029,1.47414,1.47429,1.39,1.13
2013.11.15 15:11:04.099,1.47417,1.4743,1.58,1.13
2013.11.15 15:11:04.867,1.47417,1.47432,1.58,1.50
2013.11.15 15:11:04.926,1.47422,1.47433,1.50,1.39
2013.11.15 15:11:05.585,1.47422,1.47436,1.50,1.13
2013.11.15 15:11:06.935,1.47422,1.47436,1.88,1.13
2013.11.15 15:11:09.597,1.47423,1.47436,1.13,1.13
2013.11.15 15:11:09.776,1.47427,1.4744,1.13,1.20
2013.11.15 15:11:09.836,1.47427,1.47441,1.13,1.28
2013.11.15 15:11:09.955,1.47423,1.47442,1.28,1.65
2013.11.15 15:11:10.875,1.47423,1.47442,1.09,2.40
2013.11.15 15:11:11.376,1.47422,1.47439,1.13,1.13
2013.11.15 15:11:12.617,1.47422,1.47439,1.13,2.25
2013.11.15 15:11:12.975,1.47422,1.47437,1.13,4.50
2013.11.15 15:11:13.216,1.47413,1.47431,2.07,1.88
2013.11.15 15:11:13.336,1.47413,1.4743,1.69,1.13
2013.11.15 15:11:13.839,1.47413,1.47431,1.69,1.13
2013.11.15 15:11:15.558,1.47416,1.47434,1.32,1.13
2013.11.15 15:11:17.849,1.47423,1.47435,1.13,1.50
2013.11.15 15:11:17.976,1.47423,1.47437,1.13,1.58
2013.11.15 15:11:18.096,1.47423,1.47439,1.13,1.20
2013.11.15 15:11:19.326,1.47423,1.47439,1.13,1.50
2013.11.15 15:11:19.867,1.47419,1.47437,1.13,1.58
2013.11.15 15:11:21.786,1.47419,1.47436,1.13,1.20
2013.11.15 15:11:21.965,1.47418,1.47435,1.13,1.13
2013.11.15 15:11:24.097,1.47419,1.47435,1.13,1.13
2013.11.15 15:11:25.036,1.47419,1.47436,1.13,1.20
2013.11.15 15:11:25.156,1.47421,1.47437,1.02,2.70
2013.11.15 15:11:27.805,1.47421,1.47437,1.02,2.70
2013.11.15 15:11:31.670,1.47419,1.47436,1.13,1.50
2013.11.15 15:11:31.977,1.47419,1.47436,1.13,1.50
2013.11.15 15:11:33.174,1.47419,1.47435,1.13,1.20
2013.11.15 15:11:35.666,1.4742,1.47436,1.02,1.20
2013.11.15 15:11:36.346,1.4742,1.47437,1.02,1.28
2013.11.15 15:11:42.175,1.47423,1.47438,1.20,1.20
2013.11.15 15:11:42.415,1.47423,1.4744,1.13,1.95
2013.11.15 15:11:43.395,1.47423,1.4744,1.13,2.70
2013.11.15 15:11:45.005,1.47421,1.47439,1.02,1.28
2013.11.15 15:11:47.215,1.4742,1.4744,1.65,1.95
2013.11.15 15:11:47.535,1.47419,1.47439,2.59,1.32
2013.11.15 15:11:47.837,1.47422,1.47439,1.13,1.02
2013.11.15 15:11:48.155,1.47422,1.47439,1.88,1.02
2013.11.15 15:11:48.705,1.47423,1.47443,1.20,1.88
2013.11.15 15:11:49.859,1.47423,1.47442,1.20,1.13
2013.11.15 15:11:49.930,1.47423,1.47439,1.13,1.13
2013.11.15 15:11:54.942,1.47423,1.47439,1.13,1.13
2013.11.15 15:11:55.498,1.47423,1.4744,1.13,3.00
2013.11.15 15:11:55.568,1.47423,1.4744,1.13,1.13
2013.11.15 15:11:55.928,1.47423,1.47442,1.13,1.50
2013.11.15 15:11:56.506,1.47425,1.47443,1.02,1.28
2013.11.15 15:11:56.878,1.47425,1.47442,1.02,1.28
2013.11.15 15:11:58.135,1.47426,1.47442,1.32,1.13
2013.11.15 15:11:59.006,1.47425,1.47442,2.89,1.20
2013.11.15 15:11:59.445,1.47425,1.47439,1.84,1.13
2013.11.15 15:11:59.926,1.47423,1.47439,2.52,1.20
2013.11.15 15:11:59.986,1.47424,1.4744,1.32,1.58
2013.11.15 15:12:00.465,1.47425,1.47441,1.02,1.20
2013.11.15 15:12:01.945,1.47423,1.47439,1.02,1.20
2013.11.15 15:12:02.483,1.47422,1.47438,1.88,1.28
2013.11.15 15:12:02.645,1.47422,1.47438,1.50,2.03
2013.11.15 15:12:03.185,1.47421,1.47438,1.77,1.28
2013.11.15 15:12:07.585,1.47421,1.4744,1.95,2.33
2013.11.15 15:12:07.645,1.47421,1.4744,1.95,2.33
2013.11.15 15:12:10.589,1.47421,1.4744,1.95,2.33
2013.11.15 15:12:14.006,1.47421,1.47438,1.13,1.95
2013.11.15 15:12:14.199,1.47418,1.47432,1.20,1.13
2013.11.15 15:12:14.326,1.47415,1.47432,1.02,1.58
2013.11.15 15:12:14.386,1.47415,1.47432,1.02,1.95
2013.11.15 15:12:14.626,1.47414,1.47431,1.02,1.28
2013.11.15 15:12:14.807,1.47413,1.47425,1.13,1.28
2013.11.15 15:12:15.407,1.47409,1.47425,1.20,1.13
2013.11.15 15:12:16.186,1.47409,1.47425,1.20,1.88
2013.11.15 15:12:16.245,1.47412,1.47428,1.13,2.07
2013.11.15 15:12:16.485,1.47412,1.47428,2.33,1.69
2013.11.15 15:12:21.439,1.47413,1.47429,1.28,1.88
2013.11.15 15:12:21.625,1.47414,1.4743,2.03,1.13
2013.11.15 15:12:21.929,1.47414,1.47429,2.33,1.13
2013.11.15 15:12:22.435,1.47414,1.47432,2.07,1.88
2013.11.15 15:12:22.496,1.47414,1.47432,2.07,1.88
2013.11.15 15:12:22.739,1.47414,1.47432,2.07,1.88
2013.11.15 15:12:23.966,1.47414,1.47432,2.25,1.88
2013.11.15 15:12:24.146,1.47418,1.47433,1.02,1.88
2013.11.15 15:12:24.397,1.47418,1.47433,1.02,1.88
2013.11.15 15:12:24.665,1.4742,1.47433,1.69,1.50
2013.11.15 15:12:24.966,1.47428,1.4744,1.88,1.13
2013.11.15 15:12:25.497,1.47425,1.4744,1.65,1.13
2013.11.15 15:12:25.558,1.47428,1.47442,1.47,1.20
2013.11.15 15:12:25.618,1.47431,1.47442,1.32,1.58
2013.11.15 15:12:25.927,1.47437,1.47448,1.50,1.20
2013.11.15 15:12:25.988,1.47433,1.47445,1.50,1.50
2013.11.15 15:12:26.057,1.4743,1.47444,1.32,1.50
2013.11.15 15:12:26.550,1.47426,1.47437,1.20,1.32
2013.11.15 15:12:26.687,1.47423,1.47434,1.65,1.13
2013.11.15 15:12:26.867,1.47423,1.47437,1.65,1.32
2013.11.15 15:12:26.929,1.47425,1.4744,1.58,1.20
2013.11.15 15:12:27.298,1.4742,1.47437,2.70,1.32
2013.11.15 15:12:27.358,1.47423,1.47437,1.50,1.32
2013.11.15 15:12:27.556,1.4742,1.47438,2.40,2.89
2013.11.15 15:12:27.976,1.47429,1.4744,2.25,1.13
2013.11.15 15:12:28.157,1.47429,1.47445,2.82,1.13
2013.11.15 15:12:28.277,1.4743,1.47446,1.50,1.50
2013.11.15 15:12:28.336,1.4743,1.47446,1.20,1.50
2013.11.15 15:12:28.396,1.4743,1.47446,3.08,1.50
2013.11.15 15:12:28.858,1.47429,1.47447,1.69,1.88
2013.11.15 15:12:29.718,1.47429,1.47448,1.69,1.13
2013.11.15 15:12:29.985,1.47433,1.47448,1.39,1.13
2013.11.15 15:12:32.505,1.47435,1.47454,2.03,1.09
2013.11.15 15:12:32.746,1.47448,1.47459,1.13,1.13
2013.11.15 15:12:33.166,1.47447,1.47463,1.58,1.77
2013.11.15 15:12:33.346,1.47445,1.4746,1.58,1.02
2013.11.15 15:12:33.407,1.47446,1.4746,1.13,1.02
2013.11.15 15:12:33.705,1.47444,1.47462,1.84,1.20
2013.11.15 15:12:34.416,1.47449,1.47465,2.01,1.24
2013.11.15 15:12:34.776,1.47468,1.47483,1.69,1.28
2013.11.15 15:12:35.326,1.47468,1.47483,2.44,1.13
2013.11.15 15:12:35.686,1.47468,1.47483,1.13,1.13
2013.11.15 15:12:35.927,1.47474,1.47488,1.20,1.50
2013.11.15 15:12:36.046,1.47473,1.4749,1.58,1.50
2013.11.15 15:12:36.106,1.47472,1.47487,1.39,1.50
2013.11.15 15:12:36.689,1.47473,1.47491,1.20,1.50
2013.11.15 15:12:36.761,1.47469,1.47487,2.07,1.13
2013.11.15 15:12:37.078,1.47473,1.4749,1.20,1.50
2013.11.15 15:12:37.138,1.47476,1.47493,1.39,1.13
2013.11.15 15:12:37.198,1.47483,1.47493,1.13,1.13
2013.11.15 15:12:37.507,1.47479,1.47497,1.58,1.95
2013.11.15 15:12:37.691,1.47478,1.47493,1.58,1.13
2013.11.15 15:12:37.756,1.47477,1.47493,1.20,1.13
2013.11.15 15:12:38.056,1.47476,1.47493,1.09,1.95
2013.11.15 15:12:40.198,1.47474,1.47492,1.02,1.65
2013.11.15 15:12:40.686,1.47478,1.47492,1.50,1.58
2013.11.15 15:12:40.867,1.47479,1.47497,1.95,1.69
2013.11.15 15:12:41.047,1.47482,1.47497,1.58,1.32
2013.11.15 15:12:41.106,1.47482,1.47499,1.65,3.38
2013.11.15 15:12:41.286,1.47482,1.4749,1.20,1.13
2013.11.15 15:12:41.407,1.47478,1.4749,1.65,1.13
2013.11.15 15:12:41.466,1.47477,1.4749,1.20,1.13
2013.11.15 15:12:41.587,1.47477,1.4749,1.20,1.13
2013.11.15 15:12:41.647,1.47473,1.47489,1.50,1.20
2013.11.15 15:12:41.958,1.47473,1.4749,1.13,1.58
2013.11.15 15:12:42.206,1.47475,1.4749,1.20,1.13
2013.11.15 15:12:42.326,1.47478,1.47496,1.58,2.33
2013.11.15 15:12:42.825,1.47477,1.47496,1.50,2.25
2013.11.15 15:12:43.125,1.47479,1.47496,1.02,1.28
2013.11.15 15:12:43.466,1.47479,1.47498,1.02,1.20
2013.11.15 15:12:43.586,1.47479,1.47495,1.02,1.20
2013.11.15 15:12:44.357,1.47477,1.47495,1.69,1.58
2013.11.15 15:12:45.869,1.47477,1.47495,1.13,2.33
2013.11.15 15:12:46.176,1.47473,1.47494,2.70,1.20
2013.11.15 15:12:46.235,1.47478,1.47494,1.02,1.20
2013.11.15 15:12:46.356,1.47477,1.47495,1.13,1.95
2013.11.15 15:12:46.775,1.47479,1.47496,1.02,1.28
2013.11.15 15:12:47.675,1.47479,1.47497,1.02,1.28
2013.11.15 15:12:47.919,1.4748,1.47497,1.09,1.88
2013.11.15 15:12:48.166,1.4748,1.47497,1.09,1.13
2013.11.15 15:12:48.408,1.47475,1.47494,1.09,1.28
2013.11.15 15:12:48.467,1.47476,1.47494,1.20,1.20
2013.11.15 15:12:48.826,1.47475,1.47495,1.09,1.47
2013.11.15 15:12:49.186,1.47475,1.47495,1.84,1.09
2013.11.15 15:12:49.426,1.47477,1.47497,1.20,1.47
2013.11.15 15:12:49.546,1.47477,1.47496,1.20,1.39
2013.11.15 15:12:49.727,1.47477,1.4749,1.88,1.20
2013.11.15 15:12:49.786,1.47474,1.47488,1.20,1.20
2013.11.15 15:12:50.206,1.47477,1.47492,1.50,1.84
2013.11.15 15:12:51.357,1.47477,1.47494,1.88,1.58
2013.11.15 15:12:51.477,1.47478,1.47495,1.69,1.50
2013.11.15 15:12:53.748,1.47478,1.47496,1.02,1.20
2013.11.15 15:12:53.927,1.47478,1.47498,1.02,2.25
2013.11.15 15:12:55.157,1.47478,1.47497,1.09,1.28
2013.11.15 15:12:55.996,1.47477,1.47495,1.20,1.13
2013.11.15 15:12:57.025,1.47477,1.47495,1.13,1.58
2013.11.15 15:12:57.086,1.47476,1.47495,1.77,1.95
2013.11.15 15:12:57.843,1.47476,1.47494,2.14,1.13
2013.11.15 15:12:57.921,1.47476,1.47494,2.89,1.50
2013.11.15 15:12:58.053,1.47476,1.47491,2.82,1.13
2013.11.15 15:12:58.125,1.47476,1.47491,1.77,1.20
2013.11.15 15:12:58.468,1.47472,1.47491,1.20,1.58
2013.11.15 15:12:58.596,1.47472,1.47491,1.20,1.58
2013.11.15 15:12:59.983,1.47473,1.47491,1.50,1.20
2013.11.15 15:13:00.185,1.47478,1.47494,1.50,1.09
2013.11.15 15:13:00.736,1.47479,1.47495,1.65,1.13
2013.11.15 15:13:01.170,1.4748,1.47496,1.09,1.50
2013.11.15 15:13:02.696,1.47482,1.47498,1.50,1.65
2013.11.15 15:13:03.168,1.47481,1.47497,1.13,1.65
2013.11.15 15:13:03.356,1.47481,1.47498,1.13,1.58
2013.11.15 15:13:03.896,1.47477,1.47499,1.65,2.25
2013.11.15 15:13:06.145,1.47481,1.47495,1.50,1.20
2013.11.15 15:13:06.207,1.47481,1.47495,1.65,1.13
2013.11.15 15:13:06.388,1.47483,1.47495,1.02,1.13
2013.11.15 15:13:06.638,1.4748,1.47495,1.58,1.20
2013.11.15 15:13:07.056,1.47483,1.47495,1.02,1.13
2013.11.15 15:13:07.676,1.47483,1.47499,1.02,1.58
2013.11.15 15:13:10.205,1.4748,1.47497,1.77,1.13
2013.11.15 15:13:10.325,1.4748,1.47499,1.39,1.58
2013.11.15 15:13:10.837,1.4748,1.47498,1.39,1.13
2013.11.15 15:13:14.169,1.4748,1.47499,1.39,1.58
2013.11.15 15:13:14.357,1.4748,1.47497,1.39,1.13
2013.11.15 15:13:15.996,1.47489,1.47499,1.13,1.20
2013.11.15 15:13:16.057,1.47489,1.47503,1.13,1.65
2013.11.15 15:13:16.620,1.4749,1.47504,1.77,1.13
2013.11.15 15:13:16.866,1.47492,1.47508,1.02,2.33
2013.11.15 15:13:17.390,1.4749,1.47508,1.09,2.33
2013.11.15 15:13:17.928,1.47492,1.47508,1.02,1.58
2013.11.15 15:13:18.056,1.4749,1.47507,1.50,1.28
2013.11.15 15:13:18.355,1.47485,1.475,1.50,1.09
2013.11.15 15:13:19.390,1.47485,1.47503,2.03,1.65
2013.11.15 15:13:19.636,1.47486,1.47503,1.02,1.28
2013.11.15 15:13:19.827,1.47486,1.47503,1.02,1.58
2013.11.15 15:13:20.386,1.47485,1.47503,1.69,1.88
2013.11.15 15:13:25.456,1.47485,1.475,1.13,1.13
2013.11.15 15:13:25.816,1.47481,1.47499,1.20,1.13
2013.11.15 15:13:26.176,1.47481,1.47497,1.20,1.20
2013.11.15 15:13:26.236,1.47481,1.47499,1.20,1.28
2013.11.15 15:13:26.476,1.47479,1.47497,1.65,1.28
2013.11.15 15:13:27.069,1.47478,1.47493,1.50,1.02
2013.11.15 15:13:27.977,1.47476,1.47491,1.65,2.25
2013.11.15 15:13:28.516,1.47476,1.47491,1.65,1.88
2013.11.15 15:13:28.976,1.47477,1.47496,1.95,1.77
2013.11.15 15:13:29.665,1.47477,1.47496,1.95,2.52
2013.11.15 15:13:29.817,1.47477,1.47496,1.95,2.52
2013.11.15 15:13:29.939,1.47477,1.47496,1.95,1.39
2013.11.15 15:13:30.006,1.47476,1.47496,2.89,2.44
2013.11.15 15:13:30.311,1.47477,1.47496,1.13,2.63
2013.11.15 15:13:30.937,1.47476,1.47493,1.65,1.13
2013.11.15 15:13:31.236,1.47473,1.47489,2.03,1.13
2013.11.15 15:13:31.476,1.47473,1.4749,2.03,1.02
2013.11.15 15:13:31.838,1.47473,1.4749,2.03,1.02
2013.11.15 15:13:33.686,1.47473,1.47487,1.50,1.02
2013.11.15 15:13:34.671,1.47472,1.47487,1.13,1.84
2013.11.15 15:13:34.992,1.47472,1.47487,1.13,2.44
2013.11.15 15:13:36.187,1.47472,1.47487,1.13,1.39
2013.11.15 15:13:36.366,1.47472,1.47487,1.13,1.09
2013.11.15 15:13:36.426,1.47472,1.47487,1.13,2.14
2013.11.15 15:13:36.785,1.47472,1.47487,1.13,3.57
2013.11.15 15:13:38.537,1.47469,1.47487,1.13,2.07
2013.11.15 15:13:38.597,1.47469,1.47487,1.13,3.94
2013.11.15 15:13:39.085,1.4747,1.47487,1.50,2.07
2013.11.15 15:13:40.196,1.47466,1.47486,1.02,1.50
2013.11.15 15:13:40.378,1.47465,1.47484,2.44,1.88
2013.11.15 15:13:40.438,1.47465,1.47483,1.69,3.38
2013.11.15 15:13:40.747,1.47465,1.47479,1.13,1.50
2013.11.15 15:13:41.785,1.47462,1.47479,1.13,1.69
2013.11.15 15:13:41.906,1.47463,1.47479,1.13,1.09
2013.11.15 15:13:42.817,1.47463,1.47483,1.20,1.88
2013.11.15 15:13:43.336,1.47463,1.47483,1.47,1.39
2013.11.15 15:13:45.207,1.47462,1.47483,1.09,1.39
2013.11.15 15:13:45.336,1.47464,1.47483,1.20,1.20
2013.11.15 15:13:45.516,1.47467,1.47485,1.09,2.33
2013.11.15 15:13:45.576,1.47467,1.47486,1.09,2.40
2013.11.15 15:13:45.696,1.47467,1.47486,1.09,2.40
2013.11.15 15:13:47.313,1.47477,1.47486,1.20,1.50
2013.11.15 15:13:47.377,1.47477,1.47491,1.20,1.13
2013.11.15 15:13:47.496,1.47477,1.47494,1.20,1.13
2013.11.15 15:13:48.287,1.47477,1.47496,1.20,1.02
2013.11.15 15:13:49.226,1.47479,1.47497,1.09,1.28
2013.11.15 15:13:50.345,1.47479,1.47498,1.02,1.95
2013.11.15 15:13:51.356,1.47479,1.47498,1.02,2.33
2013.11.15 15:13:51.896,1.47479,1.47498,1.09,2.03
2013.11.15 15:13:52.461,1.47478,1.47497,1.09,1.28
2013.11.15 15:13:53.568,1.47477,1.47496,1.20,1.77
2013.11.15 15:13:53.685,1.47476,1.47496,1.65,1.84
2013.11.15 15:13:54.307,1.47478,1.47496,1.20,1.84
2013.11.15 15:13:54.566,1.47477,1.47496,1.28,1.84
2013.11.15 15:13:55.105,1.47479,1.47498,1.20,2.78
2013.11.15 15:13:55.167,1.47477,1.47497,1.95,1.09
2013.11.15 15:13:55.285,1.47478,1.47498,1.50,2.25
2013.11.15 15:13:58.056,1.47478,1.47497,1.13,1.69
2013.11.15 15:13:58.115,1.47476,1.47497,1.95,2.07
2013.11.15 15:13:58.356,1.47475,1.47493,1.69,3.83
2013.11.15 15:13:58.476,1.47473,1.4749,1.69,1.13
2013.11.15 15:13:58.536,1.47471,1.47489,1.50,1.20
2013.11.15 15:14:01.069,1.47473,1.47487,1.02,1.88
2013.11.15 15:14:01.257,1.47473,1.47492,2.22,1.65
2013.11.15 15:14:01.316,1.47475,1.47492,1.02,1.58
2013.11.15 15:14:01.746,1.47478,1.47495,1.20,1.32
2013.11.15 15:14:01.985,1.47475,1.47495,1.84,1.77
2013.11.15 15:14:02.946,1.47475,1.47492,1.69,1.95
2013.11.15 15:14:03.126,1.47475,1.47492,1.84,2.33
2013.11.15 15:14:03.546,1.47475,1.47492,1.02,4.28
2013.11.15 15:14:03.916,1.4747,1.47483,1.13,1.09
2013.11.15 15:14:06.425,1.47472,1.47485,1.13,1.02
2013.11.15 15:14:06.786,1.47472,1.47486,1.13,1.28
2013.11.15 15:14:07.666,1.47472,1.47487,1.28,1.13
2013.11.15 15:14:07.906,1.47472,1.47487,1.20,1.02
2013.11.15 15:14:08.088,1.47472,1.4749,1.28,1.28
2013.11.15 15:14:08.405,1.47472,1.4749,1.13,1.88
2013.11.15 15:14:10.186,1.47472,1.47492,1.47,2.89
2013.11.15 15:14:10.546,1.47472,1.47492,1.47,2.14
2013.11.15 15:14:10.845,1.47472,1.47492,1.47,2.89
2013.11.15 15:14:11.145,1.47472,1.47491,1.39,1.20
2013.11.15 15:14:13.947,1.47474,1.47492,1.13,4.39
2013.11.15 15:14:14.426,1.47473,1.47488,1.20,1.32
2013.11.15 15:14:14.758,1.47474,1.47491,1.13,1.28
2013.11.15 15:14:15.138,1.47473,1.47489,1.20,1.02
2013.11.15 15:14:17.989,1.47473,1.47487,1.13,1.02
2013.11.15 15:14:19.796,1.47473,1.47487,1.13,1.09
2013.11.15 15:14:20.396,1.47473,1.47488,1.13,1.39
2013.11.15 15:14:20.515,1.47474,1.47489,1.13,1.09
2013.11.15 15:14:21.038,1.47474,1.47491,1.28,1.58
2013.11.15 15:14:29.946,1.47472,1.4749,1.13,2.44
2013.11.15 15:14:30.512,1.47474,1.47491,1.20,1.13
2013.11.15 15:14:31.096,1.47474,1.47492,1.20,2.44
2013.11.15 15:14:33.876,1.47474,1.47492,1.20,2.44
2013.11.15 15:14:35.616,1.47474,1.47492,1.20,2.44
2013.11.15 15:14:43.539,1.47476,1.47492,1.47,1.13
2013.11.15 15:14:44.027,1.47478,1.47496,1.65,2.14
2013.11.15 15:14:44.636,1.47479,1.47496,1.50,1.95
2013.11.15 15:14:44.991,1.47475,1.47495,1.69,1.13
2013.11.15 15:14:45.057,1.47477,1.47496,1.02,1.95
2013.11.15 15:14:45.635,1.47477,1.47496,1.84,1.65
2013.11.15 15:14:45.695,1.47477,1.47496,1.77,1.95
2013.11.15 15:14:47.706,1.47477,1.47496,1.02,1.58
2013.11.15 15:14:47.766,1.47477,1.47496,1.09,1.28
2013.11.15 15:14:49.695,1.47475,1.47496,1.69,4.50
2013.11.15 15:14:50.636,1.47476,1.47496,1.77,2.63
2013.11.15 15:14:51.177,1.47476,1.47495,1.39,1.20
2013.11.15 15:14:51.236,1.47476,1.47495,1.32,3.38
2013.11.15 15:14:51.626,1.47476,1.47495,1.32,1.50
2013.11.15 15:15:00.735,1.47477,1.47496,1.77,1.20
2013.11.15 15:15:00.856,1.47477,1.47497,2.59,1.84
2013.11.15 15:15:06.116,1.47479,1.47497,1.13,3.64
2013.11.15 15:15:06.682,1.47483,1.47497,1.13,1.69
2013.11.15 15:15:07.768,1.47483,1.47496,1.13,1.13
2013.11.15 15:15:08.541,1.47483,1.47497,1.13,1.13
2013.11.15 15:15:09.117,1.47483,1.47497,1.13,1.28
2013.11.15 15:15:09.236,1.47483,1.47497,1.13,2.22
2013.11.15 15:15:12.449,1.47477,1.47493,1.32,1.28
2013.11.15 15:15:12.766,1.47481,1.47498,1.65,2.52
2013.11.15 15:15:12.826,1.47481,1.47498,1.65,2.52
2013.11.15 15:15:15.275,1.47482,1.47498,1.20,1.20
2013.11.15 15:15:17.296,1.47482,1.47497,1.20,1.13
2013.11.15 15:15:17.356,1.47482,1.47497,1.20,1.13
2013.11.15 15:15:17.915,1.47482,1.47497,1.20,1.13
2013.11.15 15:15:18.216,1.47482,1.475,1.20,1.28
2013.11.15 15:15:20.631,1.47484,1.475,1.02,1.20
2013.11.15 15:15:20.937,1.47481,1.47497,1.95,1.39
2013.11.15 15:15:20.996,1.47481,1.47496,1.95,1.77
2013.11.15 15:15:22.160,1.47478,1.47492,1.50,1.47
2013.11.15 15:15:22.665,1.47476,1.47492,1.50,1.47
2013.11.15 15:15:23.670,1.47477,1.47492,1.13,1.28
2013.11.15 15:15:24.486,1.47478,1.47495,1.09,1.58
2013.11.15 15:15:28.816,1.47477,1.47495,1.88,2.33
2013.11.15 15:15:29.175,1.47477,1.47493,1.13,3.45
2013.11.15 15:15:29.476,1.47477,1.4749,1.13,1.13
2013.11.15 15:15:29.668,1.47477,1.47492,1.13,3.45
2013.11.15 15:15:30.086,1.47477,1.47492,1.13,2.70
2013.11.15 15:15:34.506,1.47472,1.47492,1.09,1.02
2013.11.15 15:15:34.626,1.47473,1.47489,1.20,1.20
2013.11.15 15:15:43.686,1.47475,1.47492,1.50,1.77
2013.11.15 15:15:44.846,1.47475,1.47492,1.50,1.39
2013.11.15 15:15:46.356,1.47475,1.47492,1.50,2.14
2013.11.15 15:15:46.736,1.47473,1.47492,1.58,2.52
2013.11.15 15:15:46.796,1.47472,1.47488,1.09,1.13
2013.11.15 15:15:47.036,1.4747,1.47485,2.82,1.20
2013.11.15 15:15:47.257,1.4747,1.47482,2.07,1.13
2013.11.15 15:15:47.316,1.4747,1.47482,1.13,1.32
2013.11.15 15:15:47.496,1.47467,1.47479,1.50,1.13
2013.11.15 15:15:47.917,1.47463,1.47477,1.58,1.13
2013.11.15 15:15:48.130,1.47463,1.47477,1.58,1.13
2013.11.15 15:15:52.366,1.4746,1.47478,1.58,1.09
2013.11.15 15:15:53.188,1.47459,1.47477,1.50,1.02
2013.11.15 15:15:57.707,1.47459,1.47474,1.50,1.95
2013.11.15 15:15:57.830,1.47459,1.47474,1.50,2.67
2013.11.15 15:15:58.137,1.47448,1.47462,1.50,1.02
2013.11.15 15:15:58.496,1.47446,1.4746,1.13,1.88
2013.11.15 15:15:58.736,1.47446,1.47459,1.13,1.50
2013.11.15 15:15:58.796,1.47447,1.47458,1.13,1.20
2013.11.15 15:15:58.856,1.47446,1.47458,1.13,1.20
2013.11.15 15:15:59.470,1.47442,1.47459,1.32,1.13
2013.11.15 15:16:00.636,1.47441,1.47456,1.50,1.13
2013.11.15 15:16:00.937,1.47439,1.47451,1.50,1.28
2013.11.15 15:16:01.987,1.47435,1.47451,1.50,1.65
2013.11.15 15:16:02.507,1.47436,1.47452,1.58,2.33
2013.11.15 15:16:02.687,1.47436,1.47453,1.95,2.25
2013.11.15 15:16:03.046,1.47439,1.47453,1.20,1.50
2013.11.15 15:16:03.168,1.4744,1.47454,1.65,1.13
2013.11.15 15:16:13.986,1.4744,1.47454,1.88,1.50
2013.11.15 15:16:14.058,1.4744,1.47454,1.88,1.50
2013.11.15 15:16:14.117,1.4744,1.47453,1.88,1.13
2013.11.15 15:16:14.647,1.4744,1.47454,2.25,1.50
2013.11.15 15:16:18.287,1.4744,1.47453,1.88,1.13
2013.11.15 15:16:18.738,1.4744,1.47453,1.13,1.13
2013.11.15 15:16:18.808,1.4744,1.47454,1.88,1.13
2013.11.15 15:16:42.688,1.47443,1.47462,2.03,1.09
2013.11.15 15:16:42.749,1.47443,1.47463,1.28,4.02
2013.11.15 15:16:42.946,1.47443,1.47462,1.28,2.22
2013.11.15 15:16:43.066,1.47443,1.47462,2.03,3.34
2013.11.15 15:16:47.877,1.47443,1.4746,1.28,2.89
2013.11.15 15:16:48.246,1.47443,1.47461,1.58,1.50
2013.11.15 15:16:48.426,1.47445,1.47464,1.65,2.03
2013.11.15 15:16:48.486,1.47448,1.47464,1.13,2.03
2013.11.15 15:16:48.666,1.47452,1.47466,1.09,1.13
2013.11.15 15:16:49.917,1.47451,1.47466,1.09,1.13
2013.11.15 15:16:50.555,1.47452,1.47469,1.09,1.20
2013.11.15 15:16:52.276,1.47452,1.47471,1.09,1.28
2013.11.15 15:16:52.395,1.4745,1.47467,3.45,1.32
2013.11.15 15:16:52.456,1.4745,1.47465,2.33,1.13
2013.11.15 15:16:52.577,1.47449,1.47462,1.58,1.13
2013.11.15 15:16:53.316,1.4745,1.47467,1.50,1.47
2013.11.15 15:16:57.676,1.47449,1.47465,1.50,1.02
2013.11.15 15:16:57.876,1.4745,1.47465,1.50,1.02
2013.11.15 15:16:58.677,1.47449,1.47465,1.13,1.02
2013.11.15 15:16:58.796,1.4745,1.47465,1.50,1.02
2013.11.15 15:16:59.436,1.47449,1.47462,1.13,1.20
2013.11.15 15:17:01.846,1.4745,1.47465,1.50,1.02
2013.11.15 15:17:07.037,1.4745,1.47465,1.50,1.02
2013.11.15 15:17:12.682,1.47448,1.47464,1.09,1.13
2013.11.15 15:17:13.023,1.4745,1.47464,1.50,1.13
2013.11.15 15:17:13.103,1.47444,1.47456,1.50,1.02
2013.11.15 15:17:15.496,1.4744,1.47457,1.95,2.22
2013.11.15 15:17:22.317,1.47442,1.47457,1.50,1.28
2013.11.15 15:17:22.655,1.47442,1.47457,1.13,2.33
2013.11.15 15:17:23.996,1.4744,1.47455,1.88,1.84
2013.11.15 15:17:47.747,1.47442,1.47455,1.13,1.95
2013.11.15 15:17:47.926,1.47442,1.47455,1.13,1.58
2013.11.15 15:17:48.467,1.4744,1.47452,1.13,2.52
2013.11.15 15:17:48.527,1.47438,1.47452,1.50,3.27
2013.11.15 15:17:52.747,1.47437,1.47453,1.58,1.39
2013.11.15 15:17:53.046,1.47437,1.47452,1.58,1.32
2013.11.15 15:17:53.786,1.47438,1.47453,1.50,1.77
2013.11.15 15:17:58.249,1.47438,1.47453,1.58,1.69
2013.11.15 15:17:58.437,1.47439,1.47453,2.25,2.70
2013.11.15 15:17:58.677,1.47439,1.47452,1.50,2.63
2013.11.15 15:17:58.741,1.47436,1.47452,2.22,2.63
2013.11.15 15:18:02.686,1.47438,1.47452,1.88,1.77
2013.11.15 15:18:03.106,1.47439,1.47454,1.50,1.20
2013.11.15 15:18:03.287,1.47443,1.47456,1.13,1.65
2013.11.15 15:18:03.466,1.4744,1.47453,1.13,1.32
2013.11.15 15:18:04.247,1.47437,1.47452,1.50,1.47
2013.11.15 15:18:04.843,1.47436,1.47447,1.50,1.13
2013.11.15 15:18:05.029,1.47436,1.47447,1.69,1.13
2013.11.15 15:18:07.256,1.47436,1.47447,1.84,1.13
2013.11.15 15:18:15.437,1.47437,1.47455,1.65,1.28
2013.11.15 15:18:15.498,1.47438,1.47455,1.58,1.28
2013.11.15 15:18:15.858,1.4744,1.47455,2.03,1.13
2013.11.15 15:18:16.177,1.47439,1.47452,1.69,1.28
2013.11.15 15:18:17.335,1.47438,1.47452,1.50,1.28
2013.11.15 15:18:19.837,1.47438,1.47454,1.50,1.65
2013.11.15 15:18:19.900,1.47438,1.47454,2.25,1.65
2013.11.15 15:18:20.206,1.4744,1.47455,1.95,1.13
2013.11.15 15:18:47.562,1.47441,1.47453,1.88,1.13
2013.11.15 15:18:48.075,1.47443,1.47454,1.88,1.13
2013.11.15 15:18:48.138,1.47443,1.47457,1.88,1.13
2013.11.15 15:18:48.817,1.47443,1.47457,1.69,1.13
2013.11.15 15:18:48.877,1.47443,1.47457,1.02,1.13
2013.11.15 15:18:48.936,1.47443,1.47455,1.02,1.13
2013.11.15 15:18:49.317,1.47438,1.47453,1.65,1.13
2013.11.15 15:18:49.437,1.47441,1.47453,1.32,1.13
2013.11.15 15:18:50.936,1.47441,1.47457,1.28,1.50
2013.11.15 15:18:50.996,1.47441,1.47457,1.28,1.88
2013.11.15 15:18:51.116,1.47441,1.47458,2.03,2.25
2013.11.15 15:18:51.657,1.47441,1.47458,1.20,1.65
2013.11.15 15:18:53.287,1.47442,1.47458,1.28,1.28
2013.11.15 15:18:53.347,1.47444,1.47461,1.58,1.65
2013.11.15 15:18:53.467,1.47447,1.47461,1.69,1.65
2013.11.15 15:18:53.778,1.47463,1.47474,1.88,1.13
2013.11.15 15:18:53.840,1.47463,1.47473,1.13,1.13
2013.11.15 15:18:53.908,1.47463,1.47473,1.13,1.13
2013.11.15 15:18:54.487,1.47462,1.47473,3.45,1.13
2013.11.15 15:18:55.705,1.47462,1.4748,3.08,1.28
2013.11.15 15:19:00.014,1.47462,1.47479,3.08,1.20
2013.11.15 15:19:00.683,1.47459,1.47474,1.88,1.20
2013.11.15 15:19:01.467,1.47459,1.47474,1.88,1.20
2013.11.15 15:19:02.608,1.47459,1.47474,1.88,1.58
2013.11.15 15:19:02.967,1.47454,1.4747,1.65,1.13
2013.11.15 15:19:03.147,1.47456,1.4747,1.13,1.13
2013.11.15 15:19:03.388,1.47457,1.47473,1.20,1.88
2013.11.15 15:19:05.107,1.47457,1.47471,1.20,1.13
2013.11.15 15:19:09.147,1.47455,1.47473,1.65,1.58
2013.11.15 15:19:09.267,1.47455,1.47473,1.50,1.95
2013.11.15 15:19:09.578,1.47455,1.47473,1.50,1.95
2013.11.15 15:19:14.367,1.47455,1.47474,1.65,1.65
2013.11.15 15:19:15.541,1.47455,1.47474,1.65,1.65
2013.11.15 15:19:16.716,1.47459,1.47476,1.28,2.33
2013.11.15 15:19:17.276,1.47462,1.47476,1.39,1.13
2013.11.15 15:19:17.688,1.47463,1.47477,1.13,1.13
2013.11.15 15:19:22.446,1.47462,1.4748,1.58,2.03
2013.11.15 15:19:23.576,1.4746,1.47481,1.65,1.95
2013.11.15 15:19:24.476,1.47463,1.47483,2.33,1.28
2013.11.15 15:19:24.716,1.47463,1.47483,1.28,2.33
2013.11.15 15:19:25.137,1.47463,1.4748,1.28,1.20
2013.11.15 15:19:25.497,1.47463,1.4748,1.88,1.13
2013.11.15 15:19:25.737,1.47463,1.47483,1.28,2.03
2013.11.15 15:19:29.146,1.47463,1.47478,2.03,1.13
2013.11.15 15:19:29.205,1.47463,1.47478,2.03,1.13
2013.11.15 15:19:31.548,1.47462,1.47478,2.52,1.13
2013.11.15 15:19:31.668,1.47462,1.47477,1.32,1.20
2013.11.15 15:19:31.729,1.47459,1.47472,1.50,1.13
2013.11.15 15:19:33.719,1.47458,1.47472,1.09,1.13
2013.11.15 15:19:34.387,1.47458,1.47477,2.14,2.33
2013.11.15 15:19:34.446,1.47458,1.47477,2.44,2.25
2013.11.15 15:19:34.686,1.47458,1.47477,2.44,1.50
2013.11.15 15:19:36.138,1.47458,1.47476,2.63,1.13
2013.11.15 15:19:39.718,1.47459,1.47474,1.13,1.50
2013.11.15 15:19:39.777,1.47458,1.47474,2.89,1.50
2013.11.15 15:19:40.476,1.47458,1.47474,2.14,1.13
2013.11.15 15:19:40.656,1.47458,1.47474,2.14,1.13
2013.11.15 15:19:41.196,1.47458,1.47474,2.33,1.13
2013.11.15 15:19:43.177,1.47458,1.47475,2.33,1.13
2013.11.15 15:19:43.536,1.47461,1.47475,1.77,1.13
2013.11.15 15:19:44.299,1.47461,1.4748,1.77,1.58
2013.11.15 15:19:44.369,1.47461,1.4748,1.95,1.58
2013.11.15 15:19:44.726,1.47461,1.4748,1.65,1.65
2013.11.15 15:19:54.098,1.47463,1.4748,1.50,1.50
2013.11.15 15:19:58.308,1.47464,1.47481,1.02,1.50
2013.11.15 15:19:58.767,1.47462,1.47481,1.02,1.58
2013.11.15 15:19:58.948,1.4746,1.47476,1.09,1.13
2013.11.15 15:20:02.056,1.47458,1.47475,1.50,1.50
2013.11.15 15:20:05.152,1.47454,1.47474,5.44,1.88
2013.11.15 15:20:05.216,1.47454,1.47474,3.57,1.88
2013.11.15 15:20:10.368,1.47455,1.47474,1.69,1.50
2013.11.15 15:20:10.757,1.47456,1.47474,1.69,1.88
2013.11.15 15:20:10.877,1.47458,1.47474,2.03,2.63
2013.11.15 15:20:11.179,1.47464,1.47478,1.28,1.50
2013.11.15 15:20:11.249,1.47465,1.47479,1.20,1.32
2013.11.15 15:20:11.320,1.47466,1.47481,1.20,1.69
2013.11.15 15:20:11.507,1.47464,1.47482,1.20,1.50
2013.11.15 15:20:11.687,1.47463,1.47482,2.63,1.88
2013.11.15 15:20:12.406,1.47467,1.47484,1.58,1.13
2013.11.15 15:20:12.466,1.47467,1.47484,1.58,1.50
2013.11.15 15:20:13.230,1.47467,1.47486,1.58,1.50
2013.11.15 15:20:13.299,1.47468,1.47484,1.13,1.13
2013.11.15 15:20:13.658,1.47469,1.47486,2.82,1.88
2013.11.15 15:20:14.526,1.47471,1.47487,2.82,1.50
2013.11.15 15:20:14.586,1.47472,1.47488,1.50,1.50
2013.11.15 15:20:14.646,1.47472,1.47487,1.88,1.50
2013.11.15 15:20:14.947,1.47472,1.47487,1.88,2.25
2013.11.15 15:20:15.420,1.4747,1.47487,1.69,2.25
2013.11.15 15:20:16.117,1.47472,1.47487,1.88,2.25
2013.11.15 15:20:16.497,1.47472,1.47487,1.88,2.25
2013.11.15 15:20:17.488,1.47472,1.47487,1.88,2.25
2013.11.15 15:20:20.302,1.47472,1.47487,1.69,1.50
2013.11.15 15:20:20.495,1.47473,1.47489,1.39,1.13
2013.11.15 15:20:20.800,1.47473,1.47491,1.73,1.88
2013.11.15 15:20:21.110,1.47477,1.47491,1.13,1.88
2013.11.15 15:20:22.179,1.4747,1.47489,1.09,1.28
2013.11.15 15:20:22.297,1.47472,1.47489,1.13,1.20
2013.11.15 15:20:22.539,1.47479,1.47496,1.50,1.50
2013.11.15 15:20:22.599,1.47482,1.47497,1.39,1.50
2013.11.15 15:20:22.956,1.47483,1.475,1.13,1.50
2013.11.15 15:20:23.676,1.47483,1.47499,1.13,1.50
2013.11.15 15:20:23.977,1.47486,1.475,1.39,1.50
2013.11.15 15:20:24.286,1.47484,1.47502,1.69,1.13
2013.11.15 15:20:25.608,1.47483,1.47502,1.50,1.13
2013.11.15 15:20:25.666,1.47483,1.47502,1.50,1.13
2013.11.15 15:20:27.186,1.47483,1.47505,2.63,2.03
2013.11.15 15:20:27.861,1.47483,1.47502,2.63,1.13
2013.11.15 15:20:29.917,1.47484,1.47505,1.39,2.40
2013.11.15 15:20:31.347,1.47484,1.47505,1.39,2.40
2013.11.15 15:20:32.317,1.47484,1.47503,1.02,1.20
2013.11.15 15:20:33.177,1.47484,1.47502,1.02,1.65
2013.11.15 15:20:34.099,1.47486,1.47504,2.44,1.58
2013.11.15 15:20:34.407,1.47493,1.47506,1.20,1.32
2013.11.15 15:20:34.471,1.47493,1.47506,1.58,1.13
2013.11.15 15:20:34.657,1.4749,1.47509,1.95,1.20
2013.11.15 15:20:34.717,1.4749,1.47509,1.95,1.13
2013.11.15 15:20:35.868,1.47491,1.47509,1.13,1.13
2013.11.15 15:20:36.173,1.47491,1.4751,1.13,1.50
2013.11.15 15:20:36.706,1.47489,1.47509,1.20,2.03
2013.11.15 15:20:36.839,1.47488,1.47508,2.70,1.13
2013.11.15 15:20:37.089,1.47494,1.4751,1.32,1.65
2013.11.15 15:20:37.397,1.47496,1.47513,2.25,1.65
2013.11.15 15:20:37.459,1.47496,1.47516,2.33,2.03
2013.11.15 15:20:37.528,1.47498,1.47516,1.65,1.28
2013.11.15 15:20:37.649,1.47501,1.47514,1.69,1.13
2013.11.15 15:20:37.958,1.47502,1.47517,2.07,1.50
2013.11.15 15:20:38.196,1.47501,1.4752,1.02,1.58
2013.11.15 15:20:39.462,1.47503,1.47522,2.70,2.89
2013.11.15 15:20:39.789,1.47504,1.47522,1.50,1.69
2013.11.15 15:20:40.037,1.47503,1.47522,1.95,1.77
2013.11.15 15:20:40.511,1.47503,1.47519,1.39,1.58
2013.11.15 15:20:40.759,1.47503,1.47519,1.09,2.25
2013.11.15 15:20:40.817,1.47503,1.47517,1.02,1.13
2013.11.15 15:20:41.357,1.47499,1.47513,2.03,1.50
2013.11.15 15:20:41.766,1.47499,1.47513,1.47,1.50
2013.11.15 15:20:42.098,1.47501,1.47517,1.32,2.40
2013.11.15 15:20:42.520,1.47499,1.47513,1.84,1.50
2013.11.15 15:20:43.132,1.47501,1.47517,1.13,1.65
2013.11.15 15:20:43.621,1.475,1.47513,1.13,1.50
2013.11.15 15:20:43.952,1.47511,1.47522,1.39,1.13
2013.11.15 15:20:44.267,1.47513,1.47523,1.20,2.18
2013.11.15 15:20:44.448,1.47508,1.47523,1.50,2.25
2013.11.15 15:20:44.689,1.47508,1.47522,1.50,1.50
2013.11.15 15:20:44.761,1.47511,1.47527,1.84,1.50
2013.11.15 15:20:45.009,1.47508,1.47528,1.47,2.14
2013.11.15 15:20:45.078,1.47509,1.47528,1.58,2.14
2013.11.15 15:20:45.618,1.47509,1.47524,1.50,1.13
2013.11.15 15:20:45.679,1.47505,1.47524,1.77,1.20
2013.11.15 15:20:45.747,1.47508,1.47525,1.77,1.28
2013.11.15 15:20:45.929,1.47506,1.47521,1.02,1.13
2013.11.15 15:20:46.467,1.47505,1.47518,1.69,1.13
2013.11.15 15:20:47.377,1.47507,1.47522,1.20,1.32
2013.11.15 15:20:47.617,1.47505,1.47522,1.95,1.32
2013.11.15 15:20:47.677,1.47505,1.47522,1.95,1.69
2013.11.15 15:20:48.049,1.47505,1.47523,2.25,1.32
2013.11.15 15:20:48.117,1.47505,1.47522,2.25,1.69
2013.11.15 15:20:48.236,1.47506,1.47522,1.20,2.07
2013.11.15 15:20:48.359,1.47508,1.47522,1.50,2.82
2013.11.15 15:20:48.667,1.47506,1.47516,1.20,1.50
2013.11.15 15:20:49.089,1.47501,1.47517,1.28,2.07
2013.11.15 15:20:49.328,1.47499,1.47516,1.13,1.32
2013.11.15 15:20:49.508,1.47496,1.47512,2.33,1.13
2013.11.15 15:20:49.570,1.47496,1.47512,2.63,1.13
2013.11.15 15:20:49.697,1.47496,1.47511,1.58,1.13
2013.11.15 15:20:49.818,1.47498,1.47511,1.20,1.13
2013.11.15 15:20:49.937,1.47496,1.47512,1.28,1.13
2013.11.15 15:20:50.358,1.47496,1.47512,1.50,1.50
2013.11.15 15:20:50.717,1.47504,1.47521,1.13,1.69
2013.11.15 15:20:51.017,1.47503,1.47522,1.95,1.20
2013.11.15 15:20:51.197,1.47503,1.4752,1.65,1.02
2013.11.15 15:20:51.257,1.47503,1.47522,2.25,1.13
2013.11.15 15:20:51.558,1.47508,1.47525,2.82,1.13
2013.11.15 15:20:51.746,1.47508,1.47525,1.39,1.13
2013.11.15 15:20:51.867,1.47508,1.47528,1.39,1.20
2013.11.15 15:20:52.107,1.4751,1.4753,2.82,2.63
2013.11.15 15:20:53.099,1.47513,1.4753,2.63,1.88
2013.11.15 15:20:53.409,1.47521,1.47532,1.13,1.13
2013.11.15 15:20:53.478,1.47521,1.47533,1.13,1.50
2013.11.15 15:20:53.657,1.47519,1.47534,1.28,1.50
2013.11.15 15:20:53.836,1.47517,1.47533,1.88,1.50
2013.11.15 15:20:53.897,1.47515,1.47533,1.39,1.88
2013.11.15 15:20:55.439,1.47511,1.47525,1.09,1.50
2013.11.15 15:20:55.691,1.47504,1.4752,1.13,1.69
2013.11.15 15:20:55.757,1.47502,1.47518,1.13,1.13
2013.11.15 15:20:56.177,1.47503,1.47518,1.20,1.13
2013.11.15 15:20:56.417,1.47503,1.47522,1.20,2.33
2013.11.15 15:20:56.728,1.47501,1.4752,1.13,1.69
2013.11.15 15:20:59.018,1.47505,1.4752,1.20,1.69
2013.11.15 15:20:59.139,1.47505,1.4752,1.20,1.69
2013.11.15 15:20:59.656,1.47506,1.47519,1.39,1.50
2013.11.15 15:21:01.479,1.47506,1.47525,1.77,1.58
2013.11.15 15:21:02.686,1.47506,1.47525,1.58,1.58
2013.11.15 15:21:03.961,1.47507,1.47526,1.39,1.58
2013.11.15 15:21:04.032,1.47506,1.47525,2.14,1.58
2013.11.15 15:21:04.097,1.47506,1.47522,2.14,1.20
2013.11.15 15:21:04.407,1.47506,1.47523,1.69,1.13
2013.11.15 15:21:04.527,1.47506,1.47522,1.69,1.13
2013.11.15 15:21:05.307,1.4751,1.47526,1.20,1.88
2013.11.15 15:21:05.607,1.47508,1.47527,1.84,1.65
2013.11.15 15:21:05.666,1.47508,1.47528,1.84,1.47
2013.11.15 15:21:06.818,1.47508,1.47525,1.69,1.50
2013.11.15 15:21:09.296,1.47515,1.4753,1.88,1.65
2013.11.15 15:21:10.007,1.47516,1.47531,1.20,1.13
2013.11.15 15:21:10.508,1.47516,1.47528,1.20,1.13
2013.11.15 15:21:10.626,1.47518,1.47532,1.88,1.95
2013.11.15 15:21:10.687,1.47518,1.47527,1.13,1.13
2013.11.15 15:21:10.747,1.47517,1.47527,1.88,1.13
2013.11.15 15:21:12.066,1.47513,1.47527,2.52,1.13
2013.11.15 15:21:14.216,1.47517,1.47531,1.69,1.13
2013.11.15 15:21:14.538,1.47517,1.4753,1.69,1.13
2013.11.15 15:21:15.217,1.47516,1.47527,1.02,1.13
2013.11.15 15:21:15.767,1.47515,1.47527,1.32,1.20
2013.11.15 15:21:16.247,1.47511,1.47527,3.08,1.84
2013.11.15 15:21:16.428,1.47511,1.47524,2.03,1.50
2013.11.15 15:21:16.667,1.47511,1.47528,1.95,1.65
2013.11.15 15:21:17.387,1.47516,1.47529,1.58,1.50
2013.11.15 15:21:17.446,1.47516,1.4753,1.77,1.13
2013.11.15 15:21:17.627,1.4752,1.47537,1.20,2.07
2013.11.15 15:21:17.746,1.4752,1.47537,1.58,1.32
2013.11.15 15:21:21.649,1.47518,1.4753,1.13,1.13
2013.11.15 15:21:21.721,1.4751,1.47527,2.70,2.22
2013.11.15 15:21:21.967,1.47509,1.47526,1.20,1.02
2013.11.15 15:21:22.488,1.47509,1.47525,1.13,1.13
2013.11.15 15:21:22.847,1.47513,1.47528,1.20,1.39
2013.11.15 15:21:22.906,1.47513,1.47527,2.33,1.32
2013.11.15 15:21:23.148,1.47515,1.47529,1.13,1.65
2013.11.15 15:21:23.688,1.47515,1.47528,1.13,1.02
2013.11.15 15:21:24.398,1.47508,1.47524,2.78,1.13
2013.11.15 15:21:24.460,1.47508,1.47524,1.95,1.95
2013.11.15 15:21:24.649,1.47508,1.47522,1.13,1.84
2013.11.15 15:21:24.828,1.47508,1.4752,1.13,1.02
2013.11.15 15:21:24.947,1.47503,1.4752,2.40,1.02
2013.11.15 15:21:25.067,1.47503,1.4752,1.50,1.39
2013.11.15 15:21:29.897,1.47502,1.47519,2.25,1.02
2013.11.15 15:21:33.291,1.47504,1.47521,1.28,1.02
2013.11.15 15:21:34.957,1.47503,1.4752,1.13,1.47
2013.11.15 15:21:37.516,1.47503,1.4752,1.13,1.47
2013.11.15 15:21:38.084,1.47502,1.4752,1.58,1.47
2013.11.15 15:21:40.049,1.47503,1.4752,1.13,1.02
2013.11.15 15:21:40.469,1.47508,1.47524,1.02,1.20
2013.11.15 15:21:40.716,1.47508,1.47527,1.39,1.58
2013.11.15 15:21:40.836,1.47508,1.47528,1.39,1.84
2013.11.15 15:21:41.079,1.47508,1.47528,2.07,1.69
2013.11.15 15:21:42.827,1.47512,1.47529,1.28,2.07
2013.11.15 15:21:42.948,1.47512,1.47528,1.28,1.69
2013.11.15 15:21:43.306,1.47514,1.47528,1.20,1.69
2013.11.15 15:21:43.487,1.47518,1.47534,1.02,1.58
2013.11.15 15:21:43.668,1.47518,1.47536,1.69,1.13
2013.11.15 15:21:44.027,1.47519,1.47536,1.02,1.28
2013.11.15 15:21:44.586,1.47522,1.47536,1.13,1.28
2013.11.15 15:21:45.167,1.47522,1.47538,2.07,1.20
2013.11.15 15:21:46.318,1.47524,1.47541,1.84,1.13
2013.11.15 15:21:46.486,1.47524,1.47541,1.09,1.13
2013.11.15 15:21:46.907,1.47524,1.47541,1.65,1.32
2013.11.15 15:21:47.837,1.47524,1.47541,1.65,1.32
2013.11.15 15:21:48.710,1.47523,1.4754,2.33,1.69
2013.11.15 15:21:49.427,1.47523,1.4754,3.45,1.69
2013.11.15 15:21:50.326,1.47523,1.4754,2.70,2.07
2013.11.15 15:21:50.921,1.47524,1.4754,1.13,2.14
2013.11.15 15:21:51.688,1.47524,1.4754,1.88,1.39
2013.11.15 15:21:53.156,1.47524,1.4754,1.95,1.47
2013.11.15 15:21:53.457,1.47523,1.47535,1.50,1.20
2013.11.15 15:21:53.757,1.47521,1.47534,1.50,1.20
2013.11.15 15:21:57.106,1.47519,1.47537,1.32,1.58
2013.11.15 15:21:57.846,1.47519,1.47537,1.32,1.58
2013.11.15 15:21:58.638,1.47518,1.47537,1.20,1.58
2013.11.15 15:21:59.296,1.47518,1.47537,1.20,2.33
2013.11.15 15:21:59.808,1.47521,1.47537,1.20,1.39
2013.11.15 15:21:59.927,1.47521,1.47537,1.20,1.39
2013.11.15 15:22:00.239,1.47521,1.4754,1.95,1.95
2013.11.15 15:22:00.479,1.47521,1.4754,2.70,1.95
2013.11.15 15:22:00.546,1.47521,1.47536,1.20,1.13
2013.11.15 15:22:00.607,1.47523,1.4754,1.13,1.58
2013.11.15 15:22:01.078,1.47524,1.4754,1.69,1.58
2013.11.15 15:22:03.120,1.47524,1.4754,1.69,1.58
2013.11.15 15:22:03.765,1.47525,1.4754,1.69,1.58
2013.11.15 15:22:04.267,1.47524,1.4754,1.69,1.58
2013.11.15 15:22:04.749,1.47523,1.47538,1.50,1.47
2013.11.15 15:22:05.057,1.47524,1.47538,1.50,1.69
2013.11.15 15:22:05.296,1.47523,1.47537,1.65,1.32
2013.11.15 15:22:05.616,1.47523,1.47537,1.50,1.39
2013.11.15 15:22:08.357,1.47523,1.47534,1.50,1.28
2013.11.15 15:22:10.078,1.47524,1.47539,1.50,2.63
2013.11.15 15:22:10.608,1.47523,1.47537,1.50,1.28
2013.11.15 15:22:10.666,1.47523,1.47538,1.50,1.20
2013.11.15 15:22:10.726,1.47523,1.47537,1.50,1.20
2013.11.15 15:22:11.147,1.4752,1.47537,2.82,1.65
2013.11.15 15:22:15.906,1.47523,1.47541,1.50,2.14
2013.11.15 15:22:16.171,1.47523,1.47541,1.50,2.14
2013.11.15 15:22:16.938,1.47523,1.47537,1.50,1.09
2013.11.15 15:22:17.057,1.47521,1.47537,1.50,1.47
2013.11.15 15:22:17.120,1.47521,1.47537,1.50,1.02
2013.11.15 15:22:17.426,1.47521,1.47538,1.50,1.39
2013.11.15 15:22:17.606,1.47521,1.47538,2.25,1.39
2013.11.15 15:22:19.366,1.47525,1.47541,1.32,1.50
2013.11.15 15:22:19.901,1.47525,1.4754,1.50,1.58
2013.11.15 15:22:20.418,1.47523,1.47539,1.95,1.02
2013.11.15 15:22:20.536,1.47523,1.47537,1.88,1.32
2013.11.15 15:22:20.777,1.47523,1.47537,1.95,1.02
2013.11.15 15:22:21.137,1.47523,1.47537,1.50,1.32
2013.11.15 15:22:21.437,1.47523,1.47539,1.95,1.02
2013.11.15 15:22:22.067,1.47523,1.47537,1.88,1.02
2013.11.15 15:22:22.484,1.47524,1.4754,1.20,1.58
2013.11.15 15:22:23.067,1.47526,1.47541,1.13,1.69
2013.11.15 15:22:23.671,1.47523,1.47541,1.58,1.39
2013.11.15 15:22:23.738,1.47526,1.47541,1.13,1.02
2013.11.15 15:22:24.134,1.47525,1.47541,1.88,1.09
2013.11.15 15:22:24.563,1.47528,1.47541,1.13,1.09
2013.11.15 15:22:29.776,1.47528,1.47544,1.50,1.47
2013.11.15 15:22:29.897,1.47529,1.47545,1.13,1.47
2013.11.15 15:22:31.889,1.47525,1.47545,1.65,1.47
2013.11.15 15:22:33.090,1.47527,1.47544,1.13,1.39
2013.11.15 15:22:33.508,1.47525,1.47543,1.13,1.20
2013.11.15 15:22:34.202,1.47527,1.47544,1.13,1.69
2013.11.15 15:22:34.337,1.47525,1.47537,1.50,1.13
2013.11.15 15:22:34.398,1.47524,1.4754,1.32,1.20
2013.11.15 15:22:34.457,1.47523,1.47537,2.25,1.20
2013.11.15 15:22:34.577,1.4752,1.47537,2.03,1.20
2013.11.15 15:22:37.496,1.47518,1.47538,3.08,1.28
2013.11.15 15:22:37.556,1.47518,1.47537,3.08,1.20
2013.11.15 15:22:37.737,1.47518,1.47532,1.88,1.02
2013.11.15 15:22:38.256,1.47518,1.47535,1.13,1.58
2013.11.15 15:22:39.206,1.47518,1.47536,1.20,1.20
2013.11.15 15:22:39.267,1.47518,1.47537,1.28,1.09
2013.11.15 15:22:39.327,1.47517,1.47537,1.77,1.47
2013.11.15 15:22:39.747,1.47517,1.47536,1.77,1.58
2013.11.15 15:22:39.867,1.47517,1.47537,2.14,2.22
2013.11.15 15:22:40.467,1.4752,1.47536,1.20,1.13
2013.11.15 15:22:40.527,1.4752,1.47535,1.20,1.13
2013.11.15 15:22:40.947,1.47513,1.47532,3.00,1.69
2013.11.15 15:22:41.787,1.47513,1.47531,2.40,1.02
2013.11.15 15:22:42.026,1.47513,1.47531,2.40,1.02
2013.11.15 15:22:42.367,1.47513,1.47531,2.40,1.02
2013.11.15 15:22:42.969,1.47513,1.47531,2.40,1.20
2013.11.15 15:22:43.998,1.47513,1.47531,2.40,1.20
2013.11.15 15:22:44.367,1.47513,1.47531,2.25,1.77
2013.11.15 15:22:44.427,1.47513,1.47528,1.50,1.28
2013.11.15 15:22:46.123,1.47512,1.47529,1.28,1.39
2013.11.15 15:22:46.450,1.47514,1.47532,1.13,2.70
2013.11.15 15:22:49.569,1.47514,1.47532,1.77,1.88
2013.11.15 15:22:49.638,1.47514,1.47533,1.77,1.58
2013.11.15 15:22:49.758,1.47514,1.47532,1.77,1.88
2013.11.15 15:22:49.877,1.47514,1.47532,1.77,1.13
2013.11.15 15:22:50.487,1.47514,1.47532,1.77,1.88
2013.11.15 15:22:51.074,1.47514,1.47532,1.58,2.63
2013.11.15 15:22:53.266,1.47513,1.4753,2.07,1.13
2013.11.15 15:22:53.626,1.47513,1.47532,2.82,1.13
2013.11.15 15:22:53.926,1.47517,1.47532,1.95,1.13
2013.11.15 15:22:53.987,1.47517,1.47534,1.65,1.58
2013.11.15 15:22:55.296,1.47513,1.47531,2.40,1.02
2013.11.15 15:22:56.128,1.47513,1.47531,1.65,1.02
2013.11.15 15:22:56.307,1.47512,1.47529,1.65,1.39
2013.11.15 15:22:56.489,1.47512,1.47527,1.58,1.13
2013.11.15 15:22:56.797,1.4751,1.47527,1.58,2.40
2013.11.15 15:22:57.368,1.47511,1.47529,1.20,1.69
2013.11.15 15:22:58.657,1.4751,1.47527,1.13,2.33
2013.11.15 15:22:58.716,1.47508,1.47525,1.65,1.02
2013.11.15 15:22:59.560,1.47506,1.47523,1.20,1.50
2013.11.15 15:22:59.807,1.47506,1.47525,1.95,1.02
2013.11.15 15:23:01.507,1.47506,1.47525,1.77,2.14
2013.11.15 15:23:01.568,1.47506,1.47524,1.28,1.09
2013.11.15 15:23:01.748,1.47506,1.47525,1.88,2.07
2013.11.15 15:23:01.807,1.47506,1.47524,1.28,1.39
2013.11.15 15:23:01.989,1.47506,1.47525,2.25,1.50
2013.11.15 15:23:02.056,1.47508,1.47526,1.39,1.13
2013.11.15 15:23:02.476,1.47507,1.47525,1.02,1.28
2013.11.15 15:23:02.810,1.47508,1.47525,1.39,1.13
2013.11.15 15:23:03.879,1.47508,1.47525,1.84,1.20
2013.11.15 15:23:04.187,1.47506,1.47524,1.13,1.58
2013.11.15 15:23:04.847,1.47503,1.47521,2.78,1.39
2013.11.15 15:23:05.028,1.475,1.47511,1.50,1.13
2013.11.15 15:23:05.207,1.47495,1.47508,1.13,1.02
2013.11.15 15:23:07.447,1.47493,1.47511,1.50,1.20
2013.11.15 15:23:07.628,1.47493,1.47513,1.65,1.65
2013.11.15 15:23:07.878,1.47493,1.47512,1.50,2.25
2013.11.15 15:23:08.986,1.47493,1.47512,1.50,2.25
2013.11.15 15:23:09.526,1.47493,1.47511,1.50,1.02
2013.11.15 15:23:10.066,1.47493,1.47511,1.13,1.02
2013.11.15 15:23:10.797,1.47493,1.47512,1.28,1.47
2013.11.15 15:23:10.857,1.47493,1.47512,1.28,1.65
2013.11.15 15:23:12.206,1.47493,1.4751,1.20,1.28
2013.11.15 15:23:13.737,1.47493,1.4751,1.13,2.25
2013.11.15 15:23:14.166,1.47493,1.4751,1.50,1.50
2013.11.15 15:23:14.717,1.47492,1.4751,1.58,1.50
2013.11.15 15:23:16.270,1.47491,1.47508,1.65,1.02
2013.11.15 15:23:20.456,1.47493,1.47511,1.13,1.77
2013.11.15 15:23:20.757,1.47493,1.47509,1.28,1.13
2013.11.15 15:23:23.107,1.47492,1.47512,1.58,1.47
2013.11.15 15:23:24.969,1.47492,1.47512,1.58,1.47
2013.11.15 15:23:25.157,1.47491,1.47509,2.44,1.13
2013.11.15 15:23:25.276,1.47491,1.47509,1.84,1.28
2013.11.15 15:23:25.457,1.47492,1.47507,1.13,1.58
2013.11.15 15:23:25.877,1.47491,1.47507,1.77,1.13
2013.11.15 15:23:26.522,1.47491,1.47511,2.14,1.09
2013.11.15 15:23:26.827,1.47492,1.47508,1.28,1.13
2013.11.15 15:23:27.377,1.47492,1.47512,1.28,1.47
2013.11.15 15:23:33.417,1.47491,1.47511,2.89,1.47
2013.11.15 15:23:34.269,1.47491,1.4751,2.59,1.13
2013.11.15 15:23:34.457,1.47491,1.47511,2.89,1.47
2013.11.15 15:23:34.637,1.47491,1.4751,2.52,1.20
2013.11.15 15:23:35.266,1.47491,1.47508,1.02,1.20
2013.11.15 15:23:35.807,1.4749,1.47506,1.32,1.20
2013.11.15 15:23:36.608,1.47488,1.47506,2.63,1.58
2013.11.15 15:23:36.849,1.47492,1.47507,1.13,1.39
2013.11.15 15:23:36.908,1.47492,1.47507,1.58,1.32
2013.11.15 15:23:37.218,1.47493,1.4751,2.25,1.13
2013.11.15 15:23:38.187,1.47494,1.4751,1.58,1.13
2013.11.15 15:23:38.246,1.47497,1.47516,1.02,2.33
2013.11.15 15:23:38.867,1.47497,1.47516,1.84,2.25
2013.11.15 15:23:39.442,1.47497,1.47513,2.14,1.13
2013.11.15 15:23:40.767,1.47497,1.47512,2.14,1.50
2013.11.15 15:23:41.020,1.47497,1.47514,2.14,1.13
2013.11.15 15:23:41.897,1.47497,1.47512,1.39,1.50
2013.11.15 15:23:42.077,1.47497,1.47509,1.02,1.13
2013.11.15 15:23:43.217,1.47498,1.47514,1.09,1.88
2013.11.15 15:23:43.517,1.47498,1.47514,1.65,1.13
2013.11.15 15:23:44.152,1.47499,1.47518,1.20,1.95
2013.11.15 15:23:47.409,1.47498,1.47517,1.65,1.28
2013.11.15 15:23:51.677,1.47498,1.47515,1.47,1.20
2013.11.15 15:23:55.296,1.47498,1.47514,1.32,1.20
2013.11.15 15:23:56.026,1.47498,1.47515,1.32,2.33
2013.11.15 15:23:57.478,1.47493,1.47514,2.52,1.09
2013.11.15 15:23:59.047,1.47493,1.47512,2.14,1.95
2013.11.15 15:24:01.517,1.47493,1.47511,1.77,1.13
2013.11.15 15:24:01.577,1.47493,1.47511,1.69,1.20
2013.11.15 15:24:01.886,1.47493,1.47511,1.69,1.58
2013.11.15 15:24:02.200,1.47493,1.47513,1.77,1.02
2013.11.15 15:24:02.267,1.47493,1.47512,1.84,1.28
2013.11.15 15:24:02.329,1.47493,1.47514,1.84,1.39
2013.11.15 15:24:02.938,1.47491,1.4751,1.69,1.13
2013.11.15 15:24:02.998,1.47492,1.4751,1.32,1.13
2013.11.15 15:24:07.980,1.47492,1.47507,1.13,1.58
2013.11.15 15:24:08.167,1.47488,1.47507,1.77,1.58
2013.11.15 15:24:08.227,1.47488,1.47507,1.77,1.58
2013.11.15 15:24:10.486,1.47484,1.47497,2.63,1.20
2013.11.15 15:24:10.607,1.47484,1.47498,2.63,1.09
2013.11.15 15:24:11.187,1.47484,1.47497,1.88,1.20
2013.11.15 15:24:11.449,1.47485,1.47499,1.13,1.39
2013.11.15 15:24:12.397,1.47485,1.47499,1.13,1.02
2013.11.15 15:24:12.457,1.47485,1.47503,1.32,1.20
2013.11.15 15:24:12.637,1.47486,1.47504,1.69,1.58
2013.11.15 15:24:12.757,1.47485,1.47504,1.77,1.58
2013.11.15 15:24:13.116,1.47485,1.47502,1.39,1.28
2013.11.15 15:24:14.348,1.47484,1.47502,2.03,2.40
2013.11.15 15:24:15.247,1.47485,1.47502,1.20,2.40
2013.11.15 15:24:15.427,1.47485,1.47502,1.20,2.40
2013.11.15 15:24:15.487,1.47485,1.47504,1.58,1.13
2013.11.15 15:24:16.108,1.47488,1.47505,1.65,1.39
2013.11.15 15:24:16.908,1.47486,1.47505,1.20,1.39
2013.11.15 15:24:17.559,1.47486,1.47504,1.20,1.32
2013.11.15 15:24:17.826,1.47486,1.47504,1.20,1.32
2013.11.15 15:24:17.948,1.47486,1.47503,1.20,1.32
2013.11.15 15:24:18.126,1.47486,1.47503,1.20,1.32
2013.11.15 15:24:19.007,1.47485,1.47503,2.33,1.39
2013.11.15 15:24:19.256,1.47485,1.47502,1.28,1.20
2013.11.15 15:24:19.696,1.47483,1.47497,1.13,1.65
2013.11.15 15:24:19.768,1.47481,1.47497,1.50,1.65
2013.11.15 15:24:21.197,1.47477,1.47492,1.58,1.32
2013.11.15 15:24:21.257,1.47481,1.47492,1.50,1.32
2013.11.15 15:24:21.756,1.4748,1.47494,1.39,1.13
2013.11.15 15:24:21.829,1.47478,1.47494,1.47,1.13
2013.11.15 15:24:22.107,1.47478,1.47494,1.47,1.13
2013.11.15 15:24:24.558,1.47478,1.47493,1.28,1.32
2013.11.15 15:24:25.089,1.47477,1.47492,1.58,1.32
2013.11.15 15:24:26.768,1.47477,1.47493,1.88,1.32
2013.11.15 15:24:26.826,1.47477,1.47492,1.58,1.32
2013.11.15 15:24:28.376,1.47477,1.47492,1.13,2.14
2013.11.15 15:24:33.008,1.47474,1.47487,2.03,1.13
2013.11.15 15:24:33.127,1.47474,1.47487,1.65,1.13
2013.11.15 15:24:34.220,1.47475,1.47487,1.09,1.13
2013.11.15 15:24:34.347,1.47475,1.47486,1.39,1.13
2013.11.15 15:24:34.709,1.47474,1.47487,1.69,1.13
2013.11.15 15:24:34.976,1.47474,1.47487,1.69,1.13
2013.11.15 15:24:35.869,1.47473,1.47488,2.03,1.69
2013.11.15 15:24:36.328,1.47474,1.47488,1.65,1.69
2013.11.15 15:24:37.857,1.47473,1.4749,2.03,1.88
2013.11.15 15:24:38.308,1.47473,1.47488,1.88,1.39
2013.11.15 15:24:38.487,1.47473,1.47488,1.88,1.39
2013.11.15 15:24:39.082,1.47473,1.47488,2.03,1.32
2013.11.15 15:24:39.576,1.47473,1.47488,1.20,1.32
2013.11.15 15:24:41.927,1.47473,1.47488,1.28,1.32
2013.11.15 15:24:41.987,1.47473,1.47488,1.28,1.13
2013.11.15 15:24:43.007,1.47473,1.47488,1.13,1.20
2013.11.15 15:24:47.729,1.47473,1.47487,1.13,1.69
2013.11.15 15:24:47.967,1.47473,1.47487,1.28,1.69
2013.11.15 15:24:48.328,1.47473,1.47487,1.88,1.32
2013.11.15 15:24:48.847,1.47473,1.47489,1.28,1.13
2013.11.15 15:24:49.857,1.47473,1.47489,1.28,1.88
2013.11.15 15:24:51.486,1.47473,1.47489,1.88,2.03
2013.11.15 15:24:51.618,1.47473,1.47489,1.88,1.28
2013.11.15 15:24:51.977,1.47474,1.47485,1.50,1.13
2013.11.15 15:24:52.576,1.47473,1.47485,1.20,1.32
2013.11.15 15:24:52.637,1.47469,1.47485,1.13,1.32
2013.11.15 15:24:54.856,1.47468,1.47487,1.28,2.22
2013.11.15 15:24:57.197,1.47473,1.47488,1.13,1.02
2013.11.15 15:24:58.118,1.47473,1.47489,1.13,1.39
2013.11.15 15:24:58.247,1.47473,1.47489,1.13,1.09
2013.11.15 15:24:58.487,1.47473,1.4749,1.13,1.28
2013.11.15 15:24:58.897,1.47473,1.47491,1.13,1.58
2013.11.15 15:24:59.926,1.47473,1.47488,1.13,1.02
2013.11.15 15:25:00.647,1.47473,1.47489,1.28,1.69
2013.11.15 15:25:01.007,1.47473,1.47489,1.58,1.69
2013.11.15 15:25:01.187,1.47473,1.47488,1.20,1.13
2013.11.15 15:25:01.429,1.47473,1.47488,2.63,1.13
2013.11.15 15:25:01.797,1.47477,1.47488,1.20,1.13
2013.11.15 15:25:02.968,1.47473,1.47488,2.03,1.13
2013.11.15 15:25:03.146,1.47477,1.47488,1.20,1.13
2013.11.15 15:25:03.206,1.47473,1.47488,2.03,1.13
2013.11.15 15:25:03.266,1.47477,1.47488,1.20,1.13
2013.11.15 15:25:03.447,1.47473,1.47488,2.33,1.13
2013.11.15 15:25:03.507,1.47476,1.47488,1.20,1.13
2013.11.15 15:25:03.566,1.47477,1.47493,1.20,1.50
2013.11.15 15:25:03.628,1.47479,1.47495,1.20,1.69
2013.11.15 15:25:04.167,1.4748,1.47497,1.65,2.25
2013.11.15 15:25:04.747,1.47483,1.47497,1.13,1.88
2013.11.15 15:25:04.866,1.47481,1.47497,1.65,1.88
2013.11.15 15:25:05.266,1.47481,1.47497,1.65,1.13
2013.11.15 15:25:05.326,1.47481,1.47499,1.65,1.09
2013.11.15 15:25:05.447,1.47483,1.47498,1.50,1.39
2013.11.15 15:25:06.438,1.47483,1.47497,1.58,1.88
2013.11.15 15:25:07.778,1.47485,1.47497,1.20,1.88
2013.11.15 15:25:08.157,1.47485,1.47499,1.20,1.69
2013.11.15 15:25:08.977,1.47487,1.47499,1.20,1.50
2013.11.15 15:25:09.037,1.47488,1.475,1.65,1.13
2013.11.15 15:25:10.098,1.47487,1.47503,1.20,1.50
2013.11.15 15:25:13.055,1.47486,1.47503,1.32,1.50
2013.11.15 15:25:13.298,1.47485,1.47503,1.47,1.65
2013.11.15 15:25:23.161,1.47483,1.47501,1.95,1.50
2013.11.15 15:25:33.197,1.47482,1.47499,1.09,1.13
2013.11.15 15:25:34.449,1.47483,1.47502,1.65,1.09
2013.11.15 15:25:34.510,1.47488,1.47502,1.58,1.02
2013.11.15 15:25:34.817,1.47489,1.47504,2.25,2.07
2013.11.15 15:25:40.358,1.47492,1.47503,1.50,1.13
2013.11.15 15:25:40.417,1.47493,1.47511,1.50,3.19
2013.11.15 15:25:45.778,1.47494,1.47512,1.69,1.50
2013.11.15 15:25:50.018,1.47498,1.47512,1.58,1.88
2013.11.15 15:25:50.546,1.47498,1.47514,1.69,1.28
2013.11.15 15:25:59.196,1.47497,1.47515,1.77,1.28
2013.11.15 15:26:00.116,1.47497,1.47514,2.14,1.28
2013.11.15 15:26:01.867,1.47497,1.47514,1.69,1.28
2013.11.15 15:26:02.947,1.47497,1.47515,1.69,1.58
2013.11.15 15:26:03.896,1.47498,1.47515,1.09,1.20
2013.11.15 15:26:04.856,1.47498,1.47515,1.02,1.50
2013.11.15 15:26:05.396,1.47497,1.47515,1.69,1.88
2013.11.15 15:26:05.739,1.47496,1.47514,1.88,1.77
2013.11.15 15:26:08.196,1.47496,1.47512,1.88,1.95
2013.11.15 15:26:11.368,1.47497,1.47513,1.13,1.13
2013.11.15 15:26:11.547,1.47497,1.47515,1.95,1.32
2013.11.15 15:26:11.988,1.47497,1.47516,1.58,1.39
2013.11.15 15:26:14.273,1.47497,1.47516,1.77,1.20
2013.11.15 15:26:14.343,1.47496,1.47513,1.84,1.58
2013.11.15 15:26:15.407,1.47494,1.4751,1.69,1.20
2013.11.15 15:26:18.508,1.47493,1.4751,1.65,1.02
2013.11.15 15:26:18.982,1.47494,1.47512,1.58,1.65
2013.11.15 15:26:20.149,1.47494,1.47512,2.14,1.13
2013.11.15 15:26:20.818,1.47494,1.47512,1.39,1.13
2013.11.15 15:26:21.567,1.47494,1.47513,1.09,1.28
2013.11.15 15:26:22.409,1.47494,1.47513,1.39,1.20
2013.11.15 15:26:23.713,1.47495,1.47513,2.33,1.13
2013.11.15 15:26:24.137,1.47494,1.47513,1.39,1.20
2013.11.15 15:26:25.597,1.47494,1.47513,2.14,1.95
2013.11.15 15:26:27.834,1.47497,1.47514,1.20,1.32
2013.11.15 15:26:28.508,1.47496,1.47513,1.20,1.28
2013.11.15 15:26:29.137,1.47495,1.47513,2.03,1.28
2013.11.15 15:26:29.317,1.47496,1.47513,1.20,1.65
2013.11.15 15:26:32.117,1.47496,1.47514,1.28,1.39
2013.11.15 15:26:32.356,1.47496,1.47514,1.28,1.02
2013.11.15 15:26:33.656,1.47494,1.47512,1.69,1.20
2013.11.15 15:26:33.777,1.47492,1.47508,1.02,1.58
2013.11.15 15:26:33.836,1.47491,1.47508,4.20,1.95
2013.11.15 15:26:34.138,1.47488,1.47503,1.13,1.28
2013.11.15 15:26:34.319,1.47483,1.47497,1.50,1.50
2013.11.15 15:26:34.438,1.47481,1.47492,1.02,1.13
2013.11.15 15:26:34.497,1.47479,1.47492,1.02,1.13
2013.11.15 15:26:34.620,1.47479,1.47492,1.02,1.13
2013.11.15 15:26:34.988,1.47478,1.47488,1.50,1.13
2013.11.15 15:26:35.348,1.47472,1.47484,1.13,1.13
2013.11.15 15:26:35.407,1.47468,1.47478,1.65,1.13
2013.11.15 15:26:35.707,1.47464,1.47478,2.70,1.13
2013.11.15 15:26:35.766,1.47464,1.47476,2.70,1.13
2013.11.15 15:26:36.328,1.4746,1.47474,1.13,1.39
2013.11.15 15:26:36.508,1.47458,1.47473,1.20,1.69
2013.11.15 15:26:37.899,1.47458,1.47477,1.47,2.40
2013.11.15 15:26:38.208,1.47455,1.4747,1.09,1.13
2013.11.15 15:26:38.389,1.47454,1.4747,2.25,1.28
2013.11.15 15:26:39.158,1.47451,1.4747,1.28,1.65
2013.11.15 15:26:39.216,1.4745,1.47468,1.65,1.02
2013.11.15 15:26:39.517,1.47448,1.47468,2.07,1.02
2013.11.15 15:26:40.217,1.47448,1.47464,1.39,1.50
2013.11.15 15:26:40.277,1.47448,1.47464,1.02,1.88
2013.11.15 15:26:40.398,1.47444,1.47464,1.28,1.95
2013.11.15 15:26:41.054,1.47443,1.47463,2.52,1.09
2013.11.15 15:26:41.447,1.47443,1.47463,2.52,1.09
2013.11.15 15:26:41.506,1.47443,1.47463,2.52,1.02
2013.11.15 15:26:42.357,1.47447,1.47462,1.13,1.50
2013.11.15 15:26:42.477,1.47448,1.47465,1.32,1.95
2013.11.15 15:26:42.657,1.47447,1.47465,1.88,1.20
2013.11.15 15:26:42.956,1.47448,1.47467,1.09,1.28
2013.11.15 15:26:43.772,1.47449,1.47467,1.32,1.20
2013.11.15 15:26:44.077,1.47447,1.47467,1.58,1.28
2013.11.15 15:26:44.377,1.47448,1.47467,1.09,2.03
2013.11.15 15:26:44.617,1.47448,1.47467,3.19,1.88
2013.11.15 15:26:45.247,1.47449,1.47467,1.69,1.13
2013.11.15 15:26:45.606,1.4745,1.47467,2.82,1.13
2013.11.15 15:26:45.787,1.4745,1.47467,2.07,1.65
2013.11.15 15:26:45.847,1.4745,1.47462,1.32,1.13
2013.11.15 15:26:45.907,1.47449,1.47461,1.39,1.50
2013.11.15 15:26:46.267,1.47451,1.47464,1.20,1.50
2013.11.15 15:26:46.387,1.47454,1.47469,1.20,1.50
2013.11.15 15:26:46.446,1.47454,1.47469,1.20,1.50
2013.11.15 15:26:47.139,1.47458,1.47473,1.95,1.13
2013.11.15 15:26:47.497,1.47463,1.47476,1.50,1.13
2013.11.15 15:26:47.557,1.47462,1.47476,1.09,1.13
2013.11.15 15:26:47.677,1.47459,1.47477,1.58,1.13
2013.11.15 15:26:48.158,1.47459,1.47477,1.88,1.13
2013.11.15 15:26:49.067,1.47459,1.47478,1.58,1.20
2013.11.15 15:26:49.935,1.47459,1.47478,1.58,1.20
2013.11.15 15:26:50.001,1.47463,1.47477,1.50,1.50
2013.11.15 15:26:50.836,1.47463,1.4748,1.95,1.13
2013.11.15 15:26:51.208,1.47466,1.4748,1.02,1.13
2013.11.15 15:26:51.270,1.47471,1.47481,1.13,1.13
2013.11.15 15:26:51.458,1.47473,1.47488,1.28,1.13
2013.11.15 15:26:51.580,1.47474,1.47492,1.20,2.03
2013.11.15 15:26:51.888,1.47476,1.47491,1.47,1.50
2013.11.15 15:26:52.457,1.47478,1.47492,1.02,1.50
2013.11.15 15:26:55.768,1.47476,1.47491,1.13,1.58
2013.11.15 15:26:56.308,1.47473,1.47491,2.07,1.95
2013.11.15 15:26:56.488,1.47476,1.47492,1.28,1.50
2013.11.15 15:26:56.547,1.47477,1.47492,1.20,1.50
2013.11.15 15:26:56.668,1.47477,1.47494,1.65,1.02
2013.11.15 15:26:56.968,1.47477,1.47496,1.65,1.09
2013.11.15 15:26:57.147,1.47478,1.47494,1.58,1.02
2013.11.15 15:26:57.636,1.4748,1.47496,1.58,1.02
2013.11.15 15:26:57.698,1.4748,1.47498,1.95,1.28
2013.11.15 15:26:59.127,1.47483,1.475,2.14,1.58
2013.11.15 15:26:59.188,1.47483,1.475,2.14,1.28
2013.11.15 15:26:59.310,1.47484,1.475,1.09,1.13
2013.11.15 15:26:59.857,1.47485,1.47502,1.28,1.50
2013.11.15 15:27:00.217,1.47489,1.47502,1.13,1.50
2013.11.15 15:27:00.750,1.47488,1.47502,1.13,1.50
2013.11.15 15:27:01.709,1.47488,1.47504,1.32,1.20
2013.11.15 15:27:02.027,1.47485,1.47501,1.69,1.20
2013.11.15 15:27:02.387,1.47483,1.47498,1.88,1.09
2013.11.15 15:27:02.448,1.47483,1.47498,1.88,1.09
2013.11.15 15:27:02.967,1.4748,1.47495,1.88,1.20
2013.11.15 15:27:05.009,1.4748,1.47495,1.13,1.20
2013.11.15 15:27:05.418,1.4748,1.47495,1.13,1.20
2013.11.15 15:27:05.478,1.47477,1.47492,2.44,1.13
2013.11.15 15:27:05.598,1.47477,1.47492,2.07,1.13
2013.11.15 15:27:06.189,1.47476,1.47492,1.32,1.50
2013.11.15 15:27:06.849,1.47475,1.47492,2.25,1.20
2013.11.15 15:27:08.057,1.47475,1.47492,1.88,1.20
2013.11.15 15:27:08.417,1.47475,1.47487,1.88,1.13
2013.11.15 15:27:08.927,1.47474,1.47488,1.32,1.20
2013.11.15 15:27:09.284,1.4747,1.47489,1.77,1.20
2013.11.15 15:27:09.866,1.47469,1.47488,2.63,1.13
2013.11.15 15:27:10.227,1.47466,1.47484,1.50,1.13
2013.11.15 15:27:10.787,1.47466,1.47484,1.20,1.20
2013.11.15 15:27:10.847,1.47465,1.47483,1.84,1.20
2013.11.15 15:27:11.447,1.47465,1.4748,1.13,1.58
2013.11.15 15:27:14.111,1.47465,1.47483,1.58,1.02
2013.11.15 15:27:14.178,1.47469,1.47487,1.09,1.65
2013.11.15 15:27:14.607,1.47472,1.47488,1.50,1.28
2013.11.15 15:27:14.929,1.4747,1.47488,1.65,1.65
2013.11.15 15:27:15.439,1.4747,1.47488,3.15,1.28
2013.11.15 15:27:16.269,1.47469,1.47487,1.69,1.20
2013.11.15 15:27:16.627,1.47467,1.47488,1.69,1.58
2013.11.15 15:27:17.199,1.4747,1.47488,1.28,1.58
2013.11.15 15:27:17.438,1.4747,1.47489,2.78,1.09
2013.11.15 15:27:17.783,1.4747,1.4749,1.88,1.39
2013.11.15 15:27:17.968,1.4747,1.47489,1.28,1.09
2013.11.15 15:27:18.348,1.4747,1.4749,1.65,2.03
2013.11.15 15:27:18.467,1.47472,1.4749,1.02,1.28
2013.11.15 15:27:19.547,1.47472,1.4749,1.09,1.20
2013.11.15 15:27:19.968,1.47473,1.4749,1.65,1.32
2013.11.15 15:27:20.607,1.47473,1.4749,1.65,1.32
2013.11.15 15:27:20.788,1.47474,1.47488,1.50,1.13
2013.11.15 15:27:21.148,1.47467,1.47485,2.33,1.69
2013.11.15 15:27:21.947,1.47467,1.47485,1.65,1.77
2013.11.15 15:27:22.067,1.47465,1.47483,1.09,1.58
2013.11.15 15:27:22.199,1.47463,1.47482,1.65,1.09
2013.11.15 15:27:23.134,1.47463,1.47483,3.00,1.13
2013.11.15 15:27:25.197,1.47467,1.47484,1.28,1.02
2013.11.15 15:27:25.677,1.47468,1.47485,1.58,1.09
2013.11.15 15:27:25.737,1.47468,1.47486,1.65,1.02
2013.11.15 15:27:26.038,1.47468,1.47485,2.25,1.69
2013.11.15 15:27:26.470,1.47467,1.47485,1.28,1.77
2013.11.15 15:27:26.666,1.47468,1.47485,1.65,1.02
2013.11.15 15:27:26.787,1.47471,1.47487,1.20,1.13
2013.11.15 15:27:27.327,1.47471,1.47487,1.20,1.20
2013.11.15 15:27:28.907,1.47471,1.47488,1.50,1.58
2013.11.15 15:27:29.093,1.47469,1.47488,2.14,1.58
2013.11.15 15:27:29.217,1.47469,1.47488,2.14,1.58
2013.11.15 15:27:29.577,1.47472,1.47489,1.20,1.09
2013.11.15 15:27:29.937,1.4747,1.47492,1.88,2.40
2013.11.15 15:27:30.858,1.47469,1.47489,2.52,1.09
2013.11.15 15:27:36.427,1.4747,1.4749,2.33,1.20
2013.11.15 15:27:36.849,1.4747,1.47486,1.13,1.17
2013.11.15 15:27:36.911,1.47468,1.47477,1.28,1.13
2013.11.15 15:27:37.160,1.47462,1.47479,1.13,1.20
2013.11.15 15:27:37.228,1.47463,1.47479,1.13,1.58
2013.11.15 15:27:37.289,1.47462,1.47479,1.13,1.58
2013.11.15 15:27:37.348,1.47463,1.47476,1.13,1.02
2013.11.15 15:27:37.647,1.47459,1.47476,2.40,1.02
2013.11.15 15:27:38.206,1.4746,1.47477,1.13,1.39
2013.11.15 15:27:38.847,1.47459,1.47476,1.95,1.02
2013.11.15 15:27:39.148,1.47456,1.47474,2.97,1.20
2013.11.15 15:27:39.208,1.47457,1.47474,1.65,1.20
2013.11.15 15:27:39.447,1.47457,1.47474,1.65,1.20
2013.11.15 15:27:43.057,1.47457,1.47476,1.84,1.65
2013.11.15 15:27:43.767,1.47457,1.47476,2.14,1.58
2013.11.15 15:27:44.128,1.4746,1.47479,1.58,2.52
2013.11.15 15:27:44.488,1.4746,1.47479,1.58,1.77
2013.11.15 15:27:44.889,1.4746,1.4748,3.00,1.69
2013.11.15 15:27:45.569,1.47461,1.4748,1.39,1.58
2013.11.15 15:27:45.627,1.47461,1.47479,1.02,1.65
2013.11.15 15:27:46.146,1.47461,1.4748,1.69,1.50
2013.11.15 15:27:46.206,1.47461,1.47479,1.09,1.65
2013.11.15 15:27:48.017,1.47458,1.47477,1.20,1.02
2013.11.15 15:27:48.077,1.47457,1.47477,1.84,1.09
2013.11.15 15:27:48.197,1.47459,1.47477,1.13,1.02
2013.11.15 15:27:48.257,1.47457,1.47477,1.84,1.09
2013.11.15 15:27:48.317,1.47458,1.47477,1.20,1.02
2013.11.15 15:27:48.377,1.47457,1.47477,1.09,1.09
2013.11.15 15:27:48.557,1.47459,1.47477,1.13,1.02
2013.11.15 15:27:48.856,1.47457,1.47477,1.39,1.09
2013.11.15 15:27:48.917,1.47459,1.47477,1.95,1.02
2013.11.15 15:27:49.217,1.4746,1.47478,1.28,1.39
2013.11.15 15:27:49.557,1.47459,1.4748,4.20,1.58
2013.11.15 15:27:50.037,1.47459,1.47478,1.77,1.20
2013.11.15 15:27:50.877,1.47458,1.47477,1.28,1.28
2013.11.15 15:27:51.869,1.47456,1.47476,2.25,1.02
2013.11.15 15:27:51.938,1.47456,1.47478,2.25,2.78
2013.11.15 15:27:52.428,1.47456,1.47476,2.25,1.39
2013.11.15 15:27:53.948,1.47458,1.47478,1.09,3.15
2013.11.15 15:27:54.431,1.47458,1.47478,1.39,2.70
2013.11.15 15:27:54.988,1.47458,1.47478,1.69,2.63
2013.11.15 15:27:57.967,1.4746,1.47478,1.20,1.50
2013.11.15 15:27:58.318,1.47458,1.47477,1.69,1.50
2013.11.15 15:27:59.287,1.47459,1.47477,1.69,1.50
2013.11.15 15:27:59.627,1.4746,1.47479,1.65,1.09
2013.11.15 15:27:59.687,1.4746,1.4748,2.40,1.02
2013.11.15 15:27:59.807,1.47465,1.47482,1.13,1.58
2013.11.15 15:27:59.927,1.47463,1.47479,2.33,1.02
2013.11.15 15:28:00.459,1.47465,1.47479,1.13,1.02
2013.11.15 15:28:01.628,1.47464,1.4748,1.13,1.84
2013.11.15 15:28:02.153,1.47463,1.47479,2.25,1.20
2013.11.15 15:28:03.427,1.47461,1.47477,1.13,1.65
2013.11.15 15:28:03.488,1.4746,1.47477,1.02,1.65
2013.11.15 15:28:03.667,1.47463,1.47477,1.13,1.65
2013.11.15 15:28:04.639,1.47463,1.47478,1.58,1.58
2013.11.15 15:28:04.698,1.47459,1.47478,1.84,1.65
2013.11.15 15:28:05.078,1.47461,1.47476,1.13,1.58
2013.11.15 15:28:05.175,1.47456,1.47472,3.00,1.20
2013.11.15 15:28:05.489,1.47459,1.47474,1.39,1.50
2013.11.15 15:28:05.669,1.47463,1.47478,1.50,1.20
2013.11.15 15:28:05.918,1.47462,1.47478,1.50,1.20
2013.11.15 15:28:06.287,1.47463,1.47477,1.50,1.28
2013.11.15 15:28:06.408,1.47462,1.47477,1.50,1.28
2013.11.15 15:28:06.948,1.47463,1.47478,1.50,1.20
2013.11.15 15:28:07.198,1.47463,1.47478,1.58,1.13
2013.11.15 15:28:07.317,1.47463,1.4748,1.65,1.58
2013.11.15 15:28:08.107,1.47463,1.47478,1.58,1.13
2013.11.15 15:28:08.409,1.47463,1.47474,1.50,1.13
2013.11.15 15:28:08.474,1.47458,1.47477,2.70,1.20
2013.11.15 15:28:08.658,1.47458,1.47472,2.33,1.13
2013.11.15 15:28:08.898,1.47456,1.47472,1.13,1.95
2013.11.15 15:28:09.019,1.47458,1.47472,1.50,2.25
2013.11.15 15:28:10.093,1.47458,1.47473,1.58,1.69
2013.11.15 15:28:10.277,1.47458,1.47473,1.58,1.69
2013.11.15 15:28:11.448,1.47456,1.47473,1.28,1.69
2013.11.15 15:28:11.928,1.47456,1.47473,1.13,2.14
2013.11.15 15:28:12.288,1.47455,1.47468,1.50,1.20
2013.11.15 15:28:12.707,1.4745,1.47468,2.25,1.20
2013.11.15 15:28:13.857,1.4745,1.47467,1.13,1.65
2013.11.15 15:28:15.317,1.4745,1.47467,1.50,1.65
2013.11.15 15:28:18.687,1.4745,1.47467,1.13,1.65
2013.11.15 15:28:19.638,1.4745,1.47466,1.13,1.50
2013.11.15 15:28:20.277,1.47447,1.47466,1.32,1.50
2013.11.15 15:28:20.587,1.47446,1.47465,1.20,1.20
2013.11.15 15:28:20.767,1.47446,1.47466,1.20,1.88
2013.11.15 15:28:20.948,1.47444,1.47465,2.89,1.09
2013.11.15 15:28:21.128,1.47447,1.47463,1.58,1.20
2013.11.15 15:28:21.248,1.47447,1.47463,1.50,1.28
2013.11.15 15:28:21.608,1.47446,1.47463,1.50,1.28
2013.11.15 15:28:21.848,1.47449,1.47462,1.13,1.13
2013.11.15 15:28:22.387,1.47447,1.47465,2.33,1.32
2013.11.15 15:28:23.457,1.47449,1.47466,1.65,1.77
2013.11.15 15:28:23.517,1.47449,1.47466,2.40,1.77
2013.11.15 15:28:26.768,1.47452,1.47466,1.58,1.50
2013.11.15 15:28:28.867,1.47452,1.4747,1.58,1.84
2013.11.15 15:28:29.398,1.47452,1.4747,1.58,1.65
2013.11.15 15:28:30.861,1.47455,1.4747,1.28,1.13
2013.11.15 15:28:30.930,1.4746,1.47474,1.32,1.84
2013.11.15 15:28:31.177,1.47462,1.47479,1.20,1.28
2013.11.15 15:28:31.417,1.47462,1.47479,1.58,1.28
2013.11.15 15:28:31.598,1.47458,1.47477,1.09,2.03
2013.11.15 15:28:31.657,1.47457,1.47475,1.32,1.20
2013.11.15 15:28:31.718,1.47457,1.47473,1.50,1.28
2013.11.15 15:28:32.643,1.47455,1.47473,1.47,1.28
2013.11.15 15:28:32.707,1.47456,1.47474,1.20,1.65
2013.11.15 15:28:33.177,1.47458,1.47476,1.58,1.09
2013.11.15 15:28:33.787,1.47458,1.47477,1.77,1.95
2013.11.15 15:28:34.039,1.47457,1.47474,1.20,1.13
2013.11.15 15:28:34.416,1.47454,1.47471,1.13,1.28
2013.11.15 15:28:34.717,1.4745,1.47467,1.95,1.09
2013.11.15 15:28:35.200,1.47446,1.47462,1.69,1.28
2013.11.15 15:28:35.388,1.47445,1.47462,2.07,1.58
2013.11.15 15:28:35.448,1.47445,1.47453,1.32,1.13
2013.11.15 15:28:35.687,1.47445,1.47457,1.32,1.13
2013.11.15 15:28:36.569,1.47441,1.47457,2.03,1.13
2013.11.15 15:28:36.688,1.47438,1.47452,1.13,1.20
2013.11.15 15:28:36.929,1.47436,1.47452,1.65,1.13
2013.11.15 15:28:37.228,1.47433,1.47449,1.88,1.09
2013.11.15 15:28:37.737,1.47435,1.47452,1.95,1.13
2013.11.15 15:28:38.157,1.47435,1.47452,1.58,1.28
2013.11.15 15:28:38.218,1.47439,1.47453,1.32,1.65
2013.11.15 15:28:38.698,1.4744,1.47457,1.32,2.40
2013.11.15 15:28:38.757,1.47438,1.47456,1.77,1.20
2013.11.15 15:28:39.677,1.47437,1.47452,1.13,1.02
2013.11.15 15:28:39.797,1.47435,1.47454,1.58,1.02
2013.11.15 15:28:40.198,1.47435,1.47455,1.95,1.28
2013.11.15 15:28:42.248,1.47438,1.47456,1.58,1.28
2013.11.15 15:28:42.778,1.47438,1.47456,1.58,1.28
2013.11.15 15:28:45.727,1.47438,1.47456,1.88,1.20
2013.11.15 15:28:46.028,1.47439,1.47457,1.88,2.70
2013.11.15 15:28:46.150,1.47442,1.47457,1.50,1.58
2013.11.15 15:28:46.277,1.47442,1.4746,1.50,1.50
2013.11.15 15:28:46.398,1.47442,1.47461,1.58,1.77
2013.11.15 15:28:50.691,1.47442,1.4746,1.58,1.20
2013.11.15 15:28:51.228,1.47442,1.47461,1.58,1.39
2013.11.15 15:28:53.938,1.47442,1.47457,1.20,1.13
2013.11.15 15:28:54.059,1.47441,1.47457,1.39,2.25
2013.11.15 15:28:54.368,1.47439,1.47457,1.32,1.58
2013.11.15 15:28:54.489,1.47439,1.47457,1.69,2.33
2013.11.15 15:28:54.929,1.47441,1.47457,1.39,1.88
2013.11.15 15:28:55.360,1.47443,1.47457,1.20,2.07
2013.11.15 15:28:55.817,1.47441,1.47457,1.20,2.07
2013.11.15 15:28:55.918,1.4744,1.47457,1.88,2.07
2013.11.15 15:28:57.415,1.4744,1.47452,1.65,1.13
2013.11.15 15:28:57.977,1.4744,1.47453,2.03,1.32
2013.11.15 15:28:58.648,1.47441,1.47453,1.20,1.32
2013.11.15 15:29:00.267,1.47442,1.47457,1.28,2.07
2013.11.15 15:29:00.627,1.47445,1.47457,1.95,1.32
2013.11.15 15:29:01.940,1.47447,1.47461,1.50,1.32
2013.11.15 15:29:02.497,1.47448,1.47461,1.20,1.32
2013.11.15 15:29:09.748,1.47448,1.47461,1.20,1.13
2013.11.15 15:29:12.639,1.4745,1.47462,1.65,1.13
2013.11.15 15:29:14.018,1.4745,1.47466,3.34,1.50
2013.11.15 15:29:14.318,1.47463,1.47472,1.13,1.50
2013.11.15 15:29:14.737,1.47462,1.4748,1.02,2.03
2013.11.15 15:29:14.857,1.47463,1.4748,1.88,2.03
2013.11.15 15:29:14.918,1.47463,1.4748,2.33,1.88
2013.11.15 15:29:14.978,1.47463,1.4748,1.88,2.03
2013.11.15 15:29:15.407,1.47463,1.4748,1.13,2.03
2013.11.15 15:29:15.741,1.47463,1.4748,1.50,2.03
2013.11.15 15:29:16.547,1.47464,1.4748,1.39,1.50
2013.11.15 15:29:17.019,1.47464,1.4748,1.39,1.50
2013.11.15 15:29:17.558,1.47464,1.4748,1.77,1.58
2013.11.15 15:29:17.617,1.47464,1.4748,1.77,1.58
2013.11.15 15:29:18.168,1.47465,1.4748,1.09,1.50
2013.11.15 15:29:18.578,1.47465,1.4748,1.09,1.50
2013.11.15 15:29:19.787,1.47463,1.47477,1.58,1.13
2013.11.15 15:29:20.027,1.47463,1.47477,1.20,1.13
2013.11.15 15:29:23.327,1.47464,1.47481,1.20,1.32
2013.11.15 15:29:23.888,1.47463,1.47481,1.28,1.47
2013.11.15 15:29:24.497,1.47464,1.47481,1.20,1.32
2013.11.15 15:29:25.008,1.47464,1.47477,1.13,1.13
2013.11.15 15:29:25.068,1.47458,1.47477,1.95,1.20
2013.11.15 15:29:25.127,1.47458,1.47477,1.65,1.28
2013.11.15 15:29:25.188,1.47457,1.47472,1.20,1.13
2013.11.15 15:29:25.566,1.47456,1.47469,1.58,1.58
2013.11.15 15:29:25.636,1.47447,1.47464,1.58,1.32
2013.11.15 15:29:25.959,1.47447,1.47463,1.65,1.32
2013.11.15 15:29:26.418,1.47447,1.47465,2.03,1.02
2013.11.15 15:29:27.357,1.47448,1.47467,1.09,1.28
2013.11.15 15:29:28.129,1.47447,1.47465,1.09,1.58
2013.11.15 15:29:28.369,1.47442,1.47457,2.33,1.13
2013.11.15 15:29:28.429,1.47442,1.47457,2.33,1.13
2013.11.15 15:29:28.548,1.4744,1.47454,1.65,1.32
2013.11.15 15:29:28.968,1.47441,1.47456,1.50,1.32
2013.11.15 15:29:29.027,1.4744,1.47457,1.65,1.88
2013.11.15 15:29:29.148,1.47442,1.47457,1.20,1.88
2013.11.15 15:29:31.337,1.47441,1.47458,1.58,1.32
2013.11.15 15:29:33.271,1.47441,1.47457,1.95,1.13
2013.11.15 15:29:33.593,1.47441,1.47454,1.95,1.13
2013.11.15 15:29:33.898,1.4744,1.47457,1.65,1.50
2013.11.15 15:29:33.957,1.4744,1.47457,1.65,1.50
2013.11.15 15:29:34.018,1.47441,1.47457,1.95,1.50
2013.11.15 15:29:34.378,1.47444,1.47457,1.13,1.50
2013.11.15 15:29:36.087,1.47444,1.47458,1.13,1.32
2013.11.15 15:29:38.741,1.47442,1.47454,1.95,1.13
2013.11.15 15:29:38.867,1.47439,1.47454,1.20,1.13
2013.11.15 15:29:39.048,1.47438,1.47454,2.07,1.13
2013.11.15 15:29:39.738,1.47438,1.47457,3.19,1.13
2013.11.15 15:29:40.290,1.47438,1.47457,3.19,1.13
2013.11.15 15:29:43.659,1.47443,1.47457,1.13,1.13
2013.11.15 15:29:45.188,1.47443,1.47457,1.13,1.65
2013.11.15 15:29:45.489,1.47443,1.4746,1.13,3.45
2013.11.15 15:29:47.242,1.47445,1.4746,1.32,1.20
2013.11.15 15:29:47.369,1.47445,1.47462,2.07,1.28
2013.11.15 15:29:49.219,1.47446,1.47462,1.13,1.28
2013.11.15 15:29:49.488,1.47445,1.47461,1.20,1.13
2013.11.15 15:29:49.791,1.47438,1.47447,1.50,1.32
2013.11.15 15:29:50.101,1.47437,1.47451,1.50,1.65
2013.11.15 15:29:50.470,1.47438,1.47451,1.50,1.65
2013.11.15 15:29:50.838,1.47434,1.47451,1.58,1.65
2013.11.15 15:29:51.149,1.47434,1.47451,1.58,1.65
2013.11.15 15:29:51.210,1.47433,1.47451,1.28,1.65
2013.11.15 15:29:51.461,1.47436,1.4745,1.28,1.50
2013.11.15 15:29:51.528,1.47436,1.47452,1.65,1.13
2013.11.15 15:29:51.588,1.47436,1.47453,1.65,1.20
2013.11.15 15:29:51.647,1.47436,1.47452,1.65,1.13
2013.11.15 15:29:52.187,1.47436,1.47452,1.65,1.13
2013.11.15 15:29:53.799,1.47436,1.47452,1.28,1.13
2013.11.15 15:29:53.858,1.47436,1.47452,1.28,1.13
2013.11.15 15:29:54.159,1.47434,1.47447,1.39,1.13
2013.11.15 15:29:54.348,1.47434,1.47447,1.02,1.13
2013.11.15 15:29:54.968,1.47433,1.47447,1.47,1.13
2013.11.15 15:29:55.578,1.47431,1.47445,1.69,1.13
2013.11.15 15:29:55.878,1.47428,1.47443,1.13,1.28
2013.11.15 15:29:56.358,1.47428,1.47443,1.13,1.13
2013.11.15 15:29:56.657,1.47425,1.47442,1.88,1.13
2013.11.15 15:29:57.161,1.47425,1.47442,1.88,1.13
2013.11.15 15:29:57.687,1.47428,1.47444,2.03,1.13
2013.11.15 15:29:57.927,1.47428,1.47442,2.03,1.13
2013.11.15 15:29:59.113,1.47428,1.4744,1.28,1.13
2013.11.15 15:29:59.418,1.47425,1.4744,2.14,1.13
2013.11.15 15:29:59.477,1.47425,1.4744,1.77,1.13
2013.11.15 15:30:00.827,1.47425,1.4744,1.84,1.13
2013.11.15 15:30:01.128,1.47428,1.47444,1.13,1.20
2013.11.15 15:30:01.429,1.47431,1.47447,1.39,1.50
2013.11.15 15:30:01.548,1.47435,1.47448,1.13,1.13
2013.11.15 15:30:02.072,1.47438,1.47452,1.09,1.50
2013.11.15 15:30:02.147,1.47438,1.47452,1.39,1.50
2013.11.15 15:30:02.311,1.47438,1.47453,1.39,1.13
2013.11.15 15:30:03.068,1.47438,1.47456,1.09,3.08
2013.11.15 15:30:03.606,1.47438,1.47456,1.77,1.65
2013.11.15 15:30:03.907,1.47436,1.47453,1.32,1.28
2013.11.15 15:30:04.090,1.47438,1.47453,1.02,1.20
2013.11.15 15:30:05.897,1.47435,1.47453,1.58,1.32
2013.11.15 15:30:06.201,1.47437,1.47453,1.13,1.32
2013.11.15 15:30:06.260,1.47435,1.47453,3.75,1.32
2013.11.15 15:30:06.327,1.47435,1.47453,1.88,1.32
2013.11.15 15:30:06.868,1.47438,1.47453,1.65,1.32
2013.11.15 15:30:07.678,1.47436,1.47453,1.20,1.32
2013.11.15 15:30:07.858,1.47434,1.4745,1.58,1.95
2013.11.15 15:30:07.918,1.47435,1.4745,1.50,1.20
2013.11.15 15:30:08.608,1.47435,1.47455,1.84,2.22
2013.11.15 15:30:08.977,1.47435,1.47453,1.09,1.58
2013.11.15 15:30:09.849,1.47434,1.47449,1.95,1.13
2013.11.15 15:30:10.088,1.47431,1.47448,1.28,1.02
2013.11.15 15:30:10.268,1.47431,1.47448,1.28,1.77
2013.11.15 15:30:10.450,1.47431,1.47446,1.13,1.09
2013.11.15 15:30:11.648,1.47427,1.47445,1.58,1.69
2013.11.15 15:30:16.418,1.47428,1.47444,1.50,1.28
2013.11.15 15:30:16.718,1.47426,1.47443,1.88,1.20
2013.11.15 15:30:16.898,1.47423,1.47438,1.09,1.13
2013.11.15 15:30:25.920,1.47422,1.47437,1.28,1.13
2013.11.15 15:30:26.291,1.47422,1.47437,1.28,1.13
2013.11.15 15:30:26.618,1.47422,1.47437,1.28,1.13
2013.11.15 15:30:29.580,1.47422,1.47437,1.13,1.20
2013.11.15 15:30:30.129,1.47422,1.4744,1.13,1.20
2013.11.15 15:30:30.728,1.47422,1.47437,1.13,1.20
2013.11.15 15:30:31.030,1.47422,1.47437,1.13,1.20
2013.11.15 15:30:33.858,1.47423,1.4744,1.58,1.13
2013.11.15 15:30:34.397,1.47424,1.47442,1.20,2.22
2013.11.15 15:30:35.438,1.47424,1.47442,1.39,1.28
2013.11.15 15:30:38.828,1.47424,1.47437,1.39,1.13
2013.11.15 15:30:39.548,1.47426,1.47437,1.09,1.13
2013.11.15 15:30:42.032,1.47424,1.47437,1.77,1.13
2013.11.15 15:30:43.118,1.47424,1.47438,1.39,1.47
2013.11.15 15:30:43.360,1.47415,1.47432,1.20,1.32
2013.11.15 15:30:43.599,1.47412,1.47431,1.69,1.13
2013.11.15 15:30:43.958,1.47412,1.47424,1.69,1.13
2013.11.15 15:30:46.857,1.47412,1.4743,2.52,1.65
2013.11.15 15:30:47.378,1.47413,1.4743,1.88,1.65
2013.11.15 15:30:53.138,1.47413,1.47426,1.13,1.28
2013.11.15 15:30:53.643,1.47409,1.4742,1.13,1.50
2013.11.15 15:30:53.716,1.47404,1.4742,1.13,1.58
2013.11.15 15:30:53.902,1.47404,1.47417,1.13,1.20
2013.11.15 15:30:54.208,1.47401,1.47415,1.02,1.13
2013.11.15 15:30:54.528,1.47399,1.47417,2.25,1.20
2013.11.15 15:30:55.128,1.47402,1.47417,1.58,1.13
2013.11.15 15:30:55.738,1.47403,1.47414,1.13,1.20
2013.11.15 15:30:55.978,1.47396,1.47413,1.32,1.20
2013.11.15 15:30:57.441,1.47396,1.4741,1.47,1.13
2013.11.15 15:30:57.639,1.47396,1.4741,1.47,1.13
2013.11.15 15:30:58.559,1.47397,1.4741,1.02,1.13
2013.11.15 15:30:58.978,1.47398,1.4741,1.84,1.13
2013.11.15 15:31:00.449,1.47399,1.47415,1.20,1.20
2013.11.15 15:31:02.180,1.47402,1.47415,1.02,1.13
2013.11.15 15:31:04.658,1.474,1.47415,1.65,1.13
2013.11.15 15:31:06.807,1.474,1.47416,1.77,1.13
2013.11.15 15:31:11.607,1.474,1.47415,1.84,1.13
2013.11.15 15:31:11.908,1.474,1.47415,1.84,1.13
2013.11.15 15:31:12.909,1.47399,1.47415,1.50,1.28
2013.11.15 15:31:14.129,1.474,1.47415,3.15,1.13
2013.11.15 15:31:15.827,1.47398,1.4741,1.84,1.13
2013.11.15 15:31:17.790,1.47398,1.47408,1.47,1.13
2013.11.15 15:31:18.092,1.47394,1.47402,1.13,1.13
2013.11.15 15:31:18.652,1.4739,1.47405,1.28,1.13
2013.11.15 15:31:19.059,1.47388,1.47402,4.28,1.13
2013.11.15 15:31:19.119,1.47391,1.47403,1.32,1.13
2013.11.15 15:31:19.429,1.47394,1.47412,1.58,1.13
2013.11.15 15:31:19.733,1.4739,1.47404,1.13,1.13
2013.11.15 15:31:20.439,1.47389,1.47402,1.65,1.13
2013.11.15 15:31:22.489,1.47387,1.47398,1.28,1.13
2013.11.15 15:31:26.571,1.47387,1.47398,1.20,1.13
2013.11.15 15:31:26.758,1.47389,1.47405,1.20,1.02
2013.11.15 15:31:26.938,1.47388,1.47398,1.50,1.13
2013.11.15 15:31:27.058,1.47387,1.47398,1.65,1.13
2013.11.15 15:31:28.228,1.47386,1.47398,1.13,1.13
2013.11.15 15:31:28.529,1.47385,1.47399,1.20,1.13
2013.11.15 15:31:28.588,1.47384,1.47399,1.69,1.13
2013.11.15 15:31:28.708,1.47384,1.47398,1.39,1.20
2013.11.15 15:31:29.260,1.47382,1.47394,1.13,1.13
2013.11.15 15:31:30.368,1.47379,1.47394,1.69,1.20
2013.11.15 15:31:30.428,1.47378,1.47392,1.32,1.20
2013.11.15 15:31:30.788,1.47378,1.47389,1.32,1.13
2013.11.15 15:31:31.608,1.47375,1.47389,2.22,1.13
2013.11.15 15:31:31.910,1.47379,1.47392,1.13,1.13
2013.11.15 15:31:31.978,1.47379,1.47394,1.13,1.13
2013.11.15 15:31:32.399,1.4738,1.47392,1.20,1.13
2013.11.15 15:31:32.948,1.47377,1.47392,1.20,1.13
2013.11.15 15:31:36.949,1.47376,1.47385,1.88,1.13
2013.11.15 15:31:37.068,1.47375,1.47384,1.28,1.13
2013.11.15 15:31:37.367,1.47375,1.47392,1.28,1.39
2013.11.15 15:31:37.488,1.47375,1.47392,3.45,1.32
2013.11.15 15:31:37.918,1.47377,1.47394,2.33,1.13
2013.11.15 15:31:38.098,1.47379,1.47394,1.20,1.13
2013.11.15 15:31:38.399,1.4738,1.47396,1.32,1.13
2013.11.15 15:31:38.458,1.4738,1.47394,1.02,1.13
2013.11.15 15:31:38.759,1.4738,1.47396,1.09,1.13
2013.11.15 15:31:41.498,1.4738,1.47394,1.84,1.13
2013.11.15 15:31:41.927,1.4738,1.47393,1.47,1.13
2013.11.15 15:31:42.678,1.47379,1.47387,1.09,1.13
2013.11.15 15:31:45.261,1.47378,1.47393,1.65,1.13
2013.11.15 15:31:46.421,1.4738,1.47399,1.02,1.95
2013.11.15 15:31:46.488,1.4738,1.47399,1.09,1.65
2013.11.15 15:31:47.640,1.4738,1.474,1.28,1.09
2013.11.15 15:31:47.697,1.47382,1.47399,1.02,1.65
2013.11.15 15:31:47.888,1.47386,1.47403,1.39,1.13
2013.11.15 15:31:48.218,1.47392,1.47409,1.65,1.58
2013.11.15 15:31:49.428,1.47384,1.47401,1.88,1.20
2013.11.15 15:31:49.729,1.47383,1.47401,1.13,1.58
2013.11.15 15:31:51.298,1.47381,1.474,1.84,1.28
2013.11.15 15:31:51.360,1.47381,1.474,1.84,1.28
2013.11.15 15:31:53.778,1.47381,1.47399,2.44,1.13
2013.11.15 15:31:54.578,1.47383,1.47401,1.13,1.20
2013.11.15 15:31:55.205,1.47383,1.47401,1.88,1.20
2013.11.15 15:31:55.388,1.47386,1.47405,1.02,1.58
2013.11.15 15:31:55.568,1.47388,1.47405,1.95,1.50
2013.11.15 15:31:55.987,1.47389,1.47407,1.28,1.77
2013.11.15 15:31:56.289,1.47389,1.47407,1.28,1.77
2013.11.15 15:31:58.859,1.4739,1.47407,1.09,1.58
2013.11.15 15:32:01.928,1.4739,1.47407,1.09,1.20
2013.11.15 15:32:04.237,1.47391,1.47409,1.20,1.28
2013.11.15 15:32:04.909,1.4739,1.47403,1.88,1.20
2013.11.15 15:32:05.209,1.47389,1.47408,1.02,1.20
2013.11.15 15:32:05.448,1.4739,1.47407,1.88,1.20
2013.11.15 15:32:05.988,1.47393,1.4741,1.69,1.58
2013.11.15 15:32:06.348,1.47393,1.4741,1.58,1.58
2013.11.15 15:32:07.513,1.47392,1.47411,1.20,1.20
2013.11.15 15:32:09.148,1.47392,1.4741,1.02,1.65
2013.11.15 15:32:09.208,1.47392,1.4741,1.02,1.65
2013.11.15 15:32:09.682,1.4739,1.47409,1.65,1.28
2013.11.15 15:32:10.639,1.47392,1.47409,1.20,1.09
2013.11.15 15:32:10.940,1.47394,1.47412,1.28,1.20
2013.11.15 15:32:11.008,1.47394,1.47409,1.20,1.02
2013.11.15 15:32:11.128,1.4739,1.47407,1.50,1.95
2013.11.15 15:32:11.188,1.47388,1.47407,1.77,2.33
2013.11.15 15:32:11.248,1.47387,1.47407,1.84,2.33
2013.11.15 15:32:11.748,1.47388,1.47407,1.02,2.33
2013.11.15 15:32:12.309,1.47387,1.47405,1.65,1.09
2013.11.15 15:32:16.118,1.47391,1.47407,1.20,1.02
2013.11.15 15:32:16.419,1.47393,1.47412,1.95,2.70
2013.11.15 15:32:17.077,1.47393,1.4741,1.20,1.50
2013.11.15 15:32:17.258,1.47391,1.47408,1.65,1.13
2013.11.15 15:32:17.748,1.47391,1.47407,1.20,1.39
2013.11.15 15:32:17.989,1.47391,1.47407,1.20,1.39
2013.11.15 15:32:19.369,1.47391,1.47407,1.13,1.77
2013.11.15 15:32:19.929,1.47386,1.47405,1.28,1.47
2013.11.15 15:32:20.049,1.47385,1.47401,2.14,1.13
2013.11.15 15:32:23.889,1.47385,1.47402,1.58,1.69
2013.11.15 15:32:23.950,1.47381,1.47396,2.03,1.50
2013.11.15 15:32:24.021,1.47381,1.47397,2.33,1.50
2013.11.15 15:32:24.328,1.47381,1.47399,1.20,1.50
2013.11.15 15:32:34.581,1.4738,1.47396,2.14,1.13
2013.11.15 15:32:34.648,1.4738,1.47395,1.39,1.58
2013.11.15 15:32:34.828,1.47379,1.47392,1.39,1.13
2013.11.15 15:32:34.949,1.47379,1.47393,1.39,1.13
2013.11.15 15:32:35.249,1.47374,1.47388,1.13,1.09
2013.11.15 15:32:35.369,1.47373,1.47387,1.13,1.50
2013.11.15 15:32:35.670,1.4737,1.47382,1.13,1.88
2013.11.15 15:32:36.209,1.47367,1.47378,1.32,1.20
2013.11.15 15:32:36.508,1.4736,1.47377,1.28,1.13
2013.11.15 15:32:36.689,1.47363,1.47377,1.13,1.50
2013.11.15 15:32:36.808,1.47359,1.47375,2.25,1.02
2013.11.15 15:32:36.929,1.47359,1.47375,1.88,1.02
2013.11.15 15:32:38.229,1.47361,1.47376,1.13,1.32
2013.11.15 15:32:38.469,1.47359,1.47374,1.50,1.02
2013.11.15 15:32:38.529,1.47358,1.47374,1.13,1.32
2013.11.15 15:32:39.667,1.47355,1.47369,1.50,1.20
2013.11.15 15:32:39.918,1.47358,1.47372,1.13,1.58
2013.11.15 15:32:41.010,1.47358,1.47372,1.13,1.20
2013.11.15 15:32:42.600,1.47355,1.47367,1.50,1.13
2013.11.15 15:32:42.901,1.47353,1.47367,1.13,1.65
2013.11.15 15:32:43.448,1.47353,1.47367,1.13,1.65
2013.11.15 15:32:43.508,1.47353,1.47367,1.13,1.65
2013.11.15 15:32:51.843,1.47348,1.47363,1.65,1.13
2013.11.15 15:32:55.350,1.47349,1.47362,1.20,1.13
2013.11.15 15:32:55.952,1.47349,1.47363,1.20,1.13
2013.11.15 15:32:57.039,1.47352,1.47363,1.13,1.13
2013.11.15 15:32:57.219,1.47353,1.47367,1.58,1.13
2013.11.15 15:32:57.460,1.47353,1.47367,1.58,1.13
2013.11.15 15:32:58.028,1.47353,1.47367,1.28,1.13
2013.11.15 15:33:04.099,1.47353,1.47367,3.00,1.32
2013.11.15 15:33:04.160,1.47353,1.47368,3.38,1.32
2013.11.15 15:33:04.722,1.47354,1.47367,1.50,1.32
2013.11.15 15:33:05.269,1.47356,1.47373,1.32,1.28
2013.11.15 15:33:08.910,1.47355,1.47372,1.20,1.47
2013.11.15 15:33:09.208,1.47358,1.47372,1.13,1.13
2013.11.15 15:33:09.397,1.47361,1.47372,1.50,1.13
2013.11.15 15:33:09.749,1.47367,1.47384,2.22,1.50
2013.11.15 15:33:09.931,1.47367,1.47382,1.39,1.50
2013.11.15 15:33:10.061,1.47366,1.47378,1.20,1.02
2013.11.15 15:33:10.131,1.47363,1.47377,1.13,1.32
2013.11.15 15:33:10.680,1.47358,1.47377,2.78,1.47
2013.11.15 15:33:12.168,1.47358,1.47377,2.03,1.47
2013.11.15 15:33:12.708,1.47358,1.47377,1.65,1.47
2013.11.15 15:33:13.218,1.47358,1.47377,1.28,1.47
2013.11.15 15:33:15.180,1.47359,1.47377,1.20,1.32
2013.11.15 15:33:16.899,1.47362,1.47374,1.20,1.13
2013.11.15 15:33:19.168,1.47362,1.47374,1.20,1.13
2013.11.15 15:33:25.789,1.47361,1.47377,2.14,1.20
2013.11.15 15:33:25.909,1.47361,1.47377,2.14,1.20
2013.11.15 15:33:25.969,1.47361,1.47375,1.39,1.13
2013.11.15 15:33:26.461,1.47361,1.47377,1.39,1.13
2013.11.15 15:33:29.108,1.47361,1.47377,2.07,1.50
2013.11.15 15:33:29.469,1.47353,1.47372,2.78,1.65
2013.11.15 15:33:29.648,1.47356,1.47371,1.13,1.65
2013.11.15 15:33:29.708,1.47356,1.47371,1.13,1.65
2013.11.15 15:33:30.248,1.47356,1.4737,1.28,1.50
2013.11.15 15:33:30.370,1.47356,1.4737,1.65,1.50
2013.11.15 15:33:30.491,1.47356,1.47371,1.84,1.13
2013.11.15 15:33:30.738,1.47359,1.47374,1.13,1.28
2013.11.15 15:33:31.251,1.47356,1.47372,2.14,1.13
2013.11.15 15:33:31.997,1.47356,1.4737,1.77,1.13
2013.11.15 15:33:34.718,1.47356,1.47372,2.14,1.13
2013.11.15 15:33:35.239,1.47357,1.47373,1.50,1.13
2013.11.15 15:33:37.379,1.47357,1.47373,1.88,1.20
2013.11.15 15:33:37.748,1.47357,1.47374,2.70,2.03
2013.11.15 15:33:37.928,1.47357,1.47372,1.20,1.13
2013.11.15 15:33:38.940,1.47352,1.47364,1.88,1.32
2013.11.15 15:33:39.248,1.47357,1.4737,1.32,1.20
2013.11.15 15:33:39.489,1.47355,1.47368,1.69,1.13
2013.11.15 15:33:39.848,1.47353,1.47367,1.65,1.13
2013.11.15 15:33:41.040,1.4735,1.47367,2.25,1.13
2013.11.15 15:33:44.318,1.47351,1.47367,2.14,1.13
2013.11.15 15:33:47.120,1.47358,1.47367,1.13,1.13
2013.11.15 15:33:47.180,1.47359,1.4737,1.50,1.20
2013.11.15 15:33:47.239,1.47359,1.4737,1.20,1.13
2013.11.15 15:33:47.479,1.47358,1.47372,1.50,1.47
2013.11.15 15:33:47.539,1.47358,1.47372,1.50,1.47
2013.11.15 15:33:47.598,1.47358,1.47371,1.50,1.20
2013.11.15 15:33:47.838,1.47357,1.47372,1.13,1.47
2013.11.15 15:33:48.389,1.47357,1.47372,1.28,1.32
2013.11.15 15:33:51.828,1.47357,1.47373,1.84,1.50
2013.11.15 15:33:51.888,1.47363,1.47376,1.50,1.13
2013.11.15 15:33:52.248,1.47359,1.47373,1.58,1.13
2013.11.15 15:33:52.749,1.47358,1.47372,1.50,1.13
2013.11.15 15:33:53.248,1.47358,1.47372,2.25,1.13
2013.11.15 15:33:54.438,1.47361,1.47372,1.13,1.13
2013.11.15 15:33:58.320,1.47363,1.47374,1.13,1.13
2013.11.15 15:33:58.520,1.47363,1.47378,2.03,1.13
2013.11.15 15:33:58.638,1.47365,1.47378,1.58,1.13
2013.11.15 15:33:59.179,1.47363,1.47372,1.50,1.13
2013.11.15 15:33:59.298,1.4736,1.47372,1.09,1.13
2013.11.15 15:33:59.658,1.47359,1.47368,1.09,1.13
2013.11.15 15:34:00.229,1.47359,1.47367,1.09,1.13
2013.11.15 15:34:00.300,1.47358,1.47367,1.20,1.13
2013.11.15 15:34:02.688,1.47356,1.47366,1.28,1.13
2013.11.15 15:34:03.159,1.47356,1.47367,1.28,1.13
2013.11.15 15:34:04.238,1.47358,1.47369,1.50,1.13
2013.11.15 15:34:04.360,1.47356,1.47367,1.28,1.13
2013.11.15 15:34:04.599,1.47357,1.47369,1.20,1.13
2013.11.15 15:34:07.811,1.47359,1.4737,1.20,1.13
2013.11.15 15:34:07.999,1.4736,1.47378,1.13,1.32
2013.11.15 15:34:08.058,1.47361,1.47378,1.13,2.07
2013.11.15 15:34:08.238,1.47361,1.47376,1.13,1.02
2013.11.15 15:34:08.358,1.47361,1.47376,1.13,1.02
2013.11.15 15:34:08.418,1.47361,1.47376,1.13,1.02
2013.11.15 15:34:08.958,1.47359,1.47376,1.13,1.47
2013.11.15 15:34:09.474,1.47358,1.47376,1.77,1.28
2013.11.15 15:34:10.819,1.47358,1.47375,1.77,1.28
2013.11.15 15:34:11.179,1.47359,1.47377,1.47,1.20
2013.11.15 15:34:12.567,1.4736,1.47378,1.28,2.03
2013.11.15 15:34:13.369,1.4736,1.47378,1.28,2.03
2013.11.15 15:34:13.908,1.47364,1.47378,1.02,1.50
2013.11.15 15:34:14.148,1.47363,1.47377,1.09,1.13
2013.11.15 15:34:15.718,1.47363,1.47377,1.69,1.13
2013.11.15 15:34:16.019,1.47366,1.47378,1.88,1.13
2013.11.15 15:34:16.139,1.47366,1.47377,1.88,1.13
2013.11.15 15:34:16.379,1.47368,1.47382,1.50,1.13
2013.11.15 15:34:16.738,1.47367,1.47378,1.13,1.13
2013.11.15 15:34:16.919,1.47367,1.47377,1.13,1.13
2013.11.15 15:34:17.503,1.4737,1.47382,1.20,1.13
2013.11.15 15:34:18.822,1.4737,1.47382,1.20,1.13
2013.11.15 15:34:26.088,1.4737,1.47382,1.20,1.13
2013.11.15 15:34:26.508,1.47372,1.47387,1.95,1.13
2013.11.15 15:34:42.008,1.47372,1.47387,1.77,1.13
2013.11.15 15:34:42.958,1.47372,1.47387,1.69,1.13
2013.11.15 15:34:43.278,1.47372,1.47387,1.47,1.13
2013.11.15 15:34:44.158,1.47373,1.47387,1.02,1.13
2013.11.15 15:34:44.338,1.47372,1.47387,1.09,1.13
2013.11.15 15:34:44.886,1.47372,1.47387,1.69,1.13
2013.11.15 15:34:45.458,1.47373,1.47388,1.39,1.13
2013.11.15 15:34:48.629,1.47375,1.47387,1.50,1.13
2013.11.15 15:34:49.844,1.47375,1.47387,1.50,1.13
2013.11.15 15:34:58.558,1.47373,1.47387,1.39,1.13
2013.11.15 15:35:01.669,1.47373,1.4739,1.02,1.13
2013.11.15 15:35:01.729,1.47371,1.4739,2.52,1.20
2013.11.15 15:35:02.268,1.47373,1.47389,1.09,1.50
2013.11.15 15:35:04.290,1.4737,1.47388,2.44,1.13
2013.11.15 15:35:04.408,1.4737,1.47388,2.07,1.20
2013.11.15 15:35:04.939,1.4737,1.47388,2.14,1.13
2013.11.15 15:35:04.999,1.47371,1.47389,1.02,1.58
2013.11.15 15:35:05.434,1.47374,1.47392,1.13,2.07
2013.11.15 15:35:05.511,1.47372,1.47392,1.20,2.03
2013.11.15 15:35:11.838,1.4737,1.47389,2.52,1.13
2013.11.15 15:35:11.958,1.4737,1.47389,1.77,1.20
2013.11.15 15:35:12.019,1.4737,1.47391,2.44,1.32
2013.11.15 15:35:12.138,1.4737,1.47391,2.14,1.47
2013.11.15 15:35:12.198,1.47371,1.47391,1.02,1.02
2013.11.15 15:35:14.148,1.47373,1.47392,1.32,1.13
2013.11.15 15:35:16.068,1.47375,1.47392,1.69,1.88
2013.11.15 15:35:16.248,1.47375,1.47396,3.94,2.89
2013.11.15 15:35:17.498,1.47379,1.47397,2.33,1.50
2013.11.15 15:35:18.908,1.4738,1.47397,1.28,1.50
2013.11.15 15:35:19.208,1.47387,1.474,1.02,1.88
2013.11.15 15:35:19.629,1.47386,1.47405,1.47,1.65
2013.11.15 15:35:20.479,1.47384,1.47401,1.28,1.20
2013.11.15 15:35:20.908,1.47385,1.47401,1.88,1.58
2013.11.15 15:35:28.900,1.47387,1.47404,1.02,1.65
2013.11.15 15:35:29.318,1.47384,1.47404,1.95,1.28
2013.11.15 15:35:29.378,1.47384,1.47403,1.58,1.20
2013.11.15 15:35:31.817,1.47385,1.47402,1.95,1.13
2013.11.15 15:35:32.640,1.47384,1.47402,1.28,1.28
2013.11.15 15:35:32.713,1.47384,1.47404,2.03,1.20
2013.11.15 15:35:33.408,1.47384,1.47404,2.03,1.20
2013.11.15 15:35:33.648,1.47385,1.47402,1.20,1.28
2013.11.15 15:35:34.870,1.47383,1.47402,2.59,1.28
2013.11.15 15:35:39.828,1.47384,1.47402,1.09,1.28
2013.11.15 15:35:40.599,1.47385,1.474,1.20,1.13
2013.11.15 15:35:40.661,1.47385,1.47402,1.20,1.28
2013.11.15 15:35:44.419,1.47388,1.47402,1.13,1.28
2013.11.15 15:35:44.658,1.47388,1.47404,1.95,1.02
2013.11.15 15:35:44.718,1.47388,1.47405,2.33,1.28
2013.11.15 15:35:46.048,1.47393,1.47407,1.13,1.20
2013.11.15 15:35:46.879,1.47389,1.47404,1.13,1.02
2013.11.15 15:35:46.998,1.47389,1.47402,1.13,1.13
2013.11.15 15:35:47.117,1.47389,1.47402,1.13,1.13
2013.11.15 15:35:47.178,1.47389,1.47404,1.13,1.39
2013.11.15 15:35:48.021,1.47387,1.47402,1.95,3.38
2013.11.15 15:35:48.417,1.47384,1.47399,1.32,1.28
2013.11.15 15:35:48.978,1.47384,1.474,1.32,1.28
2013.11.15 15:35:50.429,1.47384,1.47398,1.13,1.58
2013.11.15 15:35:50.808,1.47388,1.47401,1.13,1.39
2013.11.15 15:35:50.869,1.47383,1.474,1.28,1.32
2013.11.15 15:35:51.182,1.47383,1.47397,1.28,1.13
2013.11.15 15:35:51.488,1.47378,1.47395,2.52,2.03
2013.11.15 15:35:53.853,1.47378,1.47394,1.13,1.20
2013.11.15 15:35:54.220,1.47383,1.47396,1.13,1.77
2013.11.15 15:35:55.918,1.47378,1.47395,2.44,1.13
2013.11.15 15:35:56.769,1.47378,1.47393,1.69,1.28
2013.11.15 15:35:57.435,1.47378,1.47391,1.69,1.13
2013.11.15 15:36:01.713,1.47373,1.47389,1.13,1.28
2013.11.15 15:36:03.678,1.47372,1.47389,1.32,1.28
2013.11.15 15:36:03.798,1.47371,1.47387,1.32,1.13
2013.11.15 15:36:06.229,1.47372,1.47387,1.32,1.58
2013.11.15 15:36:11.452,1.4737,1.47387,1.84,1.20
2013.11.15 15:36:11.520,1.4737,1.47387,1.77,1.50
2013.11.15 15:36:11.758,1.47368,1.47387,2.70,1.20
2013.11.15 15:36:12.558,1.47371,1.47387,1.32,1.20
2013.11.15 15:36:13.267,1.47368,1.47387,2.33,1.58
2013.11.15 15:36:13.568,1.47368,1.47386,2.25,1.88
2013.11.15 15:36:17.438,1.47368,1.47385,1.13,1.20
2013.11.15 15:36:17.678,1.47368,1.47386,1.65,1.84
2013.11.15 15:36:18.010,1.4737,1.47386,1.50,1.09
2013.11.15 15:36:18.128,1.47368,1.47386,2.03,1.84
2013.11.15 15:36:18.859,1.47369,1.47386,1.58,1.09
2013.11.15 15:36:19.159,1.47368,1.47385,1.28,1.58
2013.11.15 15:36:19.218,1.47368,1.47382,1.28,1.32
2013.11.15 15:36:19.642,1.47366,1.47385,1.20,1.95
2013.11.15 15:36:19.908,1.47365,1.47382,1.28,1.39
2013.11.15 15:36:21.607,1.47366,1.47382,1.39,1.20
2013.11.15 15:36:21.909,1.47376,1.4739,1.13,1.28
2013.11.15 15:36:23.558,1.47378,1.47394,1.69,2.33
2013.11.15 15:36:23.738,1.47376,1.47389,1.50,1.13
2013.11.15 15:36:24.239,1.47372,1.47387,2.03,1.13
2013.11.15 15:36:24.358,1.47372,1.47382,1.58,1.32
2013.11.15 15:36:25.190,1.47364,1.47377,1.28,1.13
2013.11.15 15:36:25.369,1.47363,1.47377,1.88,1.13
2013.11.15 15:36:25.490,1.47363,1.47377,1.88,1.13
2013.11.15 15:36:25.894,1.4736,1.47377,1.28,1.13
2013.11.15 15:36:28.262,1.47363,1.47377,1.13,1.13
2013.11.15 15:36:32.685,1.4736,1.47375,2.70,1.13
2013.11.15 15:36:32.988,1.47368,1.47381,1.50,1.50
2013.11.15 15:36:33.109,1.47368,1.47382,1.50,1.50
2013.11.15 15:36:33.169,1.47364,1.47377,1.58,1.13
2013.11.15 15:36:34.958,1.47364,1.4738,1.20,1.13
2013.11.15 15:36:39.889,1.47365,1.47377,1.77,1.13
2013.11.15 15:36:39.948,1.47365,1.47376,1.69,1.13
2013.11.15 15:36:40.499,1.4736,1.47374,1.28,1.13
2013.11.15 15:36:41.429,1.47359,1.47371,1.65,1.13
2013.11.15 15:36:42.849,1.47363,1.47372,1.13,1.13
2013.11.15 15:36:42.912,1.47363,1.47377,1.13,1.20
2013.11.15 15:36:43.099,1.47363,1.4738,2.78,1.77
2013.11.15 15:36:43.160,1.47365,1.4738,1.13,1.02
2013.11.15 15:36:43.518,1.47364,1.47379,2.03,1.13
2013.11.15 15:36:43.822,1.47364,1.47378,1.58,1.13
2013.11.15 15:36:46.478,1.47365,1.47378,1.09,1.13
2013.11.15 15:36:47.507,1.47363,1.47373,1.50,1.13
2013.11.15 15:36:48.129,1.47363,1.4738,2.07,1.88
2013.11.15 15:36:48.368,1.47367,1.47382,1.50,1.13
2013.11.15 15:36:48.882,1.47367,1.47382,1.50,1.13
2013.11.15 15:36:49.709,1.47365,1.47378,1.88,1.13
2013.11.15 15:36:49.773,1.47365,1.47377,1.28,1.13
2013.11.15 15:36:49.899,1.47365,1.47381,1.13,1.02
2013.11.15 15:36:49.958,1.47365,1.47382,1.28,1.39
2013.11.15 15:36:50.020,1.47365,1.47382,1.28,1.39
2013.11.15 15:36:50.328,1.47365,1.47382,1.28,1.39
2013.11.15 15:36:50.419,1.47365,1.47382,1.28,1.39
2013.11.15 15:36:51.078,1.47372,1.47382,1.50,1.58
2013.11.15 15:36:51.138,1.47368,1.47382,1.13,1.58
2013.11.15 15:36:51.199,1.47368,1.47382,1.88,1.13
2013.11.15 15:36:51.259,1.47368,1.47382,1.20,1.13
2013.11.15 15:36:52.628,1.47368,1.47383,1.13,1.65
2013.11.15 15:36:53.250,1.47365,1.47383,1.02,1.65
2013.11.15 15:36:53.608,1.47372,1.47385,1.50,1.02
2013.11.15 15:36:53.968,1.4737,1.47382,1.13,1.28
2013.11.15 15:36:54.087,1.47364,1.47382,2.44,1.58
2013.11.15 15:36:55.678,1.47363,1.4738,1.20,1.28
2013.11.15 15:36:57.209,1.47363,1.4738,1.20,1.28
2013.11.15 15:36:57.329,1.47361,1.4738,1.47,2.03
2013.11.15 15:37:01.298,1.47362,1.47379,1.20,1.13
2013.11.15 15:37:04.041,1.47362,1.47379,1.13,1.20
2013.11.15 15:37:06.609,1.47362,1.47379,1.50,1.20
2013.11.15 15:37:09.029,1.47364,1.47379,1.13,1.20
2013.11.15 15:37:11.573,1.47361,1.47379,1.32,1.20
2013.11.15 15:37:21.820,1.47363,1.4738,1.13,1.39
2013.11.15 15:37:21.998,1.4736,1.47378,1.39,1.13
2013.11.15 15:37:28.208,1.4736,1.47378,1.32,1.20
2013.11.15 15:37:28.719,1.47362,1.4738,1.20,3.34
2013.11.15 15:37:28.778,1.4736,1.4738,1.84,3.34
2013.11.15 15:37:34.508,1.47362,1.4738,1.20,1.09
2013.11.15 15:37:38.162,1.4736,1.4738,1.09,1.84
2013.11.15 15:37:38.289,1.47359,1.47376,1.02,1.20
2013.11.15 15:37:43.049,1.47358,1.47376,1.02,1.20
2013.11.15 15:37:43.110,1.47358,1.47377,1.09,1.65
2013.11.15 15:37:46.378,1.47359,1.47377,1.39,1.65
2013.11.15 15:37:46.558,1.47361,1.47379,3.53,1.58
2013.11.15 15:37:46.738,1.47359,1.47379,1.09,1.95
2013.11.15 15:37:46.920,1.47361,1.47379,1.13,1.20
2013.11.15 15:37:47.229,1.47358,1.47376,1.77,1.65
2013.11.15 15:37:47.530,1.47362,1.47377,2.03,1.05
2013.11.15 15:37:47.714,1.47363,1.47379,1.95,1.05
2013.11.15 15:37:47.779,1.47363,1.47382,2.33,1.77
2013.11.15 15:37:48.083,1.47363,1.4738,1.58,1.09
2013.11.15 15:37:49.261,1.47363,1.4738,2.33,1.09
2013.11.15 15:37:49.621,1.47374,1.47389,1.69,1.28
2013.11.15 15:37:51.568,1.4737,1.47389,1.84,1.28
2013.11.15 15:37:55.362,1.4737,1.47387,1.32,1.20
2013.11.15 15:37:55.430,1.47368,1.47387,2.70,1.20
2013.11.15 15:37:55.610,1.47365,1.47386,1.58,2.78
2013.11.15 15:37:55.732,1.47369,1.47386,1.69,2.25
2013.11.15 15:37:55.800,1.47372,1.47387,2.63,1.50
2013.11.15 15:37:55.982,1.47375,1.47392,1.13,2.44
2013.11.15 15:37:56.229,1.47377,1.47392,2.63,1.69
2013.11.15 15:37:56.349,1.47375,1.47392,1.13,1.69
2013.11.15 15:37:56.468,1.47378,1.47392,1.28,1.50
2013.11.15 15:37:56.589,1.47378,1.47392,2.03,1.50
2013.11.15 15:37:57.586,1.47378,1.47392,1.28,1.50
2013.11.15 15:37:58.199,1.47378,1.47392,1.13,1.58
2013.11.15 15:38:03.488,1.4738,1.47399,1.02,2.33
2013.11.15 15:38:04.731,1.47382,1.47397,1.09,1.50
2013.11.15 15:38:06.929,1.47379,1.47396,1.13,1.50
2013.11.15 15:38:07.288,1.47383,1.47397,1.13,1.65
2013.11.15 15:38:07.589,1.47378,1.47396,1.28,1.58
2013.11.15 15:38:08.428,1.47383,1.47398,1.13,1.65
2013.11.15 15:38:09.370,1.4738,1.47398,1.20,1.09
2013.11.15 15:38:10.528,1.4738,1.47398,1.28,1.02
2013.11.15 15:38:10.870,1.4738,1.47398,1.28,1.20
2013.11.15 15:38:10.988,1.47382,1.47397,1.20,1.50
2013.11.15 15:38:11.049,1.47378,1.47397,1.65,1.65
2013.11.15 15:38:11.410,1.47379,1.47399,2.03,1.58
2013.11.15 15:38:13.650,1.47382,1.47398,1.58,1.13
2013.11.15 15:38:15.382,1.47383,1.47399,1.47,1.13
2013.11.15 15:38:21.064,1.47383,1.47401,1.39,1.65
2013.11.15 15:38:26.478,1.47383,1.47401,1.02,1.65
2013.11.15 15:38:26.659,1.47383,1.47401,1.02,2.40
2013.11.15 15:38:27.089,1.47383,1.47401,1.02,1.65
2013.11.15 15:38:30.419,1.47383,1.47401,1.02,2.40
2013.11.15 15:38:34.812,1.47376,1.47394,1.50,1.58
2013.11.15 15:38:35.121,1.47376,1.47391,1.13,1.50
2013.11.15 15:38:35.449,1.47376,1.47391,1.13,1.50
2013.11.15 15:38:37.410,1.47372,1.47391,1.20,1.58
2013.11.15 15:38:37.708,1.47372,1.47391,1.20,1.58
2013.11.15 15:38:43.609,1.4737,1.4739,1.47,1.47
2013.11.15 15:38:44.289,1.47372,1.47391,1.58,2.14
2013.11.15 15:38:44.592,1.47372,1.47391,1.65,1.84
2013.11.15 15:38:46.529,1.47374,1.47392,1.02,1.20
2013.11.15 15:38:47.143,1.47372,1.47391,1.95,1.20
2013.11.15 15:38:48.019,1.47372,1.47391,1.95,1.20
2013.11.15 15:38:48.751,1.47373,1.47392,2.82,1.95
2013.11.15 15:38:48.822,1.47373,1.47392,2.89,1.58
2013.11.15 15:38:48.949,1.47375,1.47392,1.09,1.58
2013.11.15 15:38:49.308,1.47373,1.47391,1.39,1.50
2013.11.15 15:38:51.628,1.47374,1.47391,1.02,1.50
2013.11.15 15:38:51.749,1.47373,1.47391,1.39,1.65
2013.11.15 15:38:53.158,1.47376,1.47391,2.25,1.65
2013.11.15 15:38:53.278,1.47377,1.47392,1.50,1.58
2013.11.15 15:38:53.699,1.47377,1.47395,1.58,2.03
2013.11.15 15:38:53.819,1.47378,1.47395,1.32,1.65
2013.11.15 15:38:53.940,1.4738,1.47397,1.09,1.58
2013.11.15 15:38:54.060,1.47378,1.47396,1.69,1.20
2013.11.15 15:38:54.179,1.4738,1.47395,1.09,1.50
2013.11.15 15:38:54.239,1.47378,1.47395,1.32,2.25
2013.11.15 15:38:54.980,1.4738,1.47396,1.02,1.20
2013.11.15 15:38:55.100,1.47382,1.474,1.20,1.69
2013.11.15 15:38:55.278,1.47382,1.47401,1.20,1.02
2013.11.15 15:38:55.642,1.47382,1.47401,1.20,1.02
2013.11.15 15:38:56.189,1.47384,1.47402,1.28,2.03
2013.11.15 15:38:56.249,1.47383,1.474,1.84,1.50
2013.11.15 15:38:56.815,1.4738,1.47398,1.20,1.65
2013.11.15 15:38:57.058,1.4738,1.47397,1.20,1.95
2013.11.15 15:38:57.418,1.4738,1.474,1.20,1.88
2013.11.15 15:38:59.568,1.47383,1.474,1.02,1.20
2013.11.15 15:38:59.870,1.47383,1.47402,1.02,1.58
2013.11.15 15:39:00.228,1.47381,1.474,2.33,1.20
2013.11.15 15:39:00.473,1.47381,1.47399,1.20,1.20
2013.11.15 15:39:01.043,1.47381,1.47396,1.13,1.20
2013.11.15 15:39:02.658,1.47381,1.47396,1.13,1.20
2013.11.15 15:39:06.289,1.47381,1.47398,1.88,1.28
2013.11.15 15:39:06.989,1.47381,1.47397,1.13,1.28
2013.11.15 15:39:07.049,1.47381,1.47396,1.13,2.25
2013.11.15 15:39:08.619,1.47377,1.47394,1.13,2.25
2013.11.15 15:39:08.678,1.47373,1.47391,1.69,1.20
2013.11.15 15:39:08.738,1.47373,1.47391,1.69,2.25
2013.11.15 15:39:09.039,1.47374,1.47388,1.02,1.13
2013.11.15 15:39:09.219,1.47374,1.47391,1.02,3.53
2013.11.15 15:39:09.910,1.47374,1.4739,1.20,1.95
2013.11.15 15:39:09.971,1.47373,1.47389,1.65,1.13
2013.11.15 15:39:10.840,1.47373,1.47387,1.20,1.02
2013.11.15 15:39:11.473,1.47369,1.47387,1.50,1.39
2013.11.15 15:39:11.798,1.47369,1.47388,1.50,1.69
2013.11.15 15:39:12.343,1.47369,1.47387,1.50,1.39
2013.11.15 15:39:22.731,1.47368,1.47386,1.58,1.47
2013.11.15 15:39:22.911,1.47365,1.47381,1.88,1.13
2013.11.15 15:39:23.269,1.47364,1.47382,1.13,1.32
2013.11.15 15:39:23.389,1.47363,1.47382,1.28,1.47
2013.11.15 15:39:23.689,1.47364,1.47379,1.95,1.13
2013.11.15 15:39:27.946,1.47361,1.47379,1.20,1.69
2013.11.15 15:39:28.068,1.47361,1.47379,1.13,1.77
2013.11.15 15:39:28.129,1.47361,1.47379,1.13,2.70
2013.11.15 15:39:29.217,1.47359,1.47375,1.50,1.47
2013.11.15 15:39:29.282,1.47359,1.47375,1.50,2.44
2013.11.15 15:39:29.939,1.47357,1.47372,1.50,1.20
2013.11.15 15:39:30.119,1.47358,1.47375,1.50,2.07
2013.11.15 15:39:30.239,1.47358,1.47372,1.50,1.20
2013.11.15 15:39:30.540,1.47358,1.47373,1.50,1.28
2013.11.15 15:39:30.779,1.47359,1.47377,1.02,1.28
2013.11.15 15:39:30.839,1.47362,1.47378,1.50,1.95
2013.11.15 15:39:31.910,1.47359,1.47378,1.02,1.65
2013.11.15 15:39:32.270,1.47365,1.47381,1.50,1.20
2013.11.15 15:39:32.389,1.47365,1.47382,1.50,1.65
2013.11.15 15:39:33.920,1.47371,1.47383,1.13,1.20
2013.11.15 15:39:34.040,1.47369,1.47381,1.20,1.50
2013.11.15 15:39:34.163,1.47371,1.47382,1.13,1.13
2013.11.15 15:39:34.591,1.47368,1.47383,1.32,3.00
2013.11.15 15:39:34.719,1.47366,1.47383,1.13,1.13
2013.11.15 15:39:34.959,1.47367,1.47384,1.69,1.50
2013.11.15 15:39:35.139,1.47368,1.47384,1.69,1.50
2013.11.15 15:39:35.320,1.47366,1.47383,1.13,3.00
2013.11.15 15:39:35.439,1.47363,1.4738,1.88,1.13
2013.11.15 15:39:36.565,1.4736,1.47376,1.20,1.02
2013.11.15 15:39:36.808,1.47359,1.47372,1.13,1.50
2013.11.15 15:39:37.000,1.47357,1.47372,1.50,1.50
2013.11.15 15:39:37.668,1.47353,1.47371,1.88,1.58
2013.11.15 15:39:38.189,1.47353,1.47369,1.13,1.28
2013.11.15 15:39:38.609,1.47354,1.47372,2.03,1.84
2013.11.15 15:39:38.969,1.47356,1.47372,1.13,1.09
2013.11.15 15:39:39.909,1.47363,1.47374,1.28,1.50
2013.11.15 15:39:40.150,1.47365,1.4738,1.32,1.65
2013.11.15 15:39:40.398,1.47363,1.47379,1.20,1.58
2013.11.15 15:39:40.709,1.47362,1.47377,1.13,1.28
2013.11.15 15:39:47.729,1.47355,1.4737,1.13,1.20
2013.11.15 15:39:47.789,1.47353,1.4737,1.50,1.20
2013.11.15 15:39:48.208,1.47352,1.47367,1.02,1.58
2013.11.15 15:39:48.628,1.47352,1.47372,1.09,1.84
2013.11.15 15:39:51.169,1.47352,1.47372,1.84,1.09
2013.11.15 15:39:56.299,1.47355,1.47372,1.50,1.39
2013.11.15 15:39:56.358,1.47353,1.47372,1.95,2.52
2013.11.15 15:39:56.479,1.47353,1.47368,1.88,1.20
2013.11.15 15:39:56.599,1.47353,1.47369,2.03,1.13
2013.11.15 15:39:57.918,1.47353,1.47368,1.13,1.58
2013.11.15 15:39:57.979,1.47351,1.47368,1.84,1.58
2013.11.15 15:39:58.410,1.47351,1.47368,1.69,2.33
2013.11.15 15:40:02.538,1.47353,1.47368,1.13,1.02
2013.11.15 15:40:02.839,1.47353,1.47369,1.28,1.69
2013.11.15 15:40:03.140,1.47353,1.47369,1.28,1.69
2013.11.15 15:40:03.649,1.47353,1.47369,1.13,1.65
2013.11.15 15:40:05.349,1.47352,1.47368,1.58,1.02
2013.11.15 15:40:05.529,1.4735,1.47365,1.50,1.20
2013.11.15 15:40:05.589,1.4735,1.47362,1.50,1.13
2013.11.15 15:40:05.709,1.47348,1.47362,1.50,1.95
2013.11.15 15:40:05.948,1.47349,1.47362,1.50,1.58
2013.11.15 15:40:06.718,1.47348,1.47365,1.69,1.20
2013.11.15 15:40:07.359,1.47349,1.47365,1.32,1.20
2013.11.15 15:40:07.718,1.47352,1.47369,1.39,1.28
2013.11.15 15:40:07.899,1.47351,1.47366,1.09,1.50
2013.11.15 15:40:08.202,1.47352,1.47366,1.39,1.50
2013.11.15 15:40:08.270,1.47351,1.47365,1.02,1.58
2013.11.15 15:40:08.971,1.47348,1.47362,1.13,1.65
2013.11.15 15:40:09.649,1.47346,1.47361,1.50,1.02
2013.11.15 15:40:09.889,1.47342,1.47361,1.58,1.39
2013.11.15 15:40:15.680,1.47342,1.47361,1.58,1.02
2013.11.15 15:40:19.750,1.47343,1.47362,1.28,2.59
2013.11.15 15:40:20.522,1.47344,1.47362,1.20,2.89
2013.11.15 15:40:20.651,1.47343,1.4736,1.20,1.09
2013.11.15 15:40:21.129,1.47344,1.47361,1.65,1.69
2013.11.15 15:40:21.489,1.47347,1.47359,1.13,1.50
2013.11.15 15:40:21.668,1.47344,1.47361,2.70,1.69
2013.11.15 15:40:21.728,1.47347,1.47363,1.58,1.58
2013.11.15 15:40:22.678,1.47347,1.47363,1.65,1.13
2013.11.15 15:40:26.420,1.47348,1.47362,1.20,1.50
2013.11.15 15:40:26.540,1.47345,1.47362,1.39,1.65
2013.11.15 15:40:26.718,1.47345,1.47362,1.32,1.20
2013.11.15 15:40:26.779,1.47345,1.47365,1.47,2.59
2013.11.15 15:40:28.838,1.47351,1.47363,1.13,1.02
2013.11.15 15:40:28.959,1.47348,1.47362,1.13,1.69
2013.11.15 15:40:29.079,1.47345,1.47362,1.20,1.77
2013.11.15 15:40:31.681,1.47347,1.47364,1.02,1.28
2013.11.15 15:40:34.509,1.47348,1.47362,1.13,1.58
2013.11.15 15:40:34.568,1.47346,1.47362,1.50,1.65
2013.11.15 15:40:34.750,1.47346,1.47362,1.95,1.50
2013.11.15 15:40:35.350,1.47346,1.47362,1.20,1.50
2013.11.15 15:40:35.533,1.47343,1.47362,2.82,1.50
2013.11.15 15:40:35.720,1.47343,1.47357,1.20,2.44
2013.11.15 15:40:35.839,1.47343,1.47358,1.20,1.13
2013.11.15 15:40:37.080,1.47343,1.47358,1.20,1.20
2013.11.15 15:40:37.631,1.47343,1.47359,1.50,1.09
2013.11.15 15:40:39.959,1.47343,1.47362,1.50,2.63
2013.11.15 15:40:40.019,1.47343,1.47362,1.58,2.33
2013.11.15 15:40:41.621,1.47343,1.47362,1.84,1.65
2013.11.15 15:40:43.858,1.47343,1.47362,1.65,2.22
2013.11.15 15:40:45.709,1.47344,1.47362,1.09,1.28
2013.11.15 15:40:46.369,1.47344,1.47362,1.09,1.65
2013.11.15 15:40:46.728,1.47343,1.47362,1.09,3.53
2013.11.15 15:40:48.389,1.47342,1.47361,1.58,1.20
2013.11.15 15:40:48.509,1.47342,1.47357,1.20,1.69
2013.11.15 15:40:48.689,1.47336,1.47355,1.95,1.02
2013.11.15 15:40:49.213,1.47335,1.47354,2.52,1.58
2013.11.15 15:40:49.809,1.47335,1.47354,1.47,1.65
2013.11.15 15:40:50.464,1.47335,1.47352,1.28,1.02
2013.11.15 15:40:52.099,1.47335,1.47353,1.77,1.02
2013.11.15 15:41:00.110,1.47336,1.47354,1.95,1.50
2013.11.15 15:41:07.109,1.47335,1.47352,1.65,1.39
2013.11.15 15:41:07.409,1.47335,1.47347,1.50,1.13
2013.11.15 15:41:07.649,1.47333,1.47347,1.28,1.88
2013.11.15 15:41:08.421,1.47334,1.47347,1.84,1.95
2013.11.15 15:41:08.719,1.47345,1.47358,1.13,1.50
2013.11.15 15:41:08.900,1.47342,1.47358,1.69,1.65
2013.11.15 15:41:09.699,1.47343,1.47358,1.50,1.65
2013.11.15 15:41:10.230,1.47344,1.47359,1.50,1.20
2013.11.15 15:41:10.610,1.47341,1.47358,1.32,1.65
2013.11.15 15:41:10.669,1.4734,1.47358,1.77,1.65
2013.11.15 15:41:10.910,1.4734,1.47352,1.69,1.13
2013.11.15 15:41:11.032,1.47341,1.47355,1.02,1.50
2013.11.15 15:41:11.102,1.47341,1.47355,1.20,1.50
2013.11.15 15:41:11.172,1.47342,1.47357,1.50,2.33
2013.11.15 15:41:11.301,1.47342,1.47356,1.50,1.20
2013.11.15 15:41:11.760,1.47338,1.47355,1.13,1.50
2013.11.15 15:41:12.099,1.47338,1.47355,1.13,1.50
2013.11.15 15:41:13.089,1.47337,1.47353,1.32,1.13
2013.11.15 15:41:13.640,1.47337,1.47351,1.32,1.20
2013.11.15 15:41:14.180,1.47333,1.47344,1.13,1.13
2013.11.15 15:41:14.311,1.47329,1.47344,1.65,1.13
2013.11.15 15:41:14.380,1.47329,1.47344,1.65,1.88
2013.11.15 15:41:14.499,1.47327,1.47344,1.13,1.88
2013.11.15 15:41:14.740,1.47326,1.47343,1.28,1.02
2013.11.15 15:41:14.800,1.47326,1.47344,1.28,1.47
2013.11.15 15:41:15.713,1.47326,1.47343,1.28,1.02
2013.11.15 15:41:15.786,1.47326,1.47343,1.13,1.20
2013.11.15 15:41:16.521,1.47326,1.47343,1.13,1.20
2013.11.15 15:41:16.711,1.47326,1.47343,1.13,1.20
2013.11.15 15:41:17.069,1.47326,1.47344,1.28,1.28
2013.11.15 15:41:17.579,1.47326,1.47343,1.28,1.39
2013.11.15 15:41:18.229,1.47326,1.47341,1.13,1.28
2013.11.15 15:41:18.543,1.47326,1.47342,1.13,1.47
2013.11.15 15:41:18.791,1.47331,1.47345,1.13,1.20
2013.11.15 15:41:20.649,1.47332,1.47345,1.13,1.77
2013.11.15 15:41:21.009,1.47327,1.47343,1.13,1.13
2013.11.15 15:41:21.492,1.47326,1.47342,1.13,1.65
2013.11.15 15:41:22.038,1.47326,1.47342,1.28,1.50
2013.11.15 15:41:22.726,1.47326,1.47343,1.28,1.39
2013.11.15 15:41:25.373,1.47324,1.47342,1.20,1.09
2013.11.15 15:41:25.679,1.47326,1.47342,1.13,1.84
2013.11.15 15:41:26.237,1.47325,1.4734,1.13,1.58
2013.11.15 15:41:26.539,1.47325,1.4734,1.13,1.39
2013.11.15 15:41:26.979,1.4733,1.47342,1.13,1.13
2013.11.15 15:41:28.769,1.4733,1.47342,1.13,1.13
2013.11.15 15:41:29.130,1.47324,1.4734,1.13,1.09
2013.11.15 15:41:29.910,1.47323,1.47338,1.50,1.58
2013.11.15 15:41:29.970,1.47323,1.47338,1.50,1.95
2013.11.15 15:41:30.210,1.47323,1.47338,1.69,1.58
2013.11.15 15:41:30.270,1.47322,1.47338,1.77,1.58
2013.11.15 15:41:30.449,1.47321,1.47338,1.20,1.50
2013.11.15 15:41:31.501,1.47323,1.47337,1.13,1.20
2013.11.15 15:41:32.040,1.47324,1.47337,1.13,1.13
2013.11.15 15:41:33.499,1.47324,1.47338,1.13,1.20
2013.11.15 15:41:34.040,1.47323,1.47338,1.13,1.65
2013.11.15 15:41:35.869,1.47323,1.47337,1.13,1.09
2013.11.15 15:41:39.320,1.47323,1.47337,1.13,2.22
2013.11.15 15:41:39.678,1.47322,1.47337,1.13,1.84
2013.11.15 15:41:40.160,1.4732,1.47337,1.20,1.47
2013.11.15 15:41:41.769,1.47324,1.47343,1.58,2.14
2013.11.15 15:41:42.109,1.47327,1.47343,1.58,1.77
2013.11.15 15:41:46.150,1.47327,1.47342,1.58,1.13
2013.11.15 15:41:46.212,1.47324,1.47342,1.58,1.13
2013.11.15 15:41:46.461,1.47321,1.47339,3.08,1.13
2013.11.15 15:41:46.520,1.47323,1.47341,1.28,1.28
2013.11.15 15:41:46.639,1.47322,1.47339,1.28,1.13
2013.11.15 15:41:46.939,1.47324,1.47342,1.50,1.13
2013.11.15 15:41:47.369,1.47327,1.47342,1.50,1.50
2013.11.15 15:41:47.489,1.47328,1.47343,1.50,1.58
2013.11.15 15:41:47.829,1.47328,1.47343,1.95,1.50
2013.11.15 15:41:48.344,1.47328,1.47343,1.95,1.50
2013.11.15 15:41:48.909,1.47328,1.47343,1.20,1.69
2013.11.15 15:41:48.969,1.47327,1.47343,1.28,1.69
2013.11.15 15:41:49.148,1.47323,1.47341,1.65,1.77
2013.11.15 15:41:49.269,1.47323,1.4734,1.50,1.09
2013.11.15 15:41:49.449,1.47321,1.4734,1.28,1.09
2013.11.15 15:41:49.953,1.47319,1.4734,2.52,1.09
2013.11.15 15:41:50.022,1.47321,1.4734,1.28,1.09
2013.11.15 15:41:50.729,1.47321,1.47338,1.28,1.02
2013.11.15 15:41:51.269,1.47321,1.47341,1.65,1.95
2013.11.15 15:41:51.831,1.47321,1.47341,2.03,1.39
2013.11.15 15:41:52.012,1.47321,1.47339,1.28,1.09
2013.11.15 15:41:54.709,1.47319,1.47336,2.52,1.13
2013.11.15 15:41:55.190,1.47319,1.47331,1.58,1.32
2013.11.15 15:41:55.309,1.47317,1.47333,1.95,1.58
2013.11.15 15:41:55.369,1.47316,1.47333,1.65,1.58
2013.11.15 15:41:55.429,1.47322,1.47335,1.32,1.28
2013.11.15 15:41:55.790,1.47322,1.47338,1.39,1.58
2013.11.15 15:41:59.261,1.47323,1.47338,1.02,1.50
2013.11.15 15:41:59.699,1.47319,1.47338,1.20,1.58
2013.11.15 15:42:00.359,1.47322,1.47338,1.02,1.58
2013.11.15 15:42:00.719,1.47318,1.47338,1.88,1.58
2013.11.15 15:42:01.445,1.47318,1.47336,1.13,1.20
2013.11.15 15:42:02.689,1.47317,1.47334,1.95,1.09
2013.11.15 15:42:03.890,1.47317,1.47334,2.25,1.02
2013.11.15 15:42:04.009,1.47317,1.47334,1.95,1.09
2013.11.15 15:42:05.461,1.47318,1.47336,1.32,1.58
2013.11.15 15:42:05.892,1.47321,1.47337,1.13,1.13
2013.11.15 15:42:05.971,1.47321,1.47338,1.20,1.09
2013.11.15 15:42:07.184,1.47321,1.47338,1.20,1.09
2013.11.15 15:42:08.110,1.4732,1.47338,1.28,1.47
2013.11.15 15:42:08.230,1.4732,1.47338,1.28,1.65
2013.11.15 15:42:10.439,1.47318,1.47335,1.20,1.65
2013.11.15 15:42:10.619,1.47317,1.47335,1.65,1.65
2013.11.15 15:42:10.979,1.4732,1.47336,1.65,1.13
2013.11.15 15:42:11.099,1.4732,1.4734,1.84,1.39
2013.11.15 15:42:12.799,1.47321,1.47339,1.20,1.13
2013.11.15 15:42:14.000,1.47323,1.47339,1.50,1.13
2013.11.15 15:42:15.388,1.47323,1.47339,1.20,1.13
2013.11.15 15:42:15.658,1.47323,1.47342,1.20,1.77
2013.11.15 15:42:15.920,1.47324,1.47342,1.28,1.02
2013.11.15 15:42:16.222,1.47328,1.47343,1.65,1.50
2013.11.15 15:42:19.139,1.4733,1.47347,1.20,1.65
2013.11.15 15:42:24.210,1.47329,1.47347,1.77,1.95
2013.11.15 15:42:24.330,1.47333,1.47348,1.65,1.13
2013.11.15 15:42:24.392,1.47335,1.47351,1.58,1.02
2013.11.15 15:42:24.819,1.47335,1.47352,1.50,1.58
2013.11.15 15:42:25.321,1.47335,1.47352,1.95,1.28
2013.11.15 15:42:25.384,1.47335,1.47352,1.95,1.09
2013.11.15 15:42:26.091,1.47335,1.47354,2.33,1.77
2013.11.15 15:42:29.581,1.47338,1.47354,1.58,1.77
2013.11.15 15:42:29.999,1.4734,1.47354,1.20,1.50
2013.11.15 15:42:30.059,1.47343,1.47357,1.20,1.58
2013.11.15 15:42:30.298,1.47347,1.4736,1.69,1.20
2013.11.15 15:42:30.359,1.47347,1.47358,1.50,1.13
2013.11.15 15:42:30.599,1.4734,1.47357,1.50,1.09
2013.11.15 15:42:31.959,1.47342,1.47358,1.65,1.50
2013.11.15 15:42:32.081,1.47345,1.47358,1.88,1.50
2013.11.15 15:42:32.441,1.47344,1.47359,1.13,1.09
2013.11.15 15:42:32.690,1.47342,1.47357,1.88,1.65
2013.11.15 15:42:33.121,1.47341,1.47356,1.13,1.50
2013.11.15 15:42:33.480,1.47339,1.47353,1.32,1.50
2013.11.15 15:42:33.539,1.47338,1.47353,1.69,1.50
2013.11.15 15:42:35.420,1.47338,1.47353,1.69,1.20
2013.11.15 15:42:35.479,1.47338,1.47355,1.69,1.20
2013.11.15 15:42:38.029,1.47339,1.47355,1.13,1.39
2013.11.15 15:42:40.509,1.47338,1.47355,1.13,1.39
2013.11.15 15:42:40.569,1.47338,1.47355,1.13,1.39
2013.11.15 15:42:42.130,1.47338,1.47355,1.50,1.39
2013.11.15 15:42:42.411,1.47338,1.47355,1.13,1.39
2013.11.15 15:42:43.070,1.47338,1.47354,1.13,1.20
2013.11.15 15:42:46.576,1.47336,1.47354,2.63,1.13
2013.11.15 15:42:47.893,1.47343,1.47355,1.58,1.32
2013.11.15 15:42:48.213,1.47345,1.47363,1.02,1.65
2013.11.15 15:42:48.973,1.47347,1.47364,1.39,1.13
2013.11.15 15:42:49.279,1.47347,1.47365,1.47,1.95
2013.11.15 15:42:49.839,1.47347,1.47365,1.47,1.58
2013.11.15 15:42:50.199,1.47347,1.47365,1.28,1.77
2013.11.15 15:42:52.794,1.47351,1.47365,1.13,1.69
2013.11.15 15:42:52.861,1.47355,1.47366,2.07,1.20
2013.11.15 15:42:52.991,1.47355,1.4737,1.84,1.13
2013.11.15 15:42:53.060,1.47355,1.47371,1.84,1.13
2013.11.15 15:42:53.239,1.47355,1.4737,1.47,1.13
2013.11.15 15:42:53.360,1.47355,1.4737,1.09,1.13
2013.11.15 15:42:53.661,1.47355,1.47375,1.09,2.89
2013.11.15 15:42:54.409,1.47356,1.47375,1.20,2.52
2013.11.15 15:42:54.590,1.47358,1.47377,1.02,1.20
2013.11.15 15:42:55.011,1.47359,1.47376,1.32,1.20
2013.11.15 15:42:55.319,1.47353,1.47371,1.20,1.28
2013.11.15 15:42:56.804,1.47351,1.47371,1.84,1.09
2013.11.15 15:42:57.989,1.47354,1.47372,1.69,1.20
2013.11.15 15:42:58.169,1.47358,1.47375,1.13,1.02
2013.11.15 15:42:58.982,1.47361,1.47378,1.58,1.13
2013.11.15 15:42:59.472,1.47361,1.47379,1.28,1.47
2013.11.15 15:43:00.559,1.47361,1.47379,1.28,1.84
2013.11.15 15:43:01.319,1.47361,1.47379,1.28,1.09
2013.11.15 15:43:02.590,1.47359,1.47379,2.44,2.14
2013.11.15 15:43:03.100,1.47359,1.47378,2.07,1.13
2013.11.15 15:43:04.062,1.47359,1.47379,2.22,1.39
2013.11.15 15:43:08.002,1.47358,1.47377,1.65,1.09
2013.11.15 15:43:08.070,1.47357,1.47376,1.58,1.02
2013.11.15 15:43:08.430,1.47353,1.47373,1.84,1.20
2013.11.15 15:43:08.610,1.47354,1.47372,1.02,1.65
2013.11.15 15:43:08.741,1.47354,1.47373,1.02,1.20
2013.11.15 15:43:10.499,1.4736,1.47372,1.28,1.69
2013.11.15 15:43:10.811,1.47358,1.47373,2.63,1.02
2013.11.15 15:43:11.121,1.47358,1.47373,1.88,1.02
2013.11.15 15:43:12.630,1.47358,1.47375,2.44,1.65
2013.11.15 15:43:12.751,1.47358,1.47375,1.69,1.20
2013.11.15 15:43:13.059,1.47356,1.47374,1.50,1.20
2013.11.15 15:43:13.440,1.47356,1.47374,1.50,1.20
2013.11.15 15:43:13.749,1.47355,1.47375,1.58,1.65
2013.11.15 15:43:13.810,1.47356,1.47374,1.50,1.50
2013.11.15 15:43:14.409,1.47353,1.47374,1.95,1.95
2013.11.15 15:43:14.469,1.47354,1.47374,1.20,1.65
2013.11.15 15:43:15.123,1.47355,1.47374,1.20,1.58
2013.11.15 15:43:15.310,1.47355,1.47371,1.20,1.32
2013.11.15 15:43:16.360,1.47353,1.4737,1.65,1.50
2013.11.15 15:43:19.729,1.47353,1.4737,1.58,1.88
2013.11.15 15:43:19.970,1.47349,1.4737,1.58,2.03
2013.11.15 15:43:20.094,1.47349,1.47365,1.58,1.13
2013.11.15 15:43:20.400,1.47349,1.47359,1.13,1.02
2013.11.15 15:43:20.879,1.47346,1.47364,1.20,1.88
2013.11.15 15:43:21.232,1.47346,1.47364,1.20,1.88
2013.11.15 15:43:21.435,1.47348,1.47364,1.09,1.50
2013.11.15 15:43:23.483,1.47348,1.47365,1.69,1.28
2013.11.15 15:43:26.970,1.47345,1.47364,1.28,2.40
2013.11.15 15:43:28.729,1.47345,1.47364,1.13,3.38
2013.11.15 15:43:30.549,1.47344,1.47362,1.20,1.09
2013.11.15 15:43:30.868,1.47344,1.47364,1.20,3.00
2013.11.15 15:43:31.790,1.47346,1.47364,1.88,1.50
2013.11.15 15:43:31.910,1.47348,1.47366,1.32,1.58
2013.11.15 15:43:32.149,1.47349,1.47367,1.09,1.28
2013.11.15 15:43:33.420,1.47349,1.47366,1.09,1.20
2013.11.15 15:43:33.940,1.47348,1.47366,1.65,1.39
2013.11.15 15:43:40.940,1.47347,1.47364,1.50,1.77
2013.11.15 15:43:41.180,1.47349,1.47364,1.13,1.84
2013.11.15 15:43:41.240,1.47349,1.47363,1.13,1.13
2013.11.15 15:43:41.299,1.47348,1.47362,1.50,1.65
2013.11.15 15:43:41.419,1.47349,1.47363,1.13,1.20
2013.11.15 15:43:41.720,1.47349,1.47364,1.50,1.09
2013.11.15 15:43:44.040,1.47349,1.47364,1.13,1.09
2013.11.15 15:43:46.641,1.47349,1.47364,1.13,1.09
2013.11.15 15:43:47.122,1.47354,1.47368,1.13,1.13
2013.11.15 15:43:47.692,1.47353,1.47368,1.20,1.13
2013.11.15 15:43:48.059,1.47351,1.47367,1.32,1.58
2013.11.15 15:43:48.419,1.47351,1.47364,1.13,1.58
2013.11.15 15:43:49.802,1.47351,1.47366,1.13,1.28
2013.11.15 15:43:49.989,1.47351,1.47366,1.13,1.28
2013.11.15 15:43:50.229,1.47351,1.4737,1.95,1.39
2013.11.15 15:43:50.802,1.47351,1.47369,1.88,1.20
2013.11.15 15:43:50.929,1.47351,1.47369,2.25,1.20
2013.11.15 15:43:51.231,1.47351,1.47367,1.50,1.20
2013.11.15 15:43:52.919,1.4735,1.47368,1.02,1.65
2013.11.15 15:43:53.621,1.47353,1.47368,1.20,1.88
2013.11.15 15:43:54.839,1.47353,1.47368,1.20,1.13
2013.11.15 15:43:55.020,1.47349,1.47366,1.65,1.02
2013.11.15 15:43:55.712,1.47353,1.47364,1.50,1.02
2013.11.15 15:43:56.199,1.47353,1.47372,1.50,3.19
2013.11.15 15:43:56.259,1.47353,1.47372,1.65,2.59
2013.11.15 15:43:59.740,1.47354,1.47372,1.20,2.44
2013.11.15 15:44:00.570,1.47353,1.47372,1.20,2.52
2013.11.15 15:44:00.629,1.47352,1.47371,1.02,3.45
2013.11.15 15:44:00.689,1.4735,1.47367,2.82,1.58
2013.11.15 15:44:01.229,1.47348,1.47365,1.20,1.32
2013.11.15 15:44:03.131,1.47348,1.47365,1.09,1.95
2013.11.15 15:44:04.179,1.47347,1.47363,1.28,1.13
2013.11.15 15:44:06.527,1.47349,1.47364,1.20,1.69
2013.11.15 15:44:07.359,1.47349,1.47365,1.20,1.32
2013.11.15 15:44:12.631,1.47354,1.47367,1.20,1.88
2013.11.15 15:44:13.698,1.47354,1.47368,1.20,1.88
2013.11.15 15:44:14.060,1.47361,1.47375,1.20,1.88
2013.11.15 15:44:14.359,1.47363,1.47375,1.20,1.13
2013.11.15 15:44:14.908,1.47363,1.47377,1.50,1.50
2013.11.15 15:44:15.180,1.47363,1.47377,1.50,1.13
2013.11.15 15:44:15.739,1.47364,1.47379,1.20,1.50
2013.11.15 15:44:20.971,1.47364,1.4738,1.20,1.50
2013.11.15 15:44:21.610,1.47364,1.4738,1.20,1.50
2013.11.15 15:44:22.102,1.47368,1.47383,1.20,1.69
2013.11.15 15:44:23.914,1.47373,1.47387,1.50,1.95
2013.11.15 15:44:24.219,1.47373,1.47387,1.28,1.50
2013.11.15 15:44:26.039,1.47369,1.47387,1.20,2.07
2013.11.15 15:44:27.010,1.47373,1.47387,1.13,2.07
2013.11.15 15:44:27.130,1.47369,1.47386,1.20,1.13
2013.11.15 15:44:27.669,1.4737,1.47385,1.28,1.69
2013.11.15 15:44:27.729,1.4737,1.47385,1.28,1.69
2013.11.15 15:44:28.900,1.47373,1.47386,1.20,1.13
2013.11.15 15:44:29.030,1.4737,1.47386,1.20,1.13
2013.11.15 15:44:29.572,1.47368,1.47382,1.50,1.69
2013.11.15 15:44:30.119,1.4737,1.47386,1.20,1.13
2013.11.15 15:44:30.370,1.4737,1.47387,1.20,1.69
2013.11.15 15:44:32.434,1.4737,1.47387,1.20,1.69
2013.11.15 15:44:35.860,1.47369,1.47388,1.02,1.58
2013.11.15 15:44:36.041,1.47371,1.47388,1.02,1.28
2013.11.15 15:44:36.289,1.47369,1.47388,1.09,2.03
2013.11.15 15:44:37.740,1.47371,1.47388,1.02,2.03
2013.11.15 15:44:38.278,1.47372,1.47388,1.13,2.22
2013.11.15 15:44:39.578,1.47372,1.47388,1.28,2.07
2013.11.15 15:44:45.792,1.47375,1.47391,1.20,1.50
2013.11.15 15:45:00.609,1.47375,1.47391,1.13,1.50
2013.11.15 15:45:00.730,1.47375,1.47392,1.20,1.69
2013.11.15 15:45:01.269,1.47375,1.47394,1.20,2.14
2013.11.15 15:45:01.389,1.47375,1.47392,1.20,1.69
2013.11.15 15:45:01.741,1.47377,1.47394,1.20,2.52
2013.11.15 15:45:02.099,1.47376,1.47393,1.28,1.02
2013.11.15 15:45:04.234,1.47376,1.47393,1.28,1.39
2013.11.15 15:45:04.683,1.4738,1.47395,1.20,1.50
2013.11.15 15:45:05.320,1.47378,1.47393,1.20,1.13
2013.11.15 15:45:05.681,1.47376,1.47393,1.47,1.20
2013.11.15 15:45:06.361,1.47376,1.47396,1.09,2.14
2013.11.15 15:45:08.112,1.47379,1.47396,1.02,1.65
2013.11.15 15:45:08.300,1.47379,1.47397,1.02,2.03
2013.11.15 15:45:09.360,1.47376,1.47396,1.20,1.28
2013.11.15 15:45:09.420,1.47376,1.47394,1.20,1.32
2013.11.15 15:45:09.600,1.47374,1.47392,2.03,1.02
2013.11.15 15:45:09.660,1.47375,1.47394,1.50,1.32
2013.11.15 15:45:17.402,1.4737,1.47391,1.47,1.58
2013.11.15 15:45:17.471,1.47375,1.47391,1.13,1.58
2013.11.15 15:45:17.650,1.47373,1.47391,1.47,1.20
2013.11.15 15:45:17.971,1.47372,1.4739,1.20,1.13
2013.11.15 15:45:18.490,1.47371,1.47389,1.28,1.77
2013.11.15 15:45:21.294,1.47376,1.47391,1.02,1.50
2013.11.15 15:45:21.359,1.47374,1.47391,1.09,1.50
2013.11.15 15:45:21.599,1.47376,1.47393,1.02,1.65
2013.11.15 15:45:22.026,1.47376,1.47395,1.02,2.33
2013.11.15 15:45:22.092,1.47376,1.47395,1.02,2.33
2013.11.15 15:45:25.746,1.47373,1.47393,1.20,1.84
2013.11.15 15:45:27.319,1.47372,1.47393,1.84,2.14
2013.11.15 15:45:33.344,1.47375,1.47391,1.28,1.13
2013.11.15 15:45:33.531,1.47375,1.47391,1.28,1.13
2013.11.15 15:45:36.583,1.47374,1.47392,1.20,1.69
2013.11.15 15:45:41.038,1.47376,1.47392,1.09,1.50
2013.11.15 15:45:41.735,1.47376,1.47393,1.09,1.58
2013.11.15 15:45:43.719,1.47378,1.47393,1.20,1.50
2013.11.15 15:45:44.598,1.47376,1.47393,1.09,1.50
2013.11.15 15:45:45.459,1.47378,1.47394,1.20,1.58
2013.11.15 15:45:48.259,1.47381,1.47397,1.02,1.20
2013.11.15 15:45:49.194,1.47381,1.47398,1.02,1.28
2013.11.15 15:45:49.262,1.47381,1.474,1.02,1.20
2013.11.15 15:45:49.810,1.47384,1.47402,1.02,2.03
2013.11.15 15:45:56.299,1.47385,1.47402,1.09,1.13
2013.11.15 15:45:56.360,1.47385,1.47402,1.09,1.13
2013.11.15 15:45:57.130,1.47388,1.47407,1.20,2.14
2013.11.15 15:45:57.190,1.47393,1.47407,1.13,1.39
2013.11.15 15:45:59.619,1.47392,1.47408,1.28,1.13
2013.11.15 15:46:00.539,1.47396,1.47412,1.58,1.77
2013.11.15 15:46:00.599,1.47396,1.47413,1.20,1.20
2013.11.15 15:46:00.781,1.47395,1.47415,1.84,1.28
2013.11.15 15:46:00.912,1.47405,1.47415,1.20,1.13
2013.11.15 15:46:00.982,1.47405,1.47418,1.20,1.13
2013.11.15 15:46:01.053,1.474,1.47418,1.24,1.20
2013.11.15 15:46:01.123,1.474,1.47415,1.24,1.13
2013.11.15 15:46:01.190,1.474,1.47418,1.99,1.20
2013.11.15 15:46:01.250,1.4741,1.47418,1.13,1.13
2013.11.15 15:46:01.370,1.4741,1.47423,1.13,1.28
2013.11.15 15:46:01.730,1.47408,1.47422,1.50,1.95
2013.11.15 15:46:02.270,1.47401,1.47419,2.33,1.47
2013.11.15 15:46:07.240,1.474,1.47419,2.33,1.39
2013.11.15 15:46:12.199,1.47406,1.47419,1.50,1.39
2013.11.15 15:46:12.749,1.47401,1.47419,1.58,1.84
2013.11.15 15:46:13.132,1.47401,1.47419,1.58,1.84
2013.11.15 15:46:13.379,1.47401,1.47419,1.58,1.84
2013.11.15 15:46:15.829,1.47401,1.47419,1.65,1.77
2013.11.15 15:46:20.061,1.47405,1.47419,1.50,1.95
2013.11.15 15:46:20.591,1.47403,1.47419,1.02,3.83
2013.11.15 15:46:20.721,1.47405,1.47415,1.50,1.13
2013.11.15 15:46:20.840,1.47401,1.47415,1.13,3.00
2013.11.15 15:46:21.400,1.47396,1.47414,1.13,2.63
2013.11.15 15:46:21.459,1.47396,1.47415,1.13,1.88
2013.11.15 15:46:22.580,1.47397,1.47412,1.50,1.39
2013.11.15 15:46:23.099,1.47397,1.47411,1.50,1.13
2013.11.15 15:46:28.420,1.47395,1.4741,1.50,1.20
2013.11.15 15:46:32.370,1.47394,1.47411,1.20,1.09
2013.11.15 15:46:32.556,1.47394,1.47413,1.20,1.39
2013.11.15 15:46:33.419,1.47395,1.47413,1.50,1.39
2013.11.15 15:46:34.030,1.47395,1.4741,1.50,1.02
2013.11.15 15:46:34.913,1.47394,1.4741,1.32,1.13
2013.11.15 15:46:37.058,1.47393,1.4741,1.50,1.39
2013.11.15 15:46:37.610,1.47393,1.4741,1.50,1.69
2013.11.15 15:46:39.200,1.47394,1.47412,1.50,1.77
2013.11.15 15:46:39.759,1.47394,1.47412,1.65,1.47
2013.11.15 15:46:40.089,1.47398,1.47412,1.50,1.09
2013.11.15 15:46:41.729,1.47399,1.47414,1.50,1.20
2013.11.15 15:46:41.909,1.47397,1.47415,1.65,1.39
2013.11.15 15:46:43.641,1.47403,1.47419,1.50,1.47
2013.11.15 15:46:54.444,1.47401,1.4742,1.95,1.39
2013.11.15 15:46:56.639,1.47401,1.47418,1.50,1.28
2013.11.15 15:46:57.203,1.47401,1.47418,1.50,1.65
2013.11.15 15:47:04.003,1.47401,1.47418,1.65,1.32
2013.11.15 15:47:06.530,1.47401,1.47419,2.03,1.20
2013.11.15 15:47:06.590,1.47403,1.47419,1.50,1.13
2013.11.15 15:47:06.951,1.47408,1.47422,1.20,2.07
2013.11.15 15:47:07.310,1.4741,1.47427,1.65,1.58
2013.11.15 15:47:08.680,1.4741,1.47427,1.65,1.39
2013.11.15 15:47:10.540,1.4741,1.47429,1.20,1.02
2013.11.15 15:47:10.660,1.47413,1.47429,1.58,1.02
2013.11.15 15:47:11.380,1.47409,1.4743,2.03,1.20
2013.11.15 15:47:11.770,1.47409,1.4743,2.03,1.20
2013.11.15 15:47:13.020,1.47409,1.47429,1.88,1.50
2013.11.15 15:47:13.719,1.47415,1.47429,1.50,1.20
2013.11.15 15:47:13.900,1.47415,1.47434,2.33,1.58
2013.11.15 15:47:14.020,1.47415,1.47434,1.58,1.50
2013.11.15 15:47:14.199,1.4742,1.47434,1.50,1.58
2013.11.15 15:47:15.659,1.47416,1.47433,1.69,1.58
2013.11.15 15:47:15.844,1.47415,1.47433,1.13,1.58
2013.11.15 15:47:16.149,1.47418,1.47434,1.69,1.88
2013.11.15 15:47:16.329,1.47417,1.47433,1.32,1.13
2013.11.15 15:47:16.569,1.47409,1.47429,1.65,1.28
2013.11.15 15:47:17.251,1.47408,1.47428,1.20,3.83
2013.11.15 15:47:17.731,1.47409,1.47427,1.58,1.28
2013.11.15 15:47:18.640,1.4741,1.47428,1.50,2.33
2013.11.15 15:47:18.940,1.47409,1.47428,1.02,2.33
2013.11.15 15:47:19.921,1.47409,1.47428,1.02,1.58
2013.11.15 15:47:20.281,1.47413,1.47428,1.50,1.20
2013.11.15 15:47:22.241,1.47419,1.47434,1.20,1.02
2013.11.15 15:47:22.661,1.47423,1.47438,1.58,1.13
2013.11.15 15:47:23.316,1.47428,1.47442,1.13,1.13
2013.11.15 15:47:23.569,1.47432,1.47446,1.95,1.58
2013.11.15 15:47:23.629,1.4743,1.47446,1.50,1.28
2013.11.15 15:47:23.930,1.47428,1.47442,1.50,1.09
2013.11.15 15:47:24.050,1.47433,1.47443,1.20,1.02
2013.11.15 15:47:24.409,1.47433,1.4745,1.28,1.50
2013.11.15 15:47:24.889,1.47433,1.4745,1.65,1.32
2013.11.15 15:47:24.949,1.47433,1.4745,1.65,1.32
2013.11.15 15:47:25.769,1.47433,1.4745,1.58,1.39
2013.11.15 15:47:26.484,1.47431,1.4745,1.58,1.77
2013.11.15 15:47:29.059,1.47431,1.4745,1.95,1.39
2013.11.15 15:47:30.911,1.47431,1.47449,1.95,1.88
2013.11.15 15:47:30.981,1.47431,1.47445,1.88,1.20
2013.11.15 15:47:31.040,1.47432,1.47444,1.50,1.20
2013.11.15 15:47:31.339,1.47423,1.47442,1.95,1.20
2013.11.15 15:47:32.554,1.47421,1.47441,1.65,1.65
2013.11.15 15:47:34.183,1.47421,1.47439,1.65,1.77
2013.11.15 15:47:34.370,1.47418,1.47434,1.88,1.28
2013.11.15 15:47:34.440,1.47418,1.47434,1.13,2.03
2013.11.15 15:47:34.679,1.47413,1.4743,2.03,1.02
2013.11.15 15:47:37.709,1.47413,1.4743,1.65,1.02
2013.11.15 15:47:40.781,1.47413,1.4743,1.65,1.02
2013.11.15 15:47:43.080,1.47413,1.4743,1.65,1.39
2013.11.15 15:47:43.429,1.47414,1.47433,1.39,1.20
2013.11.15 15:47:43.489,1.47414,1.47433,1.39,1.20
2013.11.15 15:47:44.717,1.47414,1.47433,2.14,1.50
2013.11.15 15:47:45.244,1.47414,1.47433,2.07,1.13
2013.11.15 15:47:51.439,1.47416,1.47434,1.13,2.14
2013.11.15 15:47:52.563,1.47421,1.47435,1.65,1.13
2013.11.15 15:47:52.750,1.47422,1.47436,1.02,1.13
2013.11.15 15:47:53.749,1.47426,1.47437,1.50,1.13
2013.11.15 15:47:54.699,1.47426,1.47444,1.50,1.02
2013.11.15 15:47:55.060,1.4743,1.47445,1.50,1.47
2013.11.15 15:47:57.700,1.47428,1.47445,1.50,1.84
2013.11.15 15:47:57.760,1.47427,1.47445,1.58,1.84
2013.11.15 15:47:57.820,1.47427,1.47444,1.50,1.02
2013.11.15 15:48:02.958,1.47434,1.47446,1.02,1.13
2013.11.15 15:48:03.524,1.47434,1.47449,1.77,1.13
2013.11.15 15:48:04.741,1.47432,1.47448,1.65,1.13
2013.11.15 15:48:07.529,1.47432,1.47448,1.50,1.28
2013.11.15 15:48:08.300,1.47432,1.47449,1.13,1.65
2013.11.15 15:48:08.900,1.47432,1.4745,1.28,1.77
2013.11.15 15:48:09.251,1.47431,1.47449,1.20,1.13
2013.11.15 15:48:09.964,1.47428,1.47449,1.95,1.65
2013.11.15 15:48:10.950,1.47428,1.47445,1.95,1.32
2013.11.15 15:48:11.291,1.47428,1.47447,1.95,1.20
2013.11.15 15:48:11.608,1.47428,1.47445,1.95,1.32
2013.11.15 15:48:13.318,1.47428,1.47446,1.20,1.69
2013.11.15 15:48:22.499,1.47427,1.47446,1.58,1.39
2013.11.15 15:48:23.136,1.47427,1.47444,1.50,1.02
2013.11.15 15:48:30.751,1.47427,1.47446,1.13,1.99
2013.11.15 15:48:30.812,1.47428,1.47446,1.20,1.32
2013.11.15 15:48:36.292,1.47426,1.47446,1.28,2.14
2013.11.15 15:48:36.480,1.47424,1.47443,2.03,1.28
2013.11.15 15:48:38.989,1.47426,1.47443,1.20,1.32
2013.11.15 15:48:40.870,1.47426,1.47446,1.58,1.47
2013.11.15 15:48:41.939,1.47428,1.47447,1.20,1.95
2013.11.15 15:48:43.879,1.47429,1.47449,1.28,1.09
2013.11.15 15:48:44.359,1.47431,1.47449,1.58,1.09
2013.11.15 15:48:45.881,1.47431,1.47449,1.20,2.07
2013.11.15 15:48:46.181,1.47434,1.47452,1.13,1.88
2013.11.15 15:48:46.540,1.47438,1.47453,1.20,1.13
2013.11.15 15:48:46.660,1.47438,1.47454,1.20,1.32
2013.11.15 15:48:47.716,1.47439,1.47453,1.28,1.13
2013.11.15 15:48:47.844,1.47439,1.47456,1.28,1.13
2013.11.15 15:48:48.700,1.47436,1.47457,1.28,3.00
2013.11.15 15:48:49.180,1.47442,1.4746,1.09,1.58
2013.11.15 15:48:49.241,1.47442,1.47461,1.09,1.65
2013.11.15 15:48:49.299,1.47441,1.4746,1.77,1.20
2013.11.15 15:48:49.423,1.47441,1.47457,1.02,1.20
2013.11.15 15:48:49.492,1.47438,1.47457,1.95,2.33
2013.11.15 15:48:49.802,1.47438,1.47455,1.13,1.28
2013.11.15 15:48:50.174,1.47436,1.47454,1.50,1.95
2013.11.15 15:48:52.180,1.47432,1.47453,1.95,1.28
2013.11.15 15:48:54.881,1.47435,1.47454,1.02,2.70
2013.11.15 15:48:56.160,1.47437,1.47455,1.02,1.65
2013.11.15 15:48:56.219,1.47437,1.47456,1.02,1.20
2013.11.15 15:48:56.399,1.47439,1.47457,1.69,2.25
2013.11.15 15:48:58.442,1.47437,1.47456,1.02,1.13
2013.11.15 15:48:58.681,1.47436,1.47455,1.13,1.32
2013.11.15 15:49:00.280,1.47436,1.47453,1.13,1.50
2013.11.15 15:49:01.191,1.47436,1.47453,1.13,1.50
2013.11.15 15:49:01.717,1.47436,1.47454,1.32,3.75
2013.11.15 15:49:07.071,1.47433,1.47454,1.39,1.88
2013.11.15 15:49:07.130,1.47433,1.47454,1.47,1.88
2013.11.15 15:49:07.315,1.47433,1.47446,1.58,1.13
2013.11.15 15:49:07.382,1.47433,1.47446,1.58,1.50
2013.11.15 15:49:07.453,1.47433,1.47446,1.58,1.50
2013.11.15 15:49:07.760,1.47432,1.47449,1.50,1.20
2013.11.15 15:49:08.182,1.47429,1.47449,1.20,2.03
2013.11.15 15:49:09.410,1.4743,1.47448,1.50,1.02
2013.11.15 15:49:09.850,1.4743,1.47448,1.50,1.02
2013.11.15 15:49:09.951,1.4743,1.47448,1.50,1.02
2013.11.15 15:49:10.073,1.47428,1.47448,1.28,1.77
2013.11.15 15:49:10.319,1.47432,1.4745,1.13,1.58
2013.11.15 15:49:10.501,1.47433,1.4745,1.65,1.13
2013.11.15 15:49:10.619,1.47433,1.4745,1.65,1.32
2013.11.15 15:49:10.740,1.47433,1.4745,1.58,2.44
2013.11.15 15:49:14.789,1.47428,1.47447,1.88,1.32
2013.11.15 15:49:15.283,1.47428,1.47447,1.88,1.32
2013.11.15 15:49:15.471,1.47428,1.47446,1.13,1.02
2013.11.15 15:49:16.000,1.47427,1.47446,1.58,1.39
2013.11.15 15:49:16.121,1.47427,1.47444,1.50,1.02
2013.11.15 15:49:16.620,1.47427,1.47442,1.50,2.07
2013.11.15 15:49:16.680,1.47427,1.47437,1.50,1.20
2013.11.15 15:49:17.459,1.47419,1.47436,2.44,1.58
2013.11.15 15:49:18.083,1.47419,1.47435,2.44,1.20
2013.11.15 15:49:28.059,1.47419,1.47436,2.33,1.39
2013.11.15 15:49:28.120,1.47419,1.47436,2.40,1.02
2013.11.15 15:49:29.901,1.47419,1.47436,1.65,1.20
2013.11.15 15:49:30.200,1.47419,1.4744,2.70,2.33
2013.11.15 15:49:30.740,1.47425,1.4744,1.50,1.20
2013.11.15 15:49:30.859,1.47425,1.47441,1.50,1.28
2013.11.15 15:49:31.470,1.47437,1.47445,1.35,1.50
2013.11.15 15:49:31.529,1.47442,1.47452,1.35,1.50
2013.11.15 15:49:31.651,1.47445,1.47458,1.13,1.13
2013.11.15 15:49:31.830,1.47433,1.4745,2.22,1.50
2013.11.15 15:49:32.070,1.47422,1.47441,1.20,2.44
2013.11.15 15:49:32.130,1.47424,1.47441,1.50,2.44
2013.11.15 15:49:32.190,1.47418,1.47437,3.08,1.20
2013.11.15 15:49:32.370,1.47418,1.47435,2.25,1.13
2013.11.15 15:49:32.729,1.47418,1.47432,1.13,1.20
2013.11.15 15:49:34.590,1.47417,1.47432,1.50,1.02
2013.11.15 15:49:36.712,1.47418,1.47437,2.59,1.32
2013.11.15 15:49:36.831,1.47427,1.47438,1.02,1.13
2013.11.15 15:49:37.190,1.47428,1.47438,1.02,1.13
2013.11.15 15:49:41.189,1.47425,1.47444,1.39,1.05
2013.11.15 15:49:41.309,1.47425,1.47444,1.20,1.20
2013.11.15 15:49:44.046,1.47425,1.47443,1.20,1.09
2013.11.15 15:49:44.172,1.47425,1.47441,1.20,1.02
2013.11.15 15:49:44.539,1.47425,1.47443,1.20,1.09
2013.11.15 15:49:47.212,1.47429,1.47444,1.20,1.13
2013.11.15 15:49:47.913,1.47425,1.47443,1.13,2.82
2013.11.15 15:49:47.982,1.47423,1.47438,1.50,1.20
2013.11.15 15:49:48.053,1.47432,1.4744,1.13,1.73
2013.11.15 15:49:48.184,1.47423,1.47438,1.88,1.47
2013.11.15 15:49:48.252,1.47423,1.47431,1.50,1.13
2013.11.15 15:49:48.372,1.47416,1.4743,1.88,1.50
2013.11.15 15:49:48.501,1.47418,1.47429,1.50,1.13
2013.11.15 15:49:48.620,1.47407,1.47428,1.20,1.65
2013.11.15 15:49:48.862,1.47407,1.47426,1.20,1.77
2013.11.15 15:49:52.331,1.47411,1.47426,1.13,2.07
2013.11.15 15:49:52.452,1.47413,1.47429,1.09,1.50
2013.11.15 15:49:52.523,1.47414,1.4743,1.02,1.20
2013.11.15 15:49:52.832,1.47415,1.47435,1.39,2.22
2013.11.15 15:49:54.602,1.47418,1.47435,1.20,2.07
2013.11.15 15:49:56.250,1.47417,1.47436,1.20,2.14
2013.11.15 15:49:58.047,1.47416,1.47435,1.02,1.95
2013.11.15 15:49:58.180,1.47416,1.47433,1.02,1.28
2013.11.15 15:49:59.109,1.47415,1.47433,1.13,1.88
2013.11.15 15:49:59.630,1.47411,1.47433,2.40,2.25
2013.11.15 15:50:00.519,1.47413,1.47433,1.65,1.88
2013.11.15 15:50:01.051,1.47415,1.47435,1.20,1.69
2013.11.15 15:50:01.560,1.47415,1.47433,1.20,1.50
2013.11.15 15:50:02.269,1.47415,1.47433,1.20,1.50
2013.11.15 15:50:05.752,1.47415,1.47432,1.13,1.88
2013.11.15 15:50:06.071,1.47409,1.47418,1.50,7.14
2013.11.15 15:50:06.132,1.47396,1.47406,1.50,1.13
2013.11.15 15:50:06.262,1.47395,1.47404,1.50,1.13
2013.11.15 15:50:06.331,1.47395,1.47405,1.50,1.50
2013.11.15 15:50:06.569,1.47388,1.47408,1.69,3.19
2013.11.15 15:50:06.632,1.47388,1.47406,1.69,1.13
2013.11.15 15:50:06.750,1.47385,1.47404,1.88,1.13
2013.11.15 15:50:07.289,1.47385,1.47402,1.13,1.50
2013.11.15 15:50:08.462,1.47379,1.47399,1.32,1.13
2013.11.15 15:50:08.582,1.47378,1.47399,1.69,1.88
2013.11.15 15:50:08.771,1.47384,1.47402,1.13,1.69
2013.11.15 15:50:09.361,1.47384,1.47403,1.13,1.50
2013.11.15 15:50:10.914,1.47384,1.47403,1.13,1.32
2013.11.15 15:50:12.141,1.47384,1.47401,1.13,1.13
2013.11.15 15:50:12.689,1.47385,1.47401,1.13,1.13
2013.11.15 15:50:12.931,1.47385,1.47402,1.13,1.13
2013.11.15 15:50:13.170,1.47385,1.47402,1.13,1.88
2013.11.15 15:50:13.230,1.47386,1.47402,1.50,1.13
2013.11.15 15:50:14.202,1.47385,1.47405,1.32,1.50
2013.11.15 15:50:14.271,1.47387,1.47405,1.13,1.50
2013.11.15 15:50:16.638,1.47383,1.47397,2.25,1.13
2013.11.15 15:50:16.703,1.47383,1.47397,1.50,1.13
2013.11.15 15:50:17.372,1.47379,1.47398,1.13,1.50
2013.11.15 15:50:17.561,1.47383,1.47404,1.32,1.32
2013.11.15 15:50:17.980,1.47387,1.47406,1.50,1.13
2013.11.15 15:50:18.219,1.47387,1.47406,1.50,1.13
2013.11.15 15:50:18.399,1.47387,1.47406,1.50,1.13
2013.11.15 15:50:19.160,1.47386,1.47404,1.50,1.32
2013.11.15 15:50:19.399,1.47383,1.47398,1.69,1.50
2013.11.15 15:50:19.759,1.47383,1.47399,1.69,1.58
2013.11.15 15:50:19.879,1.47383,1.47403,1.77,1.69
2013.11.15 15:50:19.939,1.47383,1.47403,1.77,1.69
2013.11.15 15:50:20.060,1.47385,1.47403,1.65,1.09
2013.11.15 15:50:20.182,1.47384,1.47397,1.13,1.20
2013.11.15 15:50:20.250,1.47383,1.47397,1.69,1.20
2013.11.15 15:50:20.310,1.47381,1.47397,1.77,1.20
2013.11.15 15:50:20.816,1.47383,1.47401,1.65,1.28
2013.11.15 15:50:21.841,1.47381,1.47399,1.65,1.39
2013.11.15 15:50:22.140,1.47379,1.47397,1.28,1.58
2013.11.15 15:50:22.710,1.47374,1.4739,1.65,1.50
2013.11.15 15:50:22.779,1.47373,1.4739,1.50,1.28
2013.11.15 15:50:22.914,1.47369,1.47388,2.33,1.02
2013.11.15 15:50:23.100,1.47368,1.47387,2.03,1.84
2013.11.15 15:50:25.582,1.47367,1.47386,1.28,1.09
2013.11.15 15:50:25.939,1.47364,1.47381,1.20,1.28
2013.11.15 15:50:26.900,1.47363,1.4738,1.13,1.20
2013.11.15 15:50:28.183,1.47361,1.47377,1.20,1.02
2013.11.15 15:50:28.370,1.47361,1.47382,1.28,2.33
2013.11.15 15:50:28.991,1.47361,1.47382,1.28,3.08
2013.11.15 15:50:30.421,1.47361,1.47382,1.28,1.58
2013.11.15 15:50:30.901,1.47365,1.47385,2.03,1.58
2013.11.15 15:50:31.212,1.47365,1.47385,2.03,1.58
2013.11.15 15:50:31.751,1.47366,1.47386,1.39,1.09
2013.11.15 15:50:32.479,1.47366,1.47383,1.39,1.13
2013.11.15 15:50:32.721,1.47366,1.47387,1.39,2.22
2013.11.15 15:50:35.691,1.47366,1.47383,1.02,1.28
2013.11.15 15:50:39.092,1.47363,1.47382,1.65,1.09
2013.11.15 15:50:39.402,1.47362,1.4738,1.84,1.20
2013.11.15 15:50:39.471,1.47362,1.47379,1.09,1.13
2013.11.15 15:50:39.532,1.47363,1.47383,1.28,1.02
2013.11.15 15:50:39.721,1.47366,1.47384,1.20,1.32
2013.11.15 15:50:40.081,1.47368,1.47388,1.58,1.20
2013.11.15 15:50:41.612,1.47362,1.47382,2.70,1.28
2013.11.15 15:50:43.160,1.47366,1.47384,1.65,1.20
2013.11.15 15:50:53.210,1.47365,1.47382,1.95,1.13
2013.11.15 15:50:54.210,1.47368,1.47382,1.20,1.13
2013.11.15 15:50:54.749,1.47369,1.47387,1.20,2.25
2013.11.15 15:50:55.620,1.47368,1.47387,1.50,2.25
2013.11.15 15:50:58.430,1.47368,1.47387,1.50,2.63
2013.11.15 15:50:58.609,1.47368,1.47383,1.65,1.13
2013.11.15 15:50:58.790,1.47368,1.47383,1.95,1.13
2013.11.15 15:50:59.107,1.47368,1.47385,4.88,1.13
2013.11.15 15:51:00.422,1.47372,1.47389,1.58,1.32
2013.11.15 15:51:00.551,1.47373,1.47391,1.20,1.32
2013.11.15 15:51:00.913,1.47376,1.47392,1.50,1.88
2013.11.15 15:51:01.220,1.47376,1.47392,1.88,1.88
2013.11.15 15:51:02.550,1.47376,1.47392,1.65,1.13
2013.11.15 15:51:03.484,1.47376,1.47394,1.58,1.39
2013.11.15 15:51:03.554,1.47377,1.47396,1.58,1.77
2013.11.15 15:51:04.440,1.47378,1.47397,1.20,2.25
2013.11.15 15:51:05.104,1.47378,1.47397,1.50,2.25
2013.11.15 15:51:07.461,1.47379,1.47395,1.20,1.32
2013.11.15 15:51:07.700,1.47375,1.47393,2.70,1.13
2013.11.15 15:51:07.820,1.47375,1.47395,1.95,1.32
2013.11.15 15:51:07.939,1.47375,1.47395,1.95,1.69
2013.11.15 15:51:08.240,1.47374,1.47392,1.39,1.88
2013.11.15 15:51:09.380,1.47374,1.4739,1.20,1.13
2013.11.15 15:51:09.500,1.47373,1.4739,1.65,1.20
2013.11.15 15:51:10.622,1.47373,1.4739,1.95,1.20
2013.11.15 15:51:10.684,1.47375,1.47393,1.65,1.95
2013.11.15 15:51:10.990,1.47378,1.47397,1.50,4.13
2013.11.15 15:51:11.840,1.47381,1.47397,1.20,1.13
2013.11.15 15:51:12.621,1.47383,1.47397,1.20,1.13
2013.11.15 15:51:13.671,1.4738,1.47397,1.20,1.13
2013.11.15 15:51:13.730,1.47379,1.47397,1.20,1.50
2013.11.15 15:51:13.971,1.47378,1.47393,1.13,1.13
2013.11.15 15:51:14.032,1.47376,1.47393,1.50,1.50
2013.11.15 15:51:14.151,1.47373,1.47392,1.77,1.58
2013.11.15 15:51:14.400,1.47373,1.47387,1.58,1.13
2013.11.15 15:51:14.580,1.47371,1.47387,1.50,1.65
2013.11.15 15:51:18.850,1.47369,1.47387,1.20,1.47
2013.11.15 15:51:19.459,1.47369,1.47387,1.20,2.40
2013.11.15 15:51:19.830,1.47368,1.47384,2.03,1.50
2013.11.15 15:51:20.079,1.47368,1.47384,2.33,1.13
2013.11.15 15:51:20.202,1.47369,1.47387,1.58,1.69
2013.11.15 15:51:20.401,1.4737,1.4739,1.65,2.78
2013.11.15 15:51:20.702,1.47373,1.47388,1.65,1.50
2013.11.15 15:51:21.260,1.47373,1.47387,1.65,1.32
2013.11.15 15:51:21.382,1.47368,1.4738,1.50,1.13
2013.11.15 15:51:21.571,1.47364,1.47382,1.65,1.65
2013.11.15 15:51:22.110,1.47363,1.47382,1.58,2.70
2013.11.15 15:51:22.710,1.4736,1.47377,1.20,1.28
2013.11.15 15:51:23.360,1.47358,1.47377,1.65,2.78
2013.11.15 15:51:23.640,1.4736,1.47377,1.58,2.03
2013.11.15 15:51:25.141,1.47358,1.47377,1.65,1.65
2013.11.15 15:51:25.200,1.47358,1.47377,1.65,1.47
2013.11.15 15:51:25.379,1.47358,1.47373,1.65,1.13
2013.11.15 15:51:25.560,1.47357,1.47373,1.50,1.65
2013.11.15 15:51:26.350,1.47356,1.47373,1.02,1.65
2013.11.15 15:51:26.410,1.47354,1.47372,2.03,1.20
2013.11.15 15:51:28.050,1.47354,1.47372,1.28,1.58
2013.11.15 15:51:33.603,1.47354,1.4737,2.03,1.50
2013.11.15 15:51:34.218,1.47354,1.47373,2.03,1.28
2013.11.15 15:51:39.319,1.47356,1.47373,1.13,1.20
2013.11.15 15:51:44.843,1.47355,1.47373,1.28,1.65
2013.11.15 15:51:45.151,1.47352,1.4737,1.95,1.32
2013.11.15 15:51:46.470,1.47352,1.47369,1.95,1.13
2013.11.15 15:51:47.120,1.4735,1.47368,1.20,1.13
2013.11.15 15:51:47.641,1.47352,1.47369,1.65,1.20
2013.11.15 15:51:47.880,1.47352,1.47369,1.65,1.20
2013.11.15 15:51:51.890,1.4735,1.47367,1.20,1.13
2013.11.15 15:51:52.440,1.47351,1.47365,1.20,1.09
2013.11.15 15:51:53.011,1.4735,1.47365,1.20,1.09
2013.11.15 15:51:54.922,1.47348,1.47364,1.65,1.09
2013.11.15 15:51:55.161,1.47348,1.47363,1.50,1.28
2013.11.15 15:51:55.400,1.47348,1.47364,1.50,1.24
2013.11.15 15:51:55.700,1.47348,1.47363,1.50,1.28
2013.11.15 15:51:56.359,1.47348,1.47365,1.50,2.48
2013.11.15 15:51:57.463,1.47348,1.47363,1.50,1.20
2013.11.15 15:51:57.890,1.47348,1.47362,1.50,1.13
2013.11.15 15:51:57.951,1.47348,1.47364,1.50,2.03
2013.11.15 15:51:58.191,1.47348,1.4736,1.50,1.13
2013.11.15 15:51:58.250,1.47348,1.47362,1.50,2.29
2013.11.15 15:51:58.490,1.47344,1.47362,1.69,1.20
2013.11.15 15:52:00.621,1.47344,1.47362,1.50,1.20
2013.11.15 15:52:00.680,1.47344,1.47357,1.50,1.09
2013.11.15 15:52:01.219,1.4734,1.47357,1.65,1.69
2013.11.15 15:52:01.400,1.4734,1.47359,1.65,1.47
2013.11.15 15:52:02.260,1.47345,1.47362,1.02,1.28
2013.11.15 15:52:02.320,1.47344,1.47361,1.69,1.13
2013.11.15 15:52:02.771,1.47341,1.47361,1.95,1.13
2013.11.15 15:52:02.950,1.47343,1.47362,1.09,2.40
2013.11.15 15:52:03.069,1.47341,1.47361,1.95,1.50
2013.11.15 15:52:03.592,1.47343,1.47362,1.09,2.40
2013.11.15 15:52:04.152,1.47343,1.47362,1.09,2.03
2013.11.15 15:52:12.290,1.47342,1.47362,1.20,1.84
2013.11.15 15:52:13.582,1.47343,1.47362,2.03,1.47
2013.11.15 15:52:13.890,1.4734,1.47358,1.65,1.95
2013.11.15 15:52:20.871,1.4734,1.47357,1.50,1.47
2013.11.15 15:52:21.170,1.47338,1.47357,2.78,1.47
2013.11.15 15:52:21.530,1.4734,1.47357,1.50,1.09
2013.11.15 15:52:24.511,1.47343,1.4736,1.02,1.65
2013.11.15 15:52:24.632,1.47345,1.47362,1.09,2.63
2013.11.15 15:52:24.700,1.47345,1.47362,1.84,1.88
2013.11.15 15:52:26.240,1.47348,1.47363,1.50,1.28
2013.11.15 15:52:26.723,1.47346,1.47363,1.13,1.13
2013.11.15 15:52:26.854,1.47346,1.47363,1.88,1.58
2013.11.15 15:52:26.921,1.47344,1.47357,1.88,1.20
2013.11.15 15:52:27.225,1.47344,1.47359,1.84,1.13
2013.11.15 15:52:27.294,1.47344,1.47357,2.03,1.50
2013.11.15 15:52:28.030,1.47344,1.47357,1.50,1.58
2013.11.15 15:52:28.210,1.47339,1.47357,2.44,1.58
2013.11.15 15:52:28.950,1.4734,1.47357,1.09,1.20
2013.11.15 15:52:29.259,1.47339,1.47355,4.32,1.13
2013.11.15 15:52:29.439,1.47339,1.47355,3.19,1.13
2013.11.15 15:52:29.499,1.4734,1.47355,2.82,1.13
2013.11.15 15:52:30.040,1.47342,1.47357,1.50,1.13
2013.11.15 15:52:30.340,1.47348,1.4736,1.65,1.32
2013.11.15 15:52:30.911,1.47345,1.47357,1.50,1.13
2013.11.15 15:52:32.450,1.47345,1.4736,1.20,1.69
2013.11.15 15:52:32.510,1.47342,1.4736,1.20,1.69
2013.11.15 15:52:33.401,1.47342,1.47357,1.20,1.13
2013.11.15 15:52:33.640,1.4734,1.47357,1.20,1.13
2013.11.15 15:52:34.090,1.47343,1.47359,1.65,1.58
2013.11.15 15:52:34.150,1.47342,1.47357,1.20,1.13
2013.11.15 15:52:34.655,1.4734,1.47357,1.50,1.13
2013.11.15 15:52:35.000,1.4734,1.47357,1.20,1.13
2013.11.15 15:52:36.120,1.4734,1.47357,1.20,1.13
2013.11.15 15:52:36.350,1.4734,1.4736,1.50,1.32
2013.11.15 15:52:36.948,1.47343,1.47362,1.20,3.08
2013.11.15 15:52:41.224,1.47343,1.47362,1.20,2.14
2013.11.15 15:52:43.703,1.47343,1.47362,1.20,2.14
2013.11.15 15:52:44.014,1.47344,1.47355,1.50,1.13
2013.11.15 15:52:44.142,1.47344,1.47357,1.50,1.50
2013.11.15 15:52:44.392,1.47344,1.47359,1.50,1.02
2013.11.15 15:52:44.749,1.4734,1.47358,1.20,1.88
2013.11.15 15:52:45.050,1.47336,1.47356,2.33,1.50
2013.11.15 15:52:45.651,1.47336,1.47355,1.58,1.20
2013.11.15 15:52:46.180,1.47336,1.47352,1.58,1.39
2013.11.15 15:52:46.600,1.47336,1.47354,1.58,1.28
2013.11.15 15:52:46.720,1.47336,1.47352,1.58,1.39
2013.11.15 15:52:46.899,1.47336,1.47352,1.58,1.77
2013.11.15 15:52:48.588,1.47336,1.47351,1.58,1.13
2013.11.15 15:52:50.630,1.47336,1.47352,1.13,1.13
2013.11.15 15:52:51.730,1.47336,1.47355,2.33,1.39
2013.11.15 15:52:51.850,1.47336,1.47357,2.33,2.22
2013.11.15 15:52:52.271,1.47336,1.47356,2.03,1.02
2013.11.15 15:52:52.512,1.47336,1.47356,2.03,1.02
2013.11.15 15:52:52.631,1.47335,1.47354,2.40,1.09
2013.11.15 15:52:52.691,1.47335,1.47352,2.25,1.20
2013.11.15 15:52:53.050,1.47332,1.47349,1.88,1.50
2013.11.15 15:52:53.560,1.47327,1.47347,1.58,2.25
2013.11.15 15:52:53.910,1.47326,1.47347,1.50,2.25
2013.11.15 15:52:55.343,1.47326,1.47344,1.50,1.77
2013.11.15 15:52:55.911,1.47326,1.47344,1.50,1.77
2013.11.15 15:52:58.230,1.47326,1.47344,1.65,1.47
2013.11.15 15:52:58.350,1.47327,1.47344,1.58,1.47
2013.11.15 15:52:58.651,1.47329,1.47343,1.50,1.20
2013.11.15 15:52:59.150,1.47325,1.47341,1.50,2.03
2013.11.15 15:52:59.655,1.47323,1.47341,1.09,2.78
2013.11.15 15:52:59.726,1.47323,1.4734,1.09,1.58
2013.11.15 15:53:00.210,1.47321,1.4734,1.58,2.14
2013.11.15 15:53:00.509,1.47321,1.4734,2.33,2.14
2013.11.15 15:53:00.920,1.4732,1.47335,1.47,1.13
2013.11.15 15:53:01.863,1.47318,1.47334,1.20,1.13
2013.11.15 15:53:03.380,1.47314,1.47333,2.63,1.32
2013.11.15 15:53:03.440,1.47316,1.47336,1.09,1.84
2013.11.15 15:53:04.130,1.47318,1.47336,1.58,1.84
2013.11.15 15:53:07.112,1.47318,1.47336,1.58,2.03
2013.11.15 15:53:07.383,1.47314,1.47332,2.03,1.09
2013.11.15 15:53:08.490,1.47314,1.47332,2.03,1.09
2013.11.15 15:53:08.791,1.47314,1.47332,2.03,1.28
2013.11.15 15:53:12.120,1.47315,1.47333,1.20,1.69
2013.11.15 15:53:12.240,1.47314,1.47333,2.33,1.32
2013.11.15 15:53:12.420,1.47314,1.47333,2.33,1.02
2013.11.15 15:53:12.600,1.47318,1.47334,1.50,2.14
2013.11.15 15:53:12.961,1.47322,1.47339,1.58,1.65
2013.11.15 15:53:13.821,1.47323,1.47339,1.84,1.13
2013.11.15 15:53:13.940,1.47323,1.47343,1.84,2.14
2013.11.15 15:53:14.360,1.47324,1.47343,1.20,1.77
2013.11.15 15:53:15.650,1.47324,1.47343,1.20,1.02
2013.11.15 15:53:15.711,1.47326,1.47343,1.20,1.77
2013.11.15 15:53:16.071,1.47328,1.47343,1.95,1.69
2013.11.15 15:53:16.431,1.47328,1.47347,1.95,2.33
2013.11.15 15:53:17.159,1.47328,1.47347,1.95,2.14
2013.11.15 15:53:17.591,1.47328,1.47347,1.95,1.02
2013.11.15 15:53:17.950,1.47331,1.47347,1.95,1.69
2013.11.15 15:53:19.431,1.47328,1.47347,1.95,1.77
2013.11.15 15:53:22.271,1.4733,1.47347,1.65,1.77
2013.11.15 15:53:23.679,1.4733,1.47347,1.58,1.77
2013.11.15 15:53:24.660,1.4733,1.47348,1.69,1.20
2013.11.15 15:53:24.839,1.47332,1.47351,1.58,2.14
2013.11.15 15:53:24.899,1.47332,1.47351,1.58,2.89
2013.11.15 15:53:25.400,1.47331,1.47348,1.39,1.13
2013.11.15 15:53:33.089,1.4733,1.47348,2.03,1.39
2013.11.15 15:53:33.211,1.47332,1.47348,1.20,1.32
2013.11.15 15:53:33.390,1.4733,1.47347,2.03,1.02
2013.11.15 15:53:33.891,1.4733,1.4735,2.03,1.20
2013.11.15 15:53:34.195,1.47335,1.47351,1.13,1.20
2013.11.15 15:53:36.420,1.47337,1.47354,1.50,2.25
2013.11.15 15:53:36.560,1.47337,1.47353,1.50,1.13
2013.11.15 15:53:37.155,1.47337,1.47353,1.50,1.13
2013.11.15 15:53:39.821,1.47337,1.47353,1.50,1.13
2013.11.15 15:53:43.494,1.47337,1.47352,1.88,1.20
2013.11.15 15:53:43.683,1.47338,1.47354,1.77,1.20
2013.11.15 15:53:43.753,1.47338,1.47357,2.89,1.20
2013.11.15 15:53:44.003,1.47342,1.47358,1.13,1.20
2013.11.15 15:53:44.070,1.47343,1.47359,1.50,1.28
2013.11.15 15:53:45.890,1.47343,1.47357,1.50,1.13
2013.11.15 15:53:46.200,1.47336,1.47355,1.13,1.50
2013.11.15 15:53:46.941,1.47335,1.47354,1.88,1.13
2013.11.15 15:53:47.451,1.47335,1.47351,1.13,2.82
2013.11.15 15:53:47.810,1.47329,1.47348,1.69,1.50
2013.11.15 15:53:52.430,1.47329,1.47345,1.20,1.09
2013.11.15 15:53:52.901,1.47329,1.47345,1.20,1.02
2013.11.15 15:53:53.841,1.47329,1.47347,1.58,2.44
2013.11.15 15:53:53.900,1.47329,1.47347,1.58,1.69
2013.11.15 15:53:54.539,1.47332,1.47351,1.20,1.39
2013.11.15 15:53:54.785,1.47332,1.47351,1.20,1.39
2013.11.15 15:53:55.032,1.47332,1.47351,1.20,1.39
2013.11.15 15:53:55.658,1.47331,1.47351,1.65,1.77
2013.11.15 15:53:56.780,1.47332,1.47351,1.20,1.39
2013.11.15 15:53:58.671,1.47332,1.47351,1.20,1.20
2013.11.15 15:53:59.392,1.47332,1.47349,1.58,1.09
2013.11.15 15:54:00.201,1.47333,1.47353,1.09,1.39
2013.11.15 15:54:00.601,1.47335,1.47353,1.50,1.39
2013.11.15 15:54:01.030,1.47335,1.4735,1.50,1.28
2013.11.15 15:54:01.330,1.47328,1.47346,1.58,2.03
2013.11.15 15:54:01.510,1.47326,1.47346,2.03,2.03
2013.11.15 15:54:02.061,1.47326,1.47345,1.88,1.50
2013.11.15 15:54:05.461,1.47323,1.47341,1.50,1.95
2013.11.15 15:54:06.870,1.47323,1.47342,1.50,2.07
2013.11.15 15:54:07.991,1.47323,1.47339,1.50,1.28
2013.11.15 15:54:08.594,1.47323,1.47339,1.50,1.09
2013.11.15 15:54:09.126,1.47323,1.47339,1.50,1.47
2013.11.15 15:54:09.621,1.47323,1.47339,1.50,1.09
2013.11.15 15:54:09.803,1.47323,1.47339,1.50,1.09
2013.11.15 15:54:10.880,1.47323,1.47338,1.50,1.77
2013.11.15 15:54:11.059,1.47323,1.47337,1.50,1.50
2013.11.15 15:54:11.181,1.47323,1.47337,1.50,1.69
2013.11.15 15:54:12.647,1.47323,1.47338,1.58,1.39
2013.11.15 15:54:12.711,1.47324,1.47338,1.02,1.13
2013.11.15 15:54:12.770,1.47324,1.4734,1.39,1.13
2013.11.15 15:54:12.950,1.47324,1.47341,1.02,1.28
2013.11.15 15:54:13.130,1.47322,1.4734,1.65,1.58
2013.11.15 15:54:13.190,1.47323,1.47337,1.58,1.50
2013.11.15 15:54:13.312,1.47318,1.47333,2.33,1.50
2013.11.15 15:54:14.000,1.47318,1.47333,1.65,1.50
2013.11.15 15:54:14.571,1.47318,1.47333,1.65,1.50
2013.11.15 15:54:16.830,1.4732,1.47336,1.58,1.13
2013.11.15 15:54:16.952,1.47318,1.47333,1.65,1.13
2013.11.15 15:54:17.070,1.4732,1.47333,1.20,1.13
2013.11.15 15:54:17.371,1.47322,1.47336,1.20,1.13
2013.11.15 15:54:17.430,1.47323,1.47339,1.09,1.13
2013.11.15 15:54:17.863,1.47323,1.47341,1.02,3.53
2013.11.15 15:54:20.660,1.4732,1.47341,1.20,2.22
2013.11.15 15:54:22.092,1.4732,1.47339,1.20,1.58
2013.11.15 15:54:22.212,1.4732,1.47336,1.20,1.32
2013.11.15 15:54:23.122,1.47319,1.47334,1.65,1.69
2013.11.15 15:54:23.615,1.47325,1.47341,1.02,1.20
2013.11.15 15:54:23.874,1.47325,1.47341,1.02,1.20
2013.11.15 15:54:25.311,1.47325,1.47341,1.02,1.58
2013.11.15 15:54:28.152,1.47323,1.47341,1.65,1.95
2013.11.15 15:54:28.270,1.47323,1.4734,1.65,1.32
2013.11.15 15:54:31.060,1.47323,1.47339,1.50,1.09
2013.11.15 15:54:31.456,1.4732,1.47337,1.50,1.09
2013.11.15 15:54:31.530,1.47318,1.47337,1.65,1.84
2013.11.15 15:54:31.596,1.47317,1.47334,1.84,1.13
2013.11.15 15:54:31.913,1.47317,1.47335,1.84,1.20
2013.11.15 15:54:31.980,1.47317,1.47337,1.84,1.09
2013.11.15 15:54:33.676,1.47317,1.47336,1.84,1.28
2013.11.15 15:54:38.172,1.47317,1.47335,1.65,1.02
2013.11.15 15:54:40.150,1.47321,1.47337,1.20,1.13
2013.11.15 15:54:40.510,1.47322,1.47339,1.20,1.13
2013.11.15 15:54:45.091,1.47322,1.47343,1.95,2.03
2013.11.15 15:54:56.192,1.47322,1.4734,1.50,1.39
2013.11.15 15:54:56.253,1.47322,1.4734,1.50,1.58
2013.11.15 15:54:57.791,1.47318,1.47336,2.78,1.09
2013.11.15 15:55:01.120,1.47322,1.4734,1.20,1.09
2013.11.15 15:55:01.300,1.47323,1.47342,1.20,2.33
2013.11.15 15:55:01.611,1.47323,1.47344,1.95,2.03
2013.11.15 15:55:01.973,1.47327,1.47344,1.20,1.88
2013.11.15 15:55:02.400,1.47327,1.47344,1.20,1.69
2013.11.15 15:55:03.050,1.47328,1.47345,1.50,1.32
2013.11.15 15:55:04.041,1.47328,1.47346,1.50,1.50
2013.11.15 15:55:04.104,1.47333,1.47347,1.02,1.50
2013.11.15 15:55:04.173,1.47335,1.47347,1.09,1.50
2013.11.15 15:55:04.541,1.47338,1.4735,1.95,1.13
2013.11.15 15:55:04.600,1.47338,1.47357,1.95,1.77
2013.11.15 15:55:06.460,1.47341,1.47357,1.13,1.50
2013.11.15 15:55:07.228,1.4734,1.47357,1.65,1.50
2013.11.15 15:55:12.350,1.47343,1.47357,1.50,1.50
2013.11.15 15:55:12.600,1.47342,1.47357,1.58,1.13
2013.11.15 15:55:21.120,1.47343,1.47357,1.50,1.13
2013.11.15 15:55:21.430,1.47348,1.47362,1.13,1.95
2013.11.15 15:55:22.130,1.47348,1.47362,1.13,2.25
2013.11.15 15:55:22.503,1.47348,1.4736,1.13,1.20
2013.11.15 15:55:23.918,1.47345,1.4736,1.50,1.39
2013.11.15 15:55:24.506,1.47343,1.47359,1.50,1.09
2013.11.15 15:55:27.420,1.47345,1.4736,1.50,1.02
2013.11.15 15:55:27.480,1.47343,1.4736,2.25,1.39
2013.11.15 15:55:27.900,1.47344,1.4736,1.50,1.39
2013.11.15 15:55:28.080,1.47338,1.47354,2.82,1.28
2013.11.15 15:55:28.140,1.4734,1.47356,1.50,1.58
2013.11.15 15:55:28.440,1.47343,1.47359,1.50,2.14
2013.11.15 15:55:28.980,1.47341,1.47361,1.58,1.02
2013.11.15 15:55:29.040,1.47341,1.47362,1.95,2.40
2013.11.15 15:55:29.821,1.47343,1.47362,1.65,1.65
2013.11.15 15:55:29.881,1.47342,1.4736,1.65,1.39
2013.11.15 15:55:30.601,1.47341,1.4736,1.20,1.02
2013.11.15 15:55:30.972,1.47342,1.4736,1.58,1.32
2013.11.15 15:55:32.591,1.47342,1.47356,1.50,1.13
2013.11.15 15:55:32.653,1.47342,1.47356,1.50,1.50
2013.11.15 15:55:32.722,1.47342,1.47355,1.50,1.20
2013.11.15 15:55:33.080,1.47337,1.47355,1.50,1.58
2013.11.15 15:55:33.560,1.47337,1.47355,1.50,1.58
2013.11.15 15:55:34.041,1.47337,1.47356,1.95,1.58
2013.11.15 15:55:34.101,1.47337,1.47354,1.50,1.20
2013.11.15 15:55:34.161,1.47336,1.47352,1.13,1.28
2013.11.15 15:55:34.462,1.47331,1.47348,1.65,1.20
2013.11.15 15:55:43.431,1.4733,1.47347,1.50,1.02
2013.11.15 15:55:43.791,1.47322,1.47341,2.78,1.28
2013.11.15 15:55:45.011,1.47322,1.47341,2.03,1.28
2013.11.15 15:55:48.691,1.47322,1.47339,1.65,1.39
2013.11.15 15:55:49.421,1.47322,1.47339,1.65,1.39
2013.11.15 15:55:49.730,1.47322,1.47339,1.65,1.39
2013.11.15 15:55:51.311,1.47322,1.47337,1.65,2.25
2013.11.15 15:55:51.670,1.4732,1.4734,1.20,2.03
2013.11.15 15:55:52.440,1.4732,1.4734,1.20,2.03
2013.11.15 15:55:54.863,1.4732,1.4734,1.20,2.03
2013.11.15 15:55:55.623,1.4732,1.47339,1.20,1.02
2013.11.15 15:55:55.990,1.47321,1.4734,1.50,2.25
2013.11.15 15:55:56.232,1.47321,1.4734,1.50,2.25
2013.11.15 15:55:56.771,1.47324,1.47342,1.58,1.13
2013.11.15 15:55:57.301,1.47323,1.47342,1.65,1.77
2013.11.15 15:55:57.720,1.47324,1.47343,1.65,1.09
2013.11.15 15:55:58.200,1.47331,1.47347,1.50,1.09
2013.11.15 15:55:58.740,1.47331,1.47348,1.50,1.02
2013.11.15 15:55:59.286,1.47331,1.47347,1.50,1.02
2013.11.15 15:56:01.371,1.47328,1.47347,1.58,1.77
2013.11.15 15:56:01.430,1.47328,1.47347,1.58,1.77
2013.11.15 15:56:02.200,1.47327,1.47347,1.84,2.14
2013.11.15 15:56:02.501,1.47327,1.47344,1.65,2.33
2013.11.15 15:56:03.513,1.47327,1.47344,1.65,2.14
2013.11.15 15:56:08.390,1.47323,1.47342,2.40,1.47
2013.11.15 15:56:08.754,1.47323,1.47342,2.40,1.47
2013.11.15 15:56:09.181,1.47323,1.47342,2.40,1.84
2013.11.15 15:56:10.365,1.47323,1.47336,1.58,1.13
2013.11.15 15:56:10.550,1.47323,1.47336,1.50,1.13
2013.11.15 15:56:11.152,1.47319,1.47338,2.07,1.13
2013.11.15 15:56:16.943,1.47323,1.47337,1.50,1.02
2013.11.15 15:56:18.142,1.47323,1.47338,1.50,1.20
2013.11.15 15:56:18.731,1.47323,1.4734,1.65,1.39
2013.11.15 15:56:19.261,1.47325,1.4734,1.20,1.32
2013.11.15 15:56:21.000,1.47328,1.47339,1.58,1.50
2013.11.15 15:56:21.316,1.47329,1.47342,1.20,1.69
2013.11.15 15:56:21.631,1.47329,1.47342,1.20,1.69
2013.11.15 15:56:22.228,1.47329,1.47342,1.20,1.32
2013.11.15 15:56:22.795,1.47329,1.47342,1.20,1.13
2013.11.15 15:56:24.351,1.47328,1.47342,1.65,1.13
2013.11.15 15:56:27.351,1.4733,1.47342,1.20,1.13
2013.11.15 15:56:27.710,1.47339,1.47355,1.50,1.20
2013.11.15 15:56:27.950,1.47336,1.47351,1.02,1.13
2013.11.15 15:56:29.462,1.47336,1.47351,1.20,2.25
2013.11.15 15:56:29.581,1.47339,1.47352,1.50,1.50
2013.11.15 15:56:30.120,1.47334,1.47351,2.03,1.50
2013.11.15 15:56:33.203,1.47338,1.47352,1.50,1.09
2013.11.15 15:56:33.764,1.47337,1.47352,1.20,1.69
2013.11.15 15:56:35.110,1.47338,1.47353,1.28,1.13
2013.11.15 15:56:35.293,1.47344,1.47362,2.52,2.03
2013.11.15 15:56:36.202,1.47344,1.47357,1.77,1.13
2013.11.15 15:56:36.610,1.47341,1.47355,1.20,1.13
2013.11.15 15:56:38.116,1.47338,1.47355,1.20,1.13
2013.11.15 15:56:38.842,1.47338,1.47354,1.65,1.13
2013.11.15 15:56:39.462,1.47343,1.47356,1.65,1.32
2013.11.15 15:56:39.591,1.47344,1.47357,1.50,1.32
2013.11.15 15:56:40.550,1.47343,1.47358,1.65,1.13
2013.11.15 15:56:40.860,1.47344,1.4736,1.50,1.32
2013.11.15 15:56:48.791,1.47343,1.47357,1.65,1.13
2013.11.15 15:56:51.810,1.47343,1.47358,1.65,1.13
2013.11.15 15:56:56.192,1.47342,1.47358,1.95,1.13
2013.11.15 15:56:56.431,1.47343,1.47358,1.65,1.13
2013.11.15 15:56:56.671,1.47344,1.47358,1.20,1.13
2013.11.15 15:56:58.670,1.47344,1.47359,1.39,1.13
2013.11.15 15:57:00.231,1.47344,1.47359,2.14,1.13
2013.11.15 15:57:02.330,1.47347,1.47359,1.20,1.13
2013.11.15 15:57:02.391,1.47348,1.47362,1.58,1.13
2013.11.15 15:57:02.575,1.4735,1.47362,1.20,1.13
2013.11.15 15:57:02.916,1.47351,1.47363,1.20,1.13
2013.11.15 15:57:03.890,1.47353,1.47368,1.65,1.32
2013.11.15 15:57:07.911,1.47354,1.47367,1.20,1.13
2013.11.15 15:57:11.111,1.47358,1.4737,1.77,1.13
2013.11.15 15:57:11.231,1.47358,1.47372,2.14,2.25
2013.11.15 15:57:11.750,1.4736,1.47372,1.20,1.13
2013.11.15 15:57:12.217,1.4736,1.47372,1.20,1.13
2013.11.15 15:57:15.614,1.4736,1.47371,1.88,1.20
2013.11.15 15:57:15.741,1.47359,1.47367,1.50,1.13
2013.11.15 15:57:15.801,1.47359,1.47367,1.50,1.13
2013.11.15 15:57:17.971,1.47354,1.4737,1.95,1.13
2013.11.15 15:57:19.990,1.4736,1.47373,1.50,1.39
2013.11.15 15:57:20.170,1.47358,1.47372,1.65,1.32
2013.11.15 15:57:22.630,1.47358,1.47372,1.95,1.13
2013.11.15 15:57:23.141,1.47359,1.47372,1.20,1.13
2013.11.15 15:57:37.284,1.47354,1.4737,2.63,1.13
2013.11.15 15:57:37.350,1.47353,1.4737,2.63,1.13
2013.11.15 15:57:37.791,1.47353,1.4737,2.63,1.13
2013.11.15 15:57:43.250,1.47353,1.47367,1.88,1.50
2013.11.15 15:57:43.311,1.47353,1.47365,1.58,1.50
2013.11.15 15:57:43.434,1.47352,1.47365,1.65,1.50
2013.11.15 15:57:45.320,1.47351,1.47363,1.39,1.50
2013.11.15 15:57:45.620,1.47348,1.47362,2.25,1.50
2013.11.15 15:57:45.680,1.47348,1.47362,1.95,1.50
2013.11.15 15:57:52.481,1.47349,1.47363,1.20,1.13
2013.11.15 15:57:52.851,1.47353,1.47367,1.50,1.02
2013.11.15 15:57:52.970,1.47351,1.47367,1.58,1.02
2013.11.15 15:57:53.632,1.47348,1.47362,1.58,1.50
2013.11.15 15:57:53.750,1.47347,1.47362,1.84,1.88
2013.11.15 15:57:54.111,1.47348,1.47362,1.20,1.88
2013.11.15 15:57:54.420,1.47354,1.47364,1.50,1.50
2013.11.15 15:57:55.212,1.47345,1.47361,1.65,1.13
2013.11.15 15:57:55.330,1.47344,1.47361,1.58,1.13
2013.11.15 15:57:55.570,1.47344,1.47358,1.20,1.32
2013.11.15 15:57:55.874,1.47338,1.47357,1.77,1.58
2013.11.15 15:57:56.302,1.47338,1.47357,1.77,1.58
2013.11.15 15:58:00.163,1.4734,1.47355,1.65,1.32
2013.11.15 15:58:00.411,1.4734,1.47357,1.65,1.02
2013.11.15 15:58:02.922,1.47343,1.47358,1.65,1.69
2013.11.15 15:58:03.844,1.4734,1.47358,1.20,1.32
2013.11.15 15:58:05.116,1.47341,1.4736,1.28,2.40
2013.11.15 15:58:05.483,1.47348,1.4736,1.20,1.13
2013.11.15 15:58:06.034,1.47351,1.47365,1.95,1.95
2013.11.15 15:58:06.102,1.47351,1.47365,1.95,1.50
2013.11.15 15:58:06.222,1.47353,1.47366,1.50,1.13
2013.11.15 15:58:06.912,1.47354,1.47366,1.20,1.13
2013.11.15 15:58:07.961,1.47353,1.47366,2.07,1.13
2013.11.15 15:58:08.320,1.47353,1.47366,3.94,1.13
2013.11.15 15:58:08.381,1.47352,1.47366,1.13,1.13
2013.11.15 15:58:09.186,1.47353,1.47366,1.20,1.13
2013.11.15 15:58:10.211,1.47349,1.47365,1.20,1.32
2013.11.15 15:58:14.312,1.4735,1.47365,1.77,1.13
2013.11.15 15:58:14.781,1.4735,1.47365,1.77,1.95
2013.11.15 15:58:14.904,1.47349,1.47362,1.50,1.20
2013.11.15 15:58:14.971,1.47345,1.47362,1.02,1.28
2013.11.15 15:58:15.093,1.47344,1.47357,1.09,1.50
2013.11.15 15:58:15.161,1.47343,1.47351,1.58,1.13
2013.11.15 15:58:15.679,1.47338,1.47351,1.28,1.13
2013.11.15 15:58:17.301,1.47339,1.47356,1.20,1.50
2013.11.15 15:58:19.103,1.47341,1.47356,1.20,1.13
2013.11.15 15:58:19.591,1.47343,1.47358,1.65,5.67
2013.11.15 15:58:21.903,1.47343,1.47357,1.50,1.50
2013.11.15 15:58:22.702,1.47339,1.47357,1.02,1.65
2013.11.15 15:58:24.482,1.47338,1.47355,2.03,1.02
2013.11.15 15:58:24.870,1.47336,1.47352,1.20,1.50
2013.11.15 15:58:25.231,1.47335,1.47353,1.65,1.09
2013.11.15 15:58:27.121,1.47338,1.47354,1.13,1.39
2013.11.15 15:58:27.655,1.47334,1.47351,1.69,1.13
2013.11.15 15:58:28.421,1.47334,1.47351,1.20,1.32
2013.11.15 15:58:28.481,1.47333,1.47351,1.20,1.32
2013.11.15 15:58:32.220,1.47332,1.47347,1.09,1.50
2013.11.15 15:58:33.714,1.47333,1.47351,1.65,1.47
2013.11.15 15:58:33.841,1.47334,1.47351,1.02,1.28
2013.11.15 15:58:34.024,1.47336,1.47349,1.58,1.13
2013.11.15 15:58:34.093,1.47331,1.47347,1.20,1.88
2013.11.15 15:58:34.153,1.47331,1.47347,1.20,1.13
2013.11.15 15:58:34.771,1.47333,1.47346,1.95,1.32
2013.11.15 15:58:34.891,1.47336,1.47347,1.20,1.13
2013.11.15 15:58:35.370,1.47337,1.47351,1.20,1.13
2013.11.15 15:58:35.891,1.47336,1.47348,1.13,1.50
2013.11.15 15:58:35.952,1.47334,1.47348,1.09,1.50
2013.11.15 15:58:36.014,1.47331,1.47348,1.20,1.50
2013.11.15 15:58:36.260,1.4733,1.47348,2.63,1.50
2013.11.15 15:58:36.770,1.47333,1.4735,2.25,1.32
2013.11.15 15:58:38.292,1.47336,1.47351,1.09,1.13
2013.11.15 15:58:38.921,1.47336,1.47348,1.02,1.50
2013.11.15 15:58:39.161,1.47335,1.47349,1.13,1.28
2013.11.15 15:58:39.710,1.47332,1.47348,1.58,1.50
2013.11.15 15:58:41.935,1.47332,1.47348,1.39,1.50
2013.11.15 15:58:42.853,1.47333,1.4735,1.09,1.13
2013.11.15 15:58:46.062,1.47335,1.47351,1.20,1.20
2013.11.15 15:58:46.913,1.47338,1.47355,1.69,1.13
2013.11.15 15:58:47.152,1.47339,1.47355,1.20,1.13
2013.11.15 15:58:47.701,1.47342,1.4736,1.02,2.40
2013.11.15 15:58:48.240,1.4734,1.47357,1.09,1.50
2013.11.15 15:58:49.630,1.47342,1.4736,1.02,1.65
2013.11.15 15:58:50.172,1.47338,1.47357,1.28,1.65
2013.11.15 15:58:51.481,1.47341,1.47353,1.20,1.13
2013.11.15 15:58:51.841,1.4735,1.47363,1.09,1.50
2013.11.15 15:58:51.961,1.4735,1.47364,1.09,1.13
2013.11.15 15:58:53.852,1.4735,1.47367,1.09,1.13
2013.11.15 15:58:54.091,1.47353,1.47371,1.65,1.39
2013.11.15 15:58:54.740,1.47352,1.47365,1.13,1.20
2013.11.15 15:58:55.731,1.47352,1.47368,1.13,1.20
2013.11.15 15:58:56.211,1.47348,1.47367,1.95,1.02
2013.11.15 15:58:57.342,1.47353,1.47366,1.50,1.20
2013.11.15 15:58:57.412,1.47349,1.47364,1.13,1.02
2013.11.15 15:58:57.772,1.47344,1.47364,1.02,1.84
2013.11.15 15:58:57.844,1.47342,1.47361,3.19,1.09
2013.11.15 15:58:57.971,1.47343,1.47356,1.50,1.13
2013.11.15 15:58:58.510,1.47337,1.47354,1.28,1.13
2013.11.15 15:58:59.681,1.47343,1.47358,1.13,1.95
2013.11.15 15:58:59.921,1.4734,1.47357,1.58,1.69
2013.11.15 15:58:59.981,1.47342,1.47356,1.20,1.69
2013.11.15 15:59:00.171,1.4734,1.47356,1.28,1.69
2013.11.15 15:59:00.472,1.47343,1.47357,1.20,1.69
2013.11.15 15:59:00.831,1.47341,1.47355,1.50,1.50
2013.11.15 15:59:01.251,1.47343,1.4736,1.50,1.32
2013.11.15 15:59:04.875,1.4735,1.47362,1.50,1.69
2013.11.15 15:59:05.181,1.4735,1.47365,1.58,1.13
2013.11.15 15:59:05.712,1.47351,1.4737,1.20,1.77
2013.11.15 15:59:06.686,1.47351,1.4737,1.95,1.77
2013.11.15 15:59:11.292,1.47351,1.4737,1.65,1.77
2013.11.15 15:59:12.851,1.47353,1.4737,1.50,1.09
2013.11.15 15:59:13.090,1.47355,1.47372,1.77,1.28
2013.11.15 15:59:15.678,1.47355,1.47371,1.02,1.20
2013.11.15 15:59:16.004,1.47348,1.47361,1.13,1.20
2013.11.15 15:59:16.072,1.47348,1.47362,1.13,2.25
2013.11.15 15:59:16.610,1.47339,1.47358,1.20,1.58
2013.11.15 15:59:16.730,1.47338,1.47357,1.58,1.39
2013.11.15 15:59:17.562,1.47337,1.47356,1.20,1.02
2013.11.15 15:59:18.116,1.47337,1.47357,1.20,1.09
2013.11.15 15:59:18.825,1.47343,1.47358,1.32,1.65
2013.11.15 15:59:20.090,1.47343,1.47358,1.39,1.50
2013.11.15 15:59:21.100,1.47343,1.47359,2.14,1.20
2013.11.15 15:59:21.463,1.47344,1.47362,1.50,1.20
2013.11.15 15:59:21.654,1.47347,1.47365,1.50,2.52
2013.11.15 15:59:22.081,1.47348,1.47365,2.25,1.77
2013.11.15 15:59:22.651,1.47349,1.47365,1.13,1.58
2013.11.15 15:59:22.830,1.47349,1.47367,1.20,1.28
2013.11.15 15:59:23.202,1.47353,1.47369,1.50,1.13
2013.11.15 15:59:23.711,1.4735,1.47368,1.69,1.20
2013.11.15 15:59:23.900,1.47352,1.4737,1.02,2.03
2013.11.15 15:59:24.756,1.47352,1.4737,1.09,1.95
2013.11.15 15:59:24.945,1.47351,1.4737,2.14,2.33
2013.11.15 15:59:25.252,1.47351,1.4737,1.77,2.33
2013.11.15 15:59:25.431,1.47352,1.4737,1.09,1.95
2013.11.15 15:59:27.262,1.47353,1.4737,1.13,1.20
2013.11.15 15:59:27.393,1.47351,1.4737,1.39,1.95
2013.11.15 15:59:27.453,1.47351,1.4737,1.09,2.03
2013.11.15 15:59:27.522,1.47352,1.4737,1.02,1.28
2013.11.15 15:59:27.821,1.47352,1.4737,2.14,1.13
2013.11.15 15:59:29.607,1.47352,1.47364,1.69,2.22
2013.11.15 15:59:29.675,1.4735,1.47358,1.28,1.32
2013.11.15 15:59:29.741,1.47349,1.47357,1.13,1.39
2013.11.15 15:59:29.802,1.47344,1.47357,1.50,1.47
2013.11.15 15:59:29.862,1.47343,1.47357,1.50,2.22
2013.11.15 15:59:30.492,1.47338,1.47357,1.28,2.22
2013.11.15 15:59:30.670,1.47337,1.47356,1.58,2.14
2013.11.15 15:59:30.971,1.4733,1.47344,1.20,1.88
2013.11.15 15:59:31.031,1.47331,1.47345,1.28,1.13
2013.11.15 15:59:31.980,1.47331,1.47348,1.28,1.13
2013.11.15 15:59:32.221,1.47331,1.47347,1.13,2.82
2013.11.15 15:59:32.342,1.47326,1.47347,1.65,2.44
2013.11.15 15:59:32.522,1.47326,1.47343,1.65,1.58
2013.11.15 15:59:32.893,1.47325,1.47343,1.39,1.65
2013.11.15 15:59:33.202,1.47319,1.4734,1.95,2.78
2013.11.15 15:59:33.381,1.47324,1.4734,1.77,1.58
2013.11.15 15:59:33.441,1.47325,1.47343,1.28,2.40
2013.11.15 15:59:33.501,1.47325,1.47343,1.28,2.78
2013.11.15 15:59:33.621,1.47328,1.47344,1.20,1.02
2013.11.15 15:59:34.172,1.47328,1.47344,1.13,1.84
2013.11.15 15:59:34.891,1.47328,1.47343,1.13,1.65
2013.11.15 15:59:34.953,1.47328,1.47342,1.13,1.88
2013.11.15 15:59:35.261,1.47328,1.47342,1.20,1.50
2013.11.15 15:59:35.381,1.47328,1.47344,1.20,1.77
2013.11.15 15:59:35.693,1.47328,1.47344,1.20,1.02
2013.11.15 15:59:35.923,1.47328,1.47344,1.28,1.02
2013.11.15 15:59:36.194,1.47328,1.47347,1.58,1.39
2013.11.15 15:59:36.382,1.47328,1.47346,1.28,1.02
2013.11.15 15:59:36.623,1.47331,1.47346,1.20,1.32
2013.11.15 15:59:36.871,1.47328,1.47346,1.28,1.77
2013.11.15 15:59:37.352,1.47328,1.47343,1.65,1.13
2013.11.15 15:59:37.832,1.47327,1.47343,1.95,1.95
2013.11.15 15:59:37.953,1.47324,1.47343,1.20,1.95
2013.11.15 15:59:38.081,1.47327,1.47342,1.50,1.39
2013.11.15 15:59:38.665,1.4733,1.47346,1.13,2.33
2013.11.15 15:59:38.982,1.47332,1.47348,1.02,1.20
2013.11.15 15:59:39.234,1.47332,1.47351,1.77,1.95
2013.11.15 15:59:39.361,1.47332,1.47349,1.02,1.20
2013.11.15 15:59:39.482,1.47328,1.47338,1.13,1.20
2013.11.15 15:59:39.541,1.47327,1.47338,1.50,1.20
2013.11.15 15:59:39.663,1.47321,1.47339,1.28,1.09
2013.11.15 15:59:39.971,1.47333,1.47347,1.02,1.13
2013.11.15 15:59:40.031,1.47333,1.47353,1.09,1.47
2013.11.15 15:59:40.738,1.47335,1.47353,2.40,1.39
2013.11.15 15:59:41.140,1.47336,1.47356,1.47,1.20
2013.11.15 15:59:41.201,1.47338,1.47356,1.02,1.13
2013.11.15 15:59:41.321,1.47341,1.47358,1.58,1.02
2013.11.15 15:59:41.381,1.47341,1.47359,1.65,1.77
2013.11.15 15:59:41.442,1.47341,1.47358,1.65,1.69
2013.11.15 15:59:41.622,1.47341,1.47358,1.50,2.14
2013.11.15 15:59:41.983,1.4734,1.47356,1.50,2.63
2013.11.15 15:59:42.051,1.4734,1.47357,1.50,1.50
2013.11.15 15:59:42.111,1.47342,1.47358,1.13,1.69
2013.11.15 15:59:42.172,1.47348,1.47358,1.50,1.20
2013.11.15 15:59:42.294,1.47348,1.47358,1.50,1.50
2013.11.15 15:59:42.482,1.4734,1.47357,1.50,1.28
2013.11.15 15:59:43.024,1.4734,1.47358,1.50,1.95
2013.11.15 15:59:43.573,1.4734,1.47357,1.50,1.13
2013.11.15 15:59:44.012,1.47343,1.47361,1.13,1.13
2013.11.15 15:59:44.072,1.47343,1.47362,1.13,2.25
2013.11.15 15:59:44.130,1.47343,1.47362,1.13,1.13
2013.11.15 15:59:44.770,1.47343,1.47362,2.25,1.88
2013.11.15 15:59:44.891,1.47345,1.47362,1.13,1.13
2013.11.15 15:59:45.131,1.47346,1.47366,1.77,1.50
2013.11.15 15:59:45.491,1.47347,1.47363,1.69,1.65
2013.11.15 15:59:46.141,1.47345,1.47362,1.02,1.13
2013.11.15 15:59:46.680,1.47341,1.47362,1.95,2.03
2013.11.15 15:59:46.871,1.47341,1.4736,1.95,1.20
2013.11.15 15:59:47.436,1.4734,1.47358,3.15,1.09
2013.11.15 15:59:48.585,1.4734,1.47361,2.40,1.13
2013.11.15 15:59:48.716,1.47353,1.47364,1.58,1.88
2013.11.15 15:59:48.782,1.47353,1.47364,1.65,1.50
2013.11.15 15:59:48.965,1.47354,1.47366,1.95,1.50
2013.11.15 15:59:49.033,1.47354,1.47366,1.13,1.50
2013.11.15 15:59:49.102,1.47354,1.47367,1.13,1.58
2013.11.15 15:59:49.161,1.47354,1.4737,1.95,1.84
2013.11.15 15:59:49.221,1.47354,1.4737,1.95,1.39
2013.11.15 15:59:49.281,1.47354,1.4737,1.20,2.14
2013.11.15 15:59:50.181,1.47354,1.47372,2.14,1.28
2013.11.15 15:59:51.022,1.47354,1.47373,1.39,1.58
2013.11.15 15:59:51.151,1.47354,1.47373,1.77,1.20
2013.11.15 15:59:51.213,1.47354,1.47373,1.69,1.20
2013.11.15 15:59:51.341,1.47354,1.47373,1.77,1.50
2013.11.15 15:59:51.891,1.47354,1.47373,2.14,1.20
2013.11.15 15:59:51.950,1.47358,1.47373,1.50,1.20
2013.11.15 15:59:52.071,1.47358,1.47377,1.50,2.25
2013.11.15 15:59:52.611,1.47358,1.47378,1.65,1.65
2013.11.15 15:59:53.151,1.47356,1.47377,2.40,1.50
2013.11.15 15:59:53.701,1.47357,1.47378,1.95,1.65
2013.11.15 15:59:53.882,1.47358,1.47377,1.65,1.65
2013.11.15 15:59:54.123,1.47356,1.47377,1.95,2.40
2013.11.15 15:59:54.491,1.47356,1.47377,1.50,3.00
2013.11.15 15:59:55.873,1.47356,1.47374,1.50,1.39
2013.11.15 15:59:56.061,1.47362,1.47379,1.20,1.13
2013.11.15 15:59:56.654,1.47361,1.47377,1.28,1.13
2013.11.15 15:59:57.021,1.47358,1.47377,1.95,1.58
2013.11.15 15:59:57.501,1.47357,1.47376,1.28,1.09
2013.11.15 15:59:58.054,1.47357,1.47376,1.20,1.39
2013.11.15 15:59:58.393,1.47357,1.47376,1.13,3.57
2013.11.15 15:59:58.513,1.47357,1.47372,1.13,1.20
2013.11.15 15:59:58.584,1.47358,1.47372,1.50,1.20
2013.11.15 15:59:58.893,1.47364,1.47383,1.65,1.28
2013.11.15 15:59:59.071,1.47363,1.47382,1.65,1.28
2013.11.15 15:59:59.194,1.47362,1.47382,1.95,2.63
2013.11.15 15:59:59.262,1.47362,1.47382,1.95,1.88
2013.11.15 15:59:59.664,1.47362,1.47382,2.03,1.58
2013.11.15 15:59:59.853,1.47362,1.47382,2.03,1.58
2013.11.15 15:59:59.984,1.47363,1.47381,1.02,1.65
