2011.04.05 01:00:03.351,1.48907,1.48958,2.25,1.50
2011.04.05 01:00:06.000,1.48907,1.48961,2.25,2.40
2011.04.05 01:00:06.329,1.48905,1.48954,1.50,1.50
2011.04.05 01:00:09.939,1.48905,1.48954,1.50,1.50
2011.04.05 01:00:10.050,1.48905,1.48963,3.00,1.50
2011.04.05 01:00:10.160,1.48905,1.48963,3.00,1.50
2011.04.05 01:00:10.710,1.48907,1.48964,2.40,1.50
2011.04.05 01:00:10.932,1.48903,1.48962,2.25,2.25
2011.04.05 01:00:11.053,1.48903,1.48962,2.25,1.50
2011.04.05 01:00:11.170,1.48898,1.48964,2.25,2.25
2011.04.05 01:00:11.280,1.48896,1.48954,3.75,1.50
2011.04.05 01:00:11.389,1.48896,1.48964,3.75,3.15
2011.04.05 01:00:11.610,1.48896,1.48963,3.75,1.15
2011.04.05 01:00:13.544,1.48896,1.48962,3.75,1.30
2011.04.05 01:00:13.910,1.48896,1.48963,3.75,2.05
2011.04.05 01:00:14.322,1.48896,1.48961,2.25,1.90
2011.04.05 01:00:15.101,1.48901,1.48963,1.50,1.15
2011.04.05 01:00:15.211,1.48913,1.48963,1.50,1.15
2011.04.05 01:00:15.431,1.48913,1.48964,1.50,1.65
2011.04.05 01:00:15.961,1.48907,1.48963,2.25,1.65
2011.04.05 01:00:16.400,1.48906,1.48963,2.25,1.50
2011.04.05 01:00:16.620,1.48906,1.48963,2.25,2.25
2011.04.05 01:00:16.949,1.48906,1.4896,2.25,1.50
2011.04.05 01:00:17.169,1.48906,1.48962,2.25,1.50
2011.04.05 01:00:18.669,1.48906,1.48962,2.25,1.65
2011.04.05 01:00:19.649,1.48906,1.48962,2.25,1.50
2011.04.05 01:00:19.872,1.48907,1.48962,3.00,1.50
2011.04.05 01:00:20.420,1.48907,1.48964,1.50,1.65
2011.04.05 01:00:21.255,1.48907,1.48964,1.65,1.65
2011.04.05 01:00:22.673,1.48907,1.48964,1.65,1.65
2011.04.05 01:00:23.228,1.48906,1.48964,2.55,1.65
2011.04.05 01:00:25.369,1.48912,1.48964,1.05,1.50
2011.04.05 01:00:26.480,1.48906,1.48964,3.90,2.40
2011.04.05 01:00:28.229,1.48906,1.48964,2.25,2.40
2011.04.05 01:00:28.779,1.48907,1.48964,1.65,1.50
2011.04.05 01:00:29.162,1.48913,1.48964,1.65,1.50
2011.04.05 01:00:29.382,1.48913,1.48964,1.65,1.50
2011.04.05 01:00:31.051,1.48913,1.48964,1.65,1.50
2011.04.05 01:00:31.163,1.48925,1.48972,1.50,2.25
2011.04.05 01:00:31.942,1.48929,1.48982,1.50,2.25
2011.04.05 01:00:32.052,1.48924,1.48986,2.25,3.00
2011.04.05 01:00:32.468,1.48918,1.48982,2.25,1.50
2011.04.05 01:00:32.585,1.48918,1.4898,2.25,1.50
2011.04.05 01:00:34.730,1.48918,1.4898,2.25,3.00
2011.04.05 01:00:35.060,1.48915,1.48977,3.00,1.50
2011.04.05 01:00:35.500,1.48921,1.48979,1.50,1.50
2011.04.05 01:00:35.610,1.48927,1.48979,1.50,1.50
2011.04.05 01:00:39.669,1.48926,1.48984,3.30,1.50
2011.04.05 01:00:39.888,1.48937,1.48987,2.25,3.00
2011.04.05 01:00:41.319,1.48927,1.48984,1.05,1.50
2011.04.05 01:00:41.869,1.48926,1.48984,3.00,1.50
2011.04.05 01:00:42.199,1.48926,1.48983,3.00,2.25
2011.04.05 01:00:42.641,1.48926,1.48983,1.50,1.65
2011.04.05 01:00:43.039,1.48917,1.48973,2.25,1.50
2011.04.05 01:00:56.023,1.48917,1.48971,2.40,1.50
2011.04.05 01:01:07.530,1.48917,1.4897,2.25,1.50
2011.04.05 01:01:15.071,1.48923,1.4897,1.50,2.25
2011.04.05 01:01:15.423,1.48921,1.4897,1.50,2.25
2011.04.05 01:01:15.542,1.48913,1.48958,1.50,1.50
2011.04.05 01:01:16.939,1.48909,1.48953,1.50,1.50
2011.04.05 01:01:17.381,1.48909,1.48953,1.50,2.25
2011.04.05 01:01:17.709,1.48909,1.48953,1.50,1.50
2011.04.05 01:01:19.471,1.48907,1.48953,1.50,2.25
2011.04.05 01:01:19.799,1.48907,1.48953,1.50,1.50
2011.04.05 01:01:20.351,1.48907,1.48953,1.50,2.40
2011.04.05 01:01:20.790,1.48907,1.48953,1.50,1.65
2011.04.05 01:01:21.123,1.48907,1.48953,1.50,1.80
2011.04.05 01:01:21.240,1.48907,1.48953,1.50,1.80
2011.04.05 01:01:21.789,1.48911,1.48953,1.50,1.80
2011.04.05 01:01:22.011,1.48911,1.48956,1.50,1.80
2011.04.05 01:01:22.559,1.48911,1.48956,1.50,1.80
2011.04.05 01:01:23.089,1.48911,1.48954,1.50,2.55
2011.04.05 01:01:23.309,1.48911,1.48953,1.50,2.40
2011.04.05 01:01:24.189,1.48911,1.48953,1.50,1.95
2011.04.05 01:01:26.869,1.48913,1.48953,1.50,1.80
2011.04.05 01:01:26.980,1.4891,1.48953,1.50,1.50
2011.04.05 01:01:27.200,1.48912,1.48971,2.25,1.50
2011.04.05 01:01:28.660,1.48913,1.48971,1.50,1.65
2011.04.05 01:01:31.479,1.48914,1.48971,1.50,1.50
2011.04.05 01:01:32.379,1.48914,1.48971,1.50,1.80
2011.04.05 01:01:32.710,1.48914,1.48955,1.50,2.25
2011.04.05 01:01:36.169,1.48914,1.48955,1.50,1.50
2011.04.05 01:01:36.608,1.48914,1.48964,1.50,1.65
2011.04.05 01:01:37.119,1.48916,1.48965,2.25,1.50
2011.04.05 01:01:51.079,1.48916,1.48967,2.25,1.50
2011.04.05 01:01:55.590,1.48922,1.48967,1.05,1.50
2011.04.05 01:01:55.813,1.48917,1.48976,1.05,2.25
2011.04.05 01:01:55.929,1.48917,1.48976,2.55,2.25
2011.04.05 01:01:57.900,1.48916,1.48976,3.00,2.25
2011.04.05 01:01:58.120,1.48916,1.48965,1.50,2.25
2011.04.05 01:02:01.330,1.48911,1.48965,1.50,2.25
2011.04.05 01:02:01.550,1.48911,1.48965,1.50,2.25
2011.04.05 01:02:02.100,1.48911,1.48963,1.50,1.50
2011.04.05 01:02:02.320,1.48911,1.48965,1.50,1.50
2011.04.05 01:02:02.760,1.48914,1.48965,1.50,1.50
2011.04.05 01:02:03.338,1.48917,1.48966,1.50,1.50
2011.04.05 01:02:31.319,1.48916,1.48966,2.25,1.50
2011.04.05 01:02:32.720,1.48916,1.48965,2.25,1.50
2011.04.05 01:02:42.952,1.48916,1.48965,2.25,2.25
2011.04.05 01:02:43.170,1.48916,1.48965,2.25,1.50
2011.04.05 01:02:47.539,1.48917,1.48965,1.50,2.25
2011.04.05 01:02:51.632,1.48917,1.48965,2.25,1.50
2011.04.05 01:02:56.962,1.48917,1.48965,1.50,2.25
2011.04.05 01:02:57.289,1.48917,1.48965,1.50,1.50
2011.04.05 01:03:02.750,1.48917,1.48966,1.50,1.50
2011.04.05 01:03:10.019,1.48917,1.48968,1.50,1.50
2011.04.05 01:03:10.350,1.48917,1.48965,1.50,1.50
2011.04.05 01:03:10.679,1.48917,1.48964,2.25,2.25
2011.04.05 01:03:11.470,1.48917,1.48964,2.25,1.50
2011.04.05 01:03:13.425,1.48917,1.48965,2.25,2.25
2011.04.05 01:03:14.579,1.48917,1.48965,1.50,2.25
2011.04.05 01:03:16.231,1.48916,1.48963,2.25,2.25
2011.04.05 01:03:19.619,1.48916,1.48963,2.25,2.25
2011.04.05 01:03:29.389,1.48916,1.48963,1.50,2.25
2011.04.05 01:03:29.990,1.48916,1.48963,2.25,2.25
2011.04.05 01:03:39.989,1.48916,1.48965,2.25,2.25
2011.04.05 01:04:09.662,1.48907,1.48965,2.59,2.40
2011.04.05 01:04:20.080,1.48917,1.48967,2.25,2.25
2011.04.05 01:04:20.411,1.48917,1.48968,2.25,1.50
2011.04.05 01:04:24.370,1.48917,1.4897,2.25,2.25
2011.04.05 01:04:26.501,1.48917,1.48965,2.25,2.40
2011.04.05 01:04:30.760,1.48907,1.48964,1.39,1.65
2011.04.05 01:04:33.739,1.48907,1.48963,1.24,2.40
2011.04.05 01:04:36.371,1.48907,1.48955,1.09,2.25
2011.04.05 01:04:40.475,1.48907,1.48956,1.09,1.50
2011.04.05 01:04:53.503,1.48907,1.48956,2.25,2.25
2011.04.05 01:04:56.021,1.48911,1.48959,1.50,1.50
2011.04.05 01:04:56.462,1.48911,1.48955,1.50,1.50
2011.04.05 01:04:56.900,1.48917,1.48956,1.50,1.50
2011.04.05 01:05:10.109,1.48917,1.48959,2.25,1.50
2011.04.05 01:05:13.440,1.48917,1.4896,2.25,1.50
2011.04.05 01:05:19.052,1.48928,1.4896,1.50,1.50
2011.04.05 01:05:19.162,1.48928,1.48967,1.50,1.65
2011.04.05 01:05:19.272,1.48928,1.48967,1.50,1.50
2011.04.05 01:05:19.381,1.48928,1.48967,1.50,1.50
2011.04.05 01:05:20.361,1.48927,1.48963,2.25,1.50
2011.04.05 01:05:20.583,1.48929,1.48963,1.50,1.50
2011.04.05 01:05:20.873,1.48913,1.48963,1.50,1.50
2011.04.05 01:05:21.212,1.48917,1.4896,1.50,1.50
2011.04.05 01:05:21.751,1.48917,1.4896,2.25,1.50
2011.04.05 01:05:22.329,1.48917,1.4896,1.50,1.50
2011.04.05 01:05:23.670,1.48917,1.4896,1.50,2.25
2011.04.05 01:05:25.213,1.48911,1.48962,1.65,2.25
2011.04.05 01:05:25.332,1.48921,1.48962,1.50,2.25
2011.04.05 01:05:25.990,1.48921,1.48962,1.50,2.25
2011.04.05 01:05:26.540,1.48921,1.48962,1.50,2.25
2011.04.05 01:05:29.691,1.48917,1.48961,2.25,2.25
2011.04.05 01:05:29.910,1.48916,1.48961,1.50,2.25
2011.04.05 01:05:35.972,1.48912,1.48961,1.65,2.25
2011.04.05 01:05:36.204,1.4891,1.48959,1.24,2.25
2011.04.05 01:05:36.741,1.48912,1.48962,1.05,2.25
2011.04.05 01:05:36.972,1.48915,1.48962,1.65,2.25
2011.04.05 01:05:37.091,1.48914,1.48962,1.50,2.25
2011.04.05 01:05:38.351,1.48914,1.48962,1.50,2.25
2011.04.05 01:05:38.571,1.48914,1.48962,1.50,2.25
2011.04.05 01:05:48.601,1.48917,1.48962,1.50,2.25
2011.04.05 01:05:49.740,1.48917,1.48961,2.25,2.25
2011.04.05 01:05:50.222,1.48917,1.48961,2.25,1.50
2011.04.05 01:05:50.441,1.48917,1.48961,1.50,2.25
2011.04.05 01:05:50.771,1.48908,1.48961,2.59,2.25
2011.04.05 01:05:50.881,1.4891,1.48961,1.09,2.25
2011.04.05 01:05:51.320,1.48916,1.48961,1.50,2.25
2011.04.05 01:05:53.831,1.48908,1.48957,1.50,1.50
2011.04.05 01:05:53.940,1.48908,1.48957,1.50,1.50
2011.04.05 01:05:54.272,1.48916,1.48957,1.50,1.50
2011.04.05 01:06:12.201,1.48917,1.48957,1.50,1.50
2011.04.05 01:06:14.401,1.48917,1.48957,1.50,2.25
2011.04.05 01:06:14.955,1.48917,1.48957,1.50,2.25
2011.04.05 01:06:15.401,1.48917,1.48957,1.50,2.25
2011.04.05 01:06:16.283,1.48916,1.48957,1.50,2.25
2011.04.05 01:06:22.272,1.48916,1.48957,1.50,2.25
2011.04.05 01:06:37.571,1.48916,1.48958,1.50,2.25
2011.04.05 01:06:37.791,1.48916,1.48959,1.50,2.25
2011.04.05 01:06:39.721,1.48909,1.48959,1.50,2.25
2011.04.05 01:06:40.050,1.48908,1.48959,1.50,2.25
2011.04.05 01:06:40.490,1.48907,1.48959,1.50,2.25
2011.04.05 01:06:41.498,1.48906,1.48955,2.25,2.25
2011.04.05 01:06:42.023,1.48906,1.48955,1.50,2.25
2011.04.05 01:06:42.254,1.48897,1.48951,2.40,1.50
2011.04.05 01:06:43.011,1.48897,1.4895,1.65,1.50
2011.04.05 01:06:46.381,1.48897,1.4895,2.25,1.50
2011.04.05 01:06:46.490,1.48897,1.4895,1.50,1.50
2011.04.05 01:06:48.552,1.48897,1.4895,2.25,1.50
2011.04.05 01:06:48.880,1.48907,1.48953,1.50,1.50
2011.04.05 01:06:48.991,1.48907,1.48953,3.00,1.50
2011.04.05 01:06:49.212,1.48916,1.48953,1.50,1.50
2011.04.05 01:06:52.572,1.48916,1.48952,1.50,1.50
2011.04.05 01:06:54.280,1.48916,1.48951,1.50,1.50
2011.04.05 01:07:00.596,1.48916,1.48951,1.65,1.50
2011.04.05 01:07:00.714,1.48916,1.48964,2.25,1.50
2011.04.05 01:07:01.241,1.48916,1.48965,2.40,1.50
2011.04.05 01:07:01.351,1.48927,1.48965,1.50,1.50
2011.04.05 01:07:02.301,1.48916,1.48965,2.25,1.50
2011.04.05 01:07:02.743,1.48927,1.48965,1.50,1.50
2011.04.05 01:07:06.331,1.48916,1.48967,2.40,1.50
2011.04.05 01:07:08.751,1.48916,1.48969,2.25,1.50
2011.04.05 01:07:09.389,1.48926,1.48969,1.50,1.50
2011.04.05 01:07:11.521,1.48926,1.48969,2.25,1.50
2011.04.05 01:07:12.112,1.48926,1.48968,2.25,1.50
2011.04.05 01:07:13.390,1.48926,1.48968,2.25,1.50
2011.04.05 01:07:13.722,1.48928,1.48975,1.50,2.25
2011.04.05 01:07:14.051,1.48928,1.48977,1.50,1.50
2011.04.05 01:07:14.823,1.48928,1.48976,1.50,1.50
2011.04.05 01:07:14.941,1.48928,1.48976,1.50,1.50
2011.04.05 01:07:17.863,1.4893,1.48971,1.50,1.88
2011.04.05 01:07:18.202,1.48916,1.48961,1.50,2.25
2011.04.05 01:07:18.311,1.48918,1.48959,1.50,1.50
2011.04.05 01:07:18.422,1.48918,1.48967,1.50,2.25
2011.04.05 01:07:18.532,1.48918,1.48967,1.50,1.50
2011.04.05 01:07:18.643,1.48922,1.48971,1.50,1.50
2011.04.05 01:07:18.751,1.48922,1.48974,1.50,1.50
2011.04.05 01:07:18.861,1.48926,1.48977,2.25,1.50
2011.04.05 01:07:19.190,1.48926,1.48977,2.25,1.50
2011.04.05 01:07:24.342,1.48927,1.48977,2.25,1.50
2011.04.05 01:07:25.652,1.48929,1.48981,1.50,1.50
2011.04.05 01:07:25.761,1.48932,1.48981,1.50,1.50
2011.04.05 01:07:26.090,1.48936,1.48981,2.25,1.50
2011.04.05 01:07:29.241,1.48936,1.4898,2.25,1.50
2011.04.05 01:07:31.700,1.48939,1.4898,1.50,1.50
2011.04.05 01:07:34.662,1.48936,1.48983,2.25,1.50
2011.04.05 01:07:35.320,1.48936,1.48983,2.25,1.50
2011.04.05 01:07:36.282,1.48934,1.48983,1.50,1.50
2011.04.05 01:07:36.892,1.48934,1.48983,1.50,1.50
2011.04.05 01:07:37.440,1.48937,1.48983,2.25,1.50
2011.04.05 01:07:38.949,1.48937,1.48983,2.25,1.50
2011.04.05 01:07:40.060,1.48933,1.48983,1.50,1.50
2011.04.05 01:07:41.861,1.48933,1.48983,1.50,1.50
2011.04.05 01:07:42.410,1.48937,1.48984,2.25,1.50
2011.04.05 01:07:46.612,1.48932,1.48979,1.50,1.50
2011.04.05 01:07:46.940,1.48932,1.48973,1.50,1.50
2011.04.05 01:07:47.170,1.48932,1.48978,1.50,1.50
2011.04.05 01:07:47.284,1.48932,1.48978,1.50,1.50
2011.04.05 01:07:48.457,1.48932,1.48978,1.50,1.50
2011.04.05 01:07:50.902,1.48932,1.48977,1.50,1.50
2011.04.05 01:07:51.121,1.48938,1.48979,1.50,1.50
2011.04.05 01:07:51.451,1.48947,1.48979,1.50,1.50
2011.04.05 01:07:52.002,1.48936,1.48979,3.00,1.50
2011.04.05 01:07:52.774,1.48947,1.48979,1.50,1.50
2011.04.05 01:07:53.002,1.48947,1.48987,2.25,1.50
2011.04.05 01:07:53.224,1.48947,1.48987,1.50,1.50
2011.04.05 01:07:53.342,1.48947,1.48985,1.50,1.50
2011.04.05 01:07:53.623,1.48941,1.48985,1.50,1.50
2011.04.05 01:07:53.730,1.48941,1.48985,1.50,1.50
2011.04.05 01:07:54.581,1.48941,1.48987,1.65,1.50
2011.04.05 01:07:57.741,1.48946,1.48987,2.55,1.50
2011.04.05 01:07:57.850,1.48946,1.4899,2.55,1.50
2011.04.05 01:07:58.180,1.48946,1.4899,2.55,1.50
2011.04.05 01:07:58.400,1.48946,1.48993,2.55,1.50
2011.04.05 01:07:58.513,1.48946,1.48993,2.25,2.25
2011.04.05 01:07:58.842,1.48946,1.48988,2.40,1.50
2011.04.05 01:07:59.171,1.48946,1.48989,2.40,1.50
2011.04.05 01:07:59.499,1.48946,1.48989,2.40,1.50
2011.04.05 01:08:00.160,1.48946,1.48989,2.40,1.50
2011.04.05 01:08:00.721,1.48946,1.48989,2.40,1.50
2011.04.05 01:08:01.346,1.48947,1.48989,1.05,1.50
2011.04.05 01:08:02.230,1.48946,1.48989,2.40,1.50
2011.04.05 01:08:02.342,1.48946,1.48987,2.25,1.50
2011.04.05 01:08:02.561,1.48946,1.48987,2.25,1.50
2011.04.05 01:08:03.581,1.48946,1.48987,2.40,1.50
2011.04.05 01:08:03.800,1.48946,1.48989,2.40,1.50
2011.04.05 01:08:05.891,1.48947,1.48989,1.05,1.50
2011.04.05 01:08:06.002,1.48947,1.48992,1.05,1.50
2011.04.05 01:08:06.221,1.48947,1.48992,1.05,1.50
2011.04.05 01:08:09.490,1.48947,1.48992,1.05,2.25
2011.04.05 01:08:09.820,1.48947,1.4899,1.05,1.50
2011.04.05 01:08:10.401,1.48947,1.4899,1.05,1.50
2011.04.05 01:08:10.619,1.48947,1.48992,1.05,1.50
2011.04.05 01:08:10.729,1.48947,1.48992,1.05,1.50
2011.04.05 01:08:13.660,1.48957,1.48991,2.25,1.50
2011.04.05 01:08:13.880,1.48957,1.48988,2.25,1.50
2011.04.05 01:08:14.212,1.48941,1.48981,1.50,2.25
2011.04.05 01:08:14.324,1.48938,1.48981,1.50,2.25
2011.04.05 01:08:14.663,1.48942,1.48987,1.09,1.50
2011.04.05 01:08:14.991,1.48933,1.48983,1.47,1.50
2011.04.05 01:08:15.321,1.48937,1.4898,2.25,1.50
2011.04.05 01:08:15.651,1.48928,1.48979,1.50,1.50
2011.04.05 01:08:16.814,1.4892,1.48973,1.84,1.50
2011.04.05 01:08:17.040,1.48926,1.48973,2.25,1.50
2011.04.05 01:08:17.851,1.48927,1.48973,2.25,1.50
2011.04.05 01:08:18.182,1.48926,1.48977,2.25,1.50
2011.04.05 01:08:18.400,1.48926,1.48974,2.25,1.50
2011.04.05 01:08:18.731,1.4892,1.4897,1.50,1.50
2011.04.05 01:08:20.330,1.48917,1.4897,2.25,1.50
2011.04.05 01:08:21.371,1.48917,1.48969,2.25,1.65
2011.04.05 01:08:21.591,1.48917,1.48968,2.25,1.50
2011.04.05 01:08:21.810,1.48917,1.48968,2.25,1.65
2011.04.05 01:08:22.600,1.48907,1.4897,3.75,1.80
2011.04.05 01:08:22.993,1.48907,1.48963,3.00,2.25
2011.04.05 01:08:25.572,1.48907,1.48959,2.25,1.05
2011.04.05 01:08:25.680,1.48907,1.48959,2.25,1.05
2011.04.05 01:08:25.900,1.48907,1.48962,2.25,2.55
2011.04.05 01:08:26.230,1.48902,1.48959,1.50,1.05
2011.04.05 01:08:26.450,1.48898,1.48962,1.24,3.90
2011.04.05 01:08:26.560,1.48898,1.48953,1.24,1.50
2011.04.05 01:08:29.570,1.48902,1.48953,1.05,1.50
2011.04.05 01:08:29.790,1.48902,1.48953,1.05,1.50
2011.04.05 01:08:31.251,1.48897,1.48953,2.40,3.00
2011.04.05 01:08:31.470,1.48897,1.48953,2.40,3.00
2011.04.05 01:08:31.800,1.48892,1.48943,1.05,1.50
2011.04.05 01:08:32.461,1.48896,1.48951,2.25,2.25
2011.04.05 01:08:32.901,1.48896,1.48954,2.40,3.75
2011.04.05 01:08:33.941,1.48896,1.48954,2.40,3.90
2011.04.05 01:08:34.490,1.48897,1.48954,1.05,3.15
2011.04.05 01:08:34.820,1.48902,1.48954,1.05,3.00
2011.04.05 01:08:35.341,1.48896,1.48954,2.40,3.15
2011.04.05 01:08:35.453,1.48896,1.48954,2.25,4.05
2011.04.05 01:08:35.962,1.48887,1.48943,4.05,1.50
2011.04.05 01:08:36.581,1.48888,1.48943,2.25,1.50
2011.04.05 01:08:36.801,1.48881,1.48938,1.05,1.50
2011.04.05 01:08:37.025,1.48877,1.48933,2.59,1.50
2011.04.05 01:08:37.143,1.48877,1.48933,2.25,2.25
2011.04.05 01:08:37.361,1.48874,1.48933,2.25,2.25
2011.04.05 01:08:37.801,1.48874,1.48934,2.25,2.65
2011.04.05 01:08:38.133,1.4887,1.48923,2.25,1.50
2011.04.05 01:08:38.350,1.4887,1.48923,2.25,1.50
2011.04.05 01:08:40.120,1.48871,1.48923,2.25,1.50
2011.04.05 01:08:40.600,1.48871,1.48923,2.25,2.25
2011.04.05 01:08:41.007,1.48862,1.48913,1.50,1.50
2011.04.05 01:08:41.241,1.48857,1.48913,2.25,2.25
2011.04.05 01:08:41.654,1.4886,1.48913,1.50,3.75
2011.04.05 01:08:41.771,1.4886,1.48913,1.50,3.00
2011.04.05 01:08:42.210,1.4886,1.48913,1.50,1.50
2011.04.05 01:08:43.312,1.48867,1.48914,3.00,1.50
2011.04.05 01:08:43.421,1.48867,1.48919,3.00,1.65
2011.04.05 01:08:43.643,1.48867,1.4892,3.00,1.50
2011.04.05 01:08:43.981,1.48877,1.48931,2.25,1.50
2011.04.05 01:08:44.530,1.48877,1.48933,2.25,2.40
2011.04.05 01:08:45.131,1.48877,1.48933,2.25,2.40
2011.04.05 01:08:45.896,1.48877,1.48933,2.25,2.55
2011.04.05 01:08:48.653,1.48877,1.48933,2.25,2.25
2011.04.05 01:08:49.912,1.48877,1.48933,2.25,2.55
2011.04.05 01:08:50.430,1.48877,1.48933,2.25,2.40
2011.04.05 01:08:51.813,1.48871,1.48924,2.25,1.50
2011.04.05 01:08:52.261,1.48876,1.48928,2.25,1.50
2011.04.05 01:08:53.255,1.48876,1.48928,2.25,1.80
2011.04.05 01:08:53.811,1.48872,1.48929,1.50,1.50
2011.04.05 01:08:53.924,1.48872,1.48929,1.50,1.80
2011.04.05 01:08:54.480,1.48877,1.48928,2.25,1.80
2011.04.05 01:08:55.382,1.48868,1.48927,1.50,1.80
2011.04.05 01:08:55.713,1.48873,1.48927,1.50,1.80
2011.04.05 01:08:57.012,1.48873,1.48924,1.50,1.65
2011.04.05 01:08:57.451,1.48873,1.48924,1.50,1.65
2011.04.05 01:08:57.892,1.48876,1.48929,3.00,1.65
2011.04.05 01:08:58.112,1.48886,1.48933,1.09,1.65
2011.04.05 01:08:58.332,1.4889,1.48937,1.50,1.65
2011.04.05 01:08:58.716,1.48877,1.48934,2.59,1.65
2011.04.05 01:08:59.272,1.48877,1.48933,2.59,1.65
2011.04.05 01:08:59.824,1.48887,1.48934,2.25,1.50
2011.04.05 01:09:01.411,1.48887,1.48934,2.25,1.65
2011.04.05 01:09:02.582,1.48889,1.48934,1.50,1.50
2011.04.05 01:09:02.691,1.48889,1.4894,1.50,1.50
2011.04.05 01:09:02.910,1.48897,1.4894,2.25,1.65
2011.04.05 01:09:03.990,1.48897,1.4894,2.25,1.65
2011.04.05 01:09:04.541,1.48897,1.4894,2.25,1.65
2011.04.05 01:09:05.421,1.48897,1.4894,2.25,1.65
2011.04.05 01:09:06.240,1.48897,1.4894,2.25,1.50
2011.04.05 01:09:06.462,1.48897,1.4894,2.25,1.65
2011.04.05 01:09:06.685,1.48897,1.48942,2.25,2.25
2011.04.05 01:09:07.732,1.48897,1.48939,2.25,2.40
2011.04.05 01:09:09.471,1.48897,1.48939,2.25,1.50
2011.04.05 01:09:09.583,1.48897,1.48943,2.25,2.40
2011.04.05 01:09:09.802,1.48897,1.48946,2.25,2.40
2011.04.05 01:09:10.360,1.48891,1.48943,1.24,2.25
2011.04.05 01:09:10.972,1.48891,1.48943,1.24,2.25
2011.04.05 01:09:11.446,1.48887,1.48943,3.00,2.25
2011.04.05 01:09:12.335,1.48884,1.48943,1.50,2.25
2011.04.05 01:09:12.672,1.48881,1.48934,1.09,1.50
2011.04.05 01:09:13.113,1.48876,1.48934,3.75,1.50
2011.04.05 01:09:13.781,1.48877,1.48934,2.25,2.25
2011.04.05 01:09:14.111,1.48876,1.48934,3.90,3.00
2011.04.05 01:09:14.330,1.48876,1.48934,2.40,3.00
2011.04.05 01:09:15.880,1.48876,1.48934,2.40,3.00
2011.04.05 01:09:16.101,1.48876,1.48931,2.25,1.50
2011.04.05 01:09:16.431,1.48887,1.4894,1.50,1.50
2011.04.05 01:09:17.045,1.48889,1.48945,1.50,1.50
2011.04.05 01:09:20.352,1.48885,1.48946,1.65,1.50
2011.04.05 01:09:20.574,1.48885,1.48944,1.50,1.50
2011.04.05 01:09:20.913,1.48877,1.48923,1.65,1.50
2011.04.05 01:09:21.025,1.48871,1.48923,1.05,1.50
2011.04.05 01:09:21.253,1.48868,1.48923,1.50,1.50
2011.04.05 01:09:21.583,1.48866,1.48924,2.25,2.57
2011.04.05 01:09:21.692,1.48866,1.48924,2.25,4.07
2011.04.05 01:09:22.022,1.48861,1.48913,2.40,1.50
2011.04.05 01:09:23.883,1.48857,1.48913,2.25,2.57
2011.04.05 01:09:24.002,1.48857,1.48907,2.25,1.50
2011.04.05 01:09:24.441,1.48857,1.48907,2.25,1.50
2011.04.05 01:09:26.001,1.48852,1.48907,1.50,2.25
2011.04.05 01:09:26.331,1.48853,1.48898,1.50,1.50
2011.04.05 01:09:26.660,1.48853,1.48895,1.50,1.50
2011.04.05 01:09:28.774,1.48864,1.48903,1.13,1.50
2011.04.05 01:09:29.002,1.48863,1.48909,1.13,1.50
2011.04.05 01:09:29.222,1.48863,1.48916,1.50,1.50
2011.04.05 01:09:29.332,1.48864,1.4892,1.50,1.50
2011.04.05 01:09:29.661,1.48866,1.48923,2.25,1.50
2011.04.05 01:09:32.283,1.48866,1.48923,2.25,1.50
2011.04.05 01:09:32.392,1.48866,1.4892,2.25,1.50
2011.04.05 01:09:32.778,1.48866,1.48917,2.25,1.50
2011.04.05 01:09:34.761,1.48866,1.48917,2.25,1.50
2011.04.05 01:09:35.093,1.48866,1.48915,2.25,1.50
2011.04.05 01:09:35.543,1.48866,1.48915,2.25,1.50
2011.04.05 01:09:37.377,1.48861,1.48915,1.50,2.65
2011.04.05 01:09:37.496,1.48859,1.48912,1.50,1.50
2011.04.05 01:09:37.615,1.48856,1.48909,2.25,1.07
2011.04.05 01:09:37.950,1.48857,1.48908,2.25,1.07
2011.04.05 01:09:38.554,1.48847,1.48908,1.50,1.82
2011.04.05 01:09:38.893,1.48847,1.48903,3.00,1.50
2011.04.05 01:09:39.011,1.48856,1.48906,2.25,1.07
2011.04.05 01:09:39.671,1.48856,1.48907,2.25,1.50
2011.04.05 01:09:40.700,1.48858,1.48907,1.50,1.50
2011.04.05 01:09:40.812,1.48874,1.48907,1.50,1.50
2011.04.05 01:09:41.143,1.48867,1.4892,1.50,2.25
2011.04.05 01:09:41.253,1.48867,1.48916,1.50,1.50
2011.04.05 01:09:41.483,1.48856,1.48912,3.00,1.47
2011.04.05 01:09:41.932,1.48857,1.48916,2.25,2.25
2011.04.05 01:09:42.531,1.48857,1.48917,2.25,1.50
2011.04.05 01:09:44.902,1.48857,1.48919,1.50,1.50
2011.04.05 01:09:45.401,1.48857,1.48919,1.50,1.50
2011.04.05 01:09:45.731,1.48865,1.48919,2.25,1.50
2011.04.05 01:09:48.045,1.48866,1.48918,3.00,1.50
2011.04.05 01:09:48.604,1.4887,1.48917,1.50,1.50
2011.04.05 01:09:48.723,1.4887,1.48921,1.50,1.50
2011.04.05 01:09:49.051,1.48868,1.48916,1.50,1.50
2011.04.05 01:09:50.261,1.48866,1.48916,2.25,1.50
2011.04.05 01:09:51.451,1.48873,1.48916,1.50,1.50
2011.04.05 01:09:51.562,1.48876,1.48929,2.25,1.05
2011.04.05 01:09:51.672,1.48876,1.48929,2.25,1.05
2011.04.05 01:09:52.675,1.48876,1.48926,2.25,1.80
2011.04.05 01:09:53.363,1.48876,1.48926,2.25,1.65
2011.04.05 01:09:57.372,1.48876,1.48924,2.25,1.05
2011.04.05 01:09:58.646,1.48877,1.48922,2.25,1.05
2011.04.05 01:10:00.280,1.48877,1.48923,2.25,1.05
2011.04.05 01:10:00.391,1.48875,1.48925,1.50,1.50
2011.04.05 01:10:00.502,1.48875,1.48934,1.50,2.40
2011.04.05 01:10:00.721,1.48876,1.48934,2.25,2.40
2011.04.05 01:10:01.161,1.48887,1.48933,2.25,2.25
2011.04.05 01:10:09.421,1.48897,1.48937,1.50,2.25
2011.04.05 01:10:09.644,1.48877,1.48929,1.50,1.50
2011.04.05 01:10:09.870,1.48877,1.48926,3.00,1.50
2011.04.05 01:10:10.661,1.48877,1.48926,2.25,1.50
2011.04.05 01:10:11.815,1.48872,1.48923,1.50,2.25
2011.04.05 01:10:12.151,1.48872,1.48923,1.50,2.25
2011.04.05 01:10:12.482,1.48872,1.4892,1.50,1.50
2011.04.05 01:10:13.790,1.48875,1.4892,1.50,1.65
2011.04.05 01:10:14.222,1.48876,1.4892,2.25,1.50
2011.04.05 01:10:14.442,1.48876,1.4892,2.25,1.65
2011.04.05 01:10:15.983,1.48876,1.48919,2.25,1.80
2011.04.05 01:10:16.093,1.48871,1.48919,1.50,1.80
2011.04.05 01:10:16.201,1.48871,1.48919,1.50,1.80
2011.04.05 01:10:16.312,1.48867,1.48919,1.50,1.65
2011.04.05 01:10:16.753,1.48865,1.48918,1.50,3.30
2011.04.05 01:10:16.981,1.48852,1.4891,1.50,3.00
2011.04.05 01:10:17.351,1.48847,1.48907,2.25,3.00
2011.04.05 01:10:17.461,1.48857,1.48907,1.50,3.00
2011.04.05 01:10:17.571,1.48857,1.48907,1.50,3.00
2011.04.05 01:10:18.414,1.48857,1.48915,1.50,1.30
2011.04.05 01:10:18.533,1.48857,1.48915,2.25,1.45
2011.04.05 01:10:18.870,1.48847,1.48913,3.00,1.05
2011.04.05 01:10:20.000,1.48853,1.48909,1.50,1.05
2011.04.05 01:10:20.330,1.48857,1.48913,2.25,1.05
2011.04.05 01:10:20.765,1.48857,1.48911,2.25,1.05
2011.04.05 01:10:20.993,1.48857,1.48914,2.25,1.05
2011.04.05 01:10:21.163,1.48857,1.48911,2.25,1.05
2011.04.05 01:10:21.381,1.48857,1.48913,2.25,1.05
2011.04.05 01:10:21.764,1.48862,1.48913,1.50,1.05
2011.04.05 01:10:22.112,1.48866,1.48918,2.25,2.55
2011.04.05 01:10:22.332,1.48861,1.48913,1.50,1.05
2011.04.05 01:10:22.552,1.48866,1.48913,2.25,1.05
2011.04.05 01:10:22.772,1.48866,1.48914,2.25,1.05
2011.04.05 01:10:22.993,1.48858,1.48914,1.09,2.40
2011.04.05 01:10:23.103,1.48858,1.48914,1.09,1.65
2011.04.05 01:10:23.222,1.48867,1.48921,1.50,1.50
2011.04.05 01:10:23.334,1.48866,1.48921,3.00,1.50
2011.04.05 01:10:23.452,1.48866,1.48925,3.75,1.50
2011.04.05 01:10:23.563,1.48869,1.48929,1.50,1.65
2011.04.05 01:10:24.111,1.48868,1.48929,1.50,1.50
2011.04.05 01:10:25.550,1.48869,1.48929,1.50,1.50
2011.04.05 01:10:25.992,1.48868,1.48932,1.50,1.50
2011.04.05 01:10:26.320,1.48868,1.48929,1.50,1.50
2011.04.05 01:10:28.582,1.48868,1.48929,1.50,1.50
2011.04.05 01:10:31.091,1.48869,1.48928,1.50,1.50
2011.04.05 01:10:31.861,1.48867,1.48928,1.50,2.25
2011.04.05 01:10:32.410,1.48864,1.48925,1.50,2.25
2011.04.05 01:10:33.290,1.48864,1.48925,1.50,1.50
2011.04.05 01:10:33.663,1.48864,1.48925,1.50,1.65
2011.04.05 01:10:33.965,1.48867,1.48925,1.50,1.65
2011.04.05 01:10:34.081,1.48867,1.48925,1.50,1.50
2011.04.05 01:10:34.740,1.48867,1.48924,1.50,1.50
2011.04.05 01:10:35.743,1.48865,1.48924,1.50,1.50
2011.04.05 01:10:35.852,1.48862,1.4892,1.50,2.25
2011.04.05 01:10:35.964,1.48864,1.4892,1.50,2.25
2011.04.05 01:10:36.993,1.48864,1.4892,1.50,2.40
2011.04.05 01:10:37.111,1.48864,1.4892,1.50,2.40
2011.04.05 01:10:38.096,1.48864,1.4892,1.50,2.55
2011.04.05 01:10:38.321,1.48864,1.4892,1.50,2.40
2011.04.05 01:10:39.415,1.48864,1.4892,1.50,2.40
2011.04.05 01:10:39.531,1.48864,1.4892,1.50,2.55
2011.04.05 01:10:40.181,1.48864,1.4892,1.50,2.55
2011.04.05 01:10:40.403,1.48863,1.4892,1.50,2.40
2011.04.05 01:10:40.511,1.48863,1.4892,1.50,1.65
2011.04.05 01:10:40.621,1.4886,1.4892,1.50,1.50
2011.04.05 01:10:40.732,1.4886,1.4892,1.50,2.40
2011.04.05 01:10:41.876,1.4886,1.48919,1.50,1.05
2011.04.05 01:10:42.816,1.4886,1.4892,1.50,2.40
2011.04.05 01:10:43.510,1.4886,1.48919,1.50,1.05
2011.04.05 01:10:45.392,1.4886,1.4892,1.50,2.40
2011.04.05 01:10:46.212,1.48859,1.4892,1.50,2.40
2011.04.05 01:10:48.790,1.4886,1.4892,1.50,1.50
2011.04.05 01:10:49.861,1.4886,1.4892,1.50,1.65
2011.04.05 01:10:50.491,1.48861,1.48923,1.50,1.50
2011.04.05 01:10:50.711,1.48861,1.48927,1.50,2.25
2011.04.05 01:10:51.711,1.48863,1.48927,1.50,2.25
2011.04.05 01:10:51.933,1.48862,1.48931,1.50,1.15
2011.04.05 01:10:52.153,1.48861,1.48931,1.50,1.65
2011.04.05 01:10:55.291,1.48861,1.48929,1.50,1.15
2011.04.05 01:10:55.513,1.48863,1.48931,1.50,1.15
2011.04.05 01:10:55.623,1.48863,1.48933,1.50,2.25
2011.04.05 01:10:56.060,1.48867,1.48934,1.50,2.25
2011.04.05 01:10:56.461,1.48867,1.48937,2.25,1.15
2011.04.05 01:10:58.923,1.4887,1.48931,1.50,1.50
2011.04.05 01:10:59.033,1.4887,1.48934,1.50,1.50
2011.04.05 01:10:59.606,1.4887,1.48937,1.50,2.25
2011.04.05 01:11:00.083,1.48872,1.48937,1.50,2.40
2011.04.05 01:11:00.536,1.48872,1.48937,1.50,2.25
2011.04.05 01:11:01.583,1.48872,1.48937,1.50,1.50
2011.04.05 01:11:02.024,1.48871,1.48937,1.50,2.25
2011.04.05 01:11:02.356,1.48872,1.48934,1.50,1.50
2011.04.05 01:11:03.195,1.48872,1.48934,1.50,2.25
2011.04.05 01:11:03.310,1.48872,1.48934,1.50,1.50
2011.04.05 01:11:05.540,1.4887,1.48933,3.00,1.50
2011.04.05 01:11:05.652,1.48876,1.48934,1.50,1.50
2011.04.05 01:11:06.091,1.48872,1.48932,1.50,1.50
2011.04.05 01:11:06.534,1.48871,1.48932,1.50,2.25
2011.04.05 01:11:07.091,1.48871,1.4893,1.50,1.50
2011.04.05 01:11:08.677,1.48868,1.4893,3.00,1.65
2011.04.05 01:11:11.021,1.48876,1.4893,1.50,1.50
2011.04.05 01:11:11.382,1.48876,1.4893,1.50,1.65
2011.04.05 01:11:12.067,1.48876,1.4893,1.50,1.50
2011.04.05 01:11:13.610,1.48876,1.4893,1.50,1.65
2011.04.05 01:11:14.061,1.48876,1.4893,1.50,1.50
2011.04.05 01:11:14.283,1.48868,1.4893,1.50,1.50
2011.04.05 01:11:14.393,1.48871,1.48928,1.50,1.50
2011.04.05 01:11:14.723,1.48868,1.48928,1.50,2.25
2011.04.05 01:11:15.313,1.48877,1.48927,1.50,1.50
2011.04.05 01:11:15.643,1.48868,1.48927,1.50,2.25
2011.04.05 01:11:15.862,1.48868,1.4893,1.50,1.50
2011.04.05 01:11:16.082,1.48868,1.4893,1.50,2.25
2011.04.05 01:11:16.305,1.48866,1.48927,4.50,2.25
2011.04.05 01:11:16.862,1.48866,1.48926,1.50,1.50
2011.04.05 01:11:18.040,1.48866,1.48926,3.00,1.65
2011.04.05 01:11:19.381,1.48867,1.48927,1.50,2.40
2011.04.05 01:11:20.254,1.48877,1.48927,1.50,1.50
2011.04.05 01:11:20.920,1.48877,1.48929,1.50,1.50
2011.04.05 01:11:21.541,1.48867,1.48929,3.75,2.25
2011.04.05 01:11:21.762,1.4887,1.48929,1.50,1.50
2011.04.05 01:11:22.092,1.48877,1.48929,1.50,1.50
2011.04.05 01:11:23.640,1.48868,1.48929,3.00,1.50
2011.04.05 01:11:23.752,1.48876,1.48929,1.50,1.50
2011.04.05 01:11:24.930,1.48877,1.48929,1.50,1.50
2011.04.05 01:11:25.490,1.48877,1.4893,1.50,1.50
2011.04.05 01:11:31.033,1.48868,1.4893,1.50,1.65
2011.04.05 01:11:31.252,1.48877,1.4893,1.50,1.50
2011.04.05 01:11:32.655,1.48877,1.4893,3.00,1.65
2011.04.05 01:11:33.150,1.48877,1.4893,3.00,1.65
2011.04.05 01:11:33.841,1.48877,1.48927,3.00,1.50
2011.04.05 01:11:35.424,1.48878,1.48927,1.50,2.25
2011.04.05 01:11:35.914,1.48886,1.48928,1.50,2.25
2011.04.05 01:11:37.171,1.48883,1.48928,1.50,2.25
2011.04.05 01:11:37.392,1.48883,1.4893,1.50,2.25
2011.04.05 01:11:37.942,1.48884,1.48939,1.50,2.25
2011.04.05 01:11:38.271,1.48885,1.48939,1.50,2.25
2011.04.05 01:11:39.041,1.48886,1.48939,1.50,2.25
2011.04.05 01:11:46.981,1.48886,1.48937,1.50,1.50
2011.04.05 01:11:47.532,1.48881,1.48937,1.50,1.50
2011.04.05 01:11:47.642,1.48879,1.48938,1.50,1.50
2011.04.05 01:11:50.512,1.48879,1.48938,1.50,1.50
2011.04.05 01:11:55.441,1.48879,1.48932,1.50,1.50
2011.04.05 01:11:55.990,1.48876,1.48932,1.50,1.50
2011.04.05 01:11:57.780,1.48876,1.48932,1.50,1.50
2011.04.05 01:11:58.701,1.48871,1.48927,3.00,1.50
2011.04.05 01:11:59.210,1.4886,1.48916,2.25,1.13
2011.04.05 01:11:59.552,1.4886,1.48911,2.25,1.15
2011.04.05 01:11:59.662,1.48858,1.48908,2.25,1.15
2011.04.05 01:12:01.941,1.48857,1.4891,2.25,1.50
2011.04.05 01:12:02.050,1.48857,1.48913,2.25,1.28
2011.04.05 01:12:02.471,1.48857,1.48913,2.25,1.28
2011.04.05 01:12:09.010,1.48859,1.48917,2.25,1.65
2011.04.05 01:12:12.070,1.48859,1.48913,2.25,1.05
2011.04.05 01:12:12.180,1.48859,1.48917,2.25,1.65
2011.04.05 01:12:14.601,1.48861,1.48915,1.05,1.13
2011.04.05 01:12:14.932,1.48867,1.4892,2.25,1.88
2011.04.05 01:12:15.154,1.4887,1.4892,1.09,2.63
2011.04.05 01:12:15.382,1.48876,1.48934,1.50,1.50
2011.04.05 01:12:15.931,1.48877,1.48934,1.50,1.50
2011.04.05 01:12:16.042,1.48877,1.48938,1.50,2.25
2011.04.05 01:12:16.234,1.48871,1.48938,1.50,2.25
2011.04.05 01:12:19.002,1.48873,1.48937,1.50,2.25
2011.04.05 01:12:19.331,1.48872,1.4893,1.50,2.25
2011.04.05 01:12:21.964,1.48871,1.48928,1.50,2.25
2011.04.05 01:12:24.921,1.48872,1.48928,1.13,2.25
2011.04.05 01:12:25.251,1.48883,1.4893,1.50,1.28
2011.04.05 01:12:25.470,1.48872,1.4893,2.25,1.28
2011.04.05 01:12:29.893,1.48872,1.48931,2.25,1.65
2011.04.05 01:12:30.011,1.48877,1.48931,1.50,1.65
2011.04.05 01:12:32.921,1.48877,1.48931,1.50,1.50
2011.04.05 01:12:36.776,1.48877,1.48935,1.50,1.50
2011.04.05 01:12:40.121,1.48877,1.48935,1.88,1.50
2011.04.05 01:12:42.780,1.48873,1.48935,1.50,1.50
2011.04.05 01:12:42.891,1.48875,1.48937,1.50,2.25
2011.04.05 01:12:43.222,1.48887,1.48937,1.50,1.50
2011.04.05 01:12:43.332,1.48887,1.48942,1.50,1.50
2011.04.05 01:12:43.891,1.48886,1.48942,1.50,1.50
2011.04.05 01:12:47.581,1.48885,1.48937,1.50,1.50
2011.04.05 01:12:50.711,1.48885,1.48936,1.50,1.50
2011.04.05 01:12:54.231,1.48885,1.48936,1.50,1.50
2011.04.05 01:12:54.451,1.48885,1.48938,1.50,1.50
2011.04.05 01:12:54.560,1.48887,1.48938,1.50,1.50
2011.04.05 01:12:57.560,1.48887,1.48936,1.50,1.50
2011.04.05 01:12:57.670,1.48885,1.48936,1.50,1.50
2011.04.05 01:12:58.252,1.48882,1.48937,1.50,1.50
2011.04.05 01:12:59.202,1.48882,1.48937,1.65,1.50
2011.04.05 01:12:59.313,1.48882,1.48939,1.65,2.25
2011.04.05 01:13:00.177,1.48887,1.48939,1.50,1.50
2011.04.05 01:13:08.491,1.48887,1.48939,1.50,2.25
2011.04.05 01:13:09.496,1.48887,1.48932,1.50,1.50
2011.04.05 01:13:09.615,1.48887,1.48932,1.50,2.25
2011.04.05 01:13:12.512,1.48894,1.48932,1.09,2.25
2011.04.05 01:13:12.842,1.48888,1.48939,1.50,2.25
2011.04.05 01:13:13.173,1.48888,1.48939,1.50,2.25
2011.04.05 01:13:17.342,1.48895,1.48939,1.50,1.50
2011.04.05 01:13:17.562,1.48896,1.48943,2.25,1.50
2011.04.05 01:13:17.893,1.48903,1.48949,1.50,2.25
2011.04.05 01:13:18.332,1.48906,1.48953,2.25,2.25
2011.04.05 01:13:21.071,1.48906,1.48953,2.40,2.25
2011.04.05 01:13:21.622,1.48911,1.48953,1.50,2.25
2011.04.05 01:13:22.172,1.48911,1.48954,1.50,2.25
2011.04.05 01:13:22.942,1.48911,1.48954,1.50,2.25
2011.04.05 01:13:23.491,1.48911,1.48954,1.50,1.50
2011.04.05 01:13:24.042,1.48911,1.48957,1.50,2.25
2011.04.05 01:13:25.761,1.48911,1.48956,1.50,2.25
2011.04.05 01:13:26.301,1.48911,1.48956,1.50,2.25
2011.04.05 01:13:28.322,1.48912,1.48958,1.50,2.25
2011.04.05 01:13:30.871,1.48918,1.48963,1.50,2.25
2011.04.05 01:13:31.370,1.48918,1.48964,1.50,2.25
2011.04.05 01:13:32.392,1.48921,1.48964,1.50,2.25
2011.04.05 01:13:32.503,1.48923,1.48973,1.13,2.25
2011.04.05 01:13:32.611,1.48924,1.48973,1.50,2.25
2011.04.05 01:13:33.331,1.48924,1.48974,1.50,2.25
2011.04.05 01:13:36.791,1.48927,1.48975,1.65,2.25
2011.04.05 01:13:37.120,1.48928,1.48975,2.25,2.25
2011.04.05 01:13:37.771,1.48928,1.48975,1.50,2.25
2011.04.05 01:13:40.163,1.48928,1.48964,1.50,1.50
2011.04.05 01:13:40.274,1.48916,1.48964,2.40,1.50
2011.04.05 01:13:40.397,1.48919,1.48967,2.25,2.25
2011.04.05 01:13:40.622,1.48921,1.48974,1.65,2.25
2011.04.05 01:13:40.731,1.48921,1.48974,1.65,3.75
2011.04.05 01:13:40.843,1.4892,1.48973,1.13,2.25
2011.04.05 01:13:41.061,1.48914,1.48971,2.25,2.25
2011.04.05 01:13:42.141,1.48914,1.48964,1.50,1.50
2011.04.05 01:13:49.771,1.48917,1.48971,1.13,2.25
2011.04.05 01:13:51.645,1.48917,1.48973,1.43,2.59
2011.04.05 01:13:52.242,1.48917,1.48973,1.13,2.59
2011.04.05 01:13:55.392,1.48916,1.48973,1.28,2.59
2011.04.05 01:13:55.613,1.48916,1.48973,1.28,2.59
2011.04.05 01:13:56.193,1.48914,1.48973,1.28,2.59
2011.04.05 01:13:56.521,1.48914,1.48973,1.28,2.59
2011.04.05 01:14:08.651,1.48911,1.48973,1.28,4.09
2011.04.05 01:14:12.254,1.48911,1.48973,1.13,4.09
2011.04.05 01:14:12.486,1.48907,1.48962,2.40,1.50
2011.04.05 01:14:13.091,1.4891,1.48961,1.50,1.50
2011.04.05 01:14:16.821,1.48906,1.48961,1.50,1.50
2011.04.05 01:14:27.042,1.48906,1.48964,1.50,1.50
2011.04.05 01:14:27.263,1.4891,1.48967,2.25,1.50
2011.04.05 01:14:27.810,1.48913,1.48969,2.25,1.50
2011.04.05 01:14:33.920,1.48911,1.48966,1.50,1.50
2011.04.05 01:14:35.234,1.48911,1.48968,1.50,1.50
2011.04.05 01:14:41.991,1.48911,1.48965,1.50,1.50
2011.04.05 01:14:42.211,1.48909,1.48965,1.50,1.50
2011.04.05 01:14:42.320,1.48907,1.48965,3.90,1.50
2011.04.05 01:14:48.101,1.48907,1.48968,2.25,1.50
2011.04.05 01:14:52.851,1.48909,1.48968,1.50,1.50
2011.04.05 01:14:53.182,1.48909,1.48969,1.65,1.50
2011.04.05 01:14:53.511,1.48915,1.48969,1.50,1.50
2011.04.05 01:14:55.721,1.48915,1.48969,1.65,1.50
2011.04.05 01:14:57.862,1.48915,1.48969,1.50,1.50
2011.04.05 01:14:59.071,1.48915,1.48969,1.65,1.50
2011.04.05 01:14:59.401,1.48915,1.48969,1.50,1.50
2011.04.05 01:15:02.024,1.48924,1.48969,1.50,1.50
2011.04.05 01:15:02.142,1.48929,1.48976,1.50,1.50
2011.04.05 01:15:02.253,1.48929,1.48978,1.50,1.50
2011.04.05 01:15:02.362,1.48929,1.48978,1.50,1.50
2011.04.05 01:15:04.774,1.48928,1.48978,2.25,2.25
2011.04.05 01:15:05.002,1.48919,1.48973,1.50,1.50
2011.04.05 01:15:07.742,1.4892,1.48973,1.50,1.50
2011.04.05 01:15:08.070,1.48926,1.48977,1.50,1.50
2011.04.05 01:15:10.577,1.48924,1.48977,1.50,1.50
2011.04.05 01:15:10.911,1.48923,1.48975,1.50,1.50
2011.04.05 01:15:11.131,1.48921,1.48975,1.50,1.50
2011.04.05 01:15:11.241,1.4892,1.48975,2.25,1.50
2011.04.05 01:15:11.462,1.48919,1.48972,1.50,1.50
2011.04.05 01:15:14.451,1.4892,1.48972,1.50,1.50
2011.04.05 01:15:14.782,1.48921,1.48975,1.50,1.50
2011.04.05 01:15:16.271,1.48919,1.48975,1.50,1.50
2011.04.05 01:15:16.492,1.48919,1.48971,1.50,1.50
2011.04.05 01:15:18.383,1.48919,1.48972,1.50,1.50
2011.04.05 01:15:18.711,1.48924,1.48976,1.50,1.50
2011.04.05 01:15:24.850,1.48925,1.48976,1.65,1.50
2011.04.05 01:15:31.504,1.48925,1.48976,1.65,1.50
2011.04.05 01:15:31.890,1.48925,1.48976,1.65,1.50
2011.04.05 01:15:33.850,1.48925,1.48977,1.65,2.25
2011.04.05 01:15:36.578,1.48926,1.48977,1.05,2.25
2011.04.05 01:15:37.242,1.4893,1.48978,1.65,1.50
2011.04.05 01:15:39.740,1.4893,1.48981,1.65,2.25
2011.04.05 01:15:40.381,1.48931,1.48981,1.20,2.25
2011.04.05 01:15:40.711,1.48937,1.48988,1.05,2.25
2011.04.05 01:15:42.472,1.48941,1.48988,1.05,2.25
2011.04.05 01:15:43.205,1.48941,1.4898,1.05,1.50
2011.04.05 01:15:43.432,1.48937,1.48982,1.05,2.25
2011.04.05 01:15:43.544,1.48942,1.48984,1.05,2.25
2011.04.05 01:15:43.652,1.48942,1.48984,1.05,2.25
2011.04.05 01:15:43.984,1.48943,1.48984,2.03,2.25
2011.04.05 01:15:44.310,1.4895,1.4899,1.50,2.25
2011.04.05 01:15:46.553,1.48952,1.4899,1.09,2.25
2011.04.05 01:15:47.051,1.48954,1.48991,1.50,2.25
2011.04.05 01:15:47.271,1.48954,1.48991,1.50,2.25
2011.04.05 01:15:47.851,1.48954,1.48991,1.50,2.25
2011.04.05 01:15:48.070,1.48954,1.48991,1.50,2.25
2011.04.05 01:15:49.041,1.48954,1.48992,1.50,2.25
2011.04.05 01:15:51.552,1.4896,1.48992,1.09,2.25
2011.04.05 01:15:51.663,1.48961,1.48992,1.09,1.50
2011.04.05 01:15:51.772,1.48963,1.49,1.50,2.25
2011.04.05 01:15:53.453,1.48963,1.48996,1.50,1.13
2011.04.05 01:15:53.784,1.48949,1.4899,1.50,2.25
2011.04.05 01:16:00.215,1.48948,1.4899,1.50,2.25
2011.04.05 01:16:01.151,1.48948,1.4899,1.50,2.25
2011.04.05 01:16:01.262,1.48949,1.4899,1.50,2.25
2011.04.05 01:16:03.112,1.48948,1.4899,1.50,2.25
2011.04.05 01:16:03.445,1.48966,1.49009,1.50,1.50
2011.04.05 01:16:03.671,1.48967,1.49014,2.25,2.25
2011.04.05 01:16:03.781,1.48967,1.49014,2.25,2.25
2011.04.05 01:16:04.224,1.48967,1.49014,1.50,2.25
2011.04.05 01:16:04.343,1.4896,1.49011,1.65,2.25
2011.04.05 01:16:04.452,1.48956,1.49005,1.50,2.25
2011.04.05 01:16:04.851,1.48956,1.49005,1.50,2.25
2011.04.05 01:16:05.623,1.48956,1.49005,1.50,2.25
2011.04.05 01:16:05.730,1.48956,1.49005,1.50,2.25
2011.04.05 01:16:06.062,1.48956,1.49005,1.50,2.25
2011.04.05 01:16:06.171,1.4895,1.49005,1.50,2.25
2011.04.05 01:16:07.766,1.4895,1.48995,1.50,2.25
2011.04.05 01:16:09.984,1.4895,1.48995,1.50,2.25
2011.04.05 01:16:10.931,1.48947,1.48995,1.09,2.25
2011.04.05 01:16:11.352,1.48947,1.48995,3.27,2.25
2011.04.05 01:16:12.791,1.48951,1.48998,1.65,2.25
2011.04.05 01:16:12.902,1.48957,1.49,1.09,2.25
2011.04.05 01:16:16.041,1.48957,1.49,2.89,2.25
2011.04.05 01:16:16.152,1.4896,1.49,1.65,2.25
2011.04.05 01:16:17.911,1.4896,1.49004,2.40,2.25
2011.04.05 01:16:18.241,1.48963,1.49004,1.09,2.25
2011.04.05 01:16:18.571,1.48963,1.49004,1.09,2.25
2011.04.05 01:16:18.903,1.48957,1.48999,1.50,2.25
2011.04.05 01:16:19.234,1.48958,1.48997,1.50,2.25
2011.04.05 01:16:19.343,1.48958,1.48997,1.50,2.25
2011.04.05 01:16:19.565,1.48952,1.49001,1.09,2.25
2011.04.05 01:16:20.123,1.48946,1.48995,2.59,2.25
2011.04.05 01:16:20.231,1.48944,1.48995,1.50,2.25
2011.04.05 01:16:21.180,1.48943,1.48994,2.25,2.25
2011.04.05 01:16:25.101,1.48943,1.48991,1.50,2.25
2011.04.05 01:16:27.312,1.48943,1.48981,1.50,2.25
2011.04.05 01:16:27.422,1.48933,1.48981,1.65,2.25
2011.04.05 01:16:27.532,1.48931,1.48981,1.05,2.25
2011.04.05 01:16:27.861,1.48931,1.48979,1.05,2.25
2011.04.05 01:16:29.711,1.48927,1.48979,1.05,2.25
2011.04.05 01:16:32.970,1.48927,1.48979,1.05,2.25
2011.04.05 01:16:39.223,1.48927,1.48978,1.28,1.05
2011.04.05 01:16:39.334,1.48926,1.48974,2.40,2.40
2011.04.05 01:16:39.554,1.48926,1.48969,1.50,2.25
2011.04.05 01:16:43.183,1.48933,1.48969,1.13,2.25
2011.04.05 01:16:43.621,1.48926,1.48978,1.50,2.55
2011.04.05 01:16:43.957,1.48932,1.48974,1.24,2.25
2011.04.05 01:16:44.072,1.48936,1.48974,1.84,1.50
2011.04.05 01:16:44.183,1.48936,1.48982,1.99,2.25
2011.04.05 01:16:48.471,1.48937,1.48982,1.80,2.25
2011.04.05 01:16:48.802,1.48945,1.48991,1.65,2.25
2011.04.05 01:16:48.912,1.48957,1.48991,1.50,2.25
2011.04.05 01:16:49.241,1.48957,1.48991,1.50,2.25
2011.04.05 01:16:49.351,1.48957,1.4899,1.50,2.25
2011.04.05 01:16:52.493,1.48957,1.48997,1.50,2.25
2011.04.05 01:16:53.492,1.48957,1.49003,1.50,2.25
2011.04.05 01:16:53.711,1.48957,1.49003,1.65,2.25
2011.04.05 01:16:54.733,1.48957,1.48997,1.50,2.25
2011.04.05 01:16:54.844,1.48952,1.48997,1.50,2.25
2011.04.05 01:16:54.953,1.48946,1.4899,1.65,2.25
2011.04.05 01:16:56.383,1.48946,1.4899,1.65,2.25
2011.04.05 01:16:57.665,1.48946,1.48986,1.50,2.25
2011.04.05 01:17:09.115,1.48938,1.48986,1.50,2.25
2011.04.05 01:17:09.233,1.48936,1.48976,3.00,2.25
2011.04.05 01:17:09.343,1.48936,1.48977,2.25,2.25
2011.04.05 01:17:09.678,1.48936,1.48977,2.59,2.25
2011.04.05 01:17:09.799,1.48936,1.48982,2.74,2.25
2011.04.05 01:17:17.552,1.48937,1.48984,1.84,2.25
2011.04.05 01:17:18.100,1.48937,1.48979,1.50,2.25
2011.04.05 01:17:21.416,1.48937,1.48979,1.50,2.25
2011.04.05 01:17:21.753,1.48943,1.48979,1.50,2.25
2011.04.05 01:17:21.862,1.48943,1.48984,1.65,1.50
2011.04.05 01:17:22.084,1.48949,1.48989,1.09,2.25
2011.04.05 01:17:22.192,1.48956,1.48989,2.25,2.25
2011.04.05 01:17:22.520,1.48954,1.48995,1.50,2.25
2011.04.05 01:17:22.992,1.48949,1.48995,1.84,2.25
2011.04.05 01:17:23.812,1.48949,1.48995,1.84,2.25
2011.04.05 01:17:25.143,1.48949,1.48995,1.84,2.25
2011.04.05 01:17:25.362,1.48949,1.48993,1.50,2.25
2011.04.05 01:17:27.431,1.48946,1.48988,1.50,2.25
2011.04.05 01:17:27.540,1.48943,1.48988,1.50,2.25
2011.04.05 01:17:30.631,1.48947,1.48988,1.50,2.25
2011.04.05 01:17:39.541,1.48946,1.48983,1.50,2.25
2011.04.05 01:17:39.653,1.48946,1.48998,2.40,1.50
2011.04.05 01:17:39.871,1.48957,1.48998,1.50,1.50
2011.04.05 01:17:40.313,1.48951,1.48998,1.50,1.50
2011.04.05 01:17:40.422,1.48948,1.48993,1.50,2.25
2011.04.05 01:17:40.532,1.48946,1.48993,1.50,2.25
2011.04.05 01:17:43.642,1.48946,1.48993,1.50,2.25
2011.04.05 01:17:56.482,1.48946,1.48994,2.25,2.25
2011.04.05 01:17:57.032,1.48952,1.48998,1.50,2.25
2011.04.05 01:17:59.853,1.48956,1.49003,2.40,2.25
2011.04.05 01:18:14.391,1.48956,1.48999,2.25,2.25
2011.04.05 01:18:19.575,1.48956,1.48999,3.90,2.25
2011.04.05 01:18:22.453,1.48957,1.48999,1.05,2.25
2011.04.05 01:18:23.342,1.48956,1.49006,3.90,2.25
2011.04.05 01:18:24.603,1.48956,1.49006,4.05,2.25
2011.04.05 01:18:25.714,1.48956,1.49006,3.90,2.25
2011.04.05 01:18:27.322,1.48958,1.49006,1.05,2.25
2011.04.05 01:18:27.653,1.48957,1.49012,1.65,2.25
2011.04.05 01:18:27.762,1.48957,1.49012,1.65,2.25
2011.04.05 01:18:28.491,1.48957,1.49012,1.65,2.25
2011.04.05 01:18:28.821,1.48961,1.49012,1.05,2.25
2011.04.05 01:18:30.594,1.48957,1.49012,1.95,2.25
2011.04.05 01:18:31.025,1.48957,1.49012,1.65,2.25
2011.04.05 01:18:32.675,1.48957,1.49012,1.80,2.25
2011.04.05 01:18:36.012,1.48957,1.49001,1.65,2.25
2011.04.05 01:18:44.202,1.48957,1.49007,2.40,2.25
2011.04.05 01:18:44.534,1.48971,1.49009,1.09,2.25
2011.04.05 01:18:44.861,1.48976,1.49011,1.50,2.25
2011.04.05 01:18:48.722,1.48969,1.49011,1.50,2.25
2011.04.05 01:18:49.271,1.48976,1.49011,1.50,2.25
2011.04.05 01:18:51.863,1.48977,1.49013,1.50,1.50
2011.04.05 01:18:52.793,1.48977,1.49023,1.65,2.25
2011.04.05 01:18:53.284,1.48976,1.49023,2.25,2.25
2011.04.05 01:18:53.970,1.48976,1.49012,1.50,2.25
2011.04.05 01:18:54.183,1.48976,1.49012,1.50,2.25
2011.04.05 01:18:56.263,1.48976,1.49012,1.50,2.25
2011.04.05 01:18:56.373,1.48969,1.49012,1.50,2.25
2011.04.05 01:18:59.823,1.48972,1.49009,1.13,2.25
2011.04.05 01:19:00.044,1.4898,1.49015,1.09,2.25
2011.04.05 01:19:00.594,1.4898,1.49017,1.09,2.25
2011.04.05 01:19:01.277,1.48977,1.49017,1.84,2.25
2011.04.05 01:19:04.652,1.48977,1.49019,1.84,2.25
2011.04.05 01:19:07.474,1.48977,1.49019,1.50,2.25
2011.04.05 01:19:07.592,1.48977,1.49017,1.50,2.25
2011.04.05 01:19:07.921,1.48977,1.49013,1.50,2.25
2011.04.05 01:19:11.045,1.48966,1.49015,2.25,2.25
2011.04.05 01:19:11.163,1.48966,1.4901,1.50,2.25
2011.04.05 01:19:11.601,1.48964,1.49011,1.50,2.25
2011.04.05 01:19:12.694,1.48966,1.49011,1.50,2.25
2011.04.05 01:19:12.913,1.48966,1.49011,2.37,2.25
2011.04.05 01:19:13.026,1.48968,1.49011,1.09,2.25
2011.04.05 01:19:13.142,1.48973,1.49014,1.50,2.25
2011.04.05 01:19:13.581,1.48973,1.49016,1.50,2.25
2011.04.05 01:19:13.911,1.48968,1.49016,1.50,2.25
2011.04.05 01:19:15.082,1.4897,1.49019,1.99,2.25
2011.04.05 01:19:15.808,1.48977,1.49023,1.50,3.75
2011.04.05 01:19:15.928,1.48976,1.49021,1.09,2.25
2011.04.05 01:19:16.371,1.48975,1.49021,1.50,2.25
2011.04.05 01:19:25.946,1.48975,1.49019,1.50,2.25
2011.04.05 01:19:26.281,1.48975,1.49019,1.50,2.25
2011.04.05 01:19:31.111,1.48975,1.49019,1.50,2.25
2011.04.05 01:19:31.222,1.48975,1.49019,1.50,2.25
2011.04.05 01:19:33.731,1.48977,1.49019,2.25,2.25
2011.04.05 01:19:35.144,1.48977,1.49021,1.50,2.25
2011.04.05 01:19:35.366,1.48971,1.49024,1.50,2.40
2011.04.05 01:19:36.032,1.48971,1.49021,1.50,2.25
2011.04.05 01:19:36.254,1.48967,1.49018,1.50,2.25
2011.04.05 01:19:37.462,1.48966,1.49018,2.25,2.25
2011.04.05 01:19:37.574,1.48966,1.49018,2.25,2.25
2011.04.05 01:19:37.795,1.48966,1.49023,2.25,2.25
2011.04.05 01:19:48.772,1.48968,1.49015,1.50,2.25
2011.04.05 01:19:51.373,1.48968,1.49013,1.50,1.50
2011.04.05 01:19:51.484,1.48968,1.49015,1.50,1.09
2011.04.05 01:19:51.689,1.48968,1.49015,1.50,1.09
2011.04.05 01:19:51.810,1.48966,1.49011,1.50,2.25
2011.04.05 01:19:51.924,1.48962,1.49013,1.50,2.25
2011.04.05 01:19:52.034,1.48967,1.49013,1.50,2.25
2011.04.05 01:19:52.931,1.48967,1.49013,1.50,2.25
2011.04.05 01:20:04.883,1.48962,1.49007,1.50,1.09
2011.04.05 01:20:04.992,1.48962,1.49004,1.50,2.25
2011.04.05 01:20:05.211,1.48957,1.49002,3.00,2.25
2011.04.05 01:20:05.321,1.48957,1.49002,2.25,2.25
2011.04.05 01:20:05.431,1.48957,1.49002,2.25,2.25
2011.04.05 01:20:08.084,1.48957,1.49002,2.25,2.25
2011.04.05 01:20:10.653,1.48958,1.49002,1.50,2.25
2011.04.05 01:20:10.982,1.48967,1.4901,1.50,2.25
2011.04.05 01:20:11.411,1.48967,1.4901,1.50,2.25
2011.04.05 01:20:16.822,1.48966,1.49011,1.50,2.25
2011.04.05 01:20:17.431,1.48966,1.4901,3.00,2.25
2011.04.05 01:20:25.764,1.48966,1.49004,1.50,2.59
2011.04.05 01:20:25.982,1.48957,1.49002,1.50,2.25
2011.04.05 01:20:26.202,1.48956,1.49,1.50,2.25
2011.04.05 01:20:26.312,1.48956,1.49,1.50,2.25
2011.04.05 01:20:26.863,1.48956,1.49,1.50,2.25
2011.04.05 01:20:27.523,1.48942,1.48992,1.65,1.50
2011.04.05 01:20:27.633,1.4894,1.48988,2.40,1.09
2011.04.05 01:20:27.852,1.48939,1.48988,2.40,1.09
2011.04.05 01:20:30.234,1.48941,1.48994,1.05,2.25
2011.04.05 01:20:31.461,1.48947,1.48996,1.50,2.25
2011.04.05 01:20:39.286,1.48947,1.48998,3.15,1.09
2011.04.05 01:20:39.514,1.48956,1.49008,1.50,3.34
2011.04.05 01:20:40.062,1.48956,1.49008,2.25,1.09
2011.04.05 01:20:40.663,1.48956,1.49008,2.25,1.09
2011.04.05 01:20:41.271,1.48956,1.49008,2.25,1.09
2011.04.05 01:20:42.055,1.48956,1.49013,2.40,2.25
2011.04.05 01:20:42.283,1.4896,1.49013,1.50,2.25
2011.04.05 01:20:42.585,1.4896,1.49014,1.50,3.75
2011.04.05 01:20:42.893,1.48964,1.49014,1.50,3.75
2011.04.05 01:20:46.082,1.48964,1.49014,1.50,2.25
2011.04.05 01:20:46.412,1.48964,1.49014,1.50,2.25
2011.04.05 01:20:47.605,1.48964,1.49015,1.50,2.25
2011.04.05 01:20:47.724,1.4896,1.49015,1.50,2.25
2011.04.05 01:20:48.052,1.48955,1.49014,1.65,2.25
2011.04.05 01:20:49.414,1.48955,1.49008,1.50,1.50
2011.04.05 01:20:49.743,1.48954,1.49008,2.25,2.25
2011.04.05 01:20:50.815,1.48954,1.49003,1.50,2.25
2011.04.05 01:20:51.041,1.48948,1.49003,1.65,2.25
2011.04.05 01:20:51.716,1.48948,1.49003,1.65,2.25
2011.04.05 01:20:52.244,1.48948,1.49003,1.65,2.25
2011.04.05 01:20:52.372,1.4895,1.49003,1.65,2.25
2011.04.05 01:20:53.071,1.4895,1.49003,1.65,2.25
2011.04.05 01:20:54.243,1.48956,1.49007,2.25,2.25
2011.04.05 01:21:00.853,1.48951,1.49,1.50,2.25
2011.04.05 01:21:01.071,1.48945,1.49,1.24,2.25
2011.04.05 01:21:01.181,1.48945,1.49,1.24,2.25
2011.04.05 01:21:01.601,1.48947,1.49,1.50,2.25
2011.04.05 01:21:02.131,1.48947,1.49,3.00,2.25
2011.04.05 01:21:13.773,1.48952,1.49,1.50,2.25
2011.04.05 01:21:14.102,1.48954,1.49005,2.25,2.25
2011.04.05 01:21:14.762,1.48957,1.49005,1.50,2.25
2011.04.05 01:21:16.124,1.48953,1.49006,1.50,2.25
2011.04.05 01:21:16.232,1.48951,1.49006,1.65,2.25
2011.04.05 01:21:32.234,1.48948,1.49001,1.50,2.25
2011.04.05 01:21:32.342,1.48946,1.49001,1.65,2.25
2011.04.05 01:21:34.062,1.48948,1.49001,1.50,2.25
2011.04.05 01:21:43.004,1.48952,1.49001,1.50,2.25
2011.04.05 01:21:48.315,1.48952,1.49001,1.50,2.25
2011.04.05 01:21:57.033,1.48946,1.49002,3.00,2.25
2011.04.05 01:21:59.701,1.48947,1.49002,1.50,2.25
2011.04.05 01:22:00.544,1.48956,1.49009,1.50,2.25
2011.04.05 01:22:01.463,1.48947,1.49009,3.00,2.40
2011.04.05 01:22:02.012,1.48947,1.49004,3.00,2.25
2011.04.05 01:22:02.122,1.48947,1.49004,3.00,2.25
2011.04.05 01:22:02.342,1.48947,1.49004,3.00,2.25
2011.04.05 01:22:02.563,1.48947,1.49007,3.15,2.25
2011.04.05 01:22:03.112,1.48953,1.49008,1.50,2.25
2011.04.05 01:22:05.582,1.48953,1.49008,1.50,2.25
2011.04.05 01:22:07.312,1.48953,1.49008,1.88,2.25
2011.04.05 01:22:07.642,1.48966,1.49013,1.50,2.25
2011.04.05 01:22:07.971,1.48966,1.49015,1.50,2.25
2011.04.05 01:22:09.242,1.48966,1.49015,1.50,2.25
2011.04.05 01:22:13.106,1.48958,1.49014,1.09,1.50
2011.04.05 01:22:19.845,1.48957,1.49011,2.25,2.25
2011.04.05 01:22:34.161,1.48957,1.49005,2.25,2.25
2011.04.05 01:22:46.522,1.48957,1.49004,3.00,2.25
2011.04.05 01:22:49.674,1.48957,1.49006,2.40,2.25
2011.04.05 01:22:49.992,1.4895,1.49006,1.50,2.25
2011.04.05 01:22:50.553,1.4895,1.48996,1.50,1.50
2011.04.05 01:22:51.114,1.4895,1.48998,1.50,2.25
2011.04.05 01:23:00.364,1.48957,1.49004,1.50,2.25
2011.04.05 01:23:09.154,1.48947,1.49003,2.25,2.25
2011.04.05 01:23:09.281,1.48947,1.49003,1.50,2.25
2011.04.05 01:23:09.615,1.48947,1.48992,1.50,2.25
2011.04.05 01:23:10.064,1.48947,1.48992,1.50,2.25
2011.04.05 01:23:10.173,1.48936,1.48988,2.25,2.25
2011.04.05 01:23:10.287,1.48936,1.48988,1.50,2.25
2011.04.05 01:23:21.276,1.48928,1.48992,1.50,2.25
2011.04.05 01:23:21.508,1.48922,1.48975,2.25,1.50
2011.04.05 01:23:21.845,1.48926,1.48979,2.25,2.25
2011.04.05 01:23:21.963,1.48921,1.48973,1.50,3.00
2011.04.05 01:23:22.072,1.48921,1.48973,1.50,3.00
2011.04.05 01:23:22.292,1.48923,1.48973,1.50,3.00
2011.04.05 01:23:22.624,1.48926,1.48976,1.50,1.50
2011.04.05 01:23:23.065,1.4892,1.48973,1.50,2.25
2011.04.05 01:23:23.622,1.48927,1.48974,1.50,2.25
2011.04.05 01:23:25.672,1.48927,1.48974,1.50,2.40
2011.04.05 01:23:26.873,1.48917,1.48974,3.00,2.25
2011.04.05 01:23:26.983,1.48917,1.48969,2.25,1.50
2011.04.05 01:23:27.763,1.48916,1.48968,2.40,2.25
2011.04.05 01:23:29.743,1.48916,1.48968,1.50,2.55
2011.04.05 01:23:29.965,1.48916,1.48962,1.50,1.50
2011.04.05 01:23:34.292,1.48907,1.4896,2.25,1.65
2011.04.05 01:23:37.503,1.48907,1.48958,2.40,1.05
2011.04.05 01:23:37.832,1.48907,1.4896,2.40,1.65
2011.04.05 01:23:40.654,1.48907,1.48959,2.25,1.05
2011.04.05 01:23:40.982,1.48907,1.48959,2.25,1.05
2011.04.05 01:23:43.234,1.48907,1.48959,2.25,1.65
2011.04.05 01:23:43.922,1.48904,1.48959,2.59,1.80
2011.04.05 01:23:44.292,1.48904,1.48959,2.59,1.65
2011.04.05 01:23:46.842,1.48906,1.48959,3.00,1.80
2011.04.05 01:23:47.063,1.48904,1.48959,1.84,1.80
2011.04.05 01:23:47.613,1.4891,1.48963,1.50,1.05
2011.04.05 01:23:47.945,1.48917,1.48963,2.25,2.25
2011.04.05 01:23:50.092,1.48917,1.48963,1.50,2.25
2011.04.05 01:23:50.642,1.48907,1.48953,2.25,2.25
2011.04.05 01:23:54.103,1.48909,1.48953,1.50,1.50
2011.04.05 01:23:54.213,1.48909,1.48961,1.50,1.50
2011.04.05 01:23:54.322,1.48909,1.48964,1.50,2.40
2011.04.05 01:23:54.454,1.48916,1.48965,1.50,2.40
2011.04.05 01:23:56.142,1.48907,1.48963,2.25,2.40
2011.04.05 01:24:03.644,1.48907,1.48963,3.00,2.40
2011.04.05 01:24:03.753,1.48907,1.48963,3.00,2.40
2011.04.05 01:24:04.853,1.48907,1.48963,2.25,2.40
2011.04.05 01:24:12.594,1.48907,1.48963,2.25,2.40
2011.04.05 01:24:13.144,1.48902,1.48953,1.50,2.25
2011.04.05 01:24:13.472,1.48902,1.48953,1.50,2.25
2011.04.05 01:24:14.047,1.48902,1.48953,1.50,2.25
2011.04.05 01:24:14.272,1.48906,1.48959,2.25,1.65
2011.04.05 01:24:15.481,1.48902,1.48954,1.50,2.25
2011.04.05 01:24:15.702,1.48902,1.48954,1.50,2.25
2011.04.05 01:24:16.781,1.48902,1.48954,1.50,2.25
2011.04.05 01:24:27.803,1.48898,1.48946,2.25,1.50
2011.04.05 01:24:28.134,1.48884,1.48933,2.25,2.25
2011.04.05 01:24:28.462,1.48884,1.48933,1.13,2.25
2011.04.05 01:24:28.794,1.48883,1.48931,1.88,1.50
2011.04.05 01:24:29.563,1.48887,1.48937,1.50,1.09
2011.04.05 01:24:29.892,1.48887,1.48937,1.50,1.09
2011.04.05 01:24:30.113,1.48887,1.48937,1.50,1.09
2011.04.05 01:24:30.332,1.48887,1.48937,1.50,1.09
2011.04.05 01:24:30.992,1.48887,1.48937,1.50,1.09
2011.04.05 01:24:31.853,1.48887,1.48937,1.50,1.09
2011.04.05 01:24:32.402,1.48886,1.48937,3.00,1.09
2011.04.05 01:24:32.622,1.48886,1.48937,3.00,1.09
2011.04.05 01:24:35.093,1.48886,1.48937,3.15,1.09
2011.04.05 01:24:35.423,1.48887,1.48937,1.05,1.09
2011.04.05 01:24:35.753,1.48892,1.48944,2.25,2.40
2011.04.05 01:24:35.972,1.48886,1.48944,3.15,2.40
2011.04.05 01:24:37.613,1.48886,1.48944,3.15,2.40
2011.04.05 01:24:39.096,1.48886,1.48944,3.15,2.55
2011.04.05 01:24:40.633,1.48893,1.48943,2.25,1.05
2011.04.05 01:24:54.192,1.4889,1.48943,1.50,2.55
2011.04.05 01:24:57.352,1.48896,1.48943,2.25,1.05
2011.04.05 01:25:04.532,1.48896,1.48943,2.25,1.05
2011.04.05 01:25:05.892,1.48896,1.48943,2.25,1.05
2011.04.05 01:25:06.551,1.48896,1.48943,2.25,1.05
2011.04.05 01:25:10.426,1.48896,1.48944,2.25,2.25
2011.04.05 01:25:10.762,1.48896,1.48944,2.25,2.25
2011.04.05 01:25:11.377,1.48906,1.48953,1.50,1.05
2011.04.05 01:25:11.977,1.48906,1.48953,2.25,1.05
2011.04.05 01:25:16.062,1.48906,1.48954,1.50,2.55
2011.04.05 01:25:17.313,1.48906,1.48954,2.25,1.80
2011.04.05 01:25:17.534,1.48906,1.48954,1.50,2.55
2011.04.05 01:25:19.175,1.48906,1.48948,1.50,1.80
2011.04.05 01:25:19.285,1.48897,1.48943,2.25,2.40
2011.04.05 01:25:19.613,1.48886,1.48944,2.40,2.40
2011.04.05 01:25:20.323,1.48886,1.48934,3.15,2.25
2011.04.05 01:25:23.072,1.48886,1.48934,2.25,2.25
2011.04.05 01:25:23.491,1.48886,1.48934,2.25,2.25
2011.04.05 01:25:45.976,1.48887,1.48933,2.25,2.25
2011.04.05 01:25:46.316,1.48886,1.48934,2.25,2.25
2011.04.05 01:25:46.655,1.48889,1.48944,2.25,2.25
2011.04.05 01:25:47.142,1.48897,1.48953,2.25,2.40
2011.04.05 01:25:47.256,1.48888,1.48943,2.25,2.25
2011.04.05 01:25:47.593,1.48891,1.48943,2.25,2.25
2011.04.05 01:25:48.401,1.48891,1.48943,2.25,2.25
2011.04.05 01:25:57.521,1.48897,1.48949,2.25,2.25
2011.04.05 01:25:57.634,1.48897,1.48949,2.25,2.40
2011.04.05 01:26:01.662,1.48897,1.48949,2.25,2.40
2011.04.05 01:26:17.812,1.48897,1.48949,2.25,2.25
2011.04.05 01:26:18.143,1.48906,1.48953,2.25,2.25
2011.04.05 01:26:18.472,1.48906,1.48954,2.25,2.40
2011.04.05 01:26:20.103,1.48906,1.48954,2.25,2.25
2011.04.05 01:26:20.727,1.48917,1.48955,1.50,2.25
2011.04.05 01:26:20.953,1.48906,1.48955,2.25,2.25
2011.04.05 01:26:21.803,1.48916,1.48955,1.50,2.25
2011.04.05 01:26:29.292,1.48916,1.48955,1.50,2.25
2011.04.05 01:26:32.972,1.48916,1.48959,1.50,2.40
2011.04.05 01:26:34.044,1.48907,1.4896,3.00,2.25
2011.04.05 01:26:34.153,1.48907,1.4896,3.00,2.25
2011.04.05 01:26:34.728,1.48916,1.4896,1.50,2.25
2011.04.05 01:26:52.236,1.48917,1.4896,1.50,2.25
2011.04.05 01:27:04.772,1.48917,1.48962,1.50,2.25
2011.04.05 01:27:08.673,1.48917,1.48963,1.50,2.40
2011.04.05 01:27:12.162,1.48907,1.48953,2.40,2.25
2011.04.05 01:27:13.746,1.48913,1.48953,1.50,2.25
2011.04.05 01:27:13.977,1.48909,1.48969,3.00,2.25
2011.04.05 01:27:14.093,1.48909,1.48969,2.25,2.40
2011.04.05 01:27:14.424,1.48909,1.48963,2.25,2.25
2011.04.05 01:27:16.836,1.48916,1.4897,3.15,2.25
2011.04.05 01:27:17.172,1.48927,1.4897,1.50,2.25
2011.04.05 01:27:20.804,1.48916,1.48969,1.50,2.25
2011.04.05 01:27:20.914,1.48916,1.48973,1.65,2.25
2011.04.05 01:27:24.157,1.48916,1.48964,1.65,2.25
2011.04.05 01:27:24.752,1.48916,1.48964,1.50,2.25
2011.04.05 01:27:25.085,1.48916,1.48974,1.80,2.25
2011.04.05 01:27:25.384,1.48916,1.4898,2.55,2.25
2011.04.05 01:27:27.014,1.48921,1.4898,1.05,1.50
2011.04.05 01:27:27.544,1.48922,1.4898,1.05,1.50
2011.04.05 01:27:28.997,1.48916,1.4898,2.55,1.50
2011.04.05 01:27:29.444,1.48916,1.48983,2.55,1.50
2011.04.05 01:27:30.252,1.48922,1.48983,1.05,1.50
2011.04.05 01:27:31.728,1.48916,1.48983,2.55,1.50
2011.04.05 01:27:34.857,1.48921,1.48983,1.05,1.50
2011.04.05 01:27:35.412,1.48927,1.48984,1.50,1.50
2011.04.05 01:27:37.985,1.48927,1.48984,2.25,1.50
2011.04.05 01:27:38.368,1.48927,1.48984,2.55,1.50
2011.04.05 01:27:39.222,1.48927,1.48984,2.40,1.50
2011.04.05 01:28:09.683,1.48926,1.48985,2.40,1.50
2011.04.05 01:28:16.725,1.48926,1.48984,2.40,1.50
2011.04.05 01:28:17.862,1.48926,1.48983,2.25,1.50
2011.04.05 01:28:18.192,1.48926,1.48986,2.40,1.50
2011.04.05 01:28:19.578,1.48927,1.48986,1.05,1.50
2011.04.05 01:28:20.059,1.48926,1.48986,2.40,1.50
2011.04.05 01:28:21.669,1.48926,1.48986,2.55,1.50
2011.04.05 01:28:23.094,1.48926,1.48986,2.40,1.50
2011.04.05 01:28:24.782,1.4893,1.48986,1.50,1.50
2011.04.05 01:28:25.362,1.48926,1.48986,2.40,1.50
2011.04.05 01:28:25.472,1.48926,1.48982,2.25,1.50
2011.04.05 01:28:25.864,1.48926,1.48985,2.40,1.50
2011.04.05 01:28:26.194,1.48926,1.48985,2.25,1.50
2011.04.05 01:28:26.414,1.48926,1.48987,3.00,1.50
2011.04.05 01:28:26.744,1.48934,1.48987,1.50,1.50
2011.04.05 01:28:27.513,1.48932,1.48992,2.25,2.25
2011.04.05 01:28:27.734,1.48936,1.48992,2.25,1.50
2011.04.05 01:28:27.956,1.48936,1.48998,2.25,1.50
2011.04.05 01:28:28.076,1.48936,1.48999,2.25,1.50
2011.04.05 01:28:28.686,1.48936,1.48998,2.25,1.50
2011.04.05 01:28:29.250,1.48936,1.48999,2.25,1.50
2011.04.05 01:28:29.694,1.48947,1.48999,2.25,1.50
2011.04.05 01:28:30.245,1.48947,1.48998,2.25,1.50
2011.04.05 01:28:30.906,1.48947,1.48999,2.25,1.50
2011.04.05 01:28:31.826,1.48937,1.48995,2.25,1.50
2011.04.05 01:28:32.596,1.48937,1.48996,2.25,1.50
2011.04.05 01:28:32.712,1.48937,1.48996,2.25,2.25
2011.04.05 01:28:35.083,1.48937,1.48996,2.25,2.25
2011.04.05 01:28:37.903,1.48937,1.48996,2.25,1.50
2011.04.05 01:28:38.122,1.48937,1.48995,2.25,2.25
2011.04.05 01:28:38.233,1.48937,1.48991,1.50,1.50
2011.04.05 01:28:38.343,1.48927,1.48987,3.15,1.50
2011.04.05 01:28:38.566,1.48927,1.48976,1.50,1.50
2011.04.05 01:28:38.685,1.4893,1.48976,1.50,1.50
2011.04.05 01:28:39.122,1.4893,1.48994,1.50,2.25
2011.04.05 01:28:40.372,1.4893,1.48994,1.50,2.25
2011.04.05 01:28:42.183,1.48933,1.48994,1.50,2.25
2011.04.05 01:28:42.293,1.48937,1.48994,2.25,1.50
2011.04.05 01:28:42.404,1.48937,1.48999,2.25,2.25
2011.04.05 01:28:42.952,1.48943,1.49005,1.50,2.25
2011.04.05 01:28:44.142,1.48944,1.49005,1.50,2.25
2011.04.05 01:28:44.582,1.48943,1.49005,1.50,2.25
2011.04.05 01:28:45.492,1.48943,1.49004,1.50,2.25
2011.04.05 01:28:46.854,1.48943,1.49004,1.50,2.25
2011.04.05 01:28:48.643,1.48937,1.49004,3.75,3.00
2011.04.05 01:28:48.754,1.4894,1.48998,1.50,2.25
2011.04.05 01:28:50.893,1.48946,1.48997,1.50,2.25
2011.04.05 01:28:53.063,1.48946,1.48997,1.50,2.25
2011.04.05 01:28:53.753,1.48937,1.48994,1.50,2.25
2011.04.05 01:28:53.865,1.48942,1.48992,1.50,2.25
2011.04.05 01:28:54.195,1.48946,1.48994,1.50,2.25
2011.04.05 01:28:54.525,1.48942,1.48996,1.50,2.25
2011.04.05 01:28:54.743,1.48944,1.48996,1.50,2.25
2011.04.05 01:28:54.931,1.48945,1.48996,1.50,2.25
2011.04.05 01:28:59.884,1.48949,1.48998,1.50,2.25
2011.04.05 01:29:00.323,1.48945,1.48998,1.50,2.25
2011.04.05 01:29:01.843,1.48945,1.48996,1.50,2.25
2011.04.05 01:29:08.352,1.48945,1.48995,1.50,2.25
2011.04.05 01:29:08.466,1.48945,1.48995,1.50,1.50
2011.04.05 01:29:08.582,1.48946,1.48997,1.50,2.25
2011.04.05 01:29:19.943,1.48946,1.48997,1.50,2.25
2011.04.05 01:29:27.204,1.48935,1.48987,1.80,1.50
2011.04.05 01:29:27.314,1.48935,1.48988,1.05,2.25
2011.04.05 01:29:27.535,1.48945,1.48988,1.50,2.25
2011.04.05 01:29:28.083,1.48944,1.48993,1.50,2.40
2011.04.05 01:29:29.797,1.48945,1.48993,1.50,2.40
2011.04.05 01:29:32.332,1.48943,1.48991,1.50,2.25
2011.04.05 01:29:39.092,1.48942,1.48998,1.50,1.05
2011.04.05 01:29:39.422,1.48942,1.48998,1.50,1.05
2011.04.05 01:29:42.743,1.48943,1.48998,1.50,1.05
2011.04.05 01:29:43.512,1.48945,1.48998,1.50,1.05
2011.04.05 01:29:44.533,1.48948,1.48994,1.50,2.40
2011.04.05 01:29:45.092,1.48947,1.48998,1.50,1.05
2011.04.05 01:29:46.043,1.48949,1.49007,1.50,1.65
2011.04.05 01:29:46.154,1.48949,1.49007,1.50,1.65
2011.04.05 01:29:47.164,1.4895,1.49009,1.50,1.05
2011.04.05 01:29:50.954,1.48951,1.49004,1.50,2.40
2011.04.05 01:29:56.212,1.48952,1.49004,1.50,2.40
2011.04.05 01:29:56.543,1.48954,1.49004,1.50,2.40
2011.04.05 01:29:56.872,1.48954,1.49004,1.50,2.40
2011.04.05 01:29:57.451,1.48951,1.49004,1.50,2.40
2011.04.05 01:29:57.783,1.48954,1.49004,1.50,3.15
2011.04.05 01:29:58.604,1.48951,1.49004,1.50,3.15
2011.04.05 01:30:00.713,1.48952,1.49001,1.50,1.65
2011.04.05 01:30:01.045,1.48945,1.48994,1.50,2.25
2011.04.05 01:30:01.592,1.48936,1.48994,3.00,2.25
2011.04.05 01:30:07.222,1.48936,1.48994,3.00,3.15
2011.04.05 01:30:08.927,1.48937,1.48993,3.00,2.25
2011.04.05 01:30:09.253,1.48937,1.48993,3.00,2.40
2011.04.05 01:30:09.361,1.48942,1.48993,1.50,2.40
2011.04.05 01:30:09.735,1.48937,1.48993,3.00,2.40
2011.04.05 01:30:09.845,1.48937,1.48993,3.00,3.15
2011.04.05 01:30:09.952,1.48942,1.48993,1.50,3.15
2011.04.05 01:30:10.833,1.48942,1.48993,1.50,2.40
2011.04.05 01:30:14.503,1.48942,1.48984,1.50,2.25
2011.04.05 01:30:14.613,1.48939,1.48984,1.50,2.25
2011.04.05 01:30:15.312,1.48939,1.48994,1.50,2.55
2011.04.05 01:30:20.564,1.48937,1.48994,1.50,2.40
2011.04.05 01:30:20.824,1.48937,1.48991,1.50,2.25
2011.04.05 01:30:21.044,1.48939,1.48991,1.50,2.25
2011.04.05 01:30:21.713,1.48936,1.48991,3.00,2.25
2011.04.05 01:30:21.823,1.48936,1.48991,2.25,2.25
2011.04.05 01:30:22.915,1.4893,1.48983,1.65,2.25
2011.04.05 01:30:23.463,1.48937,1.48989,1.50,2.25
2011.04.05 01:30:25.145,1.48937,1.48989,2.25,2.40
2011.04.05 01:30:25.475,1.48937,1.48989,2.25,2.25
2011.04.05 01:30:25.803,1.48937,1.48991,3.00,2.25
2011.04.05 01:30:26.023,1.48937,1.48992,3.00,2.25
2011.04.05 01:30:27.233,1.48937,1.48991,2.25,2.25
2011.04.05 01:30:28.504,1.4894,1.48991,1.50,2.25
2011.04.05 01:30:28.723,1.48937,1.48991,2.25,2.25
2011.04.05 01:30:28.943,1.48937,1.48991,2.25,2.25
2011.04.05 01:30:29.854,1.48946,1.48996,2.25,1.50
2011.04.05 01:30:35.223,1.48936,1.48987,2.25,1.50
2011.04.05 01:30:36.835,1.48929,1.48989,1.43,1.50
2011.04.05 01:30:36.946,1.48921,1.48989,1.50,1.65
2011.04.05 01:30:37.393,1.48921,1.48984,1.50,1.50
2011.04.05 01:30:44.963,1.48925,1.48984,1.50,1.50
2011.04.05 01:30:45.512,1.48926,1.48984,1.50,1.50
2011.04.05 01:30:46.213,1.48928,1.48985,1.50,1.50
2011.04.05 01:30:46.433,1.48927,1.48985,1.50,1.50
2011.04.05 01:30:46.983,1.48926,1.48985,3.00,1.50
2011.04.05 01:30:48.664,1.48928,1.48985,1.50,1.50
2011.04.05 01:30:51.404,1.48928,1.48988,1.50,1.50
2011.04.05 01:30:51.517,1.48936,1.48996,1.50,2.25
2011.04.05 01:30:53.503,1.48928,1.48992,2.40,1.50
2011.04.05 01:30:54.897,1.48928,1.48992,1.50,1.50
2011.04.05 01:30:55.013,1.48932,1.48991,1.50,1.50
2011.04.05 01:30:55.368,1.48936,1.48991,1.50,1.50
2011.04.05 01:30:57.014,1.48935,1.48993,1.50,1.50
2011.04.05 01:30:57.796,1.48934,1.48993,1.50,1.50
2011.04.05 01:30:58.462,1.48935,1.48993,1.50,1.65
2011.04.05 01:30:59.463,1.48935,1.48993,1.65,1.50
2011.04.05 01:31:00.559,1.48935,1.48993,1.50,1.65
2011.04.05 01:31:01.853,1.48935,1.48993,1.65,1.50
2011.04.05 01:31:01.963,1.48935,1.48993,1.50,1.50
2011.04.05 01:31:02.594,1.48935,1.48993,1.65,1.50
2011.04.05 01:31:05.483,1.48935,1.48993,1.50,1.50
2011.04.05 01:31:06.193,1.48935,1.48993,1.65,1.50
2011.04.05 01:31:09.133,1.48935,1.48992,1.65,1.50
2011.04.05 01:31:09.573,1.48939,1.48993,1.50,1.50
2011.04.05 01:31:10.692,1.48939,1.48993,1.65,1.50
2011.04.05 01:31:12.063,1.48939,1.48994,1.65,1.50
2011.04.05 01:31:12.617,1.48941,1.48999,1.65,1.50
2011.04.05 01:31:12.845,1.48939,1.49001,1.50,1.50
2011.04.05 01:31:12.953,1.48938,1.49001,1.50,1.50
2011.04.05 01:31:13.064,1.48947,1.49001,1.50,1.50
2011.04.05 01:31:13.504,1.48947,1.49009,3.75,1.65
2011.04.05 01:31:13.945,1.48947,1.49009,3.75,1.65
2011.04.05 01:31:17.714,1.48946,1.49004,1.05,2.25
2011.04.05 01:31:18.656,1.4895,1.49003,2.40,2.25
2011.04.05 01:31:19.906,1.4895,1.49003,2.55,2.25
2011.04.05 01:31:20.754,1.48949,1.49004,2.40,2.40
2011.04.05 01:31:22.125,1.48946,1.49002,2.25,2.40
2011.04.05 01:31:23.963,1.48946,1.49001,2.25,1.50
2011.04.05 01:31:25.515,1.48934,1.48992,1.50,2.25
2011.04.05 01:31:25.623,1.48932,1.48992,2.25,2.25
2011.04.05 01:31:25.844,1.48932,1.48992,1.50,2.25
2011.04.05 01:31:26.472,1.48931,1.48992,1.50,2.40
2011.04.05 01:31:27.338,1.4893,1.48994,1.50,4.05
2011.04.05 01:31:27.892,1.4893,1.48983,1.50,2.25
2011.04.05 01:31:39.052,1.4893,1.48983,1.50,2.40
2011.04.05 01:31:40.664,1.48929,1.48984,1.50,2.40
2011.04.05 01:31:42.862,1.48929,1.48979,2.25,1.05
2011.04.05 01:31:43.194,1.48938,1.48983,1.50,2.55
2011.04.05 01:31:43.413,1.48933,1.48983,1.50,2.55
2011.04.05 01:31:43.526,1.48933,1.48983,1.50,2.40
2011.04.05 01:31:43.951,1.48933,1.48993,1.50,3.90
2011.04.05 01:31:44.068,1.48937,1.48993,1.50,2.40
2011.04.05 01:31:44.186,1.48934,1.48993,1.65,2.25
2011.04.05 01:31:44.413,1.48939,1.48993,1.50,2.25
2011.04.05 01:31:48.254,1.48939,1.48994,2.25,2.25
2011.04.05 01:31:48.583,1.48941,1.49,2.40,1.50
2011.04.05 01:31:49.025,1.48946,1.49004,1.50,2.40
2011.04.05 01:31:49.132,1.48943,1.49003,1.88,2.40
2011.04.05 01:31:49.353,1.48943,1.48993,2.25,2.25
2011.04.05 01:31:49.683,1.48946,1.49004,2.25,3.15
2011.04.05 01:31:51.640,1.48943,1.49002,2.03,1.50
2011.04.05 01:31:52.213,1.48943,1.48994,1.65,2.25
2011.04.05 01:31:54.464,1.48943,1.48994,1.50,2.25
2011.04.05 01:31:54.903,1.48942,1.48994,1.50,2.25
2011.04.05 01:31:55.461,1.48941,1.48994,1.65,2.25
2011.04.05 01:31:56.053,1.48941,1.48994,2.40,2.25
2011.04.05 01:31:56.691,1.48944,1.48994,1.50,2.25
2011.04.05 01:31:57.197,1.48944,1.48994,1.80,2.25
2011.04.05 01:31:57.947,1.48944,1.48993,1.80,2.25
2011.04.05 01:31:58.804,1.48947,1.49002,2.40,1.50
2011.04.05 01:31:58.915,1.48948,1.49003,1.05,2.40
2011.04.05 01:31:59.135,1.48951,1.49003,1.05,2.25
2011.04.05 01:31:59.246,1.48953,1.49003,1.80,2.25
2011.04.05 01:31:59.464,1.48955,1.49012,1.65,1.50
2011.04.05 01:32:00.646,1.48957,1.49013,1.80,2.40
2011.04.05 01:32:02.254,1.48957,1.49013,1.50,2.25
2011.04.05 01:32:02.363,1.48957,1.49013,3.00,2.25
2011.04.05 01:32:03.327,1.48957,1.49013,3.30,2.40
2011.04.05 01:32:03.444,1.48957,1.49013,3.00,2.25
2011.04.05 01:32:03.688,1.48957,1.49013,3.00,2.25
2011.04.05 01:32:03.916,1.48967,1.49024,1.50,1.05
2011.04.05 01:32:04.034,1.48967,1.49028,3.75,2.25
2011.04.05 01:32:04.254,1.48967,1.49028,3.75,2.25
2011.04.05 01:32:04.475,1.48967,1.49026,3.38,1.50
2011.04.05 01:32:04.584,1.48967,1.49026,3.38,1.50
2011.04.05 01:32:04.803,1.48967,1.49023,1.50,2.25
2011.04.05 01:32:10.625,1.48969,1.4902,1.13,2.25
2011.04.05 01:32:10.954,1.48976,1.49026,1.50,2.25
2011.04.05 01:32:13.373,1.48976,1.49024,1.50,2.40
2011.04.05 01:32:16.624,1.48976,1.49024,1.50,2.40
2011.04.05 01:32:16.844,1.48976,1.49023,1.88,1.05
2011.04.05 01:32:17.393,1.48976,1.49031,2.03,2.25
2011.04.05 01:32:17.613,1.48986,1.49033,1.50,2.25
2011.04.05 01:32:17.722,1.48986,1.49033,1.50,2.25
2011.04.05 01:32:18.834,1.48986,1.49029,1.50,2.25
2011.04.05 01:32:19.044,1.48976,1.49029,1.88,2.25
2011.04.05 01:32:37.235,1.48977,1.49027,1.50,2.25
2011.04.05 01:32:40.104,1.48968,1.49026,1.13,1.13
2011.04.05 01:32:40.214,1.48967,1.49026,1.65,2.25
2011.04.05 01:32:40.325,1.48957,1.49018,2.25,2.40
2011.04.05 01:32:40.434,1.48957,1.49015,1.50,1.50
2011.04.05 01:32:40.994,1.48956,1.49014,3.00,2.25
2011.04.05 01:32:41.296,1.48956,1.49014,3.75,2.25
2011.04.05 01:32:41.643,1.48956,1.49014,3.00,2.25
2011.04.05 01:32:42.085,1.48956,1.49006,1.50,1.50
2011.04.05 01:32:42.634,1.48956,1.49014,2.40,2.25
2011.04.05 01:32:46.087,1.48956,1.49014,2.40,2.40
2011.04.05 01:32:48.603,1.48956,1.49014,2.40,2.40
2011.04.05 01:32:48.825,1.48956,1.49014,3.00,2.25
2011.04.05 01:32:49.154,1.48966,1.49022,1.50,2.25
2011.04.05 01:32:49.373,1.48966,1.49024,1.50,2.25
2011.04.05 01:32:52.024,1.48977,1.49025,1.50,2.25
2011.04.05 01:32:55.104,1.48967,1.49022,1.50,2.25
2011.04.05 01:32:58.304,1.48967,1.49022,2.25,2.25
2011.04.05 01:32:58.728,1.48967,1.49023,2.25,3.75
2011.04.05 01:32:59.727,1.48969,1.49023,1.50,3.90
2011.04.05 01:32:59.845,1.48969,1.49028,2.25,2.25
2011.04.05 01:32:59.954,1.48969,1.49029,1.88,2.25
2011.04.05 01:33:00.064,1.48976,1.49029,1.50,2.25
2011.04.05 01:33:00.396,1.48976,1.49032,1.50,2.25
2011.04.05 01:33:00.956,1.48977,1.49028,1.50,2.25
2011.04.05 01:33:01.173,1.48966,1.49024,3.15,2.25
2011.04.05 01:33:01.284,1.48966,1.49024,3.30,2.25
2011.04.05 01:33:01.723,1.48966,1.49024,3.15,2.25
2011.04.05 01:33:02.825,1.48966,1.49024,3.15,2.25
2011.04.05 01:33:02.935,1.48966,1.49024,3.30,2.25
2011.04.05 01:33:04.064,1.48966,1.49024,1.95,3.00
2011.04.05 01:33:04.439,1.48977,1.49024,1.50,1.50
2011.04.05 01:33:05.033,1.48977,1.49024,1.65,1.50
2011.04.05 01:33:05.473,1.48977,1.49024,1.65,1.50
2011.04.05 01:33:05.994,1.48977,1.49026,1.50,2.25
2011.04.05 01:33:06.103,1.48966,1.49024,1.65,2.25
2011.04.05 01:33:11.442,1.48977,1.49024,1.50,1.65
2011.04.05 01:33:14.934,1.48967,1.49023,1.65,2.40
2011.04.05 01:33:18.293,1.48967,1.49012,1.65,1.50
2011.04.05 01:33:18.972,1.48967,1.49012,1.65,1.50
2011.04.05 01:33:19.164,1.48967,1.49012,2.03,1.50
2011.04.05 01:33:19.276,1.48972,1.49023,1.09,4.05
2011.04.05 01:33:20.174,1.48976,1.49026,1.84,1.65
2011.04.05 01:33:20.525,1.48976,1.49026,1.84,2.03
2011.04.05 01:33:21.184,1.48976,1.49026,1.84,2.40
2011.04.05 01:33:22.545,1.48967,1.49014,1.50,1.50
2011.04.05 01:33:22.873,1.48967,1.49014,1.50,1.50
2011.04.05 01:33:23.138,1.48967,1.49014,1.50,1.50
2011.04.05 01:33:23.477,1.48967,1.49014,1.65,1.50
2011.04.05 01:33:23.708,1.48967,1.49016,2.78,1.47
2011.04.05 01:33:23.934,1.48967,1.49019,1.88,2.40
2011.04.05 01:33:24.484,1.48956,1.49014,3.53,2.25
2011.04.05 01:33:24.703,1.48956,1.49014,3.68,2.25
2011.04.05 01:33:24.813,1.48956,1.49014,3.53,2.25
2011.04.05 01:33:25.144,1.48956,1.49014,3.30,2.25
2011.04.05 01:33:25.254,1.48956,1.49014,3.15,2.25
2011.04.05 01:33:25.910,1.48956,1.49014,3.15,2.25
2011.04.05 01:33:26.132,1.48959,1.49014,1.50,2.25
2011.04.05 01:33:26.963,1.48959,1.49014,1.65,2.40
2011.04.05 01:33:27.694,1.48959,1.49014,1.65,2.25
2011.04.05 01:33:28.864,1.48959,1.49014,1.50,2.40
2011.04.05 01:33:29.393,1.48959,1.49014,1.65,2.25
2011.04.05 01:33:29.943,1.48956,1.49014,3.15,3.15
2011.04.05 01:33:31.414,1.48956,1.49014,3.30,3.15
2011.04.05 01:33:32.813,1.48956,1.49014,3.15,3.15
2011.04.05 01:33:33.034,1.48956,1.49014,3.90,3.15
2011.04.05 01:33:34.217,1.48956,1.49004,3.15,2.25
2011.04.05 01:33:34.338,1.48956,1.49014,3.30,3.15
2011.04.05 01:33:34.673,1.48956,1.49014,3.15,3.15
2011.04.05 01:33:34.783,1.48956,1.49014,3.15,3.15
2011.04.05 01:33:35.113,1.48956,1.49014,3.15,3.00
2011.04.05 01:33:36.513,1.48956,1.49014,3.30,3.15
2011.04.05 01:33:37.153,1.48956,1.49014,3.90,3.15
2011.04.05 01:33:37.373,1.48956,1.49014,3.90,3.15
2011.04.05 01:33:37.702,1.48956,1.49014,1.65,3.15
2011.04.05 01:33:37.813,1.48954,1.49004,1.65,1.50
2011.04.05 01:33:38.744,1.48954,1.49004,1.65,1.50
2011.04.05 01:33:38.964,1.48958,1.49014,1.50,2.25
2011.04.05 01:33:39.076,1.48958,1.49014,2.25,2.25
2011.04.05 01:33:39.442,1.48958,1.49014,2.40,2.25
2011.04.05 01:33:39.994,1.48959,1.49014,2.40,2.25
2011.04.05 01:33:41.705,1.4896,1.49014,1.05,2.25
2011.04.05 01:33:53.705,1.48961,1.49014,1.65,2.25
2011.04.05 01:33:54.174,1.48967,1.49022,1.50,1.65
2011.04.05 01:33:54.578,1.48967,1.49022,1.50,1.65
2011.04.05 01:34:09.154,1.48967,1.49023,1.50,3.15
2011.04.05 01:34:09.483,1.48967,1.49023,3.00,2.40
2011.04.05 01:34:12.304,1.48957,1.49008,1.65,1.50
2011.04.05 01:34:12.522,1.48959,1.49008,1.65,1.50
2011.04.05 01:34:13.414,1.48959,1.49008,1.50,1.65
2011.04.05 01:34:13.633,1.48957,1.49004,1.65,1.50
2011.04.05 01:34:15.793,1.48956,1.49004,1.65,2.40
2011.04.05 01:34:16.604,1.48956,1.49009,3.90,1.05
2011.04.05 01:34:16.715,1.48962,1.49014,1.50,2.40
2011.04.05 01:34:17.262,1.48967,1.49013,1.50,2.25
2011.04.05 01:34:25.594,1.48967,1.49013,1.50,2.25
2011.04.05 01:34:25.813,1.48962,1.49014,1.50,3.15
2011.04.05 01:34:25.924,1.48958,1.49013,1.50,1.05
2011.04.05 01:34:26.535,1.48956,1.49004,2.25,2.25
2011.04.05 01:34:34.863,1.48956,1.49011,1.50,1.65
2011.04.05 01:34:36.233,1.48956,1.49004,2.25,2.40
2011.04.05 01:34:36.349,1.48956,1.49004,2.25,2.40
2011.04.05 01:34:37.015,1.48946,1.49003,3.75,1.05
2011.04.05 01:34:37.344,1.48945,1.48994,2.25,2.25
2011.04.05 01:34:37.563,1.48942,1.48984,1.50,2.25
2011.04.05 01:34:49.174,1.48942,1.48984,1.50,2.25
2011.04.05 01:34:52.614,1.48939,1.48983,2.25,1.50
2011.04.05 01:34:52.835,1.48939,1.48983,1.50,1.50
2011.04.05 01:34:53.054,1.48939,1.48983,1.50,1.50
2011.04.05 01:34:53.165,1.48937,1.48983,1.50,1.50
2011.04.05 01:34:55.004,1.48937,1.48984,2.25,2.25
2011.04.05 01:34:55.114,1.48939,1.48984,1.50,2.25
2011.04.05 01:34:55.334,1.48942,1.48982,1.50,1.50
2011.04.05 01:34:55.553,1.4894,1.48982,1.50,1.50
2011.04.05 01:34:55.774,1.4894,1.48982,1.50,1.50
2011.04.05 01:34:56.324,1.48941,1.48982,1.50,1.50
2011.04.05 01:34:57.883,1.48941,1.48984,1.50,3.00
2011.04.05 01:34:59.494,1.48941,1.48983,1.65,2.25
2011.04.05 01:35:00.248,1.4894,1.48983,1.65,2.25
2011.04.05 01:35:01.424,1.4894,1.48983,1.50,2.25
2011.04.05 01:35:02.493,1.4894,1.48983,1.65,2.25
2011.04.05 01:35:03.044,1.48941,1.48983,2.40,2.25
2011.04.05 01:35:03.703,1.48941,1.48983,2.40,2.25
2011.04.05 01:35:04.315,1.48942,1.48983,2.25,2.25
2011.04.05 01:35:04.424,1.48937,1.48983,3.75,2.25
2011.04.05 01:35:04.865,1.48937,1.48987,1.50,1.50
2011.04.05 01:35:05.194,1.48936,1.48984,1.50,2.25
2011.04.05 01:35:05.304,1.48932,1.48983,1.50,2.25
2011.04.05 01:35:05.855,1.48928,1.48979,1.50,1.65
2011.04.05 01:35:06.185,1.48927,1.48974,1.50,2.25
2011.04.05 01:35:07.064,1.48927,1.48974,1.50,2.25
2011.04.05 01:35:07.504,1.48926,1.48974,1.50,2.25
2011.04.05 01:35:07.833,1.48926,1.48973,1.50,1.50
2011.04.05 01:35:08.804,1.4893,1.48974,1.50,2.25
2011.04.05 01:35:10.503,1.48929,1.48974,1.50,2.25
2011.04.05 01:35:10.955,1.48929,1.48974,1.50,2.25
2011.04.05 01:35:16.274,1.48927,1.48974,1.50,2.25
2011.04.05 01:35:18.598,1.48926,1.48974,3.00,2.55
2011.04.05 01:35:18.824,1.48928,1.48974,1.50,2.25
2011.04.05 01:35:21.955,1.48928,1.48974,1.50,2.25
2011.04.05 01:35:22.285,1.48931,1.48974,1.50,2.40
2011.04.05 01:35:22.505,1.48931,1.48974,1.50,2.25
2011.04.05 01:35:24.048,1.48931,1.48974,1.50,2.25
2011.04.05 01:35:24.495,1.48931,1.48979,1.50,1.50
2011.04.05 01:35:24.715,1.48931,1.48984,1.50,2.74
2011.04.05 01:35:24.823,1.48933,1.48984,1.50,2.74
2011.04.05 01:35:27.015,1.48932,1.48984,1.50,2.59
2011.04.05 01:35:27.344,1.48936,1.48984,1.50,2.59
2011.04.05 01:35:33.205,1.48937,1.48984,1.50,2.59
2011.04.05 01:35:34.263,1.48935,1.48984,1.50,2.59
2011.04.05 01:35:35.054,1.48935,1.48984,1.50,2.59
2011.04.05 01:35:36.505,1.48935,1.48979,1.50,1.50
2011.04.05 01:35:37.054,1.48932,1.48973,1.50,2.25
2011.04.05 01:35:54.515,1.48932,1.48963,1.50,1.50
2011.04.05 01:36:08.694,1.48931,1.48963,1.50,1.50
2011.04.05 01:36:14.174,1.48931,1.48963,1.50,2.25
2011.04.05 01:36:14.504,1.48931,1.48963,1.50,2.25
2011.04.05 01:36:14.723,1.48929,1.48963,1.50,2.25
2011.04.05 01:36:15.605,1.48929,1.48973,2.25,2.25
2011.04.05 01:36:15.715,1.4893,1.48973,1.50,2.25
2011.04.05 01:36:16.044,1.48933,1.48973,1.50,2.25
2011.04.05 01:36:16.153,1.4893,1.48973,1.50,2.25
2011.04.05 01:36:17.645,1.48932,1.48974,1.50,2.25
2011.04.05 01:36:18.086,1.48931,1.48973,1.50,2.25
2011.04.05 01:36:18.884,1.48933,1.48973,1.50,2.25
2011.04.05 01:36:36.795,1.48933,1.48973,1.50,2.25
2011.04.05 01:36:37.015,1.48928,1.48969,2.40,1.50
2011.04.05 01:36:37.584,1.48928,1.48969,2.40,1.50
2011.04.05 01:36:37.696,1.48928,1.48969,1.50,1.50
2011.04.05 01:36:37.914,1.48924,1.48969,1.65,1.50
2011.04.05 01:36:38.373,1.48922,1.48963,2.40,2.25
2011.04.05 01:36:39.648,1.48922,1.48963,2.55,2.25
2011.04.05 01:36:43.874,1.48922,1.48964,2.25,2.25
2011.04.05 01:36:43.985,1.48922,1.48953,2.25,1.50
2011.04.05 01:36:45.355,1.48922,1.48964,2.25,2.25
2011.04.05 01:36:46.098,1.48921,1.48961,1.65,1.50
2011.04.05 01:36:46.657,1.48921,1.4897,2.25,1.65
2011.04.05 01:36:46.994,1.48928,1.48963,1.50,2.25
2011.04.05 01:36:47.213,1.48928,1.48963,1.50,2.25
2011.04.05 01:36:47.543,1.48928,1.48963,1.50,2.25
2011.04.05 01:36:51.235,1.48928,1.48963,1.50,2.25
2011.04.05 01:37:12.506,1.48925,1.48964,1.50,2.25
2011.04.05 01:37:15.818,1.48927,1.48974,1.50,2.25
2011.04.05 01:37:15.935,1.48927,1.48974,1.50,2.25
2011.04.05 01:37:16.375,1.48924,1.48974,1.50,2.25
2011.04.05 01:37:17.035,1.48921,1.48963,2.40,2.25
2011.04.05 01:37:31.571,1.48919,1.48963,1.50,2.25
2011.04.05 01:37:41.593,1.48919,1.48974,2.25,2.40
2011.04.05 01:37:41.924,1.48927,1.48973,1.50,2.25
2011.04.05 01:37:45.804,1.48927,1.48973,1.50,2.25
2011.04.05 01:37:49.824,1.48927,1.48973,1.50,2.25
2011.04.05 01:38:00.353,1.48926,1.48974,1.50,2.25
2011.04.05 01:38:02.133,1.48926,1.48974,1.65,2.25
2011.04.05 01:38:02.664,1.48926,1.48974,1.50,2.25
2011.04.05 01:38:12.767,1.48923,1.48963,2.25,2.25
2011.04.05 01:38:13.104,1.48923,1.48963,1.50,2.25
2011.04.05 01:38:13.218,1.48917,1.48963,3.75,2.25
2011.04.05 01:38:13.335,1.48921,1.48973,2.25,2.25
2011.04.05 01:38:13.556,1.48927,1.48979,2.25,1.65
2011.04.05 01:38:13.775,1.48928,1.48983,1.50,2.55
2011.04.05 01:38:14.104,1.48936,1.48983,1.50,1.05
2011.04.05 01:38:15.214,1.48936,1.48983,1.50,1.80
2011.04.05 01:38:15.324,1.48927,1.48983,2.40,3.15
2011.04.05 01:38:15.897,1.48927,1.48973,2.40,2.25
2011.04.05 01:38:29.704,1.48927,1.48973,1.50,2.25
2011.04.05 01:38:33.266,1.48926,1.48974,2.25,2.25
2011.04.05 01:38:36.556,1.48926,1.48974,1.50,2.40
2011.04.05 01:38:41.777,1.48929,1.48979,1.50,1.05
2011.04.05 01:38:42.005,1.48929,1.48983,1.50,2.55
2011.04.05 01:38:42.224,1.48929,1.48983,1.50,2.55
2011.04.05 01:38:43.350,1.48937,1.48983,1.50,2.55
2011.04.05 01:38:45.725,1.48937,1.48983,1.50,2.40
2011.04.05 01:38:50.845,1.48937,1.48992,1.50,1.65
2011.04.05 01:38:51.557,1.48936,1.48984,1.50,2.25
2011.04.05 01:38:52.546,1.48936,1.48984,1.65,2.25
2011.04.05 01:38:54.244,1.48936,1.48994,2.40,2.40
2011.04.05 01:38:54.573,1.48938,1.48983,1.50,2.25
2011.04.05 01:38:58.584,1.48938,1.48983,1.50,2.25
2011.04.05 01:39:05.974,1.48937,1.48992,1.65,1.50
2011.04.05 01:39:14.644,1.48937,1.48983,3.15,2.25
2011.04.05 01:39:18.285,1.48937,1.48993,3.75,2.25
2011.04.05 01:39:22.294,1.48937,1.48993,3.00,3.00
2011.04.05 01:39:26.546,1.48937,1.48983,2.25,2.25
2011.04.05 01:39:26.877,1.48937,1.48993,3.00,2.25
2011.04.05 01:39:26.984,1.48937,1.48984,1.50,2.25
2011.04.05 01:39:36.765,1.48936,1.48984,2.25,2.25
2011.04.05 01:39:49.696,1.48936,1.48988,2.25,1.50
2011.04.05 01:39:50.395,1.48937,1.48983,1.50,2.25
2011.04.05 01:39:56.115,1.48932,1.48983,2.18,2.40
2011.04.05 01:39:56.553,1.48937,1.48983,2.25,2.25
2011.04.05 01:39:57.326,1.48936,1.48984,2.25,2.40
2011.04.05 01:39:57.874,1.48936,1.48984,1.50,2.40
2011.04.05 01:39:57.984,1.48936,1.48984,2.25,2.40
2011.04.05 01:40:03.495,1.48936,1.48984,2.25,2.40
2011.04.05 01:40:04.047,1.48929,1.48983,1.50,1.05
2011.04.05 01:40:04.275,1.48937,1.48983,1.50,2.40
2011.04.05 01:40:08.276,1.4893,1.48984,1.50,2.40
2011.04.05 01:40:08.496,1.48932,1.48984,1.50,2.40
2011.04.05 01:40:09.045,1.48932,1.48984,1.13,2.40
2011.04.05 01:40:09.398,1.48936,1.48984,1.50,2.40
2011.04.05 01:40:14.304,1.48936,1.48984,1.50,2.40
2011.04.05 01:40:14.854,1.48936,1.48983,1.50,1.05
2011.04.05 01:40:27.253,1.48937,1.48983,1.50,2.40
2011.04.05 01:40:40.666,1.48937,1.48983,1.50,2.40
2011.04.05 01:40:46.235,1.48929,1.48984,1.50,3.15
2011.04.05 01:40:46.347,1.48936,1.48984,1.50,1.65
2011.04.05 01:40:46.569,1.48936,1.48985,2.25,2.25
2011.04.05 01:40:46.905,1.48946,1.48989,1.50,2.40
2011.04.05 01:40:47.234,1.48946,1.48989,1.50,2.25
2011.04.05 01:40:47.833,1.48937,1.48988,1.50,2.25
2011.04.05 01:40:48.276,1.48937,1.48986,1.50,2.25
2011.04.05 01:40:52.497,1.48937,1.48984,1.50,2.25
2011.04.05 01:41:05.314,1.48936,1.48992,1.50,2.25
2011.04.05 01:41:07.395,1.48936,1.48992,1.50,2.25
2011.04.05 01:41:07.614,1.48936,1.48992,2.25,2.25
2011.04.05 01:41:08.246,1.48936,1.48992,1.50,2.40
2011.04.05 01:41:14.796,1.48936,1.4899,1.50,2.25
2011.04.05 01:41:15.015,1.48936,1.48988,2.25,2.25
2011.04.05 01:41:15.456,1.48946,1.48988,1.50,1.50
2011.04.05 01:41:15.565,1.48946,1.48998,1.50,2.25
2011.04.05 01:41:32.719,1.48946,1.48999,1.65,2.25
2011.04.05 01:41:33.277,1.48942,1.49002,1.50,1.09
2011.04.05 01:41:33.616,1.48937,1.48999,1.65,3.15
2011.04.05 01:41:33.835,1.48937,1.48999,1.65,3.15
2011.04.05 01:41:34.166,1.48937,1.4899,1.65,1.50
2011.04.05 01:41:34.383,1.48937,1.4899,1.65,1.50
2011.04.05 01:41:46.614,1.48937,1.48988,1.50,1.50
2011.04.05 01:41:49.165,1.48937,1.48988,1.80,1.50
2011.04.05 01:41:49.824,1.48937,1.48988,1.50,1.50
2011.04.05 01:41:53.586,1.48937,1.4899,1.50,1.50
2011.04.05 01:41:55.934,1.48937,1.4899,2.25,1.65
2011.04.05 01:41:56.705,1.48937,1.48991,2.25,1.50
2011.04.05 01:41:57.733,1.48937,1.48991,2.25,1.50
2011.04.05 01:42:07.777,1.48936,1.48983,1.65,2.25
2011.04.05 01:42:14.555,1.48928,1.48983,1.50,2.25
2011.04.05 01:42:14.776,1.48928,1.48983,2.25,2.25
2011.04.05 01:42:15.745,1.48928,1.48983,2.40,2.25
2011.04.05 01:42:18.676,1.48928,1.48983,2.25,2.40
2011.04.05 01:42:18.894,1.48928,1.48983,1.50,2.25
2011.04.05 01:42:19.225,1.48925,1.48982,1.50,1.50
2011.04.05 01:42:19.776,1.48924,1.48983,1.50,2.40
2011.04.05 01:42:20.295,1.48929,1.48987,1.50,1.50
2011.04.05 01:42:20.624,1.48929,1.48987,2.25,1.50
2011.04.05 01:42:20.955,1.48932,1.48991,1.50,1.65
2011.04.05 01:42:21.507,1.48932,1.48991,1.50,1.65
2011.04.05 01:42:23.274,1.48932,1.48992,1.50,2.40
2011.04.05 01:42:24.775,1.48932,1.48992,1.65,2.25
2011.04.05 01:42:25.217,1.48943,1.48993,1.50,2.25
2011.04.05 01:42:25.550,1.48947,1.48993,1.50,2.25
2011.04.05 01:42:27.394,1.48949,1.49004,1.50,2.40
2011.04.05 01:42:28.625,1.48949,1.49004,1.50,2.40
2011.04.05 01:42:29.565,1.48956,1.49004,1.50,2.40
2011.04.05 01:42:29.894,1.48949,1.49004,1.50,2.40
2011.04.05 01:42:34.449,1.48955,1.49004,1.50,2.40
2011.04.05 01:42:34.677,1.48957,1.49013,3.15,2.25
2011.04.05 01:42:34.789,1.48961,1.49013,1.50,2.40
2011.04.05 01:42:35.126,1.48962,1.49014,1.50,2.25
2011.04.05 01:42:35.454,1.48969,1.49019,1.50,2.40
2011.04.05 01:42:35.957,1.48967,1.49019,2.25,1.05
2011.04.05 01:42:36.564,1.48971,1.49022,1.50,2.40
2011.04.05 01:42:37.226,1.48976,1.49021,1.50,2.25
2011.04.05 01:42:37.665,1.48966,1.49022,2.40,2.25
2011.04.05 01:42:41.934,1.48968,1.49022,1.65,2.25
2011.04.05 01:42:42.268,1.48967,1.49024,1.65,3.90
2011.04.05 01:42:42.386,1.48977,1.49024,1.50,2.40
2011.04.05 01:42:42.607,1.48978,1.49028,1.50,2.40
2011.04.05 01:42:42.944,1.48976,1.49028,2.25,2.25
2011.04.05 01:42:43.534,1.48976,1.49028,3.00,2.40
2011.04.05 01:42:44.859,1.48978,1.49032,1.50,2.40
2011.04.05 01:42:45.307,1.48971,1.49027,3.15,1.50
2011.04.05 01:42:45.426,1.48971,1.49027,1.65,3.00
2011.04.05 01:42:45.539,1.48976,1.49027,1.50,1.50
2011.04.05 01:42:46.096,1.48976,1.49023,1.50,1.50
2011.04.05 01:42:46.534,1.48967,1.49023,1.50,1.50
2011.04.05 01:42:51.564,1.48966,1.49017,2.40,1.50
2011.04.05 01:42:52.225,1.48966,1.49017,2.25,1.50
2011.04.05 01:42:52.336,1.48966,1.49017,1.50,1.50
2011.04.05 01:42:53.342,1.48958,1.49014,2.40,2.25
2011.04.05 01:42:54.617,1.48958,1.49014,1.50,2.40
2011.04.05 01:42:54.727,1.48956,1.4901,2.25,2.25
2011.04.05 01:42:54.835,1.4895,1.4901,2.25,2.25
2011.04.05 01:42:56.995,1.48948,1.49003,2.25,2.25
2011.04.05 01:42:59.125,1.48947,1.49003,3.75,2.40
2011.04.05 01:42:59.417,1.48947,1.49003,3.75,2.40
2011.04.05 01:42:59.995,1.48955,1.49003,1.50,2.25
2011.04.05 01:43:00.215,1.48946,1.49004,3.75,2.25
2011.04.05 01:43:00.434,1.48957,1.49008,1.50,2.25
2011.04.05 01:43:01.659,1.48947,1.49003,3.90,2.25
2011.04.05 01:43:02.394,1.48947,1.49003,3.00,2.25
2011.04.05 01:43:04.545,1.48947,1.49003,3.90,2.40
2011.04.05 01:43:04.986,1.48947,1.49003,2.40,2.40
2011.04.05 01:43:05.535,1.48946,1.48994,1.65,2.25
2011.04.05 01:43:06.559,1.48945,1.48994,1.65,2.25
2011.04.05 01:43:07.264,1.48945,1.48994,1.50,2.25
2011.04.05 01:43:09.666,1.48945,1.48994,1.65,2.25
2011.04.05 01:43:12.398,1.48945,1.48994,1.65,2.25
2011.04.05 01:43:14.101,1.48947,1.49001,1.50,1.65
2011.04.05 01:43:14.864,1.48943,1.48993,2.40,2.25
2011.04.05 01:43:21.605,1.48947,1.49001,1.50,1.65
2011.04.05 01:43:32.125,1.48947,1.49002,1.80,1.50
2011.04.05 01:43:32.344,1.48947,1.49002,1.50,1.65
2011.04.05 01:43:45.905,1.48941,1.48993,1.80,1.50
2011.04.05 01:43:46.235,1.48941,1.48993,1.65,1.50
2011.04.05 01:43:46.344,1.48947,1.48993,1.50,1.50
2011.04.05 01:43:46.787,1.48947,1.48993,1.65,1.50
2011.04.05 01:43:47.124,1.48946,1.48993,1.65,1.50
2011.04.05 01:43:48.985,1.48946,1.48993,1.65,1.50
2011.04.05 01:43:49.097,1.48946,1.48993,1.65,1.50
2011.04.05 01:43:49.587,1.48946,1.48993,1.65,1.50
2011.04.05 01:43:50.026,1.48946,1.48993,1.65,1.50
2011.04.05 01:43:51.707,1.48946,1.48993,1.50,1.65
2011.04.05 01:44:05.276,1.48947,1.48993,1.50,1.50
2011.04.05 01:44:10.366,1.48942,1.48993,1.50,1.65
2011.04.05 01:44:21.053,1.48944,1.48993,1.50,1.50
2011.04.05 01:44:39.935,1.48944,1.48997,1.50,1.50
2011.04.05 01:44:40.490,1.48944,1.48997,1.50,1.65
2011.04.05 01:44:41.783,1.48942,1.48997,1.50,1.65
2011.04.05 01:44:43.448,1.48942,1.48998,1.50,1.05
2011.04.05 01:44:43.564,1.48944,1.48997,1.50,1.65
2011.04.05 01:44:45.545,1.48944,1.4899,1.50,1.50
2011.04.05 01:44:50.385,1.48944,1.4899,1.50,1.50
2011.04.05 01:44:53.167,1.48944,1.4899,1.50,1.65
2011.04.05 01:44:53.395,1.48944,1.4899,1.50,1.50
2011.04.05 01:44:53.508,1.48942,1.4899,1.50,1.50
2011.04.05 01:44:53.846,1.48942,1.4899,1.50,1.50
2011.04.05 01:44:54.292,1.48946,1.4899,2.25,1.50
2011.04.05 01:44:59.064,1.48946,1.48993,2.25,1.65
2011.04.05 01:44:59.285,1.48946,1.48993,2.25,1.65
2011.04.05 01:45:00.466,1.48946,1.48993,2.25,1.65
2011.04.05 01:45:00.686,1.48942,1.4899,2.25,1.50
2011.04.05 01:45:03.525,1.48941,1.4899,1.50,1.50
2011.04.05 01:45:18.654,1.48938,1.48987,2.25,1.50
2011.04.05 01:45:24.286,1.48939,1.48987,1.50,1.50
2011.04.05 01:45:37.805,1.48942,1.48994,1.50,1.65
2011.04.05 01:45:38.414,1.48942,1.48994,1.50,1.65
2011.04.05 01:45:40.101,1.48942,1.48998,2.40,1.50
2011.04.05 01:45:40.601,1.48946,1.48998,2.25,1.50
2011.04.05 01:45:41.155,1.48946,1.48998,3.75,1.65
2011.04.05 01:45:55.008,1.48948,1.49002,1.50,1.65
2011.04.05 01:45:55.564,1.48955,1.49002,2.25,1.50
2011.04.05 01:45:58.714,1.48955,1.49011,2.25,1.65
2011.04.05 01:46:01.267,1.48954,1.49009,1.50,1.50
2011.04.05 01:46:06.205,1.48953,1.49011,1.50,1.65
2011.04.05 01:46:06.425,1.48955,1.49014,1.50,4.80
2011.04.05 01:46:06.757,1.48957,1.49014,1.50,3.15
2011.04.05 01:46:07.239,1.48957,1.49013,1.50,1.05
2011.04.05 01:46:08.655,1.48955,1.49003,1.50,2.25
2011.04.05 01:46:08.985,1.48951,1.48994,1.50,2.25
2011.04.05 01:46:09.205,1.48951,1.48994,1.50,2.25
2011.04.05 01:46:12.646,1.48949,1.48994,2.25,2.25
2011.04.05 01:46:15.138,1.48957,1.49005,1.50,1.50
2011.04.05 01:46:15.246,1.48957,1.49005,1.50,1.50
2011.04.05 01:46:24.685,1.48957,1.49009,1.80,1.84
2011.04.05 01:46:25.235,1.48957,1.49009,1.80,1.09
2011.04.05 01:46:26.385,1.48957,1.49009,1.65,1.09
2011.04.05 01:46:26.714,1.48957,1.49013,1.65,2.25
2011.04.05 01:46:27.643,1.48957,1.49013,1.65,2.25
2011.04.05 01:46:30.306,1.48957,1.49013,1.50,3.00
2011.04.05 01:46:31.598,1.48957,1.49013,1.80,3.00
2011.04.05 01:46:37.556,1.48957,1.49012,2.55,1.50
2011.04.05 01:46:37.996,1.48957,1.49012,3.83,1.50
2011.04.05 01:46:41.655,1.48957,1.49013,3.15,2.25
2011.04.05 01:46:43.052,1.48957,1.49013,3.15,2.25
2011.04.05 01:46:43.825,1.48962,1.49013,1.05,2.25
2011.04.05 01:46:43.935,1.4896,1.49013,1.65,2.25
2011.04.05 01:46:44.045,1.4896,1.49013,1.65,2.25
2011.04.05 01:46:55.444,1.48958,1.49014,2.40,2.25
2011.04.05 01:46:55.556,1.48956,1.49014,1.80,2.25
2011.04.05 01:46:55.665,1.48956,1.49014,2.55,2.25
2011.04.05 01:46:57.937,1.48957,1.49014,1.80,2.40
2011.04.05 01:47:03.484,1.48956,1.49014,1.80,2.25
2011.04.05 01:47:04.649,1.48956,1.49014,1.80,2.40
2011.04.05 01:47:05.754,1.48956,1.49014,2.55,2.40
2011.04.05 01:47:07.086,1.48956,1.49014,3.30,2.40
2011.04.05 01:47:07.198,1.48956,1.49014,3.15,2.40
2011.04.05 01:47:07.315,1.48956,1.49014,2.40,2.40
2011.04.05 01:47:23.225,1.48956,1.49013,1.65,2.55
2011.04.05 01:47:23.445,1.48956,1.49013,1.50,2.55
2011.04.05 01:47:24.125,1.48957,1.49013,1.50,4.05
2011.04.05 01:47:24.567,1.48951,1.49003,3.15,2.25
2011.04.05 01:47:26.086,1.48951,1.49003,3.15,2.25
2011.04.05 01:47:52.314,1.48951,1.49004,3.15,2.25
2011.04.05 01:47:55.226,1.48952,1.49004,1.50,2.40
2011.04.05 01:47:55.448,1.48952,1.49004,1.50,2.40
2011.04.05 01:47:56.896,1.4895,1.49003,2.25,1.05
2011.04.05 01:47:58.616,1.4895,1.49004,2.25,2.40
2011.04.05 01:47:59.445,1.4895,1.49004,2.40,2.40
2011.04.05 01:48:00.595,1.4895,1.49004,2.25,2.40
2011.04.05 01:48:07.748,1.48953,1.49004,1.50,2.40
2011.04.05 01:48:07.976,1.48954,1.49004,1.50,2.40
2011.04.05 01:48:08.525,1.48952,1.49004,1.50,2.40
2011.04.05 01:48:08.854,1.48951,1.49004,2.40,2.40
2011.04.05 01:48:09.596,1.48951,1.49004,1.65,3.15
2011.04.05 01:48:10.145,1.48951,1.49003,1.50,2.40
2011.04.05 01:48:10.255,1.48948,1.49003,2.25,2.40
2011.04.05 01:48:11.276,1.48948,1.48999,1.50,1.50
2011.04.05 01:48:11.714,1.48948,1.48994,1.50,2.25
2011.04.05 01:48:12.461,1.48948,1.48994,2.25,2.25
2011.04.05 01:48:12.845,1.48948,1.48994,2.40,2.25
2011.04.05 01:48:13.186,1.48947,1.48994,2.25,2.25
2011.04.05 01:48:18.586,1.48947,1.48994,2.25,2.25
2011.04.05 01:48:18.805,1.48948,1.48994,1.50,2.25
2011.04.05 01:48:23.465,1.4895,1.49003,1.65,2.40
2011.04.05 01:48:27.266,1.48949,1.49003,3.15,2.40
2011.04.05 01:48:27.815,1.48951,1.49003,1.65,2.25
2011.04.05 01:48:28.977,1.48951,1.48993,1.65,2.25
2011.04.05 01:48:30.620,1.48951,1.48994,1.65,2.25
2011.04.05 01:48:32.145,1.48951,1.48994,2.40,2.25
2011.04.05 01:48:33.604,1.48951,1.48993,2.40,2.25
2011.04.05 01:48:35.231,1.48951,1.48993,2.40,2.25
2011.04.05 01:48:40.035,1.48949,1.48993,1.50,2.25
2011.04.05 01:48:40.434,1.48949,1.48993,1.50,2.25
2011.04.05 01:48:41.455,1.48949,1.48993,1.65,2.25
2011.04.05 01:48:41.566,1.48949,1.48993,1.65,2.25
2011.04.05 01:48:41.785,1.48946,1.48993,1.80,2.25
2011.04.05 01:48:42.676,1.48946,1.48983,1.65,2.25
2011.04.05 01:48:43.057,1.48946,1.48983,1.65,2.25
2011.04.05 01:48:43.495,1.48946,1.48983,1.50,2.25
2011.04.05 01:48:43.935,1.48946,1.48994,2.40,2.25
2011.04.05 01:48:44.047,1.4895,1.48994,2.25,2.25
2011.04.05 01:48:44.356,1.4895,1.48994,1.65,2.25
2011.04.05 01:48:44.686,1.48947,1.48994,1.65,2.25
2011.04.05 01:48:44.905,1.48953,1.48994,1.50,2.25
2011.04.05 01:48:45.457,1.48952,1.49004,1.05,2.25
2011.04.05 01:48:45.566,1.48952,1.49004,1.80,2.25
2011.04.05 01:48:46.116,1.48948,1.49004,1.65,2.25
2011.04.05 01:48:47.585,1.48946,1.48993,1.05,2.25
2011.04.05 01:48:53.647,1.48947,1.48993,1.05,2.25
2011.04.05 01:48:55.669,1.48946,1.48993,1.05,2.25
2011.04.05 01:49:05.345,1.48944,1.48993,1.65,2.25
2011.04.05 01:49:05.455,1.48946,1.48993,1.65,2.25
2011.04.05 01:49:06.707,1.48947,1.48993,1.05,2.25
2011.04.05 01:49:12.687,1.48946,1.48993,1.65,2.25
2011.04.05 01:49:13.643,1.48947,1.49003,2.55,2.25
2011.04.05 01:49:17.215,1.48947,1.48999,1.50,1.50
2011.04.05 01:49:17.325,1.48944,1.48994,1.65,2.25
2011.04.05 01:49:17.438,1.48944,1.48994,1.65,2.25
2011.04.05 01:49:17.545,1.48947,1.48994,1.05,2.25
2011.04.05 01:49:20.645,1.48946,1.48993,1.05,2.25
2011.04.05 01:49:20.757,1.48944,1.48993,1.65,2.25
2011.04.05 01:49:20.866,1.48947,1.48993,1.05,2.25
2011.04.05 01:49:44.477,1.48946,1.48994,1.80,1.50
2011.04.05 01:49:44.804,1.48946,1.49002,2.55,1.09
2011.04.05 01:49:45.580,1.48946,1.48994,2.55,2.25
2011.04.05 01:49:48.665,1.48946,1.48994,2.55,2.25
2011.04.05 01:49:48.809,1.48946,1.48994,2.40,2.25
2011.04.05 01:49:50.606,1.48946,1.48994,2.55,2.25
2011.04.05 01:49:50.936,1.48946,1.48994,3.98,2.25
2011.04.05 01:50:01.395,1.48952,1.49003,1.05,2.25
2011.04.05 01:50:02.087,1.48956,1.49004,1.50,2.25
2011.04.05 01:50:02.199,1.48956,1.49004,1.50,2.25
2011.04.05 01:50:02.538,1.48946,1.49004,2.55,2.25
2011.04.05 01:50:02.646,1.48957,1.49003,1.50,2.25
2011.04.05 01:50:02.976,1.48957,1.49003,1.50,2.25
2011.04.05 01:50:03.504,1.48946,1.49002,3.00,1.13
2011.04.05 01:50:03.838,1.48946,1.48997,2.40,2.25
2011.04.05 01:50:04.066,1.48946,1.48997,2.40,2.25
2011.04.05 01:50:15.428,1.48946,1.48997,1.50,2.25
2011.04.05 01:50:20.545,1.48946,1.48994,1.50,1.65
2011.04.05 01:50:21.586,1.48947,1.48998,1.50,2.25
2011.04.05 01:50:42.946,1.48947,1.48998,2.25,2.25
2011.04.05 01:50:43.276,1.48954,1.49003,2.18,3.75
2011.04.05 01:50:43.605,1.48957,1.49003,2.25,2.25
2011.04.05 01:51:32.135,1.48957,1.49004,1.50,2.40
2011.04.05 01:51:32.685,1.48956,1.49,2.25,2.25
2011.04.05 01:51:35.035,1.48956,1.49,3.00,2.40
2011.04.05 01:51:35.367,1.4895,1.49,1.50,2.40
2011.04.05 01:51:35.585,1.48937,1.48993,3.30,1.09
2011.04.05 01:51:35.805,1.48939,1.48992,1.65,2.25
2011.04.05 01:51:36.955,1.48946,1.48995,1.50,2.40
2011.04.05 01:51:39.156,1.48952,1.48997,1.50,2.25
2011.04.05 01:51:39.486,1.4896,1.49003,1.50,2.25
2011.04.05 01:51:39.706,1.48959,1.49003,1.50,2.25
2011.04.05 01:51:41.407,1.4896,1.49003,1.50,2.25
2011.04.05 01:51:42.284,1.4896,1.49004,1.50,2.25
2011.04.05 01:51:44.656,1.48959,1.49004,1.50,2.25
2011.04.05 01:51:44.876,1.48958,1.49004,1.50,2.25
2011.04.05 01:51:44.985,1.48958,1.49007,1.50,2.25
2011.04.05 01:51:46.738,1.48958,1.49007,1.50,2.25
2011.04.05 01:51:51.605,1.48957,1.49007,2.25,2.40
2011.04.05 01:51:54.256,1.48957,1.49005,2.40,2.25
2011.04.05 01:51:55.139,1.48957,1.49005,2.40,2.25
2011.04.05 01:52:00.837,1.48956,1.49005,2.25,2.40
2011.04.05 01:52:05.649,1.48954,1.49004,1.50,2.25
2011.04.05 01:52:08.007,1.48954,1.49004,1.50,2.40
2011.04.05 01:52:09.515,1.48951,1.49004,1.24,2.40
2011.04.05 01:52:09.626,1.48951,1.49004,1.24,2.40
2011.04.05 01:52:09.845,1.48947,1.49004,1.05,3.90
2011.04.05 01:52:12.666,1.48942,1.48994,1.65,2.25
2011.04.05 01:52:13.105,1.48942,1.48994,1.65,2.25
2011.04.05 01:52:13.875,1.48943,1.48994,1.05,2.25
2011.04.05 01:52:15.590,1.48942,1.48994,1.80,2.25
2011.04.05 01:52:15.815,1.48942,1.48994,1.80,2.25
2011.04.05 01:52:16.700,1.48942,1.48994,1.65,2.40
2011.04.05 01:52:26.849,1.48946,1.48994,1.65,2.40
2011.04.05 01:52:27.297,1.48937,1.48983,2.40,2.25
2011.04.05 01:52:27.749,1.48937,1.48983,2.40,2.25
2011.04.05 01:52:28.786,1.48937,1.48983,2.40,2.25
2011.04.05 01:52:28.896,1.48937,1.48983,1.65,2.25
2011.04.05 01:52:29.116,1.48937,1.48982,1.50,1.50
2011.04.05 01:52:29.226,1.48937,1.48982,1.80,1.50
2011.04.05 01:52:29.336,1.48931,1.48982,1.05,1.50
2011.04.05 01:52:29.556,1.4893,1.48983,3.00,2.25
2011.04.05 01:52:29.776,1.4893,1.48979,1.50,1.50
2011.04.05 01:52:29.995,1.48924,1.48964,1.50,1.50
2011.04.05 01:52:30.105,1.48927,1.48973,2.25,2.25
2011.04.05 01:52:34.116,1.4892,1.48973,2.25,2.25
2011.04.05 01:52:34.226,1.4892,1.48973,2.25,2.25
2011.04.05 01:52:34.775,1.48917,1.48973,3.00,3.90
2011.04.05 01:52:43.755,1.48918,1.48969,1.50,1.05
2011.04.05 01:52:46.376,1.48918,1.48973,1.50,2.40
2011.04.05 01:52:46.926,1.4892,1.48974,1.50,4.05
2011.04.05 01:52:47.367,1.48927,1.48973,1.50,2.40
2011.04.05 01:52:49.776,1.4892,1.48973,1.50,1.05
2011.04.05 01:52:49.887,1.4892,1.48972,1.50,2.40
2011.04.05 01:52:50.216,1.48917,1.48969,1.50,1.05
2011.04.05 01:53:08.196,1.48916,1.48969,1.50,1.05
2011.04.05 01:53:16.266,1.48917,1.48973,1.50,2.55
2011.04.05 01:53:21.222,1.48917,1.48973,1.50,2.40
2011.04.05 01:53:21.336,1.48917,1.48973,1.50,2.40
2011.04.05 01:53:28.076,1.48911,1.48963,1.50,2.40
2011.04.05 01:53:57.287,1.48908,1.48963,2.25,2.25
2011.04.05 01:53:57.616,1.48908,1.48963,2.25,2.55
2011.04.05 01:54:08.406,1.48909,1.48963,2.25,2.40
2011.04.05 01:54:08.955,1.48911,1.48963,2.25,2.25
2011.04.05 01:54:35.516,1.48917,1.48969,1.50,1.05
2011.04.05 01:54:49.078,1.48917,1.48973,2.25,2.40
2011.04.05 01:54:49.406,1.48917,1.48968,2.25,1.05
2011.04.05 01:54:49.516,1.48917,1.48968,1.50,1.05
2011.04.05 01:54:49.827,1.48917,1.48968,2.25,1.05
2011.04.05 01:54:50.266,1.48917,1.48973,2.25,2.55
2011.04.05 01:54:51.405,1.48917,1.48968,1.50,1.05
2011.04.05 01:54:53.163,1.48917,1.48968,1.50,1.05
2011.04.05 01:54:54.797,1.48917,1.48973,2.40,2.55
2011.04.05 01:55:00.475,1.48918,1.48973,1.50,2.55
2011.04.05 01:55:00.808,1.48919,1.48973,1.50,2.25
2011.04.05 01:55:01.177,1.4892,1.48973,1.50,2.25
2011.04.05 01:55:01.506,1.48926,1.48982,2.25,2.40
2011.04.05 01:55:03.905,1.48926,1.48979,2.25,1.05
2011.04.05 01:55:04.485,1.48926,1.48979,2.25,1.05
2011.04.05 01:55:08.005,1.48921,1.48973,2.40,2.25
2011.04.05 01:55:08.116,1.48921,1.48973,2.25,2.25
2011.04.05 01:55:08.335,1.48918,1.48973,1.50,2.55
2011.04.05 01:55:08.665,1.48916,1.48964,1.50,2.25
2011.04.05 01:55:09.105,1.48913,1.48964,2.25,2.25
2011.04.05 01:55:15.446,1.48915,1.48964,2.25,2.40
2011.04.05 01:55:15.775,1.48915,1.48964,2.25,2.25
2011.04.05 01:55:16.435,1.48915,1.48964,2.25,2.25
2011.04.05 01:55:18.487,1.48917,1.48973,1.50,2.40
2011.04.05 01:55:18.595,1.48917,1.48973,1.50,2.40
2011.04.05 01:55:24.321,1.48917,1.48973,2.25,2.40
2011.04.05 01:55:24.440,1.48917,1.48969,3.00,1.05
2011.04.05 01:55:24.776,1.48917,1.48969,4.50,1.05
2011.04.05 01:55:25.780,1.48917,1.48974,2.40,2.40
2011.04.05 01:55:26.445,1.48917,1.48974,3.15,2.40
2011.04.05 01:55:26.675,1.48917,1.48974,3.00,2.55
2011.04.05 01:55:27.415,1.48917,1.48974,2.25,2.55
2011.04.05 01:55:34.846,1.48917,1.48973,2.40,1.05
2011.04.05 01:55:35.308,1.48917,1.48973,2.40,1.05
2011.04.05 01:55:36.495,1.48917,1.48973,2.40,1.05
2011.04.05 01:55:42.247,1.48918,1.48964,1.50,2.25
2011.04.05 01:55:42.610,1.48917,1.48964,2.40,2.25
2011.04.05 01:55:53.857,1.48917,1.48964,2.40,2.25
2011.04.05 01:55:54.405,1.48919,1.48964,3.15,2.25
2011.04.05 01:55:56.606,1.48922,1.48982,1.99,2.40
2011.04.05 01:55:56.716,1.48922,1.48982,1.99,2.40
2011.04.05 01:56:03.635,1.48922,1.48983,2.74,3.30
2011.04.05 01:56:10.818,1.48921,1.48973,1.99,2.25
2011.04.05 01:56:11.038,1.48917,1.48973,1.50,2.25
2011.04.05 01:56:11.259,1.48914,1.48964,3.00,2.25
2011.04.05 01:56:11.376,1.48914,1.48964,3.00,2.25
2011.04.05 01:56:11.597,1.48914,1.48964,2.25,2.25
2011.04.05 01:56:12.209,1.48914,1.48964,1.50,2.25
2011.04.05 01:56:12.435,1.48912,1.48964,2.25,2.25
2011.04.05 01:57:02.618,1.48912,1.48963,1.65,2.25
2011.04.05 01:57:03.169,1.48913,1.48963,1.50,2.25
2011.04.05 01:57:04.215,1.48913,1.48957,1.50,1.20
2011.04.05 01:57:04.546,1.48913,1.48957,1.50,1.35
2011.04.05 01:57:05.783,1.48913,1.48957,1.65,1.35
2011.04.05 01:57:25.842,1.48912,1.48957,1.65,1.35
2011.04.05 01:57:30.437,1.48911,1.48953,1.50,2.25
2011.04.05 01:57:31.217,1.48912,1.48957,1.50,1.35
2011.04.05 01:57:33.396,1.48911,1.48957,1.50,1.35
2011.04.05 01:57:36.151,1.48911,1.48957,1.50,1.35
2011.04.05 01:57:47.596,1.48912,1.48956,1.50,1.05
2011.04.05 01:57:47.706,1.48914,1.48957,2.25,1.35
2011.04.05 01:57:47.925,1.48917,1.48957,1.50,1.35
2011.04.05 01:57:54.487,1.48914,1.48957,2.25,1.35
2011.04.05 01:57:54.597,1.48911,1.48956,1.65,1.05
2011.04.05 01:57:54.818,1.4891,1.48954,2.40,2.25
2011.04.05 01:57:55.037,1.48912,1.48956,1.65,1.05
2011.04.05 01:57:55.846,1.48911,1.48957,1.65,1.35
2011.04.05 01:58:21.268,1.48912,1.48957,1.05,1.35
2011.04.05 01:58:21.642,1.48912,1.48956,1.50,1.05
2011.04.05 01:58:21.763,1.48913,1.48957,2.40,1.35
2011.04.05 01:58:21.877,1.48914,1.48957,2.40,1.35
2011.04.05 01:58:22.435,1.48917,1.48957,1.50,1.35
2011.04.05 01:58:22.845,1.48917,1.48957,1.80,1.35
2011.04.05 01:58:23.946,1.48919,1.48957,1.65,1.35
2011.04.05 01:58:28.466,1.48919,1.48956,1.50,1.05
2011.04.05 01:58:29.016,1.48916,1.48956,1.65,1.05
2011.04.05 01:58:29.458,1.48919,1.48957,1.50,1.35
2011.04.05 01:58:30.660,1.48919,1.48957,1.65,1.35
2011.04.05 01:58:33.504,1.4892,1.48956,1.50,1.05
2011.04.05 01:58:33.616,1.4892,1.48956,1.65,1.05
2011.04.05 01:58:33.947,1.48922,1.48957,1.65,1.35
2011.04.05 01:58:34.496,1.48921,1.48956,1.65,1.05
2011.04.05 01:58:41.347,1.48921,1.48956,1.80,1.05
2011.04.05 01:58:46.861,1.48924,1.48959,1.50,1.35
2011.04.05 01:58:47.415,1.4892,1.48956,1.99,1.20
2011.04.05 01:58:51.362,1.48922,1.48957,1.50,1.35
2011.04.05 01:58:53.685,1.4892,1.48956,1.65,1.05
2011.04.05 01:58:54.235,1.4892,1.48956,1.65,1.35
2011.04.05 01:58:57.647,1.4892,1.48956,1.65,1.20
2011.04.05 01:59:19.127,1.4892,1.48956,1.50,1.20
2011.04.05 01:59:19.676,1.4892,1.48956,1.65,1.20
2011.04.05 01:59:20.617,1.4892,1.48956,1.65,1.35
2011.04.05 01:59:22.157,1.4892,1.48956,1.50,1.35
2011.04.05 01:59:23.587,1.4892,1.48956,1.65,1.05
2011.04.05 01:59:24.136,1.4892,1.48956,1.65,1.05
2011.04.05 01:59:34.506,1.4892,1.48956,1.50,1.20
2011.04.05 01:59:35.632,1.4892,1.48956,1.65,1.20
2011.04.05 01:59:40.548,1.4892,1.48956,1.65,1.20
2011.04.05 01:59:43.308,1.4892,1.48956,1.80,1.20
2011.04.05 01:59:43.526,1.4892,1.48956,1.65,1.35
2011.04.05 01:59:47.215,1.48918,1.48957,1.50,1.35
2011.04.05 01:59:47.643,1.4891,1.48956,1.65,1.35
2011.04.05 01:59:48.794,1.48908,1.48954,2.40,2.25
2011.04.05 01:59:52.606,1.48906,1.48954,2.55,2.25
2011.04.05 01:59:53.050,1.48899,1.48954,1.50,2.25
2011.04.05 01:59:56.868,1.48901,1.48954,1.50,2.25
2011.04.05 01:59:57.706,1.48901,1.48954,1.65,2.25
2011.04.05 01:59:58.598,1.48901,1.48954,1.50,2.25
