2015.05.22 18:00:02.101,1.46096,1.46125,1.00,1.00
2015.05.22 18:00:02.680,1.46097,1.46125,1.00,1.00
2015.05.22 18:00:02.986,1.46091,1.46124,1.12,1.00
2015.05.22 18:00:03.267,1.46091,1.4612,1.12,1.00
2015.05.22 18:00:03.421,1.46093,1.46125,1.00,1.00
2015.05.22 18:00:03.524,1.46094,1.4612,1.00,1.00
2015.05.22 18:00:04.038,1.46094,1.46119,1.00,1.00
2015.05.22 18:00:05.132,1.46094,1.46129,1.37,1.87
2015.05.22 18:00:05.183,1.461,1.46129,1.00,1.00
2015.05.22 18:00:05.489,1.46103,1.46129,1.00,1.00
2015.05.22 18:00:06.193,1.46102,1.46129,1.50,1.00
2015.05.22 18:00:07.354,1.46102,1.4613,1.50,1.00
2015.05.22 18:00:08.985,1.46102,1.46129,1.50,1.00
2015.05.22 18:00:09.292,1.46105,1.4613,1.00,1.00
2015.05.22 18:00:09.435,1.46103,1.4613,1.50,1.00
2015.05.22 18:00:09.967,1.46103,1.46129,1.00,1.00
2015.05.22 18:00:11.037,1.46102,1.46129,1.00,1.00
2015.05.22 18:00:11.622,1.46102,1.46135,1.00,1.12
2015.05.22 18:00:11.675,1.461,1.46135,1.00,1.12
2015.05.22 18:00:12.186,1.461,1.4613,1.00,1.00
2015.05.22 18:00:13.385,1.46099,1.4613,1.00,1.00
2015.05.22 18:00:15.158,1.46101,1.46129,1.00,1.00
2015.05.22 18:00:15.704,1.461,1.46129,1.00,1.00
2015.05.22 18:00:16.195,1.46097,1.4613,1.00,1.00
2015.05.22 18:00:16.742,1.46095,1.4613,1.87,1.00
2015.05.22 18:00:17.256,1.46095,1.46129,1.37,1.00
2015.05.22 18:00:18.386,1.46114,1.46131,1.00,1.00
2015.05.22 18:00:18.438,1.46114,1.46134,1.00,1.00
2015.05.22 18:00:18.489,1.46114,1.46136,1.00,1.12
2015.05.22 18:00:18.592,1.46114,1.46134,1.00,1.00
2015.05.22 18:00:18.694,1.46112,1.46134,1.00,1.00
2015.05.22 18:00:18.796,1.46112,1.4614,1.00,1.37
2015.05.22 18:00:18.949,1.4611,1.46139,1.00,1.37
2015.05.22 18:00:19.002,1.46107,1.46139,1.00,1.37
2015.05.22 18:00:19.053,1.4611,1.46139,1.00,1.37
2015.05.22 18:00:19.262,1.46108,1.46139,1.50,1.37
2015.05.22 18:00:19.773,1.46108,1.46135,1.00,1.00
2015.05.22 18:00:19.926,1.46106,1.46135,1.00,1.00
2015.05.22 18:00:20.129,1.46104,1.46134,1.50,1.00
2015.05.22 18:00:20.334,1.461,1.46135,1.37,1.00
2015.05.22 18:00:21.282,1.46102,1.46134,1.00,1.00
2015.05.22 18:00:21.334,1.46105,1.46134,1.00,1.00
2015.05.22 18:00:21.639,1.46107,1.46134,1.00,1.00
2015.05.22 18:00:21.793,1.46105,1.46134,1.00,1.00
2015.05.22 18:00:22.123,1.46103,1.46135,1.00,1.00
2015.05.22 18:00:22.174,1.46106,1.46135,1.00,1.00
2015.05.22 18:00:22.225,1.46108,1.4614,1.00,1.00
2015.05.22 18:00:22.515,1.46107,1.46134,1.00,1.00
2015.05.22 18:00:22.617,1.46101,1.46134,1.37,1.00
2015.05.22 18:00:22.770,1.46104,1.46134,1.00,1.00
2015.05.22 18:00:23.770,1.46106,1.46135,1.00,1.00
2015.05.22 18:00:24.231,1.46104,1.46135,1.00,1.00
2015.05.22 18:00:24.783,1.46105,1.46134,1.00,1.00
2015.05.22 18:00:25.591,1.46105,1.46135,1.00,1.00
2015.05.22 18:00:25.642,1.46104,1.46135,1.00,1.37
2015.05.22 18:00:25.744,1.46101,1.46134,1.12,1.75
2015.05.22 18:00:26.253,1.461,1.4613,1.12,1.00
2015.05.22 18:00:26.800,1.461,1.46129,1.12,1.00
2015.05.22 18:00:27.343,1.46102,1.4613,1.00,1.00
2015.05.22 18:00:27.702,1.46103,1.46134,1.00,1.50
2015.05.22 18:00:28.709,1.46103,1.4613,1.50,1.00
2015.05.22 18:00:32.726,1.46103,1.46129,1.50,1.00
2015.05.22 18:00:33.416,1.46105,1.46129,1.00,1.00
2015.05.22 18:00:34.915,1.46105,1.46124,1.00,1.00
2015.05.22 18:00:34.967,1.46095,1.46124,1.12,1.50
2015.05.22 18:00:35.119,1.4609,1.46124,1.87,1.00
2015.05.22 18:00:35.272,1.46097,1.46124,1.00,1.00
2015.05.22 18:00:35.821,1.46093,1.46124,1.50,1.00
2015.05.22 18:00:36.431,1.46091,1.46124,1.37,1.12
2015.05.22 18:00:36.584,1.46089,1.46124,1.87,1.37
2015.05.22 18:00:36.635,1.46089,1.46119,1.87,1.00
2015.05.22 18:00:36.892,1.4609,1.46124,1.00,1.37
2015.05.22 18:00:37.428,1.4609,1.46124,1.37,1.37
2015.05.22 18:00:38.106,1.4609,1.46122,1.37,1.00
2015.05.22 18:00:38.279,1.4609,1.46119,1.37,1.00
2015.05.22 18:00:38.634,1.46086,1.46119,1.00,1.00
2015.05.22 18:00:38.685,1.46085,1.46116,1.12,1.00
2015.05.22 18:00:39.046,1.46084,1.46114,1.12,1.00
2015.05.22 18:00:39.639,1.46084,1.46115,1.00,1.00
2015.05.22 18:00:40.225,1.46082,1.46115,1.37,1.00
2015.05.22 18:00:40.337,1.46082,1.46115,1.12,1.00
2015.05.22 18:00:41.131,1.46082,1.46114,1.12,1.00
2015.05.22 18:00:42.094,1.46083,1.46114,1.00,1.00
2015.05.22 18:00:43.557,1.46083,1.46115,1.00,1.00
2015.05.22 18:00:44.095,1.46081,1.4611,1.37,1.00
2015.05.22 18:00:44.146,1.46081,1.46115,1.37,1.00
2015.05.22 18:00:45.246,1.46081,1.46114,1.37,1.00
2015.05.22 18:00:45.603,1.46078,1.4611,1.37,1.00
2015.05.22 18:00:45.892,1.46076,1.4611,1.37,1.50
2015.05.22 18:00:46.178,1.46076,1.4611,1.37,1.50
2015.05.22 18:00:46.686,1.46079,1.4611,1.37,1.50
2015.05.22 18:00:49.675,1.46081,1.46115,1.12,1.00
2015.05.22 18:00:50.260,1.46079,1.46113,1.37,1.00
2015.05.22 18:00:52.320,1.46079,1.46109,1.37,1.00
2015.05.22 18:00:53.512,1.46082,1.46109,1.12,1.00
2015.05.22 18:00:53.563,1.46082,1.46113,1.12,1.00
2015.05.22 18:00:53.767,1.46085,1.46113,1.00,1.00
2015.05.22 18:00:55.515,1.46089,1.46116,1.00,1.00
2015.05.22 18:00:56.074,1.46089,1.46119,1.00,1.00
2015.05.22 18:00:56.461,1.46089,1.4612,1.00,1.87
2015.05.22 18:00:58.274,1.46087,1.46119,1.00,1.37
2015.05.22 18:00:59.596,1.46087,1.46119,1.37,1.37
2015.05.22 18:00:59.964,1.46087,1.4612,1.37,1.00
2015.05.22 18:01:00.672,1.46094,1.46124,1.00,1.00
2015.05.22 18:01:00.927,1.46092,1.46124,1.12,1.12
2015.05.22 18:01:00.979,1.46092,1.46122,1.12,1.00
2015.05.22 18:01:01.539,1.46091,1.46122,1.00,1.00
2015.05.22 18:01:01.641,1.46091,1.46125,1.00,1.50
2015.05.22 18:01:01.692,1.46094,1.46125,1.00,1.50
2015.05.22 18:01:01.978,1.46092,1.46124,1.00,1.00
2015.05.22 18:01:02.029,1.46092,1.46124,1.00,1.37
2015.05.22 18:01:02.538,1.46091,1.46125,1.00,1.87
2015.05.22 18:01:05.898,1.46091,1.46119,1.00,1.00
2015.05.22 18:01:05.953,1.46088,1.46119,1.00,1.00
2015.05.22 18:01:06.055,1.46086,1.46119,1.00,1.00
2015.05.22 18:01:06.259,1.46086,1.46117,1.00,1.00
2015.05.22 18:01:06.844,1.46086,1.46117,1.00,1.37
2015.05.22 18:01:07.047,1.46082,1.46113,1.00,1.12
2015.05.22 18:01:07.149,1.46082,1.46117,1.00,1.37
2015.05.22 18:01:08.546,1.46082,1.46114,1.00,1.00
2015.05.22 18:01:10.945,1.46082,1.46114,1.00,1.37
2015.05.22 18:01:10.997,1.4608,1.46112,1.00,1.12
2015.05.22 18:01:12.014,1.46082,1.46112,1.00,1.12
2015.05.22 18:01:12.521,1.46081,1.46112,1.00,1.12
2015.05.22 18:01:13.012,1.46084,1.46112,1.00,1.00
2015.05.22 18:01:13.219,1.46082,1.46112,1.00,1.00
2015.05.22 18:01:13.270,1.46082,1.46114,1.00,1.00
2015.05.22 18:01:13.372,1.46081,1.46109,1.00,1.00
2015.05.22 18:01:13.424,1.46078,1.46109,1.50,1.00
2015.05.22 18:01:13.886,1.46082,1.4611,1.00,1.00
2015.05.22 18:01:14.489,1.46082,1.46109,1.00,1.00
2015.05.22 18:01:15.072,1.46083,1.46109,1.00,1.00
2015.05.22 18:01:16.201,1.46083,1.46115,1.00,1.00
2015.05.22 18:01:17.349,1.46084,1.46118,1.50,1.37
2015.05.22 18:01:17.400,1.46087,1.46119,1.00,1.50
2015.05.22 18:01:17.553,1.46087,1.46122,1.00,1.00
2015.05.22 18:01:17.604,1.46095,1.46124,1.00,1.00
2015.05.22 18:01:18.352,1.46095,1.46125,1.00,1.00
2015.05.22 18:01:18.860,1.46094,1.46125,1.00,1.50
2015.05.22 18:01:20.582,1.46095,1.46125,1.00,1.50
2015.05.22 18:01:20.785,1.46085,1.46119,1.37,1.87
2015.05.22 18:01:20.887,1.46085,1.46115,1.00,1.00
2015.05.22 18:01:21.557,1.46087,1.46115,1.00,1.00
2015.05.22 18:01:21.865,1.46087,1.46119,1.00,1.50
2015.05.22 18:01:22.382,1.46087,1.46116,1.00,1.00
2015.05.22 18:01:22.535,1.46085,1.46116,1.00,1.37
2015.05.22 18:01:22.638,1.46085,1.46116,1.00,1.37
2015.05.22 18:01:23.066,1.46081,1.46109,1.00,1.00
2015.05.22 18:01:23.635,1.46081,1.46114,1.00,1.87
2015.05.22 18:01:25.290,1.4608,1.46114,1.00,1.87
2015.05.22 18:01:26.762,1.4608,1.46114,1.00,1.87
2015.05.22 18:01:27.270,1.46079,1.46114,1.00,1.37
2015.05.22 18:01:31.104,1.46079,1.46107,1.00,1.37
2015.05.22 18:01:31.155,1.46068,1.46104,2.62,1.00
2015.05.22 18:01:31.258,1.46069,1.46101,1.12,1.00
2015.05.22 18:01:31.310,1.46069,1.46104,1.12,1.00
2015.05.22 18:01:31.844,1.46072,1.46104,1.00,1.00
2015.05.22 18:01:32.164,1.46077,1.46108,1.00,1.00
2015.05.22 18:01:32.677,1.46078,1.46109,1.00,1.00
2015.05.22 18:01:33.231,1.46078,1.4611,1.00,1.00
2015.05.22 18:01:33.849,1.46078,1.4611,1.00,1.50
2015.05.22 18:01:34.379,1.46077,1.4611,1.12,2.25
2015.05.22 18:01:34.684,1.46074,1.46108,1.00,1.37
2015.05.22 18:01:35.876,1.46075,1.46108,1.00,1.00
2015.05.22 18:01:36.081,1.46077,1.46108,1.00,1.00
2015.05.22 18:01:36.567,1.46077,1.4611,1.00,1.50
2015.05.22 18:01:38.275,1.46078,1.4611,1.00,1.00
2015.05.22 18:01:39.031,1.46079,1.4611,1.00,1.00
2015.05.22 18:01:39.337,1.46076,1.4611,1.00,1.00
2015.05.22 18:01:40.261,1.46079,1.4611,1.00,1.00
2015.05.22 18:01:40.364,1.46075,1.46109,1.00,1.00
2015.05.22 18:01:41.916,1.46077,1.46109,1.00,1.00
2015.05.22 18:01:43.711,1.46079,1.46109,1.00,1.00
2015.05.22 18:01:44.006,1.4608,1.46113,1.00,1.00
2015.05.22 18:01:44.057,1.46083,1.46113,1.00,1.00
2015.05.22 18:01:44.363,1.46086,1.46113,1.00,1.00
2015.05.22 18:01:45.055,1.46086,1.46114,1.00,1.00
2015.05.22 18:01:47.041,1.46086,1.46115,1.00,1.00
2015.05.22 18:01:47.143,1.46086,1.46118,1.00,1.00
2015.05.22 18:01:47.194,1.46089,1.46118,1.00,1.00
2015.05.22 18:01:51.481,1.46085,1.46117,1.00,1.12
2015.05.22 18:01:51.533,1.46085,1.46115,1.00,1.00
2015.05.22 18:01:52.208,1.46079,1.46103,1.50,1.00
2015.05.22 18:01:52.789,1.46079,1.46105,1.50,1.00
2015.05.22 18:01:52.994,1.46079,1.46115,1.50,1.50
2015.05.22 18:01:53.858,1.46079,1.46114,1.50,1.00
2015.05.22 18:01:54.775,1.46081,1.46114,1.00,1.00
2015.05.22 18:01:55.116,1.46083,1.46114,1.00,1.00
2015.05.22 18:01:55.325,1.4608,1.46114,1.00,1.00
2015.05.22 18:01:57.539,1.46081,1.46114,1.00,1.00
2015.05.22 18:01:58.564,1.46078,1.46112,1.00,1.00
2015.05.22 18:01:58.769,1.4608,1.46112,1.00,1.00
2015.05.22 18:01:58.871,1.4608,1.46114,1.00,1.00
2015.05.22 18:01:59.381,1.4608,1.46115,1.00,1.00
2015.05.22 18:01:59.584,1.46082,1.46118,1.00,1.00
2015.05.22 18:01:59.635,1.46084,1.46118,1.00,1.00
2015.05.22 18:02:00.197,1.46083,1.46118,1.00,1.00
2015.05.22 18:02:00.503,1.46082,1.46115,1.00,1.00
2015.05.22 18:02:03.324,1.46082,1.46114,1.00,1.00
2015.05.22 18:02:05.642,1.46082,1.46118,1.00,1.00
2015.05.22 18:02:05.846,1.46082,1.46114,1.50,1.00
2015.05.22 18:02:07.305,1.46082,1.46114,1.37,1.00
2015.05.22 18:02:07.610,1.46083,1.46118,1.37,1.00
2015.05.22 18:02:08.148,1.46087,1.46118,1.00,1.00
2015.05.22 18:02:10.768,1.46086,1.46118,1.00,1.00
2015.05.22 18:02:11.380,1.46087,1.46118,1.00,1.00
2015.05.22 18:02:14.361,1.46088,1.46118,1.00,1.00
2015.05.22 18:02:14.911,1.46087,1.46118,1.00,1.00
2015.05.22 18:02:18.644,1.46088,1.46118,1.00,1.00
2015.05.22 18:02:19.249,1.46088,1.46118,1.00,1.37
2015.05.22 18:02:19.521,1.46085,1.46118,1.00,1.00
2015.05.22 18:02:19.674,1.46087,1.46118,1.00,1.00
2015.05.22 18:02:20.178,1.46088,1.46118,1.00,1.00
2015.05.22 18:02:22.197,1.46087,1.46118,1.00,1.00
2015.05.22 18:02:24.621,1.46088,1.46118,1.00,1.00
2015.05.22 18:02:25.028,1.46091,1.46118,1.00,1.00
2015.05.22 18:02:25.356,1.46113,1.46122,1.00,1.00
2015.05.22 18:02:25.407,1.46121,1.46145,1.00,1.37
2015.05.22 18:02:25.645,1.46126,1.46145,1.00,1.37
2015.05.22 18:02:25.812,1.46117,1.46139,1.00,1.00
2015.05.22 18:02:25.914,1.46108,1.46139,1.00,1.00
2015.05.22 18:02:25.965,1.46107,1.46129,1.00,1.00
2015.05.22 18:02:26.016,1.46101,1.46129,1.00,1.00
2015.05.22 18:02:26.547,1.461,1.46129,1.00,1.00
2015.05.22 18:02:27.445,1.461,1.4613,1.00,1.00
2015.05.22 18:02:28.047,1.461,1.46129,1.00,1.00
2015.05.22 18:02:28.590,1.46099,1.46129,1.00,1.00
2015.05.22 18:02:29.375,1.46099,1.4613,1.00,1.00
2015.05.22 18:02:30.159,1.46099,1.46129,1.00,1.00
2015.05.22 18:02:31.036,1.46102,1.46129,1.00,1.00
2015.05.22 18:02:31.739,1.46116,1.4613,1.00,1.00
2015.05.22 18:02:31.790,1.46116,1.46139,1.50,1.00
2015.05.22 18:02:31.842,1.4612,1.46139,1.00,1.00
2015.05.22 18:02:32.354,1.46119,1.46139,1.00,1.00
2015.05.22 18:02:38.800,1.46121,1.46144,1.00,1.00
2015.05.22 18:02:38.902,1.46123,1.46144,1.00,1.00
2015.05.22 18:02:39.431,1.46123,1.46145,1.00,1.00
2015.05.22 18:02:39.995,1.46122,1.46145,1.00,1.00
2015.05.22 18:02:40.504,1.46122,1.46144,1.00,1.00
2015.05.22 18:02:41.260,1.46122,1.46139,1.00,1.00
2015.05.22 18:02:41.322,1.46117,1.46139,1.00,1.00
2015.05.22 18:02:41.528,1.46119,1.46139,1.00,1.00
2015.05.22 18:02:41.848,1.46121,1.46139,1.00,1.00
2015.05.22 18:02:42.359,1.46121,1.4614,1.00,1.00
2015.05.22 18:02:42.794,1.46121,1.46145,1.00,1.00
2015.05.22 18:02:42.845,1.46125,1.46145,1.00,1.00
2015.05.22 18:02:43.202,1.46128,1.46144,1.00,1.00
2015.05.22 18:02:43.559,1.46126,1.46144,1.00,1.00
2015.05.22 18:02:43.969,1.46123,1.46144,1.00,1.00
2015.05.22 18:02:44.312,1.46115,1.46134,1.87,1.00
2015.05.22 18:02:44.851,1.46115,1.46135,1.50,1.00
2015.05.22 18:02:46.601,1.46114,1.46135,1.12,1.00
2015.05.22 18:02:47.564,1.46114,1.46135,1.37,1.00
2015.05.22 18:02:52.017,1.46115,1.46134,1.12,1.00
2015.05.22 18:02:52.347,1.46115,1.46144,1.37,1.00
2015.05.22 18:02:53.027,1.46119,1.4615,1.00,1.12
2015.05.22 18:02:53.132,1.4612,1.46144,1.12,1.00
2015.05.22 18:02:53.482,1.4612,1.46139,1.00,1.00
2015.05.22 18:02:53.534,1.46118,1.46139,1.00,1.00
2015.05.22 18:02:54.023,1.46117,1.46144,1.00,1.00
2015.05.22 18:02:54.126,1.46118,1.46139,1.00,1.00
2015.05.22 18:02:54.544,1.46116,1.4614,1.00,1.00
2015.05.22 18:02:55.070,1.46116,1.46139,1.00,1.00
2015.05.22 18:02:55.577,1.46116,1.4614,1.00,1.00
2015.05.22 18:02:58.271,1.46117,1.46144,1.00,1.00
2015.05.22 18:02:58.601,1.46118,1.4614,1.00,1.00
2015.05.22 18:02:59.110,1.46117,1.4614,1.00,1.00
2015.05.22 18:02:59.669,1.46117,1.46139,1.00,1.00
2015.05.22 18:03:00.019,1.46121,1.4614,1.00,1.00
2015.05.22 18:03:00.405,1.46122,1.46144,1.00,1.00
2015.05.22 18:03:00.716,1.46124,1.46144,1.00,1.00
2015.05.22 18:03:00.818,1.46121,1.46144,1.37,1.00
2015.05.22 18:03:01.165,1.46124,1.46144,1.00,1.00
2015.05.22 18:03:01.269,1.46119,1.46144,1.87,1.00
2015.05.22 18:03:01.608,1.46119,1.46144,1.00,1.00
2015.05.22 18:03:01.668,1.46117,1.46144,1.50,1.00
2015.05.22 18:03:03.222,1.46116,1.46145,1.00,1.00
2015.05.22 18:03:03.727,1.46116,1.46144,1.00,1.00
2015.05.22 18:03:04.134,1.46119,1.4615,1.00,1.00
2015.05.22 18:03:04.666,1.46116,1.46144,1.00,1.00
2015.05.22 18:03:04.921,1.46113,1.46145,1.00,1.00
2015.05.22 18:03:05.778,1.46113,1.46139,1.00,1.00
2015.05.22 18:03:06.667,1.46113,1.4614,1.00,1.00
2015.05.22 18:03:07.634,1.46113,1.46139,1.00,1.00
2015.05.22 18:03:09.749,1.46113,1.46144,1.00,1.00
2015.05.22 18:03:10.828,1.46116,1.46144,1.00,1.00
2015.05.22 18:03:11.480,1.46114,1.46144,1.00,1.00
2015.05.22 18:03:15.884,1.46113,1.46144,2.25,1.00
2015.05.22 18:03:15.986,1.46115,1.46144,1.00,1.00
2015.05.22 18:03:17.329,1.46117,1.46144,1.00,1.00
2015.05.22 18:03:17.533,1.46114,1.46144,1.00,1.00
2015.05.22 18:03:18.087,1.46113,1.46144,1.50,1.00
2015.05.22 18:03:24.600,1.46113,1.46145,1.50,1.00
2015.05.22 18:03:26.858,1.46115,1.46145,1.00,1.00
2015.05.22 18:03:30.527,1.46116,1.46149,1.00,1.00
2015.05.22 18:03:30.825,1.46119,1.46149,1.00,1.00
2015.05.22 18:03:35.483,1.46119,1.46145,1.00,1.00
2015.05.22 18:03:35.922,1.46119,1.46149,1.00,1.00
2015.05.22 18:03:37.241,1.46119,1.46144,1.00,1.00
2015.05.22 18:03:37.648,1.46119,1.46139,1.00,1.00
2015.05.22 18:03:37.802,1.46119,1.46144,1.00,1.00
2015.05.22 18:03:41.102,1.46119,1.46149,1.00,1.00
2015.05.22 18:03:41.647,1.4612,1.46149,1.00,1.00
2015.05.22 18:03:41.851,1.46119,1.46144,1.00,1.00
2015.05.22 18:03:42.531,1.46116,1.46144,1.00,1.00
2015.05.22 18:03:42.908,1.46115,1.4614,1.00,1.00
2015.05.22 18:03:46.030,1.46115,1.46139,1.00,1.00
2015.05.22 18:03:48.138,1.46115,1.4614,1.00,1.00
2015.05.22 18:03:55.158,1.46115,1.46144,1.00,1.00
2015.05.22 18:03:55.705,1.46115,1.4614,1.00,1.00
2015.05.22 18:03:57.360,1.46115,1.46144,1.00,1.00
2015.05.22 18:04:00.204,1.46115,1.4614,1.00,1.00
2015.05.22 18:04:00.901,1.46115,1.46139,1.00,1.00
2015.05.22 18:04:01.515,1.46115,1.4614,1.00,1.00
2015.05.22 18:04:05.489,1.46115,1.46145,1.00,1.00
2015.05.22 18:04:05.846,1.46115,1.4614,1.00,1.00
2015.05.22 18:04:06.354,1.46115,1.46139,1.00,1.00
2015.05.22 18:04:06.661,1.46115,1.46144,1.00,1.00
2015.05.22 18:04:06.816,1.46115,1.4614,1.00,1.00
2015.05.22 18:04:07.239,1.46115,1.46144,1.00,1.00
2015.05.22 18:04:10.097,1.46115,1.46145,1.00,1.00
2015.05.22 18:04:11.357,1.46115,1.46149,1.00,1.00
2015.05.22 18:04:11.868,1.46115,1.46144,1.00,1.00
2015.05.22 18:04:12.412,1.46115,1.46145,1.00,1.00
2015.05.22 18:04:12.765,1.46115,1.46149,1.00,1.50
2015.05.22 18:04:12.867,1.46115,1.46144,1.00,1.00
2015.05.22 18:04:13.773,1.46115,1.46149,1.00,1.50
2015.05.22 18:04:14.511,1.46115,1.46145,1.00,1.00
2015.05.22 18:04:15.725,1.46115,1.46144,1.00,1.00
2015.05.22 18:04:16.039,1.46115,1.46142,1.00,1.00
2015.05.22 18:04:16.408,1.46115,1.46148,1.00,1.00
2015.05.22 18:04:16.817,1.46115,1.46145,1.00,1.00
2015.05.22 18:04:18.028,1.46115,1.46146,1.00,1.00
2015.05.22 18:04:18.233,1.46111,1.46147,1.00,1.00
2015.05.22 18:04:18.538,1.46116,1.46147,1.00,1.00
2015.05.22 18:04:20.243,1.46116,1.46146,1.00,1.00
2015.05.22 18:04:20.346,1.46116,1.46148,1.00,1.00
2015.05.22 18:04:20.448,1.46116,1.46145,1.00,1.00
2015.05.22 18:04:22.936,1.46116,1.46148,1.00,1.00
2015.05.22 18:04:22.987,1.46119,1.4615,1.00,1.00
2015.05.22 18:04:23.483,1.46119,1.46147,1.00,1.00
2015.05.22 18:04:23.788,1.46119,1.46145,1.00,1.00
2015.05.22 18:04:24.095,1.46108,1.46138,2.25,1.00
2015.05.22 18:04:24.145,1.46108,1.46138,2.25,1.00
2015.05.22 18:04:24.299,1.46111,1.46143,1.00,1.00
2015.05.22 18:04:24.351,1.46114,1.46143,1.00,1.00
2015.05.22 18:04:24.950,1.46114,1.4614,1.00,1.00
2015.05.22 18:04:25.052,1.46111,1.46139,1.00,1.00
2015.05.22 18:04:25.205,1.4611,1.46137,1.00,1.00
2015.05.22 18:04:25.866,1.46121,1.46139,1.00,1.00
2015.05.22 18:04:26.195,1.46123,1.46155,1.12,1.00
2015.05.22 18:04:26.719,1.46123,1.46158,1.12,1.00
2015.05.22 18:04:26.770,1.46129,1.46158,1.00,1.00
2015.05.22 18:04:27.279,1.46129,1.46159,1.00,1.00
2015.05.22 18:04:27.827,1.46129,1.4616,1.00,1.00
2015.05.22 18:04:28.484,1.46129,1.46159,1.00,1.00
2015.05.22 18:04:31.108,1.46126,1.46154,1.50,1.00
2015.05.22 18:04:31.538,1.46122,1.46154,1.00,1.00
2015.05.22 18:04:31.589,1.4612,1.46154,1.50,1.00
2015.05.22 18:04:32.199,1.4612,1.46152,1.50,1.00
2015.05.22 18:04:34.015,1.4612,1.46149,1.00,1.00
2015.05.22 18:04:34.547,1.46121,1.46152,1.00,1.00
2015.05.22 18:04:36.686,1.4612,1.46152,1.50,1.00
2015.05.22 18:04:36.988,1.46122,1.46152,1.00,1.00
2015.05.22 18:04:38.636,1.46122,1.4615,1.00,1.00
2015.05.22 18:04:38.951,1.46122,1.46152,1.00,1.00
2015.05.22 18:04:39.258,1.46122,1.4615,1.00,1.00
2015.05.22 18:04:39.310,1.4612,1.4615,1.00,1.00
2015.05.22 18:04:39.412,1.46118,1.4615,1.50,1.00
2015.05.22 18:04:41.338,1.46118,1.46147,1.00,1.00
2015.05.22 18:04:41.635,1.46109,1.46144,1.50,1.50
2015.05.22 18:04:41.789,1.46109,1.4614,1.00,1.00
2015.05.22 18:04:41.894,1.46107,1.46139,1.00,1.00
2015.05.22 18:04:42.185,1.46102,1.46135,1.00,1.00
2015.05.22 18:04:42.237,1.46097,1.46132,1.00,1.00
2015.05.22 18:04:43.034,1.46097,1.46129,1.00,1.00
2015.05.22 18:04:44.555,1.46097,1.46129,1.37,1.00
2015.05.22 18:04:44.839,1.46097,1.46131,1.37,1.00
2015.05.22 18:04:45.301,1.46097,1.46129,1.37,1.00
2015.05.22 18:04:45.455,1.46097,1.46129,1.00,1.00
2015.05.22 18:04:45.506,1.46095,1.46129,1.00,1.50
2015.05.22 18:04:47.709,1.46095,1.46128,1.00,1.00
2015.05.22 18:04:47.862,1.46095,1.46126,1.00,1.00
2015.05.22 18:04:48.263,1.46095,1.46124,1.00,1.00
2015.05.22 18:04:48.365,1.46095,1.46126,1.00,1.00
2015.05.22 18:04:48.518,1.46095,1.46129,1.00,1.00
2015.05.22 18:04:48.569,1.46099,1.46129,1.00,1.00
2015.05.22 18:04:49.245,1.46099,1.46133,1.00,1.00
2015.05.22 18:04:51.484,1.46099,1.46132,1.00,1.37
2015.05.22 18:04:51.535,1.46097,1.46128,1.00,1.37
2015.05.22 18:04:51.587,1.46097,1.46124,1.00,1.00
2015.05.22 18:04:51.793,1.46083,1.46117,1.00,1.00
2015.05.22 18:04:51.896,1.46082,1.46115,1.87,1.00
2015.05.22 18:04:52.470,1.46087,1.46114,1.00,1.00
2015.05.22 18:04:52.867,1.46087,1.4612,1.00,1.00
2015.05.22 18:04:53.577,1.46087,1.46119,1.00,1.00
2015.05.22 18:04:53.782,1.46087,1.46122,1.00,1.00
2015.05.22 18:04:54.128,1.46087,1.46124,1.00,1.00
2015.05.22 18:04:54.485,1.4609,1.46125,1.00,1.00
2015.05.22 18:04:54.794,1.46092,1.46125,1.00,1.50
2015.05.22 18:04:55.269,1.4609,1.46125,1.50,1.00
2015.05.22 18:04:55.558,1.46096,1.46126,1.00,1.00
2015.05.22 18:04:55.916,1.46098,1.46125,1.00,1.00
2015.05.22 18:04:55.967,1.46098,1.46127,1.00,1.00
2015.05.22 18:04:56.121,1.461,1.46127,1.00,1.00
2015.05.22 18:04:56.749,1.46093,1.46129,1.50,1.50
2015.05.22 18:04:56.852,1.46093,1.46124,1.00,1.00
2015.05.22 18:04:56.956,1.46093,1.46129,1.00,1.00
2015.05.22 18:04:57.626,1.46094,1.46129,1.00,1.00
2015.05.22 18:04:57.678,1.46099,1.46129,1.00,1.00
2015.05.22 18:04:58.171,1.461,1.46133,1.00,1.00
2015.05.22 18:04:58.324,1.461,1.4613,1.00,1.00
2015.05.22 18:04:58.528,1.46097,1.4613,1.00,1.00
2015.05.22 18:04:59.332,1.46097,1.46129,1.00,1.00
2015.05.22 18:04:59.637,1.46097,1.46132,1.00,1.00
2015.05.22 18:04:59.820,1.461,1.46132,1.00,1.00
2015.05.22 18:05:02.404,1.46104,1.46132,1.00,1.00
2015.05.22 18:05:02.455,1.46104,1.46134,1.00,1.50
2015.05.22 18:05:02.506,1.46104,1.46129,1.00,1.00
2015.05.22 18:05:02.780,1.46097,1.46129,1.00,1.00
2015.05.22 18:05:02.832,1.46094,1.46124,1.00,1.00
2015.05.22 18:05:03.454,1.46091,1.46119,1.00,1.50
2015.05.22 18:05:03.505,1.46088,1.46119,1.00,2.25
2015.05.22 18:05:03.607,1.46085,1.46119,1.37,1.50
2015.05.22 18:05:04.090,1.46089,1.4612,1.00,1.00
2015.05.22 18:05:04.243,1.46092,1.46129,1.00,1.00
2015.05.22 18:05:04.294,1.46095,1.46129,1.00,1.00
2015.05.22 18:05:04.498,1.46093,1.46129,1.12,1.00
2015.05.22 18:05:04.651,1.46094,1.4613,1.37,1.50
2015.05.22 18:05:04.854,1.46092,1.46129,1.12,1.00
2015.05.22 18:05:05.838,1.46093,1.4613,1.00,1.50
2015.05.22 18:05:07.499,1.46096,1.4613,1.00,1.50
2015.05.22 18:05:08.050,1.46096,1.46129,1.00,1.00
2015.05.22 18:05:08.300,1.46096,1.46132,1.00,1.00
2015.05.22 18:05:08.352,1.46098,1.46133,1.00,1.00
2015.05.22 18:05:08.659,1.4609,1.46119,1.00,1.00
2015.05.22 18:05:08.710,1.46088,1.46119,1.00,1.00
2015.05.22 18:05:09.079,1.4609,1.46123,1.00,1.00
2015.05.22 18:05:09.133,1.46093,1.46123,1.00,1.00
2015.05.22 18:05:09.668,1.46093,1.46122,1.00,1.00
2015.05.22 18:05:09.719,1.46093,1.46125,1.00,1.00
2015.05.22 18:05:09.821,1.46093,1.46127,1.00,1.00
2015.05.22 18:05:10.176,1.46093,1.46125,1.00,1.00
2015.05.22 18:05:10.953,1.46093,1.4612,1.00,1.00
2015.05.22 18:05:11.108,1.4609,1.46118,1.00,1.00
2015.05.22 18:05:11.687,1.46086,1.46118,1.00,1.00
2015.05.22 18:05:12.812,1.46086,1.46119,1.00,1.00
2015.05.22 18:05:12.915,1.46086,1.46122,1.00,1.50
2015.05.22 18:05:13.017,1.46086,1.46119,1.00,1.00
2015.05.22 18:05:13.324,1.46092,1.46117,1.00,1.00
2015.05.22 18:05:13.557,1.46092,1.46119,1.00,1.00
2015.05.22 18:05:14.462,1.46087,1.46119,1.00,1.00
2015.05.22 18:05:15.881,1.46087,1.46113,1.00,1.00
2015.05.22 18:05:18.094,1.46087,1.46114,1.00,1.00
2015.05.22 18:05:19.174,1.46083,1.46114,1.00,1.00
2015.05.22 18:05:21.164,1.46086,1.46114,1.00,1.50
2015.05.22 18:05:21.317,1.46082,1.46114,1.00,1.00
2015.05.22 18:05:21.368,1.46075,1.46111,1.00,1.00
2015.05.22 18:05:21.419,1.46081,1.46113,1.00,1.00
2015.05.22 18:05:22.021,1.46081,1.46112,1.00,1.00
2015.05.22 18:05:22.327,1.46073,1.46099,1.00,1.00
2015.05.22 18:05:22.632,1.46078,1.46099,1.00,1.00
2015.05.22 18:05:22.734,1.46078,1.46101,1.00,1.00
2015.05.22 18:05:22.994,1.46074,1.46101,1.00,1.00
2015.05.22 18:05:23.562,1.46074,1.461,1.00,1.00
2015.05.22 18:05:23.716,1.46069,1.461,1.00,1.00
2015.05.22 18:05:23.935,1.46073,1.461,1.00,1.00
2015.05.22 18:05:25.147,1.46073,1.46102,1.00,1.00
2015.05.22 18:05:25.454,1.46074,1.46106,1.00,1.00
2015.05.22 18:05:25.963,1.46073,1.46107,1.50,1.00
2015.05.22 18:05:26.816,1.46075,1.46107,1.00,1.00
2015.05.22 18:05:27.696,1.46077,1.46107,1.00,1.00
2015.05.22 18:05:28.002,1.4608,1.46107,1.00,1.00
2015.05.22 18:05:30.327,1.4608,1.46108,1.00,1.00
2015.05.22 18:05:30.633,1.4608,1.46111,1.50,1.00
2015.05.22 18:05:30.736,1.4608,1.46109,1.50,1.00
2015.05.22 18:05:31.880,1.46081,1.46109,1.00,1.00
2015.05.22 18:05:32.455,1.4608,1.46109,1.12,1.37
2015.05.22 18:05:32.762,1.46074,1.46103,1.37,1.00
2015.05.22 18:05:33.068,1.46067,1.46096,1.87,1.00
2015.05.22 18:05:33.119,1.46067,1.46096,1.12,1.00
2015.05.22 18:05:33.272,1.46072,1.46094,1.00,1.00
2015.05.22 18:05:33.815,1.46065,1.46093,1.37,1.00
2015.05.22 18:05:33.968,1.46065,1.46093,1.00,1.00
2015.05.22 18:05:34.019,1.46065,1.46091,1.00,1.00
2015.05.22 18:05:34.580,1.46065,1.4609,1.00,1.00
2015.05.22 18:05:35.278,1.46066,1.4609,1.00,1.00
2015.05.22 18:05:37.544,1.46066,1.46093,1.00,1.00
2015.05.22 18:05:41.086,1.46066,1.46095,1.50,1.00
2015.05.22 18:05:41.595,1.46066,1.46094,1.50,1.00
2015.05.22 18:05:42.399,1.46066,1.46094,1.37,1.00
2015.05.22 18:05:44.939,1.46066,1.46097,1.87,1.00
2015.05.22 18:05:46.453,1.46071,1.46097,1.00,1.00
2015.05.22 18:05:46.505,1.46067,1.46097,1.37,1.00
2015.05.22 18:05:46.909,1.46067,1.46095,1.87,1.00
2015.05.22 18:05:47.215,1.46067,1.46095,1.00,1.00
2015.05.22 18:05:47.673,1.46067,1.46097,1.00,1.00
2015.05.22 18:05:49.577,1.46067,1.46097,1.87,1.00
2015.05.22 18:05:50.078,1.46067,1.46097,1.00,1.00
2015.05.22 18:05:51.404,1.46067,1.46099,1.00,1.00
2015.05.22 18:05:51.620,1.46067,1.46096,1.00,1.00
2015.05.22 18:05:54.554,1.46067,1.46095,1.00,1.00
2015.05.22 18:05:57.268,1.46067,1.46096,1.12,1.12
2015.05.22 18:05:59.866,1.46064,1.46096,1.12,1.37
2015.05.22 18:06:00.171,1.4606,1.46094,1.00,1.37
2015.05.22 18:06:00.324,1.46064,1.46094,1.00,1.00
2015.05.22 18:06:00.833,1.46064,1.46095,1.00,1.00
2015.05.22 18:06:01.208,1.46066,1.46096,1.00,1.00
2015.05.22 18:06:01.508,1.46061,1.46096,1.00,1.50
2015.05.22 18:06:01.560,1.46065,1.46097,1.00,1.00
2015.05.22 18:06:01.763,1.46065,1.461,1.00,1.00
2015.05.22 18:06:01.916,1.46068,1.461,1.00,1.00
2015.05.22 18:06:02.171,1.46068,1.46102,1.00,1.00
2015.05.22 18:06:02.324,1.46067,1.46098,1.00,1.00
2015.05.22 18:06:03.413,1.46067,1.46099,1.00,1.00
2015.05.22 18:06:04.417,1.46067,1.461,1.00,1.00
2015.05.22 18:06:04.723,1.46075,1.46109,1.00,1.37
2015.05.22 18:06:05.899,1.46075,1.4611,1.00,1.50
2015.05.22 18:06:06.103,1.46078,1.4611,1.00,1.50
2015.05.22 18:06:06.584,1.46082,1.46114,1.00,1.00
2015.05.22 18:06:06.840,1.46082,1.46119,1.00,1.12
2015.05.22 18:06:07.379,1.46082,1.46114,1.00,1.00
2015.05.22 18:06:07.912,1.46082,1.46115,1.00,1.00
2015.05.22 18:06:08.428,1.46082,1.46114,1.00,1.00
2015.05.22 18:06:11.341,1.46082,1.46116,1.00,1.00
2015.05.22 18:06:11.513,1.46084,1.46116,1.00,1.00
2015.05.22 18:06:11.696,1.46082,1.46116,1.50,1.00
2015.05.22 18:06:11.903,1.46082,1.46114,1.50,1.00
2015.05.22 18:06:12.319,1.46082,1.46116,1.50,1.00
2015.05.22 18:06:13.005,1.46087,1.46119,1.00,1.50
2015.05.22 18:06:13.573,1.46087,1.46122,1.50,1.00
2015.05.22 18:06:15.943,1.46087,1.46121,1.87,1.00
2015.05.22 18:06:18.855,1.46087,1.4612,1.12,1.00
2015.05.22 18:06:19.365,1.46087,1.46119,1.00,1.00
2015.05.22 18:06:20.267,1.46084,1.46119,1.00,1.00
2015.05.22 18:06:20.631,1.46086,1.46119,1.00,1.50
2015.05.22 18:06:21.154,1.46086,1.46118,1.00,1.00
2015.05.22 18:06:21.468,1.46084,1.46118,1.00,1.00
2015.05.22 18:06:21.672,1.46084,1.46116,1.00,1.00
2015.05.22 18:06:22.767,1.46084,1.46115,1.00,1.50
2015.05.22 18:06:33.527,1.46079,1.46115,1.37,1.00
2015.05.22 18:06:36.825,1.46082,1.46116,1.37,1.00
2015.05.22 18:06:39.887,1.46076,1.46114,2.62,1.00
2015.05.22 18:06:40.196,1.46076,1.4611,1.00,1.00
2015.05.22 18:06:40.248,1.46076,1.46107,1.00,1.00
2015.05.22 18:06:40.504,1.46076,1.46109,1.00,1.50
2015.05.22 18:06:41.005,1.46076,1.46108,1.00,1.00
2015.05.22 18:06:41.397,1.46076,1.4611,1.00,1.00
2015.05.22 18:06:43.244,1.46076,1.46109,1.00,1.00
2015.05.22 18:06:43.907,1.46076,1.4611,1.00,1.00
2015.05.22 18:06:44.900,1.46079,1.46109,1.00,1.00
2015.05.22 18:06:45.119,1.46079,1.46112,1.00,1.00
2015.05.22 18:06:45.452,1.46079,1.46114,1.00,1.00
2015.05.22 18:06:45.514,1.46079,1.46111,1.37,1.00
2015.05.22 18:06:45.565,1.46079,1.46113,1.37,1.00
2015.05.22 18:06:45.668,1.46076,1.46111,1.37,1.00
2015.05.22 18:06:45.973,1.46078,1.46104,1.00,1.50
2015.05.22 18:06:46.024,1.46074,1.46104,1.00,1.50
2015.05.22 18:06:46.127,1.46074,1.46106,1.12,1.00
2015.05.22 18:06:47.385,1.46074,1.46105,1.12,1.00
2015.05.22 18:06:47.538,1.46074,1.46103,1.00,1.00
2015.05.22 18:06:47.691,1.4607,1.46103,1.37,1.00
2015.05.22 18:06:47.743,1.4607,1.461,1.37,1.00
2015.05.22 18:06:47.998,1.4607,1.461,1.00,1.00
2015.05.22 18:06:48.304,1.4607,1.46103,1.00,1.00
2015.05.22 18:06:49.478,1.4607,1.46106,1.00,1.50
2015.05.22 18:06:52.237,1.4607,1.46106,1.87,1.50
2015.05.22 18:06:53.919,1.46073,1.46108,1.00,1.00
2015.05.22 18:06:54.251,1.46076,1.46108,1.00,1.00
2015.05.22 18:06:55.024,1.46076,1.46111,1.00,1.00
2015.05.22 18:06:55.613,1.46076,1.4611,1.00,1.00
2015.05.22 18:06:58.021,1.46075,1.46109,1.00,1.00
2015.05.22 18:06:58.073,1.46075,1.46111,1.00,1.00
2015.05.22 18:06:58.708,1.46079,1.46112,1.00,1.00
2015.05.22 18:07:00.197,1.46078,1.46111,1.00,1.00
2015.05.22 18:07:00.509,1.46079,1.46114,1.50,1.00
2015.05.22 18:07:00.706,1.46082,1.46114,1.00,1.00
2015.05.22 18:07:02.069,1.46082,1.46115,1.00,1.50
2015.05.22 18:07:03.342,1.46082,1.46116,1.00,1.00
2015.05.22 18:07:06.623,1.46085,1.46116,1.00,1.00
2015.05.22 18:07:07.093,1.46085,1.46114,1.00,1.00
2015.05.22 18:07:08.556,1.46088,1.46121,1.00,1.00
2015.05.22 18:07:08.936,1.4609,1.46124,1.00,1.50
2015.05.22 18:07:08.988,1.46092,1.46121,1.00,1.00
2015.05.22 18:07:09.500,1.46092,1.46122,1.00,1.00
2015.05.22 18:07:09.982,1.46092,1.46124,1.00,1.50
2015.05.22 18:07:13.200,1.46089,1.46124,1.00,1.00
2015.05.22 18:07:13.678,1.46088,1.46124,1.37,1.00
2015.05.22 18:07:13.883,1.46089,1.46125,1.00,1.12
2015.05.22 18:07:13.934,1.46087,1.46123,1.37,1.00
2015.05.22 18:07:14.036,1.46089,1.46126,1.00,1.37
2015.05.22 18:07:14.088,1.46086,1.4612,1.87,1.00
2015.05.22 18:07:14.291,1.46088,1.46124,1.00,1.00
2015.05.22 18:07:14.842,1.46088,1.46123,1.00,1.00
2015.05.22 18:07:17.647,1.46088,1.46122,1.00,1.00
2015.05.22 18:07:17.901,1.46088,1.4612,1.00,1.00
2015.05.22 18:07:23.243,1.46088,1.46122,1.00,1.00
2015.05.22 18:07:26.661,1.46088,1.46126,1.12,1.50
2015.05.22 18:07:27.582,1.46092,1.46126,1.00,1.00
2015.05.22 18:07:29.699,1.46092,1.46124,1.00,1.00
2015.05.22 18:07:29.755,1.46089,1.46124,1.00,1.00
2015.05.22 18:07:30.344,1.46089,1.46125,1.00,1.50
2015.05.22 18:07:31.118,1.46089,1.46124,1.00,1.00
2015.05.22 18:07:32.102,1.46093,1.46124,1.00,1.00
2015.05.22 18:07:32.639,1.46093,1.46123,1.00,1.00
2015.05.22 18:07:33.250,1.46093,1.4612,1.00,1.00
2015.05.22 18:07:33.302,1.46089,1.46119,1.00,1.00
2015.05.22 18:07:33.353,1.46086,1.46119,1.00,1.00
2015.05.22 18:07:34.405,1.46086,1.4612,1.00,1.00
2015.05.22 18:07:34.457,1.46088,1.4612,1.00,1.00
2015.05.22 18:07:35.008,1.46088,1.46119,1.00,1.00
2015.05.22 18:07:36.264,1.46088,1.4612,1.00,1.00
2015.05.22 18:07:36.417,1.46084,1.46118,1.00,1.12
2015.05.22 18:07:36.469,1.46084,1.46114,1.00,1.00
2015.05.22 18:07:36.776,1.46084,1.4611,1.00,1.00
2015.05.22 18:07:37.061,1.4608,1.4611,1.00,1.00
2015.05.22 18:07:37.163,1.46076,1.4611,1.12,1.00
2015.05.22 18:07:37.521,1.46073,1.4611,1.50,1.00
2015.05.22 18:07:37.725,1.46078,1.46114,1.00,2.25
2015.05.22 18:07:38.817,1.46078,1.46109,1.00,1.00
2015.05.22 18:07:39.332,1.46078,1.46114,1.00,1.50
2015.05.22 18:07:40.578,1.46078,1.46109,1.00,1.00
2015.05.22 18:07:40.935,1.46074,1.4611,1.00,2.25
2015.05.22 18:07:40.987,1.46074,1.46108,1.00,1.00
2015.05.22 18:07:41.854,1.46074,1.46104,1.00,1.00
2015.05.22 18:07:42.084,1.46074,1.46108,1.00,1.00
2015.05.22 18:07:42.339,1.46074,1.46106,1.00,1.00
2015.05.22 18:07:42.684,1.46074,1.46104,1.00,1.00
2015.05.22 18:07:42.736,1.46071,1.46104,1.00,1.00
2015.05.22 18:07:45.196,1.46071,1.46105,1.00,1.00
2015.05.22 18:07:45.349,1.46068,1.46104,1.50,1.00
2015.05.22 18:07:48.078,1.46071,1.46104,1.00,1.00
2015.05.22 18:07:48.436,1.46074,1.46104,1.00,1.00
2015.05.22 18:07:48.487,1.46074,1.46109,1.00,1.00
2015.05.22 18:07:48.589,1.46078,1.46109,1.00,1.00
2015.05.22 18:07:48.741,1.4608,1.46115,1.00,1.00
2015.05.22 18:07:48.911,1.46083,1.46115,1.00,1.00
2015.05.22 18:07:49.794,1.46082,1.46114,1.00,1.00
2015.05.22 18:07:52.102,1.46085,1.46116,1.00,1.00
2015.05.22 18:07:52.153,1.46086,1.46119,1.00,1.00
2015.05.22 18:07:52.562,1.46086,1.46115,1.00,1.00
2015.05.22 18:07:52.988,1.46083,1.46114,1.00,1.00
2015.05.22 18:07:53.242,1.46085,1.46114,1.00,1.00
2015.05.22 18:07:53.844,1.46085,1.4612,1.00,1.00
2015.05.22 18:07:54.353,1.46085,1.46119,1.00,1.50
2015.05.22 18:07:55.177,1.46085,1.46119,1.00,1.87
2015.05.22 18:07:55.492,1.46085,1.46115,1.00,1.00
2015.05.22 18:07:55.544,1.46085,1.4612,1.00,1.50
2015.05.22 18:07:56.083,1.46085,1.46119,1.00,1.00
2015.05.22 18:07:56.135,1.46085,1.46117,1.00,1.00
2015.05.22 18:07:56.468,1.46081,1.46115,1.00,1.00
2015.05.22 18:07:57.035,1.46081,1.46116,1.00,1.00
2015.05.22 18:07:57.622,1.46081,1.46115,1.00,1.00
2015.05.22 18:07:58.678,1.46081,1.46114,1.00,1.00
2015.05.22 18:07:59.657,1.46081,1.46115,1.00,1.00
2015.05.22 18:08:00.396,1.46081,1.46116,1.00,1.00
2015.05.22 18:08:00.926,1.46078,1.46114,1.00,1.00
2015.05.22 18:08:00.978,1.46075,1.46108,1.37,1.00
2015.05.22 18:08:01.183,1.46071,1.46106,1.37,1.00
2015.05.22 18:08:01.349,1.46074,1.46105,1.00,1.00
2015.05.22 18:08:01.842,1.46074,1.46103,1.00,1.00
2015.05.22 18:08:01.895,1.46074,1.46108,1.00,1.00
2015.05.22 18:08:01.946,1.46078,1.46108,1.00,1.00
2015.05.22 18:08:02.224,1.46078,1.4611,1.00,1.00
2015.05.22 18:08:02.530,1.46078,1.46107,1.00,1.00
2015.05.22 18:08:02.684,1.46077,1.46111,1.00,1.12
2015.05.22 18:08:02.837,1.46081,1.46111,1.00,1.12
2015.05.22 18:08:02.939,1.46084,1.46115,1.00,1.00
2015.05.22 18:08:03.229,1.46086,1.46119,1.00,1.00
2015.05.22 18:08:03.585,1.46083,1.46118,1.50,1.00
2015.05.22 18:08:04.409,1.46086,1.46118,1.00,1.00
2015.05.22 18:08:05.014,1.46087,1.46119,1.00,1.00
2015.05.22 18:08:07.186,1.46087,1.46123,1.00,1.00
2015.05.22 18:08:10.145,1.46087,1.4612,1.50,1.00
2015.05.22 18:08:10.502,1.46096,1.46119,1.00,1.00
2015.05.22 18:08:10.555,1.46088,1.46119,1.50,1.00
2015.05.22 18:08:10.709,1.46088,1.46124,1.50,1.37
2015.05.22 18:08:10.814,1.46085,1.4612,2.25,1.00
2015.05.22 18:08:11.349,1.46085,1.46119,1.00,1.00
2015.05.22 18:08:11.922,1.46086,1.4612,1.00,1.00
2015.05.22 18:08:12.153,1.46086,1.46122,1.00,1.12
2015.05.22 18:08:17.748,1.46086,1.4612,1.00,1.00
2015.05.22 18:08:18.091,1.46086,1.46122,1.00,1.00
2015.05.22 18:08:19.762,1.46087,1.46122,1.00,1.00
2015.05.22 18:08:19.966,1.46089,1.46124,1.00,1.00
2015.05.22 18:08:20.580,1.46092,1.46125,1.50,1.00
2015.05.22 18:08:20.632,1.46092,1.46129,1.50,1.12
2015.05.22 18:08:20.683,1.46092,1.46125,1.50,1.00
2015.05.22 18:08:20.785,1.46094,1.46128,1.00,1.00
2015.05.22 18:08:21.072,1.46093,1.46124,1.00,1.00
2015.05.22 18:08:22.316,1.46093,1.46129,1.50,1.00
2015.05.22 18:08:22.828,1.46095,1.46129,1.00,1.00
2015.05.22 18:08:24.246,1.46093,1.46129,1.50,1.50
2015.05.22 18:08:24.892,1.46093,1.46128,1.00,1.00
2015.05.22 18:08:24.943,1.46094,1.4613,1.00,1.00
2015.05.22 18:08:26.994,1.46095,1.4613,1.00,1.50
2015.05.22 18:08:27.546,1.46094,1.4613,1.50,1.50
2015.05.22 18:08:28.968,1.46094,1.46129,1.00,1.00
2015.05.22 18:08:30.052,1.46094,1.4613,1.00,1.50
2015.05.22 18:08:30.254,1.46094,1.46124,1.00,1.00
2015.05.22 18:08:30.918,1.46094,1.4613,1.00,1.50
2015.05.22 18:08:35.864,1.46094,1.46129,1.00,1.00
2015.05.22 18:08:36.955,1.46093,1.46128,1.00,1.00
2015.05.22 18:08:37.498,1.46094,1.46129,1.00,1.00
2015.05.22 18:08:38.432,1.46094,1.4613,1.00,1.50
2015.05.22 18:08:42.192,1.46093,1.46128,1.00,1.00
2015.05.22 18:08:42.501,1.46098,1.46129,1.00,1.00
2015.05.22 18:08:43.063,1.46101,1.46135,1.00,1.37
2015.05.22 18:08:44.151,1.46101,1.46137,1.00,1.00
2015.05.22 18:08:45.859,1.46101,1.46134,1.00,1.00
2015.05.22 18:08:48.502,1.461,1.46134,1.00,1.00
2015.05.22 18:08:48.605,1.46097,1.46134,1.00,1.00
2015.05.22 18:08:48.656,1.46101,1.46134,1.00,1.00
2015.05.22 18:08:48.759,1.46098,1.46134,1.00,1.00
2015.05.22 18:08:48.984,1.46098,1.46131,1.00,1.00
2015.05.22 18:08:52.627,1.46096,1.46131,1.00,1.00
2015.05.22 18:08:52.678,1.46096,1.46126,1.00,1.00
2015.05.22 18:08:52.781,1.46095,1.4613,1.00,1.00
2015.05.22 18:08:54.166,1.46102,1.46133,1.00,1.00
2015.05.22 18:08:54.462,1.461,1.46133,1.00,1.00
2015.05.22 18:08:56.190,1.461,1.46137,1.00,1.00
2015.05.22 18:08:56.934,1.46099,1.46137,1.00,1.00
2015.05.22 18:08:57.348,1.46101,1.46137,1.00,1.00
2015.05.22 18:08:57.654,1.46106,1.46139,1.00,1.00
2015.05.22 18:08:57.705,1.46103,1.46139,1.00,2.25
2015.05.22 18:08:57.808,1.46101,1.46139,1.00,2.25
2015.05.22 18:08:57.910,1.46105,1.46139,1.00,1.00
2015.05.22 18:08:58.391,1.46108,1.46145,1.00,2.62
2015.05.22 18:08:58.919,1.46108,1.46145,1.00,2.25
2015.05.22 18:09:01.653,1.46109,1.46145,1.00,1.50
2015.05.22 18:09:02.229,1.46113,1.46141,1.00,1.00
2015.05.22 18:09:02.281,1.46109,1.46141,1.00,1.00
2015.05.22 18:09:02.384,1.46109,1.46139,1.00,1.00
2015.05.22 18:09:03.269,1.46108,1.46139,1.00,1.00
2015.05.22 18:09:03.773,1.46108,1.46136,1.00,1.00
2015.05.22 18:09:05.835,1.46107,1.46134,1.00,1.00
2015.05.22 18:09:09.936,1.46107,1.46133,1.00,1.00
2015.05.22 18:09:09.987,1.46103,1.46131,1.00,1.50
2015.05.22 18:09:10.038,1.46103,1.46128,1.00,1.00
2015.05.22 18:09:10.089,1.46101,1.46128,1.00,1.00
2015.05.22 18:09:10.344,1.46101,1.46134,1.00,1.00
2015.05.22 18:09:17.352,1.46103,1.46134,1.00,1.00
2015.05.22 18:09:17.403,1.46103,1.46137,1.00,1.00
2015.05.22 18:09:17.979,1.46103,1.46133,1.00,1.00
2015.05.22 18:09:18.030,1.46102,1.46138,1.00,1.50
2015.05.22 18:09:18.748,1.46102,1.46135,1.00,1.00
2015.05.22 18:09:20.817,1.46102,1.46132,1.37,1.00
2015.05.22 18:09:20.869,1.46102,1.46137,1.37,1.00
2015.05.22 18:09:23.758,1.46102,1.46137,1.00,1.50
2015.05.22 18:09:24.034,1.46102,1.46133,1.00,1.00
2015.05.22 18:09:24.137,1.46104,1.46137,1.00,1.00
2015.05.22 18:09:24.188,1.46102,1.46137,1.00,1.00
2015.05.22 18:09:24.445,1.46102,1.46135,1.00,1.00
2015.05.22 18:09:24.496,1.461,1.46135,1.00,1.00
2015.05.22 18:09:25.871,1.461,1.46133,1.00,1.00
2015.05.22 18:09:29.725,1.46103,1.46136,1.00,1.00
2015.05.22 18:09:30.132,1.46107,1.46136,1.00,1.00
2015.05.22 18:09:31.254,1.46107,1.46139,1.00,1.00
2015.05.22 18:09:31.906,1.46108,1.46139,1.00,1.00
2015.05.22 18:09:32.611,1.46108,1.4614,1.00,1.50
2015.05.22 18:09:33.152,1.46107,1.4614,1.00,1.50
2015.05.22 18:09:33.408,1.4611,1.4614,1.00,1.00
2015.05.22 18:09:34.593,1.4611,1.46144,1.00,1.00
2015.05.22 18:09:34.746,1.46106,1.46142,1.00,1.37
2015.05.22 18:09:34.797,1.46106,1.46137,1.00,1.00
2015.05.22 18:09:34.849,1.46099,1.46134,1.12,1.00
2015.05.22 18:09:34.900,1.46099,1.46131,1.12,1.00
2015.05.22 18:09:35.205,1.46097,1.46129,1.00,1.00
2015.05.22 18:09:36.018,1.46095,1.46129,1.37,1.00
2015.05.22 18:09:36.529,1.46095,1.46129,1.00,1.00
2015.05.22 18:09:39.706,1.46096,1.46129,1.00,1.00
2015.05.22 18:09:40.210,1.46097,1.46129,1.00,1.00
2015.05.22 18:09:40.515,1.46103,1.46136,1.00,1.00
2015.05.22 18:09:41.069,1.46102,1.46136,1.00,1.00
2015.05.22 18:09:47.761,1.46103,1.46137,1.00,1.00
2015.05.22 18:09:48.755,1.46102,1.46137,1.00,1.00
2015.05.22 18:09:48.858,1.46103,1.46139,1.00,1.87
2015.05.22 18:09:48.909,1.46102,1.46136,1.00,1.00
2015.05.22 18:09:49.216,1.46101,1.46133,1.00,1.00
2015.05.22 18:09:56.228,1.46101,1.46132,1.00,1.00
2015.05.22 18:09:56.714,1.46102,1.46127,1.00,1.00
2015.05.22 18:09:56.766,1.461,1.46126,1.12,1.00
2015.05.22 18:09:56.919,1.46096,1.46125,1.37,1.50
2015.05.22 18:09:57.421,1.46095,1.46124,1.37,1.00
2015.05.22 18:09:57.472,1.46095,1.46121,1.37,1.00
2015.05.22 18:09:58.012,1.46095,1.46122,1.37,1.00
2015.05.22 18:09:58.588,1.46095,1.46122,1.12,1.00
2015.05.22 18:10:00.090,1.46095,1.46122,1.87,1.00
2015.05.22 18:10:00.243,1.46095,1.46128,1.87,1.00
2015.05.22 18:10:00.397,1.46095,1.46124,1.87,1.00
2015.05.22 18:10:04.341,1.46095,1.46129,1.87,1.50
2015.05.22 18:10:09.608,1.46095,1.46129,1.87,1.50
2015.05.22 18:10:10.367,1.46096,1.46129,1.00,1.50
2015.05.22 18:10:14.644,1.46096,1.46129,1.37,1.50
2015.05.22 18:10:15.176,1.46096,1.46128,1.37,1.00
2015.05.22 18:10:18.767,1.46095,1.4613,1.87,1.00
2015.05.22 18:10:19.206,1.46095,1.46131,1.87,1.50
2015.05.22 18:10:19.411,1.46098,1.46134,1.37,1.00
2015.05.22 18:10:19.462,1.46098,1.46134,1.00,1.00
2015.05.22 18:10:19.615,1.461,1.46134,1.00,1.00
2015.05.22 18:10:20.433,1.461,1.46131,1.00,1.00
2015.05.22 18:10:22.515,1.461,1.46132,1.12,1.00
2015.05.22 18:10:25.867,1.46099,1.46129,1.12,1.00
2015.05.22 18:10:26.174,1.461,1.46132,1.00,1.00
2015.05.22 18:10:26.606,1.46097,1.4613,1.37,1.00
2015.05.22 18:10:27.075,1.46096,1.46126,1.12,1.00
2015.05.22 18:10:27.127,1.46096,1.46132,1.12,1.00
2015.05.22 18:10:27.493,1.46099,1.46136,1.00,1.00
2015.05.22 18:10:28.848,1.46099,1.46134,1.00,1.00
2015.05.22 18:10:30.387,1.46099,1.46136,1.00,1.00
2015.05.22 18:10:30.509,1.46099,1.46134,1.00,1.00
2015.05.22 18:10:32.065,1.46099,1.46135,1.00,1.00
2015.05.22 18:10:32.370,1.46091,1.46128,1.12,1.00
2015.05.22 18:10:32.885,1.46092,1.46128,1.00,1.00
2015.05.22 18:10:34.078,1.46092,1.46127,1.00,1.00
2015.05.22 18:10:34.674,1.46092,1.46128,1.00,1.50
2015.05.22 18:10:36.590,1.46092,1.46128,1.37,1.50
2015.05.22 18:10:39.477,1.46091,1.46126,1.00,1.50
2015.05.22 18:10:40.091,1.46092,1.46128,1.00,1.50
2015.05.22 18:10:40.142,1.46096,1.4613,1.00,1.00
2015.05.22 18:10:40.347,1.46091,1.46127,1.87,1.00
2015.05.22 18:10:41.339,1.46096,1.46128,1.00,1.00
2015.05.22 18:10:41.543,1.46093,1.46129,1.00,1.50
2015.05.22 18:10:44.714,1.46093,1.46129,1.00,1.87
2015.05.22 18:10:44.765,1.46091,1.46122,1.00,1.00
2015.05.22 18:10:45.058,1.46086,1.46121,1.37,1.00
2015.05.22 18:10:45.109,1.46086,1.46121,1.12,1.00
2015.05.22 18:10:45.710,1.46086,1.46122,1.00,1.50
2015.05.22 18:10:47.218,1.46089,1.46125,1.00,1.00
2015.05.22 18:10:47.600,1.46092,1.46129,1.00,1.00
2015.05.22 18:10:47.930,1.46089,1.46127,1.00,1.00
2015.05.22 18:10:48.546,1.46093,1.46129,1.00,1.50
2015.05.22 18:10:48.864,1.46093,1.46127,1.00,1.00
2015.05.22 18:10:50.921,1.46087,1.46121,1.00,1.00
2015.05.22 18:10:53.135,1.46085,1.46119,1.37,1.00
2015.05.22 18:10:53.645,1.46085,1.46119,1.00,1.00
2015.05.22 18:10:53.850,1.46085,1.46121,1.50,1.50
2015.05.22 18:10:54.386,1.46085,1.4612,1.00,1.00
2015.05.22 18:10:54.916,1.46086,1.46121,1.00,1.00
2015.05.22 18:10:55.477,1.46089,1.46124,1.00,1.00
2015.05.22 18:10:57.413,1.46089,1.46123,1.00,1.00
2015.05.22 18:10:58.462,1.46086,1.46122,1.00,1.00
2015.05.22 18:10:58.945,1.46089,1.46124,1.00,1.50
2015.05.22 18:10:59.251,1.46091,1.46126,1.00,1.50
2015.05.22 18:10:59.457,1.46089,1.46126,1.00,1.50
2015.05.22 18:10:59.762,1.46089,1.46123,1.00,1.00
2015.05.22 18:11:00.658,1.46089,1.46126,1.00,1.00
2015.05.22 18:11:01.162,1.46089,1.46127,1.00,1.00
2015.05.22 18:11:01.464,1.46093,1.46128,1.00,1.00
2015.05.22 18:11:01.566,1.46089,1.46125,1.00,1.00
2015.05.22 18:11:02.585,1.46089,1.46127,1.00,1.00
2015.05.22 18:11:03.174,1.46088,1.46126,1.12,1.00
2015.05.22 18:11:06.716,1.46086,1.46122,1.37,1.00
2015.05.22 18:11:06.919,1.46084,1.46122,1.37,1.50
2015.05.22 18:11:11.343,1.46084,1.46122,1.12,1.50
2015.05.22 18:11:18.771,1.46085,1.46123,1.00,1.00
2015.05.22 18:11:19.450,1.46086,1.46123,1.00,1.00
2015.05.22 18:11:20.144,1.46086,1.46121,1.00,1.00
2015.05.22 18:11:20.664,1.46085,1.46122,1.00,1.00
2015.05.22 18:11:21.195,1.46084,1.46122,1.37,1.50
2015.05.22 18:11:21.655,1.46084,1.46122,1.12,1.00
2015.05.22 18:11:21.757,1.46087,1.46124,1.00,1.00
2015.05.22 18:11:23.934,1.46087,1.46123,1.12,1.50
2015.05.22 18:11:24.295,1.46083,1.46121,1.37,1.00
2015.05.22 18:11:24.872,1.46086,1.46121,1.00,1.00
2015.05.22 18:11:25.847,1.46088,1.46124,1.00,2.25
2015.05.22 18:11:26.385,1.46088,1.46126,1.00,1.00
2015.05.22 18:11:27.320,1.46088,1.46125,1.00,1.00
2015.05.22 18:11:30.408,1.46092,1.46125,1.00,1.00
2015.05.22 18:11:30.922,1.46092,1.46127,1.00,1.00
2015.05.22 18:11:35.422,1.46092,1.46128,1.00,2.62
2015.05.22 18:11:36.796,1.46089,1.46125,1.00,1.50
2015.05.22 18:11:37.435,1.46089,1.46124,1.00,1.00
2015.05.22 18:11:37.746,1.46082,1.46116,1.00,1.00
2015.05.22 18:11:37.797,1.46077,1.46115,1.37,1.00
2015.05.22 18:11:38.103,1.46081,1.46119,1.00,1.50
2015.05.22 18:11:47.760,1.46082,1.46119,1.00,1.50
2015.05.22 18:11:47.812,1.46084,1.46119,1.00,1.00
2015.05.22 18:11:48.119,1.46089,1.46124,1.50,1.00
2015.05.22 18:11:48.627,1.46089,1.46125,1.00,1.37
2015.05.22 18:11:48.679,1.46086,1.46124,1.00,1.87
2015.05.22 18:11:50.042,1.46086,1.46124,1.00,2.62
2015.05.22 18:11:50.247,1.4608,1.46116,1.12,1.50
2015.05.22 18:11:50.636,1.46071,1.46109,1.37,1.00
2015.05.22 18:11:51.149,1.46071,1.46109,1.37,1.00
2015.05.22 18:12:00.325,1.46072,1.4611,1.12,1.50
2015.05.22 18:12:00.427,1.46076,1.46109,1.00,1.00
2015.05.22 18:12:00.581,1.46076,1.46111,1.00,1.00
2015.05.22 18:12:00.632,1.46076,1.46113,1.00,1.00
2015.05.22 18:12:02.320,1.46076,1.46111,1.12,1.00
2015.05.22 18:12:05.343,1.46076,1.46111,1.00,1.45
2015.05.22 18:12:05.649,1.46052,1.46087,1.37,1.00
2015.05.22 18:12:05.802,1.46056,1.4609,1.00,1.50
2015.05.22 18:12:05.854,1.46052,1.46089,1.50,1.00
2015.05.22 18:12:05.906,1.46052,1.46083,1.00,1.00
2015.05.22 18:12:06.395,1.46051,1.46087,1.50,1.00
2015.05.22 18:12:06.448,1.46054,1.46089,1.00,1.00
2015.05.22 18:12:07.031,1.46054,1.46086,1.00,1.00
2015.05.22 18:12:08.196,1.46054,1.46087,1.00,1.00
2015.05.22 18:12:08.449,1.46054,1.46089,1.00,1.00
2015.05.22 18:12:08.997,1.46051,1.46086,1.50,1.00
2015.05.22 18:12:10.125,1.46055,1.4609,1.00,1.00
2015.05.22 18:12:15.579,1.46055,1.46091,1.00,1.50
2015.05.22 18:12:17.228,1.46057,1.46095,1.00,1.87
2015.05.22 18:12:17.389,1.46055,1.4609,1.00,1.00
2015.05.22 18:12:17.896,1.46054,1.4609,1.00,1.00
2015.05.22 18:12:20.060,1.46054,1.46089,1.00,1.00
2015.05.22 18:12:20.569,1.46054,1.4609,1.00,1.00
2015.05.22 18:12:24.013,1.46054,1.46089,1.00,1.00
2015.05.22 18:12:29.095,1.46051,1.46087,1.00,1.00
2015.05.22 18:12:29.146,1.46046,1.46078,1.87,1.00
2015.05.22 18:12:29.198,1.46046,1.46078,2.25,1.00
2015.05.22 18:12:29.249,1.46046,1.46074,2.25,1.00
2015.05.22 18:12:29.452,1.46046,1.46078,1.00,1.00
2015.05.22 18:12:29.661,1.46046,1.46074,1.00,1.00
2015.05.22 18:12:30.000,1.46046,1.46079,1.00,1.00
2015.05.22 18:12:30.058,1.46042,1.46078,1.00,1.00
2015.05.22 18:12:30.262,1.46046,1.46079,1.00,1.00
2015.05.22 18:12:30.364,1.46046,1.46082,1.00,1.00
2015.05.22 18:12:32.694,1.4605,1.46085,1.00,1.00
2015.05.22 18:12:33.206,1.4605,1.46086,1.00,1.00
2015.05.22 18:12:35.433,1.46049,1.46085,1.00,1.00
2015.05.22 18:12:38.763,1.46053,1.46086,1.00,1.00
2015.05.22 18:12:38.865,1.46049,1.46086,1.00,1.87
2015.05.22 18:12:39.694,1.46049,1.46084,1.00,1.00
2015.05.22 18:12:39.796,1.46047,1.46083,1.00,1.00
2015.05.22 18:12:40.708,1.46048,1.46084,1.00,1.00
2015.05.22 18:12:45.727,1.46051,1.46085,1.00,1.00
2015.05.22 18:12:48.857,1.46047,1.46083,1.00,1.00
2015.05.22 18:12:49.174,1.4605,1.46084,1.00,1.00
2015.05.22 18:12:54.429,1.4605,1.46085,1.00,1.12
2015.05.22 18:12:55.232,1.46047,1.46083,1.00,1.00
2015.05.22 18:12:55.385,1.4605,1.46085,1.00,1.00
2015.05.22 18:12:55.900,1.46053,1.46088,1.00,1.00
2015.05.22 18:12:57.504,1.46053,1.46089,1.00,1.00
2015.05.22 18:12:58.446,1.4605,1.46085,1.00,1.00
2015.05.22 18:12:58.738,1.46049,1.46087,1.00,1.00
2015.05.22 18:12:59.254,1.46053,1.46089,1.00,1.12
2015.05.22 18:13:00.309,1.4605,1.46086,1.00,1.00
2015.05.22 18:13:00.616,1.46053,1.46089,1.00,1.12
2015.05.22 18:13:00.667,1.46048,1.46086,1.00,1.00
2015.05.22 18:13:02.350,1.4605,1.46088,1.00,1.00
2015.05.22 18:13:02.802,1.46054,1.46089,1.00,1.00
2015.05.22 18:13:07.051,1.4605,1.46088,1.00,1.00
2015.05.22 18:13:11.121,1.46054,1.4609,1.00,1.50
2015.05.22 18:13:21.013,1.46054,1.4609,1.00,2.25
2015.05.22 18:13:23.888,1.4605,1.46088,1.00,1.00
2015.05.22 18:13:28.409,1.46054,1.4609,1.00,2.25
2015.05.22 18:13:37.820,1.46054,1.4609,1.00,1.87
2015.05.22 18:13:38.337,1.46054,1.46089,1.00,1.00
2015.05.22 18:13:39.584,1.46054,1.4609,1.00,1.12
2015.05.22 18:13:46.147,1.46051,1.46087,1.00,1.00
2015.05.22 18:13:47.416,1.46056,1.46094,1.00,2.62
2015.05.22 18:13:47.747,1.46053,1.46089,1.00,1.00
2015.05.22 18:13:50.821,1.46056,1.46091,1.50,1.00
2015.05.22 18:13:51.328,1.46056,1.46092,1.50,1.50
2015.05.22 18:13:56.530,1.46066,1.46098,1.00,1.00
2015.05.22 18:13:56.632,1.46062,1.46098,1.00,1.00
2015.05.22 18:13:56.736,1.4607,1.46104,1.00,1.12
2015.05.22 18:13:57.091,1.46067,1.46102,1.00,1.00
2015.05.22 18:13:57.193,1.46061,1.46096,1.00,1.00
2015.05.22 18:13:57.295,1.46058,1.46094,1.00,1.00
2015.05.22 18:13:57.398,1.46058,1.46092,1.00,1.00
2015.05.22 18:13:57.944,1.46057,1.46091,1.37,1.00
2015.05.22 18:13:58.247,1.46061,1.46092,1.00,1.00
2015.05.22 18:13:58.548,1.46061,1.4609,1.00,1.00
2015.05.22 18:13:58.959,1.46056,1.4609,1.37,1.00
2015.05.22 18:13:59.315,1.46055,1.46088,1.37,1.00
2015.05.22 18:13:59.820,1.46057,1.46092,1.37,1.00
2015.05.22 18:14:00.063,1.4606,1.46094,1.00,1.00
2015.05.22 18:14:00.545,1.4606,1.46094,1.37,1.00
2015.05.22 18:14:01.703,1.4606,1.46093,1.37,1.00
2015.05.22 18:14:01.805,1.46061,1.46097,1.37,1.00
2015.05.22 18:14:01.857,1.46061,1.46097,1.00,1.00
2015.05.22 18:14:01.908,1.46061,1.46094,1.00,1.00
2015.05.22 18:14:02.265,1.46055,1.46088,1.00,1.00
2015.05.22 18:14:02.419,1.46051,1.46088,2.62,1.00
2015.05.22 18:14:02.470,1.46051,1.46083,1.87,1.00
2015.05.22 18:14:02.572,1.46051,1.46085,1.87,1.00
2015.05.22 18:14:02.674,1.46053,1.46089,1.00,1.00
2015.05.22 18:14:02.939,1.46057,1.46093,1.00,1.00
2015.05.22 18:14:04.224,1.46052,1.4609,1.12,1.00
2015.05.22 18:14:05.207,1.46053,1.4609,1.00,1.00
2015.05.22 18:14:05.564,1.46055,1.46093,1.00,1.00
2015.05.22 18:14:07.028,1.46052,1.4609,1.50,1.00
2015.05.22 18:14:07.334,1.46046,1.46078,1.12,1.00
2015.05.22 18:14:07.437,1.46047,1.46083,1.00,1.00
2015.05.22 18:14:07.539,1.46049,1.46084,1.00,1.00
2015.05.22 18:14:08.164,1.46046,1.46082,1.50,1.00
2015.05.22 18:14:08.470,1.46047,1.46085,1.00,1.00
2015.05.22 18:14:14.226,1.46047,1.46081,1.00,1.00
2015.05.22 18:14:14.585,1.46048,1.46084,1.00,1.00
2015.05.22 18:14:14.942,1.46048,1.46086,1.00,3.00
2015.05.22 18:14:15.095,1.46046,1.46083,1.00,1.00
2015.05.22 18:14:15.630,1.46047,1.46083,1.00,1.00
2015.05.22 18:14:19.271,1.46047,1.46085,1.00,1.00
2015.05.22 18:14:21.427,1.46051,1.46087,1.00,1.00
2015.05.22 18:14:24.256,1.46051,1.46085,1.00,1.00
2015.05.22 18:14:24.410,1.46048,1.46084,1.00,1.00
2015.05.22 18:14:28.018,1.46046,1.46081,1.00,1.00
2015.05.22 18:14:31.106,1.46049,1.46085,1.00,1.00
2015.05.22 18:14:32.620,1.46045,1.46083,1.00,1.00
2015.05.22 18:14:32.824,1.46045,1.4608,1.00,1.00
2015.05.22 18:14:33.131,1.4604,1.46075,1.37,1.00
2015.05.22 18:14:35.507,1.46041,1.46075,1.37,1.00
2015.05.22 18:14:37.675,1.46044,1.4608,1.00,1.00
2015.05.22 18:14:37.777,1.46041,1.46077,1.37,1.00
2015.05.22 18:14:37.980,1.46044,1.4608,1.00,1.00
2015.05.22 18:14:38.054,1.46041,1.46077,1.37,1.00
2015.05.22 18:14:41.515,1.46042,1.46078,1.37,1.00
2015.05.22 18:14:45.311,1.46042,1.46078,1.00,1.00
2015.05.22 18:14:45.617,1.46029,1.46066,1.75,1.00
2015.05.22 18:14:46.660,1.46029,1.46066,1.00,1.00
2015.05.22 18:14:48.495,1.46027,1.46063,1.37,1.00
2015.05.22 18:14:49.277,1.4603,1.46066,1.00,1.50
2015.05.22 18:14:54.092,1.46031,1.46066,1.00,1.00
2015.05.22 18:14:54.603,1.4603,1.46066,1.00,1.00
2015.05.22 18:14:54.705,1.46026,1.46064,1.87,1.00
2015.05.22 18:14:55.014,1.46031,1.46067,1.00,1.00
2015.05.22 18:14:57.666,1.46035,1.46067,1.00,1.00
2015.05.22 18:14:57.819,1.46038,1.46072,1.00,1.00
2015.05.22 18:14:58.120,1.46045,1.46072,1.00,1.00
2015.05.22 18:14:58.172,1.46045,1.46075,1.00,1.00
2015.05.22 18:14:58.223,1.46045,1.46078,1.00,1.00
2015.05.22 18:14:58.382,1.46045,1.46076,1.00,1.00
2015.05.22 18:14:58.484,1.46042,1.46075,1.00,1.00
2015.05.22 18:14:58.587,1.46039,1.46073,1.00,1.00
2015.05.22 18:14:58.951,1.46039,1.46075,1.00,1.00
2015.05.22 18:14:59.657,1.46039,1.46074,1.00,1.00
2015.05.22 18:15:00.217,1.46039,1.46075,1.00,1.00
2015.05.22 18:15:00.764,1.46039,1.46074,1.00,1.00
2015.05.22 18:15:01.216,1.46036,1.46072,2.25,1.00
2015.05.22 18:15:01.887,1.46039,1.46072,1.00,1.00
2015.05.22 18:15:02.248,1.4604,1.46076,1.00,1.00
2015.05.22 18:15:03.976,1.46041,1.46076,1.00,1.00
2015.05.22 18:15:06.180,1.46041,1.46074,1.00,1.00
2015.05.22 18:15:06.283,1.46038,1.46074,1.00,1.00
2015.05.22 18:15:06.958,1.46038,1.46075,1.00,2.25
2015.05.22 18:15:07.591,1.46038,1.46074,1.00,1.00
2015.05.22 18:15:07.856,1.46035,1.46073,1.00,1.00
2015.05.22 18:15:08.506,1.46035,1.46072,1.00,1.00
2015.05.22 18:15:09.026,1.46035,1.46073,1.00,1.50
2015.05.22 18:15:13.541,1.46035,1.46072,1.00,1.00
2015.05.22 18:15:13.947,1.46035,1.46069,1.00,1.00
2015.05.22 18:15:14.213,1.46032,1.46068,1.00,1.00
2015.05.22 18:15:14.315,1.46031,1.46065,1.00,1.00
2015.05.22 18:15:14.417,1.46032,1.46068,1.00,1.50
2015.05.22 18:15:14.569,1.46031,1.46062,1.00,1.00
2015.05.22 18:15:15.160,1.46036,1.46065,1.00,1.00
2015.05.22 18:15:15.212,1.46036,1.46068,1.00,1.00
2015.05.22 18:15:15.263,1.46036,1.46072,1.50,1.00
2015.05.22 18:15:15.569,1.46032,1.46068,1.00,1.00
2015.05.22 18:15:19.900,1.46034,1.4607,1.00,1.00
2015.05.22 18:15:20.224,1.46029,1.4606,1.00,1.00
2015.05.22 18:15:20.276,1.46029,1.46067,1.00,1.00
2015.05.22 18:15:20.800,1.46029,1.46066,1.00,1.00
2015.05.22 18:15:23.682,1.46029,1.46065,1.00,1.00
2015.05.22 18:15:23.733,1.46026,1.46063,1.00,1.00
2015.05.22 18:15:24.132,1.46026,1.4606,1.00,1.00
2015.05.22 18:15:24.183,1.46022,1.4606,1.50,2.25
2015.05.22 18:15:24.235,1.46018,1.46055,1.87,1.00
2015.05.22 18:15:24.540,1.46011,1.46044,1.50,1.00
2015.05.22 18:15:25.184,1.46016,1.46044,1.00,1.00
2015.05.22 18:15:25.712,1.46015,1.46044,1.00,1.00
2015.05.22 18:15:26.219,1.46016,1.46044,1.00,1.00
2015.05.22 18:15:26.271,1.46014,1.46044,1.00,1.00
2015.05.22 18:15:30.606,1.46016,1.46044,1.00,1.00
2015.05.22 18:15:30.708,1.46014,1.46044,1.00,1.00
2015.05.22 18:15:31.020,1.46017,1.46044,1.00,1.00
2015.05.22 18:15:32.028,1.46017,1.46048,1.00,1.00
2015.05.22 18:15:32.231,1.46017,1.46052,1.87,1.00
2015.05.22 18:15:32.334,1.46019,1.46057,1.00,1.00
2015.05.22 18:15:32.437,1.46021,1.46057,1.00,1.00
2015.05.22 18:15:32.589,1.46024,1.46061,1.00,1.00
2015.05.22 18:15:35.092,1.46016,1.46052,1.37,1.00
2015.05.22 18:15:35.195,1.46016,1.46052,1.00,1.00
2015.05.22 18:15:35.398,1.46021,1.46057,1.00,2.25
2015.05.22 18:15:35.449,1.46017,1.46055,1.00,1.00
2015.05.22 18:15:46.798,1.4602,1.46058,1.00,1.50
2015.05.22 18:15:48.763,1.4602,1.46057,1.00,1.00
2015.05.22 18:15:49.315,1.4602,1.46058,1.00,1.00
2015.05.22 18:15:49.877,1.46021,1.46058,1.00,1.50
2015.05.22 18:15:50.409,1.4602,1.46058,1.50,1.50
2015.05.22 18:15:50.786,1.4602,1.46055,1.00,1.00
2015.05.22 18:15:51.348,1.4602,1.46056,1.00,1.00
2015.05.22 18:15:55.421,1.46021,1.46056,1.00,1.00
2015.05.22 18:15:55.574,1.46018,1.46056,1.00,1.00
2015.05.22 18:15:56.043,1.46016,1.46052,1.87,1.00
2015.05.22 18:15:58.669,1.46017,1.46053,1.00,1.00
2015.05.22 18:16:04.705,1.4602,1.46058,1.00,1.00
2015.05.22 18:16:04.858,1.46017,1.46053,1.00,1.00
2015.05.22 18:16:06.341,1.46015,1.4605,1.00,1.00
2015.05.22 18:16:06.853,1.46017,1.46054,1.00,1.87
2015.05.22 18:16:06.904,1.46021,1.46054,1.00,1.87
2015.05.22 18:16:07.107,1.46016,1.4605,1.00,1.00
2015.05.22 18:16:07.794,1.46014,1.4605,1.00,1.00
2015.05.22 18:16:08.220,1.46011,1.46046,1.00,1.00
2015.05.22 18:16:08.539,1.46011,1.46036,1.00,1.00
2015.05.22 18:16:08.641,1.46011,1.46041,1.00,1.00
2015.05.22 18:16:08.743,1.46006,1.46041,1.37,1.50
2015.05.22 18:16:08.896,1.46006,1.46041,1.00,1.50
2015.05.22 18:16:09.994,1.46006,1.4604,1.00,1.00
2015.05.22 18:16:11.417,1.4601,1.46041,1.00,1.00
2015.05.22 18:16:11.469,1.4601,1.46045,1.00,1.50
2015.05.22 18:16:11.775,1.46012,1.46048,1.00,1.00
2015.05.22 18:16:11.878,1.46011,1.46046,1.00,1.00
2015.05.22 18:16:13.256,1.46013,1.46038,1.00,1.00
2015.05.22 18:16:13.308,1.46005,1.46038,1.12,1.00
2015.05.22 18:16:13.615,1.46005,1.4604,1.00,1.00
2015.05.22 18:16:13.768,1.46003,1.46039,1.00,1.00
2015.05.22 18:16:20.301,1.46005,1.46039,1.00,1.00
2015.05.22 18:16:20.454,1.46006,1.46042,1.50,1.00
2015.05.22 18:16:26.567,1.46006,1.46041,1.00,1.00
2015.05.22 18:16:33.454,1.46006,1.4604,1.00,1.00
2015.05.22 18:16:44.942,1.46006,1.46042,1.50,1.00
2015.05.22 18:16:44.993,1.4601,1.46042,1.00,1.00
2015.05.22 18:16:45.721,1.4601,1.46043,1.00,1.00
2015.05.22 18:16:51.217,1.46011,1.46043,1.00,1.00
2015.05.22 18:16:51.767,1.4601,1.46044,1.00,1.00
2015.05.22 18:16:52.072,1.46015,1.46044,1.00,1.00
2015.05.22 18:16:52.515,1.46016,1.46046,1.00,1.50
2015.05.22 18:16:55.970,1.46021,1.46048,1.00,1.12
2015.05.22 18:17:00.658,1.4602,1.46047,1.00,1.00
2015.05.22 18:17:00.811,1.46016,1.46047,1.00,1.37
2015.05.22 18:17:02.658,1.46015,1.46046,1.00,1.37
2015.05.22 18:17:03.568,1.4602,1.46046,1.00,1.37
2015.05.22 18:17:04.755,1.46016,1.46046,1.00,1.37
2015.05.22 18:17:07.826,1.4602,1.46045,1.00,1.12
2015.05.22 18:17:08.487,1.46016,1.46045,1.00,1.12
2015.05.22 18:17:08.538,1.46016,1.46043,1.00,1.00
2015.05.22 18:17:09.189,1.46016,1.46045,1.00,1.87
2015.05.22 18:17:09.411,1.4602,1.46045,1.00,1.87
2015.05.22 18:17:11.221,1.4602,1.46043,1.00,1.00
2015.05.22 18:17:11.819,1.46021,1.46043,1.00,1.00
2015.05.22 18:17:19.328,1.46021,1.46045,1.00,1.12
2015.05.22 18:17:19.532,1.46015,1.46046,1.00,1.37
2015.05.22 18:17:19.583,1.46015,1.46043,1.00,1.00
2015.05.22 18:17:20.816,1.46016,1.46043,1.00,1.00
2015.05.22 18:17:21.492,1.46016,1.46041,1.00,1.00
2015.05.22 18:17:21.544,1.46016,1.46044,1.00,1.00
2015.05.22 18:17:21.972,1.46016,1.46046,1.00,1.12
2015.05.22 18:17:22.075,1.46016,1.4605,1.00,1.00
2015.05.22 18:17:22.644,1.46015,1.46051,1.00,1.50
2015.05.22 18:17:23.698,1.46021,1.46054,1.00,1.50
2015.05.22 18:17:24.105,1.46025,1.46054,1.00,1.37
2015.05.22 18:17:25.030,1.46025,1.46054,1.00,1.00
2015.05.22 18:17:25.646,1.4602,1.46054,1.00,1.00
2015.05.22 18:17:25.900,1.46025,1.46054,1.00,1.00
2015.05.22 18:17:26.977,1.46026,1.46054,1.00,1.00
2015.05.22 18:17:27.324,1.46025,1.46051,1.00,1.00
2015.05.22 18:17:28.286,1.46026,1.46051,1.00,1.00
2015.05.22 18:17:29.856,1.46021,1.46051,1.00,1.00
2015.05.22 18:17:31.373,1.46026,1.46051,1.00,1.00
2015.05.22 18:17:31.586,1.46021,1.46051,1.00,1.00
2015.05.22 18:17:32.250,1.46026,1.46051,1.00,1.00
2015.05.22 18:17:35.910,1.46025,1.46051,1.00,1.00
2015.05.22 18:17:36.458,1.4602,1.4605,1.00,1.00
2015.05.22 18:17:38.129,1.46026,1.4605,1.00,1.00
2015.05.22 18:17:38.754,1.4602,1.4605,1.00,1.00
2015.05.22 18:17:39.017,1.4602,1.46047,1.00,1.00
2015.05.22 18:17:40.523,1.46021,1.46047,1.00,1.00
2015.05.22 18:17:40.827,1.46016,1.46047,1.00,1.00
2015.05.22 18:17:41.081,1.46021,1.46047,1.00,1.00
2015.05.22 18:17:44.670,1.46021,1.4605,1.00,1.00
2015.05.22 18:17:44.773,1.46021,1.46047,1.00,1.00
2015.05.22 18:17:46.024,1.46021,1.4605,1.00,1.00
2015.05.22 18:17:46.126,1.46021,1.46052,1.00,1.00
2015.05.22 18:17:46.228,1.46015,1.46049,1.00,1.00
2015.05.22 18:17:46.603,1.4602,1.46049,1.00,1.00
2015.05.22 18:17:48.680,1.46021,1.46049,1.00,1.00
2015.05.22 18:17:52.848,1.4602,1.46049,1.00,1.00
2015.05.22 18:17:53.234,1.4602,1.46047,1.00,1.00
2015.05.22 18:17:56.443,1.4602,1.46048,1.00,1.00
2015.05.22 18:17:58.675,1.46021,1.46048,1.00,1.00
2015.05.22 18:18:03.182,1.4602,1.46048,1.00,1.00
2015.05.22 18:18:03.491,1.46031,1.46053,1.00,1.00
2015.05.22 18:18:03.542,1.46031,1.46066,1.00,1.50
2015.05.22 18:18:04.199,1.46031,1.46061,1.00,1.00
2015.05.22 18:18:04.710,1.4603,1.46061,1.00,1.00
2015.05.22 18:18:04.936,1.4603,1.46065,1.00,1.00
2015.05.22 18:18:05.038,1.4603,1.4606,1.00,1.00
2015.05.22 18:18:06.785,1.46031,1.4606,1.00,1.00
2015.05.22 18:18:09.735,1.4603,1.4606,1.00,1.00
2015.05.22 18:18:10.234,1.4603,1.46064,1.00,1.37
2015.05.22 18:18:10.773,1.46031,1.46063,1.00,1.87
2015.05.22 18:18:10.824,1.46031,1.4606,1.00,1.00
2015.05.22 18:18:12.833,1.46031,1.46058,1.00,1.00
2015.05.22 18:18:15.293,1.4603,1.46058,1.00,1.00
2015.05.22 18:18:15.845,1.46031,1.46059,1.00,1.00
2015.05.22 18:18:16.434,1.4603,1.46059,1.00,1.00
2015.05.22 18:18:17.788,1.46031,1.46059,1.00,1.00
2015.05.22 18:18:17.992,1.4603,1.46063,1.00,1.12
2015.05.22 18:18:18.247,1.46026,1.46064,1.00,1.00
2015.05.22 18:18:18.497,1.46031,1.46064,1.00,1.00
2015.05.22 18:18:19.019,1.4603,1.46064,1.00,1.00
2015.05.22 18:18:19.121,1.46026,1.46064,1.00,1.00
2015.05.22 18:18:19.325,1.4603,1.46064,1.00,1.00
2015.05.22 18:18:24.824,1.46026,1.46064,1.50,1.00
2015.05.22 18:18:25.584,1.46031,1.46064,1.00,1.00
2015.05.22 18:18:26.306,1.46031,1.46062,1.00,1.00
2015.05.22 18:18:35.434,1.46031,1.46066,1.00,1.12
2015.05.22 18:18:38.123,1.46035,1.46066,1.00,1.12
2015.05.22 18:18:38.445,1.46035,1.46062,1.00,1.00
2015.05.22 18:18:39.041,1.46035,1.46063,1.00,1.00
2015.05.22 18:18:39.727,1.46031,1.46063,1.00,1.00
2015.05.22 18:18:39.829,1.46036,1.46063,1.00,1.00
2015.05.22 18:18:41.784,1.46031,1.46064,1.00,1.00
2015.05.22 18:18:41.835,1.46031,1.46067,1.50,1.00
2015.05.22 18:18:41.887,1.46031,1.46056,1.50,1.00
2015.05.22 18:18:42.222,1.46026,1.46054,1.00,1.00
2015.05.22 18:18:42.425,1.46025,1.46056,1.00,1.00
2015.05.22 18:18:42.803,1.46025,1.46061,1.50,1.37
2015.05.22 18:18:43.539,1.46025,1.46057,1.00,1.00
2015.05.22 18:18:46.419,1.46025,1.46059,1.00,1.00
2015.05.22 18:18:46.521,1.46025,1.46057,1.00,1.00
2015.05.22 18:18:47.296,1.46025,1.46052,1.00,1.00
2015.05.22 18:18:47.721,1.46025,1.46056,1.00,1.00
2015.05.22 18:18:48.042,1.46025,1.46059,1.00,1.50
2015.05.22 18:18:49.255,1.46026,1.46055,1.00,1.00
2015.05.22 18:18:54.312,1.46026,1.46059,1.00,1.00
2015.05.22 18:18:54.413,1.46026,1.46054,1.00,1.00
2015.05.22 18:18:54.719,1.46026,1.46058,1.00,1.37
2015.05.22 18:18:55.251,1.46026,1.46058,1.00,1.50
2015.05.22 18:18:58.672,1.46026,1.46055,1.00,1.00
2015.05.22 18:19:00.462,1.46026,1.46059,1.00,1.50
2015.05.22 18:19:01.737,1.46022,1.4606,1.00,1.87
2015.05.22 18:19:01.839,1.4602,1.46057,1.00,1.00
2015.05.22 18:19:02.147,1.4603,1.4606,1.00,1.00
2015.05.22 18:19:02.354,1.46026,1.4606,1.00,1.00
2015.05.22 18:19:05.355,1.46026,1.46062,1.50,1.00
2015.05.22 18:19:05.558,1.46026,1.46059,1.00,1.00
2015.05.22 18:19:05.864,1.46021,1.46052,1.00,1.00
2015.05.22 18:19:06.168,1.46021,1.4605,1.00,1.00
2015.05.22 18:19:06.629,1.46021,1.46054,1.00,1.00
2015.05.22 18:19:07.138,1.4602,1.46056,1.87,1.00
2015.05.22 18:19:07.189,1.46021,1.46058,1.00,1.00
2015.05.22 18:19:07.240,1.46021,1.46058,1.37,1.00
2015.05.22 18:19:07.545,1.46025,1.46056,1.12,1.00
2015.05.22 18:19:08.006,1.46025,1.46058,1.12,1.00
2015.05.22 18:19:08.732,1.46027,1.46062,1.00,1.00
2015.05.22 18:19:08.834,1.46031,1.46063,1.00,1.00
2015.05.22 18:19:09.088,1.46031,1.46067,1.37,1.00
2015.05.22 18:19:09.190,1.46036,1.46067,1.00,1.00
2015.05.22 18:19:09.670,1.46036,1.46071,1.00,1.00
2015.05.22 18:19:09.834,1.46041,1.46071,1.00,1.00
2015.05.22 18:19:10.140,1.46041,1.46068,1.00,1.00
2015.05.22 18:19:10.958,1.46041,1.4607,1.00,1.00
2015.05.22 18:19:12.035,1.46036,1.46065,1.00,1.00
2015.05.22 18:19:12.346,1.46041,1.46066,1.00,1.00
2015.05.22 18:19:12.398,1.46041,1.46071,1.00,1.00
2015.05.22 18:19:13.356,1.46035,1.46071,1.00,1.00
2015.05.22 18:19:13.808,1.46041,1.46071,1.00,1.00
2015.05.22 18:19:14.357,1.4604,1.46071,1.00,1.00
2015.05.22 18:19:15.357,1.46041,1.46071,1.00,1.00
2015.05.22 18:19:15.788,1.46041,1.46069,1.00,1.00
2015.05.22 18:19:16.302,1.46041,1.46068,1.00,1.00
2015.05.22 18:19:16.855,1.46041,1.46067,1.00,1.00
2015.05.22 18:19:17.516,1.46041,1.46068,1.00,1.00
2015.05.22 18:19:24.352,1.46035,1.46065,1.00,1.00
2015.05.22 18:19:24.900,1.46036,1.46065,1.00,1.00
2015.05.22 18:19:25.400,1.46036,1.46068,1.00,1.00
2015.05.22 18:19:25.554,1.46033,1.46068,1.00,1.00
2015.05.22 18:19:25.658,1.46036,1.46067,1.00,1.00
2015.05.22 18:19:25.937,1.4603,1.46062,1.00,1.00
2015.05.22 18:19:26.588,1.46031,1.46062,1.00,1.00
2015.05.22 18:19:27.104,1.46031,1.46061,1.00,1.00
2015.05.22 18:19:28.411,1.46031,1.46065,1.00,1.00
2015.05.22 18:19:28.513,1.46031,1.46061,1.00,1.00
2015.05.22 18:19:30.035,1.46031,1.46062,1.00,1.00
2015.05.22 18:19:33.022,1.46031,1.46063,1.00,1.00
2015.05.22 18:19:33.568,1.4603,1.46062,1.00,1.00
2015.05.22 18:19:33.876,1.46021,1.46053,1.00,1.00
2015.05.22 18:19:34.182,1.46017,1.46048,1.00,1.00
2015.05.22 18:19:34.233,1.46017,1.46053,1.00,1.00
2015.05.22 18:19:34.285,1.4602,1.4605,1.00,1.00
2015.05.22 18:19:34.569,1.4602,1.46055,1.00,1.00
2015.05.22 18:19:35.358,1.46021,1.46055,1.00,1.00
2015.05.22 18:19:35.664,1.46017,1.46055,1.00,1.00
2015.05.22 18:19:40.066,1.46021,1.46055,1.00,1.00
2015.05.22 18:19:43.274,1.46017,1.46055,1.00,1.00
2015.05.22 18:19:46.222,1.46017,1.46054,1.00,1.00
2015.05.22 18:19:50.424,1.46017,1.46055,1.00,1.50
2015.05.22 18:19:52.304,1.46017,1.46053,1.00,1.00
2015.05.22 18:19:53.584,1.46018,1.46053,1.00,1.00
2015.05.22 18:19:53.914,1.46015,1.46048,1.00,1.00
2015.05.22 18:19:54.286,1.46016,1.46052,1.00,1.00
2015.05.22 18:19:57.340,1.4602,1.46052,1.00,1.00
2015.05.22 18:19:57.854,1.46021,1.46052,1.00,1.00
2015.05.22 18:20:08.372,1.46016,1.46052,1.12,1.00
2015.05.22 18:20:08.841,1.46015,1.46048,1.00,1.00
2015.05.22 18:20:09.922,1.46016,1.46053,1.00,1.50
2015.05.22 18:20:10.478,1.46015,1.46049,1.00,1.00
2015.05.22 18:20:12.320,1.4602,1.46051,1.00,1.00
2015.05.22 18:20:12.422,1.4602,1.46053,1.00,1.50
2015.05.22 18:20:12.574,1.4602,1.46051,1.00,1.00
2015.05.22 18:20:13.043,1.4602,1.46054,1.00,1.00
2015.05.22 18:20:15.447,1.46021,1.46057,1.00,1.50
2015.05.22 18:20:16.998,1.46023,1.46058,1.00,1.00
2015.05.22 18:20:17.304,1.46025,1.4606,1.00,1.00
2015.05.22 18:20:17.763,1.46027,1.4606,1.00,1.00
2015.05.22 18:20:18.316,1.46026,1.4606,1.00,1.50
2015.05.22 18:20:24.179,1.46026,1.46062,1.50,1.00
2015.05.22 18:20:24.716,1.4603,1.46066,1.00,1.00
2015.05.22 18:20:25.021,1.46027,1.46063,1.50,1.00
2015.05.22 18:20:26.314,1.46029,1.46066,1.00,1.00
2015.05.22 18:20:26.467,1.46027,1.46064,1.00,1.00
2015.05.22 18:20:26.827,1.4603,1.46066,1.00,1.50
2015.05.22 18:20:27.277,1.46026,1.46062,1.87,1.00
2015.05.22 18:20:27.773,1.46028,1.46066,1.00,1.00
2015.05.22 18:20:30.676,1.46028,1.46066,1.00,1.37
2015.05.22 18:20:31.193,1.46026,1.46062,1.50,1.00
2015.05.22 18:20:33.059,1.46028,1.46064,1.00,1.00
2015.05.22 18:20:33.416,1.4603,1.46068,1.00,1.00
2015.05.22 18:20:33.569,1.46032,1.46068,1.00,1.00
2015.05.22 18:20:33.917,1.46034,1.46072,1.00,1.00
2015.05.22 18:20:33.969,1.46041,1.46077,1.00,1.00
2015.05.22 18:20:34.406,1.46049,1.46077,1.00,1.00
2015.05.22 18:20:34.461,1.46049,1.46081,1.00,1.00
2015.05.22 18:20:34.630,1.46046,1.46078,1.00,1.00
2015.05.22 18:20:34.834,1.46046,1.4608,1.00,1.00
2015.05.22 18:20:34.986,1.46044,1.4608,1.50,1.00
2015.05.22 18:20:38.462,1.4604,1.46077,1.12,1.00
2015.05.22 18:20:42.472,1.46039,1.46077,1.50,1.00
2015.05.22 18:20:46.440,1.46041,1.46064,1.00,1.00
2015.05.22 18:20:46.644,1.46036,1.46068,1.37,1.00
2015.05.22 18:20:46.747,1.46036,1.46066,1.37,1.00
2015.05.22 18:20:47.079,1.46035,1.4607,1.37,1.12
2015.05.22 18:20:47.290,1.46036,1.46067,1.37,1.00
2015.05.22 18:20:47.444,1.46036,1.46067,1.00,1.00
2015.05.22 18:20:47.598,1.46036,1.46072,1.00,1.00
2015.05.22 18:20:48.342,1.4604,1.46072,1.00,1.00
2015.05.22 18:20:48.393,1.46041,1.46074,1.00,1.00
2015.05.22 18:20:48.852,1.46045,1.46074,1.50,1.00
2015.05.22 18:20:48.903,1.46045,1.46078,1.50,1.00
2015.05.22 18:20:48.955,1.46051,1.46078,1.00,1.00
2015.05.22 18:20:50.093,1.4605,1.46078,1.00,1.00
2015.05.22 18:20:50.399,1.46046,1.46075,1.00,1.00
2015.05.22 18:20:50.553,1.46046,1.46077,1.00,1.00
2015.05.22 18:20:51.379,1.46046,1.46078,1.00,1.12
2015.05.22 18:20:51.431,1.46046,1.46082,1.00,1.00
2015.05.22 18:20:51.483,1.46046,1.46079,1.00,1.00
2015.05.22 18:20:51.687,1.46046,1.46082,1.00,1.50
2015.05.22 18:20:53.073,1.46045,1.4608,1.00,1.00
2015.05.22 18:20:53.227,1.46046,1.46082,1.50,1.00
2015.05.22 18:20:53.278,1.46046,1.46079,1.00,1.00
2015.05.22 18:20:53.649,1.46046,1.46077,1.00,1.00
2015.05.22 18:20:54.447,1.46047,1.46077,1.00,1.00
2015.05.22 18:20:54.683,1.46045,1.46077,1.00,1.00
2015.05.22 18:20:54.916,1.46047,1.46077,1.00,1.00
2015.05.22 18:20:54.967,1.46047,1.46079,1.00,1.00
2015.05.22 18:21:00.682,1.46047,1.4608,1.00,1.00
2015.05.22 18:21:01.342,1.46046,1.46079,1.00,1.00
2015.05.22 18:21:02.986,1.46046,1.4608,1.00,1.00
2015.05.22 18:21:03.037,1.46042,1.4608,1.00,1.87
2015.05.22 18:21:03.139,1.46042,1.46072,1.00,1.00
2015.05.22 18:21:03.243,1.46042,1.46075,1.00,1.00
2015.05.22 18:21:03.346,1.46041,1.46072,1.00,1.00
2015.05.22 18:21:03.861,1.4604,1.46071,1.00,1.00
2015.05.22 18:21:04.399,1.46041,1.46071,1.00,1.00
2015.05.22 18:21:04.941,1.46041,1.46072,1.00,1.00
2015.05.22 18:21:05.463,1.46036,1.46072,1.12,1.50
2015.05.22 18:21:05.780,1.46035,1.4607,1.50,1.00
2015.05.22 18:21:06.101,1.46038,1.46071,1.00,1.00
2015.05.22 18:21:06.406,1.46038,1.46068,1.00,1.00
2015.05.22 18:21:06.661,1.46038,1.46071,1.00,1.00
2015.05.22 18:21:08.101,1.46036,1.46071,1.00,1.00
2015.05.22 18:21:08.153,1.46038,1.46071,1.00,1.00
2015.05.22 18:21:08.307,1.46038,1.46073,1.00,1.00
2015.05.22 18:21:08.409,1.46036,1.46071,1.00,1.00
2015.05.22 18:21:08.918,1.46036,1.46072,1.50,1.00
2015.05.22 18:21:10.532,1.46044,1.46073,1.00,1.00
2015.05.22 18:21:10.638,1.46044,1.46075,1.00,1.00
2015.05.22 18:21:10.740,1.46044,1.46081,1.00,1.00
2015.05.22 18:21:11.254,1.46043,1.46078,1.00,1.00
2015.05.22 18:21:11.906,1.46047,1.46078,1.00,1.00
2015.05.22 18:21:13.367,1.46047,1.46079,1.00,1.00
2015.05.22 18:21:14.805,1.46047,1.4608,1.00,1.00
2015.05.22 18:21:15.111,1.46047,1.46077,1.00,1.00
2015.05.22 18:21:15.316,1.46047,1.46079,1.00,1.00
2015.05.22 18:21:16.015,1.46047,1.4608,1.00,1.00
2015.05.22 18:21:17.119,1.46051,1.4608,1.00,1.00
2015.05.22 18:21:17.324,1.46052,1.46083,1.00,1.00
2015.05.22 18:21:17.426,1.46052,1.46085,1.00,1.00
2015.05.22 18:21:17.964,1.46051,1.46085,1.00,1.00
2015.05.22 18:21:18.329,1.46051,1.46087,1.50,1.50
2015.05.22 18:21:18.432,1.46051,1.46084,1.00,1.00
2015.05.22 18:21:18.737,1.46051,1.46082,1.00,1.00
2015.05.22 18:21:19.660,1.46049,1.46082,1.00,1.00
2015.05.22 18:21:19.712,1.46045,1.46082,1.50,1.00
2015.05.22 18:21:20.416,1.46049,1.46083,1.00,1.00
2015.05.22 18:21:20.468,1.46045,1.46081,2.25,1.00
2015.05.22 18:21:21.510,1.46046,1.46081,1.00,1.50
2015.05.22 18:21:21.613,1.46051,1.46081,1.00,1.00
2015.05.22 18:21:21.718,1.46045,1.46081,1.00,1.00
2015.05.22 18:21:22.025,1.46048,1.46082,1.00,1.00
2015.05.22 18:21:22.332,1.46051,1.46085,1.00,1.00
2015.05.22 18:21:24.021,1.46051,1.46086,1.00,1.00
2015.05.22 18:21:24.599,1.46052,1.46087,1.00,1.00
2015.05.22 18:21:27.194,1.46058,1.46087,1.00,1.00
2015.05.22 18:21:27.245,1.46056,1.46087,1.00,1.00
2015.05.22 18:21:27.348,1.46053,1.4609,1.50,1.00
2015.05.22 18:21:27.452,1.46056,1.46093,1.50,1.00
2015.05.22 18:21:27.763,1.46057,1.46091,1.00,1.00
2015.05.22 18:21:28.076,1.46056,1.46088,1.50,1.00
2015.05.22 18:21:28.873,1.46056,1.46087,1.00,1.00
2015.05.22 18:21:29.380,1.46056,1.46088,1.00,1.00
2015.05.22 18:21:29.431,1.46056,1.46091,1.00,1.00
2015.05.22 18:21:31.371,1.46056,1.4609,1.50,1.00
2015.05.22 18:21:31.771,1.46056,1.46088,1.00,1.00
2015.05.22 18:21:31.824,1.46054,1.46088,1.00,1.00
2015.05.22 18:21:31.927,1.46056,1.46088,1.00,1.00
2015.05.22 18:21:31.978,1.46052,1.46088,1.00,1.00
2015.05.22 18:21:32.233,1.46055,1.46088,1.00,1.00
2015.05.22 18:21:32.539,1.46053,1.46086,1.00,1.00
2015.05.22 18:21:32.845,1.46056,1.46087,1.00,1.00
2015.05.22 18:21:32.947,1.46053,1.46088,1.00,1.00
2015.05.22 18:21:33.242,1.46057,1.4609,1.00,1.00
2015.05.22 18:21:33.446,1.46051,1.46087,1.00,1.00
2015.05.22 18:21:33.954,1.4605,1.46086,1.50,1.00
2015.05.22 18:21:34.182,1.46053,1.46088,1.00,1.00
2015.05.22 18:21:34.385,1.4605,1.46086,1.50,1.00
2015.05.22 18:21:36.204,1.46054,1.46086,1.00,1.00
2015.05.22 18:21:36.859,1.46055,1.46086,1.00,1.00
2015.05.22 18:21:37.625,1.46057,1.46086,1.00,1.00
2015.05.22 18:21:37.779,1.4606,1.4609,1.00,1.00
2015.05.22 18:21:43.702,1.4606,1.46094,1.00,1.00
2015.05.22 18:21:44.962,1.46056,1.46093,1.00,1.00
2015.05.22 18:21:45.666,1.46056,1.46086,1.00,1.00
2015.05.22 18:21:46.124,1.46053,1.46087,1.00,1.00
2015.05.22 18:21:47.028,1.46055,1.46087,1.00,1.00
2015.05.22 18:21:47.882,1.46056,1.46087,1.00,1.00
2015.05.22 18:21:51.348,1.46056,1.46086,1.00,1.00
2015.05.22 18:21:51.997,1.46056,1.46088,1.00,1.00
2015.05.22 18:21:52.049,1.46051,1.46083,1.00,1.50
2015.05.22 18:21:52.852,1.4605,1.46083,1.00,1.00
2015.05.22 18:21:53.610,1.4605,1.46084,1.00,1.50
2015.05.22 18:21:53.662,1.46051,1.46087,1.50,1.00
2015.05.22 18:21:53.713,1.46053,1.46091,1.00,1.50
2015.05.22 18:21:53.866,1.46056,1.46091,1.00,1.50
2015.05.22 18:21:54.534,1.46055,1.46091,1.00,1.50
2015.05.22 18:21:55.625,1.46058,1.46091,1.00,1.00
2015.05.22 18:21:56.173,1.46058,1.4609,1.00,1.00
2015.05.22 18:21:56.497,1.4606,1.46094,1.00,1.37
2015.05.22 18:21:56.803,1.46077,1.46103,1.00,1.37
2015.05.22 18:21:56.905,1.46075,1.461,1.00,1.37
2015.05.22 18:21:58.001,1.46075,1.46107,1.00,1.37
2015.05.22 18:21:58.053,1.46075,1.46107,1.00,1.75
2015.05.22 18:21:58.682,1.46074,1.46107,1.50,1.37
2015.05.22 18:21:58.811,1.4607,1.46107,2.25,1.37
2015.05.22 18:21:59.218,1.4607,1.46107,1.00,1.75
2015.05.22 18:22:00.641,1.46072,1.46107,1.00,1.75
2015.05.22 18:22:02.176,1.46071,1.46107,1.00,1.37
2015.05.22 18:22:02.695,1.46072,1.46107,1.00,1.37
2015.05.22 18:22:03.035,1.46073,1.46107,1.00,1.50
2015.05.22 18:22:03.741,1.46074,1.4611,1.00,1.87
2015.05.22 18:22:05.200,1.46073,1.4611,1.00,1.87
2015.05.22 18:22:05.596,1.46077,1.4611,1.00,1.87
2015.05.22 18:22:05.648,1.46077,1.4611,1.00,1.00
2015.05.22 18:22:15.804,1.46078,1.4611,1.00,1.00
2015.05.22 18:22:18.024,1.46076,1.4611,1.50,1.00
2015.05.22 18:22:21.113,1.46076,1.46112,2.25,1.12
2015.05.22 18:22:21.215,1.46079,1.46112,1.00,1.00
2015.05.22 18:22:22.110,1.46081,1.46112,1.00,1.00
2015.05.22 18:22:24.993,1.46079,1.46112,1.00,1.00
2015.05.22 18:22:26.819,1.46076,1.46112,2.25,1.00
2015.05.22 18:22:36.099,1.46079,1.46112,1.00,1.00
2015.05.22 18:22:36.608,1.46076,1.46112,2.25,1.00
2015.05.22 18:22:48.591,1.46076,1.46111,1.00,1.37
2015.05.22 18:22:48.743,1.46071,1.46102,1.00,1.00
2015.05.22 18:22:48.845,1.46068,1.46102,1.12,1.37
2015.05.22 18:22:49.049,1.46071,1.46107,1.00,3.00
2015.05.22 18:22:49.689,1.46069,1.46107,1.00,3.00
2015.05.22 18:22:51.471,1.46069,1.46107,1.00,2.25
2015.05.22 18:22:51.680,1.46069,1.46107,1.00,2.62
2015.05.22 18:22:52.693,1.46069,1.46107,1.00,2.25
2015.05.22 18:22:52.953,1.46072,1.46107,1.00,1.87
2015.05.22 18:22:53.433,1.46072,1.46104,1.00,1.00
2015.05.22 18:22:53.485,1.46072,1.46107,1.00,1.12
2015.05.22 18:22:56.514,1.46073,1.46107,1.00,1.00
2015.05.22 18:22:57.664,1.46073,1.46107,1.00,1.37
2015.05.22 18:22:57.767,1.4607,1.46107,2.25,1.37
2015.05.22 18:22:57.818,1.4607,1.46107,2.25,1.00
2015.05.22 18:22:58.429,1.4607,1.46105,2.25,1.00
2015.05.22 18:22:58.654,1.4607,1.46107,2.25,1.00
2015.05.22 18:22:58.960,1.4607,1.46107,2.25,1.37
2015.05.22 18:22:59.585,1.46071,1.46104,1.00,1.00
2015.05.22 18:22:59.649,1.46071,1.46107,1.00,1.12
2015.05.22 18:23:01.821,1.46072,1.46107,1.50,1.00
2015.05.22 18:23:03.027,1.46072,1.46108,1.50,1.87
2015.05.22 18:23:03.129,1.46072,1.46104,1.00,1.00
2015.05.22 18:23:03.492,1.4607,1.46104,1.00,1.37
2015.05.22 18:23:04.780,1.46069,1.46104,1.50,1.37
2015.05.22 18:23:09.175,1.46068,1.46104,1.50,1.37
2015.05.22 18:23:19.267,1.46068,1.46104,1.00,1.37
2015.05.22 18:23:22.798,1.46068,1.46104,1.00,1.87
2015.05.22 18:23:23.003,1.46068,1.46104,1.00,1.50
2015.05.22 18:23:23.716,1.46069,1.46104,1.00,1.50
2015.05.22 18:23:24.054,1.46069,1.46104,1.00,1.50
2015.05.22 18:23:24.158,1.46071,1.46104,1.00,1.50
2015.05.22 18:23:24.362,1.46073,1.46106,1.00,1.00
2015.05.22 18:23:24.720,1.46074,1.4611,1.50,1.00
2015.05.22 18:23:27.391,1.46076,1.46112,1.00,1.00
2015.05.22 18:23:29.764,1.46076,1.46112,1.00,1.37
2015.05.22 18:23:38.783,1.46074,1.46111,1.00,1.12
2015.05.22 18:23:42.177,1.46075,1.46111,1.00,1.00
2015.05.22 18:23:42.564,1.46075,1.46109,1.00,1.00
2015.05.22 18:23:42.869,1.46073,1.46109,1.50,1.37
2015.05.22 18:23:43.073,1.46073,1.4611,1.50,1.12
2015.05.22 18:23:43.581,1.46074,1.4611,1.00,1.00
2015.05.22 18:23:43.633,1.46077,1.4611,1.00,1.00
2015.05.22 18:23:44.239,1.46077,1.46111,1.00,1.00
2015.05.22 18:23:45.130,1.46079,1.46111,1.00,1.00
2015.05.22 18:23:45.385,1.46077,1.46111,1.00,1.00
2015.05.22 18:23:49.812,1.46077,1.46113,1.50,1.12
2015.05.22 18:23:59.766,1.46077,1.46113,1.00,1.50
2015.05.22 18:24:00.213,1.46079,1.4611,1.00,1.12
2015.05.22 18:24:00.878,1.46078,1.4611,1.00,1.00
2015.05.22 18:24:01.401,1.46079,1.4611,1.00,1.37
2015.05.22 18:24:02.855,1.46079,1.4611,1.00,1.00
2015.05.22 18:24:02.957,1.46077,1.4611,1.00,1.00
2015.05.22 18:24:03.429,1.46079,1.4611,1.00,1.00
2015.05.22 18:24:15.697,1.46079,1.4611,1.00,1.37
2015.05.22 18:24:17.190,1.46079,1.4611,1.00,1.00
2015.05.22 18:24:19.351,1.46078,1.4611,1.00,1.00
2015.05.22 18:24:21.709,1.46078,1.4611,1.00,1.37
2015.05.22 18:24:22.071,1.4608,1.4611,1.00,1.37
2015.05.22 18:24:22.589,1.46079,1.46109,1.00,1.00
2015.05.22 18:24:22.691,1.46081,1.46114,1.00,1.00
2015.05.22 18:24:23.330,1.4608,1.46114,1.00,1.50
2015.05.22 18:24:23.866,1.4608,1.46114,1.00,1.37
2015.05.22 18:24:25.847,1.46078,1.46114,1.00,1.37
2015.05.22 18:24:26.307,1.46078,1.4611,1.50,1.00
2015.05.22 18:24:26.966,1.46078,1.46114,1.50,1.37
2015.05.22 18:24:32.549,1.4608,1.46114,1.00,1.00
2015.05.22 18:24:33.393,1.46104,1.4613,1.00,1.00
2015.05.22 18:24:33.445,1.46103,1.46136,1.50,1.48
2015.05.22 18:24:34.072,1.46103,1.46137,1.00,1.50
2015.05.22 18:24:34.209,1.46103,1.46137,1.00,1.87
2015.05.22 18:24:34.311,1.46101,1.46137,1.00,1.37
2015.05.22 18:24:36.278,1.46099,1.46137,1.50,1.37
2015.05.22 18:24:36.839,1.46099,1.46136,1.00,1.37
2015.05.22 18:24:37.413,1.46099,1.46137,1.00,2.62
2015.05.22 18:24:38.293,1.46098,1.46133,1.00,1.12
2015.05.22 18:24:38.916,1.46098,1.46133,1.00,1.37
2015.05.22 18:24:39.467,1.46099,1.46133,1.00,1.37
2015.05.22 18:24:39.519,1.46097,1.46133,1.00,1.37
2015.05.22 18:24:39.981,1.46101,1.46133,1.00,1.12
2015.05.22 18:24:45.415,1.46099,1.46133,1.50,1.00
2015.05.22 18:24:46.042,1.46098,1.46133,1.00,1.00
2015.05.22 18:24:46.590,1.46098,1.46133,1.00,1.37
2015.05.22 18:24:52.581,1.46097,1.46133,1.00,1.37
2015.05.22 18:24:54.735,1.46097,1.46133,1.00,1.00
2015.05.22 18:24:54.838,1.46097,1.46133,1.00,1.37
2015.05.22 18:24:55.585,1.461,1.46133,1.00,1.37
2015.05.22 18:24:55.637,1.461,1.46133,1.00,1.37
2015.05.22 18:24:56.173,1.46099,1.46133,1.00,1.37
2015.05.22 18:24:58.328,1.46098,1.46133,1.00,1.37
2015.05.22 18:25:01.004,1.46099,1.46133,1.00,1.37
2015.05.22 18:25:01.065,1.46097,1.46129,1.00,1.00
2015.05.22 18:25:01.371,1.46096,1.46129,1.00,1.37
2015.05.22 18:25:02.361,1.46095,1.46129,1.00,1.37
2015.05.22 18:25:02.666,1.46092,1.46129,1.00,2.25
2015.05.22 18:25:03.320,1.46091,1.46128,1.00,1.37
2015.05.22 18:25:03.830,1.4609,1.46126,1.00,1.37
2015.05.22 18:25:12.476,1.46089,1.46126,1.00,1.37
2015.05.22 18:25:12.858,1.46091,1.46122,1.00,1.00
2015.05.22 18:25:13.163,1.46094,1.46122,1.00,1.00
2015.05.22 18:25:13.389,1.46094,1.46126,1.00,1.00
2015.05.22 18:25:19.749,1.46093,1.46126,1.00,1.00
2015.05.22 18:25:22.175,1.46092,1.46126,1.00,1.00
2015.05.22 18:25:30.319,1.46092,1.46124,1.00,1.00
2015.05.22 18:25:30.421,1.4609,1.46124,1.00,1.00
2015.05.22 18:25:33.510,1.4609,1.46122,1.00,1.00
2015.05.22 18:25:37.384,1.4609,1.46124,1.50,1.00
2015.05.22 18:25:39.104,1.4609,1.46123,1.00,1.00
2015.05.22 18:25:43.480,1.4609,1.4612,1.00,1.00
2015.05.22 18:25:43.531,1.46087,1.46118,1.00,1.00
2015.05.22 18:25:49.842,1.4609,1.46119,1.00,1.00
2015.05.22 18:25:50.660,1.4609,1.46123,1.00,1.00
2015.05.22 18:25:53.408,1.46089,1.46123,1.00,1.00
2015.05.22 18:25:54.403,1.46088,1.46123,1.00,1.12
2015.05.22 18:25:54.556,1.46087,1.46114,1.00,1.00
2015.05.22 18:25:54.964,1.46083,1.46114,1.00,1.00
2015.05.22 18:25:56.583,1.46084,1.46114,1.00,1.00
2015.05.22 18:25:56.837,1.46082,1.46115,1.00,1.00
2015.05.22 18:25:57.245,1.46079,1.46115,1.00,1.50
2015.05.22 18:25:57.765,1.46079,1.46114,1.00,1.00
2015.05.22 18:25:58.876,1.46081,1.46114,1.00,1.00
2015.05.22 18:25:59.182,1.46078,1.46114,1.00,1.50
2015.05.22 18:25:59.735,1.46077,1.46111,1.00,1.00
2015.05.22 18:26:00.197,1.46078,1.46109,1.50,1.00
2015.05.22 18:26:00.725,1.46079,1.46109,1.00,1.00
2015.05.22 18:26:02.069,1.46077,1.46109,1.00,1.00
2015.05.22 18:26:03.646,1.46077,1.46114,1.00,1.87
2015.05.22 18:26:04.026,1.46079,1.46114,1.00,1.50
2015.05.22 18:26:04.348,1.46081,1.46114,1.00,1.50
2015.05.22 18:26:05.944,1.46086,1.46114,1.00,1.00
2015.05.22 18:26:06.322,1.46088,1.46114,1.00,1.00
2015.05.22 18:26:06.425,1.46088,1.4612,1.00,1.12
2015.05.22 18:26:07.378,1.46088,1.46119,1.00,1.00
2015.05.22 18:26:08.011,1.4609,1.46119,1.00,1.00
2015.05.22 18:26:10.836,1.46089,1.46119,1.00,1.00
2015.05.22 18:26:11.504,1.46091,1.46119,1.00,1.00
2015.05.22 18:26:12.211,1.4609,1.46119,1.50,1.00
2015.05.22 18:26:13.048,1.46097,1.46124,1.00,1.00
2015.05.22 18:26:13.413,1.46095,1.46124,1.00,1.00
2015.05.22 18:26:14.017,1.46094,1.46124,1.00,1.00
2015.05.22 18:26:14.677,1.46094,1.46125,1.00,1.00
2015.05.22 18:26:15.124,1.46096,1.46129,1.00,1.50
2015.05.22 18:26:15.429,1.46098,1.46129,1.00,1.00
2015.05.22 18:26:15.737,1.46098,1.46124,1.00,1.00
2015.05.22 18:26:17.090,1.46097,1.46124,1.00,1.00
2015.05.22 18:26:17.709,1.46096,1.46124,1.00,1.00
2015.05.22 18:26:21.514,1.46097,1.46124,1.00,1.00
2015.05.22 18:26:21.844,1.46094,1.46125,1.00,1.00
2015.05.22 18:26:21.897,1.46085,1.46119,1.00,1.00
2015.05.22 18:26:21.949,1.46081,1.46115,1.00,1.00
2015.05.22 18:26:22.466,1.46082,1.46115,1.00,1.00
2015.05.22 18:26:23.709,1.46087,1.46115,1.00,1.00
2015.05.22 18:26:23.915,1.46089,1.46119,1.50,1.00
2015.05.22 18:26:24.230,1.46091,1.46119,1.00,1.00
2015.05.22 18:26:24.761,1.46092,1.46119,1.00,1.00
2015.05.22 18:26:25.274,1.46092,1.4612,1.00,1.00
2015.05.22 18:26:25.601,1.46094,1.4612,1.00,1.00
2015.05.22 18:26:25.652,1.46094,1.46125,1.00,1.00
2015.05.22 18:26:25.754,1.46092,1.46125,1.50,1.00
2015.05.22 18:26:26.655,1.46092,1.46124,1.50,1.00
2015.05.22 18:26:27.519,1.46092,1.46125,1.50,1.00
2015.05.22 18:26:27.571,1.46094,1.46125,1.00,1.00
2015.05.22 18:26:28.087,1.46095,1.46125,1.00,1.00
2015.05.22 18:26:30.057,1.46095,1.46124,1.00,1.00
2015.05.22 18:26:32.188,1.46095,1.46125,1.00,1.00
2015.05.22 18:26:32.239,1.46093,1.46125,1.00,1.00
2015.05.22 18:26:32.545,1.46091,1.46125,1.00,1.50
2015.05.22 18:26:32.932,1.46091,1.46122,1.00,1.00
2015.05.22 18:26:33.256,1.46091,1.46125,1.00,1.50
2015.05.22 18:26:33.663,1.46095,1.46125,1.00,1.50
2015.05.22 18:26:34.194,1.46095,1.46124,1.00,1.00
2015.05.22 18:26:34.677,1.46095,1.46128,1.00,1.00
2015.05.22 18:26:35.181,1.46096,1.46128,1.00,1.00
2015.05.22 18:26:35.506,1.46096,1.4613,1.00,1.00
2015.05.22 18:26:41.572,1.46095,1.4613,1.00,1.00
2015.05.22 18:26:41.725,1.46095,1.46127,1.00,1.00
2015.05.22 18:26:41.878,1.46092,1.46127,1.00,1.00
2015.05.22 18:26:42.636,1.46093,1.46127,1.00,1.00
2015.05.22 18:26:42.827,1.46091,1.46127,2.25,1.00
2015.05.22 18:26:43.112,1.46093,1.46127,1.00,1.00
2015.05.22 18:26:45.247,1.46094,1.46127,1.00,1.00
2015.05.22 18:26:47.791,1.46097,1.46124,1.00,1.00
2015.05.22 18:26:47.844,1.46094,1.46124,1.50,1.00
2015.05.22 18:26:48.357,1.46094,1.46125,1.00,1.00
2015.05.22 18:26:48.409,1.46091,1.46125,1.00,1.00
2015.05.22 18:26:48.994,1.4609,1.46119,1.00,1.00
2015.05.22 18:26:49.619,1.4609,1.46124,1.00,1.00
2015.05.22 18:26:52.246,1.46088,1.46123,1.50,1.00
2015.05.22 18:26:52.787,1.46089,1.46123,1.00,1.00
2015.05.22 18:26:53.486,1.4609,1.46124,1.00,1.00
2015.05.22 18:26:55.339,1.4609,1.46125,2.25,1.00
2015.05.22 18:26:55.880,1.46091,1.46125,1.00,1.00
2015.05.22 18:26:56.468,1.4609,1.46125,1.00,1.00
2015.05.22 18:26:57.009,1.46091,1.46125,1.00,1.00
2015.05.22 18:26:57.647,1.46091,1.46124,1.00,1.00
2015.05.22 18:26:57.759,1.46091,1.46119,1.00,1.00
2015.05.22 18:26:58.261,1.46092,1.46119,1.00,1.00
2015.05.22 18:26:58.768,1.46092,1.4612,1.00,1.00
2015.05.22 18:26:59.408,1.46088,1.46115,3.00,1.00
2015.05.22 18:26:59.714,1.46088,1.46109,1.00,1.00
2015.05.22 18:27:00.283,1.46084,1.46109,1.00,1.00
2015.05.22 18:27:00.342,1.46084,1.46114,1.00,1.00
2015.05.22 18:27:00.856,1.46083,1.46114,1.00,1.00
2015.05.22 18:27:01.379,1.46084,1.46114,1.00,1.00
2015.05.22 18:27:02.198,1.46084,1.46119,1.00,1.00
2015.05.22 18:27:02.700,1.46083,1.46119,1.00,1.50
2015.05.22 18:27:06.806,1.46082,1.46119,1.00,1.00
2015.05.22 18:27:08.166,1.46084,1.46119,1.00,1.00
2015.05.22 18:27:08.716,1.46083,1.46119,1.00,1.50
2015.05.22 18:27:13.814,1.46082,1.46119,2.25,1.50
2015.05.22 18:27:14.154,1.46084,1.46119,1.00,1.50
2015.05.22 18:27:17.281,1.46083,1.46119,1.00,1.50
2015.05.22 18:27:18.688,1.46084,1.46119,1.00,1.00
2015.05.22 18:27:26.445,1.46084,1.46116,1.00,1.00
2015.05.22 18:27:26.700,1.46082,1.46116,2.25,1.00
2015.05.22 18:27:27.052,1.46081,1.46114,1.00,1.00
2015.05.22 18:27:27.318,1.46077,1.46114,1.00,1.00
2015.05.22 18:27:27.370,1.46077,1.46112,1.00,1.00
2015.05.22 18:27:34.473,1.46083,1.46119,1.00,1.00
2015.05.22 18:27:34.983,1.46082,1.46119,1.00,1.00
2015.05.22 18:27:40.588,1.46083,1.4612,1.00,1.50
2015.05.22 18:27:40.994,1.46085,1.4612,1.00,1.50
2015.05.22 18:27:41.549,1.46085,1.46119,1.00,1.00
2015.05.22 18:27:44.093,1.46084,1.46119,1.00,1.00
2015.05.22 18:27:44.640,1.46083,1.46119,1.00,1.00
2015.05.22 18:27:44.960,1.46087,1.46119,1.00,1.00
2015.05.22 18:27:45.011,1.46083,1.46119,1.00,1.00
2015.05.22 18:27:46.192,1.46083,1.4612,1.00,1.50
2015.05.22 18:27:49.969,1.46083,1.46117,1.00,1.00
2015.05.22 18:27:50.024,1.46083,1.46119,1.50,1.50
2015.05.22 18:27:50.126,1.46082,1.46116,1.00,1.00
2015.05.22 18:27:50.456,1.4608,1.46114,1.00,1.00
2015.05.22 18:27:50.813,1.4608,1.46109,1.00,1.00
2015.05.22 18:27:51.122,1.46075,1.46111,1.00,1.00
2015.05.22 18:27:51.455,1.46075,1.46109,1.00,1.00
2015.05.22 18:27:52.427,1.46075,1.46111,1.00,1.00
2015.05.22 18:27:53.346,1.46076,1.46111,1.00,1.00
2015.05.22 18:27:53.449,1.46079,1.46114,1.00,1.50
2015.05.22 18:27:53.857,1.4608,1.46114,1.00,1.37
2015.05.22 18:27:54.010,1.46078,1.46111,1.00,1.00
2015.05.22 18:27:54.062,1.46073,1.46107,1.00,1.00
2015.05.22 18:28:01.930,1.46076,1.46111,1.00,1.00
2015.05.22 18:28:02.441,1.46075,1.46111,1.50,1.00
2015.05.22 18:28:02.796,1.46079,1.46115,1.00,1.00
2015.05.22 18:28:03.154,1.46081,1.46119,2.25,1.00
2015.05.22 18:28:12.278,1.4608,1.46115,1.00,1.00
2015.05.22 18:28:12.576,1.46081,1.46118,1.00,1.00
2015.05.22 18:28:12.696,1.46084,1.4612,1.00,1.00
2015.05.22 18:28:16.836,1.4608,1.46116,1.50,1.00
2015.05.22 18:28:17.142,1.46084,1.4612,1.00,1.00
2015.05.22 18:28:36.094,1.46081,1.46116,1.12,1.00
2015.05.22 18:28:36.401,1.4608,1.46112,1.00,1.00
2015.05.22 18:28:36.504,1.46076,1.46112,1.12,1.00
2015.05.22 18:28:36.860,1.46079,1.46114,1.00,1.00
2015.05.22 18:28:37.443,1.46076,1.46112,1.50,1.00
2015.05.22 18:28:37.494,1.46078,1.46112,1.00,1.00
2015.05.22 18:28:37.596,1.46078,1.46115,1.00,1.00
2015.05.22 18:28:38.104,1.46078,1.46116,1.00,1.12
2015.05.22 18:28:38.862,1.46078,1.46114,1.00,1.00
2015.05.22 18:28:39.506,1.46078,1.46116,1.00,1.00
2015.05.22 18:28:39.668,1.46076,1.46112,3.00,1.00
2015.05.22 18:28:40.682,1.46074,1.4611,1.00,1.00
2015.05.22 18:28:42.292,1.46076,1.46114,1.00,1.50
2015.05.22 18:28:46.794,1.46076,1.46112,1.00,1.00
2015.05.22 18:28:47.128,1.46074,1.4611,1.00,1.00
2015.05.22 18:28:47.955,1.46071,1.46107,1.87,1.00
2015.05.22 18:28:48.803,1.46075,1.46111,1.00,1.00
2015.05.22 18:28:49.665,1.46077,1.46114,1.00,1.00
2015.05.22 18:28:55.173,1.46077,1.46115,1.50,1.12
2015.05.22 18:28:55.275,1.46081,1.46117,1.00,1.37
2015.05.22 18:28:55.427,1.46081,1.46117,1.00,1.00
2015.05.22 18:29:02.134,1.46078,1.46114,1.00,1.00
2015.05.22 18:29:03.664,1.46077,1.46104,1.00,1.00
2015.05.22 18:29:03.715,1.46072,1.46104,1.37,1.00
2015.05.22 18:29:03.767,1.46072,1.46104,1.12,1.00
2015.05.22 18:29:03.971,1.4607,1.46103,1.00,1.00
2015.05.22 18:29:04.022,1.4607,1.46106,1.50,1.00
2015.05.22 18:29:21.208,1.46066,1.46101,1.00,1.00
2015.05.22 18:29:21.311,1.46064,1.461,1.87,1.00
2015.05.22 18:29:24.245,1.46064,1.46097,1.12,1.00
2015.05.22 18:29:24.347,1.46064,1.46102,1.00,1.00
2015.05.22 18:29:24.449,1.46063,1.46098,1.00,1.00
2015.05.22 18:29:24.500,1.46065,1.46101,1.00,1.00
2015.05.22 18:29:25.167,1.46066,1.46101,1.00,1.00
2015.05.22 18:29:25.928,1.46065,1.46101,1.00,1.00
2015.05.22 18:29:31.017,1.46068,1.46104,1.00,1.50
2015.05.22 18:29:32.595,1.46072,1.46108,1.00,1.37
2015.05.22 18:29:32.902,1.46075,1.46113,1.00,1.37
2015.05.22 18:29:32.953,1.46075,1.46113,1.00,1.12
2015.05.22 18:29:33.673,1.46079,1.46115,1.00,1.50
2015.05.22 18:29:34.185,1.46079,1.46114,1.00,1.00
2015.05.22 18:29:34.834,1.46079,1.46115,1.00,1.00
2015.05.22 18:29:39.046,1.46079,1.46114,1.00,1.00
2015.05.22 18:29:39.581,1.46079,1.46115,1.00,1.00
2015.05.22 18:30:02.362,1.46079,1.46115,1.00,1.87
2015.05.22 18:30:02.898,1.46077,1.46113,1.00,1.00
2015.05.22 18:30:05.241,1.4608,1.46116,1.00,1.00
2015.05.22 18:30:08.635,1.4608,1.46115,1.00,1.12
2015.05.22 18:30:08.687,1.46075,1.46113,1.50,1.00
2015.05.22 18:30:09.501,1.46076,1.46113,1.00,1.12
2015.05.22 18:30:10.172,1.46079,1.46117,1.00,1.87
2015.05.22 18:30:10.325,1.46079,1.46117,1.00,1.00
2015.05.22 18:30:11.045,1.4608,1.46117,1.00,1.00
2015.05.22 18:30:11.148,1.4608,1.46117,1.00,1.37
2015.05.22 18:30:11.447,1.46073,1.4611,1.00,1.00
2015.05.22 18:30:11.651,1.46071,1.46106,1.00,1.00
2015.05.22 18:30:11.906,1.46071,1.46108,1.00,1.00
2015.05.22 18:30:12.880,1.46071,1.46105,1.00,1.00
2015.05.22 18:30:12.932,1.46067,1.46105,1.00,1.00
2015.05.22 18:30:18.959,1.46067,1.46104,1.00,1.00
2015.05.22 18:30:19.464,1.46067,1.46105,1.50,1.00
2015.05.22 18:30:27.285,1.46066,1.461,1.50,1.00
2015.05.22 18:30:32.574,1.46067,1.46103,1.00,1.00
2015.05.22 18:30:32.626,1.46069,1.46103,1.00,1.00
2015.05.22 18:30:32.677,1.46069,1.46105,1.00,1.00
2015.05.22 18:30:33.289,1.46071,1.46105,1.00,1.00
2015.05.22 18:30:33.636,1.46071,1.46109,1.00,1.00
2015.05.22 18:30:34.195,1.46068,1.46106,1.00,1.00
2015.05.22 18:30:34.639,1.46076,1.46113,1.00,1.37
2015.05.22 18:30:35.150,1.46075,1.46113,1.00,1.37
2015.05.22 18:30:37.486,1.46075,1.46113,1.00,1.87
2015.05.22 18:30:44.730,1.46075,1.46109,1.00,1.00
2015.05.22 18:30:45.864,1.46075,1.46112,1.00,1.87
2015.05.22 18:30:47.285,1.46076,1.46113,1.00,1.75
2015.05.22 18:30:47.815,1.46075,1.46113,1.50,1.75
2015.05.22 18:30:48.300,1.46075,1.46109,1.00,1.87
2015.05.22 18:30:48.453,1.46071,1.46109,1.50,1.87
2015.05.22 18:30:48.556,1.46069,1.46105,1.00,1.37
2015.05.22 18:30:48.607,1.46066,1.461,1.12,1.87
2015.05.22 18:30:48.918,1.46062,1.461,1.00,1.37
2015.05.22 18:30:52.418,1.46062,1.461,1.00,1.37
2015.05.22 18:30:52.622,1.46065,1.461,1.00,1.37
2015.05.22 18:30:53.645,1.46065,1.461,1.00,1.00
2015.05.22 18:30:53.800,1.46067,1.46105,1.00,1.87
2015.05.22 18:30:53.851,1.46065,1.46101,2.25,1.00
2015.05.22 18:30:54.158,1.46068,1.46104,1.00,1.00
2015.05.22 18:30:54.514,1.46068,1.46101,1.00,1.00
2015.05.22 18:30:54.565,1.46068,1.46103,1.00,1.00
2015.05.22 18:30:55.378,1.4607,1.46103,1.00,1.00
2015.05.22 18:30:55.532,1.46071,1.46107,1.00,1.12
2015.05.22 18:30:56.143,1.4607,1.46105,1.00,1.00
2015.05.22 18:30:56.195,1.46071,1.46109,1.00,1.00
2015.05.22 18:30:56.247,1.46068,1.46104,1.00,1.00
2015.05.22 18:30:56.558,1.46071,1.46101,1.00,1.00
2015.05.22 18:31:00.954,1.46073,1.46111,1.00,1.37
2015.05.22 18:31:01.005,1.46074,1.46111,1.00,1.00
2015.05.22 18:31:01.259,1.46073,1.46108,1.00,1.00
2015.05.22 18:31:01.310,1.46071,1.46108,1.00,1.50
2015.05.22 18:31:01.851,1.46071,1.46107,1.00,1.00
2015.05.22 18:31:02.355,1.46071,1.46108,1.00,1.50
2015.05.22 18:31:02.844,1.46071,1.46104,1.00,1.00
2015.05.22 18:31:08.068,1.46071,1.46108,1.00,1.00
2015.05.22 18:31:08.272,1.46071,1.46105,1.00,1.00
2015.05.22 18:31:08.374,1.46071,1.46109,1.50,1.87
2015.05.22 18:31:11.842,1.46074,1.46111,1.00,1.50
2015.05.22 18:31:12.149,1.4608,1.46112,1.00,1.00
2015.05.22 18:31:12.302,1.46076,1.46112,1.00,1.00
2015.05.22 18:31:12.658,1.46081,1.46112,1.00,1.00
2015.05.22 18:31:15.274,1.4608,1.46112,1.00,1.00
2015.05.22 18:31:15.529,1.46075,1.46112,1.50,1.00
2015.05.22 18:31:15.682,1.46081,1.46112,1.00,1.00
2015.05.22 18:31:15.835,1.46076,1.46112,1.12,1.00
2015.05.22 18:31:19.154,1.46087,1.46118,1.00,1.00
2015.05.22 18:31:19.257,1.4608,1.46118,1.50,1.00
2015.05.22 18:31:19.644,1.46084,1.4612,1.00,1.00
2015.05.22 18:31:26.189,1.46085,1.4612,1.00,1.00
2015.05.22 18:31:31.112,1.46084,1.4612,1.00,1.00
2015.05.22 18:31:31.624,1.46084,1.4612,1.00,1.87
2015.05.22 18:31:34.759,1.46078,1.46114,1.37,1.37
2015.05.22 18:31:35.300,1.46077,1.46114,1.00,1.00
2015.05.22 18:31:35.402,1.4608,1.46118,1.00,1.00
2015.05.22 18:31:39.223,1.46084,1.46122,1.00,1.00
2015.05.22 18:31:39.528,1.46086,1.46122,1.50,1.00
2015.05.22 18:31:39.834,1.4608,1.46115,1.00,1.50
2015.05.22 18:31:40.139,1.46081,1.46119,1.00,1.00
2015.05.22 18:31:41.502,1.46078,1.46116,1.00,1.00
2015.05.22 18:31:41.808,1.46073,1.46109,1.00,1.00
2015.05.22 18:31:45.293,1.46076,1.46109,1.00,1.00
2015.05.22 18:31:45.723,1.46077,1.46112,1.00,1.00
2015.05.22 18:31:51.047,1.46077,1.46113,1.00,1.00
2015.05.22 18:31:59.643,1.4608,1.46118,1.00,1.37
2015.05.22 18:31:59.695,1.4608,1.46118,1.00,1.00
2015.05.22 18:32:00.221,1.46081,1.46118,1.00,1.00
2015.05.22 18:32:00.425,1.46083,1.46118,1.00,1.00
2015.05.22 18:32:00.966,1.46085,1.46118,1.00,1.00
2015.05.22 18:32:01.021,1.46085,1.46121,1.00,1.00
2015.05.22 18:32:02.489,1.46081,1.46117,1.37,1.00
2015.05.22 18:32:02.745,1.46084,1.46119,1.00,1.00
2015.05.22 18:32:02.797,1.46084,1.46119,1.00,1.37
2015.05.22 18:32:03.194,1.4608,1.46114,1.37,1.00
2015.05.22 18:32:03.245,1.46081,1.46119,1.87,1.00
2015.05.22 18:32:03.347,1.46086,1.46119,1.00,1.00
2015.05.22 18:32:04.115,1.46086,1.46122,1.87,1.00
2015.05.22 18:32:04.170,1.4609,1.46122,1.00,1.00
2015.05.22 18:32:04.271,1.46092,1.46128,1.00,1.00
2015.05.22 18:32:04.831,1.46089,1.46124,1.00,1.00
2015.05.22 18:32:04.985,1.46091,1.46128,1.00,1.00
2015.05.22 18:32:05.532,1.4609,1.46128,1.50,1.00
2015.05.22 18:32:06.893,1.4609,1.46124,1.00,1.00
2015.05.22 18:32:08.097,1.46088,1.46124,1.12,1.00
2015.05.22 18:32:09.129,1.46091,1.46129,1.00,1.50
2015.05.22 18:32:13.943,1.46092,1.46129,1.00,1.00
2015.05.22 18:32:18.026,1.46091,1.46129,1.00,1.50
2015.05.22 18:32:32.702,1.46094,1.46132,1.00,1.00
2015.05.22 18:32:33.028,1.461,1.46138,1.00,1.12
2015.05.22 18:32:35.569,1.46101,1.46138,1.00,1.00
2015.05.22 18:32:36.336,1.46104,1.4614,1.00,1.00
2015.05.22 18:32:59.977,1.46106,1.46144,1.00,1.87
2015.05.22 18:33:00.490,1.46106,1.46144,1.00,1.00
2015.05.22 18:33:00.899,1.46106,1.46144,1.87,1.00
2015.05.22 18:33:01.208,1.4611,1.46145,1.00,1.00
2015.05.22 18:33:01.259,1.4611,1.46147,1.50,1.00
2015.05.22 18:33:01.514,1.4611,1.46144,1.00,1.00
2015.05.22 18:33:01.616,1.46111,1.46147,1.00,1.00
2015.05.22 18:33:02.024,1.46107,1.46145,1.37,1.00
2015.05.22 18:33:02.305,1.46111,1.46147,1.00,1.00
2015.05.22 18:33:02.612,1.46106,1.46144,1.87,1.00
2015.05.22 18:33:03.038,1.4611,1.46145,1.00,1.00
2015.05.22 18:33:03.089,1.4611,1.46148,1.00,1.00
2015.05.22 18:33:03.624,1.46111,1.46148,1.00,1.00
2015.05.22 18:33:04.491,1.4611,1.46148,1.00,1.00
2015.05.22 18:33:06.653,1.46114,1.4615,1.00,1.00
2015.05.22 18:33:06.806,1.46116,1.46154,1.00,1.00
2015.05.22 18:33:09.623,1.46116,1.46152,1.50,1.37
2015.05.22 18:33:10.041,1.46113,1.46149,1.00,1.00
2015.05.22 18:33:17.959,1.46116,1.46152,1.00,1.00
2015.05.22 18:33:18.657,1.46111,1.46149,1.87,1.00
2015.05.22 18:33:26.631,1.46116,1.46149,1.00,1.00
2015.05.22 18:33:26.733,1.46113,1.46149,1.00,1.50
2015.05.22 18:33:26.784,1.46115,1.46149,1.00,1.00
2015.05.22 18:33:27.074,1.46114,1.46152,1.00,1.00
2015.05.22 18:33:28.028,1.46118,1.46154,1.00,1.00
2015.05.22 18:33:28.581,1.46118,1.46156,1.00,1.00
2015.05.22 18:33:28.939,1.4612,1.46156,1.00,1.00
2015.05.22 18:33:28.990,1.46121,1.46159,1.00,1.00
2015.05.22 18:33:29.498,1.46122,1.46158,1.00,1.00
2015.05.22 18:33:31.759,1.46123,1.46159,1.00,1.00
2015.05.22 18:33:31.810,1.46126,1.46164,1.00,1.00
2015.05.22 18:33:36.726,1.46126,1.46164,2.62,1.00
2015.05.22 18:33:38.982,1.46131,1.46167,1.00,1.00
2015.05.22 18:33:39.084,1.46127,1.46165,1.37,1.00
2015.05.22 18:33:49.264,1.46127,1.46165,1.12,1.00
2015.05.22 18:33:50.279,1.46125,1.46161,2.62,1.00
2015.05.22 18:33:52.013,1.46125,1.46161,1.87,1.00
2015.05.22 18:33:52.764,1.46128,1.46164,1.00,1.50
2015.05.22 18:33:52.866,1.46125,1.46162,1.37,1.00
2015.05.22 18:33:53.645,1.46125,1.46156,1.37,1.00
2015.05.22 18:33:53.697,1.4612,1.46156,1.87,1.00
2015.05.22 18:33:55.512,1.4612,1.46154,1.37,1.00
2015.05.22 18:33:55.716,1.46116,1.46152,1.37,1.00
2015.05.22 18:33:58.375,1.46117,1.46153,1.12,1.00
2015.05.22 18:33:58.528,1.46116,1.46151,1.37,1.00
2015.05.22 18:34:01.897,1.46116,1.46151,1.37,1.00
2015.05.22 18:34:02.496,1.46117,1.46153,1.37,1.00
2015.05.22 18:34:02.706,1.46119,1.46155,1.00,1.00
2015.05.22 18:34:03.755,1.46116,1.46152,1.37,1.00
2015.05.22 18:34:04.457,1.46119,1.46155,1.00,1.00
2015.05.22 18:34:04.791,1.46121,1.46155,1.00,1.00
2015.05.22 18:34:05.325,1.46123,1.46159,1.00,1.12
2015.05.22 18:34:05.427,1.46121,1.46157,1.00,1.00
2015.05.22 18:34:05.529,1.46122,1.4616,1.00,1.50
2015.05.22 18:34:06.303,1.46122,1.46159,1.00,1.00
2015.05.22 18:34:06.355,1.4612,1.46156,1.00,1.00
2015.05.22 18:34:07.003,1.46117,1.46155,1.37,1.00
2015.05.22 18:34:07.705,1.46116,1.46154,1.87,1.00
2015.05.22 18:34:08.050,1.46116,1.46147,1.12,1.00
2015.05.22 18:34:08.101,1.46106,1.46144,1.37,1.00
2015.05.22 18:34:08.152,1.46106,1.46144,1.37,1.00
2015.05.22 18:34:08.692,1.46107,1.46145,1.37,1.00
2015.05.22 18:34:08.896,1.46111,1.46147,1.00,1.00
2015.05.22 18:34:11.505,1.46108,1.46144,1.37,1.00
2015.05.22 18:34:13.000,1.46111,1.46149,1.00,1.00
2015.05.22 18:34:13.102,1.46109,1.46145,1.37,1.00
2015.05.22 18:34:14.879,1.46115,1.46149,1.00,1.00
2015.05.22 18:34:15.510,1.4611,1.46148,1.00,1.00
2015.05.22 18:34:15.722,1.46113,1.46149,1.00,1.50
2015.05.22 18:34:15.926,1.46115,1.46153,1.00,1.00
2015.05.22 18:34:17.238,1.46112,1.4615,1.00,1.00
2015.05.22 18:34:18.206,1.46115,1.46153,1.00,1.00
2015.05.22 18:34:18.747,1.46113,1.46149,1.00,1.00
2015.05.22 18:34:22.197,1.46116,1.46152,1.00,1.50
2015.05.22 18:34:22.565,1.46111,1.46147,1.00,1.00
2015.05.22 18:34:24.040,1.46111,1.46147,1.00,1.37
2015.05.22 18:34:24.346,1.46106,1.46142,1.37,1.00
2015.05.22 18:34:24.397,1.46106,1.46142,1.00,1.00
2015.05.22 18:34:25.502,1.46108,1.46144,1.00,1.00
2015.05.22 18:34:27.712,1.46112,1.46148,1.00,1.37
2015.05.22 18:34:27.814,1.46112,1.46148,1.00,1.37
2015.05.22 18:34:33.583,1.46109,1.46145,1.00,1.00
2015.05.22 18:34:33.685,1.46109,1.46147,1.00,1.12
2015.05.22 18:34:33.939,1.46109,1.46144,1.00,1.00
2015.05.22 18:34:34.245,1.46106,1.46144,1.00,1.37
2015.05.22 18:34:34.607,1.46106,1.46139,1.00,1.00
2015.05.22 18:34:36.790,1.46106,1.4614,1.00,1.00
2015.05.22 18:34:37.108,1.4611,1.4614,1.00,1.00
2015.05.22 18:34:37.160,1.4611,1.46144,1.00,1.12
2015.05.22 18:34:44.442,1.46105,1.46143,1.00,1.00
2015.05.22 18:34:46.693,1.46109,1.46143,1.00,1.12
2015.05.22 18:34:46.846,1.46105,1.46143,1.00,1.87
2015.05.22 18:34:50.623,1.46111,1.46143,1.00,1.00
2015.05.22 18:34:51.165,1.46111,1.46144,1.50,1.00
2015.05.22 18:34:59.158,1.46111,1.4614,1.00,1.00
2015.05.22 18:34:59.440,1.46105,1.4614,1.00,1.00
2015.05.22 18:34:59.593,1.46104,1.46135,1.00,1.00
2015.05.22 18:35:00.146,1.46109,1.46135,1.00,1.00
2015.05.22 18:35:00.248,1.4611,1.46142,1.00,1.00
2015.05.22 18:35:00.402,1.46114,1.46145,1.00,1.50
2015.05.22 18:35:01.416,1.46114,1.46144,1.00,1.00
2015.05.22 18:35:01.468,1.46112,1.46144,1.50,1.00
2015.05.22 18:35:04.296,1.46112,1.46145,1.50,1.00
2015.05.22 18:35:09.445,1.46108,1.46144,1.00,1.00
2015.05.22 18:35:09.496,1.46111,1.46145,1.00,1.00
2015.05.22 18:35:09.928,1.46114,1.46145,1.00,1.00
2015.05.22 18:35:10.491,1.4611,1.46145,2.25,1.00
2015.05.22 18:35:10.543,1.46115,1.46145,1.00,1.00
2015.05.22 18:35:10.594,1.46115,1.4615,1.00,1.50
2015.05.22 18:35:10.646,1.46119,1.4615,1.00,1.37
2015.05.22 18:35:10.952,1.46122,1.4615,1.00,1.00
2015.05.22 18:35:11.207,1.46119,1.4615,1.00,1.00
2015.05.22 18:35:11.735,1.4612,1.4615,1.00,1.00
2015.05.22 18:35:13.527,1.46115,1.46144,1.00,1.00
2015.05.22 18:35:13.834,1.46118,1.46144,1.00,1.00
2015.05.22 18:35:13.886,1.46113,1.46144,1.00,1.00
2015.05.22 18:35:13.937,1.46104,1.46139,1.50,1.00
2015.05.22 18:35:13.989,1.46106,1.46137,1.00,1.00
2015.05.22 18:35:14.193,1.46096,1.46132,1.12,1.00
2015.05.22 18:35:14.346,1.46098,1.46132,1.00,1.00
2015.05.22 18:35:14.649,1.461,1.46136,1.00,1.00
2015.05.22 18:35:15.108,1.46097,1.46129,1.00,1.00
2015.05.22 18:35:15.159,1.46098,1.46134,1.00,1.00
2015.05.22 18:35:15.261,1.46101,1.46137,1.00,1.00
2015.05.22 18:35:15.414,1.46096,1.46134,1.50,1.00
2015.05.22 18:35:16.222,1.46097,1.46135,1.50,1.95
2015.05.22 18:35:16.737,1.46098,1.46134,1.00,1.00
2015.05.22 18:35:17.193,1.46097,1.46131,1.00,1.00
2015.05.22 18:35:17.925,1.46096,1.46132,1.50,1.00
2015.05.22 18:35:20.267,1.46097,1.46133,1.00,1.00
2015.05.22 18:35:20.420,1.461,1.46138,1.00,1.50
2015.05.22 18:35:21.790,1.46104,1.46138,1.00,1.00
2015.05.22 18:35:28.754,1.46104,1.4614,1.00,1.00
2015.05.22 18:35:28.964,1.46101,1.46138,1.00,1.00
2015.05.22 18:35:29.848,1.46101,1.46137,1.50,1.00
2015.05.22 18:35:29.899,1.46104,1.4614,1.00,1.00
2015.05.22 18:35:30.230,1.46101,1.46135,1.00,1.00
2015.05.22 18:35:30.969,1.46101,1.46139,1.50,1.00
2015.05.22 18:35:31.411,1.46101,1.46135,1.00,1.00
2015.05.22 18:35:31.869,1.46104,1.46141,1.00,1.00
2015.05.22 18:35:31.971,1.46101,1.46137,1.00,1.00
2015.05.22 18:35:33.018,1.46101,1.46136,1.00,1.00
2015.05.22 18:35:34.097,1.461,1.46136,1.00,1.00
2015.05.22 18:35:34.799,1.46101,1.46136,1.00,1.00
2015.05.22 18:35:34.901,1.46103,1.46141,1.00,1.00
2015.05.22 18:35:34.953,1.46101,1.46134,1.00,1.00
2015.05.22 18:35:35.534,1.461,1.46137,1.00,1.00
2015.05.22 18:35:36.407,1.46099,1.46137,1.00,1.00
2015.05.22 18:35:36.510,1.46099,1.46135,1.00,1.00
2015.05.22 18:35:36.891,1.46101,1.46135,1.00,1.00
2015.05.22 18:35:36.942,1.46103,1.46139,1.00,1.50
2015.05.22 18:35:50.472,1.461,1.46136,1.00,1.00
2015.05.22 18:35:52.149,1.46094,1.46132,1.00,1.00
2015.05.22 18:35:52.255,1.46099,1.46135,1.00,1.00
2015.05.22 18:35:52.847,1.46094,1.4613,1.00,1.00
2015.05.22 18:35:54.490,1.46097,1.46135,1.00,1.00
2015.05.22 18:35:57.665,1.46095,1.46131,1.00,1.00
2015.05.22 18:35:57.972,1.46093,1.46128,1.50,1.00
2015.05.22 18:35:58.412,1.46093,1.4613,1.87,1.00
2015.05.22 18:35:58.935,1.46093,1.46131,2.62,1.00
2015.05.22 18:35:59.623,1.46096,1.46131,1.00,1.00
2015.05.22 18:36:00.082,1.46096,1.46128,1.00,1.00
2015.05.22 18:36:00.133,1.46092,1.46127,1.00,1.00
2015.05.22 18:36:00.337,1.46107,1.46128,1.00,1.00
2015.05.22 18:36:00.439,1.46101,1.46134,1.00,1.00
2015.05.22 18:36:00.592,1.46109,1.46134,1.00,1.00
2015.05.22 18:36:00.694,1.46101,1.46134,1.00,1.00
2015.05.22 18:36:00.745,1.46097,1.46133,1.00,1.00
2015.05.22 18:36:00.847,1.46099,1.46137,1.00,2.25
2015.05.22 18:36:01.186,1.46096,1.46131,1.50,1.00
2015.05.22 18:36:01.865,1.46095,1.46131,1.00,1.00
2015.05.22 18:36:03.678,1.46097,1.46134,1.00,1.00
2015.05.22 18:36:03.730,1.46095,1.46131,1.00,1.00
2015.05.22 18:36:04.036,1.46101,1.46137,1.00,1.00
2015.05.22 18:36:04.631,1.46095,1.46115,1.00,1.00
2015.05.22 18:36:04.683,1.46088,1.46115,1.00,1.00
2015.05.22 18:36:04.786,1.46084,1.46115,1.37,1.00
2015.05.22 18:36:05.042,1.46081,1.46115,1.37,1.50
2015.05.22 18:36:05.102,1.46081,1.46115,1.12,1.50
2015.05.22 18:36:05.466,1.46084,1.46115,1.00,1.00
2015.05.22 18:36:05.519,1.46084,1.4612,1.50,1.00
2015.05.22 18:36:05.622,1.46084,1.46112,1.00,1.00
2015.05.22 18:36:05.889,1.4607,1.46105,1.87,1.00
2015.05.22 18:36:05.996,1.46072,1.46107,1.00,1.00
2015.05.22 18:36:06.302,1.46076,1.46104,1.00,1.00
2015.05.22 18:36:06.659,1.46071,1.46105,1.12,1.00
2015.05.22 18:36:06.711,1.46074,1.46105,1.00,1.00
2015.05.22 18:36:06.967,1.46074,1.46107,1.00,1.00
2015.05.22 18:36:07.479,1.46074,1.46109,1.00,1.00
2015.05.22 18:36:07.747,1.46072,1.46108,1.00,1.00
2015.05.22 18:36:08.485,1.46072,1.46107,1.00,1.00
2015.05.22 18:36:09.808,1.46072,1.46105,1.00,1.00
2015.05.22 18:36:09.911,1.4607,1.46105,1.00,1.00
2015.05.22 18:36:10.013,1.46072,1.46106,1.00,1.00
2015.05.22 18:36:10.660,1.46072,1.46108,1.00,1.50
2015.05.22 18:36:11.034,1.4607,1.46105,1.00,1.00
2015.05.22 18:36:11.339,1.46067,1.46102,1.00,1.00
2015.05.22 18:36:11.848,1.4607,1.46104,1.00,1.00
2015.05.22 18:36:11.900,1.4607,1.46106,1.00,1.00
2015.05.22 18:36:11.951,1.46078,1.46109,1.00,1.00
2015.05.22 18:36:12.206,1.46074,1.46109,1.00,1.00
2015.05.22 18:36:12.640,1.46074,1.46111,1.00,1.12
2015.05.22 18:36:12.956,1.46074,1.46109,1.00,1.00
2015.05.22 18:36:14.020,1.46074,1.46111,1.00,1.00
2015.05.22 18:36:15.229,1.46074,1.4611,1.00,1.00
2015.05.22 18:36:15.677,1.46072,1.46107,1.00,1.00
2015.05.22 18:36:18.220,1.46074,1.46109,1.00,1.50
2015.05.22 18:36:20.655,1.46074,1.4611,1.00,1.00
2015.05.22 18:36:20.960,1.46067,1.46103,1.00,1.00
2015.05.22 18:36:21.705,1.46066,1.46104,1.12,1.00
2015.05.22 18:36:24.479,1.4607,1.46104,1.00,1.00
2015.05.22 18:36:27.011,1.46068,1.46103,1.00,1.00
2015.05.22 18:36:27.113,1.4607,1.46105,1.00,1.00
2015.05.22 18:36:27.648,1.46071,1.46104,1.00,1.00
2015.05.22 18:36:27.804,1.46073,1.46109,1.00,1.12
2015.05.22 18:36:28.316,1.46072,1.46109,1.00,1.00
2015.05.22 18:36:29.216,1.4607,1.46107,1.00,1.12
2015.05.22 18:36:29.522,1.46066,1.46099,1.50,1.00
2015.05.22 18:36:30.157,1.46066,1.46096,1.00,1.00
2015.05.22 18:36:30.443,1.46061,1.46096,1.50,1.00
2015.05.22 18:36:31.192,1.4606,1.46094,1.00,1.00
2015.05.22 18:36:31.395,1.46058,1.46093,1.00,1.00
2015.05.22 18:36:32.921,1.46058,1.46092,1.00,1.00
2015.05.22 18:36:35.204,1.46058,1.46091,1.00,1.00
2015.05.22 18:36:35.706,1.46058,1.4609,1.00,1.00
2015.05.22 18:36:36.540,1.46053,1.46089,1.00,1.00
2015.05.22 18:36:37.486,1.46051,1.46085,1.37,1.00
2015.05.22 18:36:37.792,1.46049,1.4608,1.00,1.00
2015.05.22 18:36:38.114,1.46049,1.46085,1.00,1.00
2015.05.22 18:36:38.458,1.46049,1.46083,1.00,1.00
2015.05.22 18:36:38.510,1.46049,1.46085,1.00,2.25
2015.05.22 18:36:38.714,1.46049,1.46083,1.00,1.00
2015.05.22 18:36:38.984,1.46045,1.46082,1.00,1.00
2015.05.22 18:36:39.533,1.46044,1.46063,1.00,1.00
2015.05.22 18:36:39.585,1.46033,1.46063,1.12,1.00
2015.05.22 18:36:39.738,1.46033,1.46068,1.12,1.00
2015.05.22 18:36:40.272,1.46033,1.46069,1.12,1.00
2015.05.22 18:36:50.251,1.46036,1.46069,1.00,1.00
2015.05.22 18:36:50.352,1.46036,1.46074,1.00,1.50
2015.05.22 18:36:50.759,1.4604,1.46075,1.00,1.00
2015.05.22 18:36:51.289,1.46037,1.46074,1.00,1.00
2015.05.22 18:36:51.748,1.46042,1.46075,1.00,1.00
2015.05.22 18:36:51.800,1.46042,1.46077,1.00,1.00
2015.05.22 18:36:53.151,1.46038,1.46074,1.00,1.00
2015.05.22 18:36:53.254,1.46042,1.46077,1.00,1.87
2015.05.22 18:36:53.458,1.46042,1.46078,1.00,1.50
2015.05.22 18:36:53.509,1.46045,1.46078,1.00,1.00
2015.05.22 18:36:53.561,1.46045,1.46081,1.00,1.00
2015.05.22 18:36:54.626,1.46049,1.46085,1.00,1.50
2015.05.22 18:36:55.032,1.46046,1.46082,1.00,1.00
2015.05.22 18:36:55.574,1.4605,1.46084,1.00,1.00
2015.05.22 18:36:55.830,1.46041,1.46078,1.00,1.00
2015.05.22 18:36:56.036,1.46045,1.46081,1.00,1.00
2015.05.22 18:36:56.801,1.46042,1.46078,1.00,1.00
2015.05.22 18:36:57.212,1.46045,1.46081,1.00,1.00
2015.05.22 18:36:58.271,1.46045,1.46079,1.00,1.00
2015.05.22 18:36:58.373,1.46047,1.46084,1.00,1.00
2015.05.22 18:36:58.628,1.46044,1.46082,1.00,1.00
2015.05.22 18:36:59.736,1.46042,1.46078,1.00,1.00
2015.05.22 18:37:00.444,1.46041,1.46079,1.50,1.00
2015.05.22 18:37:02.524,1.46044,1.46082,1.00,1.00
2015.05.22 18:37:03.032,1.46041,1.46078,1.00,1.00
2015.05.22 18:37:03.611,1.46044,1.4608,1.00,1.00
2015.05.22 18:37:04.205,1.46047,1.46084,1.00,1.12
2015.05.22 18:37:04.257,1.46045,1.46081,1.00,1.00
2015.05.22 18:37:06.265,1.46046,1.46081,1.00,1.00
2015.05.22 18:37:06.367,1.46048,1.46084,1.00,1.50
2015.05.22 18:37:07.714,1.46045,1.46081,1.50,1.00
2015.05.22 18:37:10.737,1.46047,1.46084,1.50,1.00
2015.05.22 18:37:11.258,1.46047,1.46085,1.50,1.50
2015.05.22 18:37:11.512,1.46051,1.46085,1.00,1.00
2015.05.22 18:37:12.342,1.46048,1.46084,1.00,1.00
2015.05.22 18:37:12.396,1.46036,1.46073,1.37,1.00
2015.05.22 18:37:12.447,1.46036,1.46072,1.50,1.00
2015.05.22 18:37:12.549,1.46039,1.46075,1.00,1.37
2015.05.22 18:37:12.651,1.46036,1.46073,1.00,1.00
2015.05.22 18:37:13.627,1.46036,1.46069,1.00,1.00
2015.05.22 18:37:13.679,1.46033,1.46069,1.00,1.00
2015.05.22 18:37:16.032,1.46036,1.46072,1.00,1.00
2015.05.22 18:37:16.338,1.46039,1.46075,1.00,1.00
2015.05.22 18:37:16.862,1.46035,1.46073,1.00,1.00
2015.05.22 18:37:16.914,1.46031,1.46069,1.87,1.00
2015.05.22 18:37:17.221,1.46031,1.46067,1.50,1.00
2015.05.22 18:37:17.720,1.46036,1.46072,1.00,1.50
2015.05.22 18:37:18.249,1.46036,1.46071,1.00,1.00
2015.05.22 18:37:23.393,1.46036,1.46072,1.00,1.00
2015.05.22 18:37:27.685,1.46036,1.46071,1.00,1.00
2015.05.22 18:37:35.689,1.46039,1.46071,1.00,1.00
2015.05.22 18:37:36.297,1.46036,1.46073,1.00,1.00
2015.05.22 18:37:36.349,1.46041,1.46077,1.00,1.00
2015.05.22 18:37:43.004,1.46041,1.46077,1.00,1.37
2015.05.22 18:37:43.311,1.46041,1.46074,1.00,1.00
2015.05.22 18:37:43.515,1.46041,1.46077,1.00,1.12
2015.05.22 18:37:43.567,1.46041,1.46075,1.00,1.00
2015.05.22 18:37:44.139,1.4603,1.46065,1.00,1.00
2015.05.22 18:37:44.419,1.46031,1.46067,1.00,1.00
2015.05.22 18:37:46.706,1.46031,1.46066,1.00,1.00
2015.05.22 18:37:48.488,1.46031,1.46064,1.00,1.00
2015.05.22 18:37:49.039,1.46027,1.46065,1.00,1.00
2015.05.22 18:37:49.091,1.46027,1.46064,1.00,1.37
2015.05.22 18:37:49.541,1.46013,1.46048,1.37,1.00
2015.05.22 18:37:49.979,1.46016,1.46047,1.00,1.00
2015.05.22 18:37:50.030,1.46016,1.46052,1.00,1.00
2015.05.22 18:37:50.557,1.46016,1.46053,1.00,1.50
2015.05.22 18:37:51.894,1.46016,1.46054,1.00,1.00
2015.05.22 18:37:52.238,1.46016,1.46052,1.00,1.00
2015.05.22 18:37:52.878,1.46016,1.4605,1.00,1.00
2015.05.22 18:37:53.521,1.46016,1.46049,1.00,1.00
2015.05.22 18:37:54.043,1.46015,1.46048,1.00,1.50
2015.05.22 18:37:56.632,1.46016,1.46048,1.00,1.00
2015.05.22 18:37:56.684,1.46012,1.46048,1.00,1.00
2015.05.22 18:37:56.799,1.46015,1.46048,1.00,1.00
2015.05.22 18:37:56.977,1.46012,1.46048,1.00,1.00
2015.05.22 18:37:57.203,1.46015,1.46048,1.00,1.00
2015.05.22 18:37:57.704,1.46016,1.46048,1.00,1.00
2015.05.22 18:37:59.063,1.46016,1.46052,1.50,1.00
2015.05.22 18:37:59.166,1.46018,1.46054,1.00,1.00
2015.05.22 18:37:59.494,1.4602,1.46056,1.00,1.00
2015.05.22 18:38:00.179,1.46018,1.46056,1.00,1.00
2015.05.22 18:38:03.249,1.46018,1.46055,1.00,1.00
2015.05.22 18:38:03.797,1.46018,1.46054,1.00,1.00
2015.05.22 18:38:10.341,1.46015,1.46051,1.00,1.00
2015.05.22 18:38:10.674,1.46019,1.46054,1.00,1.00
2015.05.22 18:38:11.165,1.46016,1.46052,1.00,1.37
2015.05.22 18:38:11.420,1.46009,1.46044,1.00,1.00
2015.05.22 18:38:11.880,1.46012,1.46048,1.50,1.00
2015.05.22 18:38:12.162,1.46012,1.4605,1.50,1.00
2015.05.22 18:38:17.400,1.46017,1.46053,1.00,1.00
2015.05.22 18:38:18.225,1.46021,1.46053,1.00,1.00
2015.05.22 18:38:19.923,1.46021,1.46053,1.00,1.37
2015.05.22 18:38:20.230,1.46021,1.46049,1.00,1.00
2015.05.22 18:38:21.148,1.46017,1.4605,1.00,1.37
2015.05.22 18:38:22.108,1.46017,1.46052,1.00,1.00
2015.05.22 18:38:22.394,1.46034,1.46052,1.00,1.00
2015.05.22 18:38:22.501,1.46034,1.46058,1.00,1.00
2015.05.22 18:38:22.552,1.46034,1.46053,1.00,1.00
2015.05.22 18:38:22.655,1.46034,1.46056,1.00,1.00
2015.05.22 18:38:22.808,1.46034,1.46059,1.00,1.12
2015.05.22 18:38:25.358,1.46037,1.46059,1.00,1.50
2015.05.22 18:38:27.891,1.46029,1.46059,1.00,1.50
2015.05.22 18:38:29.983,1.46029,1.46062,1.00,1.00
2015.05.22 18:38:30.647,1.46029,1.46064,1.50,1.00
2015.05.22 18:38:34.148,1.46029,1.46064,1.12,1.37
2015.05.22 18:38:34.453,1.46026,1.46059,1.75,1.00
2015.05.22 18:38:37.241,1.46023,1.46059,1.75,1.50
2015.05.22 18:38:41.363,1.46028,1.46059,1.00,1.87
2015.05.22 18:38:41.669,1.46028,1.46055,1.00,1.00
2015.05.22 18:38:41.938,1.46028,1.46059,1.00,1.50
2015.05.22 18:38:44.870,1.46028,1.46054,1.00,1.00
2015.05.22 18:38:48.870,1.46027,1.46054,1.00,1.00
2015.05.22 18:38:55.086,1.46027,1.46059,1.00,2.25
2015.05.22 18:38:55.593,1.46028,1.46059,1.00,1.50
2015.05.22 18:38:57.147,1.46028,1.46054,1.00,1.00
2015.05.22 18:38:57.367,1.46028,1.46059,1.00,1.00
2015.05.22 18:38:58.325,1.46027,1.46059,1.00,1.00
2015.05.22 18:39:01.415,1.46021,1.46059,1.75,1.00
2015.05.22 18:39:02.109,1.46021,1.46059,1.75,1.87
2015.05.22 18:39:02.437,1.46016,1.46052,1.75,1.00
2015.05.22 18:39:02.691,1.46019,1.46054,1.75,1.00
2015.05.22 18:39:03.399,1.46019,1.46055,1.75,1.50
2015.05.22 18:39:03.788,1.46019,1.46049,1.75,1.00
2015.05.22 18:39:04.411,1.46019,1.46049,1.75,1.00
2015.05.22 18:39:07.927,1.46019,1.4605,1.75,1.00
2015.05.22 18:39:08.234,1.46019,1.46047,1.75,1.00
2015.05.22 18:39:08.657,1.46013,1.46049,1.75,1.00
2015.05.22 18:39:08.998,1.46016,1.46052,1.75,1.00
2015.05.22 18:39:15.415,1.46023,1.46052,1.00,1.87
2015.05.22 18:39:15.729,1.46016,1.46052,1.75,2.25
2015.05.22 18:39:16.252,1.46013,1.46048,1.75,1.37
2015.05.22 18:39:18.797,1.46013,1.46049,1.75,2.25
2015.05.22 18:39:19.613,1.4601,1.46047,1.75,1.00
2015.05.22 18:39:19.868,1.46016,1.46054,1.75,1.37
2015.05.22 18:39:21.764,1.46016,1.46054,1.75,1.37
2015.05.22 18:39:24.729,1.46016,1.46054,1.75,1.87
2015.05.22 18:39:28.978,1.46016,1.46049,1.75,1.12
2015.05.22 18:39:29.283,1.46016,1.46054,1.75,3.00
2015.05.22 18:39:30.624,1.46016,1.46054,1.75,3.00
2015.05.22 18:39:31.998,1.4601,1.46048,1.75,1.12
2015.05.22 18:39:32.640,1.4601,1.46048,1.75,1.37
2015.05.22 18:39:33.645,1.4601,1.46048,1.75,1.37
2015.05.22 18:39:35.444,1.46014,1.4605,1.75,1.87
2015.05.22 18:39:35.546,1.46014,1.4605,1.75,1.12
2015.05.22 18:39:35.750,1.46017,1.46053,1.75,1.12
2015.05.22 18:39:36.373,1.46017,1.46053,1.75,1.37
2015.05.22 18:39:36.629,1.46017,1.46053,1.75,1.12
2015.05.22 18:39:39.482,1.46017,1.46053,1.75,1.37
2015.05.22 18:39:39.584,1.46017,1.46053,1.75,1.87
2015.05.22 18:39:40.404,1.46017,1.46053,1.75,1.87
2015.05.22 18:39:43.114,1.46012,1.4605,1.75,1.00
2015.05.22 18:39:43.636,1.46012,1.4605,1.75,1.37
2015.05.22 18:39:44.339,1.46016,1.46045,1.75,1.00
2015.05.22 18:39:44.594,1.46011,1.46047,1.75,1.00
2015.05.22 18:39:44.747,1.46011,1.46045,1.75,1.00
2015.05.22 18:39:44.900,1.46007,1.46044,1.75,1.37
2015.05.22 18:39:47.664,1.46007,1.46045,1.75,2.25
2015.05.22 18:39:47.969,1.46016,1.46036,1.00,1.00
2015.05.22 18:39:48.660,1.46016,1.4604,1.00,1.37
2015.05.22 18:39:48.966,1.46016,1.46045,1.00,3.00
2015.05.22 18:39:50.796,1.46007,1.46045,1.75,3.00
2015.05.22 18:39:52.351,1.46007,1.46044,1.75,1.37
2015.05.22 18:39:52.721,1.46007,1.46044,1.75,1.00
2015.05.22 18:39:53.275,1.46007,1.46045,1.75,1.00
2015.05.22 18:39:53.787,1.46007,1.46044,1.75,1.00
2015.05.22 18:39:54.786,1.46007,1.46045,1.75,1.50
2015.05.22 18:39:55.141,1.46007,1.46045,1.75,1.87
2015.05.22 18:39:55.244,1.46007,1.46045,1.75,1.87
2015.05.22 18:39:55.650,1.46007,1.46045,1.75,1.87
2015.05.22 18:39:56.253,1.46007,1.46045,1.75,2.25
2015.05.22 18:39:56.778,1.46006,1.46039,1.75,1.00
2015.05.22 18:39:56.880,1.46006,1.46042,1.75,1.00
2015.05.22 18:39:57.187,1.46006,1.46042,1.75,1.37
2015.05.22 18:39:57.757,1.46006,1.46039,1.75,1.00
2015.05.22 18:39:58.067,1.46006,1.46039,1.75,1.37
2015.05.22 18:39:58.376,1.45995,1.46029,1.12,1.00
2015.05.22 18:39:58.682,1.45994,1.46032,1.75,1.12
2015.05.22 18:39:58.841,1.45994,1.46032,1.75,1.37
2015.05.22 18:40:01.120,1.45994,1.46031,1.75,1.75
2015.05.22 18:40:01.353,1.45992,1.46028,2.25,1.00
2015.05.22 18:40:01.864,1.45994,1.46032,1.75,1.00
2015.05.22 18:40:02.273,1.45999,1.46035,1.75,1.00
2015.05.22 18:40:02.326,1.46004,1.4604,1.00,2.25
2015.05.22 18:40:02.861,1.46004,1.46042,1.00,1.37
2015.05.22 18:40:03.014,1.46004,1.46042,1.00,1.37
2015.05.22 18:40:03.065,1.46004,1.46039,1.00,1.00
2015.05.22 18:40:04.775,1.46004,1.46039,1.75,1.00
2015.05.22 18:40:05.390,1.46004,1.4604,1.75,1.00
2015.05.22 18:40:07.239,1.46004,1.46042,1.75,1.37
2015.05.22 18:40:07.547,1.45995,1.46033,1.75,1.37
2015.05.22 18:40:07.649,1.45995,1.46033,2.25,1.12
2015.05.22 18:40:10.457,1.45995,1.46033,1.75,1.37
2015.05.22 18:40:10.509,1.45996,1.46033,1.75,1.37
2015.05.22 18:40:10.560,1.45995,1.46033,1.75,1.37
2015.05.22 18:40:10.959,1.46,1.46033,1.00,1.37
2015.05.22 18:40:11.163,1.45996,1.46033,1.75,1.00
2015.05.22 18:40:13.351,1.45997,1.46033,1.75,1.00
2015.05.22 18:40:18.991,1.45995,1.46033,3.00,1.00
2015.05.22 18:40:27.140,1.45998,1.46033,1.75,1.00
2015.05.22 18:40:30.039,1.45998,1.46033,1.75,1.00
2015.05.22 18:40:31.210,1.45996,1.46033,1.75,1.37
2015.05.22 18:40:31.730,1.46003,1.46033,1.75,1.00
2015.05.22 18:40:33.042,1.46009,1.46037,1.00,1.00
2015.05.22 18:40:33.246,1.46006,1.46037,1.00,1.00
2015.05.22 18:40:33.933,1.46006,1.46039,1.00,1.00
2015.05.22 18:40:34.558,1.46007,1.4604,1.00,1.00
2015.05.22 18:40:34.763,1.46007,1.46043,1.00,1.00
2015.05.22 18:40:35.833,1.46007,1.4604,1.00,1.00
2015.05.22 18:40:36.357,1.46007,1.46039,1.12,1.00
2015.05.22 18:40:37.720,1.46007,1.4604,1.12,1.00
2015.05.22 18:40:38.241,1.46007,1.46039,1.12,1.00
2015.05.22 18:40:39.023,1.46007,1.4604,1.12,1.00
2015.05.22 18:40:39.330,1.4601,1.4604,1.00,1.00
2015.05.22 18:40:39.850,1.4601,1.46039,1.00,1.00
2015.05.22 18:40:45.316,1.46002,1.46034,1.75,1.00
2015.05.22 18:40:46.424,1.46002,1.46034,1.75,1.00
2015.05.22 18:40:47.084,1.45999,1.46029,1.75,1.00
2015.05.22 18:40:49.297,1.45993,1.46029,1.75,1.50
2015.05.22 18:40:51.817,1.45998,1.46029,1.00,1.50
2015.05.22 18:40:56.105,1.45993,1.46029,1.75,1.50
2015.05.22 18:41:00.980,1.45996,1.4603,1.75,1.00
2015.05.22 18:41:01.133,1.45996,1.46032,1.75,1.00
2015.05.22 18:41:02.129,1.45996,1.4603,1.75,1.00
2015.05.22 18:41:03.027,1.45996,1.46032,1.75,1.00
2015.05.22 18:41:03.820,1.45996,1.46032,1.75,1.00
2015.05.22 18:41:05.781,1.45996,1.46029,1.75,1.00
2015.05.22 18:41:05.883,1.45996,1.46032,1.75,1.00
2015.05.22 18:41:06.775,1.45996,1.46032,1.75,1.00
2015.05.22 18:41:08.350,1.45998,1.46034,1.75,1.12
2015.05.22 18:41:09.744,1.45998,1.46034,1.75,1.00
2015.05.22 18:41:16.256,1.46005,1.46034,1.00,1.00
2015.05.22 18:41:16.956,1.46005,1.46035,1.00,1.50
2015.05.22 18:41:17.272,1.46005,1.4603,1.00,1.00
2015.05.22 18:41:19.205,1.45995,1.4603,1.75,1.00
2015.05.22 18:41:24.933,1.45995,1.4603,1.75,1.00
2015.05.22 18:41:27.350,1.45995,1.4603,1.00,1.00
2015.05.22 18:41:27.401,1.45992,1.46028,1.00,1.00
2015.05.22 18:41:37.471,1.45992,1.46028,1.75,1.00
2015.05.22 18:41:48.255,1.45992,1.46028,1.75,1.00
2015.05.22 18:41:48.826,1.45995,1.46031,1.75,1.00
2015.05.22 18:41:49.438,1.45998,1.46034,1.75,1.00
2015.05.22 18:41:49.692,1.45999,1.46034,1.75,1.00
2015.05.22 18:41:51.487,1.46002,1.46038,1.75,1.00
2015.05.22 18:41:52.643,1.46002,1.46038,1.75,1.00
2015.05.22 18:41:53.703,1.46005,1.46043,1.75,1.12
2015.05.22 18:41:55.744,1.46005,1.46043,2.25,1.00
2015.05.22 18:42:00.767,1.4601,1.46044,1.75,1.00
2015.05.22 18:42:01.548,1.46013,1.46049,1.75,1.50
2015.05.22 18:42:01.650,1.4602,1.46052,1.00,1.00
2015.05.22 18:42:02.162,1.46017,1.46052,1.75,1.00
2015.05.22 18:42:02.402,1.46017,1.46049,1.75,1.00
2015.05.22 18:42:03.693,1.46017,1.46049,1.00,1.12
2015.05.22 18:42:06.613,1.46016,1.46049,1.75,1.00
2015.05.22 18:42:14.465,1.46018,1.46052,1.00,1.37
2015.05.22 18:42:14.567,1.46016,1.46052,1.00,1.37
2015.05.22 18:42:17.959,1.46016,1.46052,1.00,1.37
2015.05.22 18:42:33.191,1.46016,1.46049,1.00,1.00
2015.05.22 18:42:33.345,1.46016,1.46052,1.00,1.37
2015.05.22 18:42:34.110,1.46016,1.4605,1.00,1.00
2015.05.22 18:42:34.314,1.46016,1.46052,1.00,1.00
2015.05.22 18:42:41.028,1.46016,1.4605,1.00,1.00
2015.05.22 18:42:41.763,1.46016,1.46049,1.00,1.00
2015.05.22 18:42:42.070,1.46009,1.46044,1.37,1.00
2015.05.22 18:42:42.600,1.46009,1.46045,1.37,1.50
2015.05.22 18:42:45.051,1.46009,1.46045,1.00,1.00
2015.05.22 18:42:47.974,1.46009,1.46045,1.37,1.00
2015.05.22 18:42:50.954,1.46009,1.46045,1.12,1.00
2015.05.22 18:42:52.490,1.46012,1.46048,1.00,1.00
2015.05.22 18:43:01.469,1.46008,1.46046,1.37,1.00
2015.05.22 18:43:04.142,1.46008,1.46045,1.37,1.00
2015.05.22 18:43:04.652,1.46008,1.46046,1.37,1.00
2015.05.22 18:43:06.262,1.46008,1.46045,1.37,1.00
2015.05.22 18:43:11.450,1.46008,1.46045,1.50,1.00
2015.05.22 18:43:12.001,1.46008,1.46046,1.50,1.00
2015.05.22 18:43:12.123,1.46008,1.46044,1.50,1.00
2015.05.22 18:43:12.597,1.46008,1.46046,1.50,1.00
2015.05.22 18:43:13.402,1.46006,1.46043,1.75,1.00
2015.05.22 18:43:13.707,1.46009,1.46047,1.37,1.12
2015.05.22 18:43:14.691,1.46003,1.46038,1.00,1.00
2015.05.22 18:43:15.228,1.46003,1.46039,1.00,1.87
2015.05.22 18:43:24.586,1.46003,1.46039,1.00,1.87
2015.05.22 18:43:25.286,1.46003,1.46035,1.00,1.37
2015.05.22 18:43:25.339,1.45994,1.46025,1.00,1.00
2015.05.22 18:43:25.594,1.45994,1.46027,1.00,1.00
2015.05.22 18:43:26.103,1.45994,1.46026,1.00,1.00
2015.05.22 18:43:27.583,1.45994,1.46027,1.00,1.00
2015.05.22 18:43:27.838,1.45994,1.46024,1.00,1.00
2015.05.22 18:43:28.795,1.45994,1.46022,1.00,1.00
2015.05.22 18:43:29.805,1.45994,1.46026,1.00,1.00
2015.05.22 18:43:30.400,1.45994,1.46025,1.00,1.00
2015.05.22 18:43:31.142,1.45994,1.46027,1.00,1.00
2015.05.22 18:43:33.431,1.45994,1.46024,1.00,1.00
2015.05.22 18:43:34.067,1.45994,1.46023,1.00,1.00
2015.05.22 18:43:34.413,1.45987,1.46023,1.00,1.00
2015.05.22 18:43:35.833,1.4599,1.46023,1.00,1.00
2015.05.22 18:43:35.885,1.45986,1.46023,1.50,1.00
2015.05.22 18:43:36.513,1.45986,1.46024,1.50,1.50
2015.05.22 18:43:36.572,1.45991,1.46024,1.00,1.00
2015.05.22 18:43:38.461,1.45991,1.46025,1.00,1.00
2015.05.22 18:43:38.767,1.45991,1.46023,1.00,1.00
2015.05.22 18:43:40.490,1.45991,1.46024,1.00,1.00
2015.05.22 18:43:41.248,1.45991,1.46023,1.00,1.00
2015.05.22 18:43:43.870,1.45991,1.46025,1.00,1.00
2015.05.22 18:43:44.562,1.45991,1.46023,1.00,1.00
2015.05.22 18:43:44.864,1.45991,1.46025,1.00,1.00
2015.05.22 18:43:50.015,1.45991,1.46027,1.00,1.00
2015.05.22 18:43:52.667,1.45991,1.46026,1.00,1.00
2015.05.22 18:43:53.184,1.45988,1.46024,1.00,1.00
2015.05.22 18:43:53.285,1.45986,1.46022,1.00,1.00
2015.05.22 18:43:53.618,1.45991,1.46024,1.00,1.00
2015.05.22 18:43:54.752,1.45997,1.46024,1.00,1.00
2015.05.22 18:43:54.804,1.45997,1.46029,1.00,1.00
2015.05.22 18:43:54.906,1.45997,1.46031,1.00,1.00
2015.05.22 18:43:55.445,1.45995,1.46031,1.00,1.00
2015.05.22 18:44:01.325,1.45996,1.46031,1.00,1.00
2015.05.22 18:44:07.464,1.45995,1.46031,1.00,1.00
2015.05.22 18:44:07.566,1.45998,1.46035,1.00,1.50
2015.05.22 18:44:10.316,1.45998,1.46035,1.00,1.87
2015.05.22 18:44:15.468,1.45997,1.46033,1.00,1.00
2015.05.22 18:44:17.612,1.46005,1.46033,1.00,1.50
2015.05.22 18:44:17.892,1.46013,1.46045,1.00,1.00
2015.05.22 18:44:18.061,1.4601,1.46046,1.00,1.00
2015.05.22 18:44:18.274,1.4601,1.46043,1.00,1.00
2015.05.22 18:44:18.855,1.4601,1.46044,1.00,1.00
2015.05.22 18:44:18.957,1.46006,1.46044,1.00,1.50
2015.05.22 18:44:19.219,1.46006,1.46042,1.00,1.00
2015.05.22 18:44:19.271,1.46001,1.46039,1.37,1.00
2015.05.22 18:44:19.322,1.46007,1.46042,1.00,1.00
2015.05.22 18:44:22.276,1.46007,1.46041,1.00,1.00
2015.05.22 18:44:22.642,1.46007,1.46039,1.00,1.00
2015.05.22 18:44:23.895,1.46005,1.46039,1.00,1.00
2015.05.22 18:44:23.998,1.45999,1.46037,1.37,1.00
2015.05.22 18:44:25.853,1.46003,1.46041,1.00,1.12
2015.05.22 18:44:25.904,1.46003,1.46038,1.00,1.00
2015.05.22 18:44:26.594,1.46003,1.46039,1.00,1.12
2015.05.22 18:44:27.253,1.46003,1.46041,1.00,1.00
2015.05.22 18:44:28.252,1.46013,1.46046,1.00,1.00
2015.05.22 18:44:28.304,1.46012,1.4605,1.00,1.50
2015.05.22 18:44:28.456,1.46007,1.46042,1.00,1.00
2015.05.22 18:44:28.761,1.46014,1.46042,1.00,1.00
2015.05.22 18:44:28.863,1.46014,1.46048,1.00,1.00
2015.05.22 18:44:29.067,1.46019,1.46048,1.00,1.00
2015.05.22 18:44:29.434,1.46016,1.46048,1.00,1.00
2015.05.22 18:44:34.262,1.46012,1.46048,1.00,1.00
2015.05.22 18:44:36.337,1.46016,1.46048,1.00,1.00
2015.05.22 18:44:40.271,1.46012,1.46048,1.00,1.00
2015.05.22 18:44:41.841,1.46018,1.46048,1.00,1.00
2015.05.22 18:44:42.149,1.46024,1.46048,1.00,1.00
2015.05.22 18:44:42.200,1.46021,1.4605,1.00,1.00
2015.05.22 18:44:42.251,1.46021,1.46053,1.00,1.00
2015.05.22 18:44:42.302,1.46023,1.46053,1.00,1.00
2015.05.22 18:44:42.484,1.46017,1.46053,1.00,1.00
2015.05.22 18:44:43.467,1.46017,1.46053,1.00,1.37
2015.05.22 18:44:45.841,1.46011,1.46045,1.00,1.00
2015.05.22 18:44:45.893,1.46012,1.46048,1.00,1.00
2015.05.22 18:44:46.410,1.46012,1.46048,1.00,1.87
2015.05.22 18:44:48.243,1.46012,1.46048,1.00,1.87
2015.05.22 18:44:50.450,1.46012,1.46048,1.00,1.00
2015.05.22 18:44:51.060,1.46012,1.46048,1.50,1.37
2015.05.22 18:44:51.721,1.46012,1.46048,1.00,1.00
2015.05.22 18:44:54.766,1.46012,1.46048,1.00,1.87
2015.05.22 18:44:54.868,1.46008,1.46046,1.00,1.00
2015.05.22 18:44:55.473,1.46012,1.4605,1.00,2.62
2015.05.22 18:44:57.866,1.46016,1.4605,1.00,1.00
2015.05.22 18:44:58.072,1.46012,1.4605,1.00,1.00
2015.05.22 18:44:58.751,1.46012,1.4605,1.00,1.37
2015.05.22 18:44:59.982,1.46012,1.4605,1.00,1.12
2015.05.22 18:45:00.258,1.4601,1.46042,1.00,1.00
2015.05.22 18:45:00.565,1.46012,1.46048,1.00,1.00
2015.05.22 18:45:08.241,1.46014,1.46048,1.00,1.00
2015.05.22 18:45:08.293,1.46014,1.46052,1.50,1.12
2015.05.22 18:45:09.117,1.46014,1.46052,1.00,1.50
2015.05.22 18:45:14.646,1.46011,1.46047,1.00,1.00
2015.05.22 18:45:15.246,1.46013,1.46051,1.00,1.12
2015.05.22 18:45:17.342,1.46013,1.46051,1.00,1.50
2015.05.22 18:45:20.273,1.46013,1.46051,1.00,1.50
2015.05.22 18:45:22.234,1.46015,1.46051,1.00,1.12
2015.05.22 18:45:22.700,1.46017,1.46053,1.00,1.37
2015.05.22 18:45:24.171,1.46017,1.46053,1.00,1.00
2015.05.22 18:45:26.133,1.46017,1.46053,1.50,1.00
2015.05.22 18:45:26.506,1.46021,1.46059,1.00,1.37
2015.05.22 18:45:27.913,1.46021,1.46059,1.00,1.00
2015.05.22 18:45:35.092,1.46021,1.46059,1.00,1.37
2015.05.22 18:45:36.382,1.46021,1.46059,1.12,2.25
2015.05.22 18:45:36.484,1.46021,1.46059,1.12,2.25
2015.05.22 18:45:36.789,1.46016,1.46051,2.25,1.00
2015.05.22 18:45:37.042,1.46019,1.46054,1.50,1.00
2015.05.22 18:45:38.036,1.46019,1.46055,1.50,1.12
2015.05.22 18:45:38.142,1.46019,1.46055,1.00,1.12
2015.05.22 18:45:38.502,1.46019,1.46055,1.00,1.37
2015.05.22 18:45:38.706,1.46019,1.46055,1.00,1.50
2015.05.22 18:45:39.216,1.46019,1.46054,1.00,1.12
2015.05.22 18:45:39.420,1.46016,1.46052,1.12,1.00
2015.05.22 18:45:42.046,1.46016,1.46052,1.00,1.37
2015.05.22 18:45:42.810,1.46011,1.46049,2.62,1.00
2015.05.22 18:45:43.933,1.46012,1.46049,1.00,1.00
2015.05.22 18:45:44.491,1.46011,1.46049,2.62,1.00
2015.05.22 18:45:45.910,1.46012,1.46049,1.00,1.00
2015.05.22 18:45:46.474,1.46011,1.46049,2.62,1.00
2015.05.22 18:45:47.993,1.46012,1.46049,1.00,1.00
2015.05.22 18:45:48.910,1.46011,1.46049,2.62,1.00
2015.05.22 18:45:52.552,1.46011,1.46045,1.87,1.00
2015.05.22 18:45:52.915,1.46013,1.46051,1.00,1.87
2015.05.22 18:45:54.410,1.46013,1.46049,1.00,1.00
2015.05.22 18:45:55.011,1.46013,1.46051,1.00,1.37
2015.05.22 18:45:58.080,1.46013,1.46051,1.00,1.12
2015.05.22 18:45:58.487,1.46016,1.46048,1.00,1.00
2015.05.22 18:45:58.590,1.46013,1.46048,1.00,1.00
2015.05.22 18:45:58.872,1.46015,1.46048,1.00,1.00
2015.05.22 18:45:59.026,1.46015,1.46053,1.50,1.00
2015.05.22 18:45:59.544,1.46016,1.46053,1.00,1.12
2015.05.22 18:46:00.155,1.46015,1.46053,1.50,1.00
2015.05.22 18:46:01.005,1.46015,1.46053,1.87,1.12
2015.05.22 18:46:01.531,1.46011,1.46047,3.75,1.00
2015.05.22 18:46:01.785,1.46016,1.46052,1.87,1.12
2015.05.22 18:46:08.969,1.46011,1.46046,1.00,1.00
2015.05.22 18:46:09.499,1.46013,1.46051,1.00,1.00
2015.05.22 18:46:10.204,1.4601,1.46046,1.87,1.00
2015.05.22 18:46:10.409,1.46014,1.46052,1.00,1.50
2015.05.22 18:46:11.685,1.46014,1.46049,1.00,1.00
2015.05.22 18:46:12.348,1.46016,1.46052,1.00,1.50
2015.05.22 18:46:12.400,1.46023,1.4605,1.00,1.00
2015.05.22 18:46:12.452,1.46023,1.46053,1.37,1.00
2015.05.22 18:46:12.503,1.46037,1.46057,1.00,1.00
2015.05.22 18:46:12.605,1.46044,1.46068,1.00,1.00
2015.05.22 18:46:12.709,1.46043,1.46076,1.00,1.00
2015.05.22 18:46:12.920,1.46041,1.46076,1.00,1.00
2015.05.22 18:46:13.379,1.46036,1.46067,1.00,1.00
2015.05.22 18:46:13.665,1.46034,1.4607,1.00,1.50
2015.05.22 18:46:13.882,1.46036,1.46069,1.00,1.00
2015.05.22 18:46:13.985,1.46034,1.4607,1.87,1.00
2015.05.22 18:46:14.138,1.46039,1.4607,1.00,1.00
2015.05.22 18:46:14.649,1.4604,1.4607,1.00,1.00
2015.05.22 18:46:14.700,1.4604,1.46075,1.00,1.00
2015.05.22 18:46:15.214,1.46039,1.46075,1.00,1.00
2015.05.22 18:46:20.377,1.46037,1.46072,1.00,1.00
2015.05.22 18:46:20.963,1.46037,1.46074,1.50,1.00
2015.05.22 18:46:21.472,1.46037,1.46075,1.00,1.50
2015.05.22 18:46:22.349,1.46037,1.46074,1.50,1.00
2015.05.22 18:46:23.022,1.46036,1.46072,1.00,1.00
2015.05.22 18:46:23.524,1.46035,1.46072,1.00,1.00
2015.05.22 18:46:24.347,1.46034,1.46072,1.50,1.00
2015.05.22 18:46:26.621,1.46034,1.46069,1.50,1.00
2015.05.22 18:46:26.927,1.46034,1.46067,1.00,1.00
2015.05.22 18:46:27.543,1.46034,1.46068,1.00,1.00
2015.05.22 18:46:28.230,1.46034,1.46067,1.00,1.00
2015.05.22 18:46:29.782,1.46033,1.46065,1.12,1.00
2015.05.22 18:46:30.286,1.46033,1.46066,1.12,1.00
2015.05.22 18:46:32.421,1.46036,1.46066,1.00,1.00
2015.05.22 18:46:32.779,1.46038,1.46066,1.00,1.00
2015.05.22 18:46:32.932,1.46038,1.46069,1.00,1.00
2015.05.22 18:46:32.984,1.4604,1.46069,1.00,1.00
2015.05.22 18:46:33.290,1.4604,1.46074,1.00,1.12
2015.05.22 18:46:33.798,1.4604,1.46074,1.00,1.37
2015.05.22 18:46:35.872,1.4604,1.46074,1.50,1.87
2015.05.22 18:46:36.566,1.4604,1.46074,1.50,1.50
2015.05.22 18:46:41.091,1.46037,1.4607,1.75,1.00
2015.05.22 18:46:41.809,1.46037,1.4607,1.00,1.00
2015.05.22 18:46:43.215,1.46035,1.4607,1.00,1.00
2015.05.22 18:46:43.420,1.46038,1.4607,1.00,1.00
2015.05.22 18:46:43.704,1.46037,1.46075,1.00,1.00
2015.05.22 18:46:44.223,1.46037,1.46074,1.00,1.00
2015.05.22 18:46:44.712,1.46036,1.4607,1.00,1.00
2015.05.22 18:46:45.917,1.46036,1.46067,1.00,1.00
2015.05.22 18:46:46.465,1.46037,1.46067,1.00,1.00
2015.05.22 18:46:49.779,1.46037,1.46071,1.00,1.00
2015.05.22 18:46:49.882,1.46037,1.46068,1.00,1.00
2015.05.22 18:46:50.401,1.46038,1.46068,1.00,1.00
2015.05.22 18:46:50.847,1.46038,1.46064,1.00,1.00
2015.05.22 18:46:53.651,1.46036,1.46068,1.00,1.00
2015.05.22 18:46:54.397,1.46036,1.46069,1.00,1.00
2015.05.22 18:46:54.449,1.46039,1.46069,1.00,1.00
2015.05.22 18:46:54.883,1.46038,1.46067,1.00,1.00
2015.05.22 18:46:55.303,1.46036,1.46067,1.00,1.00
2015.05.22 18:46:57.186,1.46038,1.46067,1.00,1.00
2015.05.22 18:47:04.853,1.46038,1.4607,1.00,1.00
2015.05.22 18:47:04.955,1.46038,1.46074,1.00,1.37
2015.05.22 18:47:05.601,1.46038,1.46074,1.50,1.87
2015.05.22 18:47:05.906,1.46038,1.46072,1.00,1.00
2015.05.22 18:47:07.220,1.46039,1.46075,1.00,1.00
2015.05.22 18:47:07.526,1.46041,1.46075,1.00,1.00
2015.05.22 18:47:10.539,1.4604,1.46076,1.50,1.00
2015.05.22 18:47:10.846,1.46039,1.46074,1.12,1.50
2015.05.22 18:47:11.151,1.46042,1.46074,1.00,1.00
2015.05.22 18:47:11.202,1.46039,1.46074,1.50,1.00
2015.05.22 18:47:11.457,1.46039,1.46071,1.00,1.00
2015.05.22 18:47:11.610,1.46039,1.46074,1.50,1.00
2015.05.22 18:47:11.763,1.46039,1.46071,1.00,1.00
2015.05.22 18:47:12.452,1.46038,1.46071,1.12,1.00
2015.05.22 18:47:12.996,1.46038,1.46074,1.87,1.00
2015.05.22 18:47:13.047,1.46047,1.46076,1.00,1.00
2015.05.22 18:47:13.200,1.46046,1.46079,1.00,1.00
2015.05.22 18:47:13.252,1.4605,1.46079,1.00,1.00
2015.05.22 18:47:13.558,1.4605,1.46077,1.00,1.00
2015.05.22 18:47:17.540,1.46049,1.46077,1.00,1.00
2015.05.22 18:47:27.781,1.46049,1.46082,1.00,1.00
2015.05.22 18:47:28.412,1.4605,1.46082,1.00,1.00
2015.05.22 18:47:29.004,1.46049,1.46082,1.00,1.00
2015.05.22 18:47:30.632,1.46048,1.46082,1.00,1.00
2015.05.22 18:47:31.059,1.4605,1.46082,1.00,1.00
2015.05.22 18:47:31.589,1.4605,1.46083,1.00,1.00
2015.05.22 18:47:32.273,1.46049,1.46083,1.00,1.12
2015.05.22 18:47:32.592,1.46052,1.46083,1.00,1.00
2015.05.22 18:47:32.944,1.46054,1.46083,1.00,1.00
2015.05.22 18:47:33.609,1.46052,1.46083,1.00,1.00
2015.05.22 18:47:33.809,1.46054,1.46083,1.00,1.00
2015.05.22 18:47:34.338,1.46053,1.46083,1.00,1.00
2015.05.22 18:47:34.878,1.46054,1.46083,1.00,1.00
2015.05.22 18:47:36.030,1.46051,1.46083,1.00,1.00
2015.05.22 18:47:43.171,1.46052,1.46083,1.00,1.00
2015.05.22 18:47:45.160,1.4605,1.46083,1.00,1.00
2015.05.22 18:47:47.878,1.46051,1.46083,1.00,1.00
2015.05.22 18:47:51.049,1.46051,1.4608,1.00,1.00
2015.05.22 18:47:51.672,1.46052,1.4608,1.00,1.00
2015.05.22 18:47:52.680,1.46051,1.4608,1.00,1.00
2015.05.22 18:47:55.832,1.46051,1.46082,1.00,1.00
2015.05.22 18:48:00.859,1.46053,1.46082,1.00,1.00
2015.05.22 18:48:02.541,1.46052,1.46082,1.00,1.00
2015.05.22 18:48:03.396,1.46053,1.46082,1.00,1.00
2015.05.22 18:48:25.446,1.46053,1.46079,1.00,1.00
2015.05.22 18:48:36.064,1.46053,1.46083,1.00,1.00
2015.05.22 18:48:36.421,1.46055,1.46083,1.00,1.00
2015.05.22 18:48:41.267,1.46052,1.46083,1.00,1.00
2015.05.22 18:48:41.369,1.46045,1.46083,1.50,1.00
2015.05.22 18:48:41.928,1.46043,1.46078,1.00,1.00
2015.05.22 18:48:46.556,1.46046,1.46082,1.50,1.00
2015.05.22 18:48:46.607,1.46051,1.46082,1.00,1.00
2015.05.22 18:48:47.179,1.46045,1.46082,1.00,1.00
2015.05.22 18:48:47.434,1.46045,1.46073,1.00,1.00
2015.05.22 18:48:47.536,1.46039,1.46073,1.00,1.00
2015.05.22 18:48:47.739,1.46042,1.46073,1.00,1.00
2015.05.22 18:48:52.143,1.46042,1.46071,1.00,1.00
2015.05.22 18:48:52.296,1.46046,1.46076,1.00,1.00
2015.05.22 18:48:52.348,1.46046,1.46081,1.00,1.00
2015.05.22 18:48:52.461,1.46051,1.46081,1.00,1.00
2015.05.22 18:48:56.286,1.46052,1.46081,1.00,1.00
2015.05.22 18:48:56.338,1.46052,1.46085,1.00,1.12
2015.05.22 18:48:56.440,1.46054,1.46085,1.00,1.12
2015.05.22 18:48:56.957,1.46053,1.46085,1.00,1.00
2015.05.22 18:48:57.497,1.46053,1.46084,1.00,1.00
2015.05.22 18:48:58.108,1.46053,1.46081,1.00,1.00
2015.05.22 18:48:58.963,1.46051,1.46081,1.00,1.00
2015.05.22 18:49:08.616,1.46052,1.46081,1.00,1.00
2015.05.22 18:49:08.768,1.46052,1.46085,1.00,1.00
2015.05.22 18:49:08.870,1.46056,1.46085,1.50,1.00
2015.05.22 18:49:09.074,1.46057,1.46091,1.00,1.00
2015.05.22 18:49:09.356,1.46057,1.46089,1.00,1.37
2015.05.22 18:49:09.407,1.46053,1.46089,1.00,1.87
2015.05.22 18:49:09.459,1.46053,1.46083,1.00,1.00
2015.05.22 18:49:09.664,1.46053,1.46087,1.00,1.12
2015.05.22 18:49:10.453,1.46051,1.46082,1.00,1.00
2015.05.22 18:49:10.504,1.46051,1.46086,1.00,1.00
2015.05.22 18:49:10.658,1.46051,1.46082,1.00,1.00
2015.05.22 18:49:11.924,1.46052,1.46082,1.00,1.00
2015.05.22 18:49:12.472,1.4605,1.46082,1.00,1.00
2015.05.22 18:49:13.687,1.46051,1.46082,1.00,1.00
2015.05.22 18:49:14.230,1.46052,1.46082,1.00,1.00
2015.05.22 18:49:14.785,1.4605,1.46082,1.00,1.00
2015.05.22 18:49:16.214,1.46051,1.46082,1.00,1.00
2015.05.22 18:49:16.768,1.4605,1.46082,1.00,1.00
2015.05.22 18:49:20.528,1.46052,1.46082,1.00,1.00
2015.05.22 18:49:23.381,1.46051,1.46082,1.00,1.00
2015.05.22 18:49:27.508,1.46049,1.46082,1.00,1.00
2015.05.22 18:49:30.456,1.46049,1.46085,1.50,1.50
2015.05.22 18:49:30.977,1.4605,1.46085,1.00,1.50
2015.05.22 18:49:33.390,1.46051,1.46085,1.00,1.50
2015.05.22 18:49:33.902,1.46052,1.46085,1.00,1.50
2015.05.22 18:49:34.698,1.46051,1.46085,1.00,1.50
2015.05.22 18:49:35.459,1.46052,1.46085,1.00,1.50
2015.05.22 18:49:45.940,1.46052,1.46085,1.00,1.87
2015.05.22 18:49:46.641,1.46052,1.46084,1.00,1.00
2015.05.22 18:49:47.346,1.46052,1.46085,1.00,1.87
2015.05.22 18:49:48.036,1.46052,1.46082,1.00,1.00
2015.05.22 18:49:48.647,1.4605,1.46082,1.00,1.00
2015.05.22 18:49:48.699,1.4605,1.46078,1.00,1.00
2015.05.22 18:49:50.304,1.4605,1.46082,1.00,1.00
2015.05.22 18:49:51.615,1.4605,1.46082,1.00,1.37
2015.05.22 18:49:55.618,1.46051,1.4608,1.00,1.00
2015.05.22 18:49:55.669,1.46051,1.46077,1.00,1.00
2015.05.22 18:49:55.720,1.46049,1.46077,1.00,1.00
2015.05.22 18:49:56.267,1.46048,1.46077,1.00,1.00
2015.05.22 18:49:56.808,1.46047,1.46077,1.00,1.00
2015.05.22 18:50:00.210,1.46047,1.4608,1.00,1.00
2015.05.22 18:50:00.885,1.46052,1.46082,1.00,1.00
2015.05.22 18:50:01.191,1.46052,1.4608,1.00,1.00
2015.05.22 18:50:01.295,1.46046,1.4608,1.00,1.00
2015.05.22 18:50:01.730,1.46059,1.46079,1.00,1.00
2015.05.22 18:50:02.248,1.46059,1.46082,1.00,1.50
2015.05.22 18:50:02.350,1.46059,1.46079,1.00,1.00
2015.05.22 18:50:02.747,1.46059,1.46081,1.00,1.00
2015.05.22 18:50:02.951,1.46059,1.46078,1.00,1.00
2015.05.22 18:50:03.105,1.46059,1.46083,1.00,1.12
2015.05.22 18:50:03.461,1.46059,1.46085,1.00,1.00
2015.05.22 18:50:03.923,1.46059,1.46082,1.00,1.00
2015.05.22 18:50:04.780,1.46046,1.46082,1.75,1.00
2015.05.22 18:50:04.984,1.46049,1.46087,1.75,1.87
2015.05.22 18:50:07.729,1.46049,1.46085,1.75,1.00
2015.05.22 18:50:08.126,1.46048,1.46083,1.75,1.00
2015.05.22 18:50:08.431,1.46048,1.4608,1.75,1.00
2015.05.22 18:50:08.483,1.46048,1.46084,1.75,1.00
2015.05.22 18:50:08.902,1.46044,1.46074,2.25,1.00
2015.05.22 18:50:09.458,1.46046,1.46081,1.75,1.00
2015.05.22 18:50:10.706,1.46053,1.46081,1.00,1.00
2015.05.22 18:50:11.681,1.46053,1.46072,1.00,1.00
2015.05.22 18:50:11.988,1.46053,1.46066,1.00,1.00
2015.05.22 18:50:12.090,1.46053,1.46069,1.00,1.50
2015.05.22 18:50:12.192,1.46053,1.46067,1.00,1.00
2015.05.22 18:50:12.294,1.46033,1.46067,1.75,1.00
2015.05.22 18:50:12.805,1.46029,1.46065,2.25,1.00
2015.05.22 18:50:17.167,1.46034,1.46069,1.75,1.00
2015.05.22 18:50:17.704,1.46033,1.4607,1.75,1.00
2015.05.22 18:50:17.871,1.46031,1.46067,1.75,1.00
2015.05.22 18:50:18.392,1.46029,1.46067,1.75,1.00
2015.05.22 18:50:21.267,1.46029,1.46067,2.25,1.00
2015.05.22 18:50:23.320,1.46029,1.46063,1.75,1.00
2015.05.22 18:50:23.828,1.46025,1.46062,1.75,1.00
2015.05.22 18:50:24.484,1.46025,1.46063,1.75,1.50
2015.05.22 18:50:26.410,1.46032,1.4606,1.12,1.00
2015.05.22 18:50:27.207,1.46025,1.4606,1.75,1.00
2015.05.22 18:50:28.960,1.46025,1.46061,1.75,1.12
2015.05.22 18:50:30.146,1.46025,1.46061,1.75,1.37
2015.05.22 18:50:30.842,1.46025,1.46061,1.75,1.00
2015.05.22 18:50:31.279,1.46023,1.46061,1.00,1.00
2015.05.22 18:50:31.863,1.46021,1.46056,1.00,1.00
2015.05.22 18:50:32.602,1.46023,1.46059,1.00,1.00
2015.05.22 18:50:32.808,1.46018,1.46043,1.00,1.00
2015.05.22 18:50:33.014,1.4601,1.46044,1.00,1.00
2015.05.22 18:50:33.065,1.46011,1.46048,1.00,1.00
2015.05.22 18:50:33.372,1.46016,1.46049,1.00,1.00
2015.05.22 18:50:33.577,1.46016,1.46051,1.00,1.00
2015.05.22 18:50:33.837,1.46012,1.46042,1.00,1.00
2015.05.22 18:50:33.892,1.46006,1.46044,1.37,2.25
2015.05.22 18:50:34.199,1.46006,1.46042,1.37,1.00
2015.05.22 18:50:34.665,1.46006,1.46034,1.00,1.00
2015.05.22 18:50:34.717,1.46004,1.46034,1.00,1.00
2015.05.22 18:50:34.768,1.46001,1.46034,1.00,1.00
2015.05.22 18:50:34.870,1.46004,1.46035,1.00,1.00
2015.05.22 18:50:35.181,1.46,1.46033,1.00,1.00
2015.05.22 18:50:35.240,1.46,1.46028,1.00,1.00
2015.05.22 18:50:36.846,1.46005,1.46033,1.37,1.00
2015.05.22 18:50:36.897,1.46005,1.46039,2.62,1.00
2015.05.22 18:50:36.949,1.46014,1.46038,1.00,1.00
2015.05.22 18:50:37.102,1.46011,1.46047,1.00,1.00
2015.05.22 18:50:37.357,1.46007,1.46044,1.00,1.00
2015.05.22 18:50:37.408,1.46007,1.46042,1.00,1.00
2015.05.22 18:50:37.510,1.46006,1.46044,1.50,1.50
2015.05.22 18:50:38.070,1.46004,1.46032,1.87,1.00
2015.05.22 18:50:38.172,1.46001,1.46032,1.00,1.00
2015.05.22 18:50:38.601,1.46001,1.46034,1.50,1.00
2015.05.22 18:50:38.855,1.46001,1.46032,1.50,1.00
2015.05.22 18:50:39.171,1.46001,1.46034,1.50,1.00
2015.05.22 18:50:40.169,1.45997,1.46033,1.00,1.00
2015.05.22 18:50:42.159,1.46,1.46034,1.00,1.00
2015.05.22 18:50:42.465,1.46,1.46036,1.75,1.50
2015.05.22 18:50:48.217,1.46001,1.46036,1.75,1.50
2015.05.22 18:50:49.218,1.45997,1.46033,2.25,1.00
2015.05.22 18:50:50.349,1.46001,1.46031,1.75,1.00
2015.05.22 18:50:50.719,1.46001,1.46034,1.75,1.00
2015.05.22 18:50:53.429,1.46002,1.46037,1.75,1.00
2015.05.22 18:50:53.633,1.46001,1.46033,1.75,1.00
2015.05.22 18:50:53.685,1.46002,1.46038,1.75,1.50
2015.05.22 18:50:59.363,1.46005,1.46038,1.00,1.00
2015.05.22 18:51:00.212,1.46005,1.46033,1.00,1.00
2015.05.22 18:51:00.417,1.46005,1.46036,1.00,1.00
2015.05.22 18:51:02.297,1.46,1.46036,1.75,1.00
2015.05.22 18:51:05.279,1.46007,1.46036,1.00,1.00
2015.05.22 18:51:08.238,1.46,1.46036,1.75,1.00
2015.05.22 18:51:09.652,1.46003,1.46039,1.75,1.50
2015.05.22 18:51:09.754,1.46,1.46036,1.75,1.00
2015.05.22 18:51:10.354,1.46002,1.46039,1.75,1.00
2015.05.22 18:51:10.457,1.46001,1.46037,1.75,1.00
2015.05.22 18:51:10.762,1.46001,1.46034,1.75,1.00
2015.05.22 18:51:11.360,1.46001,1.46034,1.75,1.00
2015.05.22 18:51:14.285,1.46001,1.46034,1.75,1.00
2015.05.22 18:51:14.561,1.45997,1.46028,1.12,1.00
2015.05.22 18:51:14.868,1.45985,1.46017,3.00,1.00
2015.05.22 18:51:15.536,1.45981,1.46017,2.25,1.00
2015.05.22 18:51:16.955,1.45983,1.46021,1.75,1.00
2015.05.22 18:51:17.108,1.45988,1.46024,1.50,1.00
2015.05.22 18:51:17.211,1.45986,1.46022,1.75,1.00
2015.05.22 18:51:17.760,1.45986,1.46021,1.75,1.00
2015.05.22 18:51:18.256,1.45986,1.46018,1.75,1.00
2015.05.22 18:51:21.590,1.45988,1.46018,1.00,1.50
2015.05.22 18:51:22.144,1.45992,1.46018,1.00,1.50
2015.05.22 18:51:24.659,1.45993,1.46018,1.00,1.00
2015.05.22 18:51:26.959,1.45993,1.46021,1.00,1.50
2015.05.22 18:51:27.761,1.46002,1.46021,1.00,1.00
2015.05.22 18:51:27.813,1.46002,1.46024,1.00,1.50
2015.05.22 18:51:30.470,1.46002,1.46025,1.00,1.00
2015.05.22 18:51:30.573,1.45997,1.46025,1.00,1.00
2015.05.22 18:51:31.719,1.45997,1.46024,1.00,1.00
2015.05.22 18:51:38.631,1.45996,1.46026,1.00,1.50
2015.05.22 18:51:38.682,1.45996,1.46023,1.00,1.00
2015.05.22 18:51:38.784,1.45996,1.46025,1.00,1.00
2015.05.22 18:51:38.990,1.45996,1.46023,1.00,1.00
2015.05.22 18:51:39.401,1.45996,1.46021,1.00,1.00
2015.05.22 18:51:40.262,1.45996,1.4602,1.00,1.00
2015.05.22 18:51:40.773,1.45996,1.46019,1.00,1.00
2015.05.22 18:51:41.170,1.45996,1.46017,1.00,1.50
2015.05.22 18:51:41.509,1.45996,1.46015,1.00,1.00
2015.05.22 18:51:41.713,1.45981,1.46014,1.75,1.00
2015.05.22 18:51:44.210,1.45981,1.46016,1.75,1.00
2015.05.22 18:51:44.713,1.45981,1.46015,1.75,1.50
2015.05.22 18:51:46.849,1.45981,1.46016,1.75,1.00
2015.05.22 18:51:47.379,1.45981,1.46017,1.75,1.00
2015.05.22 18:51:51.915,1.45984,1.4602,1.75,2.25
2015.05.22 18:51:52.529,1.4598,1.46014,1.75,1.37
2015.05.22 18:51:52.862,1.45971,1.45996,1.00,1.00
2015.05.22 18:51:53.372,1.45971,1.45997,1.00,1.00
2015.05.22 18:51:53.730,1.45971,1.45999,1.00,1.50
2015.05.22 18:51:54.275,1.45971,1.45998,1.00,1.00
2015.05.22 18:51:55.788,1.45972,1.45998,1.00,1.00
2015.05.22 18:51:56.437,1.45972,1.45999,1.00,1.50
2015.05.22 18:52:02.397,1.45972,1.45998,1.00,1.00
2015.05.22 18:52:02.666,1.45972,1.46001,1.00,1.00
2015.05.22 18:52:02.769,1.45972,1.46003,1.00,1.50
2015.05.22 18:52:04.374,1.45979,1.46003,1.00,1.50
2015.05.22 18:52:07.147,1.45979,1.45994,1.00,1.00
2015.05.22 18:52:07.249,1.45972,1.45996,1.00,1.00
2015.05.22 18:52:07.692,1.45972,1.4599,1.00,1.00
2015.05.22 18:52:10.177,1.45969,1.4599,1.00,1.00
2015.05.22 18:52:10.685,1.45969,1.45989,1.00,1.00
2015.05.22 18:52:14.776,1.45969,1.45984,1.00,1.00
2015.05.22 18:52:14.930,1.45969,1.45986,1.00,1.00
2015.05.22 18:52:14.982,1.45969,1.45992,1.00,1.00
2015.05.22 18:52:15.338,1.45969,1.4599,1.00,1.00
2015.05.22 18:52:15.440,1.45969,1.45994,1.00,1.00
2015.05.22 18:52:15.986,1.45969,1.45995,1.00,1.87
2015.05.22 18:52:16.241,1.45971,1.45995,1.00,1.87
2015.05.22 18:52:16.735,1.45971,1.45993,1.00,1.00
2015.05.22 18:52:17.449,1.45971,1.45991,1.00,1.00
2015.05.22 18:52:21.928,1.45971,1.45994,1.00,1.50
2015.05.22 18:52:29.230,1.45972,1.45994,1.00,1.50
2015.05.22 18:52:33.256,1.45972,1.45993,1.00,1.00
2015.05.22 18:52:34.447,1.45976,1.46007,1.00,1.12
2015.05.22 18:52:34.703,1.45976,1.46005,1.00,1.00
2015.05.22 18:52:34.921,1.45971,1.46006,1.00,1.12
2015.05.22 18:52:35.985,1.4597,1.46006,1.50,1.12
2015.05.22 18:52:37.464,1.4597,1.46004,1.00,1.00
2015.05.22 18:52:37.972,1.4598,1.46009,1.00,1.00
2015.05.22 18:52:38.352,1.45977,1.46009,1.00,1.00
2015.05.22 18:52:38.858,1.45977,1.46015,1.00,1.50
2015.05.22 18:52:39.279,1.45981,1.46015,1.00,1.50
2015.05.22 18:52:39.611,1.45972,1.4601,1.37,1.00
2015.05.22 18:52:40.019,1.45973,1.46009,1.75,1.00
2015.05.22 18:52:40.526,1.45973,1.46008,1.75,1.00
2015.05.22 18:52:42.377,1.45975,1.46009,1.75,1.12
2015.05.22 18:52:43.124,1.45972,1.46006,2.25,1.00
2015.05.22 18:52:43.431,1.45966,1.46004,1.75,1.87
2015.05.22 18:52:43.737,1.45964,1.46,1.75,1.00
2015.05.22 18:52:45.173,1.45964,1.46,1.50,1.00
2015.05.22 18:52:45.377,1.45967,1.46003,1.12,1.50
2015.05.22 18:52:46.847,1.45971,1.46004,1.00,1.12
2015.05.22 18:52:47.001,1.45973,1.46009,1.00,1.00
2015.05.22 18:52:47.791,1.45975,1.46012,1.00,1.37
2015.05.22 18:52:51.495,1.45973,1.46009,1.75,1.00
2015.05.22 18:52:54.173,1.45976,1.46009,1.00,1.00
2015.05.22 18:52:57.163,1.45973,1.46009,1.75,1.87
2015.05.22 18:52:58.743,1.45971,1.46006,1.75,1.00
2015.05.22 18:52:58.845,1.45975,1.46011,1.12,1.00
2015.05.22 18:52:58.947,1.45971,1.46007,1.75,1.00
2015.05.22 18:52:59.050,1.45973,1.46011,1.75,1.00
2015.05.22 18:53:00.124,1.45976,1.46011,1.00,1.50
2015.05.22 18:53:01.752,1.45976,1.46012,1.50,1.00
2015.05.22 18:53:03.043,1.45976,1.46011,1.50,1.00
2015.05.22 18:53:04.286,1.45976,1.46014,1.50,1.50
2015.05.22 18:53:05.020,1.45976,1.46013,1.50,1.00
2015.05.22 18:53:05.684,1.45976,1.46014,1.50,2.25
2015.05.22 18:53:07.079,1.45976,1.46013,1.00,1.12
2015.05.22 18:53:09.649,1.45975,1.46011,1.00,1.00
2015.05.22 18:53:10.192,1.4597,1.46008,2.25,1.00
2015.05.22 18:53:12.178,1.4597,1.46008,2.25,1.00
2015.05.22 18:53:16.008,1.45966,1.46004,2.25,1.00
2015.05.22 18:53:16.353,1.45971,1.46004,1.75,1.00
2015.05.22 18:53:16.803,1.4597,1.46006,1.75,1.00
2015.05.22 18:53:22.136,1.4597,1.46006,1.75,1.00
2015.05.22 18:53:22.920,1.45967,1.46003,1.75,1.00
2015.05.22 18:53:23.692,1.45966,1.46,2.25,1.00
2015.05.22 18:53:25.124,1.45966,1.46,1.75,1.00
2015.05.22 18:53:25.384,1.45967,1.46005,1.75,1.00
2015.05.22 18:53:25.436,1.45966,1.46002,1.75,1.00
2015.05.22 18:53:26.200,1.45968,1.46006,1.75,1.00
2015.05.22 18:53:26.353,1.45965,1.46002,3.00,1.00
2015.05.22 18:53:28.370,1.45965,1.46002,3.00,1.00
2015.05.22 18:53:30.916,1.45968,1.46004,1.75,1.00
2015.05.22 18:53:33.467,1.45971,1.46001,1.75,1.00
2015.05.22 18:53:39.118,1.45975,1.46001,1.00,1.00
2015.05.22 18:53:41.235,1.45975,1.46,1.00,1.00
2015.05.22 18:53:41.337,1.45975,1.46003,1.00,1.00
2015.05.22 18:53:42.052,1.45977,1.46003,1.00,1.00
2015.05.22 18:53:42.103,1.45977,1.46007,1.00,1.00
2015.05.22 18:53:42.255,1.45977,1.46004,1.00,1.00
2015.05.22 18:53:44.993,1.4597,1.46004,1.75,1.00
2015.05.22 18:53:45.214,1.4597,1.46004,1.00,1.00
2015.05.22 18:53:47.183,1.45966,1.46004,2.62,1.00
2015.05.22 18:53:51.390,1.4597,1.46004,1.75,1.00
2015.05.22 18:53:52.585,1.4597,1.46003,1.75,1.00
2015.05.22 18:53:53.871,1.45976,1.46007,1.50,1.00
2015.05.22 18:53:53.922,1.45976,1.4601,1.50,1.00
2015.05.22 18:53:54.451,1.45976,1.4601,1.00,1.00
2015.05.22 18:53:54.963,1.45974,1.4601,1.50,1.50
2015.05.22 18:53:57.345,1.45974,1.4601,1.00,1.50
2015.05.22 18:53:59.271,1.45971,1.46006,1.00,1.00
2015.05.22 18:53:59.832,1.4597,1.46006,1.00,1.00
2015.05.22 18:54:02.766,1.45967,1.46003,1.75,1.00
2015.05.22 18:54:03.362,1.45967,1.46003,1.50,1.00
2015.05.22 18:54:05.343,1.45971,1.46003,1.00,1.00
2015.05.22 18:54:05.445,1.45967,1.46003,1.50,1.00
2015.05.22 18:54:05.598,1.4597,1.46006,1.00,1.00
2015.05.22 18:54:06.116,1.45971,1.46006,1.00,1.00
2015.05.22 18:54:06.507,1.45973,1.46009,1.00,1.50
2015.05.22 18:54:09.690,1.45976,1.46012,1.00,1.00
2015.05.22 18:54:10.341,1.45976,1.46011,1.00,1.00
2015.05.22 18:54:12.003,1.45973,1.46009,1.00,1.00
2015.05.22 18:54:14.926,1.45973,1.46009,1.75,1.00
2015.05.22 18:54:15.028,1.45976,1.46011,1.12,1.00
2015.05.22 18:54:15.536,1.45976,1.46012,1.87,1.00
2015.05.22 18:54:16.695,1.45982,1.46018,1.00,1.50
2015.05.22 18:54:25.835,1.45982,1.46017,1.00,1.00
2015.05.22 18:54:26.377,1.45979,1.46015,1.50,1.50
2015.05.22 18:54:27.222,1.45981,1.46015,1.00,1.00
2015.05.22 18:54:27.629,1.45981,1.46015,1.75,1.00
2015.05.22 18:54:32.767,1.45979,1.46014,1.75,1.00
2015.05.22 18:54:33.268,1.45976,1.46013,1.75,1.00
2015.05.22 18:54:34.462,1.45976,1.46013,1.75,1.00
2015.05.22 18:54:36.205,1.45979,1.46014,1.50,1.00
2015.05.22 18:54:36.257,1.45979,1.46016,1.50,1.00
2015.05.22 18:54:38.465,1.45979,1.46015,1.50,1.00
2015.05.22 18:54:38.772,1.45979,1.46017,1.50,1.00
2015.05.22 18:54:38.977,1.45984,1.46018,1.00,1.00
2015.05.22 18:54:39.079,1.4598,1.46016,1.00,1.00
2015.05.22 18:54:39.614,1.45981,1.46017,1.00,1.00
2015.05.22 18:54:40.331,1.45984,1.46018,1.00,1.00
2015.05.22 18:54:40.382,1.45979,1.46017,1.00,1.00
2015.05.22 18:54:40.648,1.45983,1.46014,1.00,1.50
2015.05.22 18:54:41.176,1.45982,1.46016,1.00,1.00
2015.05.22 18:54:41.228,1.45976,1.46014,1.00,1.00
2015.05.22 18:54:41.636,1.45976,1.46009,1.00,1.00
2015.05.22 18:54:41.942,1.45975,1.46005,1.00,1.00
2015.05.22 18:54:43.833,1.45971,1.46005,1.12,1.00
2015.05.22 18:54:47.157,1.45971,1.46007,1.00,1.00
2015.05.22 18:54:49.047,1.45976,1.46007,1.00,1.50
2015.05.22 18:54:49.222,1.45971,1.46007,1.00,1.50
2015.05.22 18:54:50.541,1.45975,1.46007,1.00,1.50
2015.05.22 18:54:54.660,1.45975,1.46009,1.00,1.00
2015.05.22 18:54:55.629,1.45976,1.46009,1.00,1.00
2015.05.22 18:54:55.681,1.45976,1.46013,1.00,1.00
2015.05.22 18:54:55.733,1.45976,1.46008,1.00,1.00
2015.05.22 18:54:55.835,1.45975,1.46013,1.50,1.50
2015.05.22 18:54:58.800,1.45975,1.46012,1.50,1.00
2015.05.22 18:55:00.431,1.45975,1.46011,1.50,1.00
2015.05.22 18:55:00.976,1.45976,1.46011,1.00,1.00
2015.05.22 18:55:02.644,1.45976,1.4601,1.00,1.00
2015.05.22 18:55:05.935,1.45976,1.46012,1.00,1.00
2015.05.22 18:55:09.912,1.45976,1.46011,1.00,1.00
2015.05.22 18:55:11.310,1.45977,1.46011,1.00,1.00
2015.05.22 18:55:11.361,1.45977,1.46013,1.00,1.50
2015.05.22 18:55:11.463,1.45979,1.46014,1.00,1.00
2015.05.22 18:55:17.592,1.45979,1.46012,1.00,1.00
2015.05.22 18:55:18.253,1.45979,1.46011,1.00,1.00
2015.05.22 18:55:19.045,1.45979,1.46012,1.00,1.00
2015.05.22 18:55:19.582,1.45981,1.46012,1.00,1.00
2015.05.22 18:55:20.552,1.45981,1.46014,1.00,1.00
2015.05.22 18:55:21.613,1.45979,1.46014,1.00,1.00
2015.05.22 18:55:22.222,1.45984,1.46015,1.00,1.50
2015.05.22 18:55:22.273,1.45986,1.46018,1.00,1.00
2015.05.22 18:55:22.426,1.45985,1.46016,1.00,1.00
2015.05.22 18:55:22.477,1.45982,1.46016,1.00,1.00
2015.05.22 18:55:23.523,1.45982,1.46014,1.00,1.00
2015.05.22 18:55:24.039,1.45981,1.46014,1.00,1.00
2015.05.22 18:55:26.132,1.45982,1.46014,1.00,1.00
2015.05.22 18:55:26.909,1.45981,1.46014,1.00,1.00
2015.05.22 18:55:31.839,1.45979,1.46014,1.00,1.00
2015.05.22 18:55:31.942,1.45982,1.46016,1.00,1.50
2015.05.22 18:55:31.994,1.45978,1.46014,1.00,1.00
2015.05.22 18:55:32.855,1.45982,1.46018,1.00,1.50
2015.05.22 18:55:36.699,1.45982,1.46018,1.00,1.87
2015.05.22 18:55:39.973,1.45979,1.46015,1.50,1.00
2015.05.22 18:55:40.024,1.45981,1.46018,1.50,1.37
2015.05.22 18:55:40.362,1.45981,1.46019,1.50,1.00
2015.05.22 18:55:41.575,1.45984,1.46022,1.00,1.87
2015.05.22 18:55:45.323,1.45986,1.46022,1.00,1.87
2015.05.22 18:55:45.583,1.45984,1.46022,1.00,1.50
2015.05.22 18:55:45.997,1.45981,1.46019,1.00,1.00
2015.05.22 18:55:46.637,1.45986,1.46022,1.00,1.50
2015.05.22 18:55:47.089,1.4599,1.46026,1.00,1.50
2015.05.22 18:55:47.440,1.45992,1.46026,1.00,1.00
2015.05.22 18:55:47.994,1.45991,1.46026,1.00,1.00
2015.05.22 18:55:50.057,1.4599,1.46026,1.00,1.00
2015.05.22 18:55:53.463,1.45992,1.46028,1.00,1.37
2015.05.22 18:55:53.998,1.45992,1.46028,1.00,1.00
2015.05.22 18:55:54.306,1.45989,1.46023,1.00,1.00
2015.05.22 18:55:54.810,1.45988,1.46023,1.00,1.00
2015.05.22 18:56:03.190,1.45985,1.46023,1.00,1.50
2015.05.22 18:56:03.628,1.45986,1.46021,1.00,1.00
2015.05.22 18:56:04.157,1.45986,1.4602,1.00,1.00
2015.05.22 18:56:04.671,1.45986,1.46021,1.00,1.00
2015.05.22 18:56:07.374,1.45986,1.4602,1.00,1.00
2015.05.22 18:56:07.477,1.45986,1.46023,2.25,1.00
2015.05.22 18:56:07.528,1.4599,1.46023,1.00,1.00
2015.05.22 18:56:07.936,1.45993,1.46024,1.00,1.00
2015.05.22 18:56:09.431,1.45993,1.46025,1.00,1.00
2015.05.22 18:56:13.976,1.45994,1.46025,1.00,1.00
2015.05.22 18:56:14.027,1.4599,1.46025,1.00,1.00
2015.05.22 18:56:14.182,1.45993,1.46025,1.00,1.00
2015.05.22 18:56:14.284,1.45991,1.46025,1.00,1.00
2015.05.22 18:56:14.509,1.45994,1.46025,1.00,1.00
2015.05.22 18:56:15.028,1.45993,1.46025,1.00,1.00
2015.05.22 18:56:16.135,1.45991,1.46025,1.00,1.00
2015.05.22 18:56:16.288,1.45993,1.46025,1.00,1.00
2015.05.22 18:56:16.340,1.4599,1.46025,1.00,1.00
2015.05.22 18:56:16.391,1.45991,1.46028,1.00,1.00
2015.05.22 18:56:16.442,1.45993,1.46029,1.00,1.12
2015.05.22 18:56:17.387,1.45993,1.46025,1.00,1.00
2015.05.22 18:56:17.902,1.45991,1.46025,1.00,1.00
2015.05.22 18:56:17.954,1.45993,1.46027,1.00,1.00
2015.05.22 18:56:18.470,1.45994,1.46027,1.00,1.00
2015.05.22 18:56:19.556,1.45994,1.46025,1.00,1.00
2015.05.22 18:56:19.761,1.45991,1.46025,1.00,1.00
2015.05.22 18:56:19.812,1.45994,1.46025,1.00,1.00
2015.05.22 18:56:20.363,1.45997,1.46028,1.00,1.00
2015.05.22 18:56:20.466,1.45997,1.46032,1.00,1.00
2015.05.22 18:56:21.009,1.45997,1.46033,1.00,1.00
2015.05.22 18:56:21.448,1.46001,1.46035,1.00,1.00
2015.05.22 18:56:21.652,1.46001,1.46037,1.00,1.00
2015.05.22 18:56:22.547,1.46003,1.46041,1.00,1.12
2015.05.22 18:56:22.650,1.46003,1.46039,1.00,1.00
2015.05.22 18:56:26.907,1.46003,1.46041,1.00,1.37
2015.05.22 18:56:27.443,1.46003,1.46039,1.00,1.50
2015.05.22 18:56:28.249,1.46001,1.46037,1.00,1.00
2015.05.22 18:56:28.665,1.46001,1.46034,1.00,1.00
2015.05.22 18:56:28.902,1.46001,1.46037,1.00,1.00
2015.05.22 18:56:29.055,1.46003,1.46039,1.00,1.00
2015.05.22 18:56:29.910,1.46003,1.4604,1.00,1.50
2015.05.22 18:56:39.689,1.46003,1.46041,1.00,1.87
2015.05.22 18:56:39.995,1.46005,1.46041,1.00,1.37
2015.05.22 18:56:40.525,1.46014,1.46041,1.00,1.00
2015.05.22 18:56:40.577,1.46014,1.46044,1.00,1.00
2015.05.22 18:56:40.833,1.46014,1.46049,1.00,1.50
2015.05.22 18:56:40.987,1.4601,1.46046,1.00,1.00
2015.05.22 18:56:43.155,1.46013,1.46049,1.00,1.50
2015.05.22 18:56:43.622,1.46013,1.46051,1.00,1.00
2015.05.22 18:56:50.806,1.46018,1.46054,1.00,1.87
2015.05.22 18:56:53.787,1.46015,1.46051,1.50,1.00
2015.05.22 18:56:54.327,1.46016,1.46052,1.00,1.87
2015.05.22 18:56:59.271,1.46013,1.46049,1.00,1.12
2015.05.22 18:57:00.375,1.46012,1.46048,1.00,1.87
2015.05.22 18:57:00.628,1.46012,1.46047,1.00,1.37
2015.05.22 18:57:00.978,1.46012,1.46048,1.00,1.00
2015.05.22 18:57:01.081,1.46016,1.4605,1.00,1.00
2015.05.22 18:57:02.474,1.46016,1.46048,1.00,1.00
2015.05.22 18:57:02.577,1.46016,1.4605,1.00,1.00
2015.05.22 18:57:02.680,1.46016,1.46052,1.00,1.50
2015.05.22 18:57:02.885,1.46016,1.46049,1.00,1.00
2015.05.22 18:57:04.899,1.46016,1.46052,1.00,1.87
2015.05.22 18:57:05.440,1.46016,1.4605,1.00,1.00
2015.05.22 18:57:05.900,1.46011,1.46047,1.00,1.00
2015.05.22 18:57:07.851,1.46014,1.46049,1.00,1.00
2015.05.22 18:57:10.814,1.46014,1.46052,1.00,1.37
2015.05.22 18:57:11.812,1.46014,1.4605,1.00,1.00
2015.05.22 18:57:12.127,1.46014,1.46052,1.00,1.12
2015.05.22 18:57:14.346,1.46014,1.46051,1.00,1.00
2015.05.22 18:57:15.006,1.46011,1.46049,1.50,1.00
2015.05.22 18:57:17.063,1.46011,1.46049,1.00,1.87
2015.05.22 18:57:17.223,1.46011,1.46049,1.00,1.87
2015.05.22 18:57:23.570,1.46011,1.46049,1.00,1.37
2015.05.22 18:57:26.184,1.46011,1.46049,1.00,2.62
2015.05.22 18:57:27.075,1.46009,1.46047,1.00,1.00
2015.05.22 18:57:27.126,1.46013,1.46049,1.00,1.37
2015.05.22 18:57:27.381,1.46009,1.46045,1.00,1.00
2015.05.22 18:57:27.738,1.46014,1.46044,1.00,1.00
2015.05.22 18:57:27.891,1.46014,1.46047,1.00,1.12
2015.05.22 18:57:28.245,1.46014,1.46049,1.00,1.00
2015.05.22 18:57:28.758,1.46015,1.46049,1.00,1.00
2015.05.22 18:57:30.496,1.46015,1.4605,1.00,1.00
2015.05.22 18:57:30.658,1.46017,1.46053,1.00,1.00
2015.05.22 18:57:31.212,1.46017,1.46054,1.00,2.25
2015.05.22 18:57:32.279,1.46017,1.46052,1.00,1.00
2015.05.22 18:57:32.522,1.46014,1.4605,1.00,1.00
2015.05.22 18:57:32.828,1.46011,1.46047,1.12,1.00
2015.05.22 18:57:33.580,1.46015,1.46049,1.00,1.00
2015.05.22 18:57:33.890,1.46015,1.46044,1.00,1.00
2015.05.22 18:57:33.943,1.46012,1.46044,1.50,1.00
2015.05.22 18:57:34.150,1.46012,1.46048,1.50,1.00
2015.05.22 18:57:35.071,1.46014,1.4605,1.00,1.50
2015.05.22 18:57:35.407,1.46011,1.46048,1.00,1.00
2015.05.22 18:57:35.944,1.4601,1.46048,1.50,1.00
2015.05.22 18:57:36.453,1.46009,1.46047,1.00,1.00
2015.05.22 18:57:38.776,1.46006,1.46042,1.50,1.00
2015.05.22 18:57:38.980,1.46008,1.46046,1.50,1.00
2015.05.22 18:57:39.031,1.4601,1.46046,1.00,1.00
2015.05.22 18:57:39.533,1.46011,1.46046,1.00,1.00
2015.05.22 18:57:40.253,1.4601,1.46046,1.00,1.00
2015.05.22 18:57:41.242,1.46008,1.46046,1.00,1.87
2015.05.22 18:57:41.502,1.46008,1.46039,1.00,1.00
2015.05.22 18:57:41.808,1.46007,1.46043,1.00,1.50
2015.05.22 18:57:42.339,1.46004,1.4604,1.00,1.00
2015.05.22 18:57:47.216,1.46001,1.46036,1.00,1.00
2015.05.22 18:57:47.724,1.46,1.46036,1.50,1.00
2015.05.22 18:57:48.247,1.45999,1.46032,1.00,1.00
2015.05.22 18:57:48.298,1.45999,1.46035,1.00,1.00
2015.05.22 18:57:50.141,1.46002,1.46038,1.00,1.12
2015.05.22 18:57:50.505,1.45999,1.46035,1.00,1.00
2015.05.22 18:57:52.209,1.46,1.46035,1.00,1.00
2015.05.22 18:57:52.764,1.45999,1.46035,1.50,1.00
2015.05.22 18:57:53.997,1.46001,1.46039,1.50,1.00
2015.05.22 18:57:54.303,1.46003,1.46039,1.00,1.00
2015.05.22 18:57:54.945,1.46002,1.46039,1.00,1.00
2015.05.22 18:57:55.553,1.46001,1.46039,2.25,1.00
2015.05.22 18:57:56.519,1.46007,1.46041,1.00,1.12
2015.05.22 18:57:57.039,1.46006,1.46041,1.00,1.12
2015.05.22 18:57:57.415,1.46005,1.46039,1.50,1.00
2015.05.22 18:57:57.961,1.46004,1.4604,1.00,1.00
2015.05.22 18:57:58.670,1.46007,1.46043,1.00,1.00
2015.05.22 18:57:58.722,1.46003,1.46041,1.50,1.00
2015.05.22 18:57:58.876,1.46003,1.46039,1.00,1.00
2015.05.22 18:57:59.184,1.46002,1.46036,1.00,1.00
2015.05.22 18:57:59.499,1.46002,1.46038,1.00,1.12
2015.05.22 18:58:03.304,1.46001,1.46035,1.00,1.00
2015.05.22 18:58:04.842,1.45999,1.46035,1.00,1.00
2015.05.22 18:58:05.878,1.45999,1.46026,1.00,1.00
2015.05.22 18:58:05.932,1.45991,1.46026,1.00,1.50
2015.05.22 18:58:05.983,1.45993,1.46031,1.50,1.00
2015.05.22 18:58:06.088,1.45995,1.46031,1.00,1.00
2015.05.22 18:58:06.139,1.45997,1.46035,1.00,1.00
2015.05.22 18:58:06.636,1.45995,1.46031,2.25,1.00
2015.05.22 18:58:06.940,1.45998,1.46034,1.00,1.00
2015.05.22 18:58:08.093,1.45997,1.46035,1.00,1.00
2015.05.22 18:58:08.607,1.45998,1.46035,1.00,1.00
2015.05.22 18:58:09.016,1.46001,1.46037,1.00,1.00
2015.05.22 18:58:09.385,1.45998,1.46033,1.00,1.00
2015.05.22 18:58:09.698,1.46001,1.46036,1.00,1.00
2015.05.22 18:58:12.983,1.46,1.46036,1.00,1.00
2015.05.22 18:58:13.660,1.46001,1.46033,1.00,1.00
2015.05.22 18:58:13.712,1.45996,1.4603,1.00,1.00
2015.05.22 18:58:14.414,1.45996,1.46033,1.00,1.00
2015.05.22 18:58:14.466,1.45999,1.46033,1.00,1.00
2015.05.22 18:58:14.619,1.46001,1.46037,1.00,1.00
2015.05.22 18:58:16.875,1.46001,1.46036,1.00,1.00
2015.05.22 18:58:17.419,1.46,1.46036,1.50,1.00
2015.05.22 18:58:17.987,1.46,1.46038,1.50,1.37
2015.05.22 18:58:18.275,1.46,1.46033,1.00,1.00
2015.05.22 18:58:18.631,1.45998,1.46033,1.00,1.00
2015.05.22 18:58:19.141,1.45997,1.46033,1.00,1.00
2015.05.22 18:58:19.693,1.45998,1.46033,1.00,1.00
2015.05.22 18:58:20.211,1.45999,1.46033,1.50,1.00
2015.05.22 18:58:20.262,1.46009,1.46037,1.00,1.00
2015.05.22 18:58:20.466,1.46013,1.46045,1.00,1.12
2015.05.22 18:58:20.620,1.46009,1.46045,1.00,1.12
2015.05.22 18:58:22.943,1.46009,1.46045,1.50,1.37
2015.05.22 18:58:22.995,1.46005,1.46039,1.00,1.00
2015.05.22 18:58:23.287,1.4601,1.46045,1.00,1.00
2015.05.22 18:58:23.796,1.46013,1.46049,1.00,1.37
2015.05.22 18:58:24.051,1.46009,1.46045,2.25,1.00
2015.05.22 18:58:24.616,1.46009,1.46044,1.00,1.00
2015.05.22 18:58:24.946,1.46009,1.46047,1.00,1.00
2015.05.22 18:58:25.075,1.46009,1.46045,1.00,1.00
2015.05.22 18:58:27.690,1.46006,1.46042,2.25,1.00
2015.05.22 18:58:27.995,1.46009,1.46044,1.00,1.00
2015.05.22 18:58:28.803,1.46009,1.46045,1.00,1.00
2015.05.22 18:58:29.472,1.46012,1.46048,1.50,1.00
2015.05.22 18:58:29.790,1.46015,1.46046,1.00,1.00
2015.05.22 18:58:29.841,1.46011,1.46046,1.00,1.00
2015.05.22 18:58:32.272,1.46015,1.46053,1.00,1.00
2015.05.22 18:58:32.527,1.46015,1.4605,1.00,1.00
2015.05.22 18:58:32.965,1.46013,1.46049,1.00,1.00
2015.05.22 18:58:33.708,1.4602,1.46054,1.00,1.00
2015.05.22 18:58:33.964,1.46023,1.46059,1.00,1.87
2015.05.22 18:58:35.258,1.46018,1.46056,1.50,1.00
2015.05.22 18:58:35.802,1.46018,1.46055,1.50,1.00
2015.05.22 18:58:36.361,1.46019,1.46054,1.00,1.00
2015.05.22 18:58:36.413,1.4602,1.46056,1.00,1.00
2015.05.22 18:58:36.917,1.46021,1.46059,1.00,1.00
2015.05.22 18:58:37.274,1.46021,1.46057,1.00,1.00
2015.05.22 18:58:38.525,1.4602,1.46057,1.00,1.00
2015.05.22 18:58:39.100,1.4602,1.46057,1.00,1.37
2015.05.22 18:58:39.824,1.4602,1.46057,1.00,1.00
2015.05.22 18:58:43.985,1.46017,1.46052,1.00,1.00
2015.05.22 18:58:45.452,1.46019,1.46054,1.00,1.00
2015.05.22 18:58:45.955,1.4602,1.46057,1.00,1.00
2015.05.22 18:58:52.912,1.46024,1.4606,1.00,2.62
2015.05.22 18:58:53.067,1.46024,1.4606,1.00,1.50
2015.05.22 18:58:57.130,1.46022,1.46057,1.00,1.00
2015.05.22 18:59:00.524,1.46024,1.46062,1.00,1.12
2015.05.22 18:59:00.576,1.46022,1.46057,1.12,1.00
2015.05.22 18:59:00.730,1.46027,1.46064,1.37,1.12
2015.05.22 18:59:00.933,1.46033,1.46064,1.00,1.12
2015.05.22 18:59:02.030,1.46025,1.46061,1.00,1.00
2015.05.22 18:59:02.132,1.46027,1.46063,1.00,1.50
2015.05.22 18:59:02.438,1.46025,1.46061,1.00,1.00
2015.05.22 18:59:02.745,1.46027,1.46063,1.00,1.00
2015.05.22 18:59:03.055,1.46024,1.46054,1.00,1.00
2015.05.22 18:59:03.157,1.46022,1.46054,1.00,1.00
2015.05.22 18:59:03.444,1.4602,1.46043,1.00,1.00
2015.05.22 18:59:03.700,1.46014,1.46044,1.37,1.00
2015.05.22 18:59:03.854,1.46017,1.46048,1.00,1.00
2015.05.22 18:59:04.366,1.46017,1.46049,1.00,1.00
2015.05.22 18:59:04.520,1.46017,1.46053,1.00,1.00
2015.05.22 18:59:04.571,1.46017,1.46051,1.00,1.00
2015.05.22 18:59:04.895,1.46021,1.46059,1.50,1.50
2015.05.22 18:59:04.946,1.46023,1.46059,1.00,1.00
2015.05.22 18:59:05.587,1.46024,1.46059,1.00,1.00
2015.05.22 18:59:06.200,1.46025,1.46062,1.00,1.00
2015.05.22 18:59:06.251,1.46025,1.46062,1.87,1.00
2015.05.22 18:59:06.639,1.46034,1.46068,1.00,1.00
2015.05.22 18:59:06.743,1.46031,1.46067,1.87,1.00
2015.05.22 18:59:06.998,1.46032,1.46069,1.00,1.50
2015.05.22 18:59:09.354,1.46035,1.46063,1.00,1.00
2015.05.22 18:59:09.405,1.46031,1.46063,1.00,1.00
2015.05.22 18:59:09.508,1.46026,1.46063,1.00,1.00
2015.05.22 18:59:09.559,1.46024,1.4606,1.00,1.00
2015.05.22 18:59:10.410,1.46022,1.4606,1.50,1.00
2015.05.22 18:59:10.566,1.46028,1.46064,1.00,1.50
2015.05.22 18:59:10.960,1.4603,1.46064,1.00,1.00
2015.05.22 18:59:11.565,1.46028,1.46064,1.50,1.50
2015.05.22 18:59:15.195,1.46028,1.46064,1.37,1.00
2015.05.22 18:59:16.683,1.46031,1.46064,1.00,1.00
2015.05.22 18:59:17.385,1.46031,1.46067,1.00,1.00
2015.05.22 18:59:17.436,1.4603,1.46063,1.00,1.00
2015.05.22 18:59:17.702,1.4603,1.46067,1.00,1.00
2015.05.22 18:59:20.370,1.46029,1.46067,1.00,1.00
2015.05.22 18:59:30.280,1.46027,1.46063,1.12,1.00
2015.05.22 18:59:30.484,1.4603,1.46067,1.00,1.00
2015.05.22 18:59:30.791,1.46026,1.46064,1.00,1.00
2015.05.22 18:59:32.104,1.46026,1.46061,1.00,1.12
2015.05.22 18:59:32.440,1.46021,1.46055,1.00,1.00
2015.05.22 18:59:32.492,1.46022,1.46058,1.00,1.00
2015.05.22 18:59:33.018,1.46023,1.46059,1.00,1.00
2015.05.22 18:59:37.047,1.46025,1.46059,1.00,1.00
2015.05.22 18:59:37.769,1.46023,1.46059,1.00,1.50
2015.05.22 18:59:38.024,1.4602,1.46058,1.50,1.00
2015.05.22 18:59:39.156,1.46025,1.4606,1.00,1.00
2015.05.22 18:59:39.259,1.46019,1.46057,1.87,1.00
2015.05.22 18:59:39.666,1.46023,1.4606,1.00,1.00
2015.05.22 18:59:39.768,1.4602,1.46058,1.00,1.00
2015.05.22 18:59:39.972,1.46018,1.46054,1.50,1.00
2015.05.22 18:59:40.278,1.46015,1.46051,1.50,1.00
2015.05.22 18:59:40.812,1.46016,1.46051,1.00,1.00
2015.05.22 18:59:41.177,1.46018,1.46056,1.00,1.37
2015.05.22 18:59:41.631,1.46016,1.46052,1.50,1.12
2015.05.22 18:59:42.941,1.46019,1.46056,1.00,1.37
2015.05.22 18:59:43.247,1.46022,1.46058,1.00,1.12
2015.05.22 18:59:43.552,1.46025,1.4606,1.00,1.37
2015.05.22 18:59:43.705,1.46028,1.46064,1.00,1.50
2015.05.22 18:59:43.756,1.46035,1.46064,1.00,1.00
2015.05.22 18:59:44.371,1.46039,1.46064,1.00,1.00
2015.05.22 18:59:44.422,1.46039,1.46071,1.00,1.00
2015.05.22 18:59:44.575,1.46041,1.46071,1.00,1.00
2015.05.22 18:59:44.627,1.46041,1.46076,1.00,1.00
2015.05.22 18:59:44.678,1.46042,1.4608,1.00,3.37
2015.05.22 18:59:44.984,1.46048,1.46084,1.00,1.12
2015.05.22 18:59:45.290,1.46054,1.46088,1.00,1.00
2015.05.22 18:59:45.664,1.46055,1.46091,1.00,1.37
2015.05.22 18:59:46.204,1.46055,1.46091,1.50,1.00
2015.05.22 18:59:51.194,1.46058,1.46094,1.00,1.00
2015.05.22 18:59:51.618,1.46055,1.46091,1.00,1.00
2015.05.22 18:59:51.937,1.46057,1.46091,1.00,1.00
2015.05.22 18:59:52.039,1.46061,1.46097,1.00,3.00
2015.05.22 18:59:52.091,1.46057,1.46093,1.50,1.00
2015.05.22 18:59:53.654,1.46055,1.46089,1.00,1.00
2015.05.22 18:59:54.011,1.46057,1.46093,1.00,1.50
2015.05.22 18:59:54.169,1.46057,1.46091,1.00,1.00
2015.05.22 18:59:54.221,1.46052,1.46087,1.00,1.00
2015.05.22 18:59:54.325,1.46049,1.46087,1.00,1.12
2015.05.22 18:59:54.376,1.46049,1.46085,1.00,1.00
2015.05.22 18:59:54.681,1.46048,1.46083,1.00,1.00
2015.05.22 18:59:55.460,1.46047,1.46083,1.00,1.00
