2018.03.28 09:00:00.132,1.34554,1.34567,1.19,1.00
2018.03.28 09:00:00.448,1.34562,1.34571,1.00,1.00
2018.03.28 09:00:00.501,1.34562,1.34575,1.00,1.00
2018.03.28 09:00:01.003,1.34563,1.34574,1.00,1.00
2018.03.28 09:00:01.560,1.34564,1.34575,1.00,1.00
2018.03.28 09:00:01.612,1.34563,1.34572,1.00,1.00
2018.03.28 09:00:01.765,1.34562,1.34575,1.00,1.00
2018.03.28 09:00:02.268,1.34563,1.34575,1.00,1.00
2018.03.28 09:00:02.370,1.34562,1.34573,1.00,1.00
2018.03.28 09:00:02.599,1.34559,1.34571,1.00,1.00
2018.03.28 09:00:03.275,1.3456,1.34571,1.00,1.00
2018.03.28 09:00:03.645,1.34558,1.34571,1.00,1.00
2018.03.28 09:00:03.939,1.3456,1.34571,1.00,1.00
2018.03.28 09:00:03.991,1.3456,1.34573,1.00,1.00
2018.03.28 09:00:04.042,1.34562,1.34573,1.00,1.00
2018.03.28 09:00:04.477,1.34565,1.34574,1.00,1.00
2018.03.28 09:00:04.629,1.34559,1.34572,1.00,1.00
2018.03.28 09:00:05.028,1.34562,1.34572,1.00,1.00
2018.03.28 09:00:05.282,1.34561,1.34575,1.00,1.00
2018.03.28 09:00:05.783,1.34562,1.34575,1.00,1.00
2018.03.28 09:00:05.887,1.3456,1.34573,1.00,1.00
2018.03.28 09:00:06.196,1.34563,1.34577,1.25,1.00
2018.03.28 09:00:06.299,1.34563,1.34575,1.00,1.00
2018.03.28 09:00:06.517,1.3456,1.34575,1.19,1.00
2018.03.28 09:00:06.569,1.34559,1.34572,1.00,1.00
2018.03.28 09:00:07.068,1.34557,1.34572,1.69,1.00
2018.03.28 09:00:08.830,1.34556,1.3457,1.00,1.00
2018.03.28 09:00:09.156,1.3456,1.34572,1.00,1.00
2018.03.28 09:00:09.408,1.3456,1.34574,1.00,1.00
2018.03.28 09:00:11.286,1.34559,1.34574,1.00,1.00
2018.03.28 09:00:11.662,1.34559,1.34572,1.00,1.00
2018.03.28 09:00:11.894,1.34556,1.34572,1.00,1.00
2018.03.28 09:00:11.945,1.34553,1.34572,1.00,1.00
2018.03.28 09:00:11.998,1.34552,1.34566,1.25,1.00
2018.03.28 09:00:12.051,1.3455,1.34566,1.69,1.00
2018.03.28 09:00:12.103,1.34552,1.34565,1.25,1.00
2018.03.28 09:00:12.155,1.34553,1.34567,1.00,1.00
2018.03.28 09:00:14.462,1.34552,1.34567,1.25,1.00
2018.03.28 09:00:14.989,1.34552,1.34566,1.25,1.00
2018.03.28 09:00:15.504,1.34551,1.34565,1.00,1.00
2018.03.28 09:00:16.028,1.3455,1.34563,1.00,1.00
2018.03.28 09:00:16.563,1.34551,1.34564,1.00,1.00
2018.03.28 09:00:16.772,1.34549,1.34564,1.00,1.00
2018.03.28 09:00:16.824,1.34551,1.34564,1.00,1.00
2018.03.28 09:00:17.716,1.34548,1.34563,1.19,1.00
2018.03.28 09:00:17.768,1.34553,1.34563,1.25,1.00
2018.03.28 09:00:17.921,1.34559,1.34575,1.00,1.00
2018.03.28 09:00:17.972,1.34557,1.34572,1.00,1.00
2018.03.28 09:00:18.296,1.34564,1.34575,1.25,1.00
2018.03.28 09:00:18.398,1.34562,1.34575,1.25,1.00
2018.03.28 09:00:18.655,1.3456,1.34579,1.19,1.50
2018.03.28 09:00:18.757,1.34564,1.34579,1.00,1.00
2018.03.28 09:00:18.857,1.34561,1.34579,1.19,1.00
2018.03.28 09:00:19.372,1.34561,1.34578,1.19,1.00
2018.03.28 09:00:19.756,1.34566,1.34578,1.00,1.00
2018.03.28 09:00:19.808,1.34566,1.34582,1.00,1.00
2018.03.28 09:00:20.015,1.34563,1.34582,1.00,1.25
2018.03.28 09:00:20.068,1.34561,1.3458,1.00,1.00
2018.03.28 09:00:20.377,1.3456,1.34578,1.19,1.00
2018.03.28 09:00:20.925,1.34562,1.34578,1.00,1.00
2018.03.28 09:00:21.410,1.3456,1.34578,1.00,1.00
2018.03.28 09:00:21.938,1.3456,1.34577,1.00,1.00
2018.03.28 09:00:22.273,1.34562,1.34577,1.00,1.00
2018.03.28 09:00:22.324,1.3456,1.34578,1.00,1.00
2018.03.28 09:00:22.527,1.34562,1.34578,1.00,1.00
2018.03.28 09:00:22.909,1.34562,1.3458,1.00,1.00
2018.03.28 09:00:23.114,1.34562,1.34578,1.00,1.00
2018.03.28 09:00:23.429,1.3456,1.34577,1.25,1.00
2018.03.28 09:00:23.480,1.3456,1.3458,1.25,1.00
2018.03.28 09:00:24.013,1.34562,1.34579,1.00,1.00
2018.03.28 09:00:24.220,1.34562,1.34581,1.00,1.69
2018.03.28 09:00:24.761,1.34562,1.3458,1.00,1.00
2018.03.28 09:00:24.990,1.34562,1.34578,1.00,1.00
2018.03.28 09:00:25.300,1.34562,1.3458,1.00,1.00
2018.03.28 09:00:25.506,1.34561,1.34577,1.19,1.00
2018.03.28 09:00:25.987,1.3456,1.34576,1.00,1.00
2018.03.28 09:00:26.192,1.3456,1.34578,1.00,1.00
2018.03.28 09:00:26.243,1.3456,1.34576,1.00,1.00
2018.03.28 09:00:26.346,1.34558,1.34576,1.00,1.00
2018.03.28 09:00:26.450,1.34555,1.34574,1.50,1.00
2018.03.28 09:00:26.794,1.34557,1.34574,1.00,1.00
2018.03.28 09:00:27.349,1.34556,1.34574,1.00,1.00
2018.03.28 09:00:27.905,1.34558,1.34574,1.00,1.00
2018.03.28 09:00:28.198,1.34559,1.34576,1.00,1.00
2018.03.28 09:00:28.508,1.34557,1.34576,1.00,1.50
2018.03.28 09:00:28.561,1.34557,1.34573,1.00,1.00
2018.03.28 09:00:28.614,1.34555,1.34573,1.00,1.00
2018.03.28 09:00:28.819,1.34557,1.34573,1.00,1.00
2018.03.28 09:00:29.321,1.34554,1.34572,1.25,1.00
2018.03.28 09:00:29.374,1.34551,1.34568,1.25,1.00
2018.03.28 09:00:29.924,1.3455,1.34568,1.00,1.25
2018.03.28 09:00:30.654,1.34551,1.34568,1.00,1.00
2018.03.28 09:00:31.274,1.34551,1.34567,1.00,1.00
2018.03.28 09:00:31.702,1.34558,1.34571,1.00,1.00
2018.03.28 09:00:31.754,1.34558,1.34574,1.00,1.00
2018.03.28 09:00:31.806,1.34559,1.34576,1.31,1.00
2018.03.28 09:00:31.961,1.34563,1.34577,1.00,1.00
2018.03.28 09:00:32.116,1.34559,1.34579,2.06,1.00
2018.03.28 09:00:32.350,1.34563,1.34579,1.69,1.00
2018.03.28 09:00:32.852,1.34564,1.34578,1.00,1.00
2018.03.28 09:00:33.058,1.34566,1.34581,1.00,1.00
2018.03.28 09:00:33.263,1.34569,1.34581,1.00,1.00
2018.03.28 09:00:33.389,1.34567,1.34581,1.00,1.00
2018.03.28 09:00:33.493,1.34567,1.34584,1.00,1.00
2018.03.28 09:00:33.596,1.3457,1.34583,1.00,1.00
2018.03.28 09:00:33.700,1.34567,1.34583,1.00,1.00
2018.03.28 09:00:33.803,1.34565,1.34583,1.50,1.00
2018.03.28 09:00:34.067,1.34562,1.3458,2.44,1.00
2018.03.28 09:00:38.090,1.34562,1.34581,2.44,1.00
2018.03.28 09:00:38.298,1.34562,1.34581,1.50,1.00
2018.03.28 09:00:38.605,1.34562,1.34579,1.50,1.00
2018.03.28 09:00:39.229,1.34562,1.34577,1.50,1.00
2018.03.28 09:00:40.364,1.34561,1.34577,1.12,1.00
2018.03.28 09:00:40.672,1.34569,1.34583,1.25,1.00
2018.03.28 09:00:42.365,1.3457,1.34583,1.00,1.00
2018.03.28 09:00:43.257,1.3457,1.34586,1.00,1.00
2018.03.28 09:00:43.531,1.3457,1.34583,1.00,1.00
2018.03.28 09:00:44.303,1.34569,1.34583,1.25,1.00
2018.03.28 09:00:46.201,1.34571,1.34583,1.00,1.00
2018.03.28 09:00:47.532,1.3457,1.34583,1.00,1.00
2018.03.28 09:00:47.957,1.34573,1.34587,1.00,1.00
2018.03.28 09:00:48.486,1.34573,1.34586,1.00,1.00
2018.03.28 09:00:48.996,1.3457,1.34586,1.19,1.00
2018.03.28 09:00:49.509,1.34571,1.34586,1.25,1.00
2018.03.28 09:00:49.614,1.34573,1.34586,1.00,1.00
2018.03.28 09:00:49.666,1.34571,1.34586,1.00,1.00
2018.03.28 09:00:50.085,1.34569,1.34586,1.87,1.00
2018.03.28 09:00:50.383,1.34572,1.34587,1.00,1.00
2018.03.28 09:00:50.551,1.3457,1.34587,1.00,1.00
2018.03.28 09:00:51.178,1.3457,1.34587,1.19,1.00
2018.03.28 09:00:51.913,1.34572,1.34587,1.00,1.00
2018.03.28 09:00:52.474,1.34569,1.34587,2.06,1.00
2018.03.28 09:00:53.122,1.3457,1.34585,1.50,1.00
2018.03.28 09:00:53.826,1.3457,1.34584,1.00,1.00
2018.03.28 09:00:54.416,1.3457,1.34586,1.00,1.00
2018.03.28 09:00:54.674,1.34567,1.34586,1.00,1.00
2018.03.28 09:00:54.725,1.34569,1.34584,1.00,1.00
2018.03.28 09:00:54.880,1.34567,1.34584,1.00,1.25
2018.03.28 09:00:54.931,1.34566,1.34582,1.00,1.00
2018.03.28 09:00:54.985,1.34562,1.34581,1.12,1.25
2018.03.28 09:00:55.039,1.34564,1.3458,1.00,1.00
2018.03.28 09:00:55.366,1.34569,1.34586,1.00,1.25
2018.03.28 09:00:55.880,1.34569,1.34587,1.00,1.00
2018.03.28 09:00:56.392,1.34569,1.34586,1.00,1.00
2018.03.28 09:00:56.928,1.3457,1.34585,1.00,1.00
2018.03.28 09:00:57.041,1.3457,1.34587,1.00,1.00
2018.03.28 09:00:58.335,1.3457,1.34586,1.00,1.00
2018.03.28 09:00:58.888,1.34569,1.34586,1.25,1.00
2018.03.28 09:00:59.182,1.34569,1.34588,1.25,1.00
2018.03.28 09:00:59.545,1.34569,1.34586,1.00,1.00
2018.03.28 09:01:00.438,1.34569,1.34584,1.00,1.00
2018.03.28 09:01:01.140,1.34568,1.34584,1.25,1.00
2018.03.28 09:01:01.812,1.34569,1.34584,1.00,1.00
2018.03.28 09:01:02.095,1.34569,1.34586,1.00,1.00
2018.03.28 09:01:02.623,1.3457,1.34586,1.00,1.00
2018.03.28 09:01:04.612,1.3457,1.34587,1.00,1.00
2018.03.28 09:01:04.823,1.3457,1.34585,1.00,1.00
2018.03.28 09:01:06.034,1.34567,1.34585,1.50,1.19
2018.03.28 09:01:06.085,1.34565,1.34583,1.00,1.19
2018.03.28 09:01:06.393,1.34573,1.34589,1.00,2.44
2018.03.28 09:01:06.458,1.34573,1.34589,1.00,1.50
2018.03.28 09:01:06.510,1.34575,1.3459,1.00,1.12
2018.03.28 09:01:06.714,1.34573,1.3459,1.00,1.00
2018.03.28 09:01:07.636,1.34573,1.3459,1.00,1.69
2018.03.28 09:01:08.773,1.34573,1.3459,1.00,1.50
2018.03.28 09:01:10.732,1.34572,1.3459,1.00,1.50
2018.03.28 09:01:10.835,1.34566,1.34584,1.00,1.87
2018.03.28 09:01:10.888,1.34564,1.34584,1.00,2.06
2018.03.28 09:01:10.940,1.34563,1.34581,1.00,1.00
2018.03.28 09:01:11.278,1.3456,1.3458,1.50,2.06
2018.03.28 09:01:11.330,1.34559,1.34578,1.00,1.19
2018.03.28 09:01:11.843,1.3456,1.34579,1.00,1.69
2018.03.28 09:01:12.477,1.34561,1.34578,1.00,1.62
2018.03.28 09:01:13.867,1.34561,1.34578,1.00,2.06
2018.03.28 09:01:15.036,1.34561,1.34578,1.00,2.06
2018.03.28 09:01:15.300,1.34559,1.34578,1.00,1.62
2018.03.28 09:01:15.861,1.3456,1.34578,1.00,2.06
2018.03.28 09:01:16.144,1.34562,1.34578,1.00,2.06
2018.03.28 09:01:16.679,1.34561,1.34579,1.00,1.19
2018.03.28 09:01:17.229,1.34562,1.34581,1.00,1.69
2018.03.28 09:01:17.737,1.34561,1.34579,1.00,1.19
2018.03.28 09:01:18.243,1.34562,1.34579,1.00,1.19
2018.03.28 09:01:18.784,1.34561,1.34581,1.00,2.81
2018.03.28 09:01:19.358,1.34562,1.34579,1.00,1.19
2018.03.28 09:01:20.562,1.34565,1.3458,1.00,1.50
2018.03.28 09:01:20.614,1.34562,1.34579,1.00,1.00
2018.03.28 09:01:20.666,1.34564,1.34581,1.00,1.50
2018.03.28 09:01:20.872,1.34561,1.34581,1.25,1.69
2018.03.28 09:01:20.925,1.34563,1.3458,1.00,1.25
2018.03.28 09:01:21.292,1.34565,1.34582,1.00,1.19
2018.03.28 09:01:21.498,1.34563,1.34583,1.00,1.19
2018.03.28 09:01:21.550,1.34566,1.34583,1.00,1.19
2018.03.28 09:01:21.756,1.34563,1.34581,1.00,1.19
2018.03.28 09:01:22.407,1.34564,1.34581,1.00,1.00
2018.03.28 09:01:22.973,1.34564,1.3458,1.00,1.00
2018.03.28 09:01:23.409,1.34563,1.3458,1.00,1.19
2018.03.28 09:01:23.463,1.34561,1.34577,1.00,1.00
2018.03.28 09:01:23.515,1.34563,1.34577,1.00,1.00
2018.03.28 09:01:23.567,1.34561,1.34577,1.00,1.00
2018.03.28 09:01:24.398,1.3456,1.34577,1.00,1.00
2018.03.28 09:01:25.017,1.3456,1.34577,1.00,1.19
2018.03.28 09:01:25.528,1.34559,1.34577,1.00,1.00
2018.03.28 09:01:26.362,1.34561,1.34577,1.00,1.00
2018.03.28 09:01:26.673,1.34589,1.34603,1.00,1.37
2018.03.28 09:01:26.814,1.34589,1.34605,1.00,1.00
2018.03.28 09:01:26.917,1.34592,1.34607,1.00,1.00
2018.03.28 09:01:27.227,1.34598,1.34611,1.00,1.00
2018.03.28 09:01:27.848,1.34598,1.34614,1.00,1.00
2018.03.28 09:01:28.207,1.346,1.34614,1.00,1.00
2018.03.28 09:01:28.310,1.34597,1.34614,1.19,1.00
2018.03.28 09:01:28.363,1.34596,1.34614,1.25,1.00
2018.03.28 09:01:28.414,1.34595,1.34611,1.19,1.00
2018.03.28 09:01:29.087,1.34593,1.34611,1.00,1.87
2018.03.28 09:01:29.138,1.34589,1.34605,1.19,1.00
2018.03.28 09:01:29.444,1.34589,1.34607,1.19,1.00
2018.03.28 09:01:29.750,1.34593,1.34607,1.00,1.00
2018.03.28 09:01:29.874,1.3459,1.34607,1.19,1.00
2018.03.28 09:01:30.179,1.34593,1.34608,1.25,1.00
2018.03.28 09:01:30.657,1.34595,1.34608,1.00,1.00
2018.03.28 09:01:30.709,1.34593,1.3461,1.19,1.00
2018.03.28 09:01:30.761,1.34591,1.34608,1.31,1.00
2018.03.28 09:01:31.011,1.3459,1.34609,1.00,1.69
2018.03.28 09:01:31.063,1.34589,1.34605,1.00,1.00
2018.03.28 09:01:31.542,1.34591,1.34605,1.00,1.00
2018.03.28 09:01:31.700,1.34594,1.34609,1.00,1.00
2018.03.28 09:01:31.753,1.34596,1.34609,1.25,1.00
2018.03.28 09:01:31.962,1.34595,1.34611,1.19,1.00
2018.03.28 09:01:32.064,1.34592,1.34609,1.69,1.00
2018.03.28 09:01:32.167,1.3459,1.34606,1.00,1.00
2018.03.28 09:01:32.473,1.34588,1.34602,1.00,1.00
2018.03.28 09:01:33.018,1.34588,1.34601,1.00,1.00
2018.03.28 09:01:35.011,1.34589,1.34601,1.00,1.00
2018.03.28 09:01:35.262,1.34589,1.34604,1.00,1.00
2018.03.28 09:01:36.756,1.34588,1.34604,1.00,1.00
2018.03.28 09:01:36.808,1.34586,1.34604,1.00,1.19
2018.03.28 09:01:36.859,1.34584,1.34601,1.00,1.19
2018.03.28 09:01:37.380,1.34583,1.34599,1.00,1.00
2018.03.28 09:01:37.914,1.34584,1.346,1.00,1.25
2018.03.28 09:01:38.705,1.34584,1.34601,1.00,1.00
2018.03.28 09:01:39.161,1.34586,1.34601,1.00,1.00
2018.03.28 09:01:41.890,1.34586,1.34601,1.00,2.81
2018.03.28 09:01:41.942,1.34586,1.34601,1.00,1.00
2018.03.28 09:01:41.994,1.34584,1.34597,1.00,1.00
2018.03.28 09:01:42.045,1.34585,1.34601,1.00,2.25
2018.03.28 09:01:42.096,1.34584,1.34601,1.00,1.00
2018.03.28 09:01:42.608,1.34585,1.34601,1.00,1.00
2018.03.28 09:01:43.133,1.34584,1.34601,1.00,1.00
2018.03.28 09:01:43.711,1.34585,1.34599,1.00,1.00
2018.03.28 09:01:44.065,1.34593,1.34604,1.00,1.00
2018.03.28 09:01:44.220,1.34595,1.34608,1.25,1.00
2018.03.28 09:01:45.063,1.34594,1.34608,1.25,1.00
2018.03.28 09:01:45.267,1.34595,1.3461,1.00,1.00
2018.03.28 09:01:45.471,1.34597,1.3461,1.00,1.00
2018.03.28 09:01:45.522,1.34595,1.3461,1.00,1.00
2018.03.28 09:01:45.573,1.34594,1.34607,1.00,1.00
2018.03.28 09:01:46.422,1.34591,1.34608,1.19,1.00
2018.03.28 09:01:46.732,1.34592,1.34604,1.00,1.00
2018.03.28 09:01:47.074,1.34596,1.34604,1.00,1.00
2018.03.28 09:01:47.126,1.34595,1.34607,1.00,1.00
2018.03.28 09:01:47.440,1.34598,1.3461,1.00,1.25
2018.03.28 09:01:47.597,1.34596,1.3461,1.00,1.25
2018.03.28 09:01:47.752,1.34594,1.3461,1.00,1.19
2018.03.28 09:01:48.129,1.34596,1.34607,1.00,1.00
2018.03.28 09:01:48.182,1.34594,1.34607,1.00,1.00
2018.03.28 09:01:48.336,1.34597,1.34607,1.00,1.00
2018.03.28 09:01:48.388,1.34596,1.34609,1.00,1.25
2018.03.28 09:01:48.903,1.34596,1.34612,1.00,1.19
2018.03.28 09:01:49.418,1.34595,1.34612,1.00,1.56
2018.03.28 09:01:49.968,1.34594,1.34609,1.00,1.31
2018.03.28 09:01:50.484,1.34594,1.34608,1.00,1.00
2018.03.28 09:01:50.536,1.34591,1.34608,1.00,1.00
2018.03.28 09:01:51.068,1.34591,1.34608,1.00,1.19
2018.03.28 09:01:51.349,1.34589,1.34609,1.00,1.31
2018.03.28 09:01:51.656,1.34589,1.34608,1.00,2.06
2018.03.28 09:01:51.914,1.34587,1.34608,1.00,2.81
2018.03.28 09:01:52.271,1.34588,1.34606,1.00,2.44
2018.03.28 09:01:52.780,1.34589,1.34608,1.00,2.06
2018.03.28 09:01:52.994,1.34593,1.34609,1.00,2.06
2018.03.28 09:01:53.571,1.34593,1.34611,1.00,1.31
2018.03.28 09:01:54.191,1.34593,1.34611,1.00,1.69
2018.03.28 09:01:54.695,1.34594,1.34612,1.00,3.56
2018.03.28 09:01:55.598,1.34594,1.34611,1.00,1.31
2018.03.28 09:01:55.835,1.34603,1.34619,1.00,1.31
2018.03.28 09:01:57.031,1.34603,1.34621,1.00,3.37
2018.03.28 09:01:58.272,1.34599,1.34616,1.00,1.00
2018.03.28 09:01:58.654,1.34599,1.34618,1.00,1.25
2018.03.28 09:01:58.820,1.34599,1.34616,1.00,1.00
2018.03.28 09:01:59.563,1.346,1.34615,1.00,1.00
2018.03.28 09:01:59.667,1.34599,1.34617,1.25,1.00
2018.03.28 09:02:00.031,1.34601,1.34616,1.00,1.00
2018.03.28 09:02:00.445,1.34604,1.34622,1.00,5.06
2018.03.28 09:02:00.990,1.346,1.34617,1.00,1.00
2018.03.28 09:02:01.515,1.346,1.34618,1.00,1.25
2018.03.28 09:02:02.024,1.34601,1.34618,1.00,1.25
2018.03.28 09:02:02.575,1.34601,1.34617,1.00,1.00
2018.03.28 09:02:02.636,1.34599,1.34617,1.00,1.00
2018.03.28 09:02:03.160,1.34599,1.34616,1.00,1.00
2018.03.28 09:02:04.174,1.34595,1.34613,1.00,1.50
2018.03.28 09:02:04.530,1.34594,1.34611,1.50,1.00
2018.03.28 09:02:05.036,1.34595,1.34612,1.00,1.00
2018.03.28 09:02:05.614,1.34595,1.34613,1.00,1.00
2018.03.28 09:02:06.179,1.34595,1.34613,1.00,1.19
2018.03.28 09:02:06.484,1.34597,1.34613,1.00,1.00
2018.03.28 09:02:06.841,1.34592,1.34611,1.25,1.00
2018.03.28 09:02:06.893,1.3459,1.34605,1.00,1.00
2018.03.28 09:02:07.178,1.34577,1.34594,1.50,2.06
2018.03.28 09:02:07.230,1.34577,1.3459,1.00,1.50
2018.03.28 09:02:07.283,1.34573,1.3459,1.00,1.00
2018.03.28 09:02:07.334,1.34574,1.34591,1.37,1.25
2018.03.28 09:02:07.641,1.34582,1.34598,1.00,1.62
2018.03.28 09:02:07.692,1.3458,1.34599,1.00,1.56
2018.03.28 09:02:07.882,1.34583,1.34599,1.00,1.69
2018.03.28 09:02:07.984,1.3458,1.34598,1.00,1.00
2018.03.28 09:02:08.086,1.34578,1.34599,1.00,2.81
2018.03.28 09:02:08.239,1.34577,1.34596,1.50,2.06
2018.03.28 09:02:08.740,1.34579,1.34597,1.00,2.06
2018.03.28 09:02:08.791,1.34579,1.34597,1.00,1.69
2018.03.28 09:02:09.435,1.34578,1.34597,1.00,1.69
2018.03.28 09:02:09.487,1.3458,1.34597,1.00,1.25
2018.03.28 09:02:10.853,1.34581,1.34597,1.00,1.69
2018.03.28 09:02:11.248,1.34579,1.34597,1.00,1.25
2018.03.28 09:02:11.351,1.34581,1.34597,1.00,1.25
2018.03.28 09:02:11.781,1.34578,1.34596,1.00,1.00
2018.03.28 09:02:12.246,1.34577,1.34595,1.00,1.19
2018.03.28 09:02:13.334,1.34577,1.34592,1.00,1.00
2018.03.28 09:02:13.442,1.34574,1.34591,1.00,1.19
2018.03.28 09:02:13.546,1.34571,1.34587,1.00,1.19
2018.03.28 09:02:14.129,1.34564,1.34579,1.00,1.00
2018.03.28 09:02:14.180,1.34563,1.34579,1.00,1.69
2018.03.28 09:02:14.385,1.34559,1.34575,1.50,1.19
2018.03.28 09:02:14.944,1.34558,1.34576,1.00,1.19
2018.03.28 09:02:15.499,1.34557,1.34573,1.00,1.25
2018.03.28 09:02:15.711,1.34559,1.34573,1.00,1.25
2018.03.28 09:02:15.764,1.34559,1.34576,1.00,1.25
2018.03.28 09:02:15.968,1.34561,1.34576,1.00,1.00
2018.03.28 09:02:16.021,1.34562,1.34578,1.00,1.00
2018.03.28 09:02:16.073,1.34563,1.34576,1.00,1.00
2018.03.28 09:02:16.227,1.34561,1.34576,1.00,1.00
2018.03.28 09:02:16.738,1.3456,1.34577,1.00,1.25
2018.03.28 09:02:16.791,1.34562,1.34577,1.00,1.25
2018.03.28 09:02:17.332,1.34563,1.34578,1.00,1.19
2018.03.28 09:02:17.733,1.34561,1.34578,1.00,1.25
2018.03.28 09:02:18.141,1.34563,1.34579,1.00,1.19
2018.03.28 09:02:18.905,1.34563,1.34579,1.00,1.19
2018.03.28 09:02:19.429,1.34562,1.34578,1.00,1.19
2018.03.28 09:02:20.261,1.34562,1.34578,1.00,1.19
2018.03.28 09:02:21.020,1.34562,1.34579,1.00,2.06
2018.03.28 09:02:21.233,1.34557,1.34574,1.87,1.31
2018.03.28 09:02:21.389,1.34557,1.34572,1.50,1.19
2018.03.28 09:02:22.173,1.34558,1.34571,1.00,1.19
2018.03.28 09:02:22.690,1.34558,1.34571,1.00,1.19
2018.03.28 09:02:22.793,1.34555,1.34568,1.00,1.25
2018.03.28 09:02:22.845,1.34555,1.34568,1.00,1.31
2018.03.28 09:02:23.381,1.34554,1.34568,1.50,1.31
2018.03.28 09:02:24.475,1.34555,1.34568,1.00,1.19
2018.03.28 09:02:24.578,1.34551,1.34566,1.00,1.19
2018.03.28 09:02:24.631,1.3455,1.34565,1.00,1.31
2018.03.28 09:02:24.688,1.34551,1.34564,1.00,1.25
2018.03.28 09:02:25.200,1.34555,1.34565,1.00,1.00
2018.03.28 09:02:25.724,1.34553,1.34567,1.00,1.19
2018.03.28 09:02:25.918,1.34552,1.34568,1.00,1.25
2018.03.28 09:02:26.176,1.34552,1.34566,1.50,1.00
2018.03.28 09:02:26.485,1.34554,1.34567,1.00,1.00
2018.03.28 09:02:27.004,1.34556,1.3457,1.00,1.25
2018.03.28 09:02:27.055,1.34558,1.3457,1.00,1.25
2018.03.28 09:02:27.382,1.34564,1.34575,1.00,1.00
2018.03.28 09:02:27.433,1.34562,1.34575,1.50,1.00
2018.03.28 09:02:28.318,1.34562,1.34577,1.00,1.00
2018.03.28 09:02:29.241,1.34562,1.34575,1.00,1.00
2018.03.28 09:02:29.900,1.34561,1.34575,1.00,1.19
2018.03.28 09:02:30.441,1.34561,1.34575,1.00,1.19
2018.03.28 09:02:32.128,1.3456,1.34575,1.00,1.19
2018.03.28 09:02:32.672,1.3456,1.34573,1.00,1.19
2018.03.28 09:02:33.130,1.34557,1.34573,1.00,1.19
2018.03.28 09:02:34.943,1.34558,1.34572,1.00,1.25
2018.03.28 09:02:35.713,1.34559,1.34573,1.00,1.19
2018.03.28 09:02:35.869,1.34559,1.34574,1.00,1.25
2018.03.28 09:02:35.922,1.34559,1.34573,1.00,1.19
2018.03.28 09:02:36.285,1.34557,1.34574,1.00,1.19
2018.03.28 09:02:36.800,1.34555,1.34574,1.00,1.19
2018.03.28 09:02:36.853,1.34555,1.34573,1.00,1.19
2018.03.28 09:02:37.159,1.34554,1.34569,1.00,1.25
2018.03.28 09:02:37.467,1.34559,1.34573,1.00,1.25
2018.03.28 09:02:37.985,1.34559,1.34574,1.50,1.00
2018.03.28 09:02:38.499,1.3456,1.34574,1.00,1.00
2018.03.28 09:02:39.006,1.34559,1.34574,1.00,1.19
2018.03.28 09:02:39.537,1.34562,1.34574,1.00,1.25
2018.03.28 09:02:39.591,1.34559,1.34574,1.00,1.25
2018.03.28 09:02:39.642,1.34559,1.34571,1.00,1.25
2018.03.28 09:02:39.870,1.34553,1.34572,1.00,1.25
2018.03.28 09:02:40.023,1.34553,1.34572,1.00,1.31
2018.03.28 09:02:40.125,1.34551,1.34572,1.00,1.31
2018.03.28 09:02:40.176,1.3455,1.34572,1.12,2.25
2018.03.28 09:02:40.549,1.34553,1.34574,1.00,1.69
2018.03.28 09:02:40.601,1.34553,1.34573,1.00,1.56
2018.03.28 09:02:40.652,1.34554,1.34574,1.00,1.69
2018.03.28 09:02:41.009,1.34556,1.34573,1.00,1.69
2018.03.28 09:02:41.389,1.34554,1.34573,1.00,1.19
2018.03.28 09:02:41.442,1.34555,1.34573,1.00,1.31
2018.03.28 09:02:41.545,1.34553,1.34572,1.00,1.25
2018.03.28 09:02:41.700,1.34553,1.34571,1.00,1.19
2018.03.28 09:02:42.012,1.34552,1.34572,1.50,2.25
2018.03.28 09:02:42.341,1.34552,1.34568,1.00,3.37
2018.03.28 09:02:42.496,1.34548,1.34568,1.00,3.37
2018.03.28 09:02:43.380,1.34546,1.34568,1.50,4.12
2018.03.28 09:02:43.745,1.34548,1.34567,1.00,1.87
2018.03.28 09:02:45.587,1.34547,1.34567,1.50,2.62
2018.03.28 09:02:45.917,1.34543,1.34562,1.00,1.56
2018.03.28 09:02:46.460,1.34542,1.34561,1.00,1.56
2018.03.28 09:02:47.105,1.34542,1.3456,1.50,1.19
2018.03.28 09:02:48.564,1.34542,1.3456,1.00,1.31
2018.03.28 09:02:49.138,1.34543,1.34559,1.00,1.19
2018.03.28 09:02:49.459,1.34542,1.34559,1.50,2.06
2018.03.28 09:02:50.117,1.34543,1.34559,1.00,3.00
2018.03.28 09:02:50.436,1.34543,1.34559,1.00,1.31
2018.03.28 09:02:51.595,1.34541,1.34559,1.00,1.31
2018.03.28 09:02:51.751,1.34543,1.34559,1.00,1.31
2018.03.28 09:02:52.094,1.34545,1.34559,1.00,1.31
2018.03.28 09:02:52.650,1.34544,1.34559,1.00,1.31
2018.03.28 09:02:53.184,1.34542,1.34559,1.50,1.31
2018.03.28 09:02:53.691,1.34543,1.34559,1.00,2.06
2018.03.28 09:02:54.504,1.34542,1.34559,1.00,2.06
2018.03.28 09:02:55.172,1.34542,1.34559,1.00,2.06
2018.03.28 09:02:57.145,1.34543,1.34559,1.00,1.56
2018.03.28 09:02:57.895,1.34544,1.34559,1.00,1.25
2018.03.28 09:02:57.946,1.34542,1.34559,1.50,1.25
2018.03.28 09:02:58.048,1.34546,1.34561,1.00,1.19
2018.03.28 09:02:58.155,1.34547,1.34563,1.00,1.69
2018.03.28 09:02:58.684,1.34548,1.34564,1.00,1.56
2018.03.28 09:02:59.347,1.34547,1.34563,1.00,2.06
2018.03.28 09:02:59.901,1.34547,1.34563,1.00,1.69
2018.03.28 09:03:00.404,1.34546,1.34563,1.50,1.69
2018.03.28 09:03:00.455,1.34544,1.34561,1.50,1.19
2018.03.28 09:03:01.546,1.34545,1.34562,1.00,1.25
2018.03.28 09:03:01.699,1.34544,1.34561,1.00,1.31
2018.03.28 09:03:01.802,1.34541,1.3456,1.50,1.56
2018.03.28 09:03:02.278,1.34544,1.34559,1.00,2.06
2018.03.28 09:03:02.806,1.34543,1.34559,1.00,2.06
2018.03.28 09:03:03.322,1.34543,1.34559,1.00,1.31
2018.03.28 09:03:04.066,1.34542,1.34559,1.50,1.31
2018.03.28 09:03:04.740,1.34544,1.3456,1.00,1.56
2018.03.28 09:03:05.262,1.34542,1.3456,1.00,1.56
2018.03.28 09:03:05.592,1.34543,1.34559,1.00,1.19
2018.03.28 09:03:05.746,1.34545,1.3456,1.00,1.19
2018.03.28 09:03:06.379,1.34544,1.3456,1.00,1.19
2018.03.28 09:03:06.897,1.34542,1.34559,1.50,1.19
2018.03.28 09:03:06.951,1.34543,1.34559,1.00,1.56
2018.03.28 09:03:07.465,1.34542,1.34558,1.00,1.31
2018.03.28 09:03:08.079,1.34542,1.34558,1.00,1.69
2018.03.28 09:03:09.159,1.34542,1.34559,1.50,1.25
2018.03.28 09:03:09.263,1.34543,1.3456,1.00,2.06
2018.03.28 09:03:10.235,1.34542,1.34555,1.00,1.31
2018.03.28 09:03:10.340,1.34541,1.34555,1.00,1.25
2018.03.28 09:03:10.645,1.34537,1.34556,2.25,1.69
2018.03.28 09:03:11.102,1.34539,1.34556,1.00,1.19
2018.03.28 09:03:11.205,1.34537,1.34557,1.50,1.69
2018.03.28 09:03:11.737,1.34538,1.34556,1.50,1.19
2018.03.28 09:03:12.274,1.34539,1.34556,1.00,1.19
2018.03.28 09:03:12.950,1.34538,1.34556,1.50,1.19
2018.03.28 09:03:13.103,1.34539,1.34553,1.00,1.19
2018.03.28 09:03:13.613,1.34538,1.34553,1.00,1.19
2018.03.28 09:03:13.871,1.34536,1.34553,1.00,1.19
2018.03.28 09:03:13.923,1.34533,1.34548,1.00,1.19
2018.03.28 09:03:13.975,1.34534,1.3455,1.00,1.19
2018.03.28 09:03:14.078,1.34532,1.3455,1.00,1.19
2018.03.28 09:03:14.676,1.34534,1.34551,1.00,1.56
2018.03.28 09:03:14.728,1.34534,1.34551,1.00,1.19
2018.03.28 09:03:15.302,1.34535,1.34551,1.00,1.19
2018.03.28 09:03:16.760,1.34536,1.34551,1.00,1.19
2018.03.28 09:03:17.062,1.3454,1.34554,1.00,1.19
2018.03.28 09:03:17.219,1.34539,1.34556,1.00,1.19
2018.03.28 09:03:17.426,1.34538,1.34554,1.00,1.31
2018.03.28 09:03:17.877,1.3454,1.34556,1.00,1.25
2018.03.28 09:03:17.982,1.34542,1.34556,1.00,1.19
2018.03.28 09:03:18.528,1.34543,1.34557,1.00,1.19
2018.03.28 09:03:18.724,1.34541,1.34557,1.00,1.19
2018.03.28 09:03:18.941,1.34542,1.34557,1.00,1.56
2018.03.28 09:03:19.146,1.34542,1.34557,1.00,1.31
2018.03.28 09:03:19.250,1.34544,1.34558,1.00,1.56
2018.03.28 09:03:19.353,1.34541,1.34558,1.00,1.56
2018.03.28 09:03:19.584,1.34544,1.34558,1.00,1.56
2018.03.28 09:03:19.739,1.34542,1.34558,1.00,1.56
2018.03.28 09:03:19.924,1.34544,1.34558,1.00,1.56
2018.03.28 09:03:20.007,1.34541,1.34557,1.00,1.31
2018.03.28 09:03:20.059,1.34541,1.34557,1.00,1.19
2018.03.28 09:03:20.263,1.34542,1.34557,1.00,1.31
2018.03.28 09:03:20.417,1.3454,1.34557,1.00,1.31
2018.03.28 09:03:20.470,1.34542,1.34557,1.00,1.31
2018.03.28 09:03:20.867,1.3454,1.34557,1.00,1.31
2018.03.28 09:03:20.965,1.34543,1.34557,1.00,1.31
2018.03.28 09:03:21.503,1.34542,1.34558,1.00,1.56
2018.03.28 09:03:22.294,1.34542,1.34558,1.00,1.31
2018.03.28 09:03:22.523,1.34543,1.34559,1.00,1.31
2018.03.28 09:03:23.613,1.34543,1.3456,1.00,1.31
2018.03.28 09:03:24.047,1.34545,1.3456,1.00,1.31
2018.03.28 09:03:24.494,1.34547,1.3456,1.00,1.31
2018.03.28 09:03:24.546,1.34544,1.34562,1.00,1.00
2018.03.28 09:03:24.701,1.34543,1.3456,1.00,1.00
2018.03.28 09:03:25.261,1.34544,1.34561,1.00,1.19
2018.03.28 09:03:26.978,1.34542,1.34562,1.00,2.06
2018.03.28 09:03:27.550,1.34543,1.34562,1.00,2.06
2018.03.28 09:03:27.703,1.34544,1.34561,1.00,1.25
2018.03.28 09:03:28.214,1.34545,1.34562,1.00,1.69
2018.03.28 09:03:28.475,1.34547,1.34564,1.00,1.69
2018.03.28 09:03:28.579,1.34552,1.3457,1.00,1.69
2018.03.28 09:03:29.225,1.34553,1.34569,1.00,1.19
2018.03.28 09:03:29.770,1.34553,1.34569,1.00,1.00
2018.03.28 09:03:30.883,1.34551,1.3457,1.50,1.69
2018.03.28 09:03:31.458,1.34552,1.3457,1.00,1.69
2018.03.28 09:03:31.975,1.34552,1.34569,1.00,1.00
2018.03.28 09:03:33.071,1.34555,1.34571,1.00,1.19
2018.03.28 09:03:33.581,1.34555,1.34571,1.00,1.19
2018.03.28 09:03:34.349,1.34554,1.34573,1.00,1.19
2018.03.28 09:03:35.004,1.34556,1.34573,1.00,1.19
2018.03.28 09:03:35.516,1.34555,1.34573,1.00,1.19
2018.03.28 09:03:36.236,1.34555,1.34571,1.00,1.00
2018.03.28 09:03:36.910,1.34555,1.3457,1.00,1.00
2018.03.28 09:03:37.777,1.34557,1.34571,1.00,1.00
2018.03.28 09:03:38.291,1.34556,1.3457,1.00,1.25
2018.03.28 09:03:38.852,1.34557,1.34571,1.00,1.19
2018.03.28 09:03:38.904,1.34551,1.34568,1.00,1.69
2018.03.28 09:03:38.956,1.3455,1.34565,1.00,1.00
2018.03.28 09:03:39.267,1.34549,1.34562,1.00,1.00
2018.03.28 09:03:39.572,1.34551,1.34562,1.00,1.00
2018.03.28 09:03:39.789,1.34551,1.34564,1.00,1.00
2018.03.28 09:03:40.335,1.34548,1.34564,1.00,1.00
2018.03.28 09:03:40.387,1.3455,1.34563,1.00,1.00
2018.03.28 09:03:40.490,1.34547,1.34563,1.00,1.00
2018.03.28 09:03:41.057,1.34546,1.34563,1.50,1.00
2018.03.28 09:03:41.159,1.34549,1.34563,1.00,1.00
2018.03.28 09:03:41.634,1.34547,1.34563,1.00,1.00
2018.03.28 09:03:42.380,1.34547,1.34564,1.00,1.00
2018.03.28 09:03:42.432,1.34545,1.34562,2.25,1.00
2018.03.28 09:03:42.766,1.34548,1.34562,1.00,1.00
2018.03.28 09:03:43.233,1.34548,1.34565,1.00,1.19
2018.03.28 09:03:43.390,1.34547,1.34565,1.00,1.56
2018.03.28 09:03:43.494,1.34547,1.34564,1.00,1.25
2018.03.28 09:03:43.649,1.34548,1.34564,1.00,1.19
2018.03.28 09:03:43.753,1.34546,1.34563,1.00,1.19
2018.03.28 09:03:43.983,1.34546,1.34563,1.00,1.19
2018.03.28 09:03:44.295,1.34541,1.34559,1.00,1.19
2018.03.28 09:03:44.895,1.34543,1.34559,1.00,1.19
2018.03.28 09:03:44.996,1.34543,1.34559,1.87,1.00
2018.03.28 09:03:45.048,1.34545,1.34562,1.00,1.19
2018.03.28 09:03:45.200,1.34545,1.34562,1.00,1.00
2018.03.28 09:03:45.426,1.34547,1.34564,1.00,1.19
2018.03.28 09:03:45.531,1.34548,1.34564,1.00,1.19
2018.03.28 09:03:46.046,1.34547,1.34566,1.00,1.69
2018.03.28 09:03:48.401,1.34549,1.34567,1.00,1.31
2018.03.28 09:03:50.168,1.34548,1.34564,1.00,1.19
2018.03.28 09:03:51.889,1.3455,1.34564,1.00,1.19
2018.03.28 09:03:51.941,1.34551,1.34565,1.00,1.25
2018.03.28 09:03:51.992,1.3455,1.34568,1.00,1.25
2018.03.28 09:03:52.304,1.3455,1.34568,2.25,1.69
2018.03.28 09:03:52.935,1.34549,1.34567,1.00,1.19
2018.03.28 09:03:53.448,1.3455,1.34567,1.00,1.69
2018.03.28 09:03:53.926,1.34548,1.34566,1.00,1.19
2018.03.28 09:03:54.444,1.34549,1.34565,1.00,1.25
2018.03.28 09:03:54.964,1.3455,1.34566,2.25,1.19
2018.03.28 09:03:56.428,1.34547,1.34565,1.87,1.25
2018.03.28 09:03:56.744,1.34549,1.34565,1.00,1.25
2018.03.28 09:03:57.092,1.34546,1.34565,2.25,1.25
2018.03.28 09:03:57.244,1.34549,1.34565,1.00,1.25
2018.03.28 09:03:57.849,1.34548,1.34564,1.00,1.00
2018.03.28 09:03:58.296,1.34548,1.34566,1.00,1.25
2018.03.28 09:03:58.349,1.3455,1.34566,1.00,1.25
2018.03.28 09:03:58.865,1.3455,1.34565,1.00,1.00
2018.03.28 09:03:59.038,1.34548,1.34565,1.00,1.00
2018.03.28 09:03:59.450,1.3455,1.34565,1.00,1.00
2018.03.28 09:03:59.961,1.3455,1.34565,1.00,1.19
2018.03.28 09:04:00.704,1.3455,1.34565,1.00,1.25
2018.03.28 09:04:02.072,1.34553,1.34567,1.00,1.19
2018.03.28 09:04:02.124,1.34551,1.34567,1.00,1.00
2018.03.28 09:04:02.584,1.34549,1.34564,1.00,1.00
2018.03.28 09:04:03.128,1.3455,1.34564,1.00,1.00
2018.03.28 09:04:03.180,1.3455,1.34566,1.00,1.25
2018.03.28 09:04:03.520,1.34553,1.34567,1.00,1.19
2018.03.28 09:04:03.572,1.34549,1.34567,1.00,1.50
2018.03.28 09:04:03.725,1.34549,1.34565,1.00,1.00
2018.03.28 09:04:04.509,1.34548,1.34565,1.00,1.00
2018.03.28 09:04:05.140,1.3455,1.34565,1.00,1.00
2018.03.28 09:04:05.347,1.34548,1.34564,1.00,1.00
2018.03.28 09:04:06.229,1.34548,1.34563,1.00,1.00
2018.03.28 09:04:07.188,1.34547,1.34563,1.00,1.00
2018.03.28 09:04:07.965,1.34548,1.34563,1.00,1.00
2018.03.28 09:04:09.499,1.3455,1.34563,1.00,1.00
2018.03.28 09:04:09.973,1.34549,1.34565,1.00,1.25
2018.03.28 09:04:10.494,1.34548,1.34564,1.00,1.00
2018.03.28 09:04:13.120,1.34547,1.34564,1.00,1.00
2018.03.28 09:04:14.039,1.3455,1.34564,1.00,1.00
2018.03.28 09:04:14.194,1.34551,1.34567,1.00,1.19
2018.03.28 09:04:14.246,1.34553,1.34568,1.00,1.19
2018.03.28 09:04:14.404,1.34551,1.34566,1.00,1.25
2018.03.28 09:04:15.276,1.34552,1.34567,1.00,1.19
2018.03.28 09:04:15.328,1.34554,1.34567,1.00,1.19
2018.03.28 09:04:15.430,1.34553,1.34569,1.00,1.19
2018.03.28 09:04:15.532,1.3455,1.34564,1.00,1.00
2018.03.28 09:04:15.583,1.3455,1.34566,1.00,1.25
2018.03.28 09:04:15.894,1.34552,1.34567,1.00,1.00
2018.03.28 09:04:16.421,1.34551,1.34566,1.00,1.00
2018.03.28 09:04:17.214,1.34552,1.34567,1.00,1.00
2018.03.28 09:04:17.473,1.34553,1.34569,1.50,1.00
2018.03.28 09:04:17.576,1.34559,1.3457,1.00,1.00
2018.03.28 09:04:17.627,1.34559,1.34573,1.00,1.00
2018.03.28 09:04:17.679,1.34562,1.34573,1.00,1.00
2018.03.28 09:04:17.823,1.34564,1.34578,1.00,1.00
2018.03.28 09:04:18.185,1.34564,1.34581,1.00,1.00
2018.03.28 09:04:18.377,1.34566,1.34581,1.00,1.00
2018.03.28 09:04:18.888,1.34565,1.34581,1.00,1.00
2018.03.28 09:04:20.277,1.34566,1.34581,1.00,1.00
2018.03.28 09:04:21.507,1.34567,1.34583,1.00,1.25
2018.03.28 09:04:21.611,1.34564,1.34583,1.50,1.25
2018.03.28 09:04:21.663,1.34568,1.34583,1.00,1.25
2018.03.28 09:04:22.180,1.34566,1.34583,1.00,1.25
2018.03.28 09:04:22.712,1.34565,1.34581,1.00,1.00
2018.03.28 09:04:22.918,1.34563,1.34581,1.00,1.00
2018.03.28 09:04:22.969,1.34563,1.34579,1.00,1.00
2018.03.28 09:04:23.071,1.34561,1.34578,1.00,1.25
2018.03.28 09:04:23.949,1.34559,1.34578,1.12,1.25
2018.03.28 09:04:24.084,1.34562,1.34578,1.00,1.25
2018.03.28 09:04:24.399,1.34561,1.34576,1.00,1.00
2018.03.28 09:04:24.948,1.3456,1.34579,1.00,1.19
2018.03.28 09:04:25.295,1.34562,1.34578,1.00,1.19
2018.03.28 09:04:25.844,1.34562,1.34578,1.00,1.25
2018.03.28 09:04:26.391,1.34562,1.34578,1.00,1.19
2018.03.28 09:04:27.028,1.34562,1.34578,1.00,1.00
2018.03.28 09:04:27.435,1.34564,1.34578,1.00,1.00
2018.03.28 09:04:28.191,1.34564,1.34579,1.00,1.00
2018.03.28 09:04:28.724,1.34564,1.34582,1.00,1.19
2018.03.28 09:04:29.084,1.34566,1.34582,1.00,1.19
2018.03.28 09:04:29.207,1.34564,1.3458,1.00,1.00
2018.03.28 09:04:29.891,1.34562,1.34579,1.00,1.00
2018.03.28 09:04:29.995,1.3456,1.34575,1.00,1.00
2018.03.28 09:04:30.355,1.34557,1.34573,1.00,1.00
2018.03.28 09:04:30.535,1.34555,1.34573,1.00,1.25
2018.03.28 09:04:30.586,1.34557,1.34573,1.00,1.19
2018.03.28 09:04:30.822,1.34555,1.34573,1.00,1.19
2018.03.28 09:04:31.331,1.34556,1.34573,1.00,1.19
2018.03.28 09:04:31.897,1.34556,1.34573,1.00,1.25
2018.03.28 09:04:32.557,1.34556,1.34572,1.00,1.00
2018.03.28 09:04:33.118,1.34556,1.34572,1.00,1.19
2018.03.28 09:04:33.806,1.34556,1.34572,1.00,1.00
2018.03.28 09:04:34.122,1.34558,1.34578,1.00,1.19
2018.03.28 09:04:34.671,1.34559,1.34579,1.00,2.44
2018.03.28 09:04:34.723,1.34561,1.34578,1.00,1.19
2018.03.28 09:04:35.248,1.34561,1.34578,1.00,1.19
2018.03.28 09:04:39.883,1.34562,1.34579,1.00,1.19
2018.03.28 09:04:40.142,1.3456,1.34577,1.00,1.25
2018.03.28 09:04:40.759,1.34561,1.34578,1.00,1.19
2018.03.28 09:04:41.392,1.34562,1.34579,1.00,2.06
2018.03.28 09:04:46.132,1.34563,1.34579,1.00,1.31
2018.03.28 09:04:46.679,1.34562,1.34579,1.00,1.31
2018.03.28 09:04:47.417,1.34561,1.34578,1.00,1.25
2018.03.28 09:04:47.928,1.34562,1.34579,1.00,2.06
2018.03.28 09:04:48.477,1.34562,1.34579,1.00,1.31
2018.03.28 09:04:49.688,1.34562,1.34579,1.00,2.06
2018.03.28 09:04:51.241,1.3456,1.34579,1.50,2.06
2018.03.28 09:04:52.750,1.3456,1.34578,1.50,1.19
2018.03.28 09:04:52.840,1.34562,1.34579,1.00,2.81
2018.03.28 09:04:56.501,1.34566,1.34582,1.00,1.31
2018.03.28 09:04:56.552,1.34573,1.34585,1.00,1.00
2018.03.28 09:04:56.756,1.34581,1.34596,1.00,1.69
2018.03.28 09:04:56.807,1.34581,1.34598,1.00,2.19
2018.03.28 09:04:56.961,1.3458,1.34597,1.00,1.31
2018.03.28 09:04:57.012,1.34582,1.34597,1.00,1.12
2018.03.28 09:04:57.342,1.34592,1.34608,1.00,3.19
2018.03.28 09:04:57.649,1.34594,1.34607,1.00,1.19
2018.03.28 09:04:57.751,1.34591,1.34605,1.00,1.00
2018.03.28 09:04:57.803,1.34591,1.34602,1.00,1.00
2018.03.28 09:04:57.908,1.34584,1.34603,1.00,2.44
2018.03.28 09:04:57.960,1.34582,1.34602,1.00,1.69
2018.03.28 09:04:58.113,1.34582,1.34599,1.00,1.00
2018.03.28 09:04:58.637,1.34581,1.34599,1.00,1.00
2018.03.28 09:04:58.998,1.34577,1.34595,1.00,1.31
2018.03.28 09:04:59.258,1.34577,1.34596,1.25,1.00
2018.03.28 09:04:59.371,1.34579,1.34596,1.00,1.00
2018.03.28 09:04:59.423,1.34577,1.34596,1.25,1.00
2018.03.28 09:04:59.577,1.3458,1.34596,1.00,1.25
2018.03.28 09:04:59.629,1.34578,1.34596,1.00,1.25
2018.03.28 09:05:00.036,1.34576,1.34596,1.00,2.06
2018.03.28 09:05:00.560,1.34577,1.34595,1.00,1.19
2018.03.28 09:05:01.356,1.34577,1.34596,1.00,2.06
2018.03.28 09:05:01.666,1.34581,1.34599,1.00,1.81
2018.03.28 09:05:01.872,1.34581,1.34601,1.50,2.44
2018.03.28 09:05:01.983,1.34581,1.34601,1.50,1.56
2018.03.28 09:05:02.454,1.34581,1.346,1.00,1.81
2018.03.28 09:05:02.937,1.34581,1.34601,1.50,1.69
2018.03.28 09:05:03.453,1.34579,1.346,1.50,3.00
2018.03.28 09:05:03.780,1.34581,1.346,1.00,3.00
2018.03.28 09:05:04.319,1.34582,1.346,1.00,2.25
2018.03.28 09:05:04.625,1.34582,1.34603,1.00,5.25
2018.03.28 09:05:05.056,1.34584,1.34603,1.00,3.75
2018.03.28 09:05:05.108,1.34582,1.34603,1.00,4.50
2018.03.28 09:05:05.337,1.34582,1.346,1.00,1.19
2018.03.28 09:05:07.404,1.3458,1.34601,1.00,1.56
2018.03.28 09:05:07.456,1.34583,1.34601,1.00,1.56
2018.03.28 09:05:07.611,1.34582,1.34603,1.00,2.44
2018.03.28 09:05:07.665,1.34582,1.34603,1.00,2.81
2018.03.28 09:05:08.422,1.34583,1.34603,1.00,3.19
2018.03.28 09:05:08.933,1.34582,1.34601,1.00,1.69
2018.03.28 09:05:09.296,1.34583,1.34601,1.00,1.94
2018.03.28 09:05:09.802,1.34581,1.34601,1.00,1.56
2018.03.28 09:05:09.982,1.34581,1.34602,1.00,1.56
2018.03.28 09:05:10.521,1.34583,1.34602,1.00,1.56
2018.03.28 09:05:10.705,1.34585,1.34604,1.00,1.31
2018.03.28 09:05:10.757,1.34587,1.34606,1.00,2.81
2018.03.28 09:05:10.861,1.3459,1.34608,1.00,1.31
2018.03.28 09:05:10.913,1.34589,1.34608,1.00,1.81
2018.03.28 09:05:10.966,1.34589,1.34609,1.00,1.69
2018.03.28 09:05:11.502,1.34588,1.34608,1.00,1.81
2018.03.28 09:05:11.851,1.34591,1.34608,1.00,1.81
2018.03.28 09:05:12.043,1.34595,1.34612,1.00,1.56
2018.03.28 09:05:12.196,1.34591,1.34614,2.25,3.00
2018.03.28 09:05:12.247,1.34593,1.34614,1.00,3.75
2018.03.28 09:05:12.552,1.34595,1.34614,1.00,1.81
2018.03.28 09:05:12.603,1.34594,1.34615,1.00,1.31
2018.03.28 09:05:13.184,1.34595,1.34616,1.00,1.69
2018.03.28 09:05:13.286,1.34598,1.34617,1.00,2.44
2018.03.28 09:05:13.852,1.34598,1.34617,1.00,1.56
2018.03.28 09:05:14.375,1.34596,1.34618,1.00,2.06
2018.03.28 09:05:14.622,1.34598,1.34618,1.00,2.06
2018.03.28 09:05:14.925,1.34595,1.34616,1.50,1.81
2018.03.28 09:05:15.346,1.34597,1.34618,1.00,2.06
2018.03.28 09:05:15.653,1.34601,1.34621,1.00,1.19
2018.03.28 09:05:15.704,1.34602,1.34621,1.00,3.56
2018.03.28 09:05:15.831,1.346,1.34621,1.00,1.31
2018.03.28 09:05:15.883,1.34602,1.34621,1.00,1.31
2018.03.28 09:05:16.461,1.34601,1.34621,1.00,4.69
2018.03.28 09:05:16.986,1.34601,1.34621,1.00,4.69
2018.03.28 09:05:17.334,1.34599,1.34621,1.50,5.06
2018.03.28 09:05:17.386,1.34601,1.34621,1.00,5.06
2018.03.28 09:05:17.696,1.34605,1.34621,1.00,1.69
2018.03.28 09:05:18.369,1.34603,1.34621,1.00,1.19
2018.03.28 09:05:18.683,1.34605,1.34621,1.00,1.19
2018.03.28 09:05:18.785,1.34605,1.34621,1.00,1.25
2018.03.28 09:05:20.047,1.34607,1.34621,1.00,1.19
2018.03.28 09:05:20.200,1.3461,1.34626,1.00,1.00
2018.03.28 09:05:20.251,1.34608,1.3463,1.25,2.44
2018.03.28 09:05:20.303,1.34609,1.3463,1.00,1.56
2018.03.28 09:05:20.608,1.34615,1.34633,1.00,1.31
2018.03.28 09:05:22.041,1.34615,1.34634,1.00,1.31
2018.03.28 09:05:22.558,1.34611,1.34633,1.00,1.69
2018.03.28 09:05:22.610,1.34613,1.34633,1.00,1.31
2018.03.28 09:05:23.669,1.34616,1.34635,1.00,2.06
2018.03.28 09:05:23.772,1.34618,1.34636,1.00,2.44
2018.03.28 09:05:23.875,1.3462,1.34636,1.00,1.19
2018.03.28 09:05:23.928,1.3462,1.34638,1.00,1.19
2018.03.28 09:05:24.237,1.34621,1.34641,1.00,2.06
2018.03.28 09:05:24.340,1.34618,1.3464,1.00,1.31
2018.03.28 09:05:24.727,1.3462,1.3464,1.00,2.25
2018.03.28 09:05:25.384,1.34618,1.3464,1.00,3.00
2018.03.28 09:05:25.501,1.34616,1.34638,1.50,2.44
2018.03.28 09:05:25.603,1.34614,1.34635,1.00,1.31
2018.03.28 09:05:25.655,1.34614,1.34633,1.00,1.31
2018.03.28 09:05:25.808,1.34612,1.34634,1.00,2.44
2018.03.28 09:05:26.356,1.34611,1.34633,1.00,2.06
2018.03.28 09:05:26.610,1.34611,1.34633,1.00,2.06
2018.03.28 09:05:26.930,1.34609,1.34628,1.00,1.19
2018.03.28 09:05:27.916,1.34609,1.34628,1.00,1.31
2018.03.28 09:05:28.530,1.3461,1.3463,1.00,3.19
2018.03.28 09:05:28.736,1.34612,1.3463,1.00,1.19
2018.03.28 09:05:29.176,1.34609,1.3463,1.00,1.19
2018.03.28 09:05:29.865,1.34612,1.34631,1.00,2.44
2018.03.28 09:05:30.396,1.34613,1.3463,1.00,1.19
2018.03.28 09:05:31.100,1.34613,1.3463,1.00,1.19
2018.03.28 09:05:31.151,1.34611,1.3463,1.00,1.19
2018.03.28 09:05:32.207,1.34611,1.3463,1.00,1.25
2018.03.28 09:05:32.743,1.34612,1.34633,1.00,1.56
2018.03.28 09:05:32.946,1.34614,1.34633,1.00,1.19
2018.03.28 09:05:32.997,1.34612,1.34633,1.00,1.19
2018.03.28 09:05:33.049,1.34614,1.34633,1.00,1.69
2018.03.28 09:05:33.203,1.34612,1.34633,1.00,1.19
2018.03.28 09:05:33.459,1.34614,1.34633,1.00,1.19
2018.03.28 09:05:33.511,1.34612,1.34633,1.00,1.19
2018.03.28 09:05:33.921,1.34614,1.34634,1.00,2.06
2018.03.28 09:05:34.076,1.34615,1.34636,1.00,1.19
2018.03.28 09:05:34.128,1.34615,1.34636,1.00,2.25
2018.03.28 09:05:34.333,1.34613,1.34635,1.00,1.56
2018.03.28 09:05:34.854,1.34614,1.34633,1.00,1.31
2018.03.28 09:05:35.256,1.34613,1.34633,1.00,1.56
2018.03.28 09:05:35.818,1.34614,1.34634,1.00,2.25
2018.03.28 09:05:36.643,1.34614,1.34634,1.00,1.31
2018.03.28 09:05:36.962,1.34613,1.34633,1.00,1.56
2018.03.28 09:05:37.065,1.3461,1.34634,1.87,3.37
2018.03.28 09:05:37.656,1.34612,1.34632,1.00,1.31
2018.03.28 09:05:38.168,1.34611,1.34634,1.00,3.37
2018.03.28 09:05:38.354,1.34611,1.34634,1.00,2.44
2018.03.28 09:05:38.770,1.34611,1.3463,1.00,1.19
2018.03.28 09:05:38.933,1.34609,1.34629,1.00,1.19
2018.03.28 09:05:40.034,1.34611,1.3463,1.00,1.69
2018.03.28 09:05:40.548,1.3461,1.3463,1.00,2.25
2018.03.28 09:05:40.702,1.34608,1.3463,1.00,3.00
2018.03.28 09:05:41.129,1.34611,1.3463,1.00,3.00
2018.03.28 09:05:41.180,1.34611,1.3463,1.00,2.06
2018.03.28 09:05:42.328,1.34609,1.3463,1.00,1.56
2018.03.28 09:05:42.441,1.34612,1.34632,1.00,1.19
2018.03.28 09:05:42.493,1.3461,1.34632,1.50,1.19
2018.03.28 09:05:42.544,1.34612,1.34632,1.00,1.69
2018.03.28 09:05:42.850,1.34613,1.34633,1.00,1.31
2018.03.28 09:05:43.361,1.34614,1.34633,1.00,1.31
2018.03.28 09:05:43.902,1.34614,1.34634,1.00,2.81
2018.03.28 09:05:44.608,1.34614,1.34634,1.00,2.81
2018.03.28 09:05:45.173,1.34615,1.34635,1.00,2.25
2018.03.28 09:05:45.376,1.34613,1.34635,1.50,2.25
2018.03.28 09:05:45.427,1.34615,1.34635,1.00,2.25
2018.03.28 09:05:46.124,1.34615,1.34635,1.00,1.56
2018.03.28 09:05:46.277,1.34613,1.34635,1.50,1.56
2018.03.28 09:05:46.328,1.34615,1.34635,1.00,1.56
2018.03.28 09:05:47.371,1.34614,1.34634,1.00,1.56
2018.03.28 09:05:47.987,1.34613,1.34634,1.00,1.56
2018.03.28 09:05:48.532,1.34614,1.34634,1.00,1.56
2018.03.28 09:05:49.067,1.34615,1.34634,1.00,1.56
2018.03.28 09:05:49.937,1.34615,1.34635,1.00,3.37
2018.03.28 09:05:50.456,1.34616,1.34635,1.00,1.81
2018.03.28 09:05:50.508,1.34614,1.34635,1.00,1.81
2018.03.28 09:05:50.749,1.34614,1.34636,1.00,2.06
2018.03.28 09:05:50.807,1.34617,1.34637,1.00,2.25
2018.03.28 09:05:51.145,1.34619,1.34639,1.00,1.56
2018.03.28 09:05:51.983,1.34619,1.34641,1.00,3.37
2018.03.28 09:05:52.302,1.34621,1.3464,1.00,1.56
2018.03.28 09:05:52.470,1.34619,1.3464,1.00,1.56
2018.03.28 09:05:53.110,1.3462,1.3464,1.00,1.56
2018.03.28 09:05:54.419,1.34622,1.34641,1.00,3.37
2018.03.28 09:05:54.724,1.34619,1.3464,1.00,1.56
2018.03.28 09:05:55.478,1.34619,1.34639,1.00,1.56
2018.03.28 09:05:57.136,1.34618,1.34636,1.00,1.19
2018.03.28 09:05:57.240,1.34616,1.34636,1.00,1.56
2018.03.28 09:05:57.987,1.34617,1.34636,1.00,1.56
2018.03.28 09:05:58.323,1.34616,1.34636,1.00,1.19
2018.03.28 09:06:00.303,1.34619,1.34638,1.00,1.69
2018.03.28 09:06:01.874,1.34619,1.34639,1.00,1.69
2018.03.28 09:06:02.865,1.34618,1.34638,1.00,1.19
2018.03.28 09:06:03.310,1.3462,1.34639,1.00,1.19
2018.03.28 09:06:04.112,1.34622,1.34642,1.00,4.12
2018.03.28 09:06:04.346,1.34626,1.34646,1.00,2.44
2018.03.28 09:06:04.913,1.34625,1.34646,1.00,1.69
2018.03.28 09:06:05.429,1.34625,1.34646,1.00,1.69
2018.03.28 09:06:06.681,1.34629,1.34646,1.00,1.69
2018.03.28 09:06:06.733,1.34628,1.34646,1.00,1.19
2018.03.28 09:06:06.786,1.34631,1.34648,1.00,4.69
2018.03.28 09:06:06.889,1.34632,1.34648,1.00,3.19
2018.03.28 09:06:07.432,1.34631,1.34648,1.00,1.25
2018.03.28 09:06:08.510,1.34632,1.34648,1.00,1.50
2018.03.28 09:06:09.612,1.34633,1.34648,1.00,1.50
2018.03.28 09:06:12.900,1.34631,1.34648,1.00,1.00
2018.03.28 09:06:13.004,1.34629,1.34649,1.25,1.50
2018.03.28 09:06:13.056,1.3463,1.34649,1.00,1.56
2018.03.28 09:06:13.432,1.34634,1.34649,1.00,2.06
2018.03.28 09:06:13.483,1.34635,1.34649,1.50,1.50
2018.03.28 09:06:13.535,1.34639,1.34649,1.00,1.50
2018.03.28 09:06:13.586,1.34637,1.34649,1.00,1.00
2018.03.28 09:06:13.741,1.34637,1.34659,1.00,1.69
2018.03.28 09:06:14.250,1.34637,1.34659,1.00,2.62
2018.03.28 09:06:14.488,1.34639,1.34659,1.00,2.62
2018.03.28 09:06:15.011,1.34638,1.34659,1.00,1.69
2018.03.28 09:06:16.201,1.34643,1.34661,1.00,1.81
2018.03.28 09:06:16.303,1.34644,1.34665,1.00,4.87
2018.03.28 09:06:16.405,1.34646,1.34665,1.00,1.56
2018.03.28 09:06:16.457,1.34644,1.34665,1.00,1.56
2018.03.28 09:06:16.508,1.34647,1.34667,1.00,1.81
2018.03.28 09:06:16.874,1.34646,1.34667,1.00,1.56
2018.03.28 09:06:17.406,1.34647,1.34668,1.00,1.56
2018.03.28 09:06:17.869,1.34642,1.34665,1.00,2.06
2018.03.28 09:06:18.146,1.34639,1.3466,1.00,1.69
2018.03.28 09:06:18.404,1.34641,1.34661,1.00,1.31
2018.03.28 09:06:20.727,1.34641,1.34662,1.00,2.06
2018.03.28 09:06:21.441,1.34643,1.34662,1.00,1.19
2018.03.28 09:06:21.758,1.34641,1.34663,1.00,1.81
2018.03.28 09:06:22.351,1.34642,1.34662,1.00,1.56
2018.03.28 09:06:22.932,1.34642,1.34662,1.00,1.87
2018.03.28 09:06:23.136,1.34642,1.34662,1.00,1.19
2018.03.28 09:06:23.442,1.34644,1.34664,1.00,1.56
2018.03.28 09:06:23.721,1.34641,1.34664,1.00,2.06
2018.03.28 09:06:24.264,1.34645,1.34664,1.00,1.19
2018.03.28 09:06:24.316,1.34643,1.34664,1.00,1.19
2018.03.28 09:06:24.842,1.34644,1.34663,1.00,1.19
2018.03.28 09:06:25.364,1.34644,1.34664,1.00,1.56
2018.03.28 09:06:25.415,1.34642,1.34664,1.00,1.56
2018.03.28 09:06:25.669,1.34645,1.34663,1.00,1.31
2018.03.28 09:06:25.720,1.34642,1.34663,1.00,1.31
2018.03.28 09:06:26.506,1.34646,1.34663,1.00,1.19
2018.03.28 09:06:26.558,1.34643,1.34665,1.50,2.06
2018.03.28 09:06:26.763,1.34646,1.34665,1.00,2.06
2018.03.28 09:06:27.299,1.34643,1.34663,1.50,1.19
2018.03.28 09:06:27.564,1.34648,1.34664,1.00,1.25
2018.03.28 09:06:27.772,1.34644,1.34665,1.00,1.19
2018.03.28 09:06:27.824,1.34644,1.34665,1.00,2.06
2018.03.28 09:06:28.812,1.34646,1.34664,1.00,1.31
2018.03.28 09:06:29.084,1.34644,1.34664,1.00,1.56
2018.03.28 09:06:29.598,1.34643,1.34663,1.00,1.56
2018.03.28 09:06:30.467,1.34646,1.34666,1.00,1.69
2018.03.28 09:06:30.572,1.34643,1.34663,1.00,1.19
2018.03.28 09:06:30.801,1.34645,1.34663,1.00,1.19
2018.03.28 09:06:31.328,1.34648,1.34668,1.00,1.69
2018.03.28 09:06:31.489,1.3465,1.34669,1.00,1.19
2018.03.28 09:06:31.541,1.34648,1.34668,1.00,1.31
2018.03.28 09:06:32.119,1.34649,1.34668,1.00,1.31
2018.03.28 09:06:32.632,1.34648,1.34667,1.00,1.19
2018.03.28 09:06:32.967,1.34658,1.34675,1.00,1.56
2018.03.28 09:06:33.070,1.34658,1.34675,1.00,1.19
2018.03.28 09:06:33.638,1.34657,1.34675,1.00,1.19
2018.03.28 09:06:33.849,1.34656,1.34676,1.00,2.06
2018.03.28 09:06:34.172,1.34653,1.34671,1.00,1.19
2018.03.28 09:06:34.685,1.34653,1.34671,1.00,1.19
2018.03.28 09:06:35.254,1.34653,1.34671,1.00,1.19
2018.03.28 09:06:35.799,1.34653,1.34671,1.00,1.19
2018.03.28 09:06:36.468,1.34656,1.34674,1.00,1.56
2018.03.28 09:06:37.372,1.34654,1.34674,1.00,1.56
2018.03.28 09:06:38.550,1.34654,1.34672,1.00,1.19
2018.03.28 09:06:38.705,1.34654,1.34672,1.00,1.31
2018.03.28 09:06:39.213,1.34653,1.34672,1.00,1.31
2018.03.28 09:06:39.471,1.34654,1.34672,1.00,1.19
2018.03.28 09:06:39.655,1.34651,1.34672,1.00,1.31
2018.03.28 09:06:40.130,1.34653,1.3467,1.00,1.19
2018.03.28 09:06:40.742,1.34653,1.3467,1.00,1.56
2018.03.28 09:06:40.845,1.34654,1.34672,1.00,1.25
2018.03.28 09:06:40.896,1.34651,1.34673,1.31,1.69
2018.03.28 09:06:40.948,1.34652,1.3467,1.00,1.19
2018.03.28 09:06:41.467,1.34651,1.3467,1.00,1.19
2018.03.28 09:06:41.951,1.34651,1.34669,1.00,1.19
2018.03.28 09:06:42.643,1.3465,1.34669,1.00,1.19
2018.03.28 09:06:45.990,1.34651,1.34669,1.00,1.19
2018.03.28 09:06:46.043,1.34649,1.34668,1.00,1.19
2018.03.28 09:06:46.557,1.3465,1.34668,1.00,1.19
2018.03.28 09:06:46.856,1.34648,1.34665,1.50,1.56
2018.03.28 09:06:47.224,1.3465,1.34668,1.00,2.25
2018.03.28 09:06:47.277,1.3465,1.34668,1.00,1.31
2018.03.28 09:06:47.803,1.34651,1.34668,1.00,1.31
2018.03.28 09:06:48.351,1.34649,1.34668,1.00,1.19
2018.03.28 09:06:48.454,1.34651,1.34668,1.00,1.19
2018.03.28 09:06:48.787,1.34653,1.34669,1.00,1.19
2018.03.28 09:06:49.089,1.3466,1.34674,1.00,1.00
2018.03.28 09:06:49.192,1.3466,1.34676,1.00,1.25
2018.03.28 09:06:49.737,1.34661,1.34677,1.00,1.19
2018.03.28 09:06:50.267,1.3466,1.34677,1.00,1.19
2018.03.28 09:06:50.837,1.34661,1.34677,1.00,1.19
2018.03.28 09:06:51.374,1.34661,1.34679,1.00,1.19
2018.03.28 09:06:52.453,1.3466,1.34679,1.00,1.19
2018.03.28 09:06:53.627,1.34661,1.34679,1.00,1.19
2018.03.28 09:06:54.154,1.34662,1.34679,1.00,1.19
2018.03.28 09:06:54.205,1.3466,1.34679,1.00,1.19
2018.03.28 09:06:54.347,1.34662,1.34679,1.00,1.19
2018.03.28 09:06:54.399,1.3466,1.34679,1.00,1.19
2018.03.28 09:06:54.650,1.34662,1.34679,1.00,1.19
2018.03.28 09:06:54.906,1.34661,1.3468,1.00,1.19
2018.03.28 09:06:55.109,1.34663,1.34681,1.00,1.19
2018.03.28 09:06:55.637,1.34661,1.3468,1.00,1.25
2018.03.28 09:06:56.176,1.34661,1.3468,1.00,1.19
2018.03.28 09:06:56.684,1.3466,1.3468,1.00,1.19
2018.03.28 09:06:56.915,1.34662,1.3468,1.00,1.19
2018.03.28 09:06:57.332,1.34661,1.34682,1.00,1.19
2018.03.28 09:06:57.787,1.34663,1.34682,1.00,1.69
2018.03.28 09:06:58.330,1.34661,1.34679,1.00,1.00
2018.03.28 09:06:58.643,1.34663,1.34679,1.00,1.19
2018.03.28 09:06:59.013,1.34663,1.34681,1.00,1.25
2018.03.28 09:06:59.116,1.34662,1.34681,1.00,1.31
2018.03.28 09:07:01.379,1.34662,1.34679,1.00,1.19
2018.03.28 09:07:02.377,1.3466,1.34679,1.00,2.06
2018.03.28 09:07:03.174,1.34661,1.34679,1.00,2.06
2018.03.28 09:07:05.037,1.34661,1.34679,1.00,1.19
2018.03.28 09:07:07.771,1.34661,1.3468,1.00,2.44
2018.03.28 09:07:07.822,1.34661,1.3468,1.00,2.81
2018.03.28 09:07:09.744,1.34661,1.3468,1.00,1.19
2018.03.28 09:07:10.962,1.34663,1.34679,1.00,1.25
2018.03.28 09:07:11.479,1.34661,1.34681,1.00,1.31
2018.03.28 09:07:12.194,1.34663,1.34681,1.00,2.06
2018.03.28 09:07:13.367,1.34663,1.34683,1.50,2.44
2018.03.28 09:07:14.466,1.34663,1.34683,1.00,2.06
2018.03.28 09:07:15.633,1.34665,1.34683,1.00,1.31
2018.03.28 09:07:16.142,1.34665,1.34683,1.00,1.69
2018.03.28 09:07:16.624,1.34663,1.34682,1.00,1.69
2018.03.28 09:07:16.998,1.34663,1.34682,1.00,2.81
2018.03.28 09:07:17.561,1.34662,1.34682,1.00,2.81
2018.03.28 09:07:18.145,1.34663,1.34681,1.00,1.31
2018.03.28 09:07:18.691,1.34664,1.34682,1.00,1.31
2018.03.28 09:07:18.898,1.3466,1.34681,1.00,2.06
2018.03.28 09:07:19.002,1.34658,1.34678,1.00,1.56
2018.03.28 09:07:19.056,1.34655,1.34676,1.00,2.81
2018.03.28 09:07:19.419,1.34657,1.34677,1.00,1.31
2018.03.28 09:07:19.757,1.34659,1.34677,1.00,1.31
2018.03.28 09:07:20.254,1.34659,1.34677,1.00,1.19
2018.03.28 09:07:21.212,1.34659,1.34677,1.00,1.19
2018.03.28 09:07:22.748,1.34662,1.34678,1.00,1.25
2018.03.28 09:07:22.851,1.34664,1.34681,1.00,1.19
2018.03.28 09:07:23.157,1.34661,1.34678,1.00,1.19
2018.03.28 09:07:23.736,1.3466,1.34678,1.00,1.19
2018.03.28 09:07:23.942,1.34658,1.34677,1.87,1.19
2018.03.28 09:07:24.472,1.34658,1.34677,1.12,1.19
2018.03.28 09:07:25.037,1.3466,1.34677,1.00,1.19
2018.03.28 09:07:29.110,1.34661,1.34677,1.00,1.31
2018.03.28 09:07:29.873,1.3466,1.34675,1.00,1.19
2018.03.28 09:07:30.393,1.34659,1.34675,1.00,1.19
2018.03.28 09:07:30.698,1.34661,1.34678,1.00,1.19
2018.03.28 09:07:31.363,1.34661,1.34677,1.00,1.31
2018.03.28 09:07:31.466,1.34662,1.34677,1.00,1.00
2018.03.28 09:07:31.517,1.34665,1.34679,1.00,1.25
2018.03.28 09:07:32.026,1.34666,1.3468,1.00,1.25
2018.03.28 09:07:32.216,1.34667,1.34682,1.00,1.00
2018.03.28 09:07:32.320,1.34669,1.34682,1.00,1.00
2018.03.28 09:07:32.527,1.34666,1.34682,1.00,1.25
2018.03.28 09:07:32.630,1.34663,1.34678,1.00,1.00
2018.03.28 09:07:32.941,1.34666,1.34681,1.00,1.19
2018.03.28 09:07:33.271,1.34668,1.34683,1.00,1.31
2018.03.28 09:07:34.067,1.34668,1.34683,1.00,1.25
2018.03.28 09:07:34.124,1.34666,1.34681,1.00,1.00
2018.03.28 09:07:34.465,1.34668,1.34684,1.00,1.19
2018.03.28 09:07:35.117,1.34668,1.34681,1.00,1.00
2018.03.28 09:07:35.481,1.34665,1.34685,1.50,4.31
2018.03.28 09:07:35.584,1.34665,1.34684,1.00,1.56
2018.03.28 09:07:36.497,1.34666,1.34685,1.00,3.37
2018.03.28 09:07:37.010,1.34666,1.34685,1.00,4.69
2018.03.28 09:07:37.062,1.34664,1.34684,1.50,1.56
2018.03.28 09:07:37.420,1.34668,1.34685,1.00,3.56
2018.03.28 09:07:37.471,1.34668,1.34685,1.00,3.19
2018.03.28 09:07:37.522,1.3467,1.34685,1.00,3.19
2018.03.28 09:07:37.828,1.34666,1.34685,1.00,2.81
2018.03.28 09:07:37.880,1.34666,1.34685,1.00,3.00
2018.03.28 09:07:38.396,1.34665,1.34684,1.00,2.25
2018.03.28 09:07:39.352,1.34663,1.34681,1.00,1.31
2018.03.28 09:07:39.698,1.34667,1.34685,1.00,4.69
2018.03.28 09:07:40.007,1.3467,1.34685,1.00,1.00
2018.03.28 09:07:40.725,1.34666,1.34685,1.87,1.50
2018.03.28 09:07:40.777,1.34667,1.34685,1.00,4.69
2018.03.28 09:07:41.036,1.34668,1.34685,1.00,3.00
2018.03.28 09:07:41.140,1.3467,1.34685,1.00,1.00
2018.03.28 09:07:41.703,1.34669,1.34685,1.00,2.06
2018.03.28 09:07:41.755,1.34665,1.34684,1.00,2.06
2018.03.28 09:07:41.807,1.34663,1.34683,1.00,1.69
2018.03.28 09:07:41.962,1.34661,1.34679,1.00,1.19
2018.03.28 09:07:42.013,1.34661,1.34679,1.00,1.31
2018.03.28 09:07:42.571,1.34661,1.34679,1.00,1.19
2018.03.28 09:07:49.800,1.34661,1.34678,1.00,1.19
2018.03.28 09:07:50.109,1.34663,1.3468,1.00,1.56
2018.03.28 09:07:51.177,1.34663,1.3468,1.00,1.31
2018.03.28 09:07:51.727,1.34664,1.3468,1.00,1.31
2018.03.28 09:07:52.323,1.34663,1.34681,1.00,2.44
2018.03.28 09:07:55.137,1.34663,1.34681,1.00,1.69
2018.03.28 09:07:56.569,1.34663,1.34681,1.00,1.31
2018.03.28 09:07:57.027,1.34661,1.3468,1.00,1.25
2018.03.28 09:07:57.274,1.34663,1.34681,1.00,1.31
2018.03.28 09:07:57.591,1.34661,1.3468,1.00,1.31
2018.03.28 09:07:58.562,1.3466,1.3468,1.00,2.06
2018.03.28 09:07:59.087,1.34661,1.3468,1.00,2.06
2018.03.28 09:07:59.687,1.34662,1.3468,1.00,1.31
2018.03.28 09:08:00.236,1.34661,1.3468,1.00,2.06
2018.03.28 09:08:01.039,1.3466,1.3468,1.00,2.06
2018.03.28 09:08:02.719,1.34661,1.3468,1.00,1.31
2018.03.28 09:08:03.059,1.34663,1.34681,1.00,3.19
2018.03.28 09:08:03.578,1.34662,1.3468,1.00,1.31
2018.03.28 09:08:04.158,1.34662,1.3468,1.00,1.19
2018.03.28 09:08:04.691,1.34661,1.3468,1.00,1.19
2018.03.28 09:08:05.708,1.34661,1.3468,1.00,1.56
2018.03.28 09:08:14.192,1.34659,1.34679,1.00,1.31
2018.03.28 09:08:14.244,1.34661,1.3468,1.00,2.06
2018.03.28 09:08:14.957,1.34661,1.3468,1.00,3.00
2018.03.28 09:08:15.853,1.34661,1.3468,1.00,2.81
2018.03.28 09:08:19.877,1.34661,1.34677,1.00,1.69
2018.03.28 09:08:20.973,1.34661,1.34673,1.00,1.00
2018.03.28 09:08:21.537,1.34658,1.34673,1.00,1.31
2018.03.28 09:08:21.640,1.34655,1.34668,1.00,1.25
2018.03.28 09:08:22.159,1.34654,1.34668,1.00,1.00
2018.03.28 09:08:22.727,1.34654,1.34667,1.00,1.00
2018.03.28 09:08:23.496,1.34657,1.34667,1.12,1.00
2018.03.28 09:08:23.734,1.34686,1.34704,1.00,1.25
2018.03.28 09:08:23.790,1.34691,1.34705,1.00,1.25
2018.03.28 09:08:23.844,1.34689,1.34705,1.00,1.25
2018.03.28 09:08:23.898,1.34693,1.34704,1.00,1.00
2018.03.28 09:08:24.285,1.34698,1.34717,1.00,1.31
2018.03.28 09:08:24.493,1.347,1.3472,1.00,1.69
2018.03.28 09:08:25.007,1.34699,1.3472,1.00,3.56
2018.03.28 09:08:25.513,1.34699,1.3472,1.00,4.31
2018.03.28 09:08:27.006,1.34699,1.34719,1.00,1.31
2018.03.28 09:08:27.311,1.34699,1.34718,1.00,1.31
2018.03.28 09:08:27.837,1.34696,1.34716,1.00,1.31
2018.03.28 09:08:27.888,1.34696,1.34715,1.00,1.56
2018.03.28 09:08:27.940,1.34694,1.34715,1.00,1.56
2018.03.28 09:08:27.992,1.34693,1.34712,1.00,1.56
2018.03.28 09:08:28.096,1.34687,1.34706,1.50,1.19
2018.03.28 09:08:28.199,1.34684,1.34703,1.00,2.44
2018.03.28 09:08:28.717,1.34683,1.34702,1.00,2.06
2018.03.28 09:08:29.278,1.34684,1.34703,1.00,2.44
2018.03.28 09:08:30.043,1.34683,1.34702,1.00,1.31
2018.03.28 09:08:30.578,1.34689,1.34705,1.00,1.31
2018.03.28 09:08:30.886,1.34694,1.34709,1.00,2.06
2018.03.28 09:08:32.768,1.34692,1.34709,1.00,1.31
2018.03.28 09:08:33.215,1.3469,1.34708,1.00,1.69
2018.03.28 09:08:33.320,1.34688,1.34706,1.00,1.19
2018.03.28 09:08:33.372,1.34687,1.34705,1.00,1.19
2018.03.28 09:08:33.424,1.34685,1.34703,1.00,1.25
2018.03.28 09:08:33.962,1.34685,1.34702,1.00,1.00
2018.03.28 09:08:34.580,1.34685,1.34701,1.00,1.25
2018.03.28 09:08:36.148,1.34685,1.34701,1.00,1.19
2018.03.28 09:08:36.253,1.34683,1.34701,1.00,1.31
2018.03.28 09:08:36.357,1.34681,1.34696,1.00,1.00
2018.03.28 09:08:36.409,1.34685,1.34698,1.00,1.25
2018.03.28 09:08:36.462,1.34686,1.34701,1.00,1.19
2018.03.28 09:08:36.513,1.34689,1.34704,1.00,1.00
2018.03.28 09:08:36.618,1.3469,1.34706,1.00,1.25
2018.03.28 09:08:37.391,1.3469,1.34707,1.00,1.31
2018.03.28 09:08:37.940,1.3469,1.34708,1.00,2.06
2018.03.28 09:08:38.286,1.34694,1.3471,1.00,2.06
2018.03.28 09:08:38.833,1.34694,1.3471,1.00,1.19
2018.03.28 09:08:40.967,1.34694,1.3471,1.00,1.19
2018.03.28 09:08:41.277,1.34695,1.34712,1.00,1.69
2018.03.28 09:08:41.532,1.34698,1.34715,1.00,2.06
2018.03.28 09:08:42.725,1.34698,1.34716,1.00,2.06
2018.03.28 09:08:44.344,1.34699,1.34716,1.00,1.56
2018.03.28 09:08:45.201,1.34697,1.34716,1.00,1.56
2018.03.28 09:08:46.032,1.34698,1.34716,1.00,1.56
2018.03.28 09:08:47.079,1.34697,1.34716,1.00,1.56
2018.03.28 09:08:47.131,1.34696,1.34714,1.00,1.56
2018.03.28 09:08:47.183,1.34694,1.34713,1.00,1.69
2018.03.28 09:08:47.595,1.34694,1.34712,1.00,1.56
2018.03.28 09:08:48.866,1.34694,1.3471,1.00,1.19
2018.03.28 09:08:51.518,1.34694,1.3471,1.00,1.19
2018.03.28 09:08:52.396,1.34695,1.34712,1.00,2.06
2018.03.28 09:08:52.935,1.34694,1.34712,1.00,2.44
2018.03.28 09:08:53.456,1.34693,1.34711,1.00,1.19
2018.03.28 09:08:55.681,1.34693,1.34711,1.00,1.31
2018.03.28 09:08:57.021,1.34693,1.34711,1.00,1.19
2018.03.28 09:08:57.749,1.34694,1.34711,1.00,1.19
2018.03.28 09:08:58.179,1.34696,1.34711,1.00,1.19
2018.03.28 09:08:58.391,1.34698,1.34716,1.00,2.44
2018.03.28 09:08:59.611,1.347,1.34716,1.00,1.69
2018.03.28 09:09:02.136,1.347,1.34717,1.00,1.31
2018.03.28 09:09:03.362,1.34698,1.34717,1.00,1.31
2018.03.28 09:09:04.905,1.34699,1.34717,1.00,1.31
2018.03.28 09:09:05.525,1.34704,1.3472,1.00,3.00
2018.03.28 09:09:05.577,1.34704,1.3472,1.00,1.19
2018.03.28 09:09:05.836,1.347,1.34718,1.00,2.06
2018.03.28 09:09:05.888,1.347,1.34717,1.00,1.56
2018.03.28 09:09:06.800,1.34698,1.34717,1.00,1.56
2018.03.28 09:09:07.059,1.34698,1.34715,1.00,1.56
2018.03.28 09:09:09.830,1.34696,1.34716,1.00,1.56
2018.03.28 09:09:10.343,1.34697,1.34717,1.00,3.75
2018.03.28 09:09:10.888,1.34698,1.34715,1.00,1.56
2018.03.28 09:09:11.145,1.34696,1.34713,1.00,1.19
2018.03.28 09:09:11.249,1.34698,1.34714,1.00,1.69
2018.03.28 09:09:11.903,1.34698,1.34716,1.00,2.44
2018.03.28 09:09:12.600,1.34699,1.34715,1.00,1.19
2018.03.28 09:09:15.512,1.347,1.34715,1.00,1.19
2018.03.28 09:09:15.620,1.34698,1.34715,1.00,1.19
2018.03.28 09:09:15.878,1.347,1.34716,1.00,1.31
2018.03.28 09:09:16.407,1.34699,1.34716,1.00,1.31
2018.03.28 09:09:16.940,1.34699,1.34717,1.00,1.56
2018.03.28 09:09:17.820,1.347,1.34717,1.00,2.06
2018.03.28 09:09:18.746,1.34699,1.34717,1.00,2.81
2018.03.28 09:09:18.798,1.34699,1.34717,1.00,2.81
2018.03.28 09:09:19.112,1.34699,1.34717,1.00,2.81
2018.03.28 09:09:19.687,1.34698,1.34716,1.00,2.06
2018.03.28 09:09:20.620,1.34698,1.34716,1.00,2.06
2018.03.28 09:09:21.279,1.34698,1.34716,1.00,1.19
2018.03.28 09:09:21.835,1.34699,1.34716,1.00,1.19
2018.03.28 09:09:22.472,1.34699,1.34716,1.00,1.31
2018.03.28 09:09:23.591,1.34699,1.34717,1.00,1.31
2018.03.28 09:09:24.867,1.34699,1.34717,1.00,1.19
2018.03.28 09:09:25.871,1.34703,1.3472,1.00,2.44
2018.03.28 09:09:25.974,1.34705,1.3472,1.00,2.06
2018.03.28 09:09:26.078,1.34703,1.3472,1.00,1.31
2018.03.28 09:09:26.450,1.34705,1.3472,1.00,1.31
2018.03.28 09:09:26.686,1.34697,1.34714,1.00,1.19
2018.03.28 09:09:27.199,1.34696,1.34715,1.00,2.81
2018.03.28 09:09:27.359,1.34696,1.34714,1.00,1.56
2018.03.28 09:09:27.463,1.34697,1.34714,1.00,1.19
2018.03.28 09:09:27.772,1.347,1.34714,1.00,1.19
2018.03.28 09:09:28.035,1.34698,1.34714,1.00,1.19
2018.03.28 09:09:28.652,1.34697,1.34715,1.00,3.19
2018.03.28 09:09:30.787,1.34698,1.34715,1.00,2.44
2018.03.28 09:09:32.723,1.34699,1.34717,1.00,2.59
2018.03.28 09:09:33.913,1.34698,1.34716,1.00,1.31
2018.03.28 09:09:35.037,1.34698,1.34716,1.00,1.19
2018.03.28 09:09:35.870,1.34699,1.34716,1.00,1.46
2018.03.28 09:09:36.410,1.34699,1.34716,1.00,1.84
2018.03.28 09:09:36.948,1.34698,1.34716,1.00,2.59
2018.03.28 09:09:36.999,1.347,1.34718,1.00,2.59
2018.03.28 09:09:37.525,1.347,1.34718,1.00,2.59
2018.03.28 09:09:38.492,1.34699,1.34717,1.00,1.71
2018.03.28 09:09:39.145,1.34698,1.34717,1.00,1.46
2018.03.28 09:09:39.197,1.347,1.34717,1.00,1.46
2018.03.28 09:09:40.504,1.34701,1.34718,1.00,1.84
2018.03.28 09:09:40.853,1.34699,1.34718,1.00,2.59
2018.03.28 09:09:41.660,1.347,1.34718,1.00,1.84
2018.03.28 09:09:45.684,1.34698,1.34717,1.00,1.56
2018.03.28 09:09:46.940,1.34699,1.34716,1.00,1.31
2018.03.28 09:09:46.992,1.34696,1.34717,2.25,2.06
2018.03.28 09:09:47.095,1.34694,1.34713,1.00,1.31
2018.03.28 09:09:47.250,1.34692,1.34713,1.12,1.19
2018.03.28 09:09:47.302,1.34701,1.34717,1.12,1.56
2018.03.28 09:09:47.406,1.34714,1.34726,1.00,1.00
2018.03.28 09:09:47.458,1.34717,1.34727,1.00,1.50
2018.03.28 09:09:47.663,1.34716,1.34733,1.00,1.19
2018.03.28 09:09:47.714,1.34714,1.34732,1.12,1.19
2018.03.28 09:09:47.816,1.34713,1.3473,2.25,1.19
2018.03.28 09:09:48.156,1.34718,1.34735,1.00,4.69
2018.03.28 09:09:48.770,1.34719,1.34735,1.00,1.69
2018.03.28 09:09:48.968,1.34717,1.34735,1.00,3.56
2018.03.28 09:09:49.287,1.34717,1.34735,1.00,2.44
2018.03.28 09:09:49.800,1.34718,1.34735,1.00,2.44
2018.03.28 09:09:52.091,1.34722,1.34735,1.12,1.50
2018.03.28 09:09:52.193,1.34728,1.34743,1.00,1.31
2018.03.28 09:09:52.295,1.34728,1.34745,1.12,1.00
2018.03.28 09:09:52.820,1.34729,1.34748,1.00,1.19
2018.03.28 09:09:53.217,1.34727,1.34746,1.00,1.25
2018.03.28 09:09:53.732,1.34727,1.34747,1.50,1.19
2018.03.28 09:09:54.276,1.34727,1.34747,1.00,1.19
2018.03.28 09:09:54.328,1.34726,1.34747,1.00,1.56
2018.03.28 09:09:54.379,1.34722,1.34741,1.87,1.19
2018.03.28 09:09:54.430,1.34723,1.34743,1.00,1.19
2018.03.28 09:09:54.481,1.34724,1.34743,1.00,1.56
2018.03.28 09:09:55.004,1.34723,1.34744,1.00,1.56
2018.03.28 09:09:55.369,1.34725,1.34743,1.00,1.56
2018.03.28 09:09:55.910,1.34725,1.34743,1.00,1.19
2018.03.28 09:09:56.419,1.34724,1.34742,1.00,1.19
2018.03.28 09:09:56.934,1.34724,1.34742,1.00,1.31
2018.03.28 09:09:57.973,1.34724,1.34742,1.00,1.56
2018.03.28 09:09:58.692,1.34723,1.34742,1.00,1.56
2018.03.28 09:09:59.132,1.34723,1.34742,1.00,1.19
2018.03.28 09:09:59.534,1.34727,1.34746,1.00,2.06
2018.03.28 09:09:59.587,1.34723,1.34744,2.25,1.25
2018.03.28 09:09:59.693,1.34723,1.34742,1.00,1.19
2018.03.28 09:10:00.206,1.34722,1.34742,1.00,1.19
2018.03.28 09:10:01.633,1.34722,1.34743,1.00,1.31
2018.03.28 09:10:03.942,1.34723,1.34742,1.00,1.69
2018.03.28 09:10:04.621,1.34723,1.34742,1.00,2.06
2018.03.28 09:10:05.067,1.34719,1.34738,1.00,1.19
2018.03.28 09:10:05.119,1.34718,1.34735,1.12,1.19
2018.03.28 09:10:05.362,1.34714,1.34734,1.00,2.06
2018.03.28 09:10:05.882,1.34715,1.34734,1.00,2.06
2018.03.28 09:10:06.339,1.34715,1.34735,1.00,1.19
2018.03.28 09:10:07.015,1.34715,1.34734,1.00,1.69
2018.03.28 09:10:07.790,1.34715,1.34734,1.00,1.69
2018.03.28 09:10:07.943,1.34717,1.34734,1.00,1.19
2018.03.28 09:10:08.045,1.34715,1.34734,1.00,1.69
2018.03.28 09:10:08.394,1.34717,1.34735,1.00,1.25
2018.03.28 09:10:08.707,1.34719,1.34737,1.00,1.00
2018.03.28 09:10:09.540,1.34721,1.34737,1.00,1.00
2018.03.28 09:10:09.954,1.34722,1.34739,1.00,1.25
2018.03.28 09:10:15.043,1.34721,1.34739,1.25,1.00
2018.03.28 09:10:15.433,1.34723,1.34739,1.50,1.00
2018.03.28 09:10:15.896,1.34725,1.3474,1.50,1.00
2018.03.28 09:10:16.302,1.34724,1.34742,2.25,1.25
2018.03.28 09:10:16.803,1.34724,1.34742,2.25,1.19
2018.03.28 09:10:18.748,1.34725,1.34742,1.50,1.19
2018.03.28 09:10:19.291,1.34724,1.34742,2.25,1.19
2018.03.28 09:10:20.924,1.34725,1.34742,1.00,1.19
2018.03.28 09:10:22.412,1.34727,1.34746,1.50,1.56
2018.03.28 09:10:22.759,1.34734,1.34752,1.00,1.19
2018.03.28 09:10:22.912,1.34732,1.34752,1.12,1.19
2018.03.28 09:10:23.169,1.34731,1.34749,2.62,1.31
2018.03.28 09:10:24.428,1.34731,1.34751,2.62,1.56
2018.03.28 09:10:24.856,1.34732,1.34752,1.87,1.31
2018.03.28 09:10:24.907,1.34734,1.34753,1.00,1.56
2018.03.28 09:10:26.901,1.34735,1.34753,1.50,1.56
2018.03.28 09:10:27.392,1.34737,1.34754,1.00,1.56
2018.03.28 09:10:27.808,1.34734,1.34753,1.00,1.56
2018.03.28 09:10:29.727,1.34734,1.34753,1.00,1.56
2018.03.28 09:10:29.779,1.34734,1.34756,1.50,2.06
2018.03.28 09:10:30.034,1.34734,1.34756,2.25,1.56
2018.03.28 09:10:30.545,1.34737,1.34757,1.50,1.56
2018.03.28 09:10:30.752,1.34737,1.34758,2.62,2.06
2018.03.28 09:10:31.197,1.34736,1.34755,1.87,1.31
2018.03.28 09:10:35.749,1.34734,1.34753,1.50,1.56
2018.03.28 09:10:35.802,1.34732,1.34752,1.12,1.31
2018.03.28 09:10:36.112,1.34731,1.3475,1.50,1.56
2018.03.28 09:10:36.347,1.34728,1.34748,1.87,1.31
2018.03.28 09:10:36.398,1.34728,1.34748,1.87,2.25
2018.03.28 09:10:37.582,1.34728,1.34748,1.87,1.56
2018.03.28 09:10:38.087,1.34728,1.34748,1.12,1.56
2018.03.28 09:10:39.913,1.34727,1.34747,1.50,1.12
2018.03.28 09:10:41.204,1.34727,1.34746,1.50,1.81
2018.03.28 09:10:41.726,1.34729,1.34746,1.00,2.25
2018.03.28 09:10:42.340,1.34728,1.34746,1.87,1.87
2018.03.28 09:10:43.006,1.34729,1.34746,1.12,1.12
2018.03.28 09:10:43.502,1.34728,1.34747,1.12,2.25
2018.03.28 09:10:44.240,1.34728,1.34747,1.00,1.56
2018.03.28 09:10:44.495,1.34728,1.34749,1.12,1.31
2018.03.28 09:10:44.550,1.3473,1.34749,1.12,1.19
2018.03.28 09:10:44.873,1.34732,1.34751,1.00,1.31
2018.03.28 09:10:44.925,1.34732,1.34753,1.00,1.69
2018.03.28 09:10:45.234,1.34731,1.34751,1.12,1.19
2018.03.28 09:10:45.337,1.34729,1.3475,1.00,1.19
2018.03.28 09:10:45.488,1.34736,1.34753,1.37,1.75
2018.03.28 09:10:45.541,1.34739,1.34754,1.00,1.00
2018.03.28 09:10:45.592,1.34741,1.34759,1.00,1.50
2018.03.28 09:10:45.644,1.34743,1.34761,1.00,1.00
2018.03.28 09:10:46.156,1.34745,1.34763,1.25,1.00
2018.03.28 09:10:46.230,1.34742,1.34763,1.25,1.19
2018.03.28 09:10:46.383,1.34747,1.34766,1.00,1.19
2018.03.28 09:10:46.688,1.34745,1.34764,1.00,1.19
2018.03.28 09:10:46.891,1.34743,1.34764,1.00,1.69
2018.03.28 09:10:46.999,1.34748,1.34766,1.12,1.19
2018.03.28 09:10:47.052,1.3475,1.34771,1.00,1.19
2018.03.28 09:10:47.361,1.34752,1.34771,1.00,1.25
2018.03.28 09:10:47.671,1.34754,1.34773,1.25,1.00
2018.03.28 09:10:49.000,1.34753,1.34775,1.19,1.19
2018.03.28 09:10:49.511,1.34753,1.34775,1.19,1.25
2018.03.28 09:10:50.015,1.34754,1.34774,1.19,1.00
2018.03.28 09:10:50.526,1.34756,1.34776,1.00,1.19
2018.03.28 09:10:50.856,1.34757,1.34777,1.19,1.00
2018.03.28 09:10:51.072,1.3476,1.34781,1.00,2.44
2018.03.28 09:10:51.594,1.3476,1.34779,1.00,1.00
2018.03.28 09:10:51.646,1.34762,1.34782,1.25,1.31
2018.03.28 09:10:51.698,1.34764,1.34785,1.00,1.31
2018.03.28 09:10:51.751,1.34764,1.34785,1.25,2.06
2018.03.28 09:10:52.260,1.34765,1.34784,1.00,2.44
2018.03.28 09:10:52.698,1.34762,1.34781,1.69,1.00
2018.03.28 09:10:52.750,1.34762,1.34783,1.00,1.25
2018.03.28 09:10:53.926,1.34764,1.34783,1.00,1.19
2018.03.28 09:10:53.978,1.34767,1.34786,1.00,1.25
2018.03.28 09:10:54.446,1.34765,1.34783,1.69,1.00
2018.03.28 09:10:55.076,1.34762,1.34784,1.31,1.50
2018.03.28 09:10:55.385,1.34763,1.34784,1.25,1.00
2018.03.28 09:10:55.715,1.34763,1.34782,1.69,1.00
2018.03.28 09:10:56.523,1.34763,1.34782,1.00,1.19
2018.03.28 09:10:57.364,1.34772,1.34784,1.00,1.00
2018.03.28 09:10:57.417,1.34776,1.34789,1.00,1.00
2018.03.28 09:10:57.469,1.34779,1.34794,1.19,1.50
2018.03.28 09:10:57.522,1.34776,1.34795,2.25,1.00
2018.03.28 09:10:57.574,1.34778,1.348,3.00,1.37
2018.03.28 09:10:57.626,1.34781,1.34803,1.25,2.06
2018.03.28 09:10:57.678,1.34781,1.34801,1.31,1.37
2018.03.28 09:10:58.237,1.3478,1.34799,1.69,1.37
2018.03.28 09:10:58.289,1.3478,1.34801,1.69,1.37
2018.03.28 09:10:58.882,1.34781,1.348,1.19,1.12
2018.03.28 09:10:59.425,1.34781,1.34801,1.19,1.87
2018.03.28 09:11:00.026,1.34781,1.348,1.19,1.12
2018.03.28 09:11:00.565,1.34783,1.34801,1.19,1.37
2018.03.28 09:11:01.191,1.34783,1.34801,1.19,1.37
2018.03.28 09:11:02.568,1.34785,1.34804,1.25,1.87
2018.03.28 09:11:02.620,1.34791,1.34808,1.00,2.06
2018.03.28 09:11:02.673,1.34792,1.3481,1.00,1.87
2018.03.28 09:11:02.725,1.34795,1.34812,1.19,1.00
2018.03.28 09:11:02.882,1.34796,1.34815,1.25,1.50
2018.03.28 09:11:02.935,1.34793,1.34811,1.31,1.12
2018.03.28 09:11:03.042,1.34791,1.3481,1.00,1.31
2018.03.28 09:11:03.094,1.34789,1.34808,1.50,1.19
2018.03.28 09:11:03.370,1.34785,1.34804,1.50,1.25
2018.03.28 09:11:03.574,1.34787,1.34808,1.00,1.69
2018.03.28 09:11:03.920,1.34789,1.34808,1.00,1.69
2018.03.28 09:11:04.175,1.34788,1.34809,1.25,1.69
2018.03.28 09:11:04.277,1.34788,1.34809,1.00,1.69
2018.03.28 09:11:05.010,1.34791,1.3481,1.00,2.06
2018.03.28 09:11:05.114,1.34795,1.34813,1.00,1.00
2018.03.28 09:11:05.219,1.34794,1.34811,1.00,1.00
2018.03.28 09:11:05.373,1.3479,1.3481,1.00,1.50
2018.03.28 09:11:05.475,1.34788,1.34807,1.69,1.00
2018.03.28 09:11:05.944,1.34787,1.34807,1.00,1.00
2018.03.28 09:11:06.148,1.34785,1.34807,1.50,1.31
2018.03.28 09:11:06.199,1.34787,1.34808,1.00,1.19
2018.03.28 09:11:06.656,1.34785,1.34809,1.50,1.31
2018.03.28 09:11:07.519,1.34788,1.34808,1.00,1.19
2018.03.28 09:11:08.255,1.34788,1.34808,1.00,1.12
2018.03.28 09:11:08.307,1.34788,1.34808,1.00,1.31
2018.03.28 09:11:08.359,1.34785,1.34805,1.50,1.00
2018.03.28 09:11:08.514,1.34788,1.34806,1.00,1.00
2018.03.28 09:11:08.567,1.34787,1.34809,1.69,1.69
2018.03.28 09:11:09.265,1.34787,1.34808,1.69,1.00
2018.03.28 09:11:09.849,1.34788,1.34808,1.00,1.00
2018.03.28 09:11:10.095,1.3479,1.3481,1.00,1.19
2018.03.28 09:11:10.402,1.34796,1.34818,1.00,1.31
2018.03.28 09:11:11.079,1.34797,1.3482,1.12,1.19
2018.03.28 09:11:11.295,1.34798,1.34812,1.00,1.19
2018.03.28 09:11:11.349,1.34791,1.34815,3.94,1.69
2018.03.28 09:11:11.402,1.34792,1.34813,1.00,1.19
2018.03.28 09:11:11.609,1.34791,1.34813,1.31,1.25
2018.03.28 09:11:11.817,1.34793,1.34814,1.00,1.19
2018.03.28 09:11:11.869,1.34791,1.34814,2.06,1.19
2018.03.28 09:11:12.280,1.34794,1.34815,1.00,2.81
2018.03.28 09:11:12.517,1.34792,1.34815,1.00,2.81
2018.03.28 09:11:13.055,1.34793,1.34814,1.00,1.31
2018.03.28 09:11:13.158,1.34791,1.34814,2.06,1.31
2018.03.28 09:11:13.697,1.34792,1.34815,1.00,1.56
2018.03.28 09:11:13.972,1.34799,1.34815,1.00,1.56
2018.03.28 09:11:14.028,1.34799,1.3482,1.00,2.06
2018.03.28 09:11:14.080,1.34798,1.34818,1.00,1.00
2018.03.28 09:11:14.132,1.34796,1.3482,2.06,1.25
2018.03.28 09:11:14.645,1.34799,1.3482,1.19,1.00
2018.03.28 09:11:14.901,1.34799,1.34822,1.19,1.00
2018.03.28 09:11:15.427,1.34799,1.34822,1.19,1.25
2018.03.28 09:11:15.971,1.34799,1.34821,1.19,1.00
2018.03.28 09:11:16.322,1.34799,1.34821,1.25,1.25
2018.03.28 09:11:18.626,1.34799,1.34822,1.69,1.19
2018.03.28 09:11:19.744,1.34798,1.34821,2.06,1.00
2018.03.28 09:11:20.266,1.34799,1.34822,1.31,1.50
2018.03.28 09:11:20.779,1.34798,1.34821,2.06,1.00
2018.03.28 09:11:21.292,1.34797,1.34821,2.06,1.69
2018.03.28 09:11:21.793,1.34797,1.3482,2.06,1.12
2018.03.28 09:11:22.000,1.34796,1.3482,1.69,1.12
2018.03.28 09:11:22.105,1.34802,1.34823,1.25,1.69
2018.03.28 09:11:22.420,1.34801,1.34823,1.69,1.50
2018.03.28 09:11:23.525,1.34801,1.34823,1.31,1.50
2018.03.28 09:11:23.942,1.34804,1.34823,1.00,1.50
2018.03.28 09:11:24.603,1.34804,1.34824,1.00,1.69
2018.03.28 09:11:25.815,1.34804,1.34823,1.25,1.50
2018.03.28 09:11:26.570,1.34805,1.34823,1.00,1.50
2018.03.28 09:11:27.517,1.34805,1.34823,1.19,1.50
2018.03.28 09:11:29.951,1.34804,1.34824,2.06,1.50
2018.03.28 09:11:30.004,1.34804,1.34823,1.00,1.00
2018.03.28 09:11:30.057,1.34801,1.34821,1.69,1.25
2018.03.28 09:11:30.109,1.34801,1.34823,1.00,3.56
2018.03.28 09:11:30.317,1.34803,1.34823,1.25,1.25
2018.03.28 09:11:30.824,1.34802,1.34821,1.19,1.00
2018.03.28 09:11:31.422,1.34802,1.34822,1.19,1.50
2018.03.28 09:11:31.693,1.348,1.3482,1.00,1.31
2018.03.28 09:11:32.243,1.34799,1.34819,1.00,1.00
2018.03.28 09:11:33.311,1.34801,1.34821,1.00,1.19
2018.03.28 09:11:33.578,1.34802,1.34823,1.19,1.50
2018.03.28 09:11:34.095,1.34804,1.34823,1.00,1.50
2018.03.28 09:11:34.249,1.34806,1.34823,1.00,1.50
2018.03.28 09:11:34.887,1.34806,1.34824,1.00,1.50
2018.03.28 09:11:35.103,1.34802,1.34823,1.00,1.69
2018.03.28 09:11:35.155,1.348,1.3482,1.25,1.00
2018.03.28 09:11:35.934,1.348,1.34821,1.25,1.00
2018.03.28 09:11:36.239,1.34804,1.34823,1.19,1.50
2018.03.28 09:11:36.798,1.34803,1.34823,1.00,1.69
2018.03.28 09:11:36.901,1.348,1.34822,1.19,1.00
2018.03.28 09:11:37.081,1.34803,1.34823,1.00,1.69
2018.03.28 09:11:37.185,1.34804,1.34823,1.25,1.50
2018.03.28 09:11:37.695,1.34805,1.34823,1.00,1.50
2018.03.28 09:11:38.278,1.34805,1.34824,1.00,1.69
2018.03.28 09:11:38.902,1.34806,1.34824,1.00,1.50
2018.03.28 09:11:39.005,1.34806,1.34823,1.19,1.50
2018.03.28 09:11:39.506,1.34806,1.34824,1.19,1.50
2018.03.28 09:11:40.989,1.34806,1.34824,1.69,1.50
2018.03.28 09:11:41.247,1.34805,1.34824,1.25,2.25
2018.03.28 09:11:41.404,1.348,1.3482,1.31,1.00
2018.03.28 09:11:41.508,1.34797,1.34818,1.00,1.19
2018.03.28 09:11:42.519,1.34798,1.34817,1.00,1.19
2018.03.28 09:11:42.623,1.34796,1.34818,1.50,1.69
2018.03.28 09:11:43.127,1.34797,1.34816,1.00,1.25
2018.03.28 09:11:43.819,1.34796,1.34816,1.00,1.25
2018.03.28 09:11:43.871,1.34798,1.34817,1.00,1.19
2018.03.28 09:11:43.923,1.34796,1.34817,1.50,1.19
2018.03.28 09:11:44.029,1.34798,1.34817,1.00,1.19
2018.03.28 09:11:44.082,1.34796,1.34817,1.25,1.19
2018.03.28 09:11:44.303,1.34798,1.34817,1.00,1.19
2018.03.28 09:11:44.406,1.34796,1.34817,1.25,1.19
2018.03.28 09:11:44.614,1.34798,1.34817,1.00,1.19
2018.03.28 09:11:44.666,1.34796,1.34818,1.25,1.69
2018.03.28 09:11:45.209,1.34796,1.34818,2.44,1.19
2018.03.28 09:11:45.760,1.34796,1.34818,2.25,1.19
2018.03.28 09:11:45.811,1.34797,1.34819,1.00,1.19
2018.03.28 09:11:46.417,1.34797,1.34819,1.25,1.19
2018.03.28 09:11:46.656,1.34799,1.34818,1.00,1.19
2018.03.28 09:11:46.810,1.34797,1.34818,1.69,1.19
2018.03.28 09:11:47.771,1.34799,1.34818,1.00,1.19
2018.03.28 09:11:47.822,1.34797,1.34818,1.69,1.19
2018.03.28 09:11:47.874,1.34799,1.34819,1.00,1.19
2018.03.28 09:11:47.977,1.34797,1.34819,1.25,1.19
2018.03.28 09:11:48.029,1.34799,1.34818,1.00,1.19
2018.03.28 09:11:48.396,1.34797,1.34819,1.25,1.19
2018.03.28 09:11:48.793,1.34797,1.34817,1.19,1.00
2018.03.28 09:11:49.177,1.34797,1.34819,1.31,1.50
2018.03.28 09:11:49.228,1.34801,1.34822,1.25,2.06
2018.03.28 09:11:49.381,1.34802,1.34821,1.19,1.00
2018.03.28 09:11:49.433,1.34804,1.34824,1.00,3.56
2018.03.28 09:11:50.074,1.34801,1.34824,1.19,2.81
2018.03.28 09:11:50.710,1.34801,1.34823,1.19,1.50
2018.03.28 09:11:51.664,1.34802,1.34823,1.19,1.50
2018.03.28 09:11:51.842,1.34802,1.34823,1.00,1.19
2018.03.28 09:11:51.948,1.34798,1.34818,1.50,1.00
2018.03.28 09:11:52.471,1.34799,1.34818,1.00,1.00
2018.03.28 09:11:52.624,1.34805,1.34823,1.00,1.50
2018.03.28 09:11:53.128,1.34806,1.34823,1.00,1.50
2018.03.28 09:11:53.440,1.34802,1.34823,3.19,1.50
2018.03.28 09:11:53.951,1.34802,1.34824,2.06,1.69
2018.03.28 09:11:54.003,1.34802,1.34824,2.06,2.44
2018.03.28 09:11:55.965,1.34802,1.34824,2.06,2.44
2018.03.28 09:11:56.510,1.34799,1.34822,3.94,1.00
2018.03.28 09:11:57.106,1.34799,1.34822,3.94,1.25
2018.03.28 09:11:58.262,1.348,1.34823,1.56,1.50
2018.03.28 09:11:58.885,1.34799,1.34822,2.81,1.00
2018.03.28 09:11:59.563,1.34799,1.34822,2.44,1.00
2018.03.28 09:12:00.134,1.34799,1.34821,1.19,1.00
2018.03.28 09:12:00.441,1.34777,1.34795,1.50,1.19
2018.03.28 09:12:00.493,1.34774,1.34796,1.50,1.31
2018.03.28 09:12:01.270,1.34775,1.34797,1.00,1.56
2018.03.28 09:12:01.322,1.34775,1.34797,1.25,1.19
2018.03.28 09:12:01.479,1.34783,1.34799,1.00,1.69
2018.03.28 09:12:01.533,1.34783,1.34802,1.69,1.00
2018.03.28 09:12:01.636,1.34786,1.34805,1.00,1.25
2018.03.28 09:12:01.945,1.34787,1.34807,1.25,1.25
2018.03.28 09:12:02.150,1.34785,1.34805,1.69,1.00
2018.03.28 09:12:02.303,1.34787,1.34807,1.25,1.69
2018.03.28 09:12:02.506,1.34786,1.34805,1.31,1.00
2018.03.28 09:12:02.659,1.34787,1.34808,1.25,1.69
2018.03.28 09:12:03.283,1.34785,1.34807,1.69,1.69
2018.03.28 09:12:03.385,1.34788,1.34807,1.00,1.25
2018.03.28 09:12:03.698,1.3479,1.34809,1.00,1.19
2018.03.28 09:12:04.039,1.34792,1.34811,1.00,2.06
2018.03.28 09:12:04.981,1.34792,1.34811,1.00,1.56
2018.03.28 09:12:05.033,1.3479,1.34811,1.12,1.56
2018.03.28 09:12:05.557,1.34791,1.3481,1.00,1.56
2018.03.28 09:12:06.342,1.34791,1.3481,1.00,2.25
2018.03.28 09:12:07.133,1.34791,1.3481,1.00,1.31
2018.03.28 09:12:07.695,1.34792,1.34811,1.00,1.56
2018.03.28 09:12:08.897,1.34791,1.34812,1.12,1.56
2018.03.28 09:12:09.423,1.34792,1.34812,1.00,1.56
2018.03.28 09:12:10.107,1.34791,1.34811,1.12,1.31
2018.03.28 09:12:10.364,1.34796,1.34815,1.00,2.06
2018.03.28 09:12:10.671,1.34801,1.3482,1.00,1.56
2018.03.28 09:12:11.436,1.34801,1.3482,1.00,1.19
2018.03.28 09:12:11.986,1.34801,1.3482,1.00,1.56
2018.03.28 09:12:12.523,1.34802,1.3482,1.12,1.31
2018.03.28 09:12:12.625,1.34802,1.34821,1.87,1.19
2018.03.28 09:12:13.173,1.34803,1.34821,1.00,1.19
2018.03.28 09:12:13.399,1.34805,1.3482,1.00,1.25
2018.03.28 09:12:13.912,1.34804,1.34821,1.12,1.19
2018.03.28 09:12:15.720,1.34804,1.3482,1.12,1.00
2018.03.28 09:12:17.289,1.34804,1.34822,1.12,1.25
2018.03.28 09:12:17.744,1.34803,1.34821,1.50,1.19
2018.03.28 09:12:17.795,1.34802,1.34821,1.00,1.19
2018.03.28 09:12:17.949,1.34803,1.34821,1.00,1.25
2018.03.28 09:12:18.169,1.34801,1.34819,1.12,1.25
2018.03.28 09:12:18.477,1.34799,1.34818,1.50,1.19
2018.03.28 09:12:18.893,1.34801,1.3482,1.00,1.19
2018.03.28 09:12:18.945,1.34804,1.34822,1.00,2.06
2018.03.28 09:12:19.126,1.34806,1.34823,1.00,1.50
2018.03.28 09:12:19.229,1.34808,1.34823,1.12,1.69
2018.03.28 09:12:19.433,1.34802,1.34822,1.50,1.19
2018.03.28 09:12:19.586,1.34802,1.34822,1.00,1.31
2018.03.28 09:12:20.245,1.34803,1.34822,1.00,1.31
2018.03.28 09:12:20.555,1.34798,1.34819,3.94,1.25
2018.03.28 09:12:21.386,1.34807,1.34823,1.87,1.69
2018.03.28 09:12:21.693,1.3481,1.34825,1.00,2.44
2018.03.28 09:12:21.999,1.34808,1.34825,1.00,2.44
2018.03.28 09:12:22.516,1.34807,1.34825,1.87,3.19
2018.03.28 09:12:23.825,1.34807,1.34825,1.12,1.50
2018.03.28 09:12:23.876,1.3481,1.34823,1.12,3.00
2018.03.28 09:12:24.389,1.34811,1.34823,1.00,3.00
2018.03.28 09:12:25.899,1.34811,1.34826,1.00,1.37
2018.03.28 09:12:26.412,1.34812,1.34824,1.00,1.00
2018.03.28 09:12:27.051,1.34812,1.34823,1.00,2.25
2018.03.28 09:12:27.784,1.34811,1.34823,1.00,2.25
2018.03.28 09:12:28.329,1.3481,1.34823,1.50,2.25
2018.03.28 09:12:29.916,1.34808,1.34823,1.50,3.00
2018.03.28 09:12:30.021,1.34806,1.34823,1.12,4.50
2018.03.28 09:12:30.124,1.34804,1.34822,1.00,1.00
2018.03.28 09:12:30.402,1.34803,1.34821,1.00,1.31
2018.03.28 09:12:30.901,1.34803,1.34822,1.00,2.44
2018.03.28 09:12:31.632,1.34808,1.34823,1.00,4.69
2018.03.28 09:12:31.976,1.3481,1.34823,1.00,3.00
2018.03.28 09:12:32.162,1.34808,1.34823,1.00,4.50
2018.03.28 09:12:32.265,1.34805,1.34823,1.00,4.69
2018.03.28 09:12:32.369,1.34807,1.34823,1.00,4.69
2018.03.28 09:12:32.782,1.34809,1.34824,1.00,6.19
2018.03.28 09:12:33.300,1.34809,1.34823,1.00,4.50
2018.03.28 09:12:33.403,1.34809,1.34821,1.00,1.00
2018.03.28 09:12:33.455,1.34804,1.34822,1.00,2.06
2018.03.28 09:12:33.507,1.34801,1.3482,1.00,1.19
2018.03.28 09:12:33.559,1.34804,1.3482,1.00,1.00
2018.03.28 09:12:33.765,1.34806,1.34824,1.00,4.50
2018.03.28 09:12:33.817,1.34808,1.34823,1.00,1.00
2018.03.28 09:12:33.869,1.34806,1.34824,1.00,5.44
2018.03.28 09:12:34.161,1.34809,1.34822,1.00,1.00
2018.03.28 09:12:34.515,1.34811,1.34823,1.00,1.00
2018.03.28 09:12:35.497,1.34812,1.34823,1.00,1.00
2018.03.28 09:12:35.805,1.3481,1.34823,1.00,1.00
2018.03.28 09:12:36.315,1.34808,1.34823,1.00,5.25
2018.03.28 09:12:36.421,1.34805,1.34822,1.00,1.00
2018.03.28 09:12:36.473,1.34803,1.34824,1.19,6.19
2018.03.28 09:12:36.524,1.34803,1.3482,1.19,1.00
2018.03.28 09:12:37.180,1.34805,1.3482,1.00,1.00
2018.03.28 09:12:37.972,1.34807,1.3482,1.00,1.00
2018.03.28 09:12:38.126,1.3481,1.34824,1.00,4.50
2018.03.28 09:12:38.798,1.34811,1.34824,1.00,4.50
2018.03.28 09:12:39.313,1.34811,1.34823,1.00,3.75
2018.03.28 09:12:39.707,1.34807,1.34823,1.00,3.75
2018.03.28 09:12:40.018,1.34804,1.34822,1.25,1.00
2018.03.28 09:12:40.548,1.34805,1.34822,1.00,1.25
2018.03.28 09:12:41.897,1.34804,1.34822,1.00,1.25
2018.03.28 09:12:41.950,1.348,1.34819,1.00,1.69
2018.03.28 09:12:42.289,1.34795,1.34815,1.00,1.25
2018.03.28 09:12:42.342,1.3479,1.34806,1.00,1.25
2018.03.28 09:12:42.596,1.34786,1.34803,1.00,1.00
2018.03.28 09:12:42.648,1.34788,1.34805,1.00,1.19
2018.03.28 09:12:42.699,1.34788,1.34807,1.00,1.50
2018.03.28 09:12:42.751,1.3479,1.34808,1.25,1.00
2018.03.28 09:12:43.058,1.34798,1.34813,1.00,1.00
2018.03.28 09:12:43.110,1.34795,1.34817,1.25,1.19
2018.03.28 09:12:43.464,1.34798,1.34817,1.00,1.19
2018.03.28 09:12:44.011,1.34798,1.34817,1.00,1.19
2018.03.28 09:12:44.543,1.34799,1.34815,1.00,1.19
2018.03.28 09:12:45.343,1.34799,1.34815,1.00,1.00
2018.03.28 09:12:45.497,1.34796,1.34818,1.69,1.25
2018.03.28 09:12:45.549,1.34799,1.34818,1.00,1.25
2018.03.28 09:12:46.095,1.34799,1.34817,1.00,1.00
2018.03.28 09:12:46.635,1.34799,1.34819,1.00,1.19
2018.03.28 09:12:46.940,1.34801,1.34819,1.00,1.19
2018.03.28 09:12:47.348,1.34805,1.34823,1.00,1.56
2018.03.28 09:12:47.451,1.34807,1.34823,1.12,4.69
2018.03.28 09:12:47.815,1.34809,1.34823,1.12,4.50
2018.03.28 09:12:48.178,1.34814,1.34825,1.00,1.50
2018.03.28 09:12:48.282,1.34811,1.34825,1.00,1.69
2018.03.28 09:12:48.387,1.3481,1.34826,1.00,1.50
2018.03.28 09:12:48.440,1.34808,1.34824,1.50,1.00
2018.03.28 09:12:48.543,1.34806,1.34824,1.00,3.75
2018.03.28 09:12:48.647,1.34808,1.34824,1.00,4.95
2018.03.28 09:12:48.699,1.34805,1.34824,2.44,4.95
2018.03.28 09:12:48.751,1.34807,1.34823,1.00,4.20
2018.03.28 09:12:49.076,1.34806,1.34821,1.00,1.00
2018.03.28 09:12:49.397,1.34808,1.34821,1.00,1.00
2018.03.28 09:12:50.923,1.34806,1.34821,1.00,1.00
2018.03.28 09:12:50.974,1.34807,1.34823,1.00,4.20
2018.03.28 09:12:51.499,1.34806,1.34823,1.00,4.20
2018.03.28 09:12:52.006,1.34807,1.34824,1.00,4.95
2018.03.28 09:12:53.513,1.34807,1.34821,1.00,1.00
2018.03.28 09:12:53.770,1.34806,1.34824,1.00,4.39
2018.03.28 09:12:54.057,1.34809,1.34824,1.00,5.14
2018.03.28 09:12:54.580,1.3481,1.34823,1.00,2.25
2018.03.28 09:12:55.088,1.3481,1.34824,1.00,2.25
2018.03.28 09:12:55.796,1.34809,1.34824,1.87,2.25
2018.03.28 09:12:56.106,1.34817,1.34832,1.00,1.00
2018.03.28 09:12:56.210,1.34817,1.34837,1.00,1.19
2018.03.28 09:12:56.860,1.34817,1.34838,1.00,1.19
2018.03.28 09:12:57.025,1.34819,1.34839,1.00,1.19
2018.03.28 09:12:59.185,1.34819,1.34839,1.00,1.19
2018.03.28 09:12:59.489,1.34817,1.34837,1.00,1.19
2018.03.28 09:12:59.836,1.34819,1.34837,1.00,1.19
2018.03.28 09:12:59.939,1.34817,1.34837,1.00,1.25
2018.03.28 09:13:00.447,1.34819,1.34838,1.00,2.44
2018.03.28 09:13:00.498,1.34817,1.34837,1.50,1.25
2018.03.28 09:13:00.784,1.34819,1.34837,1.00,1.25
2018.03.28 09:13:00.891,1.34817,1.34837,1.00,1.25
2018.03.28 09:13:00.993,1.3482,1.34838,1.00,1.00
2018.03.28 09:13:01.624,1.3482,1.3484,1.00,1.19
2018.03.28 09:13:02.338,1.3482,1.3484,1.00,1.31
2018.03.28 09:13:02.875,1.3482,1.34838,1.00,1.19
2018.03.28 09:13:03.423,1.34821,1.34838,1.00,1.19
2018.03.28 09:13:03.957,1.34821,1.34838,1.00,1.19
2018.03.28 09:13:04.974,1.3482,1.34837,1.00,1.25
2018.03.28 09:13:05.128,1.34813,1.34833,1.50,1.19
2018.03.28 09:13:05.179,1.34815,1.34833,1.00,1.19
2018.03.28 09:13:05.693,1.34815,1.34835,1.00,1.56
2018.03.28 09:13:06.245,1.34815,1.34828,1.00,1.00
2018.03.28 09:13:06.370,1.34819,1.34837,1.00,1.00
2018.03.28 09:13:06.421,1.3482,1.3484,1.12,1.87
2018.03.28 09:13:06.473,1.34822,1.3484,1.00,1.00
2018.03.28 09:13:06.985,1.34822,1.34841,1.50,1.25
2018.03.28 09:13:07.374,1.34822,1.34841,1.00,1.19
2018.03.28 09:13:07.429,1.34821,1.34842,1.69,1.00
2018.03.28 09:13:07.946,1.34821,1.34843,2.81,1.69
2018.03.28 09:13:08.146,1.34822,1.34841,1.12,1.00
2018.03.28 09:13:08.625,1.34822,1.34843,1.12,1.69
2018.03.28 09:13:08.866,1.34822,1.34844,1.12,2.44
2018.03.28 09:13:09.517,1.34824,1.34843,1.00,1.69
2018.03.28 09:13:09.947,1.34829,1.34847,1.00,1.19
2018.03.28 09:13:10.000,1.34828,1.34847,1.12,1.50
2018.03.28 09:13:10.258,1.34826,1.34845,1.25,1.50
2018.03.28 09:13:10.774,1.34827,1.34845,1.00,1.00
2018.03.28 09:13:11.314,1.34828,1.34846,1.00,1.87
2018.03.28 09:13:11.622,1.34831,1.34845,1.00,1.00
2018.03.28 09:13:11.674,1.34833,1.3485,1.00,1.25
2018.03.28 09:13:11.726,1.34835,1.34851,1.25,1.00
2018.03.28 09:13:11.778,1.34832,1.34854,1.69,1.12
2018.03.28 09:13:13.116,1.34834,1.34855,1.19,1.25
2018.03.28 09:13:13.647,1.34836,1.34854,1.00,1.00
2018.03.28 09:13:14.156,1.34834,1.34853,1.69,1.00
2018.03.28 09:13:14.676,1.34833,1.34851,1.69,1.00
2018.03.28 09:13:14.728,1.34832,1.34853,2.44,1.00
2018.03.28 09:13:15.198,1.34833,1.34851,1.19,1.00
2018.03.28 09:13:15.627,1.34833,1.34852,1.69,1.00
2018.03.28 09:13:16.102,1.34833,1.3485,1.25,1.00
2018.03.28 09:13:16.206,1.34827,1.34845,1.00,1.00
2018.03.28 09:13:16.725,1.34827,1.34844,2.25,1.00
2018.03.28 09:13:17.000,1.34827,1.34846,1.50,1.25
2018.03.28 09:13:17.051,1.34827,1.34844,1.50,1.00
2018.03.28 09:13:17.204,1.34826,1.34844,1.31,1.00
2018.03.28 09:13:17.734,1.34827,1.34845,1.00,1.25
2018.03.28 09:13:18.619,1.34827,1.34844,1.00,1.00
2018.03.28 09:13:19.091,1.3483,1.3485,1.00,1.19
2018.03.28 09:13:19.195,1.34834,1.34852,1.00,1.00
2018.03.28 09:13:19.247,1.34832,1.34852,1.50,1.00
2018.03.28 09:13:19.970,1.34831,1.3485,1.87,1.19
2018.03.28 09:13:20.225,1.34827,1.34847,1.69,1.25
2018.03.28 09:13:20.642,1.34833,1.34853,1.00,1.25
2018.03.28 09:13:21.646,1.34834,1.34852,1.00,1.00
2018.03.28 09:13:21.976,1.34834,1.34855,1.19,1.25
2018.03.28 09:13:22.079,1.34835,1.34853,1.25,1.00
2018.03.28 09:13:22.859,1.34834,1.34854,1.19,1.00
2018.03.28 09:13:23.404,1.34835,1.34853,1.25,1.00
2018.03.28 09:13:23.932,1.34834,1.34854,1.19,1.00
2018.03.28 09:13:24.326,1.34833,1.34852,1.12,1.00
2018.03.28 09:13:24.864,1.34833,1.34853,1.12,1.00
2018.03.28 09:13:25.173,1.34836,1.34856,1.00,1.00
2018.03.28 09:13:25.500,1.34834,1.34854,1.19,1.00
2018.03.28 09:13:26.019,1.34835,1.34856,1.25,1.19
2018.03.28 09:13:26.815,1.34836,1.34854,1.00,1.00
2018.03.28 09:13:27.342,1.34835,1.34853,1.00,1.00
2018.03.28 09:13:29.848,1.34836,1.34854,1.00,1.00
2018.03.28 09:13:29.904,1.34834,1.34855,1.00,1.25
2018.03.28 09:13:30.115,1.34836,1.34854,1.50,1.00
2018.03.28 09:13:30.281,1.34834,1.34854,1.00,1.00
2018.03.28 09:13:30.538,1.34836,1.34854,1.00,1.00
2018.03.28 09:13:31.076,1.34835,1.34856,1.69,1.25
2018.03.28 09:13:31.127,1.34836,1.34854,1.25,1.00
2018.03.28 09:13:31.637,1.34837,1.34855,1.12,1.00
2018.03.28 09:13:31.689,1.34843,1.34862,1.00,2.25
2018.03.28 09:13:31.740,1.34844,1.34861,1.87,1.25
2018.03.28 09:13:32.285,1.34844,1.34862,1.00,1.19
2018.03.28 09:13:32.336,1.34842,1.34862,2.62,1.19
2018.03.28 09:13:32.838,1.34844,1.34864,1.00,1.31
2018.03.28 09:13:32.889,1.34845,1.34865,1.00,1.25
2018.03.28 09:13:33.351,1.34847,1.34865,1.00,1.25
2018.03.28 09:13:33.664,1.34833,1.34853,2.44,1.25
2018.03.28 09:13:34.183,1.34832,1.34852,1.31,1.00
2018.03.28 09:13:34.699,1.34833,1.34851,1.25,1.00
2018.03.28 09:13:36.253,1.34833,1.34852,2.44,1.00
2018.03.28 09:13:37.113,1.34833,1.34851,1.69,1.00
2018.03.28 09:13:37.165,1.34833,1.34853,1.69,1.25
2018.03.28 09:13:37.707,1.34833,1.34852,2.44,1.00
2018.03.28 09:13:38.738,1.34833,1.34851,1.25,1.00
2018.03.28 09:13:39.086,1.34833,1.34853,1.25,1.25
2018.03.28 09:13:39.509,1.34832,1.34851,1.31,1.00
2018.03.28 09:13:39.902,1.34835,1.34854,1.25,1.00
2018.03.28 09:13:40.008,1.34837,1.34857,1.00,1.50
2018.03.28 09:13:40.060,1.34838,1.34857,1.19,1.50
2018.03.28 09:13:40.449,1.34838,1.34859,1.00,1.25
2018.03.28 09:13:40.500,1.34838,1.34856,1.00,1.00
2018.03.28 09:13:40.603,1.34838,1.34858,1.00,1.12
2018.03.28 09:13:41.116,1.34839,1.34857,1.00,1.00
2018.03.28 09:13:41.704,1.34838,1.34859,1.00,1.69
2018.03.28 09:13:42.238,1.34838,1.34859,1.19,1.25
2018.03.28 09:13:42.883,1.34838,1.34857,1.69,1.00
2018.03.28 09:13:43.431,1.34838,1.34857,2.44,1.00
2018.03.28 09:13:44.724,1.34838,1.34856,1.50,1.00
2018.03.28 09:13:44.980,1.34834,1.34855,1.25,1.19
2018.03.28 09:13:45.154,1.34836,1.34856,1.00,1.19
2018.03.28 09:13:45.917,1.34834,1.34851,1.25,1.00
2018.03.28 09:13:45.968,1.34831,1.34851,2.25,1.19
2018.03.28 09:13:46.102,1.34828,1.34847,2.44,1.37
2018.03.28 09:13:46.204,1.34828,1.34848,1.69,1.12
2018.03.28 09:13:46.256,1.34828,1.34846,2.44,1.00
2018.03.28 09:13:46.511,1.34827,1.34845,1.25,1.00
2018.03.28 09:13:46.775,1.34825,1.34847,1.69,1.25
2018.03.28 09:13:46.879,1.34827,1.34845,1.25,1.00
2018.03.28 09:13:47.548,1.34828,1.34846,1.00,1.19
2018.03.28 09:13:47.601,1.34829,1.34847,1.00,1.25
2018.03.28 09:13:47.755,1.34826,1.34846,1.87,1.00
2018.03.28 09:13:48.380,1.34827,1.34847,1.12,1.25
2018.03.28 09:13:48.598,1.34829,1.3485,1.00,1.19
2018.03.28 09:13:48.650,1.34829,1.3485,1.69,1.25
2018.03.28 09:13:48.856,1.34833,1.34851,1.00,1.19
2018.03.28 09:13:49.061,1.3483,1.3485,1.69,1.00
2018.03.28 09:13:49.369,1.34833,1.3485,1.00,1.00
2018.03.28 09:13:49.421,1.3483,1.3485,1.69,1.00
2018.03.28 09:13:49.472,1.34832,1.3485,1.00,1.00
2018.03.28 09:13:49.524,1.3483,1.3485,1.69,1.00
2018.03.28 09:13:49.576,1.34832,1.3485,1.00,1.00
2018.03.28 09:13:49.812,1.3483,1.3485,1.69,1.00
2018.03.28 09:13:49.914,1.34832,1.3485,1.25,1.00
2018.03.28 09:13:50.415,1.34832,1.34851,1.25,1.00
2018.03.28 09:13:50.928,1.34833,1.34851,1.00,1.00
2018.03.28 09:13:51.498,1.34832,1.34852,1.25,1.25
2018.03.28 09:13:51.809,1.34831,1.3485,1.19,1.00
2018.03.28 09:13:52.164,1.3483,1.34852,1.19,1.25
2018.03.28 09:13:52.675,1.34831,1.34851,1.19,1.00
2018.03.28 09:13:53.187,1.34831,1.3485,1.69,1.00
2018.03.28 09:13:53.849,1.34832,1.3485,1.19,1.00
2018.03.28 09:13:54.441,1.34833,1.34853,1.25,1.00
2018.03.28 09:13:54.918,1.34836,1.34854,1.00,1.00
2018.03.28 09:13:55.280,1.34836,1.34857,1.25,1.69
2018.03.28 09:13:55.541,1.34835,1.34853,1.50,1.00
2018.03.28 09:13:55.851,1.34831,1.34848,1.25,1.00
2018.03.28 09:13:55.956,1.34831,1.3485,1.25,1.00
2018.03.28 09:13:56.009,1.34831,1.34849,1.00,1.19
2018.03.28 09:13:56.061,1.34831,1.34854,2.25,1.19
2018.03.28 09:13:56.164,1.34833,1.34852,1.00,1.00
2018.03.28 09:13:56.643,1.34831,1.34851,1.31,1.00
2018.03.28 09:13:56.695,1.34833,1.34851,1.00,1.00
2018.03.28 09:13:57.214,1.34832,1.3485,1.00,1.00
2018.03.28 09:13:57.521,1.34832,1.34853,1.69,1.25
2018.03.28 09:13:58.352,1.34833,1.34852,1.25,1.00
2018.03.28 09:13:58.618,1.34831,1.34849,1.12,1.00
2018.03.28 09:13:58.746,1.3483,1.34854,1.87,1.31
2018.03.28 09:13:58.798,1.34832,1.34854,1.19,1.25
2018.03.28 09:13:59.109,1.34831,1.34851,1.25,1.69
2018.03.28 09:13:59.161,1.34827,1.34849,2.06,1.25
2018.03.28 09:13:59.213,1.34826,1.34844,2.44,1.00
2018.03.28 09:13:59.523,1.34823,1.34843,2.44,1.00
2018.03.28 09:13:59.821,1.34823,1.34843,2.44,1.00
2018.03.28 09:13:59.873,1.34823,1.34843,2.44,1.00
2018.03.28 09:14:00.333,1.34822,1.34842,1.00,1.69
2018.03.28 09:14:00.588,1.3482,1.3484,1.25,1.25
2018.03.28 09:14:00.793,1.34821,1.34843,1.19,1.87
2018.03.28 09:14:01.317,1.34823,1.34843,1.00,1.12
2018.03.28 09:14:01.732,1.34823,1.34841,1.00,1.00
2018.03.28 09:14:01.932,1.34826,1.34845,1.00,1.00
2018.03.28 09:14:02.135,1.34828,1.34846,1.00,1.00
2018.03.28 09:14:02.186,1.34826,1.34847,1.50,1.25
2018.03.28 09:14:02.340,1.34824,1.34844,1.69,1.25
2018.03.28 09:14:02.646,1.34824,1.34846,1.69,1.25
2018.03.28 09:14:02.697,1.34827,1.34845,1.00,1.00
2018.03.28 09:14:02.815,1.34824,1.34845,1.31,1.00
2018.03.28 09:14:02.967,1.34826,1.34847,1.00,1.19
2018.03.28 09:14:03.284,1.34826,1.34848,1.25,1.25
2018.03.28 09:14:03.336,1.34828,1.34849,1.00,1.69
2018.03.28 09:14:03.644,1.3483,1.3485,1.19,1.50
2018.03.28 09:14:03.992,1.34832,1.34853,1.19,1.00
2018.03.28 09:14:04.301,1.34831,1.34851,1.31,1.00
2018.03.28 09:14:04.713,1.34835,1.34853,1.00,1.00
2018.03.28 09:14:05.005,1.34833,1.34851,1.25,1.00
2018.03.28 09:14:05.059,1.34826,1.34847,1.12,1.25
2018.03.28 09:14:05.111,1.34828,1.34849,1.12,1.69
2018.03.28 09:14:05.420,1.3483,1.34851,1.00,2.06
2018.03.28 09:14:05.932,1.34831,1.3485,1.00,1.19
2018.03.28 09:14:06.302,1.34831,1.34849,1.00,1.25
2018.03.28 09:14:06.491,1.34829,1.34852,1.25,2.81
2018.03.28 09:14:06.897,1.34831,1.3485,1.00,1.25
2018.03.28 09:14:06.999,1.34827,1.34848,2.44,1.00
2018.03.28 09:14:07.051,1.34827,1.34845,1.25,1.00
2018.03.28 09:14:07.254,1.34825,1.34846,1.25,1.69
2018.03.28 09:14:07.443,1.34827,1.34846,1.00,1.69
2018.03.28 09:14:07.649,1.34825,1.34845,1.69,1.25
2018.03.28 09:14:08.197,1.34827,1.34846,1.00,1.69
2018.03.28 09:14:08.480,1.34825,1.34846,1.50,1.69
2018.03.28 09:14:08.687,1.34827,1.34845,1.00,1.50
2018.03.28 09:14:08.862,1.34825,1.34845,1.25,1.00
2018.03.28 09:14:09.069,1.34828,1.34845,1.00,1.00
2018.03.28 09:14:09.224,1.34825,1.34845,1.25,1.00
2018.03.28 09:14:09.488,1.34827,1.34845,1.00,1.25
2018.03.28 09:14:09.539,1.34825,1.34845,1.25,1.25
2018.03.28 09:14:09.591,1.34827,1.34845,1.00,1.25
2018.03.28 09:14:09.888,1.34824,1.34846,1.56,1.19
2018.03.28 09:14:09.990,1.34827,1.34846,1.00,1.69
2018.03.28 09:14:10.308,1.34824,1.34846,2.06,1.69
2018.03.28 09:14:10.842,1.34826,1.34846,1.00,1.69
2018.03.28 09:14:11.113,1.3482,1.34837,1.00,1.00
2018.03.28 09:14:11.165,1.3482,1.34839,1.00,1.00
2018.03.28 09:14:11.336,1.34823,1.34842,1.19,1.50
2018.03.28 09:14:11.440,1.34825,1.34844,1.31,1.00
2018.03.28 09:14:11.698,1.34822,1.34843,1.31,1.00
2018.03.28 09:14:11.750,1.34825,1.34845,1.00,2.06
2018.03.28 09:14:11.853,1.34825,1.34845,1.00,1.19
2018.03.28 09:14:12.176,1.34823,1.34846,1.25,2.06
2018.03.28 09:14:12.228,1.34825,1.34845,1.00,1.19
2018.03.28 09:14:12.703,1.34824,1.34845,1.00,1.25
2018.03.28 09:14:12.806,1.34826,1.34844,1.00,1.00
2018.03.28 09:14:13.011,1.34824,1.34845,1.00,1.25
2018.03.28 09:14:13.326,1.34827,1.34845,1.00,1.69
2018.03.28 09:14:13.379,1.34825,1.34845,1.00,1.25
2018.03.28 09:14:13.886,1.34824,1.34846,1.00,1.69
2018.03.28 09:14:14.092,1.34826,1.34846,1.00,1.19
2018.03.28 09:14:14.803,1.34827,1.34846,1.00,1.19
2018.03.28 09:14:15.112,1.34825,1.34843,1.00,1.19
2018.03.28 09:14:15.264,1.34823,1.34843,1.00,1.19
2018.03.28 09:14:15.366,1.34825,1.34843,1.00,1.19
2018.03.28 09:14:15.577,1.34822,1.34844,1.00,1.31
2018.03.28 09:14:15.679,1.34825,1.34843,1.00,1.19
2018.03.28 09:14:16.061,1.34822,1.34845,1.00,2.81
2018.03.28 09:14:16.215,1.34825,1.34843,1.00,1.19
2018.03.28 09:14:16.773,1.34824,1.34843,1.00,1.19
2018.03.28 09:14:17.274,1.34825,1.34843,1.00,1.19
2018.03.28 09:14:17.790,1.34824,1.34843,1.00,1.19
2018.03.28 09:14:18.449,1.34824,1.34844,1.00,1.19
2018.03.28 09:14:18.982,1.34823,1.34844,1.00,1.31
2018.03.28 09:14:19.325,1.34825,1.34843,1.00,1.19
2018.03.28 09:14:19.867,1.34823,1.34845,1.00,1.69
2018.03.28 09:14:20.399,1.34824,1.34845,1.00,2.44
2018.03.28 09:14:22.450,1.34825,1.34844,1.00,1.31
2018.03.28 09:14:23.203,1.34825,1.34844,1.00,1.31
2018.03.28 09:14:24.167,1.34824,1.34845,1.00,2.44
2018.03.28 09:14:25.624,1.34824,1.34845,1.50,2.81
2018.03.28 09:14:25.783,1.34826,1.34844,1.00,1.31
2018.03.28 09:14:25.886,1.34824,1.34844,1.50,1.31
2018.03.28 09:14:26.149,1.34826,1.34844,1.00,1.31
2018.03.28 09:14:26.689,1.34825,1.34845,1.00,2.81
2018.03.28 09:14:26.894,1.34823,1.34845,1.50,2.81
2018.03.28 09:14:27.361,1.34825,1.34843,1.00,1.69
2018.03.28 09:14:27.606,1.34815,1.34833,1.00,1.25
2018.03.28 09:14:28.137,1.34815,1.34833,1.50,1.19
2018.03.28 09:14:28.292,1.3482,1.34835,1.00,1.31
2018.03.28 09:14:28.570,1.34822,1.34839,1.00,1.31
2018.03.28 09:14:29.175,1.34823,1.34839,1.00,1.19
2018.03.28 09:14:29.488,1.34818,1.34836,1.00,2.81
2018.03.28 09:14:29.901,1.34816,1.34834,1.00,2.06
2018.03.28 09:14:30.004,1.34816,1.3483,1.00,1.19
2018.03.28 09:14:30.280,1.34814,1.3483,1.00,1.19
2018.03.28 09:14:30.383,1.34814,1.3483,1.00,1.31
2018.03.28 09:14:30.536,1.34812,1.3483,1.00,1.19
2018.03.28 09:14:31.812,1.34812,1.3483,1.00,1.19
2018.03.28 09:14:32.527,1.34811,1.34831,1.00,2.44
2018.03.28 09:14:33.029,1.34811,1.34831,1.00,2.06
2018.03.28 09:14:33.582,1.34811,1.34829,1.00,1.00
2018.03.28 09:14:33.841,1.34813,1.34831,1.00,1.12
2018.03.28 09:14:34.342,1.34812,1.34831,1.25,1.87
2018.03.28 09:14:34.702,1.34814,1.34831,1.00,1.87
2018.03.28 09:14:35.532,1.34817,1.34832,1.00,1.50
2018.03.28 09:14:36.099,1.34816,1.34832,1.00,1.50
2018.03.28 09:14:36.151,1.34813,1.34831,1.25,1.12
2018.03.28 09:14:36.695,1.34813,1.34832,1.19,1.50
2018.03.28 09:14:37.747,1.34813,1.34832,1.25,2.25
2018.03.28 09:14:39.085,1.34813,1.3483,1.00,1.00
2018.03.28 09:14:39.137,1.34815,1.34829,1.00,1.00
2018.03.28 09:14:39.188,1.34816,1.34832,1.00,2.25
2018.03.28 09:14:39.240,1.34818,1.34832,1.00,1.00
2018.03.28 09:14:39.536,1.34818,1.34835,1.19,1.00
2018.03.28 09:14:40.109,1.34816,1.34835,1.25,1.00
2018.03.28 09:14:40.264,1.34818,1.34835,1.00,1.00
2018.03.28 09:14:40.626,1.34812,1.34832,1.31,1.50
2018.03.28 09:14:40.729,1.3481,1.34832,1.31,1.50
2018.03.28 09:14:40.781,1.34816,1.34832,1.00,1.50
2018.03.28 09:14:41.338,1.34817,1.34832,1.00,1.00
2018.03.28 09:14:41.853,1.34817,1.34835,1.00,2.44
2018.03.28 09:14:42.693,1.34818,1.34835,1.00,1.69
2018.03.28 09:14:43.156,1.34816,1.34835,1.00,1.69
2018.03.28 09:14:43.261,1.34815,1.34833,1.25,1.00
2018.03.28 09:14:43.896,1.34816,1.34833,1.00,1.00
2018.03.28 09:14:44.478,1.34818,1.34834,1.00,1.00
2018.03.28 09:14:45.537,1.34818,1.34833,1.00,1.00
2018.03.28 09:14:45.961,1.34816,1.34833,1.00,1.25
2018.03.28 09:14:46.672,1.34817,1.34833,1.00,1.00
2018.03.28 09:14:47.582,1.34817,1.34834,1.00,1.00
2018.03.28 09:14:48.118,1.34817,1.34833,1.00,1.00
2018.03.28 09:14:48.688,1.34817,1.34834,1.00,1.00
2018.03.28 09:14:49.591,1.34818,1.34833,1.00,1.00
2018.03.28 09:14:49.643,1.34817,1.34835,1.00,1.25
2018.03.28 09:14:49.695,1.34813,1.34832,1.00,1.00
2018.03.28 09:14:49.747,1.3481,1.34832,1.00,1.31
2018.03.28 09:14:50.149,1.34813,1.3483,1.25,1.12
2018.03.28 09:14:50.303,1.34811,1.34829,1.00,1.00
2018.03.28 09:14:52.443,1.34809,1.3483,1.19,2.06
2018.03.28 09:14:52.495,1.3481,1.34828,1.25,1.00
2018.03.28 09:14:53.194,1.34811,1.34829,1.00,1.00
2018.03.28 09:14:53.723,1.3481,1.34828,1.25,1.00
2018.03.28 09:14:54.928,1.3481,1.34828,1.00,1.19
2018.03.28 09:14:55.576,1.3481,1.34826,1.00,1.00
2018.03.28 09:14:56.091,1.3481,1.34825,1.00,1.00
2018.03.28 09:14:56.597,1.34811,1.34826,1.00,1.50
2018.03.28 09:14:57.123,1.34812,1.34825,1.00,1.00
2018.03.28 09:14:57.329,1.34812,1.34828,1.00,1.87
2018.03.28 09:14:58.027,1.34813,1.34829,1.00,1.50
2018.03.28 09:14:59.763,1.34812,1.34829,1.00,1.50
2018.03.28 09:15:00.304,1.34811,1.34828,1.00,1.12
2018.03.28 09:15:00.578,1.34809,1.34825,1.87,1.00
2018.03.28 09:15:00.731,1.34805,1.34823,1.31,1.00
2018.03.28 09:15:00.836,1.34805,1.34821,1.25,1.00
2018.03.28 09:15:01.367,1.34805,1.34822,1.25,1.00
2018.03.28 09:15:01.610,1.34802,1.34821,1.19,1.00
2018.03.28 09:15:02.063,1.34801,1.3482,1.00,1.69
2018.03.28 09:15:03.261,1.34801,1.34818,1.00,1.50
2018.03.28 09:15:03.824,1.348,1.34818,1.12,1.00
2018.03.28 09:15:04.334,1.34801,1.34818,1.00,1.00
2018.03.28 09:15:05.260,1.348,1.34818,1.00,1.00
2018.03.28 09:15:05.569,1.34802,1.34818,1.00,1.00
2018.03.28 09:15:06.271,1.34802,1.34819,1.00,1.31
2018.03.28 09:15:06.483,1.348,1.34819,1.00,1.31
2018.03.28 09:15:06.597,1.348,1.34813,1.00,1.19
2018.03.28 09:15:06.753,1.34798,1.34812,1.00,1.19
2018.03.28 09:15:06.856,1.348,1.34815,1.00,1.00
2018.03.28 09:15:06.960,1.34807,1.3482,1.00,1.31
2018.03.28 09:15:07.016,1.34805,1.34821,1.00,1.50
2018.03.28 09:15:07.136,1.34801,1.34821,1.12,1.69
2018.03.28 09:15:07.190,1.34801,1.3482,1.25,1.12
2018.03.28 09:15:07.495,1.34804,1.34821,1.00,1.69
2018.03.28 09:15:07.547,1.34802,1.34821,1.00,1.69
2018.03.28 09:15:07.650,1.34806,1.34821,1.00,1.69
2018.03.28 09:15:07.701,1.34803,1.3482,1.25,1.12
2018.03.28 09:15:08.454,1.34801,1.3482,1.25,1.12
2018.03.28 09:15:08.573,1.34803,1.3482,1.00,1.12
2018.03.28 09:15:08.892,1.34798,1.34813,1.00,1.00
2018.03.28 09:15:09.098,1.34795,1.34813,1.00,1.19
2018.03.28 09:15:09.150,1.348,1.34814,1.00,1.50
2018.03.28 09:15:09.480,1.34798,1.34814,1.00,1.00
2018.03.28 09:15:09.839,1.348,1.34814,1.00,1.00
2018.03.28 09:15:10.643,1.34801,1.34814,1.00,1.00
2018.03.28 09:15:10.797,1.34801,1.34817,1.00,1.12
2018.03.28 09:15:11.461,1.348,1.34816,1.00,1.00
2018.03.28 09:15:11.709,1.348,1.34816,1.25,1.75
2018.03.28 09:15:11.767,1.34795,1.34813,1.00,1.31
2018.03.28 09:15:11.818,1.34797,1.34814,1.12,1.50
2018.03.28 09:15:12.185,1.34794,1.34813,1.00,2.06
2018.03.28 09:15:12.780,1.34795,1.34814,1.00,2.44
2018.03.28 09:15:12.832,1.34793,1.34811,1.00,1.37
2018.03.28 09:15:13.404,1.34795,1.34811,1.00,1.37
2018.03.28 09:15:13.664,1.34793,1.34811,1.00,1.56
2018.03.28 09:15:13.992,1.34795,1.3481,1.00,1.31
2018.03.28 09:15:14.363,1.34792,1.3481,1.00,1.31
2018.03.28 09:15:14.415,1.34794,1.3481,1.00,1.31
2018.03.28 09:15:14.518,1.34792,1.3481,1.00,1.31
2018.03.28 09:15:14.570,1.34794,1.3481,1.00,1.31
2018.03.28 09:15:14.849,1.34792,1.34811,1.00,1.56
2018.03.28 09:15:15.003,1.34794,1.34811,1.00,1.56
2018.03.28 09:15:15.653,1.34793,1.34811,1.00,1.56
2018.03.28 09:15:16.099,1.34791,1.3481,1.12,1.31
2018.03.28 09:15:16.441,1.34796,1.34812,1.00,1.12
2018.03.28 09:15:16.544,1.34798,1.34816,1.00,1.69
2018.03.28 09:15:17.058,1.34799,1.34814,1.00,1.00
2018.03.28 09:15:17.265,1.34799,1.34816,1.00,1.00
2018.03.28 09:15:17.895,1.34798,1.34816,1.69,1.00
2018.03.28 09:15:17.947,1.348,1.34816,1.00,1.00
2018.03.28 09:15:17.998,1.34798,1.34816,1.69,1.00
2018.03.28 09:15:18.528,1.34799,1.34816,1.00,1.00
2018.03.28 09:15:19.365,1.34801,1.34816,1.00,1.00
2018.03.28 09:15:19.623,1.34799,1.34816,1.00,1.00
2018.03.28 09:15:20.322,1.348,1.34816,1.00,1.00
2018.03.28 09:15:20.857,1.34801,1.34816,1.00,1.00
2018.03.28 09:15:21.371,1.34802,1.34816,1.00,1.00
2018.03.28 09:15:21.906,1.34802,1.34817,1.00,1.00
2018.03.28 09:15:23.068,1.348,1.34817,1.25,1.00
2018.03.28 09:15:23.583,1.34801,1.34816,1.00,1.00
2018.03.28 09:15:24.102,1.34802,1.34816,1.00,1.00
2018.03.28 09:15:24.307,1.348,1.34816,1.25,1.00
2018.03.28 09:15:25.389,1.34802,1.34816,1.00,1.00
2018.03.28 09:15:25.631,1.348,1.34816,1.25,1.00
2018.03.28 09:15:25.733,1.34802,1.34816,1.00,1.00
2018.03.28 09:15:25.834,1.348,1.34817,1.25,1.00
2018.03.28 09:15:26.037,1.34802,1.34818,1.00,1.00
2018.03.28 09:15:26.139,1.34799,1.34818,1.19,1.00
2018.03.28 09:15:26.737,1.34802,1.34818,1.00,1.00
2018.03.28 09:15:26.788,1.34799,1.34818,1.19,1.00
2018.03.28 09:15:26.889,1.34802,1.34818,1.00,1.00
2018.03.28 09:15:27.273,1.348,1.34818,1.25,1.00
2018.03.28 09:15:27.376,1.34802,1.34818,1.00,1.00
2018.03.28 09:15:27.428,1.348,1.34818,1.25,1.00
2018.03.28 09:15:27.531,1.34802,1.34818,1.00,1.00
2018.03.28 09:15:28.036,1.34803,1.34818,1.00,1.00
2018.03.28 09:15:28.088,1.34803,1.3482,1.00,1.00
2018.03.28 09:15:28.787,1.34802,1.3482,1.00,1.00
2018.03.28 09:15:29.883,1.34806,1.34819,1.00,1.00
2018.03.28 09:15:30.088,1.34818,1.34835,1.00,1.71
2018.03.28 09:15:30.140,1.34818,1.34835,1.00,1.00
2018.03.28 09:15:30.253,1.3482,1.34836,1.00,1.00
2018.03.28 09:15:30.609,1.34822,1.34837,1.00,1.50
2018.03.28 09:15:30.865,1.34819,1.34837,1.25,1.50
2018.03.28 09:15:31.122,1.34821,1.34838,1.00,1.00
2018.03.28 09:15:31.771,1.34819,1.34837,1.69,1.00
2018.03.28 09:15:32.762,1.34821,1.34837,1.00,1.00
2018.03.28 09:15:32.814,1.34819,1.34837,1.69,1.00
2018.03.28 09:15:32.865,1.34821,1.34837,1.00,1.00
2018.03.28 09:15:33.775,1.34821,1.34838,1.00,1.00
2018.03.28 09:15:34.231,1.34816,1.34831,1.00,1.00
2018.03.28 09:15:34.336,1.34814,1.3483,1.00,1.25
2018.03.28 09:15:34.439,1.34812,1.34831,1.00,3.19
2018.03.28 09:15:34.989,1.34812,1.34831,1.00,1.69
2018.03.28 09:15:35.350,1.3481,1.34831,1.50,2.44
2018.03.28 09:15:35.875,1.3481,1.34828,1.50,1.00
2018.03.28 09:15:36.418,1.34808,1.34828,1.69,1.00
2018.03.28 09:15:36.783,1.3481,1.34827,1.00,1.19
2018.03.28 09:15:36.834,1.3481,1.34828,1.00,1.50
2018.03.28 09:15:37.199,1.34811,1.34833,1.00,1.19
2018.03.28 09:15:37.353,1.3481,1.34828,1.25,1.00
2018.03.28 09:15:37.455,1.34809,1.3483,1.19,1.31
2018.03.28 09:15:37.973,1.34809,1.34829,1.69,1.00
2018.03.28 09:15:38.512,1.34809,1.34826,1.19,1.00
2018.03.28 09:15:38.821,1.3481,1.34826,1.19,1.00
2018.03.28 09:15:39.094,1.34809,1.34829,2.06,1.00
2018.03.28 09:15:40.157,1.34811,1.3483,1.19,1.00
2018.03.28 09:15:40.669,1.34811,1.34831,1.19,1.00
2018.03.28 09:15:41.333,1.34811,1.3483,1.19,1.00
2018.03.28 09:15:41.902,1.3481,1.34829,1.19,1.00
2018.03.28 09:15:42.258,1.34812,1.34831,1.25,1.00
2018.03.28 09:15:42.761,1.34812,1.34832,1.25,1.69
2018.03.28 09:15:43.250,1.34811,1.3483,1.19,1.00
2018.03.28 09:15:43.804,1.34813,1.3483,1.00,1.50
2018.03.28 09:15:44.709,1.34811,1.3483,1.25,1.00
2018.03.28 09:15:45.252,1.34813,1.3483,1.00,1.00
2018.03.28 09:15:45.407,1.3481,1.34831,1.69,1.00
2018.03.28 09:15:45.459,1.34813,1.3483,1.00,1.00
2018.03.28 09:15:45.794,1.34813,1.34828,1.00,1.00
2018.03.28 09:15:45.912,1.34811,1.34828,1.25,1.00
2018.03.28 09:15:45.963,1.34813,1.34828,1.00,1.00
2018.03.28 09:15:46.270,1.34811,1.34828,1.25,1.00
2018.03.28 09:15:46.321,1.34809,1.34827,1.31,1.00
2018.03.28 09:15:46.424,1.34814,1.3483,1.00,1.19
2018.03.28 09:15:46.475,1.3481,1.34828,1.00,1.19
2018.03.28 09:15:46.658,1.34811,1.3483,1.25,1.50
2018.03.28 09:15:46.815,1.34815,1.34832,1.00,1.25
2018.03.28 09:15:47.124,1.34818,1.34838,1.00,1.19
2018.03.28 09:15:47.228,1.34818,1.34835,1.00,1.00
2018.03.28 09:15:47.440,1.34816,1.34834,1.00,1.00
2018.03.28 09:15:47.492,1.34814,1.34835,1.31,1.25
2018.03.28 09:15:47.544,1.34816,1.34835,1.00,1.50
2018.03.28 09:15:47.925,1.34818,1.34838,1.00,1.19
2018.03.28 09:15:48.233,1.34817,1.34835,1.12,1.00
2018.03.28 09:15:48.667,1.34815,1.34833,1.69,1.00
2018.03.28 09:15:48.802,1.34813,1.34831,1.00,1.25
2018.03.28 09:15:48.987,1.3481,1.34832,3.56,1.19
2018.03.28 09:15:49.194,1.34813,1.34831,1.00,1.25
2018.03.28 09:15:49.674,1.34811,1.34832,1.31,1.19
2018.03.28 09:15:49.792,1.34813,1.34835,1.25,1.31
2018.03.28 09:15:49.936,1.34816,1.34836,1.00,1.69
2018.03.28 09:15:50.313,1.34818,1.34836,1.00,1.00
2018.03.28 09:15:50.364,1.34818,1.34838,1.00,1.25
2018.03.28 09:15:51.705,1.34819,1.34837,1.00,1.50
2018.03.28 09:15:51.758,1.34817,1.34839,1.19,1.00
2018.03.28 09:15:51.809,1.3482,1.34839,1.00,2.25
2018.03.28 09:15:51.913,1.34817,1.34839,1.19,1.00
2018.03.28 09:15:52.017,1.34819,1.34839,1.19,1.50
2018.03.28 09:15:52.330,1.34819,1.34837,1.19,1.00
2018.03.28 09:15:52.854,1.34819,1.34838,1.19,1.00
2018.03.28 09:15:53.235,1.34819,1.34838,1.00,1.00
2018.03.28 09:15:54.062,1.34818,1.34838,1.25,1.00
2018.03.28 09:15:54.114,1.34818,1.3484,1.25,1.69
2018.03.28 09:15:54.489,1.34818,1.3484,1.25,1.69
2018.03.28 09:15:55.314,1.34818,1.34835,1.25,1.00
2018.03.28 09:15:55.539,1.34819,1.34837,1.00,1.50
2018.03.28 09:15:56.045,1.34817,1.34836,2.44,1.00
2018.03.28 09:15:56.200,1.34816,1.34836,1.19,2.25
2018.03.28 09:15:56.305,1.34818,1.34836,1.00,1.50
2018.03.28 09:15:56.358,1.34818,1.34838,1.25,1.00
2018.03.28 09:15:56.410,1.34817,1.34835,1.19,1.00
2018.03.28 09:15:56.514,1.34816,1.34839,1.31,2.62
2018.03.28 09:15:56.652,1.34816,1.34837,1.31,1.00
2018.03.28 09:15:58.205,1.34814,1.34839,1.56,1.31
2018.03.28 09:15:58.740,1.34814,1.34836,2.06,1.00
2018.03.28 09:15:59.051,1.34818,1.34838,1.25,1.69
2018.03.28 09:15:59.155,1.3482,1.34837,1.00,1.00
2018.03.28 09:15:59.258,1.34818,1.34839,1.25,1.31
2018.03.28 09:15:59.795,1.34818,1.34837,1.25,1.00
2018.03.28 09:16:00.268,1.34815,1.34835,1.00,1.00
2018.03.28 09:16:00.320,1.34814,1.34832,1.25,1.00
2018.03.28 09:16:01.071,1.34811,1.3483,1.31,1.00
2018.03.28 09:16:01.124,1.34813,1.34832,1.19,1.00
2018.03.28 09:16:01.351,1.34811,1.3483,1.31,1.00
2018.03.28 09:16:01.543,1.34812,1.34832,1.19,1.00
2018.03.28 09:16:01.744,1.34811,1.3483,1.19,1.00
2018.03.28 09:16:02.333,1.34813,1.34831,1.25,1.00
2018.03.28 09:16:03.019,1.34812,1.34832,1.19,1.00
2018.03.28 09:16:03.329,1.34811,1.3483,1.19,1.00
2018.03.28 09:16:03.874,1.34812,1.34831,1.25,1.00
2018.03.28 09:16:04.390,1.34813,1.3483,1.00,1.00
2018.03.28 09:16:04.993,1.34813,1.34831,1.00,1.00
2018.03.28 09:16:05.500,1.34814,1.34832,1.00,1.25
2018.03.28 09:16:05.798,1.34818,1.3484,1.31,2.25
2018.03.28 09:16:05.850,1.34819,1.34836,1.25,1.00
2018.03.28 09:16:06.237,1.34819,1.3483,1.25,1.00
2018.03.28 09:16:06.393,1.34815,1.3483,1.00,1.00
2018.03.28 09:16:06.445,1.34811,1.3483,2.81,1.00
2018.03.28 09:16:06.650,1.34813,1.34833,1.25,1.25
2018.03.28 09:16:06.940,1.34815,1.34832,1.00,1.00
2018.03.28 09:16:07.465,1.34814,1.34832,1.25,1.00
2018.03.28 09:16:07.784,1.34823,1.3484,1.00,1.00
2018.03.28 09:16:07.836,1.3482,1.3484,1.31,1.00
2018.03.28 09:16:08.026,1.34823,1.34841,1.00,1.25
2018.03.28 09:16:08.129,1.34821,1.34844,1.56,1.19
2018.03.28 09:16:08.285,1.34821,1.3484,2.06,1.00
2018.03.28 09:16:08.798,1.34822,1.34841,1.12,1.00
2018.03.28 09:16:09.328,1.34823,1.34841,1.00,1.00
2018.03.28 09:16:09.432,1.34821,1.3484,1.00,1.00
2018.03.28 09:16:09.637,1.34823,1.3484,1.00,1.50
2018.03.28 09:16:09.761,1.3482,1.34841,1.25,1.00
2018.03.28 09:16:09.812,1.34822,1.34841,1.00,1.00
2018.03.28 09:16:10.239,1.3482,1.34841,1.25,1.00
2018.03.28 09:16:10.290,1.34822,1.34842,1.00,1.31
2018.03.28 09:16:10.596,1.34822,1.34842,1.00,1.31
2018.03.28 09:16:10.800,1.3482,1.34841,1.00,1.19
2018.03.28 09:16:10.909,1.34822,1.34841,1.00,1.19
2018.03.28 09:16:11.011,1.3482,1.3484,1.00,1.25
2018.03.28 09:16:11.167,1.34822,1.34842,1.00,1.12
2018.03.28 09:16:11.705,1.34821,1.34841,1.25,1.00
2018.03.28 09:16:12.168,1.34823,1.34842,1.00,1.31
2018.03.28 09:16:12.382,1.3482,1.34842,1.19,1.31
2018.03.28 09:16:12.433,1.34823,1.34842,1.00,1.31
2018.03.28 09:16:12.485,1.3482,1.34842,1.19,1.31
2018.03.28 09:16:12.589,1.34824,1.34841,1.00,1.25
2018.03.28 09:16:12.641,1.34821,1.34841,2.06,1.25
2018.03.28 09:16:12.765,1.34823,1.34842,1.00,1.31
2018.03.28 09:16:12.917,1.34821,1.34841,2.06,1.25
2018.03.28 09:16:13.019,1.34824,1.34841,1.00,1.25
2018.03.28 09:16:13.072,1.34821,1.34841,2.06,1.25
2018.03.28 09:16:13.226,1.34823,1.34842,1.00,1.31
2018.03.28 09:16:13.609,1.34821,1.34842,1.31,1.19
2018.03.28 09:16:13.660,1.34824,1.34841,1.00,1.25
2018.03.28 09:16:13.763,1.34821,1.34841,2.06,1.25
2018.03.28 09:16:14.202,1.34824,1.34841,1.00,1.25
2018.03.28 09:16:14.537,1.34821,1.34842,1.31,1.19
2018.03.28 09:16:14.589,1.34823,1.34842,1.00,1.19
2018.03.28 09:16:14.642,1.34821,1.34841,2.06,1.25
2018.03.28 09:16:14.694,1.34823,1.34843,1.00,1.69
2018.03.28 09:16:14.745,1.34821,1.34843,2.06,1.19
2018.03.28 09:16:14.796,1.34823,1.34843,1.00,1.19
2018.03.28 09:16:14.847,1.34821,1.34842,2.06,1.19
2018.03.28 09:16:14.898,1.34823,1.34843,1.00,1.19
2018.03.28 09:16:15.070,1.34821,1.34842,2.06,1.19
2018.03.28 09:16:15.123,1.34824,1.34842,1.00,1.25
2018.03.28 09:16:15.430,1.34822,1.34841,1.00,1.25
2018.03.28 09:16:15.484,1.34825,1.34843,1.00,1.19
2018.03.28 09:16:15.538,1.34824,1.34844,1.25,1.25
2018.03.28 09:16:15.591,1.34828,1.34847,1.00,1.31
2018.03.28 09:16:15.642,1.34825,1.34848,1.50,3.19
2018.03.28 09:16:15.763,1.34829,1.34848,1.00,1.69
2018.03.28 09:16:15.816,1.34823,1.34842,1.00,1.19
2018.03.28 09:16:16.604,1.34821,1.34844,1.00,2.06
2018.03.28 09:16:16.849,1.34823,1.3484,1.00,1.00
2018.03.28 09:16:16.951,1.34821,1.34842,1.25,1.19
2018.03.28 09:16:17.104,1.34821,1.34842,1.00,1.19
2018.03.28 09:16:17.309,1.34819,1.34838,2.06,1.00
2018.03.28 09:16:17.361,1.34819,1.34838,1.00,1.19
2018.03.28 09:16:17.516,1.3482,1.3484,1.00,1.25
2018.03.28 09:16:18.021,1.34821,1.3484,1.00,1.25
2018.03.28 09:16:18.769,1.3482,1.34841,1.25,1.19
2018.03.28 09:16:19.282,1.34821,1.34842,1.00,1.19
2018.03.28 09:16:19.435,1.34819,1.34841,1.25,1.19
2018.03.28 09:16:19.899,1.34819,1.34838,1.00,1.69
2018.03.28 09:16:19.950,1.34819,1.34838,1.00,1.00
2018.03.28 09:16:20.002,1.34818,1.34838,1.00,1.19
2018.03.28 09:16:20.104,1.34819,1.3484,1.00,1.19
2018.03.28 09:16:20.155,1.34821,1.34838,1.00,1.25
2018.03.28 09:16:20.669,1.34822,1.34839,1.00,1.25
2018.03.28 09:16:20.770,1.3482,1.34839,1.00,1.25
2018.03.28 09:16:21.283,1.34821,1.34839,1.00,1.00
2018.03.28 09:16:21.454,1.34823,1.34839,1.00,1.00
2018.03.28 09:16:21.506,1.3482,1.34841,1.00,1.31
2018.03.28 09:16:21.610,1.34823,1.34841,1.00,1.31
2018.03.28 09:16:21.662,1.34821,1.34841,1.00,1.31
2018.03.28 09:16:21.765,1.34823,1.34841,1.00,1.31
2018.03.28 09:16:21.816,1.34821,1.34841,1.00,1.31
2018.03.28 09:16:22.379,1.34821,1.34841,1.00,1.31
2018.03.28 09:16:22.626,1.3482,1.34838,1.25,1.00
2018.03.28 09:16:22.932,1.34822,1.3484,1.00,1.25
2018.03.28 09:16:23.238,1.34816,1.34834,1.25,1.00
2018.03.28 09:16:23.444,1.34814,1.34833,1.25,1.00
2018.03.28 09:16:23.756,1.34812,1.34832,1.31,1.25
2018.03.28 09:16:24.049,1.34812,1.3483,1.25,1.00
2018.03.28 09:16:24.585,1.34813,1.34832,1.00,1.50
2018.03.28 09:16:25.131,1.34813,1.34831,1.00,1.00
2018.03.28 09:16:25.484,1.34813,1.34833,1.00,1.25
2018.03.28 09:16:26.016,1.34813,1.34833,1.00,1.19
2018.03.28 09:16:26.171,1.34811,1.34832,1.12,1.25
2018.03.28 09:16:26.294,1.34813,1.34831,1.00,1.00
2018.03.28 09:16:26.471,1.34811,1.3483,1.12,1.00
2018.03.28 09:16:26.523,1.34813,1.34831,1.00,1.00
2018.03.28 09:16:26.628,1.34811,1.3483,1.12,1.00
2018.03.28 09:16:26.744,1.34812,1.34832,1.00,1.25
2018.03.28 09:16:26.847,1.34811,1.3483,1.12,1.00
2018.03.28 09:16:27.100,1.34812,1.34832,1.00,1.25
2018.03.28 09:16:27.204,1.34811,1.3483,1.12,1.00
2018.03.28 09:16:27.553,1.34814,1.34832,1.00,1.00
2018.03.28 09:16:27.688,1.34812,1.34831,1.25,1.00
2018.03.28 09:16:27.928,1.34814,1.34832,1.00,1.00
2018.03.28 09:16:28.048,1.34812,1.34831,1.25,1.00
2018.03.28 09:16:28.411,1.34814,1.34831,1.00,1.00
2018.03.28 09:16:28.768,1.34811,1.34832,1.31,1.00
2018.03.28 09:16:29.286,1.34812,1.34831,1.25,1.00
2018.03.28 09:16:29.526,1.34813,1.34833,1.00,1.00
2018.03.28 09:16:30.078,1.34812,1.34831,1.25,1.00
2018.03.28 09:16:30.411,1.34814,1.34832,1.00,1.00
2018.03.28 09:16:30.587,1.34812,1.34831,1.25,1.00
2018.03.28 09:16:30.638,1.34813,1.34833,1.00,1.00
2018.03.28 09:16:30.895,1.34812,1.34833,1.31,1.00
2018.03.28 09:16:31.434,1.34814,1.34834,1.19,1.50
2018.03.28 09:16:31.944,1.34816,1.34835,1.00,1.69
2018.03.28 09:16:32.475,1.34816,1.34834,1.00,1.00
2018.03.28 09:16:33.054,1.34816,1.34835,1.00,1.69
2018.03.28 09:16:33.465,1.34813,1.34833,1.25,1.00
2018.03.28 09:16:33.772,1.34811,1.34832,2.06,1.00
2018.03.28 09:16:34.017,1.34814,1.34833,1.00,1.25
2018.03.28 09:16:34.428,1.34812,1.34831,1.62,1.00
2018.03.28 09:16:34.479,1.34812,1.34833,1.62,1.00
2018.03.28 09:16:34.842,1.34812,1.34831,1.37,1.00
2018.03.28 09:16:35.365,1.34811,1.34833,2.25,1.19
2018.03.28 09:16:36.216,1.34811,1.34833,2.44,1.19
2018.03.28 09:16:36.371,1.34809,1.3483,1.50,1.19
2018.03.28 09:16:36.525,1.34812,1.34831,1.00,1.19
2018.03.28 09:16:36.680,1.34808,1.34831,3.37,1.19
2018.03.28 09:16:37.593,1.34812,1.3483,1.00,1.19
2018.03.28 09:16:37.795,1.34809,1.3483,1.50,1.19
2018.03.28 09:16:37.847,1.34812,1.3483,1.00,1.19
2018.03.28 09:16:38.133,1.34808,1.34831,3.37,1.19
2018.03.28 09:16:38.335,1.34812,1.3483,1.00,1.19
2018.03.28 09:16:38.438,1.3481,1.3483,1.12,1.19
2018.03.28 09:16:38.490,1.34812,1.3483,1.00,1.19
2018.03.28 09:16:38.992,1.34811,1.34832,1.00,1.31
2018.03.28 09:16:39.504,1.34808,1.3483,1.87,1.19
2018.03.28 09:16:39.632,1.34809,1.3483,1.69,1.19
2018.03.28 09:16:39.841,1.34809,1.34831,1.31,1.00
2018.03.28 09:16:40.360,1.34813,1.34831,1.00,1.00
2018.03.28 09:16:41.151,1.3481,1.34831,1.19,1.00
2018.03.28 09:16:41.686,1.34812,1.34832,1.25,1.31
2018.03.28 09:16:42.172,1.34811,1.3483,1.25,1.00
2018.03.28 09:16:42.703,1.34812,1.34832,1.00,1.31
2018.03.28 09:16:43.191,1.3481,1.34832,1.31,1.31
2018.03.28 09:16:43.355,1.34813,1.34831,1.00,1.19
2018.03.28 09:16:43.715,1.3481,1.34832,1.31,1.31
2018.03.28 09:16:43.766,1.34813,1.34831,1.00,1.19
2018.03.28 09:16:44.146,1.3481,1.34832,1.31,1.31
2018.03.28 09:16:44.434,1.34812,1.34832,1.00,1.31
2018.03.28 09:16:44.756,1.34814,1.34832,1.00,1.31
2018.03.28 09:16:44.807,1.34812,1.34833,1.31,1.69
2018.03.28 09:16:44.858,1.34816,1.34833,1.00,1.69
2018.03.28 09:16:45.061,1.34813,1.34833,1.00,1.69
2018.03.28 09:16:45.612,1.34814,1.34833,1.00,2.44
2018.03.28 09:16:45.715,1.34812,1.34832,2.06,1.31
2018.03.28 09:16:45.895,1.34814,1.34833,1.00,2.44
2018.03.28 09:16:46.634,1.34814,1.34833,1.00,2.44
2018.03.28 09:16:46.880,1.34812,1.34831,1.25,1.00
2018.03.28 09:16:47.444,1.34813,1.34831,1.00,1.00
2018.03.28 09:16:47.975,1.34812,1.34832,1.25,1.31
2018.03.28 09:16:48.390,1.3481,1.3483,1.69,1.00
2018.03.28 09:16:48.750,1.34812,1.34832,1.25,1.31
2018.03.28 09:16:48.802,1.3481,1.3483,1.69,1.00
2018.03.28 09:16:49.136,1.34812,1.34832,1.25,1.31
2018.03.28 09:16:49.606,1.3481,1.3483,1.69,1.00
2018.03.28 09:16:49.658,1.34811,1.34832,1.19,1.31
2018.03.28 09:16:50.129,1.34815,1.34833,1.19,1.00
2018.03.28 09:16:50.337,1.34816,1.34836,1.25,1.69
2018.03.28 09:16:50.883,1.34811,1.34828,1.69,1.00
2018.03.28 09:16:50.988,1.34811,1.34831,1.25,1.62
2018.03.28 09:16:51.042,1.34812,1.34832,1.19,1.50
2018.03.28 09:16:51.664,1.34812,1.34831,1.00,1.25
2018.03.28 09:16:52.177,1.34812,1.3483,1.00,1.50
2018.03.28 09:16:52.778,1.34809,1.34831,1.25,1.56
2018.03.28 09:16:53.240,1.34812,1.3483,1.00,1.31
2018.03.28 09:16:53.344,1.34809,1.34831,1.25,2.06
2018.03.28 09:16:53.936,1.34809,1.34831,1.19,1.87
2018.03.28 09:16:54.195,1.34812,1.34831,1.00,1.62
2018.03.28 09:16:54.405,1.34809,1.34831,1.25,2.06
2018.03.28 09:16:54.560,1.34813,1.3483,1.00,1.19
2018.03.28 09:16:54.892,1.34811,1.3483,1.00,1.19
2018.03.28 09:16:55.021,1.34813,1.34831,1.00,1.19
2018.03.28 09:16:55.134,1.34811,1.34831,1.00,1.19
2018.03.28 09:16:55.185,1.34813,1.34831,1.00,1.19
2018.03.28 09:16:55.289,1.34811,1.34831,1.00,1.19
2018.03.28 09:16:55.751,1.34813,1.34831,1.00,1.19
2018.03.28 09:16:56.181,1.3481,1.34832,1.31,1.69
2018.03.28 09:16:56.777,1.34813,1.34831,1.00,1.19
2018.03.28 09:16:57.051,1.34811,1.34831,1.00,1.19
2018.03.28 09:16:57.570,1.34811,1.34831,1.00,1.25
2018.03.28 09:16:57.896,1.34813,1.34831,1.00,1.25
2018.03.28 09:16:58.151,1.3481,1.34832,1.12,1.19
2018.03.28 09:16:58.656,1.3481,1.34832,1.12,1.69
2018.03.28 09:16:58.786,1.34813,1.34831,1.00,1.19
2018.03.28 09:16:58.996,1.3481,1.34832,1.12,1.69
2018.03.28 09:16:59.047,1.34813,1.34831,1.00,1.19
2018.03.28 09:17:00.213,1.3481,1.34831,1.87,1.19
2018.03.28 09:17:00.660,1.34812,1.34831,1.00,1.19
2018.03.28 09:17:00.712,1.34809,1.34832,1.87,1.69
2018.03.28 09:17:00.967,1.34812,1.34831,1.00,1.19
2018.03.28 09:17:01.019,1.3481,1.34831,1.87,1.19
2018.03.28 09:17:01.070,1.34813,1.34831,1.00,1.19
2018.03.28 09:17:01.121,1.34811,1.34832,1.00,1.69
2018.03.28 09:17:01.353,1.34811,1.34831,1.00,1.19
2018.03.28 09:17:01.916,1.34812,1.3483,1.00,1.19
2018.03.28 09:17:02.019,1.3481,1.3483,1.00,1.19
2018.03.28 09:17:02.070,1.34812,1.3483,1.00,1.19
2018.03.28 09:17:02.858,1.34811,1.34832,1.00,2.81
2018.03.28 09:17:03.832,1.34811,1.3483,1.00,1.19
2018.03.28 09:17:04.026,1.34809,1.34831,1.00,1.19
2018.03.28 09:17:04.077,1.34812,1.34831,1.00,1.19
2018.03.28 09:17:04.180,1.3481,1.3483,1.00,1.19
2018.03.28 09:17:04.439,1.34812,1.3483,1.00,1.19
2018.03.28 09:17:04.633,1.34809,1.34831,1.00,1.19
2018.03.28 09:17:04.685,1.34812,1.34831,1.00,1.19
2018.03.28 09:17:04.850,1.3481,1.3483,1.00,1.19
2018.03.28 09:17:04.901,1.34812,1.3483,1.00,1.19
2018.03.28 09:17:05.079,1.34809,1.34832,1.00,1.19
2018.03.28 09:17:05.131,1.34812,1.34831,1.00,1.19
2018.03.28 09:17:05.243,1.3481,1.3483,1.00,1.25
2018.03.28 09:17:05.450,1.34813,1.34831,1.00,1.19
2018.03.28 09:17:05.501,1.3481,1.34831,1.00,1.19
2018.03.28 09:17:05.604,1.34812,1.34832,1.00,1.19
2018.03.28 09:17:05.981,1.34809,1.34832,1.00,1.69
2018.03.28 09:17:06.084,1.34813,1.34831,1.00,1.19
2018.03.28 09:17:06.349,1.34807,1.34825,1.87,1.00
2018.03.28 09:17:06.452,1.34805,1.34825,1.00,1.69
2018.03.28 09:17:07.389,1.34805,1.34825,1.00,2.44
2018.03.28 09:17:07.907,1.34803,1.34824,1.00,1.25
2018.03.28 09:17:08.010,1.34803,1.34822,1.00,1.00
2018.03.28 09:17:08.540,1.34804,1.34823,1.00,1.19
2018.03.28 09:17:09.056,1.34803,1.34823,1.00,1.19
2018.03.28 09:17:09.577,1.34804,1.34822,1.00,1.00
2018.03.28 09:17:10.275,1.34804,1.34823,1.00,1.25
2018.03.28 09:17:11.097,1.34804,1.34823,1.00,1.19
2018.03.28 09:17:11.744,1.34802,1.34822,1.00,1.19
2018.03.28 09:17:11.848,1.34804,1.34822,1.00,1.19
2018.03.28 09:17:12.308,1.34804,1.34823,1.00,1.25
2018.03.28 09:17:12.832,1.34803,1.34824,1.25,1.19
2018.03.28 09:17:13.352,1.34802,1.34822,1.19,1.00
2018.03.28 09:17:13.875,1.34801,1.34823,1.19,1.25
2018.03.28 09:17:14.492,1.34804,1.34823,1.00,1.25
2018.03.28 09:17:15.311,1.34801,1.34823,1.19,1.25
2018.03.28 09:17:15.813,1.34805,1.34823,1.00,1.00
2018.03.28 09:17:15.918,1.34802,1.34823,1.19,1.00
2018.03.28 09:17:15.970,1.34805,1.34823,1.00,1.00
2018.03.28 09:17:16.129,1.34803,1.34822,1.25,1.00
2018.03.28 09:17:16.180,1.34804,1.34824,1.00,1.00
2018.03.28 09:17:16.518,1.34803,1.34822,1.25,1.00
2018.03.28 09:17:16.840,1.34805,1.34823,1.00,1.00
2018.03.28 09:17:17.158,1.34802,1.34823,1.19,1.00
2018.03.28 09:17:17.923,1.34804,1.34823,1.00,1.25
2018.03.28 09:17:18.520,1.34803,1.34821,1.00,1.00
2018.03.28 09:17:18.677,1.34798,1.34817,1.00,1.25
2018.03.28 09:17:18.985,1.34796,1.34815,1.19,1.00
2018.03.28 09:17:19.676,1.34795,1.34815,1.00,1.87
2018.03.28 09:17:19.810,1.34795,1.34813,1.00,1.00
2018.03.28 09:17:19.862,1.34794,1.34815,1.25,2.25
2018.03.28 09:17:20.266,1.34796,1.34814,1.00,1.00
2018.03.28 09:17:20.451,1.34794,1.34814,1.25,1.00
2018.03.28 09:17:20.991,1.34795,1.34814,1.00,1.00
2018.03.28 09:17:21.493,1.34794,1.34814,1.25,1.25
2018.03.28 09:17:22.035,1.34793,1.34813,1.19,1.00
2018.03.28 09:17:27.415,1.34793,1.34813,1.25,1.25
2018.03.28 09:17:29.004,1.34793,1.34813,1.19,1.00
2018.03.28 09:17:29.388,1.34802,1.34819,1.00,1.37
2018.03.28 09:17:29.439,1.34802,1.34821,1.19,1.50
2018.03.28 09:17:29.901,1.34804,1.34824,1.00,1.00
2018.03.28 09:17:30.159,1.34806,1.34827,1.25,1.00
2018.03.28 09:17:30.689,1.34807,1.34827,1.00,1.00
2018.03.28 09:17:30.842,1.34808,1.3483,1.19,1.50
2018.03.28 09:17:30.894,1.34813,1.34834,1.00,1.69
2018.03.28 09:17:31.226,1.34817,1.34837,1.19,1.50
2018.03.28 09:17:31.988,1.34817,1.34837,1.00,1.00
2018.03.28 09:17:32.594,1.34817,1.34839,1.00,1.69
2018.03.28 09:17:32.920,1.34819,1.34839,1.00,1.69
2018.03.28 09:17:33.862,1.34817,1.34839,1.19,1.19
2018.03.28 09:17:34.863,1.34819,1.34839,1.00,1.69
2018.03.28 09:17:35.768,1.34818,1.34839,1.25,1.19
2018.03.28 09:17:36.292,1.34818,1.34839,1.00,2.44
2018.03.28 09:17:36.905,1.34818,1.34839,1.00,2.81
2018.03.28 09:17:37.713,1.34818,1.34837,1.00,1.00
2018.03.28 09:17:38.038,1.34816,1.34836,1.12,1.19
2018.03.28 09:17:39.507,1.34816,1.34836,1.12,1.25
2018.03.28 09:17:43.077,1.34817,1.34837,1.00,1.00
2018.03.28 09:17:44.377,1.34817,1.34838,1.00,1.69
2018.03.28 09:17:44.728,1.34814,1.34834,1.00,1.69
2018.03.28 09:17:45.591,1.34812,1.34833,1.31,1.31
2018.03.28 09:17:45.898,1.34817,1.34837,1.25,2.06
2018.03.28 09:17:47.545,1.34817,1.34838,1.00,2.44
2018.03.28 09:17:47.850,1.34816,1.34836,1.00,1.19
2018.03.28 09:17:48.520,1.34816,1.34836,1.00,1.19
2018.03.28 09:17:49.042,1.34817,1.34836,1.00,1.19
2018.03.28 09:17:49.526,1.34813,1.34834,1.50,1.19
2018.03.28 09:17:49.579,1.34811,1.34832,1.12,1.25
2018.03.28 09:17:49.631,1.34811,1.34832,1.00,1.19
2018.03.28 09:17:49.946,1.34809,1.34829,1.25,1.25
2018.03.28 09:17:50.453,1.34807,1.34827,1.69,1.00
2018.03.28 09:17:50.505,1.34807,1.34827,1.00,2.06
2018.03.28 09:17:50.658,1.34809,1.34827,1.00,1.31
2018.03.28 09:17:50.965,1.34813,1.34831,1.00,1.69
2018.03.28 09:17:51.017,1.34813,1.3483,1.00,1.19
2018.03.28 09:17:52.055,1.34814,1.34834,1.00,1.19
2018.03.28 09:17:52.448,1.34815,1.34836,1.00,1.69
2018.03.28 09:17:52.760,1.34815,1.34837,1.31,1.69
2018.03.28 09:17:52.813,1.34817,1.34836,1.25,1.00
2018.03.28 09:17:53.226,1.34818,1.34839,1.25,1.50
2018.03.28 09:17:53.766,1.34818,1.3484,1.31,1.25
2018.03.28 09:17:54.077,1.34818,1.34838,1.31,1.00
2018.03.28 09:17:54.128,1.34818,1.3484,1.31,1.69
2018.03.28 09:17:55.959,1.34818,1.3484,1.31,1.69
2018.03.28 09:17:56.269,1.34825,1.34843,1.00,1.19
2018.03.28 09:17:56.901,1.34824,1.34842,1.00,1.19
2018.03.28 09:17:58.756,1.34822,1.34843,1.00,1.19
2018.03.28 09:17:58.808,1.3482,1.34839,1.31,1.00
2018.03.28 09:17:59.654,1.34824,1.34842,1.00,1.69
2018.03.28 09:18:00.197,1.34823,1.34843,1.00,1.19
2018.03.28 09:18:00.834,1.34824,1.34842,1.00,1.19
2018.03.28 09:18:02.780,1.34819,1.34839,2.44,1.00
2018.03.28 09:18:03.034,1.34819,1.34838,1.69,1.00
2018.03.28 09:18:03.644,1.3482,1.34839,1.00,1.25
2018.03.28 09:18:04.263,1.34818,1.34839,2.06,1.25
2018.03.28 09:18:04.794,1.34818,1.34838,1.31,1.00
2018.03.28 09:18:07.216,1.34816,1.34836,1.50,1.00
2018.03.28 09:18:07.268,1.34815,1.34831,1.00,1.19
2018.03.28 09:18:07.605,1.34812,1.34826,1.00,1.00
2018.03.28 09:18:07.757,1.3481,1.34825,1.00,1.00
2018.03.28 09:18:07.859,1.34806,1.34825,2.06,1.00
2018.03.28 09:18:08.502,1.34806,1.34825,1.12,1.00
2018.03.28 09:18:09.992,1.34806,1.34827,3.56,1.19
2018.03.28 09:18:10.044,1.34811,1.34828,1.00,1.19
2018.03.28 09:18:10.228,1.3481,1.34828,1.00,1.00
2018.03.28 09:18:10.744,1.3481,1.34828,1.00,1.19
2018.03.28 09:18:11.272,1.34811,1.34828,1.00,1.25
2018.03.28 09:18:12.290,1.3481,1.34829,1.50,1.19
2018.03.28 09:18:12.707,1.34812,1.34829,1.00,1.19
2018.03.28 09:18:13.268,1.34811,1.34828,1.00,1.00
2018.03.28 09:18:13.558,1.34809,1.34827,1.00,1.00
2018.03.28 09:18:13.611,1.34807,1.34825,1.00,1.19
2018.03.28 09:18:14.126,1.34806,1.34823,1.12,1.00
2018.03.28 09:18:14.632,1.34807,1.34824,1.00,1.25
2018.03.28 09:18:15.711,1.34806,1.34824,1.12,1.25
2018.03.28 09:18:15.945,1.34806,1.34828,1.00,1.69
2018.03.28 09:18:15.997,1.34807,1.34829,1.56,1.19
2018.03.28 09:18:16.307,1.34807,1.34826,1.19,1.00
2018.03.28 09:18:16.720,1.34814,1.34831,1.00,1.69
2018.03.28 09:18:16.773,1.34811,1.34829,1.00,1.00
2018.03.28 09:18:16.877,1.34811,1.34831,1.19,1.00
2018.03.28 09:18:17.060,1.3481,1.34829,1.19,1.00
2018.03.28 09:18:17.577,1.34808,1.34826,1.50,1.25
2018.03.28 09:18:17.893,1.348,1.3482,1.12,1.31
2018.03.28 09:18:17.946,1.34801,1.34821,1.00,2.81
2018.03.28 09:18:18.324,1.34796,1.34814,1.00,1.00
2018.03.28 09:18:18.582,1.34795,1.34816,1.19,1.25
2018.03.28 09:18:19.560,1.34797,1.34818,1.00,2.44
2018.03.28 09:18:19.713,1.34799,1.34819,1.00,1.94
2018.03.28 09:18:20.055,1.3479,1.34812,1.69,1.19
2018.03.28 09:18:20.108,1.34792,1.3481,1.00,1.19
2018.03.28 09:18:21.160,1.34788,1.34806,2.06,1.12
2018.03.28 09:18:21.350,1.34785,1.34803,1.75,1.00
2018.03.28 09:18:21.820,1.34789,1.34807,1.00,1.94
2018.03.28 09:18:23.902,1.34789,1.34807,1.00,1.19
2018.03.28 09:18:25.300,1.34789,1.34807,1.00,1.25
2018.03.28 09:18:26.851,1.34788,1.34807,1.00,1.25
2018.03.28 09:18:27.410,1.34789,1.34808,1.00,1.19
2018.03.28 09:18:27.512,1.3479,1.34809,1.50,1.00
2018.03.28 09:18:27.921,1.34792,1.3481,1.37,1.00
2018.03.28 09:18:28.468,1.34792,1.34809,1.37,1.00
2018.03.28 09:18:29.168,1.34792,1.3481,1.37,1.00
2018.03.28 09:18:29.466,1.34794,1.34814,1.00,1.25
2018.03.28 09:18:29.518,1.34796,1.34816,1.12,1.31
2018.03.28 09:18:29.674,1.34797,1.34818,1.00,1.25
2018.03.28 09:18:29.727,1.34799,1.34817,1.00,1.00
2018.03.28 09:18:30.063,1.34801,1.34823,1.87,2.81
2018.03.28 09:18:30.114,1.34801,1.34822,2.06,1.12
2018.03.28 09:18:31.077,1.34801,1.34821,1.37,1.19
2018.03.28 09:18:32.444,1.34802,1.34819,1.37,1.00
2018.03.28 09:18:32.610,1.34801,1.34821,1.12,1.19
2018.03.28 09:18:33.157,1.34802,1.34821,1.00,1.19
2018.03.28 09:18:33.651,1.34803,1.34822,1.00,1.31
2018.03.28 09:18:33.703,1.34804,1.34822,1.37,2.06
2018.03.28 09:18:34.205,1.34804,1.34822,1.87,1.31
2018.03.28 09:18:34.850,1.34804,1.34823,1.87,1.19
2018.03.28 09:18:37.215,1.34804,1.34821,1.37,1.00
2018.03.28 09:18:37.720,1.34804,1.34823,1.37,2.44
2018.03.28 09:18:38.030,1.34804,1.34822,1.37,2.06
2018.03.28 09:18:38.805,1.34802,1.34822,1.87,1.31
2018.03.28 09:18:40.507,1.34802,1.3482,1.12,1.31
2018.03.28 09:18:40.637,1.34802,1.3482,1.00,1.31
2018.03.28 09:18:41.079,1.34802,1.3482,1.00,1.19
2018.03.28 09:18:41.284,1.34803,1.34821,1.12,1.25
2018.03.28 09:18:41.835,1.34803,1.3482,1.12,1.00
2018.03.28 09:18:42.225,1.34801,1.3482,1.37,1.00
2018.03.28 09:18:42.277,1.34798,1.34818,1.31,1.25
2018.03.28 09:18:42.597,1.34797,1.34816,1.31,1.00
2018.03.28 09:18:42.905,1.34795,1.34815,1.12,1.19
2018.03.28 09:18:43.444,1.34795,1.34817,1.31,1.19
2018.03.28 09:18:43.496,1.34799,1.34816,1.00,1.25
2018.03.28 09:18:45.166,1.34799,1.34817,1.00,1.25
2018.03.28 09:18:49.454,1.34799,1.34816,1.00,1.00
2018.03.28 09:18:49.976,1.34799,1.34817,1.00,1.25
2018.03.28 09:18:50.477,1.34799,1.34817,1.00,1.69
2018.03.28 09:18:51.532,1.34796,1.34816,1.12,1.25
2018.03.28 09:18:53.690,1.34797,1.34815,1.50,1.00
2018.03.28 09:18:54.720,1.34795,1.34813,2.62,1.00
2018.03.28 09:18:55.222,1.34795,1.34814,1.37,1.00
2018.03.28 09:18:56.024,1.34795,1.34815,1.37,1.12
2018.03.28 09:18:56.366,1.348,1.3482,1.50,1.19
2018.03.28 09:18:56.884,1.34801,1.34819,1.25,1.00
2018.03.28 09:18:57.663,1.34802,1.3482,1.00,1.19
2018.03.28 09:18:58.173,1.34803,1.34821,1.00,1.25
2018.03.28 09:18:58.472,1.34801,1.34821,1.31,1.25
2018.03.28 09:18:58.574,1.34803,1.34821,1.00,1.25
2018.03.28 09:18:59.087,1.34801,1.34821,1.31,1.25
2018.03.28 09:18:59.643,1.34802,1.34822,1.25,1.00
2018.03.28 09:19:00.146,1.34803,1.34821,1.00,1.00
2018.03.28 09:19:00.583,1.34805,1.34823,1.00,1.19
2018.03.28 09:19:00.688,1.34807,1.34827,1.50,1.69
2018.03.28 09:19:00.741,1.3481,1.34829,1.00,2.81
2018.03.28 09:19:00.794,1.34808,1.34828,1.12,1.31
2018.03.28 09:19:00.846,1.3481,1.34828,1.00,1.31
2018.03.28 09:19:01.082,1.34808,1.34828,1.12,1.31
2018.03.28 09:19:01.780,1.34808,1.34828,1.12,2.06
2018.03.28 09:19:02.066,1.34808,1.34828,1.12,1.69
2018.03.28 09:19:02.581,1.34808,1.34828,1.50,1.69
2018.03.28 09:19:03.159,1.34808,1.34828,1.50,1.69
2018.03.28 09:19:05.043,1.3481,1.34828,1.00,1.69
2018.03.28 09:19:05.549,1.34809,1.34829,1.12,3.19
2018.03.28 09:19:06.095,1.3481,1.34828,1.00,1.25
2018.03.28 09:19:07.041,1.34808,1.34828,1.50,1.25
2018.03.28 09:19:08.303,1.34811,1.34828,1.00,1.69
2018.03.28 09:19:08.689,1.34812,1.34827,1.00,1.19
2018.03.28 09:19:08.742,1.34812,1.34831,1.00,1.25
2018.03.28 09:19:08.847,1.34814,1.34832,1.00,1.50
2018.03.28 09:19:09.158,1.34812,1.34832,2.25,1.69
2018.03.28 09:19:11.578,1.34813,1.34827,1.12,1.00
2018.03.28 09:19:11.834,1.34813,1.34831,1.12,1.31
2018.03.28 09:19:13.610,1.34812,1.34831,1.50,1.31
2018.03.28 09:19:14.675,1.34812,1.34831,1.00,2.81
2018.03.28 09:19:15.228,1.34812,1.34831,1.00,2.81
2018.03.28 09:19:15.731,1.34811,1.34831,1.00,2.81
2018.03.28 09:19:15.783,1.3481,1.34829,1.50,1.19
2018.03.28 09:19:16.127,1.34804,1.34822,1.00,1.19
2018.03.28 09:19:16.644,1.34803,1.34821,1.00,1.00
2018.03.28 09:19:17.155,1.34803,1.34822,1.00,1.00
2018.03.28 09:19:17.650,1.34803,1.34821,1.00,1.69
2018.03.28 09:19:18.713,1.34802,1.3482,1.00,1.25
2018.03.28 09:19:19.313,1.34801,1.3482,1.00,1.25
2018.03.28 09:19:20.073,1.34802,1.3482,1.00,1.25
2018.03.28 09:19:20.620,1.34801,1.3482,1.00,1.25
2018.03.28 09:19:20.951,1.34803,1.3482,1.00,1.19
2018.03.28 09:19:21.774,1.34802,1.3482,1.00,1.69
2018.03.28 09:19:23.582,1.34801,1.3482,1.00,1.69
2018.03.28 09:19:24.131,1.34802,1.3482,1.00,1.69
2018.03.28 09:19:26.658,1.34798,1.34818,1.00,1.69
2018.03.28 09:19:26.815,1.34798,1.34815,1.00,1.00
2018.03.28 09:19:27.349,1.34797,1.34815,1.00,1.25
2018.03.28 09:19:28.164,1.348,1.34815,1.00,1.25
2018.03.28 09:19:30.415,1.34794,1.34811,1.00,1.31
2018.03.28 09:19:30.516,1.34792,1.34811,1.00,1.31
2018.03.28 09:19:30.619,1.34796,1.34814,1.00,2.81
2018.03.28 09:19:30.823,1.34793,1.34812,1.00,1.69
2018.03.28 09:19:31.213,1.34793,1.34809,1.00,1.00
2018.03.28 09:19:31.367,1.3479,1.34809,1.00,1.69
2018.03.28 09:19:31.520,1.34789,1.34805,1.00,1.19
2018.03.28 09:19:31.880,1.34786,1.34805,1.00,1.19
2018.03.28 09:19:32.265,1.34788,1.34805,1.00,1.69
2018.03.28 09:19:32.802,1.34787,1.34805,1.00,1.19
2018.03.28 09:19:33.544,1.34788,1.34804,1.00,1.19
2018.03.28 09:19:33.724,1.34786,1.34805,1.00,1.69
2018.03.28 09:19:34.323,1.34786,1.34805,1.00,1.19
2018.03.28 09:19:34.886,1.34787,1.34804,1.00,1.25
2018.03.28 09:19:34.937,1.34785,1.34805,1.00,1.69
2018.03.28 09:19:35.080,1.34787,1.34804,1.00,1.25
2018.03.28 09:19:35.450,1.34788,1.34804,1.00,1.31
2018.03.28 09:19:35.761,1.34785,1.34804,1.00,2.44
2018.03.28 09:19:36.288,1.34786,1.34802,1.00,1.19
2018.03.28 09:19:36.443,1.34785,1.34804,1.00,2.06
2018.03.28 09:19:37.000,1.34787,1.34803,1.00,1.19
2018.03.28 09:19:37.051,1.34784,1.34804,1.00,1.31
2018.03.28 09:19:37.102,1.34787,1.34804,1.00,2.06
2018.03.28 09:19:37.233,1.34784,1.34804,1.00,1.31
2018.03.28 09:19:37.285,1.34787,1.34803,1.00,1.19
2018.03.28 09:19:37.337,1.34784,1.34804,1.00,2.06
2018.03.28 09:19:37.389,1.34786,1.34803,1.00,1.19
2018.03.28 09:19:37.441,1.34784,1.34804,1.00,2.06
2018.03.28 09:19:37.493,1.34786,1.34802,1.00,1.19
2018.03.28 09:19:38.028,1.34784,1.34804,1.00,2.44
2018.03.28 09:19:38.130,1.34787,1.34804,1.00,2.06
2018.03.28 09:19:38.669,1.34787,1.34804,1.00,1.19
2018.03.28 09:19:39.051,1.34785,1.34805,1.00,1.19
2018.03.28 09:19:39.154,1.34783,1.34805,1.00,1.19
2018.03.28 09:19:39.232,1.34786,1.34804,1.00,1.19
2018.03.28 09:19:39.336,1.34782,1.34806,2.44,1.69
2018.03.28 09:19:39.388,1.34782,1.34806,2.44,1.31
2018.03.28 09:19:39.698,1.34788,1.34804,1.00,1.00
2018.03.28 09:19:40.188,1.34788,1.34806,1.00,1.25
2018.03.28 09:19:40.715,1.34789,1.34806,1.00,1.25
2018.03.28 09:19:41.227,1.34786,1.34806,1.25,1.25
2018.03.28 09:19:41.279,1.34789,1.34806,1.00,1.25
2018.03.28 09:19:41.383,1.34786,1.34806,1.25,1.69
2018.03.28 09:19:41.486,1.34789,1.34806,1.00,1.25
2018.03.28 09:19:41.996,1.34786,1.34806,1.25,1.25
2018.03.28 09:19:42.566,1.34789,1.34806,1.00,1.25
2018.03.28 09:19:42.718,1.34785,1.34806,2.44,1.25
2018.03.28 09:19:43.142,1.34789,1.34806,1.00,1.25
2018.03.28 09:19:43.194,1.34785,1.34806,2.44,1.25
2018.03.28 09:19:43.245,1.34789,1.34806,1.00,1.25
2018.03.28 09:19:43.546,1.34792,1.34809,1.00,1.19
2018.03.28 09:19:43.830,1.3479,1.34809,1.00,1.00
2018.03.28 09:19:44.343,1.3479,1.34809,1.00,1.19
2018.03.28 09:19:44.857,1.34789,1.34809,1.50,1.69
2018.03.28 09:19:45.383,1.3479,1.34809,1.00,1.19
2018.03.28 09:19:49.117,1.3479,1.3481,1.00,2.44
2018.03.28 09:19:51.287,1.34789,1.3481,1.50,2.44
2018.03.28 09:19:51.932,1.3479,1.3481,1.00,2.44
2018.03.28 09:19:52.729,1.34789,1.3481,1.50,2.44
2018.03.28 09:19:53.006,1.34793,1.3481,1.00,1.50
2018.03.28 09:19:53.161,1.34794,1.34811,1.00,1.25
2018.03.28 09:19:53.316,1.34792,1.34811,1.00,1.69
2018.03.28 09:19:53.736,1.34795,1.34812,1.00,2.06
2018.03.28 09:19:53.964,1.34798,1.34816,1.00,1.31
2018.03.28 09:19:54.173,1.348,1.34816,1.00,1.31
2018.03.28 09:19:54.328,1.34801,1.34817,1.00,2.44
2018.03.28 09:19:54.919,1.348,1.34817,1.00,1.69
2018.03.28 09:19:55.431,1.34801,1.34817,1.00,1.69
2018.03.28 09:19:56.023,1.348,1.34817,1.00,1.69
2018.03.28 09:19:56.324,1.34798,1.34817,1.00,1.00
2018.03.28 09:19:56.376,1.348,1.34817,1.00,1.00
2018.03.28 09:19:56.903,1.34799,1.34817,1.00,1.00
2018.03.28 09:19:57.062,1.34795,1.34815,1.00,2.06
2018.03.28 09:19:57.113,1.34792,1.34812,1.00,1.00
2018.03.28 09:19:57.166,1.34791,1.34809,1.00,2.25
2018.03.28 09:19:57.595,1.34789,1.34808,1.50,1.25
2018.03.28 09:19:57.646,1.34791,1.34809,1.00,1.69
2018.03.28 09:19:57.748,1.34789,1.34808,1.50,1.25
2018.03.28 09:19:57.851,1.34791,1.34809,1.25,1.50
2018.03.28 09:19:58.006,1.34794,1.34814,1.25,1.25
2018.03.28 09:19:58.057,1.34796,1.34814,1.00,1.69
2018.03.28 09:19:58.109,1.34794,1.34814,1.25,1.69
2018.03.28 09:19:58.160,1.34796,1.34814,1.00,1.69
2018.03.28 09:19:58.912,1.34792,1.34812,1.69,1.00
2018.03.28 09:19:59.459,1.34793,1.3481,1.00,1.50
2018.03.28 09:19:59.616,1.34791,1.34809,1.50,1.31
2018.03.28 09:19:59.874,1.34789,1.34809,1.00,1.31
2018.03.28 09:20:00.053,1.34789,1.34809,1.00,2.06
2018.03.28 09:20:00.259,1.34787,1.34806,1.00,1.12
2018.03.28 09:20:00.363,1.34789,1.34806,1.00,1.12
2018.03.28 09:20:00.416,1.34787,1.34806,1.00,1.12
2018.03.28 09:20:00.468,1.34789,1.34806,1.00,1.12
2018.03.28 09:20:00.674,1.3479,1.34809,1.00,1.69
2018.03.28 09:20:00.902,1.3479,1.34806,1.00,1.00
2018.03.28 09:20:01.212,1.34793,1.34809,1.00,1.50
2018.03.28 09:20:01.483,1.3479,1.34809,1.69,1.00
2018.03.28 09:20:01.535,1.34792,1.34809,1.00,1.00
2018.03.28 09:20:02.008,1.34794,1.3481,1.00,1.31
2018.03.28 09:20:02.165,1.34792,1.3481,1.00,1.31
2018.03.28 09:20:02.341,1.34794,1.3481,1.00,1.31
2018.03.28 09:20:03.189,1.34794,1.34809,1.00,1.00
2018.03.28 09:20:03.721,1.34792,1.34809,1.25,1.00
2018.03.28 09:20:03.773,1.34794,1.34809,1.00,1.00
2018.03.28 09:20:03.875,1.34792,1.34809,1.69,1.00
2018.03.28 09:20:03.978,1.34794,1.34809,1.00,1.00
2018.03.28 09:20:04.154,1.34792,1.34809,1.25,1.00
2018.03.28 09:20:04.256,1.34797,1.34812,1.00,2.00
2018.03.28 09:20:04.307,1.34794,1.34812,1.00,2.00
2018.03.28 09:20:04.421,1.34796,1.34812,1.00,2.00
2018.03.28 09:20:04.703,1.34794,1.34813,1.00,1.19
2018.03.28 09:20:04.983,1.34797,1.34813,1.00,1.19
2018.03.28 09:20:05.342,1.34799,1.34814,1.00,1.00
2018.03.28 09:20:05.688,1.34804,1.34818,1.00,1.00
2018.03.28 09:20:06.220,1.34805,1.34818,1.00,1.00
2018.03.28 09:20:06.565,1.34803,1.34818,1.00,1.00
2018.03.28 09:20:06.668,1.34805,1.34818,1.00,1.00
2018.03.28 09:20:07.375,1.34804,1.3482,1.00,1.19
2018.03.28 09:20:07.530,1.34805,1.34821,1.50,1.00
2018.03.28 09:20:07.582,1.34807,1.34822,1.00,1.00
2018.03.28 09:20:07.841,1.34814,1.3483,1.00,1.12
2018.03.28 09:20:07.893,1.34814,1.34833,1.00,2.81
2018.03.28 09:20:07.978,1.34816,1.34833,1.00,2.81
2018.03.28 09:20:08.464,1.34814,1.34834,1.50,2.06
2018.03.28 09:20:09.069,1.34813,1.34833,1.00,1.31
2018.03.28 09:20:10.041,1.34814,1.34833,1.00,1.31
2018.03.28 09:20:10.563,1.34814,1.34833,1.50,2.06
2018.03.28 09:20:11.224,1.34815,1.34833,1.00,2.44
2018.03.28 09:20:11.770,1.34814,1.34833,1.50,2.44
2018.03.28 09:20:12.175,1.34816,1.34833,1.00,2.06
2018.03.28 09:20:13.181,1.34817,1.34833,1.00,1.31
2018.03.28 09:20:13.679,1.34815,1.34834,1.00,2.81
2018.03.28 09:20:14.230,1.34816,1.34834,1.00,2.06
2018.03.28 09:20:14.486,1.34814,1.34834,1.00,2.06
2018.03.28 09:20:14.700,1.34818,1.34834,1.19,1.37
2018.03.28 09:20:14.804,1.34824,1.3484,1.00,1.12
2018.03.28 09:20:14.859,1.3483,1.3484,1.00,1.12
2018.03.28 09:20:14.911,1.34828,1.34844,1.00,2.25
2018.03.28 09:20:14.963,1.3483,1.34844,1.00,1.25
2018.03.28 09:20:15.109,1.34828,1.34845,1.00,1.25
2018.03.28 09:20:15.264,1.34831,1.34845,1.00,1.25
2018.03.28 09:20:15.317,1.34831,1.34847,1.00,1.25
2018.03.28 09:20:15.421,1.34833,1.34848,1.00,1.00
2018.03.28 09:20:15.681,1.34835,1.34851,1.00,1.25
2018.03.28 09:20:15.839,1.34832,1.34851,1.00,1.69
2018.03.28 09:20:15.963,1.3483,1.34849,1.00,1.69
2018.03.28 09:20:16.117,1.34826,1.34846,1.69,1.00
2018.03.28 09:20:16.422,1.34826,1.34841,1.00,1.12
2018.03.28 09:20:17.217,1.34825,1.34841,1.00,1.12
2018.03.28 09:20:17.269,1.34823,1.34841,1.00,1.31
2018.03.28 09:20:17.321,1.34821,1.34841,1.12,1.31
2018.03.28 09:20:17.526,1.34822,1.34838,1.00,1.19
2018.03.28 09:20:17.839,1.34816,1.34834,1.00,1.25
2018.03.28 09:20:17.930,1.34814,1.34833,1.50,1.19
2018.03.28 09:20:18.237,1.34819,1.34833,1.00,1.25
2018.03.28 09:20:18.593,1.34815,1.34833,1.00,1.69
2018.03.28 09:20:18.645,1.34812,1.34833,1.50,1.69
2018.03.28 09:20:18.770,1.34811,1.3483,1.12,1.69
2018.03.28 09:20:18.923,1.34813,1.3483,1.00,1.69
2018.03.28 09:20:19.198,1.34811,1.34829,1.00,1.12
2018.03.28 09:20:19.713,1.34812,1.34829,1.00,1.31
2018.03.28 09:20:20.020,1.3481,1.3483,1.12,1.69
2018.03.28 09:20:20.174,1.34814,1.3483,1.00,1.69
2018.03.28 09:20:20.497,1.34812,1.3483,1.00,1.69
2018.03.28 09:20:20.548,1.34815,1.3483,1.00,1.69
2018.03.28 09:20:21.014,1.34813,1.3483,1.00,1.69
2018.03.28 09:20:21.607,1.34812,1.3483,1.00,1.69
2018.03.28 09:20:21.658,1.34815,1.3483,1.00,1.69
2018.03.28 09:20:21.745,1.34813,1.3483,1.00,1.69
2018.03.28 09:20:21.849,1.34818,1.3483,1.00,1.69
2018.03.28 09:20:22.006,1.34815,1.34833,1.00,1.31
2018.03.28 09:20:22.058,1.34813,1.34833,1.00,2.06
2018.03.28 09:20:22.729,1.34814,1.3483,1.00,1.25
2018.03.28 09:20:23.242,1.34815,1.3483,1.00,1.19
2018.03.28 09:20:23.682,1.34813,1.3483,1.00,1.19
2018.03.28 09:20:24.074,1.3482,1.34831,1.00,1.50
2018.03.28 09:20:24.126,1.3482,1.34835,1.00,1.00
2018.03.28 09:20:24.679,1.34818,1.34835,1.00,1.69
2018.03.28 09:20:24.738,1.34816,1.34831,1.00,1.00
2018.03.28 09:20:24.946,1.34814,1.34831,1.00,1.31
2018.03.28 09:20:25.637,1.34815,1.34831,1.00,1.31
2018.03.28 09:20:26.152,1.34815,1.34832,1.00,2.06
2018.03.28 09:20:27.161,1.34814,1.34829,1.00,1.25
2018.03.28 09:20:27.696,1.34815,1.34829,1.00,1.19
2018.03.28 09:20:28.224,1.34814,1.3483,1.00,1.69
2018.03.28 09:20:28.744,1.34814,1.34829,1.00,1.25
2018.03.28 09:20:29.262,1.34813,1.34829,1.00,1.25
2018.03.28 09:20:29.927,1.34813,1.34829,1.00,1.19
2018.03.28 09:20:30.234,1.34809,1.34824,1.00,1.25
2018.03.28 09:20:30.562,1.34807,1.34824,1.00,1.31
2018.03.28 09:20:31.070,1.34808,1.34825,1.00,2.06
2018.03.28 09:20:31.664,1.34808,1.34824,1.00,1.31
2018.03.28 09:20:32.671,1.34808,1.34824,1.00,1.31
2018.03.28 09:20:33.154,1.34807,1.34822,1.00,2.00
2018.03.28 09:20:33.448,1.34807,1.34823,1.00,1.19
2018.03.28 09:20:33.925,1.34805,1.34822,1.00,1.56
2018.03.28 09:20:34.260,1.34805,1.34818,1.00,1.00
2018.03.28 09:20:34.802,1.34806,1.34819,1.00,1.69
2018.03.28 09:20:34.957,1.34804,1.34818,1.00,1.25
2018.03.28 09:20:35.468,1.34805,1.34818,1.00,1.25
2018.03.28 09:20:36.188,1.34805,1.34819,1.00,1.69
2018.03.28 09:20:36.239,1.34805,1.34819,1.00,1.69
2018.03.28 09:20:36.707,1.34799,1.34816,1.00,1.00
2018.03.28 09:20:36.759,1.34797,1.34815,1.00,1.25
2018.03.28 09:20:36.812,1.34799,1.34815,1.00,1.56
2018.03.28 09:20:36.865,1.34798,1.34816,1.00,1.56
2018.03.28 09:20:37.316,1.34801,1.34816,1.00,2.06
2018.03.28 09:20:37.472,1.34798,1.34816,1.00,2.06
2018.03.28 09:20:37.525,1.348,1.34816,1.00,2.81
2018.03.28 09:20:37.629,1.34798,1.34816,1.00,2.44
2018.03.28 09:20:37.990,1.348,1.34816,1.00,2.44
2018.03.28 09:20:38.094,1.34798,1.34815,1.00,1.31
2018.03.28 09:20:38.645,1.34799,1.34815,1.00,1.31
2018.03.28 09:20:39.163,1.348,1.34815,1.00,1.31
2018.03.28 09:20:39.713,1.34801,1.34815,1.00,1.19
2018.03.28 09:20:39.838,1.34799,1.34815,1.00,1.19
2018.03.28 09:20:40.351,1.348,1.34816,1.00,2.44
2018.03.28 09:20:40.454,1.34798,1.34816,1.00,2.44
2018.03.28 09:20:40.725,1.348,1.34815,1.00,1.19
2018.03.28 09:20:40.880,1.34798,1.34815,1.50,1.19
2018.03.28 09:20:41.502,1.34801,1.34815,1.00,1.19
2018.03.28 09:20:41.818,1.34808,1.34821,1.00,1.19
2018.03.28 09:20:41.922,1.34805,1.34821,1.00,1.25
2018.03.28 09:20:42.026,1.34803,1.34819,1.50,1.00
2018.03.28 09:20:42.367,1.34802,1.34819,1.00,2.06
2018.03.28 09:20:42.868,1.34803,1.34819,1.00,1.31
2018.03.28 09:20:43.281,1.348,1.34819,2.25,2.06
2018.03.28 09:20:43.333,1.34802,1.34818,1.00,1.19
2018.03.28 09:20:43.644,1.348,1.34817,1.00,1.31
2018.03.28 09:20:43.696,1.34797,1.34815,1.50,1.19
2018.03.28 09:20:43.748,1.34799,1.34815,1.00,1.19
2018.03.28 09:20:44.838,1.348,1.34817,1.00,2.81
2018.03.28 09:20:45.525,1.34801,1.34817,1.00,1.31
2018.03.28 09:20:46.058,1.34801,1.34818,1.00,2.44
2018.03.28 09:20:47.322,1.34801,1.34817,1.00,1.56
2018.03.28 09:20:47.479,1.34797,1.34814,1.50,1.25
2018.03.28 09:20:47.539,1.34797,1.34815,1.50,2.06
2018.03.28 09:20:47.857,1.34799,1.34816,1.00,2.06
2018.03.28 09:20:48.376,1.34798,1.34815,1.50,2.06
2018.03.28 09:20:49.538,1.34799,1.34815,1.00,1.56
2018.03.28 09:20:50.204,1.34798,1.34815,1.00,1.31
2018.03.28 09:20:51.089,1.34797,1.34816,1.50,2.06
2018.03.28 09:20:51.627,1.34798,1.34816,1.00,1.56
2018.03.28 09:20:52.165,1.34797,1.34816,1.50,1.56
2018.03.28 09:20:52.483,1.34799,1.34815,1.00,1.31
2018.03.28 09:20:53.005,1.34798,1.34815,1.00,1.31
2018.03.28 09:20:53.588,1.34799,1.34815,1.00,1.31
2018.03.28 09:20:54.130,1.34798,1.34815,1.50,1.31
2018.03.28 09:20:54.655,1.34799,1.34816,1.00,1.19
2018.03.28 09:20:55.320,1.348,1.34815,1.00,1.19
2018.03.28 09:20:55.866,1.34799,1.34816,1.00,1.19
2018.03.28 09:20:56.327,1.34801,1.34815,1.00,1.19
2018.03.28 09:20:57.345,1.348,1.34815,1.00,1.19
2018.03.28 09:20:57.706,1.34805,1.34817,1.00,1.31
2018.03.28 09:20:57.805,1.34806,1.34819,1.00,1.56
2018.03.28 09:20:57.865,1.34806,1.34823,1.50,1.69
2018.03.28 09:20:57.917,1.34804,1.34822,1.00,1.69
2018.03.28 09:20:58.122,1.34795,1.34812,1.00,1.00
2018.03.28 09:20:58.645,1.34794,1.34812,1.00,1.25
2018.03.28 09:20:59.274,1.34794,1.34812,1.00,1.19
2018.03.28 09:20:59.887,1.34795,1.34812,1.00,1.19
2018.03.28 09:21:00.494,1.34794,1.34812,1.00,1.19
2018.03.28 09:21:00.804,1.34794,1.34811,1.00,2.81
2018.03.28 09:21:01.403,1.34795,1.34812,1.00,3.56
2018.03.28 09:21:01.505,1.34796,1.34811,1.50,1.19
2018.03.28 09:21:02.639,1.34795,1.34813,1.50,1.69
2018.03.28 09:21:03.194,1.34796,1.34813,1.00,1.19
2018.03.28 09:21:03.736,1.34795,1.34813,1.00,1.19
2018.03.28 09:21:03.893,1.34793,1.34812,1.50,1.56
2018.03.28 09:21:04.211,1.34792,1.34811,1.50,2.06
2018.03.28 09:21:04.741,1.34793,1.3481,1.00,1.31
2018.03.28 09:21:05.285,1.34794,1.3481,1.00,1.31
2018.03.28 09:21:06.010,1.34794,1.3481,1.00,2.06
2018.03.28 09:21:07.765,1.34793,1.34812,1.00,1.19
2018.03.28 09:21:08.193,1.34795,1.34812,1.00,1.19
2018.03.28 09:21:08.648,1.34795,1.34813,1.00,1.56
2018.03.28 09:21:09.663,1.34792,1.34812,1.00,1.31
2018.03.28 09:21:10.342,1.34791,1.34811,1.00,2.06
2018.03.28 09:21:10.496,1.34794,1.34811,1.00,2.06
2018.03.28 09:21:10.802,1.34794,1.34811,1.00,1.19
2018.03.28 09:21:11.401,1.34796,1.34811,1.00,1.19
2018.03.28 09:21:11.761,1.34795,1.34813,1.00,3.19
2018.03.28 09:21:12.287,1.34793,1.34811,1.00,2.44
2018.03.28 09:21:13.136,1.34793,1.34811,1.00,2.81
2018.03.28 09:21:13.244,1.34789,1.34808,1.00,1.19
2018.03.28 09:21:13.297,1.34786,1.34803,1.00,1.25
2018.03.28 09:21:13.349,1.34784,1.34802,1.00,1.31
2018.03.28 09:21:13.608,1.34775,1.34792,1.00,1.25
2018.03.28 09:21:13.715,1.34775,1.34791,1.00,1.56
2018.03.28 09:21:13.873,1.34768,1.34785,1.50,1.00
2018.03.28 09:21:13.978,1.34765,1.34788,1.50,1.56
2018.03.28 09:21:14.033,1.34773,1.34786,1.00,1.31
2018.03.28 09:21:14.343,1.34776,1.3479,1.00,1.94
2018.03.28 09:21:14.518,1.34774,1.3479,1.00,1.94
2018.03.28 09:21:14.573,1.34772,1.34791,1.00,6.00
2018.03.28 09:21:14.677,1.3477,1.34789,1.00,1.69
2018.03.28 09:21:14.729,1.3477,1.34784,1.00,1.56
2018.03.28 09:21:14.781,1.34763,1.34784,1.87,1.56
2018.03.28 09:21:14.939,1.34763,1.34782,1.50,1.19
2018.03.28 09:21:15.246,1.34764,1.34781,1.00,1.31
2018.03.28 09:21:15.399,1.34768,1.34783,1.00,1.31
2018.03.28 09:21:15.552,1.34766,1.34784,1.00,1.19
2018.03.28 09:21:15.636,1.34768,1.34784,1.00,1.19
2018.03.28 09:21:15.738,1.34764,1.34782,1.00,1.31
2018.03.28 09:21:15.791,1.34761,1.3478,1.00,1.19
2018.03.28 09:21:15.842,1.34763,1.34779,1.00,1.19
2018.03.28 09:21:15.893,1.34761,1.3478,1.00,2.06
2018.03.28 09:21:16.201,1.34759,1.34779,1.00,1.31
2018.03.28 09:21:16.749,1.3476,1.34777,1.00,1.31
2018.03.28 09:21:16.867,1.34765,1.34777,1.00,1.31
2018.03.28 09:21:16.970,1.34768,1.34784,1.00,1.69
2018.03.28 09:21:17.021,1.34772,1.34783,1.00,1.00
2018.03.28 09:21:17.073,1.34775,1.34789,1.00,1.31
2018.03.28 09:21:17.126,1.34778,1.34792,1.00,1.75
2018.03.28 09:21:17.237,1.34783,1.34797,1.00,1.69
2018.03.28 09:21:17.759,1.34782,1.34802,1.00,1.94
2018.03.28 09:21:18.352,1.34782,1.34801,1.00,1.69
2018.03.28 09:21:18.505,1.3478,1.34798,1.00,1.19
2018.03.28 09:21:18.701,1.34782,1.34799,1.00,1.19
2018.03.28 09:21:19.806,1.34783,1.34802,1.00,1.69
2018.03.28 09:21:20.371,1.34784,1.34803,1.00,2.06
2018.03.28 09:21:20.576,1.34782,1.34803,1.00,2.06
2018.03.28 09:21:21.037,1.34784,1.34802,1.00,1.19
2018.03.28 09:21:21.575,1.34783,1.34803,1.00,2.06
2018.03.28 09:21:22.092,1.34784,1.34801,1.00,1.19
2018.03.28 09:21:22.494,1.34782,1.34803,1.00,2.06
2018.03.28 09:21:22.674,1.34789,1.34805,1.00,1.50
2018.03.28 09:21:22.832,1.34799,1.34817,1.00,2.25
2018.03.28 09:21:22.884,1.34799,1.34818,1.00,1.31
2018.03.28 09:21:23.195,1.34797,1.34816,1.00,1.31
2018.03.28 09:21:23.791,1.34798,1.34816,1.00,1.31
2018.03.28 09:21:24.302,1.34799,1.34816,1.00,1.31
2018.03.28 09:21:24.669,1.34796,1.34817,1.00,2.06
2018.03.28 09:21:24.912,1.34799,1.34816,1.00,1.31
2018.03.28 09:21:24.964,1.34796,1.34817,1.00,2.06
2018.03.28 09:21:25.257,1.34794,1.34811,1.00,1.19
2018.03.28 09:21:25.309,1.3479,1.34811,1.50,1.69
2018.03.28 09:21:25.360,1.34789,1.34806,1.00,1.00
2018.03.28 09:21:25.462,1.3478,1.34798,1.50,1.00
2018.03.28 09:21:25.514,1.34779,1.34796,1.00,1.19
2018.03.28 09:21:25.822,1.34778,1.34795,1.00,1.31
2018.03.28 09:21:25.874,1.34779,1.34795,1.00,1.19
2018.03.28 09:21:26.251,1.34777,1.34795,1.00,1.19
2018.03.28 09:21:26.361,1.34777,1.34793,1.00,1.19
2018.03.28 09:21:26.616,1.34775,1.3479,1.00,1.25
2018.03.28 09:21:26.820,1.34773,1.34791,1.00,1.69
2018.03.28 09:21:27.348,1.34774,1.34791,1.00,1.69
2018.03.28 09:21:27.606,1.34776,1.34791,1.00,1.69
2018.03.28 09:21:28.153,1.34777,1.3479,1.00,1.62
2018.03.28 09:21:28.694,1.34778,1.34791,1.00,1.69
2018.03.28 09:21:29.238,1.34777,1.34791,1.00,1.69
2018.03.28 09:21:30.480,1.34779,1.34791,1.00,1.69
2018.03.28 09:21:30.584,1.34777,1.34791,1.00,2.06
2018.03.28 09:21:30.636,1.34775,1.34787,1.00,1.00
2018.03.28 09:21:30.689,1.34773,1.34788,1.00,1.19
2018.03.28 09:21:30.998,1.34775,1.34787,1.00,1.62
2018.03.28 09:21:31.699,1.34775,1.34788,1.00,1.19
2018.03.28 09:21:32.351,1.34774,1.34787,1.00,1.25
2018.03.28 09:21:33.300,1.34774,1.34792,1.00,1.81
2018.03.28 09:21:33.813,1.34775,1.34792,1.00,2.25
2018.03.28 09:21:34.120,1.34775,1.34792,1.00,1.19
2018.03.28 09:21:34.172,1.34777,1.34793,1.00,1.31
2018.03.28 09:21:35.343,1.34776,1.34793,1.00,1.19
2018.03.28 09:21:35.842,1.34773,1.34791,1.00,1.56
2018.03.28 09:21:36.202,1.34772,1.34789,1.00,1.25
2018.03.28 09:21:36.726,1.34773,1.3479,1.00,1.19
2018.03.28 09:21:37.304,1.34773,1.34791,1.00,1.56
2018.03.28 09:21:37.902,1.34772,1.34791,1.00,3.00
2018.03.28 09:21:38.468,1.34774,1.3479,1.00,1.56
2018.03.28 09:21:39.742,1.34772,1.34791,1.00,3.75
2018.03.28 09:21:39.945,1.34774,1.3479,1.00,1.56
2018.03.28 09:21:39.996,1.34774,1.3479,1.00,1.19
2018.03.28 09:21:40.545,1.34773,1.3479,1.00,1.19
2018.03.28 09:21:40.649,1.34771,1.34788,1.00,1.56
2018.03.28 09:21:40.970,1.3477,1.34787,1.00,4.50
2018.03.28 09:21:41.712,1.34768,1.34784,1.00,1.56
2018.03.28 09:21:41.764,1.34767,1.34784,1.00,1.31
2018.03.28 09:21:41.816,1.34768,1.34784,1.00,1.19
2018.03.28 09:21:41.867,1.34763,1.34785,1.00,1.69
2018.03.28 09:21:41.919,1.34762,1.34783,1.00,1.69
2018.03.28 09:21:42.230,1.3476,1.34779,1.00,1.81
2018.03.28 09:21:42.531,1.34763,1.3478,1.00,1.56
2018.03.28 09:21:42.943,1.34762,1.34782,1.00,2.06
2018.03.28 09:21:42.995,1.34761,1.34779,1.00,1.81
2018.03.28 09:21:43.215,1.34757,1.34776,1.00,1.81
2018.03.28 09:21:43.266,1.3476,1.34776,1.00,1.81
2018.03.28 09:21:43.318,1.34758,1.34778,1.00,2.25
2018.03.28 09:21:43.370,1.34757,1.34776,1.00,1.19
2018.03.28 09:21:43.422,1.34759,1.34776,1.00,1.56
2018.03.28 09:21:43.783,1.34756,1.34776,1.00,1.31
2018.03.28 09:21:43.887,1.34759,1.34777,1.00,2.44
2018.03.28 09:21:44.219,1.34755,1.34775,1.00,2.25
2018.03.28 09:21:44.325,1.34756,1.34776,1.00,2.06
2018.03.28 09:21:44.378,1.34758,1.34776,1.00,1.31
2018.03.28 09:21:44.925,1.34756,1.34776,1.00,1.31
2018.03.28 09:21:44.977,1.3476,1.34776,1.00,1.31
2018.03.28 09:21:45.191,1.34758,1.34776,1.00,1.31
2018.03.28 09:21:45.293,1.3476,1.34776,1.00,1.31
2018.03.28 09:21:45.497,1.34757,1.34776,1.00,1.31
2018.03.28 09:21:45.650,1.34759,1.34776,1.00,2.06
2018.03.28 09:21:46.173,1.34757,1.34776,1.00,1.31
2018.03.28 09:21:46.233,1.3476,1.34776,1.00,1.31
2018.03.28 09:21:46.389,1.34759,1.34776,1.00,1.19
2018.03.28 09:21:46.807,1.34761,1.34778,1.00,2.06
2018.03.28 09:21:47.256,1.34762,1.34779,1.00,1.19
2018.03.28 09:21:47.424,1.34764,1.3478,1.00,1.19
2018.03.28 09:21:47.847,1.34762,1.34779,1.00,1.31
2018.03.28 09:21:47.949,1.3476,1.34779,1.00,1.31
2018.03.28 09:21:48.000,1.3476,1.34779,1.00,1.56
2018.03.28 09:21:48.589,1.34761,1.34779,1.00,1.56
2018.03.28 09:21:50.391,1.3476,1.34778,1.00,1.69
2018.03.28 09:21:50.695,1.34758,1.34778,1.00,1.69
2018.03.28 09:21:50.803,1.34758,1.34777,1.00,1.81
2018.03.28 09:21:50.959,1.34755,1.34773,1.00,1.19
2018.03.28 09:21:51.011,1.34757,1.34774,1.00,2.06
2018.03.28 09:21:51.353,1.34753,1.34773,1.00,2.25
2018.03.28 09:21:51.659,1.34755,1.34772,1.00,1.31
2018.03.28 09:21:51.971,1.34757,1.34773,1.00,2.25
2018.03.28 09:21:52.076,1.34757,1.34773,1.00,1.31
2018.03.28 09:21:52.128,1.34755,1.34773,1.00,3.00
2018.03.28 09:21:52.396,1.34752,1.34771,1.50,1.31
2018.03.28 09:21:53.020,1.34754,1.3477,1.00,1.19
2018.03.28 09:21:53.536,1.34754,1.34772,1.00,1.81
2018.03.28 09:21:54.148,1.34755,1.34772,1.00,1.81
2018.03.28 09:21:54.580,1.34755,1.34773,1.00,1.69
2018.03.28 09:21:54.632,1.34753,1.34773,1.00,1.56
2018.03.28 09:21:54.684,1.34756,1.34775,1.00,2.62
2018.03.28 09:21:55.193,1.34755,1.34775,1.00,2.62
2018.03.28 09:21:55.735,1.34757,1.34776,1.00,1.81
2018.03.28 09:21:56.938,1.34758,1.34777,1.00,1.56
2018.03.28 09:21:56.990,1.3476,1.34777,1.00,1.56
2018.03.28 09:21:57.247,1.34761,1.34778,1.00,1.56
2018.03.28 09:21:57.661,1.34761,1.34778,1.00,2.25
2018.03.28 09:21:57.763,1.34763,1.3478,1.00,1.69
2018.03.28 09:21:58.212,1.3476,1.34781,1.00,3.37
2018.03.28 09:21:58.272,1.34758,1.34781,1.00,5.62
2018.03.28 09:21:58.324,1.3476,1.34778,1.00,1.81
2018.03.28 09:21:58.839,1.34759,1.34778,1.00,1.81
2018.03.28 09:21:59.341,1.34759,1.34779,1.00,1.56
2018.03.28 09:21:59.393,1.34757,1.34779,1.12,2.25
2018.03.28 09:21:59.445,1.34759,1.34779,1.00,2.25
2018.03.28 09:21:59.710,1.34757,1.34779,1.12,2.25
2018.03.28 09:21:59.941,1.34759,1.34779,1.00,2.25
2018.03.28 09:22:00.046,1.34757,1.34779,1.12,2.25
2018.03.28 09:22:00.367,1.34759,1.34779,1.00,2.25
2018.03.28 09:22:00.901,1.3476,1.34778,1.00,1.81
2018.03.28 09:22:01.572,1.34761,1.34779,1.00,2.25
2018.03.28 09:22:02.163,1.3476,1.34779,1.00,3.00
2018.03.28 09:22:02.267,1.34757,1.34777,1.00,1.56
2018.03.28 09:22:02.370,1.34756,1.34779,1.00,3.19
2018.03.28 09:22:02.473,1.3476,1.34779,1.00,2.44
2018.03.28 09:22:02.719,1.34758,1.34778,1.00,1.31
2018.03.28 09:22:02.771,1.3476,1.34778,1.00,1.31
2018.03.28 09:22:03.262,1.34756,1.34776,1.00,1.81
2018.03.28 09:22:03.517,1.34754,1.34773,1.00,1.56
2018.03.28 09:22:04.069,1.34754,1.34773,1.00,1.31
2018.03.28 09:22:04.584,1.34753,1.34774,1.00,1.56
2018.03.28 09:22:05.129,1.34753,1.34772,1.00,1.31
2018.03.28 09:22:06.204,1.34754,1.34773,1.00,1.56
2018.03.28 09:22:06.706,1.34754,1.34773,1.00,1.31
2018.03.28 09:22:07.072,1.34752,1.34774,1.00,2.06
2018.03.28 09:22:07.437,1.34754,1.34774,1.00,2.06
2018.03.28 09:22:07.999,1.34753,1.34773,1.00,1.31
2018.03.28 09:22:08.511,1.34752,1.34772,1.00,1.19
2018.03.28 09:22:09.015,1.34753,1.34774,1.00,2.81
2018.03.28 09:22:09.620,1.34754,1.34774,1.00,2.06
2018.03.28 09:22:10.179,1.34753,1.34774,1.00,2.06
2018.03.28 09:22:11.037,1.34753,1.34773,1.00,1.19
2018.03.28 09:22:12.465,1.34755,1.34774,1.00,2.44
2018.03.28 09:22:13.015,1.34754,1.34774,1.00,1.69
2018.03.28 09:22:13.374,1.34749,1.34773,1.37,1.69
2018.03.28 09:22:13.425,1.34752,1.34774,1.00,4.12
2018.03.28 09:22:13.631,1.3475,1.34773,1.12,1.56
2018.03.28 09:22:14.285,1.34751,1.34773,1.00,1.56
2018.03.28 09:22:14.752,1.34753,1.34773,1.00,1.56
2018.03.28 09:22:14.868,1.3475,1.34773,1.12,1.56
2018.03.28 09:22:14.920,1.34753,1.34773,1.00,1.56
2018.03.28 09:22:15.230,1.34755,1.34775,1.00,1.31
2018.03.28 09:22:15.833,1.34756,1.34775,1.00,1.31
2018.03.28 09:22:16.312,1.34754,1.34776,1.87,1.56
2018.03.28 09:22:16.415,1.34756,1.34775,1.00,1.31
2018.03.28 09:22:16.802,1.34754,1.34776,1.87,1.56
2018.03.28 09:22:17.314,1.34756,1.34776,1.00,3.00
2018.03.28 09:22:17.417,1.34756,1.34776,1.00,2.06
2018.03.28 09:22:17.845,1.34754,1.34776,1.50,3.37
2018.03.28 09:22:18.133,1.34754,1.34774,1.00,2.06
2018.03.28 09:22:18.237,1.34752,1.34775,2.62,1.69
2018.03.28 09:22:18.289,1.34754,1.34775,1.00,2.44
2018.03.28 09:22:18.598,1.34753,1.34767,1.00,1.00
2018.03.28 09:22:18.704,1.3475,1.34768,1.12,1.00
2018.03.28 09:22:18.756,1.3475,1.34768,1.12,1.19
2018.03.28 09:22:19.067,1.34753,1.34767,1.00,1.00
2018.03.28 09:22:19.221,1.34754,1.34772,1.00,2.44
2018.03.28 09:22:19.428,1.34751,1.34772,1.12,2.44
2018.03.28 09:22:19.480,1.34753,1.34772,1.00,1.69
2018.03.28 09:22:19.794,1.34748,1.34768,1.50,1.19
2018.03.28 09:22:20.353,1.34748,1.34767,1.00,1.31
2018.03.28 09:22:20.671,1.3475,1.34765,1.00,1.25
2018.03.28 09:22:21.234,1.3475,1.34765,1.00,1.19
2018.03.28 09:22:22.272,1.34749,1.34764,1.00,1.19
2018.03.28 09:22:22.819,1.34748,1.34768,1.00,1.94
2018.03.28 09:22:23.496,1.34751,1.34768,1.00,1.94
2018.03.28 09:22:24.097,1.34752,1.34768,1.00,1.94
2018.03.28 09:22:24.798,1.3475,1.34767,1.00,1.69
2018.03.28 09:22:25.825,1.3475,1.34765,1.00,1.31
2018.03.28 09:22:26.097,1.34748,1.34765,1.00,1.31
2018.03.28 09:22:26.599,1.34749,1.34764,1.00,1.19
2018.03.28 09:22:27.130,1.34748,1.34764,1.00,1.19
2018.03.28 09:22:27.182,1.34748,1.34764,1.00,2.81
2018.03.28 09:22:27.491,1.3475,1.34764,1.00,1.31
2018.03.28 09:22:28.168,1.3475,1.34765,1.00,1.19
2018.03.28 09:22:28.220,1.34752,1.34765,1.00,1.19
2018.03.28 09:22:28.329,1.3475,1.34765,1.00,1.19
2018.03.28 09:22:28.485,1.34752,1.34769,1.00,2.06
2018.03.28 09:22:28.940,1.3475,1.34768,1.00,1.31
2018.03.28 09:22:28.993,1.34752,1.34769,1.00,2.06
2018.03.28 09:22:29.150,1.34751,1.34769,1.00,1.50
2018.03.28 09:22:29.202,1.34751,1.34768,1.00,1.31
2018.03.28 09:22:30.157,1.34752,1.34765,1.00,1.31
2018.03.28 09:22:30.208,1.3475,1.34765,1.00,1.31
2018.03.28 09:22:30.740,1.34751,1.34765,1.00,1.31
2018.03.28 09:22:31.419,1.34751,1.34765,1.00,1.31
2018.03.28 09:22:32.048,1.34752,1.34765,1.00,1.31
2018.03.28 09:22:32.940,1.34753,1.34766,1.00,1.56
2018.03.28 09:22:33.808,1.34752,1.34766,1.00,1.56
2018.03.28 09:22:34.340,1.34751,1.34765,1.00,1.31
2018.03.28 09:22:34.700,1.34751,1.34765,1.00,1.31
2018.03.28 09:22:36.637,1.34754,1.34768,1.00,1.31
2018.03.28 09:22:36.967,1.34759,1.34774,1.00,1.31
2018.03.28 09:22:37.493,1.34759,1.34776,1.00,2.06
2018.03.28 09:22:38.920,1.3476,1.34776,1.00,1.31
2018.03.28 09:22:39.127,1.34758,1.34776,1.00,1.31
2018.03.28 09:22:39.282,1.3476,1.34776,1.00,1.31
2018.03.28 09:22:39.888,1.34759,1.34776,1.00,2.06
2018.03.28 09:22:40.650,1.3476,1.34776,1.00,2.06
2018.03.28 09:22:40.740,1.3476,1.34776,1.00,1.94
2018.03.28 09:22:41.274,1.3476,1.34774,1.00,1.62
2018.03.28 09:22:41.789,1.34759,1.34773,1.00,1.12
2018.03.28 09:22:42.278,1.34761,1.34774,1.00,1.62
2018.03.28 09:22:42.381,1.34759,1.34774,1.00,1.62
2018.03.28 09:22:43.047,1.34758,1.34774,1.50,1.62
2018.03.28 09:22:43.099,1.3476,1.34774,1.00,1.62
2018.03.28 09:22:43.151,1.3476,1.34777,1.00,1.31
2018.03.28 09:22:43.256,1.34766,1.3478,1.00,2.06
2018.03.28 09:22:43.309,1.34766,1.34781,1.00,1.69
2018.03.28 09:22:43.933,1.34767,1.3478,1.00,1.31
2018.03.28 09:22:44.715,1.34767,1.34783,1.00,1.69
2018.03.28 09:22:44.768,1.3477,1.34784,1.00,1.69
2018.03.28 09:22:44.922,1.34768,1.34783,1.00,1.12
2018.03.28 09:22:45.127,1.3477,1.34783,1.00,1.12
2018.03.28 09:22:45.706,1.34771,1.34783,1.00,1.12
2018.03.28 09:22:47.299,1.34769,1.34783,1.00,1.12
2018.03.28 09:22:47.482,1.34771,1.34784,1.00,1.50
2018.03.28 09:22:47.534,1.34769,1.34784,1.00,1.50
2018.03.28 09:22:48.064,1.3477,1.34784,1.00,1.50
2018.03.28 09:22:48.702,1.34771,1.34784,1.00,1.50
2018.03.28 09:22:48.753,1.34769,1.34783,1.00,1.12
2018.03.28 09:22:48.805,1.34771,1.34783,1.00,1.12
2018.03.28 09:22:49.428,1.34771,1.34786,1.00,1.00
2018.03.28 09:22:49.481,1.34776,1.34789,1.00,1.94
2018.03.28 09:22:49.637,1.34779,1.34792,1.00,2.06
2018.03.28 09:22:49.897,1.34781,1.34792,1.00,1.12
2018.03.28 09:22:50.000,1.34778,1.34793,1.00,1.37
2018.03.28 09:22:50.177,1.34781,1.34796,1.00,1.69
2018.03.28 09:22:50.489,1.34778,1.34795,1.50,1.25
2018.03.28 09:22:50.541,1.3478,1.34795,1.00,1.25
2018.03.28 09:22:50.644,1.34778,1.34795,1.50,1.25
2018.03.28 09:22:50.894,1.3478,1.34795,1.00,1.25
2018.03.28 09:22:51.437,1.34781,1.34796,1.00,1.69
2018.03.28 09:22:51.489,1.34779,1.34796,1.00,1.69
2018.03.28 09:22:52.008,1.34781,1.34796,1.00,1.69
2018.03.28 09:22:52.110,1.34778,1.34795,1.50,1.25
2018.03.28 09:22:52.162,1.34781,1.34795,1.00,1.25
2018.03.28 09:22:52.225,1.34779,1.34795,1.00,1.25
2018.03.28 09:22:52.328,1.34781,1.34795,1.00,1.25
2018.03.28 09:22:52.948,1.34779,1.34795,1.00,1.25
2018.03.28 09:22:53.052,1.34781,1.34795,1.00,1.25
2018.03.28 09:22:53.217,1.34779,1.34795,1.00,1.25
2018.03.28 09:22:53.463,1.34781,1.34795,1.00,1.25
2018.03.28 09:22:53.607,1.34778,1.34795,1.00,1.25
2018.03.28 09:22:53.660,1.34781,1.34795,1.00,1.25
2018.03.28 09:22:53.829,1.34779,1.34795,1.00,1.25
2018.03.28 09:22:54.044,1.34782,1.34795,1.00,1.00
2018.03.28 09:22:54.198,1.34785,1.34801,1.00,1.19
2018.03.28 09:22:54.712,1.34783,1.34801,1.50,1.19
2018.03.28 09:22:55.343,1.34782,1.34801,1.50,1.00
2018.03.28 09:22:55.446,1.34782,1.34798,1.50,1.00
2018.03.28 09:22:55.975,1.34783,1.34797,1.00,1.00
2018.03.28 09:22:57.076,1.34782,1.34797,1.50,1.00
2018.03.28 09:22:58.111,1.34782,1.34798,1.50,1.00
2018.03.28 09:22:58.459,1.34789,1.34804,1.00,1.00
2018.03.28 09:22:58.960,1.34787,1.34804,1.50,1.00
2018.03.28 09:22:59.012,1.34787,1.34804,1.00,1.75
2018.03.28 09:22:59.116,1.34785,1.34801,1.00,1.00
2018.03.28 09:22:59.335,1.34783,1.34801,1.00,1.94
2018.03.28 09:22:59.906,1.34784,1.34801,1.00,1.75
2018.03.28 09:23:00.412,1.34783,1.34801,1.00,1.94
2018.03.28 09:23:01.666,1.3478,1.34798,1.50,1.25
2018.03.28 09:23:01.718,1.34778,1.34797,1.00,1.19
2018.03.28 09:23:02.028,1.34776,1.34793,1.00,1.25
2018.03.28 09:23:02.346,1.34778,1.34793,1.00,1.25
2018.03.28 09:23:02.867,1.34779,1.34794,1.00,1.00
2018.03.28 09:23:03.382,1.34781,1.34797,1.00,1.50
2018.03.28 09:23:03.539,1.34779,1.34797,1.00,1.50
2018.03.28 09:23:03.592,1.34781,1.34797,1.00,2.25
2018.03.28 09:23:03.644,1.34779,1.34797,1.00,1.50
2018.03.28 09:23:04.576,1.34782,1.34797,1.00,1.50
2018.03.28 09:23:04.966,1.34782,1.34798,1.00,1.00
2018.03.28 09:23:05.564,1.34782,1.34797,1.00,1.00
2018.03.28 09:23:06.055,1.34784,1.34797,1.00,1.12
2018.03.28 09:23:08.010,1.34785,1.34797,1.00,1.12
2018.03.28 09:23:09.599,1.34784,1.34798,1.00,1.37
2018.03.28 09:23:10.178,1.34785,1.34798,1.00,1.37
2018.03.28 09:23:12.938,1.34784,1.34798,1.00,1.37
2018.03.28 09:23:13.282,1.34782,1.34793,1.00,1.12
2018.03.28 09:23:13.900,1.34781,1.34794,1.00,1.50
2018.03.28 09:23:14.251,1.34782,1.34798,1.25,1.12
2018.03.28 09:23:15.021,1.34781,1.34799,1.50,1.50
2018.03.28 09:23:15.074,1.34781,1.34795,1.00,1.12
2018.03.28 09:23:15.623,1.34782,1.34796,1.50,1.50
2018.03.28 09:23:15.934,1.34779,1.34795,1.50,1.12
2018.03.28 09:23:16.066,1.34779,1.34793,1.00,1.50
2018.03.28 09:23:16.789,1.3478,1.34793,1.00,1.50
2018.03.28 09:23:17.311,1.34779,1.34792,1.50,1.12
2018.03.28 09:23:17.871,1.3478,1.34793,1.00,1.50
2018.03.28 09:23:18.993,1.34779,1.34792,1.00,1.12
2018.03.28 09:23:19.406,1.34777,1.34792,1.00,1.12
2018.03.28 09:23:19.957,1.34776,1.34793,1.69,1.50
2018.03.28 09:23:21.588,1.34775,1.34793,1.50,1.50
2018.03.28 09:23:21.641,1.34778,1.34792,1.00,1.12
2018.03.28 09:23:22.156,1.3478,1.34792,1.00,1.12
2018.03.28 09:23:22.923,1.34782,1.34792,1.00,1.12
2018.03.28 09:23:23.577,1.34781,1.34793,1.69,1.50
2018.03.28 09:23:24.096,1.34782,1.34792,1.00,1.12
2018.03.28 09:23:24.606,1.34781,1.34792,1.69,1.12
2018.03.28 09:23:25.178,1.34782,1.34793,1.00,1.50
2018.03.28 09:23:25.713,1.34783,1.34793,1.00,1.50
2018.03.28 09:23:25.817,1.34783,1.34796,1.50,1.00
2018.03.28 09:23:25.919,1.34785,1.34799,1.00,1.12
2018.03.28 09:23:25.971,1.34787,1.34799,1.00,1.12
2018.03.28 09:23:27.065,1.34788,1.34799,1.00,1.12
2018.03.28 09:23:27.323,1.34786,1.34799,1.00,1.12
2018.03.28 09:23:28.275,1.34787,1.34799,1.00,1.12
2018.03.28 09:23:28.724,1.34784,1.34799,1.00,1.12
2018.03.28 09:23:28.932,1.34785,1.34795,1.00,1.12
2018.03.28 09:23:29.440,1.34784,1.34796,1.00,1.37
2018.03.28 09:23:29.989,1.34782,1.34794,1.00,1.75
2018.03.28 09:23:30.092,1.34779,1.34789,1.00,1.00
2018.03.28 09:23:30.606,1.34777,1.34788,1.00,1.12
2018.03.28 09:23:31.112,1.34776,1.34789,1.50,1.37
2018.03.28 09:23:32.965,1.34777,1.34789,1.00,1.37
2018.03.28 09:23:33.111,1.34775,1.34789,1.00,1.37
2018.03.28 09:23:35.538,1.34776,1.34788,1.00,1.12
2018.03.28 09:23:36.904,1.34775,1.34789,1.00,1.37
2018.03.28 09:23:37.064,1.34778,1.34792,1.00,1.00
2018.03.28 09:23:37.177,1.34778,1.3479,1.00,1.00
2018.03.28 09:23:37.231,1.34775,1.34791,1.00,2.06
2018.03.28 09:23:37.283,1.34775,1.34786,1.00,1.00
2018.03.28 09:23:37.386,1.34773,1.34787,1.00,1.50
2018.03.28 09:23:37.928,1.34772,1.34787,1.00,2.44
2018.03.28 09:23:38.289,1.34772,1.34783,1.00,1.00
2018.03.28 09:23:38.951,1.34772,1.34784,1.00,1.00
2018.03.28 09:23:39.500,1.34772,1.34783,1.00,1.00
2018.03.28 09:23:39.747,1.3477,1.34783,1.00,1.50
2018.03.28 09:23:39.954,1.34771,1.3478,1.00,1.00
2018.03.28 09:23:40.332,1.34769,1.34781,1.00,1.00
2018.03.28 09:23:40.385,1.34764,1.3478,1.00,1.50
2018.03.28 09:23:40.696,1.34766,1.3478,1.00,1.50
2018.03.28 09:23:40.800,1.34767,1.3478,1.00,1.00
2018.03.28 09:23:40.853,1.34765,1.34781,1.25,1.00
2018.03.28 09:23:41.188,1.34768,1.3478,1.00,1.00
2018.03.28 09:23:41.342,1.34768,1.34783,1.00,2.06
2018.03.28 09:23:41.653,1.34766,1.34784,1.00,2.44
2018.03.28 09:23:42.766,1.34768,1.34783,1.00,1.31
2018.03.28 09:23:43.723,1.3477,1.34783,1.00,1.12
2018.03.28 09:23:44.416,1.34771,1.34783,1.00,1.12
2018.03.28 09:23:46.988,1.3477,1.34783,1.00,1.12
2018.03.28 09:23:49.614,1.3477,1.34784,1.00,1.00
2018.03.28 09:23:49.776,1.34771,1.34787,1.19,1.00
2018.03.28 09:23:50.331,1.34772,1.34788,1.69,1.12
2018.03.28 09:23:50.850,1.34772,1.34787,1.25,1.00
2018.03.28 09:23:51.229,1.34779,1.3479,1.00,1.00
2018.03.28 09:23:51.374,1.34779,1.34793,1.50,1.00
2018.03.28 09:23:51.427,1.34781,1.34795,1.50,1.00
2018.03.28 09:23:51.738,1.34783,1.34796,1.00,1.50
2018.03.28 09:23:52.273,1.34782,1.34796,1.00,1.50
2018.03.28 09:23:52.831,1.3478,1.34797,1.69,1.00
2018.03.28 09:23:52.883,1.34785,1.34801,1.00,3.00
2018.03.28 09:23:52.935,1.34787,1.348,1.00,1.00
2018.03.28 09:23:53.399,1.3479,1.34803,1.00,1.87
2018.03.28 09:23:53.537,1.34788,1.34803,1.00,1.12
2018.03.28 09:23:53.591,1.34786,1.34798,1.00,1.12
2018.03.28 09:23:53.801,1.34789,1.34802,1.00,1.87
2018.03.28 09:23:54.268,1.34791,1.34804,1.00,1.00
2018.03.28 09:23:54.371,1.34793,1.34809,1.50,1.00
2018.03.28 09:23:55.021,1.34793,1.34809,2.06,1.00
2018.03.28 09:23:55.073,1.34798,1.34815,1.00,1.12
2018.03.28 09:23:55.125,1.34802,1.34815,1.00,1.87
2018.03.28 09:23:55.436,1.34806,1.34819,1.00,1.00
2018.03.28 09:23:55.488,1.34804,1.3482,1.50,1.00
2018.03.28 09:23:55.746,1.34801,1.3482,2.06,1.75
2018.03.28 09:23:55.798,1.34801,1.3482,1.69,1.75
2018.03.28 09:23:56.896,1.348,1.34814,1.00,1.00
2018.03.28 09:23:56.948,1.34796,1.34814,1.19,1.00
2018.03.28 09:23:57.222,1.34796,1.34812,1.00,1.00
2018.03.28 09:23:57.681,1.34794,1.34813,1.19,3.00
2018.03.28 09:23:57.732,1.34793,1.34812,1.25,1.75
2018.03.28 09:23:57.886,1.34792,1.3481,1.19,1.75
2018.03.28 09:23:58.100,1.3479,1.34807,1.25,1.00
2018.03.28 09:23:58.609,1.34791,1.34807,1.00,1.00
2018.03.28 09:23:59.133,1.34789,1.34807,1.19,1.00
2018.03.28 09:23:59.188,1.34788,1.34807,1.00,1.00
2018.03.28 09:23:59.256,1.34786,1.34804,1.00,1.25
2018.03.28 09:23:59.565,1.34788,1.34804,1.00,1.00
2018.03.28 09:23:59.678,1.34786,1.34804,1.00,1.00
2018.03.28 09:24:00.164,1.34789,1.34805,1.00,1.50
2018.03.28 09:24:00.216,1.34786,1.34804,1.50,1.00
2018.03.28 09:24:00.719,1.34786,1.34805,1.50,1.69
2018.03.28 09:24:01.057,1.34788,1.34805,1.00,1.69
2018.03.28 09:24:01.590,1.34788,1.34804,1.00,1.00
2018.03.28 09:24:02.061,1.34786,1.34805,1.00,1.69
2018.03.28 09:24:02.198,1.34786,1.34802,1.00,1.12
2018.03.28 09:24:03.314,1.34787,1.34803,1.00,1.37
2018.03.28 09:24:03.685,1.34787,1.34806,1.00,1.19
2018.03.28 09:24:04.198,1.34785,1.34805,1.87,1.19
2018.03.28 09:24:04.711,1.34787,1.34806,1.00,1.19
2018.03.28 09:24:05.033,1.34789,1.34805,1.00,1.00
2018.03.28 09:24:05.423,1.34785,1.34806,2.06,1.00
2018.03.28 09:24:05.475,1.34789,1.34806,1.00,1.00
2018.03.28 09:24:05.527,1.34786,1.34806,1.31,1.00
2018.03.28 09:24:07.423,1.34786,1.34805,2.06,1.00
2018.03.28 09:24:07.709,1.34789,1.34808,1.00,2.25
2018.03.28 09:24:07.760,1.34794,1.34808,1.00,1.50
2018.03.28 09:24:07.812,1.34794,1.34811,1.12,1.00
2018.03.28 09:24:07.914,1.34796,1.34813,1.00,1.00
2018.03.28 09:24:08.016,1.34789,1.34808,1.69,1.00
2018.03.28 09:24:08.072,1.34788,1.34808,2.44,1.25
2018.03.28 09:24:08.124,1.34789,1.34808,1.00,2.06
2018.03.28 09:24:08.175,1.34789,1.34808,1.50,1.50
2018.03.28 09:24:08.226,1.34791,1.34808,1.00,1.00
2018.03.28 09:24:08.823,1.34791,1.34809,1.00,1.87
2018.03.28 09:24:09.018,1.34789,1.34809,1.50,1.12
2018.03.28 09:24:09.541,1.3479,1.34808,1.00,1.00
2018.03.28 09:24:10.628,1.34789,1.34808,1.25,1.50
2018.03.28 09:24:10.732,1.34789,1.34808,1.00,2.44
2018.03.28 09:24:11.337,1.34787,1.34807,2.06,1.62
2018.03.28 09:24:12.261,1.34792,1.34808,1.00,1.50
2018.03.28 09:24:12.314,1.34794,1.34811,1.00,2.25
2018.03.28 09:24:12.420,1.34798,1.34815,1.25,1.00
2018.03.28 09:24:12.754,1.34801,1.34817,1.00,1.37
2018.03.28 09:24:14.542,1.34801,1.3482,1.00,1.50
2018.03.28 09:24:15.058,1.34802,1.3482,1.00,1.00
2018.03.28 09:24:15.473,1.34805,1.3482,1.00,1.00
2018.03.28 09:24:15.526,1.34805,1.34823,1.19,1.50
2018.03.28 09:24:15.579,1.34809,1.34824,1.25,1.00
2018.03.28 09:24:15.632,1.3481,1.34828,1.00,1.12
2018.03.28 09:24:16.176,1.34811,1.3483,1.00,1.69
2018.03.28 09:24:16.278,1.34812,1.34831,1.00,1.31
2018.03.28 09:24:17.247,1.34813,1.34831,1.00,1.31
2018.03.28 09:24:17.350,1.34813,1.34831,1.00,1.12
2018.03.28 09:24:17.507,1.3482,1.34831,1.00,1.12
2018.03.28 09:24:17.833,1.34829,1.34838,1.00,1.00
2018.03.28 09:24:17.988,1.34827,1.34842,1.19,1.00
2018.03.28 09:24:18.039,1.34827,1.34844,1.19,1.00
2018.03.28 09:24:18.192,1.34825,1.34841,1.00,1.00
2018.03.28 09:24:18.681,1.34825,1.34845,1.12,1.87
2018.03.28 09:24:18.835,1.34827,1.34844,1.00,1.12
2018.03.28 09:24:19.358,1.34826,1.34844,1.25,1.12
2018.03.28 09:24:19.966,1.34824,1.34843,1.25,1.00
2018.03.28 09:24:21.092,1.34824,1.34843,1.00,1.19
2018.03.28 09:24:21.257,1.34826,1.34844,1.00,1.31
2018.03.28 09:24:21.411,1.34832,1.3485,1.00,1.12
2018.03.28 09:24:21.527,1.34835,1.34851,1.00,1.50
2018.03.28 09:24:21.632,1.34837,1.34854,1.87,1.00
2018.03.28 09:24:21.789,1.34835,1.34854,1.25,1.12
2018.03.28 09:24:21.841,1.34833,1.34851,1.19,1.00
2018.03.28 09:24:21.893,1.34832,1.34851,1.69,1.00
2018.03.28 09:24:21.997,1.34831,1.34852,1.25,1.50
2018.03.28 09:24:22.320,1.34832,1.34852,1.19,1.50
2018.03.28 09:24:22.474,1.3483,1.34851,1.00,1.69
2018.03.28 09:24:22.838,1.34832,1.34851,1.00,2.44
2018.03.28 09:24:23.151,1.3483,1.34851,1.00,2.44
2018.03.28 09:24:23.542,1.34835,1.34852,1.00,2.25
2018.03.28 09:24:23.647,1.34838,1.34856,1.00,1.50
2018.03.28 09:24:23.699,1.34837,1.34859,2.06,1.69
2018.03.28 09:24:24.213,1.34838,1.34859,1.25,1.50
2018.03.28 09:24:24.994,1.34838,1.34858,1.19,1.12
2018.03.28 09:24:25.676,1.34838,1.34858,1.00,1.12
2018.03.28 09:24:26.208,1.34838,1.34857,1.19,1.00
2018.03.28 09:24:27.325,1.34839,1.34856,1.00,1.00
2018.03.28 09:24:28.524,1.34839,1.34856,1.19,1.00
2018.03.28 09:24:28.577,1.34841,1.34859,1.25,2.25
2018.03.28 09:24:28.630,1.34844,1.3486,1.25,1.75
2018.03.28 09:24:28.682,1.34844,1.3486,1.00,1.00
2018.03.28 09:24:28.735,1.3484,1.3486,1.69,1.00
2018.03.28 09:24:28.788,1.34843,1.34858,1.00,1.50
2018.03.28 09:24:29.320,1.3484,1.34856,1.00,1.00
2018.03.28 09:24:29.861,1.3484,1.34857,1.50,1.12
2018.03.28 09:24:29.964,1.34841,1.34859,1.50,1.31
2018.03.28 09:24:30.466,1.34842,1.34859,1.00,1.31
2018.03.28 09:24:30.744,1.3484,1.34859,1.50,1.31
2018.03.28 09:24:31.169,1.34842,1.34859,1.00,1.12
2018.03.28 09:24:34.342,1.34843,1.34862,1.00,1.12
2018.03.28 09:24:34.446,1.34847,1.34863,1.00,1.37
2018.03.28 09:24:34.550,1.34847,1.34867,1.69,1.00
2018.03.28 09:24:35.087,1.34847,1.34868,1.69,1.25
2018.03.28 09:24:35.605,1.34847,1.34867,1.25,1.00
2018.03.28 09:24:35.865,1.34846,1.34864,1.25,1.12
2018.03.28 09:24:35.970,1.34849,1.34868,1.00,1.25
2018.03.28 09:24:37.497,1.34849,1.34869,1.19,2.25
2018.03.28 09:24:38.062,1.34849,1.34869,2.06,2.25
2018.03.28 09:24:38.113,1.34849,1.34869,1.50,2.44
2018.03.28 09:24:39.012,1.34848,1.34869,1.00,2.44
2018.03.28 09:24:40.116,1.34848,1.34869,1.69,2.44
2018.03.28 09:24:41.531,1.34848,1.34868,1.69,1.12
2018.03.28 09:24:42.616,1.34848,1.34868,1.69,1.12
2018.03.28 09:24:44.118,1.34847,1.34866,1.00,1.00
2018.03.28 09:24:44.430,1.34845,1.34864,1.69,1.12
2018.03.28 09:24:44.740,1.34836,1.34855,2.25,1.25
2018.03.28 09:24:45.058,1.34837,1.3485,1.00,1.12
2018.03.28 09:24:45.162,1.34832,1.34851,1.00,1.69
2018.03.28 09:24:45.694,1.34831,1.3485,1.69,1.12
2018.03.28 09:24:45.747,1.34834,1.34853,1.19,1.87
2018.03.28 09:24:47.075,1.34834,1.34853,1.00,1.87
2018.03.28 09:24:47.331,1.34833,1.3485,1.00,1.12
2018.03.28 09:24:47.934,1.34834,1.3485,1.00,1.12
2018.03.28 09:24:48.087,1.34836,1.34853,1.00,1.87
2018.03.28 09:24:48.606,1.34834,1.34853,1.00,1.31
2018.03.28 09:24:49.122,1.34835,1.34854,1.00,2.06
2018.03.28 09:24:49.644,1.34835,1.34854,1.00,2.44
2018.03.28 09:24:49.696,1.34833,1.34854,1.00,1.69
2018.03.28 09:24:50.152,1.34835,1.34854,1.00,1.69
2018.03.28 09:24:50.204,1.34835,1.34854,1.00,1.56
2018.03.28 09:24:50.759,1.34834,1.34853,1.00,1.31
2018.03.28 09:24:50.874,1.34836,1.34853,1.00,1.31
2018.03.28 09:24:51.448,1.34836,1.34853,1.00,1.12
2018.03.28 09:24:51.964,1.34835,1.34853,1.00,1.12
2018.03.28 09:24:52.520,1.34836,1.34853,1.00,1.31
2018.03.28 09:24:53.482,1.34835,1.34853,1.00,1.31
2018.03.28 09:24:53.783,1.34837,1.34853,1.00,1.12
2018.03.28 09:24:54.763,1.34836,1.34847,1.00,1.25
2018.03.28 09:24:54.816,1.3483,1.34848,1.50,1.31
2018.03.28 09:24:54.869,1.34828,1.34845,1.00,1.19
2018.03.28 09:24:54.922,1.34826,1.34842,1.00,1.00
2018.03.28 09:24:55.057,1.34823,1.34842,1.00,3.19
2018.03.28 09:24:55.365,1.34821,1.34842,1.00,3.19
2018.03.28 09:24:55.676,1.34826,1.34841,1.00,1.00
2018.03.28 09:24:56.267,1.34826,1.34842,1.00,1.25
2018.03.28 09:24:56.575,1.3482,1.34837,1.00,1.31
2018.03.28 09:24:56.628,1.34815,1.34833,1.50,1.00
2018.03.28 09:24:57.287,1.34814,1.34833,1.00,1.00
2018.03.28 09:24:58.048,1.34815,1.34833,1.00,1.00
2018.03.28 09:24:58.256,1.3482,1.34837,1.00,2.25
2018.03.28 09:24:58.461,1.34821,1.34842,1.69,2.06
2018.03.28 09:24:58.858,1.34821,1.34842,2.44,1.31
2018.03.28 09:24:59.398,1.34821,1.34841,2.44,1.00
2018.03.28 09:24:59.911,1.34821,1.34838,1.00,1.31
2018.03.28 09:24:59.963,1.34815,1.34831,1.69,1.00
2018.03.28 09:25:00.017,1.34813,1.34829,1.50,1.00
2018.03.28 09:25:00.068,1.34811,1.3483,1.00,1.19
2018.03.28 09:25:00.222,1.34813,1.34828,1.00,1.12
2018.03.28 09:25:00.325,1.34815,1.34831,1.50,1.50
2018.03.28 09:25:00.696,1.34815,1.34833,1.50,1.12
2018.03.28 09:25:01.325,1.34815,1.34832,1.50,1.00
2018.03.28 09:25:01.669,1.34817,1.34833,1.00,1.12
2018.03.28 09:25:01.720,1.34818,1.34837,1.00,1.69
2018.03.28 09:25:01.872,1.34821,1.34836,1.00,1.12
2018.03.28 09:25:02.196,1.34819,1.34836,1.00,1.12
2018.03.28 09:25:02.349,1.34815,1.34835,1.50,1.00
2018.03.28 09:25:02.556,1.34815,1.34834,1.50,1.50
2018.03.28 09:25:03.224,1.34813,1.34832,1.00,1.00
2018.03.28 09:25:03.281,1.34813,1.34831,1.00,1.19
2018.03.28 09:25:03.333,1.3481,1.34829,1.69,1.00
2018.03.28 09:25:03.499,1.3481,1.34827,1.69,1.00
2018.03.28 09:25:03.552,1.34807,1.34827,1.50,2.62
2018.03.28 09:25:03.604,1.34806,1.34823,1.69,1.00
2018.03.28 09:25:03.708,1.34804,1.34822,1.50,1.00
2018.03.28 09:25:03.760,1.34805,1.34819,1.00,1.00
2018.03.28 09:25:04.018,1.34805,1.34821,1.00,1.00
2018.03.28 09:25:04.326,1.34802,1.34822,1.69,1.69
2018.03.28 09:25:04.481,1.34806,1.34821,1.00,1.12
2018.03.28 09:25:04.642,1.34806,1.34825,1.50,1.50
2018.03.28 09:25:06.217,1.34807,1.34825,1.00,1.69
2018.03.28 09:25:06.628,1.34808,1.34828,1.00,1.31
2018.03.28 09:25:07.162,1.34809,1.34828,1.00,1.31
2018.03.28 09:25:07.827,1.34809,1.34828,1.00,1.12
2018.03.28 09:25:08.375,1.3481,1.34828,1.00,1.50
2018.03.28 09:25:08.582,1.34808,1.34828,1.00,1.87
2018.03.28 09:25:09.222,1.34808,1.34827,1.00,1.00
2018.03.28 09:25:09.640,1.34811,1.34827,1.00,1.00
2018.03.28 09:25:09.806,1.34814,1.34831,1.00,1.12
2018.03.28 09:25:09.961,1.34815,1.34833,1.00,1.25
2018.03.28 09:25:10.471,1.3482,1.34833,1.00,1.00
2018.03.28 09:25:10.574,1.34819,1.34838,1.00,2.25
2018.03.28 09:25:10.626,1.34823,1.34838,1.00,1.75
2018.03.28 09:25:10.755,1.34823,1.34841,1.00,1.87
2018.03.28 09:25:11.013,1.34822,1.3484,1.00,1.75
2018.03.28 09:25:11.065,1.34818,1.34836,2.25,1.00
2018.03.28 09:25:11.117,1.34818,1.34835,1.00,1.75
2018.03.28 09:25:11.170,1.34816,1.34835,1.25,2.25
2018.03.28 09:25:11.273,1.34813,1.34831,1.19,1.00
2018.03.28 09:25:12.008,1.34812,1.34831,1.69,1.50
2018.03.28 09:25:12.215,1.34812,1.34831,2.06,1.50
2018.03.28 09:25:13.049,1.34815,1.34832,1.25,1.00
2018.03.28 09:25:13.640,1.34816,1.34834,1.25,1.50
2018.03.28 09:25:14.217,1.34814,1.34835,2.44,3.94
2018.03.28 09:25:14.720,1.34814,1.34835,1.00,3.56
2018.03.28 09:25:15.576,1.34814,1.34834,1.50,1.69
2018.03.28 09:25:17.731,1.34813,1.34834,2.25,1.50
2018.03.28 09:25:17.784,1.34816,1.34832,1.00,1.00
2018.03.28 09:25:18.323,1.34817,1.34835,1.00,3.19
2018.03.28 09:25:19.768,1.34815,1.34835,1.25,3.19
2018.03.28 09:25:19.924,1.34817,1.34833,1.37,1.12
2018.03.28 09:25:20.173,1.34824,1.34842,1.50,1.25
2018.03.28 09:25:21.196,1.34824,1.34844,1.00,2.06
2018.03.28 09:25:23.687,1.34826,1.34844,1.00,2.06
2018.03.28 09:25:23.947,1.34823,1.34841,1.50,1.00
2018.03.28 09:25:24.104,1.34822,1.34839,1.00,1.50
2018.03.28 09:25:24.384,1.34819,1.34838,1.50,1.19
2018.03.28 09:25:24.437,1.34815,1.34835,1.25,2.06
2018.03.28 09:25:25.613,1.34816,1.34834,1.12,1.12
2018.03.28 09:25:26.117,1.34817,1.34835,1.00,1.62
2018.03.28 09:25:26.170,1.34821,1.34834,1.00,1.12
2018.03.28 09:25:26.274,1.34823,1.34837,1.25,1.00
2018.03.28 09:25:26.325,1.34825,1.3484,1.00,1.00
2018.03.28 09:25:26.377,1.34827,1.34843,1.00,1.25
2018.03.28 09:25:26.748,1.34829,1.34843,1.87,1.00
2018.03.28 09:25:26.801,1.3483,1.34847,1.12,1.00
2018.03.28 09:25:27.165,1.34829,1.34844,1.00,1.00
2018.03.28 09:25:27.473,1.34827,1.34845,1.00,1.00
2018.03.28 09:25:27.989,1.34827,1.34844,1.00,1.00
2018.03.28 09:25:28.504,1.34826,1.34844,1.87,1.00
2018.03.28 09:25:28.760,1.34827,1.34844,1.87,1.00
2018.03.28 09:25:28.916,1.34822,1.3484,1.00,1.19
2018.03.28 09:25:28.969,1.34825,1.34843,1.12,1.31
2018.03.28 09:25:29.073,1.3483,1.34843,1.00,1.12
2018.03.28 09:25:29.222,1.34834,1.34848,1.00,1.50
2018.03.28 09:25:29.287,1.34835,1.34853,1.00,1.31
2018.03.28 09:25:29.341,1.34837,1.34853,1.00,1.12
2018.03.28 09:25:29.650,1.3484,1.34856,1.00,1.00
2018.03.28 09:25:30.143,1.34837,1.34854,1.00,1.25
2018.03.28 09:25:30.194,1.34833,1.34854,1.69,1.25
2018.03.28 09:25:30.760,1.34833,1.34853,1.19,1.00
2018.03.28 09:25:31.640,1.34833,1.34853,1.00,1.00
2018.03.28 09:25:32.514,1.34834,1.34853,1.00,1.12
2018.03.28 09:25:32.744,1.34834,1.34853,1.50,2.44
2018.03.28 09:25:32.863,1.34832,1.3485,1.00,1.31
2018.03.28 09:25:33.017,1.34831,1.34847,1.50,1.00
2018.03.28 09:25:33.374,1.34835,1.34849,1.00,1.00
2018.03.28 09:25:33.753,1.34847,1.3486,1.00,1.00
2018.03.28 09:25:33.805,1.34846,1.34863,1.00,1.87
2018.03.28 09:25:35.019,1.34843,1.34864,1.69,1.37
2018.03.28 09:25:39.845,1.34844,1.34864,1.00,1.62
2018.03.28 09:25:41.439,1.34843,1.34864,1.00,1.62
2018.03.28 09:25:42.264,1.34842,1.3486,1.25,1.00
2018.03.28 09:25:42.766,1.34842,1.3486,1.19,1.00
2018.03.28 09:25:43.314,1.34841,1.34861,2.06,1.00
2018.03.28 09:25:43.859,1.34841,1.3486,1.69,1.00
2018.03.28 09:25:44.290,1.34837,1.34856,1.00,1.31
2018.03.28 09:25:44.344,1.34831,1.34852,1.19,1.00
2018.03.28 09:25:44.730,1.3483,1.34849,1.25,1.50
2018.03.28 09:25:47.776,1.34828,1.34848,1.00,1.87
2018.03.28 09:25:47.879,1.34828,1.34846,1.00,1.00
2018.03.28 09:25:48.404,1.34827,1.34846,1.25,1.00
2018.03.28 09:25:49.133,1.34827,1.34846,1.69,1.00
2018.03.28 09:25:49.839,1.34827,1.34847,2.44,1.12
2018.03.28 09:25:50.363,1.34827,1.34846,2.44,1.00
2018.03.28 09:25:52.061,1.34827,1.34847,2.44,1.12
2018.03.28 09:25:52.372,1.34831,1.34849,1.25,1.00
2018.03.28 09:25:52.919,1.34831,1.3485,1.25,1.12
2018.03.28 09:25:53.525,1.34831,1.34849,1.25,1.00
2018.03.28 09:25:54.185,1.34831,1.3485,1.25,1.12
2018.03.28 09:25:55.301,1.34831,1.34849,1.25,1.00
2018.03.28 09:25:55.732,1.34833,1.34849,1.00,1.00
2018.03.28 09:25:56.096,1.34833,1.3485,1.00,2.44
2018.03.28 09:25:57.445,1.34832,1.3485,1.00,2.44
2018.03.28 09:25:59.301,1.34833,1.34849,1.00,1.94
2018.03.28 09:26:00.058,1.34832,1.34849,1.00,1.94
2018.03.28 09:26:00.915,1.34833,1.3485,1.00,1.94
2018.03.28 09:26:01.463,1.34834,1.34849,1.00,1.75
2018.03.28 09:26:01.514,1.34834,1.34849,1.00,1.25
2018.03.28 09:26:01.565,1.34833,1.34849,1.00,1.69
2018.03.28 09:26:01.668,1.34829,1.34844,1.00,1.00
2018.03.28 09:26:02.026,1.34831,1.34844,1.00,1.31
2018.03.28 09:26:02.534,1.34828,1.34844,1.00,1.31
2018.03.28 09:26:03.070,1.34829,1.34844,1.00,1.31
2018.03.28 09:26:03.794,1.34829,1.34841,1.00,1.12
2018.03.28 09:26:04.593,1.34827,1.34842,1.00,1.37
2018.03.28 09:26:05.761,1.34826,1.34842,1.50,1.56
2018.03.28 09:26:05.812,1.34829,1.34844,1.12,2.25
2018.03.28 09:26:05.965,1.34832,1.34847,1.00,1.69
2018.03.28 09:26:06.039,1.34834,1.34848,1.00,1.31
2018.03.28 09:26:06.091,1.34836,1.3485,1.50,1.12
2018.03.28 09:26:06.352,1.34836,1.34852,1.50,1.50
2018.03.28 09:26:06.874,1.34836,1.34851,1.50,1.00
2018.03.28 09:26:07.406,1.34836,1.34852,1.50,1.00
2018.03.28 09:26:07.928,1.34836,1.34851,1.00,1.00
2018.03.28 09:26:10.598,1.34836,1.34851,1.00,1.75
2018.03.28 09:26:10.650,1.34833,1.34848,1.00,1.12
2018.03.28 09:26:10.752,1.3483,1.34848,1.69,1.12
2018.03.28 09:26:11.256,1.3483,1.34847,1.00,1.50
2018.03.28 09:26:11.515,1.34832,1.34848,1.31,1.12
2018.03.28 09:26:11.836,1.34841,1.34857,1.00,1.12
2018.03.28 09:26:12.465,1.3484,1.34856,1.69,1.00
2018.03.28 09:26:13.074,1.3484,1.34857,1.00,1.12
2018.03.28 09:26:13.457,1.34842,1.34859,1.00,1.00
2018.03.28 09:26:14.794,1.3484,1.3486,1.25,1.00
2018.03.28 09:26:16.717,1.3484,1.3486,1.19,1.00
2018.03.28 09:26:17.236,1.34839,1.34862,3.19,1.19
2018.03.28 09:26:17.451,1.3484,1.34859,1.50,1.25
2018.03.28 09:26:18.676,1.34841,1.3486,1.00,1.31
2018.03.28 09:26:20.159,1.3484,1.3486,1.69,1.12
2018.03.28 09:26:22.248,1.3484,1.34859,1.69,1.00
2018.03.28 09:26:22.767,1.34842,1.34859,1.00,1.00
2018.03.28 09:26:23.608,1.34841,1.34859,1.25,1.00
2018.03.28 09:26:23.781,1.34838,1.34859,1.19,1.25
2018.03.28 09:26:23.884,1.34837,1.34858,1.00,1.19
2018.03.28 09:26:25.213,1.34838,1.34857,1.00,1.19
2018.03.28 09:26:25.522,1.3484,1.34861,1.50,3.56
2018.03.28 09:26:26.478,1.34842,1.3486,1.00,1.31
2018.03.28 09:26:26.686,1.34834,1.34852,1.25,1.00
2018.03.28 09:26:26.790,1.34837,1.34852,1.00,1.00
2018.03.28 09:26:26.893,1.34837,1.34856,1.00,2.06
2018.03.28 09:26:27.397,1.34836,1.34855,1.25,1.00
2018.03.28 09:26:27.715,1.34838,1.34856,1.00,1.12
2018.03.28 09:26:28.233,1.34837,1.34855,1.25,1.00
2018.03.28 09:26:28.761,1.34838,1.34855,1.00,1.00
2018.03.28 09:26:29.843,1.34836,1.34856,1.50,1.12
2018.03.28 09:26:30.154,1.34836,1.34853,1.00,1.12
2018.03.28 09:26:30.205,1.34832,1.3485,1.00,1.25
2018.03.28 09:26:30.257,1.34831,1.34845,1.00,1.00
2018.03.28 09:26:30.308,1.34828,1.34846,2.62,1.00
2018.03.28 09:26:30.822,1.34829,1.34846,1.00,1.00
2018.03.28 09:26:31.362,1.34829,1.34845,1.00,1.00
2018.03.28 09:26:31.487,1.3483,1.34845,1.69,1.00
2018.03.28 09:26:31.589,1.3484,1.34854,1.00,1.00
2018.03.28 09:26:31.640,1.3484,1.34856,1.00,1.00
2018.03.28 09:26:32.149,1.34841,1.34857,1.00,1.00
2018.03.28 09:26:32.687,1.34841,1.34858,1.00,2.44
2018.03.28 09:26:33.207,1.3484,1.34857,1.50,1.00
2018.03.28 09:26:34.323,1.34838,1.34855,1.50,1.12
2018.03.28 09:26:34.834,1.34839,1.34855,1.00,1.31
2018.03.28 09:26:36.147,1.34837,1.34855,1.00,1.12
2018.03.28 09:26:36.664,1.34837,1.34854,1.50,1.00
2018.03.28 09:26:37.198,1.34837,1.34855,1.50,1.12
2018.03.28 09:26:37.462,1.34839,1.34855,1.00,1.12
2018.03.28 09:26:37.769,1.34838,1.34853,1.00,1.12
2018.03.28 09:26:38.075,1.34838,1.34855,1.00,1.00
2018.03.28 09:26:38.599,1.34838,1.34854,1.00,1.00
2018.03.28 09:26:38.808,1.34836,1.34854,1.00,1.31
2018.03.28 09:26:39.116,1.34838,1.34854,1.00,1.12
2018.03.28 09:26:39.654,1.34837,1.34853,1.00,1.00
2018.03.28 09:26:40.166,1.34838,1.34853,1.00,1.00
2018.03.28 09:26:40.705,1.34835,1.34854,2.25,1.12
2018.03.28 09:26:40.756,1.34838,1.34854,1.00,1.12
2018.03.28 09:26:41.437,1.34838,1.34853,1.00,1.00
2018.03.28 09:26:41.775,1.34836,1.34854,1.00,1.12
2018.03.28 09:26:42.009,1.34838,1.34854,1.00,1.31
2018.03.28 09:26:42.770,1.34838,1.34853,1.00,1.00
2018.03.28 09:26:43.282,1.34838,1.34856,1.00,1.19
2018.03.28 09:26:45.636,1.3484,1.34858,1.00,1.19
2018.03.28 09:26:45.688,1.34841,1.34859,1.00,1.19
2018.03.28 09:26:45.838,1.34841,1.34858,1.00,1.19
2018.03.28 09:26:46.937,1.34841,1.34859,1.50,1.25
2018.03.28 09:26:46.989,1.34843,1.34859,1.00,1.25
2018.03.28 09:26:47.296,1.34848,1.34867,1.00,1.31
2018.03.28 09:26:47.623,1.34844,1.34861,1.00,1.69
2018.03.28 09:26:48.631,1.34843,1.34861,1.50,1.56
2018.03.28 09:26:49.696,1.34842,1.3486,1.00,1.31
2018.03.28 09:26:49.851,1.34842,1.34861,1.00,3.56
2018.03.28 09:26:50.448,1.34841,1.3486,1.00,1.69
2018.03.28 09:26:53.561,1.34842,1.34861,1.00,3.19
2018.03.28 09:26:54.125,1.34843,1.34861,1.50,1.69
2018.03.28 09:26:55.744,1.3484,1.34861,2.25,1.31
2018.03.28 09:26:56.100,1.34844,1.34861,1.00,2.06
2018.03.28 09:26:56.670,1.34842,1.34862,1.50,2.44
2018.03.28 09:26:57.175,1.34843,1.34861,1.00,2.06
2018.03.28 09:26:58.301,1.34843,1.34861,1.00,1.31
2018.03.28 09:27:01.349,1.34847,1.34861,1.00,1.12
2018.03.28 09:27:01.413,1.34847,1.34865,1.00,2.06
2018.03.28 09:27:02.465,1.34849,1.34864,1.00,1.12
2018.03.28 09:27:03.044,1.34848,1.34864,1.00,1.12
2018.03.28 09:27:04.972,1.34849,1.34864,1.00,1.12
2018.03.28 09:27:05.713,1.34848,1.34865,1.00,1.56
2018.03.28 09:27:05.765,1.34843,1.34864,1.87,2.44
2018.03.28 09:27:06.452,1.34845,1.34861,1.00,1.31
2018.03.28 09:27:07.235,1.34845,1.34861,1.00,1.31
2018.03.28 09:27:07.286,1.34843,1.34861,1.00,1.31
2018.03.28 09:27:07.980,1.34842,1.3486,1.00,1.25
2018.03.28 09:27:08.490,1.34841,1.34859,1.00,1.00
2018.03.28 09:27:09.994,1.34841,1.3486,1.00,1.19
2018.03.28 09:27:10.045,1.34838,1.34859,1.50,1.31
2018.03.28 09:27:10.199,1.34836,1.34857,1.12,1.69
2018.03.28 09:27:10.783,1.34837,1.34857,1.00,1.69
2018.03.28 09:27:11.207,1.34837,1.34857,1.00,1.56
2018.03.28 09:27:11.440,1.34833,1.34854,1.00,1.31
2018.03.28 09:27:11.543,1.34832,1.3485,1.00,1.19
2018.03.28 09:27:11.689,1.3483,1.34847,1.00,1.00
2018.03.28 09:27:12.047,1.34833,1.34846,1.00,1.00
2018.03.28 09:27:12.150,1.3484,1.34855,1.00,1.12
2018.03.28 09:27:12.201,1.34834,1.34854,1.31,1.00
2018.03.28 09:27:12.252,1.34838,1.34855,1.00,1.12
2018.03.28 09:27:12.603,1.34844,1.3486,1.00,1.00
2018.03.28 09:27:12.758,1.34846,1.34865,1.25,1.50
2018.03.28 09:27:12.809,1.34849,1.34865,1.00,1.50
2018.03.28 09:27:12.860,1.34846,1.34865,1.25,1.50
2018.03.28 09:27:12.963,1.34849,1.34866,1.00,1.25
2018.03.28 09:27:13.306,1.34855,1.34871,1.00,7.61
2018.03.28 09:27:13.613,1.3485,1.34858,1.19,1.00
2018.03.28 09:27:13.664,1.34848,1.34866,2.06,1.00
2018.03.28 09:27:13.767,1.3485,1.34866,1.00,1.00
2018.03.28 09:27:13.920,1.3485,1.34863,1.50,1.00
2018.03.28 09:27:14.126,1.34847,1.34866,1.69,1.00
2018.03.28 09:27:14.491,1.34853,1.34867,1.00,1.00
2018.03.28 09:27:14.616,1.3485,1.34868,1.00,1.19
2018.03.28 09:27:14.718,1.3485,1.34871,1.50,1.69
2018.03.28 09:27:14.871,1.34848,1.34869,1.69,1.00
2018.03.28 09:27:14.923,1.34848,1.3487,1.00,3.19
2018.03.28 09:27:15.488,1.34848,1.34866,1.00,1.87
2018.03.28 09:27:16.165,1.34847,1.34866,1.25,1.87
2018.03.28 09:27:17.244,1.34848,1.34866,1.00,1.87
2018.03.28 09:27:17.572,1.34852,1.34867,1.00,1.00
2018.03.28 09:27:17.674,1.34852,1.34872,1.00,1.31
2018.03.28 09:27:17.728,1.34851,1.34869,1.00,1.37
2018.03.28 09:27:17.831,1.34849,1.34868,1.50,1.00
2018.03.28 09:27:18.342,1.3485,1.34868,1.00,1.00
2018.03.28 09:27:18.393,1.34848,1.34868,1.69,1.00
2018.03.28 09:27:18.940,1.34848,1.34868,1.50,1.19
2018.03.28 09:27:19.494,1.34848,1.34866,1.00,1.00
2018.03.28 09:27:20.060,1.3485,1.34866,1.00,1.00
2018.03.28 09:27:20.113,1.3485,1.34868,1.00,1.12
2018.03.28 09:27:20.571,1.3485,1.34866,1.00,1.00
2018.03.28 09:27:21.089,1.34849,1.34867,1.00,2.44
2018.03.28 09:27:21.563,1.34846,1.34862,1.00,1.31
2018.03.28 09:27:21.616,1.34839,1.34857,1.50,1.00
2018.03.28 09:27:21.669,1.34838,1.34858,1.19,3.37
2018.03.28 09:27:21.721,1.34837,1.34857,1.25,1.69
2018.03.28 09:27:21.774,1.34835,1.34854,1.00,1.00
2018.03.28 09:27:22.079,1.34827,1.34847,1.50,1.31
2018.03.28 09:27:22.612,1.34826,1.34848,1.69,1.69
2018.03.28 09:27:22.938,1.34828,1.34847,1.00,1.31
2018.03.28 09:27:23.251,1.34835,1.34855,1.00,2.81
2018.03.28 09:27:23.996,1.34836,1.34854,1.00,1.31
2018.03.28 09:27:24.247,1.34836,1.34854,1.00,1.31
2018.03.28 09:27:24.901,1.34837,1.34854,1.00,1.31
2018.03.28 09:27:25.512,1.34836,1.34854,1.00,1.12
2018.03.28 09:27:25.564,1.34834,1.34854,1.00,1.31
2018.03.28 09:27:25.719,1.34833,1.34854,1.00,1.31
2018.03.28 09:27:26.026,1.34835,1.34852,1.00,1.12
2018.03.28 09:27:26.627,1.34831,1.34851,1.19,1.00
2018.03.28 09:27:26.922,1.34831,1.34852,1.69,2.06
2018.03.28 09:27:27.447,1.34831,1.34851,1.00,1.19
2018.03.28 09:27:27.960,1.34832,1.34851,1.00,1.19
2018.03.28 09:27:28.092,1.34834,1.34852,1.00,1.31
2018.03.28 09:27:28.154,1.34834,1.34853,1.00,1.69
2018.03.28 09:27:28.416,1.34833,1.34854,1.25,1.00
2018.03.28 09:27:28.726,1.34832,1.34852,1.00,1.19
2018.03.28 09:27:29.076,1.3483,1.34851,1.00,1.25
2018.03.28 09:27:29.129,1.34827,1.34847,1.19,1.50
2018.03.28 09:27:29.441,1.34824,1.34842,1.00,1.12
2018.03.28 09:27:30.001,1.34825,1.34842,1.00,1.31
2018.03.28 09:27:30.103,1.34822,1.34842,1.25,1.31
2018.03.28 09:27:30.686,1.34827,1.34842,1.00,1.12
2018.03.28 09:27:30.739,1.34826,1.34846,1.00,1.69
2018.03.28 09:27:31.288,1.34821,1.34839,1.00,2.06
2018.03.28 09:27:31.608,1.34817,1.34826,1.00,1.19
2018.03.28 09:27:31.765,1.34807,1.34823,1.00,1.00
2018.03.28 09:27:31.817,1.34805,1.34823,1.00,1.37
2018.03.28 09:27:31.869,1.34803,1.34824,1.00,1.19
2018.03.28 09:27:31.921,1.34805,1.34825,1.00,1.69
2018.03.28 09:27:32.024,1.34803,1.34825,1.50,1.69
2018.03.28 09:27:32.519,1.34804,1.34825,1.69,1.19
2018.03.28 09:27:32.881,1.34812,1.34826,1.00,1.50
2018.03.28 09:27:32.985,1.34817,1.34831,1.00,1.00
2018.03.28 09:27:33.113,1.34817,1.34839,1.00,1.31
2018.03.28 09:27:33.419,1.34816,1.34838,1.00,1.69
2018.03.28 09:27:35.775,1.34816,1.34838,1.25,1.69
2018.03.28 09:27:36.088,1.34808,1.34823,1.00,1.12
2018.03.28 09:27:36.265,1.34804,1.34823,1.00,2.44
2018.03.28 09:27:36.317,1.34802,1.34823,1.50,3.19
2018.03.28 09:27:36.572,1.34803,1.34822,1.00,1.56
2018.03.28 09:27:37.120,1.34802,1.34822,1.00,1.56
2018.03.28 09:27:37.665,1.34802,1.34821,1.00,1.19
2018.03.28 09:27:37.717,1.34802,1.34823,1.00,3.19
2018.03.28 09:27:38.552,1.34804,1.34823,1.00,2.44
2018.03.28 09:27:39.927,1.34803,1.34822,1.00,1.19
2018.03.28 09:27:41.416,1.34801,1.34822,1.00,2.06
2018.03.28 09:27:41.468,1.348,1.34816,1.00,1.62
2018.03.28 09:27:41.621,1.34796,1.34816,1.69,1.62
2018.03.28 09:27:41.858,1.348,1.34817,1.00,1.31
2018.03.28 09:27:41.909,1.34799,1.34818,1.00,1.69
2018.03.28 09:27:42.428,1.348,1.34817,1.00,1.12
2018.03.28 09:27:42.752,1.34798,1.34817,1.25,1.12
2018.03.28 09:27:44.154,1.34796,1.34817,1.69,1.31
2018.03.28 09:27:44.766,1.34799,1.34817,1.00,1.31
2018.03.28 09:27:45.032,1.34794,1.34814,1.25,1.12
2018.03.28 09:27:45.545,1.34795,1.34814,1.00,1.12
2018.03.28 09:27:46.094,1.34795,1.34815,1.00,1.69
2018.03.28 09:27:46.407,1.34793,1.34815,1.00,1.69
2018.03.28 09:27:46.509,1.34793,1.34814,1.00,1.31
2018.03.28 09:27:46.819,1.34788,1.34807,3.00,1.56
2018.03.28 09:27:47.327,1.34788,1.34807,3.75,1.87
2018.03.28 09:27:47.633,1.3479,1.34808,1.00,2.81
2018.03.28 09:27:48.135,1.34794,1.34808,1.00,1.50
2018.03.28 09:27:48.187,1.34795,1.3481,1.00,1.00
2018.03.28 09:27:48.289,1.34797,1.34812,1.00,1.00
2018.03.28 09:27:48.604,1.34804,1.34818,1.00,1.00
2018.03.28 09:27:48.910,1.34801,1.34818,1.00,1.00
2018.03.28 09:27:49.218,1.34801,1.34821,1.00,1.19
2018.03.28 09:27:50.011,1.348,1.34821,1.00,2.06
2018.03.28 09:27:50.166,1.34802,1.34821,1.00,1.31
2018.03.28 09:27:50.371,1.34801,1.34821,1.19,1.12
2018.03.28 09:27:52.977,1.34804,1.34822,1.00,1.69
2018.03.28 09:27:53.382,1.34798,1.34814,1.00,1.19
2018.03.28 09:27:53.798,1.34795,1.34815,1.00,1.31
2018.03.28 09:27:54.207,1.34797,1.34814,1.00,1.19
2018.03.28 09:27:54.377,1.34792,1.34812,1.00,1.31
2018.03.28 09:27:54.428,1.34794,1.34811,1.00,1.19
2018.03.28 09:27:54.531,1.34791,1.34812,1.00,2.06
2018.03.28 09:27:54.582,1.34793,1.34811,1.00,1.19
2018.03.28 09:27:54.685,1.34789,1.3481,1.69,1.19
2018.03.28 09:27:55.142,1.34791,1.3481,1.00,1.19
2018.03.28 09:27:55.541,1.3479,1.3481,1.00,1.19
2018.03.28 09:27:56.058,1.34791,1.34811,1.00,1.31
2018.03.28 09:27:56.160,1.34789,1.34812,1.50,1.69
2018.03.28 09:27:56.313,1.34791,1.34812,1.00,1.69
2018.03.28 09:27:57.106,1.34792,1.34811,1.00,1.31
2018.03.28 09:27:57.158,1.3479,1.34811,1.00,2.06
2018.03.28 09:27:57.209,1.3479,1.34808,1.00,1.19
2018.03.28 09:27:57.708,1.3479,1.34809,1.00,2.06
2018.03.28 09:27:57.760,1.34792,1.34809,1.00,1.31
2018.03.28 09:27:58.388,1.34792,1.34808,1.00,1.00
2018.03.28 09:27:58.697,1.34795,1.34812,1.00,2.06
2018.03.28 09:27:59.541,1.34794,1.34813,1.00,2.81
2018.03.28 09:27:59.750,1.34789,1.3481,1.00,3.94
2018.03.28 09:27:59.807,1.34788,1.34805,3.75,1.19
2018.03.28 09:28:00.418,1.34789,1.34806,1.00,2.06
2018.03.28 09:28:00.962,1.34788,1.34805,1.50,1.25
2018.03.28 09:28:03.856,1.34788,1.34806,1.00,1.69
2018.03.28 09:28:04.314,1.34787,1.34806,1.50,2.06
2018.03.28 09:28:04.365,1.34787,1.34805,1.50,1.56
2018.03.28 09:28:04.884,1.34787,1.34804,1.00,2.44
2018.03.28 09:28:05.992,1.34788,1.34805,1.00,3.75
2018.03.28 09:28:06.526,1.34787,1.34803,1.50,1.56
2018.03.28 09:28:07.041,1.34788,1.34804,1.00,2.81
2018.03.28 09:28:07.248,1.34788,1.34803,1.00,1.19
2018.03.28 09:28:07.300,1.34788,1.348,1.00,1.19
2018.03.28 09:28:07.748,1.34788,1.34802,1.00,2.62
2018.03.28 09:28:07.800,1.34788,1.34802,1.50,1.69
2018.03.28 09:28:07.903,1.34787,1.34803,1.50,1.69
2018.03.28 09:28:07.955,1.34787,1.34802,1.50,1.69
2018.03.28 09:28:08.006,1.34787,1.34802,1.50,1.31
2018.03.28 09:28:08.162,1.34787,1.34801,1.50,1.19
2018.03.28 09:28:08.626,1.34787,1.34798,1.50,1.56
2018.03.28 09:28:08.787,1.34774,1.34794,1.69,1.31
2018.03.28 09:28:08.840,1.34774,1.34794,1.00,1.69
2018.03.28 09:28:08.892,1.34776,1.34793,1.00,1.25
2018.03.28 09:28:09.257,1.34777,1.34793,1.00,1.19
2018.03.28 09:28:09.466,1.34774,1.34795,1.00,1.56
2018.03.28 09:28:09.580,1.34776,1.34795,1.00,1.56
2018.03.28 09:28:10.092,1.34777,1.34795,1.00,1.56
2018.03.28 09:28:10.720,1.34778,1.34795,1.00,1.56
2018.03.28 09:28:10.772,1.34778,1.34796,1.00,2.06
2018.03.28 09:28:10.927,1.34775,1.34794,1.00,1.19
2018.03.28 09:28:11.082,1.34775,1.34793,1.00,1.00
2018.03.28 09:28:11.339,1.34772,1.34792,1.00,1.25
2018.03.28 09:28:11.391,1.34774,1.34791,1.00,1.00
2018.03.28 09:28:11.910,1.34775,1.34791,1.00,1.12
2018.03.28 09:28:12.402,1.34775,1.34792,1.00,1.69
2018.03.28 09:28:12.972,1.34775,1.34792,1.00,1.69
2018.03.28 09:28:13.024,1.34773,1.34792,1.00,1.69
2018.03.28 09:28:13.794,1.34771,1.34791,1.00,1.31
2018.03.28 09:28:13.846,1.34775,1.34791,1.00,1.31
2018.03.28 09:28:15.006,1.34775,1.34791,1.00,1.31
2018.03.28 09:28:15.552,1.34774,1.34792,1.00,2.06
2018.03.28 09:28:15.814,1.34772,1.34791,1.00,1.19
2018.03.28 09:28:15.866,1.34774,1.34791,1.00,1.19
2018.03.28 09:28:16.201,1.34772,1.34791,1.00,3.19
2018.03.28 09:28:16.356,1.3477,1.34791,1.00,3.19
2018.03.28 09:28:17.635,1.34772,1.34791,1.00,2.44
2018.03.28 09:28:17.790,1.34772,1.34791,1.00,2.44
2018.03.28 09:28:18.315,1.34771,1.34791,1.00,2.81
2018.03.28 09:28:18.671,1.34766,1.34785,1.00,1.25
2018.03.28 09:28:18.723,1.34764,1.34783,1.00,1.69
2018.03.28 09:28:18.826,1.34758,1.34778,1.00,1.31
2018.03.28 09:28:18.877,1.34755,1.34773,1.00,1.00
2018.03.28 09:28:18.929,1.34751,1.34771,1.69,1.25
2018.03.28 09:28:18.980,1.3475,1.34771,1.00,2.06
2018.03.28 09:28:20.086,1.3475,1.34771,1.00,3.19
2018.03.28 09:28:20.698,1.3475,1.34771,1.00,2.81
2018.03.28 09:28:21.186,1.34748,1.3477,1.50,1.31
2018.03.28 09:28:21.619,1.34751,1.3477,1.00,1.19
2018.03.28 09:28:21.998,1.34753,1.34771,1.00,1.69
2018.03.28 09:28:22.546,1.34752,1.34771,1.00,1.69
2018.03.28 09:28:23.231,1.34756,1.34774,1.00,1.69
2018.03.28 09:28:23.283,1.34759,1.34774,1.00,1.12
2018.03.28 09:28:23.386,1.34758,1.34777,1.00,1.69
2018.03.28 09:28:24.210,1.34759,1.34777,1.00,1.69
2018.03.28 09:28:24.746,1.3476,1.34777,1.00,1.69
2018.03.28 09:28:25.377,1.34761,1.34777,1.00,1.19
2018.03.28 09:28:26.578,1.3476,1.34777,1.00,1.19
2018.03.28 09:28:28.034,1.34761,1.34777,1.00,1.19
2018.03.28 09:28:28.292,1.34758,1.34777,1.00,1.19
2018.03.28 09:28:28.343,1.3476,1.34777,1.00,1.19
2018.03.28 09:28:28.847,1.34759,1.34777,1.00,1.19
2018.03.28 09:28:29.363,1.3476,1.34777,1.00,1.25
2018.03.28 09:28:29.519,1.34748,1.34767,1.00,1.69
2018.03.28 09:28:29.571,1.34742,1.34767,3.19,1.69
2018.03.28 09:28:29.675,1.34742,1.34764,1.69,1.19
2018.03.28 09:28:29.990,1.34741,1.34761,1.00,1.31
2018.03.28 09:28:30.270,1.34744,1.34761,1.00,1.00
2018.03.28 09:28:30.785,1.34745,1.34761,1.00,1.00
2018.03.28 09:28:31.242,1.34743,1.34762,1.00,1.69
2018.03.28 09:28:31.295,1.34739,1.34759,1.00,1.31
2018.03.28 09:28:31.348,1.34737,1.34756,1.00,1.19
2018.03.28 09:28:31.609,1.34735,1.34754,1.50,1.19
2018.03.28 09:28:31.981,1.34741,1.34759,1.00,1.19
2018.03.28 09:28:32.702,1.34742,1.34761,1.00,2.06
2018.03.28 09:28:32.753,1.34744,1.34761,1.00,1.56
2018.03.28 09:28:32.906,1.34742,1.34762,1.00,1.19
2018.03.28 09:28:32.958,1.34746,1.34761,1.00,1.25
2018.03.28 09:28:33.490,1.34745,1.34761,1.00,1.25
2018.03.28 09:28:33.683,1.34743,1.34762,1.00,1.19
2018.03.28 09:28:33.740,1.34743,1.34762,1.00,1.31
2018.03.28 09:28:34.045,1.34745,1.34761,1.00,1.19
2018.03.28 09:28:34.149,1.34748,1.34764,1.00,1.12
2018.03.28 09:28:34.201,1.3475,1.34767,1.00,1.50
2018.03.28 09:28:34.253,1.34754,1.34772,1.00,1.19
2018.03.28 09:28:34.757,1.34755,1.34771,1.00,1.19
2018.03.28 09:28:35.464,1.34754,1.34771,1.00,1.19
2018.03.28 09:28:36.375,1.3475,1.34766,1.00,1.25
2018.03.28 09:28:36.722,1.34745,1.34763,1.00,1.19
2018.03.28 09:28:38.469,1.34744,1.34763,1.00,1.19
2018.03.28 09:28:39.226,1.34745,1.34762,1.00,1.25
2018.03.28 09:28:39.804,1.34744,1.34763,1.00,2.06
2018.03.28 09:28:40.346,1.34744,1.34762,1.00,1.19
2018.03.28 09:28:41.054,1.34745,1.34762,1.00,1.19
2018.03.28 09:28:41.106,1.34741,1.3476,1.00,1.19
2018.03.28 09:28:41.158,1.34739,1.34758,1.00,1.12
2018.03.28 09:28:41.209,1.34739,1.34757,1.00,1.19
2018.03.28 09:28:41.464,1.3475,1.34769,1.25,1.12
2018.03.28 09:28:42.626,1.34749,1.34769,1.00,1.12
2018.03.28 09:28:43.152,1.3475,1.34769,1.00,3.56
2018.03.28 09:28:43.805,1.34748,1.34769,1.00,2.81
2018.03.28 09:28:44.347,1.34746,1.34766,1.00,1.69
2018.03.28 09:28:44.554,1.34741,1.34765,1.31,1.69
2018.03.28 09:28:44.606,1.34741,1.34765,1.12,1.69
2018.03.28 09:28:44.986,1.34747,1.34765,1.25,1.12
2018.03.28 09:28:45.039,1.34746,1.34768,1.19,1.19
2018.03.28 09:28:45.554,1.34746,1.34766,1.25,1.00
2018.03.28 09:28:46.122,1.34747,1.34767,1.00,1.50
2018.03.28 09:28:46.279,1.34744,1.34767,1.00,1.69
2018.03.28 09:28:46.331,1.34749,1.34771,1.00,2.81
2018.03.28 09:28:46.835,1.3475,1.3477,1.00,1.87
2018.03.28 09:28:47.384,1.34751,1.3477,1.00,1.87
2018.03.28 09:28:47.436,1.34749,1.3477,1.25,1.87
2018.03.28 09:28:47.488,1.34746,1.34767,1.00,1.19
2018.03.28 09:28:47.824,1.34749,1.3477,1.00,1.19
2018.03.28 09:28:48.147,1.34752,1.3477,1.00,1.19
2018.03.28 09:28:48.735,1.34752,1.3477,1.00,1.31
2018.03.28 09:28:49.253,1.34752,1.3477,1.00,1.31
2018.03.28 09:28:50.052,1.34752,1.3477,1.00,1.19
2018.03.28 09:28:50.213,1.3475,1.34772,1.50,2.06
2018.03.28 09:28:50.370,1.34755,1.34775,1.00,1.62
2018.03.28 09:28:50.698,1.34755,1.34774,1.00,1.19
2018.03.28 09:28:51.215,1.34753,1.34775,1.00,1.31
2018.03.28 09:28:51.730,1.34752,1.34773,1.00,1.19
2018.03.28 09:28:51.833,1.34754,1.34774,1.00,1.19
2018.03.28 09:28:52.563,1.34755,1.34775,1.00,1.31
2018.03.28 09:28:53.009,1.34754,1.34773,1.00,1.00
2018.03.28 09:28:53.060,1.34751,1.3477,1.12,1.19
2018.03.28 09:28:53.111,1.34748,1.34771,2.25,1.19
2018.03.28 09:28:53.520,1.34748,1.34768,1.50,1.19
2018.03.28 09:28:53.739,1.34748,1.34768,1.00,1.25
2018.03.28 09:28:54.687,1.34748,1.34769,1.00,2.06
2018.03.28 09:28:55.554,1.34749,1.34769,1.00,1.31
2018.03.28 09:28:55.824,1.34755,1.34774,1.00,1.19
2018.03.28 09:28:55.876,1.34757,1.34774,1.00,1.19
2018.03.28 09:28:56.499,1.34756,1.34776,1.00,2.44
2018.03.28 09:28:56.883,1.34755,1.34775,1.00,1.31
2018.03.28 09:28:57.499,1.34756,1.34776,1.00,2.06
2018.03.28 09:28:57.948,1.34754,1.34775,1.00,1.31
2018.03.28 09:28:58.325,1.34752,1.34771,1.00,1.25
2018.03.28 09:29:00.161,1.34751,1.34772,1.00,2.06
2018.03.28 09:29:00.264,1.34749,1.34768,1.25,1.00
2018.03.28 09:29:00.723,1.34749,1.34768,1.00,1.19
2018.03.28 09:29:01.115,1.34749,1.34767,1.00,1.31
2018.03.28 09:29:01.620,1.34748,1.34767,1.00,1.31
2018.03.28 09:29:01.726,1.34749,1.34769,1.00,1.19
2018.03.28 09:29:01.778,1.34752,1.34769,1.00,1.19
2018.03.28 09:29:01.932,1.3475,1.34769,1.00,1.69
2018.03.28 09:29:03.269,1.3475,1.34769,1.00,1.25
2018.03.28 09:29:03.372,1.34752,1.34769,1.00,1.25
2018.03.28 09:29:04.608,1.34756,1.34773,1.00,1.25
2018.03.28 09:29:04.713,1.34754,1.34775,1.00,1.19
2018.03.28 09:29:04.770,1.34753,1.34774,1.00,1.19
2018.03.28 09:29:04.822,1.34752,1.34774,1.19,1.31
2018.03.28 09:29:04.976,1.34755,1.34775,1.19,1.00
2018.03.28 09:29:05.318,1.34763,1.34785,1.00,1.19
2018.03.28 09:29:05.942,1.34763,1.34783,1.00,1.00
2018.03.28 09:29:06.526,1.34763,1.34783,1.00,1.69
2018.03.28 09:29:07.089,1.34763,1.34783,1.00,1.50
2018.03.28 09:29:07.745,1.34764,1.34783,1.00,1.25
2018.03.28 09:29:08.770,1.34763,1.34784,1.00,1.25
2018.03.28 09:29:09.305,1.34764,1.34783,1.00,1.00
2018.03.28 09:29:09.597,1.3477,1.34785,1.00,1.00
2018.03.28 09:29:09.649,1.34768,1.34788,1.50,1.69
2018.03.28 09:29:10.711,1.34768,1.34788,1.12,1.25
2018.03.28 09:29:11.107,1.34768,1.34788,1.12,1.19
2018.03.28 09:29:11.209,1.34768,1.34788,1.12,1.25
2018.03.28 09:29:11.900,1.34767,1.34788,1.00,1.25
2018.03.28 09:29:12.955,1.34765,1.34784,1.19,1.00
2018.03.28 09:29:13.007,1.34765,1.34784,1.25,1.00
2018.03.28 09:29:13.548,1.34762,1.34783,1.19,1.00
2018.03.28 09:29:14.106,1.34762,1.34783,1.19,1.00
2018.03.28 09:29:14.793,1.3476,1.34782,1.50,1.50
2018.03.28 09:29:14.845,1.34755,1.34771,1.25,1.50
2018.03.28 09:29:14.920,1.34753,1.34771,2.06,1.50
2018.03.28 09:29:15.336,1.34755,1.34774,1.25,1.50
2018.03.28 09:29:15.787,1.34759,1.34778,1.00,1.87
2018.03.28 09:29:16.323,1.34758,1.34779,1.00,2.81
2018.03.28 09:29:17.274,1.34758,1.34777,1.00,1.00
2018.03.28 09:29:17.786,1.34759,1.34778,1.00,1.12
2018.03.28 09:29:18.071,1.34756,1.34776,1.25,1.12
2018.03.28 09:29:18.124,1.34756,1.34776,1.00,1.31
2018.03.28 09:29:18.785,1.34756,1.34775,1.00,1.25
2018.03.28 09:29:18.992,1.34754,1.34775,1.00,1.25
2018.03.28 09:29:19.226,1.34754,1.34773,1.50,1.12
2018.03.28 09:29:19.434,1.34752,1.34772,1.69,1.25
2018.03.28 09:29:19.988,1.34753,1.34773,1.00,1.19
2018.03.28 09:29:20.635,1.34752,1.34773,1.25,1.31
2018.03.28 09:29:20.789,1.34754,1.34773,1.25,1.00
2018.03.28 09:29:20.891,1.34749,1.34772,2.44,1.25
2018.03.28 09:29:20.993,1.34753,1.34772,1.00,1.69
2018.03.28 09:29:21.796,1.3475,1.34772,1.69,1.69
2018.03.28 09:29:21.847,1.34753,1.34772,1.00,1.69
2018.03.28 09:29:22.534,1.34753,1.34772,1.19,1.50
2018.03.28 09:29:22.937,1.34754,1.34774,1.25,1.69
2018.03.28 09:29:23.568,1.34754,1.34773,1.25,1.00
2018.03.28 09:29:25.769,1.34751,1.34773,3.19,3.37
2018.03.28 09:29:26.759,1.34751,1.34771,2.44,1.00
2018.03.28 09:29:27.279,1.34751,1.34772,1.69,1.12
2018.03.28 09:29:32.912,1.34753,1.34773,1.25,2.06
2018.03.28 09:29:34.463,1.34753,1.34771,1.25,1.00
2018.03.28 09:29:35.550,1.34753,1.34771,1.19,1.00
2018.03.28 09:29:36.234,1.34753,1.34771,1.25,1.00
2018.03.28 09:29:36.285,1.34755,1.34771,1.00,1.00
2018.03.28 09:29:36.876,1.3476,1.34773,1.00,1.00
2018.03.28 09:29:36.980,1.34763,1.34779,1.00,1.50
2018.03.28 09:29:37.084,1.34764,1.3478,1.25,1.00
2018.03.28 09:29:37.188,1.34764,1.34783,1.25,1.50
2018.03.28 09:29:37.362,1.34768,1.34787,1.00,1.25
2018.03.28 09:29:37.668,1.3477,1.34789,1.00,1.25
2018.03.28 09:29:37.974,1.34773,1.34789,1.00,1.25
2018.03.28 09:29:38.025,1.34771,1.34789,1.00,1.25
2018.03.28 09:29:38.230,1.34773,1.34791,1.00,1.19
2018.03.28 09:29:38.282,1.34771,1.34791,1.00,1.19
2018.03.28 09:29:38.670,1.34767,1.34788,1.19,1.00
2018.03.28 09:29:38.945,1.34767,1.34786,1.25,1.00
2018.03.28 09:29:39.459,1.34768,1.34787,1.25,1.12
2018.03.28 09:29:39.742,1.34764,1.34785,1.19,1.50
2018.03.28 09:29:39.799,1.34768,1.34786,1.00,1.00
2018.03.28 09:29:40.007,1.34762,1.34782,1.69,1.50
2018.03.28 09:29:40.059,1.34762,1.34781,1.69,1.00
2018.03.28 09:29:40.111,1.3476,1.34781,1.19,1.69
2018.03.28 09:29:40.170,1.34758,1.34777,1.25,1.50
2018.03.28 09:29:40.644,1.3476,1.34777,1.00,2.25
2018.03.28 09:29:40.747,1.34758,1.34777,1.25,2.25
2018.03.28 09:29:40.849,1.34755,1.34777,2.25,2.44
2018.03.28 09:29:40.900,1.34758,1.3478,1.69,1.12
2018.03.28 09:29:41.206,1.34759,1.34779,1.00,1.56
2018.03.28 09:29:41.708,1.3476,1.34779,1.00,1.31
2018.03.28 09:29:41.863,1.34758,1.34776,1.00,1.25
2018.03.28 09:29:42.405,1.34757,1.34776,1.00,1.69
2018.03.28 09:29:43.043,1.34758,1.34777,1.00,1.19
2018.03.28 09:29:43.149,1.34753,1.34776,1.50,1.31
2018.03.28 09:29:43.201,1.34755,1.34773,1.00,1.00
2018.03.28 09:29:43.526,1.34765,1.34785,1.56,1.50
2018.03.28 09:29:44.249,1.34769,1.34784,1.25,1.00
2018.03.28 09:29:44.539,1.34766,1.34784,1.19,1.00
2018.03.28 09:29:45.123,1.34768,1.34784,1.19,1.00
2018.03.28 09:29:45.844,1.3477,1.34785,1.25,1.00
2018.03.28 09:29:46.013,1.3477,1.34787,1.00,2.06
2018.03.28 09:29:46.065,1.34763,1.34784,1.56,2.25
2018.03.28 09:29:46.117,1.34763,1.34783,1.19,1.37
2018.03.28 09:29:46.220,1.3476,1.3478,1.69,1.00
2018.03.28 09:29:46.324,1.34761,1.34779,1.00,1.19
2018.03.28 09:29:46.426,1.34758,1.34781,1.25,2.06
2018.03.28 09:29:46.478,1.34759,1.34774,1.00,1.25
2018.03.28 09:29:46.580,1.34756,1.34777,1.00,1.25
2018.03.28 09:29:46.683,1.34756,1.34775,1.00,2.44
2018.03.28 09:29:46.995,1.34758,1.34776,1.00,2.81
2018.03.28 09:29:47.249,1.34756,1.34775,1.00,1.25
2018.03.28 09:29:47.300,1.34758,1.34775,1.00,1.25
2018.03.28 09:29:47.352,1.34756,1.34775,1.00,1.25
2018.03.28 09:29:47.959,1.34754,1.34775,1.00,1.69
2018.03.28 09:29:48.487,1.34753,1.34773,1.00,2.06
2018.03.28 09:29:49.052,1.34754,1.34772,1.00,2.06
2018.03.28 09:29:49.660,1.34753,1.34772,1.00,2.06
2018.03.28 09:29:49.968,1.34755,1.34772,1.00,1.19
2018.03.28 09:29:50.912,1.34753,1.34772,1.00,1.19
2018.03.28 09:29:50.964,1.34755,1.34772,1.00,1.19
2018.03.28 09:29:51.066,1.34753,1.34772,1.00,1.19
2018.03.28 09:29:51.118,1.34751,1.34771,1.00,1.31
2018.03.28 09:29:51.423,1.34753,1.3477,1.00,1.25
2018.03.28 09:29:52.648,1.34753,1.34771,1.00,2.44
2018.03.28 09:29:53.231,1.34756,1.34773,1.00,3.56
2018.03.28 09:29:53.387,1.34756,1.34773,1.00,1.25
2018.03.28 09:29:53.439,1.34754,1.34773,1.00,1.19
2018.03.28 09:29:53.651,1.34752,1.34773,1.00,1.31
2018.03.28 09:29:53.753,1.34754,1.34773,1.00,1.31
2018.03.28 09:29:54.065,1.34759,1.34776,1.00,1.69
2018.03.28 09:29:54.945,1.34759,1.34776,1.00,1.69
2018.03.28 09:29:55.783,1.3476,1.34776,1.00,1.19
2018.03.28 09:29:56.676,1.34758,1.34776,1.00,1.19
2018.03.28 09:29:56.830,1.3476,1.34776,1.00,1.19
2018.03.28 09:29:57.759,1.34763,1.34779,1.00,1.50
2018.03.28 09:29:57.927,1.34761,1.3478,1.00,1.25
2018.03.28 09:29:57.979,1.34759,1.34778,1.00,1.19
2018.03.28 09:29:58.287,1.3476,1.34779,1.00,1.31
2018.03.28 09:29:58.810,1.34759,1.34778,1.00,1.19
2018.03.28 09:29:59.317,1.3476,1.34778,1.00,1.19
2018.03.28 09:29:59.879,1.3476,1.34778,1.00,1.19
2018.03.28 09:30:00.376,1.3476,1.34778,1.00,1.25
2018.03.28 09:30:00.900,1.34761,1.3478,1.00,2.81
2018.03.28 09:30:01.003,1.34759,1.3478,1.00,2.81
2018.03.28 09:30:01.055,1.34761,1.3478,1.00,2.81
2018.03.28 09:30:01.376,1.3476,1.34779,1.00,1.31
2018.03.28 09:30:01.638,1.34757,1.34779,1.50,1.19
2018.03.28 09:30:01.690,1.3476,1.34779,1.00,1.19
2018.03.28 09:30:01.742,1.34757,1.34779,1.00,1.19
2018.03.28 09:30:01.906,1.34761,1.34779,1.00,1.19
2018.03.28 09:30:02.096,1.34758,1.34779,1.00,1.19
2018.03.28 09:30:02.214,1.3476,1.34779,1.00,1.19
2018.03.28 09:30:02.266,1.34758,1.34779,1.00,1.19
2018.03.28 09:30:02.317,1.3476,1.34778,1.00,1.19
2018.03.28 09:30:02.369,1.34757,1.34778,1.00,1.19
2018.03.28 09:30:02.575,1.3476,1.34778,1.00,1.19
2018.03.28 09:30:02.982,1.34758,1.34779,1.00,1.19
2018.03.28 09:30:03.169,1.3476,1.34779,1.00,1.19
2018.03.28 09:30:03.221,1.34758,1.34779,1.00,1.19
2018.03.28 09:30:03.769,1.34757,1.34779,1.00,1.19
2018.03.28 09:30:04.236,1.3476,1.34781,1.00,3.19
2018.03.28 09:30:04.580,1.34762,1.3478,1.00,1.69
2018.03.28 09:30:04.632,1.34758,1.3478,1.25,1.19
2018.03.28 09:30:04.735,1.34762,1.3478,1.00,1.19
2018.03.28 09:30:04.890,1.34758,1.3478,1.25,1.19
2018.03.28 09:30:05.002,1.34761,1.3478,1.00,1.19
2018.03.28 09:30:05.156,1.34759,1.3478,1.00,1.19
2018.03.28 09:30:05.287,1.34762,1.3478,1.00,1.19
2018.03.28 09:30:06.138,1.34759,1.3478,1.00,1.19
2018.03.28 09:30:06.364,1.34761,1.3478,1.00,1.19
2018.03.28 09:30:06.518,1.34759,1.3478,1.25,1.19
2018.03.28 09:30:06.570,1.34762,1.3478,1.00,1.19
2018.03.28 09:30:06.621,1.3476,1.3478,1.00,1.19
2018.03.28 09:30:07.163,1.34759,1.3478,1.00,1.69
2018.03.28 09:30:08.257,1.3476,1.34779,1.00,1.19
2018.03.28 09:30:08.412,1.3476,1.34779,1.00,1.56
2018.03.28 09:30:08.465,1.34759,1.34777,1.00,1.31
2018.03.28 09:30:08.518,1.34761,1.3478,1.00,3.19
2018.03.28 09:30:08.878,1.34762,1.3478,1.00,2.06
2018.03.28 09:30:09.054,1.3476,1.3478,1.00,2.81
2018.03.28 09:30:09.578,1.34759,1.3478,1.25,2.81
2018.03.28 09:30:09.630,1.34762,1.3478,1.00,2.81
2018.03.28 09:30:09.681,1.3476,1.3478,1.00,2.81
2018.03.28 09:30:09.733,1.34762,1.3478,1.00,2.81
2018.03.28 09:30:09.887,1.34759,1.3478,1.19,2.81
2018.03.28 09:30:10.476,1.34761,1.3478,1.00,1.31
2018.03.28 09:30:11.055,1.3476,1.3478,1.25,1.31
2018.03.28 09:30:11.157,1.34762,1.3478,1.00,1.31
2018.03.28 09:30:11.260,1.34759,1.3478,1.00,1.31
2018.03.28 09:30:11.461,1.34761,1.3478,1.00,1.31
2018.03.28 09:30:11.565,1.34759,1.34781,1.25,3.94
2018.03.28 09:30:11.718,1.34761,1.34779,1.00,1.25
2018.03.28 09:30:11.769,1.34759,1.34779,1.25,1.25
2018.03.28 09:30:11.940,1.34761,1.34779,1.00,1.25
2018.03.28 09:30:12.044,1.34759,1.34779,1.25,1.25
2018.03.28 09:30:12.095,1.34762,1.34779,1.00,1.25
2018.03.28 09:30:12.146,1.34758,1.34779,1.19,1.25
2018.03.28 09:30:12.308,1.34762,1.34779,1.00,1.25
2018.03.28 09:30:12.677,1.34759,1.34779,1.25,1.25
2018.03.28 09:30:13.008,1.34762,1.3478,1.00,2.06
2018.03.28 09:30:13.060,1.3476,1.3478,1.00,1.19
2018.03.28 09:30:13.112,1.34766,1.3478,1.00,1.00
2018.03.28 09:30:13.216,1.34768,1.34784,1.00,1.00
2018.03.28 09:30:13.371,1.34765,1.34782,1.00,1.12
2018.03.28 09:30:13.423,1.34762,1.34782,1.50,1.56
2018.03.28 09:30:13.475,1.3476,1.3478,1.75,1.87
2018.03.28 09:30:13.615,1.34757,1.34778,1.00,2.81
2018.03.28 09:30:14.170,1.34758,1.34777,1.00,2.44
2018.03.28 09:30:14.222,1.34753,1.34777,1.19,1.69
2018.03.28 09:30:14.326,1.34756,1.34777,1.19,1.00
2018.03.28 09:30:14.679,1.34759,1.34777,1.00,1.00
2018.03.28 09:30:14.731,1.34755,1.34777,1.19,1.00
2018.03.28 09:30:15.016,1.34759,1.34777,1.00,1.00
2018.03.28 09:30:15.613,1.34755,1.34777,1.19,1.25
2018.03.28 09:30:15.664,1.34759,1.34777,1.00,1.19
2018.03.28 09:30:15.717,1.34757,1.34777,1.00,1.56
2018.03.28 09:30:15.897,1.34754,1.34775,1.00,1.69
2018.03.28 09:30:16.001,1.34757,1.34775,1.00,1.25
2018.03.28 09:30:16.104,1.34754,1.34775,1.00,1.69
2018.03.28 09:30:16.156,1.34755,1.34775,1.00,2.44
2018.03.28 09:30:16.666,1.34756,1.34775,1.00,3.19
2018.03.28 09:30:17.013,1.34752,1.34771,1.00,1.25
2018.03.28 09:30:17.064,1.34747,1.3477,2.44,1.69
2018.03.28 09:30:17.116,1.34753,1.34769,1.00,1.19
2018.03.28 09:30:17.167,1.34753,1.34771,1.00,1.31
2018.03.28 09:30:17.218,1.34749,1.3477,1.00,1.00
2018.03.28 09:30:17.269,1.34751,1.34771,1.00,1.31
2018.03.28 09:30:17.473,1.34749,1.3477,1.00,1.50
2018.03.28 09:30:17.525,1.34751,1.3477,1.00,1.00
2018.03.28 09:30:17.679,1.34749,1.3477,1.00,1.50
2018.03.28 09:30:17.731,1.34752,1.3477,1.00,1.00
2018.03.28 09:30:17.936,1.34751,1.34772,1.25,1.00
2018.03.28 09:30:17.987,1.34755,1.34772,1.00,1.00
2018.03.28 09:30:18.186,1.34753,1.34772,1.00,1.00
2018.03.28 09:30:18.687,1.34752,1.34772,1.00,1.00
2018.03.28 09:30:19.155,1.34754,1.34772,1.00,1.00
2018.03.28 09:30:19.402,1.34752,1.34772,1.00,1.50
2018.03.28 09:30:19.455,1.34754,1.34772,1.00,1.00
2018.03.28 09:30:19.855,1.34752,1.34772,1.00,1.50
2018.03.28 09:30:20.086,1.34754,1.34772,1.00,1.00
2018.03.28 09:30:20.481,1.34751,1.34772,1.00,1.00
2018.03.28 09:30:20.636,1.34753,1.34772,1.00,1.00
2018.03.28 09:30:21.246,1.34752,1.34772,1.00,2.06
2018.03.28 09:30:21.663,1.34755,1.3477,1.00,1.19
2018.03.28 09:30:22.125,1.34756,1.34774,1.00,1.19
2018.03.28 09:30:22.609,1.34756,1.34774,1.00,1.56
2018.03.28 09:30:22.925,1.34753,1.34771,1.00,2.06
2018.03.28 09:30:23.027,1.3475,1.3477,1.00,1.69
2018.03.28 09:30:23.129,1.34752,1.3477,1.00,1.69
2018.03.28 09:30:23.797,1.34753,1.3477,1.00,1.31
2018.03.28 09:30:23.900,1.34753,1.3477,1.00,1.19
2018.03.28 09:30:24.107,1.34755,1.3477,1.00,1.19
2018.03.28 09:30:24.634,1.34753,1.3477,1.00,1.19
2018.03.28 09:30:24.790,1.34749,1.3477,1.00,2.06
2018.03.28 09:30:24.997,1.34745,1.34768,1.19,1.31
2018.03.28 09:30:25.049,1.34748,1.34768,1.00,1.31
2018.03.28 09:30:25.358,1.34746,1.34767,1.00,1.19
2018.03.28 09:30:25.831,1.34748,1.34768,1.00,1.19
2018.03.28 09:30:25.883,1.34749,1.34769,1.00,3.19
2018.03.28 09:30:25.937,1.34747,1.34769,1.00,2.44
2018.03.28 09:30:25.993,1.34748,1.34769,1.00,3.56
2018.03.28 09:30:26.298,1.3475,1.34769,1.00,3.56
2018.03.28 09:30:26.418,1.3475,1.34769,1.00,3.19
2018.03.28 09:30:26.648,1.34749,1.34769,1.00,3.56
2018.03.28 09:30:26.836,1.34744,1.34765,1.87,1.69
2018.03.28 09:30:27.141,1.34747,1.34765,1.00,1.19
2018.03.28 09:30:27.447,1.34749,1.34767,1.00,3.94
2018.03.28 09:30:27.550,1.34748,1.34766,1.00,1.31
2018.03.28 09:30:28.351,1.34749,1.34764,1.00,1.00
2018.03.28 09:30:28.402,1.34747,1.34764,1.00,1.00
2018.03.28 09:30:28.851,1.34745,1.34764,1.00,1.00
2018.03.28 09:30:29.136,1.34748,1.34764,1.00,1.00
2018.03.28 09:30:29.188,1.34745,1.34764,1.00,1.00
2018.03.28 09:30:29.358,1.34748,1.34764,1.00,1.00
2018.03.28 09:30:29.486,1.34746,1.34764,1.00,1.00
2018.03.28 09:30:30.036,1.34744,1.34762,1.00,2.25
2018.03.28 09:30:30.088,1.34742,1.34761,1.00,1.31
2018.03.28 09:30:30.139,1.3474,1.34761,1.00,1.31
2018.03.28 09:30:30.228,1.34742,1.34761,1.00,1.31
2018.03.28 09:30:30.280,1.3474,1.34761,1.00,2.06
2018.03.28 09:30:30.381,1.34742,1.34761,1.00,2.81
2018.03.28 09:30:30.556,1.3474,1.3476,1.00,1.19
2018.03.28 09:30:30.873,1.34742,1.34761,1.00,2.81
2018.03.28 09:30:31.609,1.3474,1.34761,1.00,2.06
2018.03.28 09:30:31.711,1.34738,1.34759,1.00,3.56
2018.03.28 09:30:32.018,1.34739,1.34757,1.00,1.31
2018.03.28 09:30:32.698,1.34739,1.34758,1.31,1.00
2018.03.28 09:30:32.754,1.34742,1.3476,1.00,1.69
2018.03.28 09:30:32.893,1.34739,1.34761,1.00,1.19
2018.03.28 09:30:32.945,1.34744,1.34761,1.00,1.69
2018.03.28 09:30:33.205,1.3474,1.34759,1.00,1.31
2018.03.28 09:30:33.258,1.34738,1.34759,1.00,2.44
2018.03.28 09:30:33.635,1.34739,1.34759,1.25,1.69
2018.03.28 09:30:33.871,1.34741,1.34759,1.00,1.00
2018.03.28 09:30:34.266,1.34741,1.34757,1.00,1.00
2018.03.28 09:30:34.571,1.34741,1.34759,1.00,2.25
2018.03.28 09:30:35.086,1.3474,1.34758,1.00,1.00
2018.03.28 09:30:37.508,1.34738,1.34758,1.19,1.00
2018.03.28 09:30:37.981,1.34738,1.34757,1.00,1.19
2018.03.28 09:30:38.308,1.34737,1.34755,1.00,1.19
2018.03.28 09:30:38.853,1.34738,1.34755,1.00,1.19
2018.03.28 09:30:38.905,1.34736,1.34755,1.00,1.19
2018.03.28 09:30:39.457,1.34737,1.34755,1.00,1.19
2018.03.28 09:30:39.993,1.34736,1.34755,1.00,1.19
2018.03.28 09:30:40.208,1.34738,1.34755,1.00,1.19
2018.03.28 09:30:40.313,1.34732,1.34751,1.19,1.50
2018.03.28 09:30:40.365,1.34731,1.34749,1.00,1.00
2018.03.28 09:30:40.870,1.34728,1.34749,1.19,1.00
2018.03.28 09:30:41.177,1.34728,1.34749,1.00,1.69
2018.03.28 09:30:41.698,1.34729,1.34747,1.00,1.31
2018.03.28 09:30:42.812,1.34729,1.34746,1.00,1.00
2018.03.28 09:30:43.874,1.34729,1.34747,1.00,1.50
2018.03.28 09:30:44.536,1.34729,1.34746,1.00,1.00
2018.03.28 09:30:45.105,1.34729,1.34747,1.00,2.25
2018.03.28 09:30:45.526,1.34729,1.34745,1.00,1.12
2018.03.28 09:30:45.578,1.34723,1.34741,1.25,1.12
2018.03.28 09:30:45.630,1.34721,1.3474,3.94,1.75
2018.03.28 09:30:46.133,1.34723,1.34737,1.00,1.00
2018.03.28 09:30:46.286,1.34731,1.34748,1.00,1.00
2018.03.28 09:30:46.697,1.34728,1.34749,1.00,1.69
2018.03.28 09:30:46.749,1.3473,1.34747,1.00,1.00
2018.03.28 09:30:46.801,1.34728,1.34748,1.00,3.00
2018.03.28 09:30:46.920,1.34735,1.34749,1.00,2.62
2018.03.28 09:30:47.232,1.34735,1.34752,1.00,1.00
2018.03.28 09:30:47.979,1.34736,1.34752,1.00,1.00
2018.03.28 09:30:48.495,1.34736,1.34751,1.00,1.00
2018.03.28 09:30:48.650,1.34728,1.3475,2.44,1.50
2018.03.28 09:30:48.702,1.34729,1.3475,1.19,3.56
2018.03.28 09:30:49.032,1.34727,1.34747,1.69,1.25
2018.03.28 09:30:49.136,1.34725,1.34746,1.00,1.69
2018.03.28 09:30:49.239,1.34728,1.34746,1.00,1.69
2018.03.28 09:30:49.750,1.34727,1.34746,1.19,2.62
2018.03.28 09:30:50.042,1.34727,1.34746,1.25,1.87
2018.03.28 09:30:50.332,1.34723,1.34742,1.19,2.62
2018.03.28 09:30:50.436,1.34721,1.34741,3.94,1.12
2018.03.28 09:30:50.488,1.34721,1.3474,4.31,1.00
2018.03.28 09:30:50.591,1.34721,1.3474,3.19,1.00
2018.03.28 09:30:50.695,1.34723,1.34742,1.00,1.69
2018.03.28 09:30:50.747,1.34727,1.34743,1.00,2.25
2018.03.28 09:30:51.248,1.34727,1.34745,1.00,2.06
2018.03.28 09:30:51.300,1.34725,1.34745,1.00,2.06
2018.03.28 09:30:51.823,1.34724,1.34745,1.00,2.06
2018.03.28 09:30:52.355,1.34724,1.34745,1.00,2.06
2018.03.28 09:30:52.477,1.34726,1.34745,1.00,2.81
2018.03.28 09:30:53.114,1.34726,1.34745,1.00,2.06
2018.03.28 09:30:53.617,1.34725,1.34745,1.00,2.06
2018.03.28 09:30:54.352,1.34725,1.34745,1.00,2.06
2018.03.28 09:30:55.739,1.34725,1.34745,1.00,2.06
2018.03.28 09:30:56.368,1.34725,1.34745,1.19,1.87
2018.03.28 09:30:58.050,1.34727,1.34745,1.00,1.87
2018.03.28 09:31:00.489,1.34727,1.34745,1.25,1.00
2018.03.28 09:31:00.799,1.34733,1.34752,1.19,1.00
2018.03.28 09:31:01.380,1.34733,1.34752,1.19,1.00
2018.03.28 09:31:01.737,1.34733,1.34752,1.25,1.00
2018.03.28 09:31:02.520,1.3473,1.3475,1.31,1.00
2018.03.28 09:31:02.572,1.34731,1.34752,1.19,1.50
2018.03.28 09:31:03.123,1.3473,1.3475,1.31,1.00
2018.03.28 09:31:03.175,1.34732,1.34752,1.19,1.00
2018.03.28 09:31:03.564,1.3473,1.3475,1.56,1.00
2018.03.28 09:31:03.844,1.34731,1.34752,1.31,1.00
2018.03.28 09:31:04.313,1.34736,1.34757,1.19,1.00
2018.03.28 09:31:04.416,1.3474,1.34757,1.19,1.00
2018.03.28 09:31:05.116,1.34743,1.34761,1.19,1.37
2018.03.28 09:31:06.268,1.34741,1.34761,1.56,1.37
2018.03.28 09:31:06.633,1.34742,1.34762,1.31,1.87
2018.03.28 09:31:06.686,1.34747,1.34764,1.31,1.75
2018.03.28 09:31:06.738,1.34746,1.34764,2.25,1.00
2018.03.28 09:31:06.790,1.34747,1.34767,1.56,1.50
2018.03.28 09:31:06.842,1.34749,1.34769,1.31,1.87
2018.03.28 09:31:07.011,1.3475,1.34769,2.25,1.00
2018.03.28 09:31:08.258,1.3475,1.34769,1.56,1.00
2018.03.28 09:31:09.276,1.34751,1.34769,2.25,1.00
2018.03.28 09:31:09.328,1.34752,1.34772,1.19,1.87
2018.03.28 09:31:09.638,1.34754,1.34772,1.19,1.00
2018.03.28 09:31:10.223,1.34753,1.34772,1.56,1.00
2018.03.28 09:31:10.834,1.34752,1.34773,1.81,1.00
2018.03.28 09:31:11.317,1.34751,1.34772,1.81,1.00
2018.03.28 09:31:11.968,1.34751,1.34771,1.81,1.00
2018.03.28 09:31:12.513,1.34753,1.34772,1.56,1.00
2018.03.28 09:31:13.955,1.34754,1.34772,1.31,1.37
2018.03.28 09:31:14.423,1.34752,1.3477,1.19,1.00
2018.03.28 09:31:14.938,1.34751,1.34772,1.56,2.25
2018.03.28 09:31:15.284,1.34753,1.34768,1.19,1.12
2018.03.28 09:31:15.796,1.34753,1.34768,1.31,1.12
2018.03.28 09:31:16.829,1.34754,1.34772,1.31,3.00
2018.03.28 09:31:16.882,1.34754,1.34771,1.00,1.00
2018.03.28 09:31:17.051,1.34753,1.34771,1.19,1.00
2018.03.28 09:31:17.102,1.34753,1.34771,1.25,1.50
2018.03.28 09:31:17.611,1.3475,1.34768,1.19,1.12
2018.03.28 09:31:18.213,1.3475,1.34768,1.56,1.12
2018.03.28 09:31:20.714,1.34751,1.34768,1.31,1.12
2018.03.28 09:31:21.897,1.34751,1.34768,1.19,1.12
2018.03.28 09:31:22.877,1.34752,1.34768,1.19,1.12
2018.03.28 09:31:23.691,1.34752,1.34769,1.19,1.12
2018.03.28 09:31:24.223,1.34752,1.34768,1.19,1.00
2018.03.28 09:31:26.459,1.34752,1.34769,1.19,1.12
2018.03.28 09:31:26.990,1.34752,1.34768,1.25,1.00
2018.03.28 09:31:27.637,1.34753,1.34768,1.00,1.00
2018.03.28 09:31:28.169,1.34752,1.34768,1.25,1.00
2018.03.28 09:31:28.830,1.34753,1.34768,1.00,1.00
2018.03.28 09:31:29.587,1.34753,1.34768,1.19,1.00
2018.03.28 09:31:30.697,1.34753,1.34768,1.31,1.00
2018.03.28 09:31:31.853,1.34754,1.34768,1.19,1.00
2018.03.28 09:31:32.059,1.34761,1.34776,1.00,2.25
2018.03.28 09:31:32.111,1.34762,1.34778,1.25,3.00
2018.03.28 09:31:32.163,1.34761,1.34778,1.56,1.50
2018.03.28 09:31:32.318,1.3476,1.34778,1.19,1.00
2018.03.28 09:31:32.529,1.34758,1.34778,1.19,1.50
2018.03.28 09:31:32.583,1.34753,1.34773,1.19,1.50
2018.03.28 09:31:33.048,1.34753,1.3477,1.19,1.50
2018.03.28 09:31:34.020,1.34752,1.34769,1.19,1.00
2018.03.28 09:31:34.531,1.34751,1.34769,1.56,1.00
2018.03.28 09:31:35.059,1.34751,1.3477,1.56,1.50
2018.03.28 09:31:35.594,1.3475,1.34769,1.56,1.00
2018.03.28 09:31:36.136,1.3475,1.3477,1.56,1.50
2018.03.28 09:31:36.874,1.34752,1.3477,1.56,2.25
2018.03.28 09:31:37.177,1.34752,1.3477,1.19,2.25
2018.03.28 09:31:37.788,1.34752,1.34769,1.19,1.00
2018.03.28 09:31:38.772,1.34752,1.3477,1.19,2.25
2018.03.28 09:31:39.323,1.34751,1.34769,1.31,1.00
2018.03.28 09:31:39.962,1.34751,1.34769,1.56,1.00
2018.03.28 09:31:40.593,1.34752,1.34769,1.19,1.00
2018.03.28 09:31:41.252,1.34753,1.3477,1.19,1.50
2018.03.28 09:31:41.781,1.34752,1.34769,1.19,1.00
2018.03.28 09:31:43.273,1.34751,1.3477,1.19,1.50
2018.03.28 09:31:43.798,1.34752,1.3477,1.25,2.25
2018.03.28 09:31:44.327,1.34752,1.34769,1.25,1.00
2018.03.28 09:31:44.671,1.34754,1.34769,1.19,1.00
2018.03.28 09:31:45.221,1.34754,1.3477,1.19,1.50
2018.03.28 09:31:45.742,1.34755,1.34769,1.19,1.00
2018.03.28 09:31:46.247,1.34755,1.3477,1.19,1.50
2018.03.28 09:31:46.680,1.34755,1.34775,1.19,3.75
2018.03.28 09:31:46.945,1.34754,1.34775,1.56,3.75
2018.03.28 09:31:50.653,1.34753,1.34772,1.19,1.87
2018.03.28 09:31:51.270,1.34756,1.34773,1.00,1.87
2018.03.28 09:31:51.375,1.34757,1.34772,1.19,1.12
2018.03.28 09:31:51.482,1.34762,1.34778,1.00,1.50
2018.03.28 09:31:51.585,1.34756,1.34778,2.06,1.00
2018.03.28 09:31:51.997,1.34759,1.3478,1.19,1.00
2018.03.28 09:31:52.519,1.34756,1.34779,3.56,1.00
2018.03.28 09:31:52.730,1.34757,1.34776,1.25,1.00
2018.03.28 09:31:53.262,1.34757,1.34777,1.25,1.00
2018.03.28 09:31:53.789,1.34755,1.34776,1.19,1.00
2018.03.28 09:31:54.154,1.34753,1.34774,2.06,1.00
2018.03.28 09:31:54.458,1.34751,1.34771,1.56,1.50
2018.03.28 09:31:55.005,1.34749,1.34768,1.19,1.00
2018.03.28 09:31:55.656,1.34749,1.34767,1.19,1.00
2018.03.28 09:31:56.065,1.34749,1.34768,1.25,1.12
2018.03.28 09:31:56.377,1.34746,1.34768,1.56,1.87
2018.03.28 09:31:56.532,1.34745,1.34767,1.69,1.50
2018.03.28 09:31:56.697,1.34748,1.34767,1.19,1.00
2018.03.28 09:31:56.802,1.34746,1.34767,1.19,1.00
2018.03.28 09:31:57.158,1.34749,1.34768,1.19,1.87
2018.03.28 09:31:57.670,1.34745,1.34767,2.25,1.00
2018.03.28 09:31:57.850,1.34747,1.34768,1.19,1.87
2018.03.28 09:31:57.902,1.34748,1.34766,1.25,1.00
2018.03.28 09:31:58.110,1.34749,1.34771,1.19,1.00
2018.03.28 09:31:58.620,1.34753,1.3477,1.00,1.00
2018.03.28 09:31:58.755,1.34749,1.3477,1.19,1.00
2018.03.28 09:31:58.962,1.34753,1.3477,1.00,1.00
2018.03.28 09:31:59.296,1.34751,1.3477,1.56,1.00
2018.03.28 09:32:00.354,1.3475,1.3477,1.56,1.00
2018.03.28 09:32:00.602,1.3475,1.34772,1.56,1.87
2018.03.28 09:32:01.059,1.34752,1.34772,2.25,1.87
2018.03.28 09:32:02.264,1.34752,1.34772,1.31,1.87
2018.03.28 09:32:03.169,1.3475,1.34771,2.06,1.00
2018.03.28 09:32:04.021,1.34753,1.34772,1.19,2.25
2018.03.28 09:32:05.247,1.34752,1.34772,1.19,1.12
2018.03.28 09:32:05.653,1.34752,1.34772,1.25,1.12
2018.03.28 09:32:05.935,1.34752,1.34772,1.19,1.12
2018.03.28 09:32:06.472,1.34751,1.34771,1.19,1.00
2018.03.28 09:32:07.785,1.34751,1.34771,1.19,1.00
2018.03.28 09:32:08.306,1.34752,1.34772,1.25,1.69
2018.03.28 09:32:08.615,1.34754,1.34772,1.00,2.44
2018.03.28 09:32:09.012,1.34752,1.34772,1.25,2.44
2018.03.28 09:32:10.097,1.34751,1.34771,1.19,1.00
2018.03.28 09:32:11.005,1.34752,1.34772,1.25,2.25
2018.03.28 09:32:11.517,1.34753,1.34772,1.00,3.00
2018.03.28 09:32:12.033,1.34752,1.34772,1.25,1.50
2018.03.28 09:32:12.134,1.34752,1.34772,1.25,1.87
2018.03.28 09:32:12.918,1.34754,1.34768,1.00,1.37
2018.03.28 09:32:13.020,1.34752,1.34767,1.25,1.12
2018.03.28 09:32:14.015,1.34752,1.34768,1.19,1.37
2018.03.28 09:32:14.415,1.34752,1.34767,1.19,1.12
2018.03.28 09:32:15.831,1.34756,1.34768,1.00,1.37
2018.03.28 09:32:16.090,1.34754,1.34767,1.25,1.12
2018.03.28 09:32:16.613,1.34755,1.34767,1.25,1.12
2018.03.28 09:32:16.664,1.34755,1.34772,1.25,1.00
2018.03.28 09:32:17.213,1.34755,1.34771,1.25,1.00
2018.03.28 09:32:17.265,1.34756,1.34771,1.19,1.00
2018.03.28 09:32:18.368,1.34753,1.34772,1.19,1.00
2018.03.28 09:32:18.548,1.34756,1.34774,1.00,1.87
2018.03.28 09:32:19.072,1.34754,1.34774,1.19,1.12
2018.03.28 09:32:19.374,1.34754,1.34772,1.19,1.00
2018.03.28 09:32:19.884,1.34754,1.34771,1.19,1.00
2018.03.28 09:32:20.434,1.34755,1.34772,1.19,1.00
2018.03.28 09:32:21.158,1.34755,1.34773,1.19,1.00
2018.03.28 09:32:21.757,1.34755,1.34774,1.19,1.87
2018.03.28 09:32:23.124,1.34755,1.34774,1.31,1.12
2018.03.28 09:32:24.106,1.34767,1.34781,1.25,1.00
2018.03.28 09:32:24.211,1.34767,1.34785,1.00,1.87
2018.03.28 09:32:25.269,1.34765,1.34785,1.19,1.12
2018.03.28 09:32:25.782,1.34765,1.34785,1.19,1.12
2018.03.28 09:32:26.351,1.34765,1.34783,1.00,1.50
2018.03.28 09:32:26.555,1.34768,1.34785,1.00,1.00
2018.03.28 09:32:27.063,1.34765,1.34784,1.19,1.00
2018.03.28 09:32:27.166,1.34764,1.34784,1.69,1.25
2018.03.28 09:32:27.737,1.34763,1.34784,1.69,1.19
2018.03.28 09:32:27.898,1.34766,1.34784,1.00,1.69
2018.03.28 09:32:27.950,1.34764,1.34784,1.25,1.50
2018.03.28 09:32:28.306,1.34766,1.34784,1.00,1.00
2018.03.28 09:32:28.777,1.34764,1.34784,1.00,1.69
2018.03.28 09:32:29.316,1.34765,1.34784,1.00,1.69
2018.03.28 09:32:29.522,1.34767,1.34784,1.00,1.00
2018.03.28 09:32:30.494,1.34766,1.34785,1.19,1.00
2018.03.28 09:32:30.545,1.34765,1.34787,1.69,2.81
2018.03.28 09:32:31.060,1.34767,1.34788,1.19,1.50
2018.03.28 09:32:31.890,1.34769,1.34787,1.00,1.12
2018.03.28 09:32:32.048,1.34767,1.34787,1.00,1.12
2018.03.28 09:32:32.830,1.34768,1.34787,1.00,1.12
2018.03.28 09:32:33.498,1.34767,1.34788,1.50,2.44
2018.03.28 09:32:33.652,1.34767,1.34784,1.00,1.00
2018.03.28 09:32:34.034,1.34769,1.34784,1.00,1.00
2018.03.28 09:32:34.290,1.34766,1.34784,1.69,1.00
2018.03.28 09:32:34.342,1.34769,1.34784,1.00,1.00
2018.03.28 09:32:34.804,1.34766,1.34785,1.50,1.00
2018.03.28 09:32:34.950,1.34769,1.34785,1.00,1.00
2018.03.28 09:32:35.130,1.34766,1.34785,1.50,1.00
2018.03.28 09:32:35.182,1.34768,1.34785,1.00,1.00
2018.03.28 09:32:35.692,1.34769,1.34784,1.00,1.00
2018.03.28 09:32:35.795,1.34767,1.34784,1.00,1.00
2018.03.28 09:32:35.847,1.34769,1.34784,1.00,1.00
2018.03.28 09:32:36.369,1.34768,1.34784,1.00,1.00
2018.03.28 09:32:36.898,1.34767,1.34784,1.00,1.00
2018.03.28 09:32:37.421,1.34769,1.34787,1.00,1.31
2018.03.28 09:32:37.473,1.34767,1.34786,1.00,1.00
2018.03.28 09:32:37.580,1.34772,1.34787,1.00,1.00
2018.03.28 09:32:37.632,1.34776,1.34793,1.00,1.00
2018.03.28 09:32:37.684,1.34776,1.34795,1.00,1.25
2018.03.28 09:32:38.264,1.34775,1.34794,1.25,1.00
2018.03.28 09:32:38.640,1.34772,1.34791,1.69,1.00
2018.03.28 09:32:38.692,1.34772,1.34791,1.69,1.00
2018.03.28 09:32:39.217,1.34773,1.34792,1.00,1.00
2018.03.28 09:32:39.773,1.34772,1.34791,1.50,1.00
2018.03.28 09:32:40.304,1.34773,1.34791,1.00,1.00
2018.03.28 09:32:40.838,1.34772,1.34791,1.69,1.00
2018.03.28 09:32:41.392,1.34772,1.3479,1.25,1.00
2018.03.28 09:32:41.443,1.34772,1.34792,1.25,1.25
2018.03.28 09:32:41.498,1.34772,1.3479,1.25,1.00
2018.03.28 09:32:41.653,1.34773,1.34794,1.00,1.19
2018.03.28 09:32:41.704,1.34775,1.34793,1.00,1.19
2018.03.28 09:32:42.481,1.34775,1.34793,1.00,1.50
2018.03.28 09:32:43.021,1.34776,1.34793,1.00,1.25
2018.03.28 09:32:43.224,1.34774,1.34793,1.00,1.25
2018.03.28 09:32:43.992,1.34775,1.34795,1.00,1.31
2018.03.28 09:32:44.160,1.34777,1.34795,1.00,2.06
2018.03.28 09:32:44.733,1.34776,1.34795,1.00,1.31
2018.03.28 09:32:44.785,1.34774,1.34795,1.00,1.31
2018.03.28 09:32:45.483,1.34773,1.34795,1.25,1.31
2018.03.28 09:32:46.236,1.34774,1.34795,1.00,1.31
2018.03.28 09:32:46.892,1.34775,1.34795,1.00,1.31
2018.03.28 09:32:47.398,1.34774,1.34793,1.00,1.25
2018.03.28 09:32:47.449,1.34776,1.34794,1.00,1.19
2018.03.28 09:32:47.551,1.34774,1.34793,1.00,1.25
2018.03.28 09:32:47.783,1.34776,1.34794,1.00,1.19
2018.03.28 09:32:47.984,1.34773,1.34794,1.25,1.19
2018.03.28 09:32:48.036,1.34775,1.34794,1.00,1.19
2018.03.28 09:32:48.393,1.34777,1.34795,1.00,2.06
2018.03.28 09:32:48.589,1.34774,1.34793,1.00,1.25
2018.03.28 09:32:48.785,1.34777,1.34795,1.00,2.06
2018.03.28 09:32:48.837,1.34775,1.34795,1.00,1.31
2018.03.28 09:32:48.991,1.34777,1.34795,1.00,2.06
2018.03.28 09:32:49.365,1.34774,1.34795,1.00,1.31
2018.03.28 09:32:49.417,1.34777,1.34795,1.00,1.31
2018.03.28 09:32:49.469,1.34778,1.34795,1.00,1.31
2018.03.28 09:32:49.754,1.34776,1.34794,1.00,1.00
2018.03.28 09:32:49.807,1.34773,1.34792,1.00,1.19
2018.03.28 09:32:50.514,1.34773,1.34794,1.25,1.31
2018.03.28 09:32:51.023,1.34774,1.34793,1.00,1.25
2018.03.28 09:32:51.484,1.34771,1.34791,1.19,1.00
2018.03.28 09:32:51.794,1.34774,1.34792,1.00,1.19
2018.03.28 09:32:51.947,1.34771,1.34791,1.50,1.25
2018.03.28 09:32:51.998,1.34774,1.34792,1.00,1.19
2018.03.28 09:32:52.049,1.34772,1.34793,1.00,1.19
2018.03.28 09:32:52.453,1.34774,1.34793,1.00,1.19
2018.03.28 09:32:52.674,1.34771,1.34792,1.69,1.25
2018.03.28 09:32:52.725,1.34772,1.3479,1.00,1.25
2018.03.28 09:32:52.930,1.34773,1.34793,1.00,1.25
2018.03.28 09:32:52.982,1.34774,1.34795,1.00,1.31
2018.03.28 09:32:53.125,1.34774,1.34794,1.00,1.19
2018.03.28 09:32:53.712,1.34775,1.34794,1.00,1.31
2018.03.28 09:32:54.228,1.34775,1.34794,1.00,1.31
2018.03.28 09:32:54.974,1.34773,1.34794,1.00,1.31
2018.03.28 09:32:55.077,1.34771,1.34794,1.50,1.31
2018.03.28 09:32:55.128,1.34775,1.34794,1.00,1.31
2018.03.28 09:32:55.717,1.34774,1.34794,1.00,1.31
2018.03.28 09:32:55.768,1.34772,1.34794,1.00,1.31
2018.03.28 09:32:56.287,1.34773,1.34794,1.25,1.31
2018.03.28 09:32:56.697,1.34773,1.34794,1.19,1.12
2018.03.28 09:32:57.805,1.34775,1.34794,1.19,1.00
2018.03.28 09:32:58.328,1.34775,1.34794,1.00,1.19
2018.03.28 09:32:58.726,1.34773,1.34794,1.25,1.19
2018.03.28 09:32:58.777,1.34775,1.34794,1.00,1.19
2018.03.28 09:32:59.323,1.34776,1.34794,1.00,1.25
2018.03.28 09:32:59.753,1.34774,1.34794,1.25,1.25
2018.03.28 09:32:59.860,1.34776,1.34794,1.00,1.25
2018.03.28 09:33:00.090,1.34773,1.34795,1.19,2.81
2018.03.28 09:33:00.305,1.34776,1.34794,1.00,1.25
2018.03.28 09:33:00.756,1.34776,1.34794,1.00,1.19
2018.03.28 09:33:01.586,1.34774,1.34795,1.00,2.06
2018.03.28 09:33:01.637,1.34774,1.34793,1.00,1.19
2018.03.28 09:33:01.955,1.3477,1.34792,1.00,1.56
2018.03.28 09:33:02.006,1.34768,1.34788,1.00,1.19
2018.03.28 09:33:02.536,1.34768,1.34788,1.00,1.25
2018.03.28 09:33:02.898,1.34768,1.34786,1.00,1.00
2018.03.28 09:33:03.427,1.34767,1.34787,1.00,1.12
2018.03.28 09:33:04.004,1.34768,1.34786,1.00,1.00
2018.03.28 09:33:04.210,1.34769,1.34788,1.00,1.25
2018.03.28 09:33:04.557,1.34769,1.34788,1.19,1.00
2018.03.28 09:33:04.661,1.34767,1.34787,1.69,1.00
2018.03.28 09:33:04.867,1.34769,1.34786,1.00,1.25
2018.03.28 09:33:05.383,1.34768,1.34787,1.00,1.31
2018.03.28 09:33:05.916,1.34767,1.34784,1.00,1.19
2018.03.28 09:33:06.225,1.34765,1.34783,1.00,1.25
2018.03.28 09:33:06.645,1.34764,1.34782,1.00,1.69
2018.03.28 09:33:06.800,1.34757,1.34778,1.50,1.69
2018.03.28 09:33:06.852,1.34755,1.34777,1.50,1.87
2018.03.28 09:33:07.164,1.34759,1.34774,1.00,1.31
2018.03.28 09:33:07.317,1.34761,1.34776,1.00,1.00
2018.03.28 09:33:07.831,1.34761,1.34778,1.00,1.31
2018.03.28 09:33:08.015,1.34759,1.34779,1.00,1.69
2018.03.28 09:33:08.168,1.34757,1.34777,1.00,1.56
2018.03.28 09:33:08.270,1.34755,1.34773,1.00,1.00
2018.03.28 09:33:08.423,1.34758,1.34774,1.00,1.31
2018.03.28 09:33:08.935,1.34758,1.34773,1.00,1.00
2018.03.28 09:33:09.262,1.34756,1.34773,1.00,1.00
2018.03.28 09:33:09.847,1.34756,1.34774,1.00,2.06
2018.03.28 09:33:10.395,1.34754,1.34774,1.00,1.19
2018.03.28 09:33:10.905,1.34754,1.34773,1.00,1.19
2018.03.28 09:33:10.957,1.34754,1.34774,1.00,1.69
2018.03.28 09:33:11.500,1.34753,1.34774,1.00,1.31
2018.03.28 09:33:11.603,1.34755,1.34773,1.00,1.25
2018.03.28 09:33:12.544,1.34753,1.34773,1.25,1.00
2018.03.28 09:33:12.866,1.34755,1.34773,1.00,1.00
2018.03.28 09:33:14.550,1.34748,1.34766,1.00,1.25
2018.03.28 09:33:14.858,1.3475,1.34768,1.00,2.44
2018.03.28 09:33:14.910,1.34748,1.34767,1.00,1.31
2018.03.28 09:33:15.444,1.3475,1.34769,1.00,1.19
2018.03.28 09:33:15.956,1.34749,1.34768,1.00,1.19
2018.03.28 09:33:16.212,1.34747,1.34768,1.25,1.19
2018.03.28 09:33:16.263,1.3475,1.34769,1.00,1.00
2018.03.28 09:33:16.570,1.34747,1.34767,1.19,1.50
2018.03.28 09:33:16.722,1.34746,1.34768,1.25,1.31
2018.03.28 09:33:16.773,1.34749,1.34769,1.00,2.81
2018.03.28 09:33:17.443,1.34747,1.34767,1.00,1.19
2018.03.28 09:33:17.711,1.34749,1.34768,1.00,1.31
2018.03.28 09:33:17.814,1.3475,1.34768,1.00,1.12
2018.03.28 09:33:17.865,1.34748,1.34769,1.00,2.06
2018.03.28 09:33:18.049,1.3475,1.34768,1.00,1.12
2018.03.28 09:33:18.517,1.34752,1.3477,1.00,2.25
2018.03.28 09:33:19.135,1.34755,1.34769,1.00,1.00
2018.03.28 09:33:19.239,1.34754,1.34771,1.00,1.12
2018.03.28 09:33:20.146,1.34752,1.3477,1.00,1.37
2018.03.28 09:33:20.251,1.34741,1.34761,1.00,1.19
2018.03.28 09:33:20.303,1.3474,1.34758,1.00,1.00
2018.03.28 09:33:20.510,1.34736,1.34755,1.00,1.87
2018.03.28 09:33:20.662,1.34734,1.34755,1.25,2.06
2018.03.28 09:33:21.196,1.34734,1.34754,1.25,1.00
2018.03.28 09:33:21.251,1.34736,1.34755,1.00,2.06
2018.03.28 09:33:21.774,1.34737,1.34754,1.00,1.00
2018.03.28 09:33:22.313,1.34737,1.34755,1.00,1.00
2018.03.28 09:33:22.621,1.34741,1.34761,1.00,3.19
2018.03.28 09:33:25.129,1.3474,1.34757,1.00,1.00
2018.03.28 09:33:25.388,1.34738,1.34757,1.00,2.06
2018.03.28 09:33:25.441,1.34734,1.34753,1.69,1.00
2018.03.28 09:33:25.546,1.34735,1.34753,1.25,3.00
2018.03.28 09:33:25.650,1.34735,1.34753,1.25,1.50
2018.03.28 09:33:25.986,1.34731,1.34749,1.19,1.00
2018.03.28 09:33:26.463,1.34735,1.34749,1.00,1.00
2018.03.28 09:33:26.941,1.34733,1.3475,1.00,1.69
2018.03.28 09:33:26.995,1.34731,1.3475,1.50,2.44
2018.03.28 09:33:27.251,1.34733,1.34749,1.00,1.25
2018.03.28 09:33:27.785,1.34732,1.3475,1.00,1.69
2018.03.28 09:33:28.436,1.34731,1.3475,1.00,1.69
2018.03.28 09:33:28.755,1.34733,1.3475,1.00,1.69
2018.03.28 09:33:29.463,1.34733,1.34749,1.00,1.19
2018.03.28 09:33:30.178,1.34733,1.34749,1.00,1.25
2018.03.28 09:33:32.171,1.34731,1.34749,1.00,1.25
2018.03.28 09:33:33.123,1.34731,1.34749,1.00,1.69
2018.03.28 09:33:33.277,1.34729,1.34748,1.00,1.19
2018.03.28 09:33:33.329,1.34728,1.34746,1.00,1.50
2018.03.28 09:33:33.638,1.34727,1.34745,1.00,2.44
2018.03.28 09:33:33.690,1.34725,1.34745,1.00,1.69
2018.03.28 09:33:34.191,1.34726,1.34744,1.00,1.19
2018.03.28 09:33:34.711,1.34725,1.34745,1.00,2.06
2018.03.28 09:33:34.851,1.34723,1.34744,1.25,1.19
2018.03.28 09:33:35.037,1.34726,1.34744,1.00,1.19
2018.03.28 09:33:35.611,1.34727,1.34746,1.00,2.44
2018.03.28 09:33:36.206,1.34726,1.34745,1.00,1.31
2018.03.28 09:33:36.598,1.34728,1.34745,1.00,1.31
2018.03.28 09:33:36.649,1.34728,1.34745,1.00,1.31
2018.03.28 09:33:37.244,1.34727,1.34745,1.00,1.12
2018.03.28 09:33:39.271,1.34726,1.34745,1.25,1.87
2018.03.28 09:33:39.656,1.34728,1.34745,1.00,1.12
2018.03.28 09:33:41.457,1.34729,1.34745,1.00,1.12
2018.03.28 09:33:41.767,1.34732,1.34749,1.00,1.50
2018.03.28 09:33:45.333,1.34733,1.34751,1.00,1.25
2018.03.28 09:33:45.385,1.3473,1.34751,1.25,1.69
2018.03.28 09:33:46.158,1.34733,1.3475,1.00,1.25
2018.03.28 09:33:46.804,1.34733,1.3475,1.00,1.19
2018.03.28 09:33:47.355,1.34731,1.34748,1.25,1.87
2018.03.28 09:33:47.458,1.34729,1.34746,1.00,1.00
2018.03.28 09:33:47.977,1.3473,1.34746,1.00,1.00
2018.03.28 09:33:48.525,1.3473,1.34745,1.00,1.00
2018.03.28 09:33:49.072,1.3473,1.34746,1.00,1.00
2018.03.28 09:33:49.674,1.34728,1.34745,1.25,1.00
2018.03.28 09:33:49.905,1.34727,1.34748,1.25,1.19
2018.03.28 09:33:50.225,1.34729,1.34748,1.00,1.19
2018.03.28 09:33:50.536,1.34741,1.34753,1.00,1.37
2018.03.28 09:33:50.642,1.34746,1.3476,1.00,1.12
2018.03.28 09:33:50.693,1.34744,1.3476,1.00,1.12
2018.03.28 09:33:50.744,1.34746,1.3476,1.00,1.12
2018.03.28 09:33:51.029,1.34744,1.3476,1.00,1.12
2018.03.28 09:33:51.080,1.34746,1.34761,1.00,1.87
2018.03.28 09:33:51.131,1.34744,1.3476,1.00,1.12
2018.03.28 09:33:52.021,1.34745,1.3476,1.00,1.31
2018.03.28 09:33:52.559,1.34744,1.3476,1.00,1.31
2018.03.28 09:33:53.079,1.34745,1.3476,1.00,1.87
2018.03.28 09:33:53.575,1.34743,1.3476,1.00,1.12
2018.03.28 09:33:54.123,1.34744,1.3476,1.00,1.12
2018.03.28 09:33:54.645,1.34743,1.34761,1.00,2.06
2018.03.28 09:33:55.204,1.34744,1.34761,1.00,1.62
2018.03.28 09:33:55.669,1.34742,1.3476,1.00,1.12
2018.03.28 09:33:55.721,1.3474,1.3476,1.09,1.12
2018.03.28 09:33:56.304,1.34742,1.3476,1.00,1.12
2018.03.28 09:33:56.832,1.34741,1.3476,1.00,1.12
2018.03.28 09:33:57.368,1.34742,1.3476,1.00,1.12
2018.03.28 09:33:57.964,1.3474,1.34761,1.12,1.62
2018.03.28 09:33:58.105,1.34742,1.34761,1.00,2.06
2018.03.28 09:33:58.360,1.3474,1.3476,1.12,1.12
2018.03.28 09:33:58.413,1.34742,1.3476,1.00,1.12
2018.03.28 09:33:58.608,1.3474,1.34763,1.31,2.81
2018.03.28 09:33:58.711,1.34743,1.34762,1.00,1.00
2018.03.28 09:33:59.054,1.34752,1.34766,1.00,1.75
2018.03.28 09:33:59.157,1.34757,1.34771,1.00,1.00
2018.03.28 09:33:59.466,1.34759,1.34775,1.00,1.00
2018.03.28 09:33:59.518,1.34759,1.34779,1.00,1.19
2018.03.28 09:34:00.255,1.3476,1.34779,1.00,2.44
2018.03.28 09:34:00.791,1.34759,1.34779,1.00,2.44
2018.03.28 09:34:00.842,1.34761,1.34779,1.00,2.44
2018.03.28 09:34:00.946,1.34759,1.34779,1.00,1.69
2018.03.28 09:34:00.998,1.34761,1.34779,1.00,2.44
2018.03.28 09:34:01.599,1.3476,1.34779,1.00,2.44
2018.03.28 09:34:03.224,1.34759,1.34779,1.00,2.44
2018.03.28 09:34:03.881,1.3476,1.34779,1.00,2.44
2018.03.28 09:34:04.110,1.34757,1.34779,1.25,2.06
2018.03.28 09:34:04.361,1.34752,1.34773,1.31,1.69
2018.03.28 09:34:04.465,1.34753,1.34771,1.00,1.00
2018.03.28 09:34:04.993,1.34754,1.34772,1.00,1.00
2018.03.28 09:34:05.902,1.34753,1.34773,1.25,1.31
2018.03.28 09:34:06.426,1.34754,1.34773,1.00,2.06
2018.03.28 09:34:06.984,1.34753,1.34773,1.25,1.31
2018.03.28 09:34:07.488,1.34751,1.34772,1.69,1.00
2018.03.28 09:34:07.804,1.34754,1.34773,1.00,1.87
2018.03.28 09:34:08.321,1.34753,1.34773,1.25,1.31
2018.03.28 09:34:08.965,1.34753,1.34772,1.25,1.00
2018.03.28 09:34:10.542,1.34753,1.34772,1.00,1.19
2018.03.28 09:34:11.653,1.34754,1.34773,1.00,2.06
2018.03.28 09:34:12.674,1.34752,1.34772,1.00,1.19
2018.03.28 09:34:12.725,1.34753,1.34772,1.00,1.50
2018.03.28 09:34:12.777,1.34751,1.34769,1.19,1.12
2018.03.28 09:34:12.932,1.34747,1.34765,1.00,1.00
2018.03.28 09:34:13.111,1.34749,1.34767,1.00,2.81
2018.03.28 09:34:13.269,1.34748,1.34769,1.19,2.44
2018.03.28 09:34:13.819,1.3475,1.34769,1.00,1.25
2018.03.28 09:34:15.298,1.34751,1.34769,1.00,1.25
2018.03.28 09:34:16.963,1.34748,1.3477,1.19,2.44
2018.03.28 09:34:17.014,1.34749,1.34767,1.25,1.00
2018.03.28 09:34:17.347,1.34751,1.34769,1.00,1.19
2018.03.28 09:34:17.691,1.34752,1.3477,1.00,1.31
2018.03.28 09:34:18.441,1.34754,1.34771,1.00,1.69
2018.03.28 09:34:18.493,1.34752,1.34771,1.00,1.50
2018.03.28 09:34:19.051,1.34753,1.34771,1.00,1.50
2018.03.28 09:34:19.862,1.34753,1.34772,1.00,1.69
2018.03.28 09:34:20.462,1.34752,1.34772,1.25,1.25
2018.03.28 09:34:20.617,1.34755,1.34772,1.00,1.25
2018.03.28 09:34:20.723,1.34756,1.34774,1.25,1.00
2018.03.28 09:34:20.776,1.34758,1.34775,1.00,1.00
2018.03.28 09:34:21.056,1.3476,1.34778,1.00,1.50
2018.03.28 09:34:21.568,1.3476,1.34778,1.00,1.69
2018.03.28 09:34:22.827,1.34758,1.34778,1.00,1.69
2018.03.28 09:34:22.879,1.34757,1.34778,1.25,1.50
2018.03.28 09:34:22.931,1.3476,1.34778,1.00,2.44
2018.03.28 09:34:22.983,1.34758,1.34778,1.50,1.25
2018.03.28 09:34:23.035,1.3476,1.34778,1.00,1.69
2018.03.28 09:34:23.348,1.3476,1.34775,1.00,1.00
2018.03.28 09:34:23.917,1.34758,1.34775,1.25,1.00
2018.03.28 09:34:23.969,1.3476,1.34775,1.00,1.00
2018.03.28 09:34:24.022,1.3476,1.34778,1.00,1.69
2018.03.28 09:34:24.534,1.34759,1.34778,1.25,1.50
2018.03.28 09:34:25.586,1.34755,1.34778,1.69,1.69
2018.03.28 09:34:26.241,1.34758,1.34778,1.00,2.44
2018.03.28 09:34:26.908,1.34756,1.34778,1.19,1.69
2018.03.28 09:34:27.448,1.34758,1.34778,1.00,1.69
2018.03.28 09:34:27.989,1.34757,1.34778,1.25,1.69
2018.03.28 09:34:28.496,1.34757,1.34776,1.00,1.00
2018.03.28 09:34:29.168,1.34758,1.34776,1.00,1.00
2018.03.28 09:34:29.322,1.34757,1.34778,1.00,2.44
2018.03.28 09:34:29.610,1.34759,1.34777,1.00,1.00
2018.03.28 09:34:29.890,1.34757,1.34777,1.00,1.00
2018.03.28 09:34:30.483,1.34758,1.34778,1.00,1.69
2018.03.28 09:34:31.001,1.34755,1.34777,1.31,1.00
2018.03.28 09:34:31.534,1.34757,1.34776,1.00,1.00
2018.03.28 09:34:32.045,1.34755,1.34776,1.31,1.00
2018.03.28 09:34:32.231,1.34755,1.34772,1.25,1.00
2018.03.28 09:34:33.425,1.34754,1.34773,1.50,1.87
2018.03.28 09:34:33.843,1.34754,1.34769,1.00,1.00
2018.03.28 09:34:34.032,1.34752,1.34769,1.25,1.00
2018.03.28 09:34:34.274,1.34754,1.3477,1.00,1.50
2018.03.28 09:34:34.326,1.34752,1.3477,1.25,1.50
2018.03.28 09:34:34.844,1.34753,1.3477,1.00,1.50
2018.03.28 09:34:35.505,1.34753,1.34769,1.00,1.00
2018.03.28 09:34:36.834,1.34754,1.34769,1.00,1.00
2018.03.28 09:34:37.377,1.34753,1.3477,1.19,1.50
2018.03.28 09:34:37.888,1.34754,1.34769,1.25,1.00
2018.03.28 09:34:38.403,1.34754,1.3477,1.25,1.50
2018.03.28 09:34:38.941,1.34753,1.34769,1.19,1.00
2018.03.28 09:34:39.466,1.34753,1.3477,1.19,1.50
2018.03.28 09:34:39.984,1.34754,1.34769,1.25,1.00
2018.03.28 09:34:40.551,1.34755,1.34769,1.00,1.00
2018.03.28 09:34:41.063,1.34754,1.34769,1.25,1.00
2018.03.28 09:34:41.308,1.34756,1.34773,1.00,1.69
2018.03.28 09:34:41.440,1.34755,1.34774,1.00,3.00
2018.03.28 09:34:41.492,1.34758,1.34775,1.00,2.25
2018.03.28 09:34:41.543,1.3476,1.34775,1.00,1.00
2018.03.28 09:34:42.184,1.3476,1.34779,1.00,2.25
2018.03.28 09:34:42.389,1.34758,1.34774,1.25,1.00
2018.03.28 09:34:42.715,1.34761,1.34778,1.00,1.37
2018.03.28 09:34:42.988,1.34762,1.34779,1.00,1.00
2018.03.28 09:34:43.528,1.34763,1.3478,1.00,2.44
2018.03.28 09:34:43.685,1.34761,1.3478,1.00,2.44
2018.03.28 09:34:43.819,1.34763,1.3478,1.00,2.44
2018.03.28 09:34:43.872,1.34761,1.3478,1.00,2.44
2018.03.28 09:34:43.923,1.34763,1.3478,1.00,1.69
2018.03.28 09:34:43.975,1.34761,1.3478,1.00,1.69
2018.03.28 09:34:44.231,1.34763,1.3478,1.00,1.00
2018.03.28 09:34:44.766,1.34764,1.3478,1.00,1.00
2018.03.28 09:34:44.869,1.34762,1.3478,1.00,1.00
2018.03.28 09:34:45.390,1.34763,1.3478,1.00,1.12
2018.03.28 09:34:45.971,1.34762,1.3478,1.00,1.12
2018.03.28 09:34:46.288,1.34764,1.3478,1.00,1.12
2018.03.28 09:34:46.875,1.34763,1.3478,1.25,1.00
2018.03.28 09:34:47.189,1.34761,1.34778,1.00,1.00
2018.03.28 09:34:47.246,1.34758,1.34777,1.00,1.19
2018.03.28 09:34:47.331,1.34759,1.34777,1.00,1.69
2018.03.28 09:34:47.384,1.34756,1.34774,1.00,1.25
2018.03.28 09:34:47.540,1.34755,1.34771,1.00,1.00
2018.03.28 09:34:48.005,1.34753,1.34768,1.00,1.00
2018.03.28 09:34:48.107,1.34751,1.34769,1.69,1.00
2018.03.28 09:34:48.158,1.34753,1.34769,1.00,1.00
2018.03.28 09:34:48.424,1.34751,1.34768,1.69,1.00
2018.03.28 09:34:48.478,1.34753,1.34768,1.00,1.00
2018.03.28 09:34:48.915,1.34749,1.34769,1.19,1.00
2018.03.28 09:34:49.502,1.3475,1.34768,1.25,1.00
2018.03.28 09:34:50.139,1.3475,1.34769,1.00,1.50
2018.03.28 09:34:50.643,1.3475,1.34769,1.00,1.69
2018.03.28 09:34:51.402,1.34749,1.34768,1.00,1.31
2018.03.28 09:34:51.716,1.34748,1.34765,1.25,1.00
2018.03.28 09:34:52.331,1.34749,1.34765,1.00,1.00
2018.03.28 09:34:52.687,1.34752,1.34768,1.00,1.87
2018.03.28 09:34:53.068,1.3475,1.34768,1.00,1.12
2018.03.28 09:34:53.120,1.34753,1.34768,1.00,1.12
2018.03.28 09:34:53.568,1.34751,1.34769,1.00,1.50
2018.03.28 09:34:54.102,1.3475,1.34769,1.00,1.50
2018.03.28 09:34:54.493,1.34752,1.34769,1.00,1.50
2018.03.28 09:34:55.044,1.34751,1.34769,1.00,1.50
2018.03.28 09:34:55.722,1.34752,1.34769,1.00,1.50
2018.03.28 09:34:56.195,1.3475,1.34769,1.00,1.50
2018.03.28 09:34:56.246,1.34752,1.34768,1.00,1.50
2018.03.28 09:34:56.531,1.3475,1.34768,1.00,1.00
2018.03.28 09:34:57.089,1.34749,1.34768,1.25,1.50
2018.03.28 09:34:57.192,1.34751,1.34768,1.00,1.00
2018.03.28 09:34:57.749,1.3475,1.34768,1.00,1.00
2018.03.28 09:34:58.467,1.34751,1.34768,1.00,1.25
2018.03.28 09:34:59.355,1.34753,1.34771,1.19,1.12
2018.03.28 09:34:59.988,1.34753,1.34771,1.25,1.12
2018.03.28 09:35:00.309,1.34751,1.34769,3.00,1.00
2018.03.28 09:35:00.825,1.3475,1.34769,1.25,2.62
2018.03.28 09:35:01.327,1.3475,1.34768,1.25,1.00
2018.03.28 09:35:01.379,1.34748,1.34768,1.50,1.87
2018.03.28 09:35:01.553,1.34746,1.34766,1.25,2.81
2018.03.28 09:35:02.065,1.34746,1.34764,1.00,1.87
2018.03.28 09:35:02.906,1.34747,1.34763,1.00,1.12
2018.03.28 09:35:03.579,1.34746,1.34763,1.00,1.12
2018.03.28 09:35:06.916,1.34744,1.34763,1.00,1.12
2018.03.28 09:35:09.295,1.34748,1.34766,1.00,2.44
2018.03.28 09:35:09.347,1.34747,1.34767,1.00,1.69
2018.03.28 09:35:09.400,1.34748,1.34768,1.00,2.44
2018.03.28 09:35:09.452,1.34751,1.34767,1.00,1.00
2018.03.28 09:35:09.780,1.34749,1.34767,1.00,1.31
2018.03.28 09:35:10.044,1.34747,1.34767,1.50,1.31
2018.03.28 09:35:10.559,1.34747,1.34764,1.00,1.31
2018.03.28 09:35:11.109,1.34748,1.34765,1.50,1.69
2018.03.28 09:35:11.632,1.34745,1.34764,1.00,1.69
2018.03.28 09:35:11.738,1.34742,1.34761,1.00,1.31
2018.03.28 09:35:12.354,1.34741,1.34761,1.50,1.31
2018.03.28 09:35:13.325,1.3474,1.34759,1.50,1.25
2018.03.28 09:35:13.864,1.3474,1.34758,1.00,1.00
2018.03.28 09:35:14.384,1.3474,1.34759,1.00,2.44
2018.03.28 09:35:14.489,1.34739,1.34758,1.00,1.69
2018.03.28 09:35:14.802,1.3474,1.34758,1.00,2.06
2018.03.28 09:35:14.854,1.34737,1.34754,1.00,1.62
2018.03.28 09:35:15.872,1.34736,1.34754,1.00,1.62
2018.03.28 09:35:15.974,1.34737,1.34755,1.00,1.50
2018.03.28 09:35:16.519,1.34735,1.34754,1.69,1.00
2018.03.28 09:35:17.026,1.34736,1.34754,1.00,1.69
2018.03.28 09:35:17.936,1.34736,1.34755,1.00,2.44
2018.03.28 09:35:17.988,1.34733,1.34751,1.00,2.06
2018.03.28 09:35:18.628,1.34732,1.3475,1.00,1.31
2018.03.28 09:35:18.782,1.3473,1.34749,1.69,1.00
2018.03.28 09:35:19.410,1.3473,1.34748,1.50,1.00
2018.03.28 09:35:20.311,1.34732,1.3475,1.00,2.06
2018.03.28 09:35:20.813,1.34731,1.3475,1.00,1.31
2018.03.28 09:35:21.322,1.34732,1.3475,1.00,1.31
2018.03.28 09:35:21.861,1.34731,1.3475,1.00,1.31
2018.03.28 09:35:22.548,1.34732,1.3475,1.00,2.06
2018.03.28 09:35:23.053,1.34731,1.3475,1.50,2.06
2018.03.28 09:35:23.605,1.34731,1.3475,1.00,2.06
2018.03.28 09:35:24.161,1.3473,1.34749,1.50,1.25
2018.03.28 09:35:24.711,1.34731,1.3475,1.00,1.31
2018.03.28 09:35:25.049,1.34732,1.3475,1.00,1.31
2018.03.28 09:35:25.491,1.34732,1.3475,1.00,2.06
2018.03.28 09:35:25.542,1.3473,1.34749,1.00,1.25
2018.03.28 09:35:26.076,1.3473,1.34748,1.00,1.00
2018.03.28 09:35:26.617,1.34729,1.34748,1.00,1.00
2018.03.28 09:35:27.171,1.3473,1.34748,1.00,1.00
2018.03.28 09:35:27.681,1.3473,1.3475,1.00,2.44
2018.03.28 09:35:28.386,1.34729,1.34748,1.00,1.19
2018.03.28 09:35:28.918,1.3473,1.34748,1.00,1.19
2018.03.28 09:35:29.629,1.34729,1.34749,1.12,1.19
2018.03.28 09:35:29.952,1.34731,1.34749,1.00,1.19
2018.03.28 09:35:30.157,1.34729,1.34748,1.50,1.19
2018.03.28 09:35:30.753,1.34729,1.34749,1.50,1.25
2018.03.28 09:35:31.164,1.34729,1.34749,1.50,1.19
2018.03.28 09:35:31.609,1.34725,1.34744,1.00,1.00
2018.03.28 09:35:31.794,1.34721,1.34739,3.75,1.00
2018.03.28 09:35:32.104,1.34721,1.34736,1.50,1.00
2018.03.28 09:35:33.140,1.34721,1.34736,1.50,1.19
2018.03.28 09:35:35.949,1.3472,1.34735,1.50,1.25
2018.03.28 09:35:36.498,1.34721,1.34735,1.00,1.25
2018.03.28 09:35:37.129,1.34721,1.34732,1.00,1.00
2018.03.28 09:35:37.232,1.34716,1.34732,1.00,1.12
2018.03.28 09:35:37.918,1.34713,1.34734,1.69,2.62
2018.03.28 09:35:38.419,1.34713,1.34734,1.69,2.81
2018.03.28 09:35:40.135,1.34713,1.34734,1.50,2.81
2018.03.28 09:35:43.965,1.34711,1.34729,1.00,1.12
2018.03.28 09:35:44.960,1.3471,1.34729,1.00,1.12
2018.03.28 09:35:45.504,1.3471,1.34728,1.50,1.00
2018.03.28 09:35:45.947,1.34712,1.34728,1.19,1.00
2018.03.28 09:35:45.998,1.34714,1.3473,1.00,1.00
2018.03.28 09:35:46.050,1.34712,1.34731,1.00,1.50
2018.03.28 09:35:46.102,1.34713,1.34733,1.19,1.00
2018.03.28 09:35:46.408,1.34716,1.34735,1.19,1.87
2018.03.28 09:35:46.612,1.34722,1.34741,1.25,1.00
2018.03.28 09:35:47.040,1.3472,1.34741,1.50,1.31
2018.03.28 09:35:47.345,1.3472,1.34742,1.69,3.19
2018.03.28 09:35:50.363,1.34723,1.34741,1.00,1.12
2018.03.28 09:35:51.046,1.3472,1.34742,1.19,1.50
2018.03.28 09:35:52.991,1.34722,1.34742,1.25,1.50
2018.03.28 09:35:57.180,1.34722,1.34741,1.25,1.00
2018.03.28 09:35:57.766,1.3472,1.34742,1.19,1.50
2018.03.28 09:36:00.478,1.3472,1.3474,1.19,1.00
2018.03.28 09:36:01.089,1.34722,1.34739,1.00,1.00
2018.03.28 09:36:01.741,1.3472,1.3474,1.19,1.00
2018.03.28 09:36:02.372,1.34722,1.3474,1.00,1.00
2018.03.28 09:36:02.707,1.34725,1.34742,1.50,1.31
2018.03.28 09:36:02.860,1.34722,1.34742,1.69,1.12
2018.03.28 09:36:02.962,1.34724,1.34742,1.00,1.12
2018.03.28 09:36:03.465,1.34723,1.34742,1.50,1.00
2018.03.28 09:36:06.345,1.34724,1.34742,1.00,1.00
2018.03.28 09:36:07.461,1.34725,1.34742,1.00,1.00
2018.03.28 09:36:11.329,1.34725,1.34743,1.25,1.00
2018.03.28 09:36:12.354,1.34725,1.34745,1.25,2.62
2018.03.28 09:36:14.624,1.34724,1.34742,1.00,1.31
2018.03.28 09:36:14.781,1.34719,1.34737,1.00,1.69
2018.03.28 09:36:15.319,1.34718,1.34737,1.00,1.25
2018.03.28 09:36:15.550,1.34724,1.34738,1.00,1.00
2018.03.28 09:36:15.652,1.34728,1.34744,1.00,1.37
2018.03.28 09:36:15.754,1.3473,1.34746,1.00,1.00
2018.03.28 09:36:15.805,1.3473,1.34748,1.25,1.00
2018.03.28 09:36:16.328,1.34729,1.3475,1.50,1.19
2018.03.28 09:36:16.379,1.34731,1.3475,1.00,1.00
2018.03.28 09:36:16.723,1.34734,1.34753,1.50,1.69
2018.03.28 09:36:17.064,1.34732,1.34753,1.50,1.69
2018.03.28 09:36:17.615,1.34733,1.34753,1.00,1.69
2018.03.28 09:36:18.131,1.34733,1.34751,1.00,1.00
2018.03.28 09:36:19.039,1.34737,1.34751,1.00,1.00
2018.03.28 09:36:19.142,1.34737,1.34753,1.00,1.25
2018.03.28 09:36:19.194,1.34732,1.34753,1.50,1.69
2018.03.28 09:36:19.296,1.34732,1.34753,1.50,1.25
2018.03.28 09:36:19.347,1.34734,1.34754,1.25,1.31
2018.03.28 09:36:19.882,1.34735,1.34755,1.00,1.25
2018.03.28 09:36:20.188,1.34735,1.34753,1.00,1.00
2018.03.28 09:36:21.648,1.34735,1.34754,1.00,1.00
2018.03.28 09:36:21.751,1.34736,1.34758,1.50,1.31
2018.03.28 09:36:21.854,1.34739,1.34758,1.00,1.25
2018.03.28 09:36:22.212,1.34739,1.34757,1.00,2.81
2018.03.28 09:36:22.315,1.34735,1.34757,1.69,2.81
2018.03.28 09:36:22.744,1.34735,1.34754,1.19,1.00
2018.03.28 09:36:23.462,1.34735,1.34754,1.25,1.00
2018.03.28 09:36:23.990,1.34735,1.34751,1.00,1.00
2018.03.28 09:36:24.043,1.34733,1.34751,1.00,1.00
2018.03.28 09:36:24.399,1.34729,1.3475,1.19,1.87
2018.03.28 09:36:24.451,1.34729,1.3475,1.00,2.06
2018.03.28 09:36:24.905,1.34729,1.34748,1.50,1.00
2018.03.28 09:36:25.442,1.3473,1.34748,1.00,1.00
2018.03.28 09:36:26.593,1.3473,1.34748,1.19,1.00
2018.03.28 09:36:27.169,1.3473,1.34748,1.25,1.00
2018.03.28 09:36:28.704,1.34731,1.34748,1.00,1.00
2018.03.28 09:36:29.553,1.3473,1.34748,1.69,1.00
2018.03.28 09:36:30.073,1.34731,1.34748,1.00,1.00
2018.03.28 09:36:30.995,1.3473,1.34748,1.25,1.00
2018.03.28 09:36:33.194,1.34731,1.34749,1.00,1.00
2018.03.28 09:36:33.545,1.34734,1.34752,1.00,1.00
2018.03.28 09:36:37.193,1.34734,1.34753,1.25,1.00
2018.03.28 09:36:42.296,1.34734,1.34752,1.25,1.00
2018.03.28 09:36:45.960,1.34736,1.34752,1.00,1.00
2018.03.28 09:36:46.011,1.34734,1.34752,1.69,1.00
2018.03.28 09:36:46.658,1.34736,1.34756,1.12,1.50
2018.03.28 09:36:46.812,1.34739,1.34757,1.25,1.00
2018.03.28 09:36:47.119,1.34741,1.34759,1.00,1.25
2018.03.28 09:36:48.050,1.34742,1.34759,1.00,1.25
2018.03.28 09:36:49.259,1.34741,1.34759,1.25,1.50
2018.03.28 09:36:50.746,1.34742,1.34759,1.00,1.00
2018.03.28 09:36:51.158,1.3474,1.34759,1.00,1.00
2018.03.28 09:36:51.670,1.34739,1.34759,1.69,1.00
2018.03.28 09:36:52.211,1.3474,1.34758,1.00,1.00
2018.03.28 09:36:53.468,1.3474,1.34759,1.00,1.50
2018.03.28 09:36:54.060,1.3474,1.34759,1.19,1.00
2018.03.28 09:36:54.565,1.3474,1.3476,1.19,1.12
2018.03.28 09:36:54.771,1.3474,1.34758,1.69,1.00
2018.03.28 09:36:55.024,1.3474,1.3476,1.69,1.12
2018.03.28 09:36:55.542,1.3474,1.34759,1.19,1.00
2018.03.28 09:36:56.553,1.3474,1.34759,1.00,1.50
2018.03.28 09:36:57.054,1.34741,1.34759,1.00,1.00
2018.03.28 09:36:57.593,1.34742,1.34759,1.00,1.00
2018.03.28 09:36:58.563,1.34739,1.34759,1.19,1.50
2018.03.28 09:36:59.170,1.34739,1.34758,1.19,1.00
2018.03.28 09:37:00.131,1.34739,1.34758,1.19,1.00
2018.03.28 09:37:00.566,1.34737,1.34756,1.00,1.69
2018.03.28 09:37:00.619,1.34735,1.34756,1.00,1.69
2018.03.28 09:37:00.672,1.34734,1.34752,1.25,1.00
2018.03.28 09:37:00.980,1.34736,1.34751,1.00,1.00
2018.03.28 09:37:01.593,1.34736,1.34752,1.00,1.00
2018.03.28 09:37:02.103,1.34736,1.34753,1.00,1.25
2018.03.28 09:37:02.875,1.34737,1.34756,1.00,1.50
2018.03.28 09:37:03.426,1.34738,1.34756,1.00,1.50
2018.03.28 09:37:06.160,1.34738,1.34754,1.00,1.00
2018.03.28 09:37:11.689,1.34738,1.34754,1.00,1.69
2018.03.28 09:37:11.741,1.34738,1.34754,1.00,1.69
2018.03.28 09:37:11.793,1.34738,1.34754,1.00,1.69
2018.03.28 09:37:12.929,1.34735,1.34754,1.50,1.25
2018.03.28 09:37:13.480,1.34736,1.34754,1.00,1.69
2018.03.28 09:37:13.927,1.34735,1.34749,1.00,1.00
2018.03.28 09:37:14.030,1.34732,1.34749,1.00,1.00
2018.03.28 09:37:14.133,1.34734,1.3475,1.00,1.25
2018.03.28 09:37:14.237,1.34732,1.34752,1.00,1.25
2018.03.28 09:37:14.468,1.34734,1.3475,1.00,1.19
2018.03.28 09:37:14.977,1.34733,1.34748,1.00,1.00
2018.03.28 09:37:15.585,1.34731,1.34748,1.00,1.00
2018.03.28 09:37:18.080,1.34732,1.34748,1.00,1.00
2018.03.28 09:37:18.132,1.34735,1.34749,1.50,1.25
2018.03.28 09:37:18.186,1.34728,1.34743,1.00,1.00
2018.03.28 09:37:18.370,1.34725,1.34739,1.00,1.19
2018.03.28 09:37:18.421,1.34719,1.3474,1.00,2.44
2018.03.28 09:37:18.941,1.34719,1.34736,1.00,1.00
2018.03.28 09:37:19.046,1.34716,1.34735,3.19,1.00
2018.03.28 09:37:19.148,1.34718,1.34736,1.00,1.69
2018.03.28 09:37:19.554,1.34715,1.34734,1.31,1.00
2018.03.28 09:37:20.316,1.34715,1.34734,2.44,1.00
2018.03.28 09:37:21.038,1.34717,1.34735,1.00,1.69
2018.03.28 09:37:21.347,1.34716,1.34737,3.56,1.00
2018.03.28 09:37:21.869,1.34716,1.34735,1.69,1.00
2018.03.28 09:37:22.519,1.34716,1.34735,1.19,1.00
2018.03.28 09:37:22.917,1.34717,1.34733,1.50,1.31
2018.03.28 09:37:23.123,1.3471,1.34733,1.19,1.31
2018.03.28 09:37:23.174,1.34713,1.34732,1.00,1.19
2018.03.28 09:37:23.228,1.34714,1.34733,1.00,1.31
2018.03.28 09:37:23.738,1.34715,1.34733,1.00,1.00
2018.03.28 09:37:24.290,1.34714,1.34733,1.69,1.00
2018.03.28 09:37:24.830,1.34714,1.34732,1.00,1.00
2018.03.28 09:37:25.191,1.34721,1.34734,1.50,1.50
2018.03.28 09:37:25.727,1.3472,1.34735,1.50,1.00
2018.03.28 09:37:26.538,1.34716,1.34735,1.25,1.00
2018.03.28 09:37:27.126,1.34716,1.34734,1.25,1.00
2018.03.28 09:37:27.281,1.34716,1.34737,1.00,2.06
2018.03.28 09:37:27.917,1.34718,1.34736,1.00,1.25
2018.03.28 09:37:28.457,1.34719,1.34736,1.00,1.00
2018.03.28 09:37:29.084,1.34716,1.34738,1.25,2.44
2018.03.28 09:37:29.237,1.34717,1.34734,1.00,1.25
2018.03.28 09:37:29.829,1.34716,1.34735,1.00,1.69
2018.03.28 09:37:30.355,1.34717,1.34735,2.25,2.44
2018.03.28 09:37:30.614,1.34718,1.34736,1.00,1.69
2018.03.28 09:37:30.859,1.3472,1.34739,1.00,2.44
2018.03.28 09:37:31.374,1.34721,1.3474,1.00,1.25
2018.03.28 09:37:31.964,1.34721,1.34739,1.00,1.00
2018.03.28 09:37:32.664,1.34721,1.3474,1.00,1.25
2018.03.28 09:37:33.200,1.34719,1.34739,1.19,1.00
2018.03.28 09:37:34.369,1.3472,1.34738,1.25,1.00
2018.03.28 09:37:34.767,1.34718,1.3474,1.50,1.31
2018.03.28 09:37:35.281,1.34719,1.34737,1.00,1.25
2018.03.28 09:37:35.792,1.3472,1.34737,1.00,1.25
2018.03.28 09:37:36.324,1.34721,1.34737,1.00,1.00
2018.03.28 09:37:36.375,1.34719,1.34737,1.25,1.00
2018.03.28 09:37:37.020,1.34719,1.34737,1.19,1.00
2018.03.28 09:37:37.192,1.34719,1.34739,1.19,1.00
2018.03.28 09:37:37.737,1.34721,1.3474,1.00,1.25
2018.03.28 09:37:37.789,1.34723,1.34741,1.00,1.19
2018.03.28 09:37:37.841,1.34721,1.34741,1.00,1.19
2018.03.28 09:37:38.749,1.3472,1.34738,1.25,1.00
2018.03.28 09:37:38.801,1.3472,1.3474,1.25,1.25
2018.03.28 09:37:39.307,1.34721,1.34739,1.00,1.00
2018.03.28 09:37:40.818,1.3472,1.34739,1.00,1.00
2018.03.28 09:37:41.392,1.3472,1.34738,1.00,1.25
2018.03.28 09:37:42.162,1.34719,1.34739,2.44,1.00
2018.03.28 09:37:42.420,1.34722,1.34738,1.50,1.25
2018.03.28 09:37:43.079,1.34721,1.34738,1.00,1.25
2018.03.28 09:37:43.233,1.34719,1.34738,1.50,1.25
2018.03.28 09:37:43.757,1.34719,1.34739,1.69,1.25
2018.03.28 09:37:44.326,1.34719,1.34738,1.25,1.00
2018.03.28 09:37:45.027,1.34719,1.34739,1.69,1.25
2018.03.28 09:37:46.270,1.34719,1.34738,1.69,1.00
2018.03.28 09:37:46.478,1.34722,1.34738,1.50,1.00
2018.03.28 09:37:46.959,1.34726,1.34737,1.50,1.00
2018.03.28 09:37:47.267,1.34726,1.34739,1.50,1.00
2018.03.28 09:37:47.318,1.34726,1.34737,1.50,1.00
2018.03.28 09:37:47.471,1.34724,1.34737,1.50,1.00
2018.03.28 09:37:47.964,1.34726,1.34738,1.50,1.00
2018.03.28 09:37:48.119,1.34726,1.3474,1.50,1.87
2018.03.28 09:37:48.458,1.34721,1.3474,2.44,1.87
2018.03.28 09:37:48.604,1.34727,1.34741,1.50,1.50
2018.03.28 09:37:48.656,1.34728,1.34743,1.50,1.00
2018.03.28 09:37:48.813,1.34728,1.34746,1.50,3.00
2018.03.28 09:37:49.127,1.34731,1.34747,1.00,1.00
2018.03.28 09:37:49.263,1.34731,1.34749,1.00,1.12
2018.03.28 09:37:49.472,1.34734,1.34749,1.50,1.00
2018.03.28 09:37:49.938,1.34729,1.34748,1.19,1.00
2018.03.28 09:37:50.482,1.34729,1.34747,1.19,1.00
2018.03.28 09:37:50.984,1.34729,1.34748,1.19,1.00
2018.03.28 09:37:51.365,1.34733,1.34748,1.00,1.50
2018.03.28 09:37:51.785,1.34728,1.34748,2.44,1.50
2018.03.28 09:37:52.333,1.34729,1.34749,1.19,1.00
2018.03.28 09:37:53.024,1.34729,1.34748,1.19,1.00
2018.03.28 09:37:53.128,1.34729,1.34748,1.00,1.00
2018.03.28 09:37:53.334,1.34734,1.3475,1.00,1.00
2018.03.28 09:37:53.386,1.34731,1.34751,1.19,1.00
2018.03.28 09:37:53.923,1.34733,1.3475,1.00,1.00
2018.03.28 09:37:54.093,1.34735,1.3475,1.50,1.00
2018.03.28 09:37:54.237,1.34735,1.34753,1.69,2.25
2018.03.28 09:37:54.441,1.34735,1.3475,1.50,1.50
2018.03.28 09:37:54.696,1.34733,1.34749,1.50,1.50
2018.03.28 09:37:54.748,1.34736,1.34748,1.50,1.00
2018.03.28 09:37:54.853,1.34733,1.34751,1.19,1.50
2018.03.28 09:37:55.067,1.34733,1.34749,1.50,1.00
2018.03.28 09:37:55.430,1.3473,1.34747,1.69,1.00
2018.03.28 09:37:58.215,1.34731,1.34747,1.69,1.00
2018.03.28 09:37:58.684,1.34731,1.34749,1.50,2.25
2018.03.28 09:37:58.878,1.34736,1.34752,1.50,1.00
2018.03.28 09:37:58.930,1.34736,1.34754,1.69,1.50
2018.03.28 09:37:59.741,1.34737,1.34752,1.69,1.00
2018.03.28 09:38:00.234,1.34735,1.34751,1.69,1.00
2018.03.28 09:38:00.724,1.34737,1.34751,1.50,1.00
2018.03.28 09:38:01.180,1.34734,1.34751,1.50,1.50
2018.03.28 09:38:02.404,1.34733,1.34751,1.50,2.06
2018.03.28 09:38:02.780,1.34728,1.34746,1.50,1.19
2018.03.28 09:38:02.882,1.34728,1.34741,1.00,1.00
2018.03.28 09:38:03.142,1.34728,1.34743,1.00,1.69
2018.03.28 09:38:03.245,1.34728,1.34746,1.50,1.69
2018.03.28 09:38:03.628,1.34733,1.34751,1.31,1.00
2018.03.28 09:38:03.856,1.34734,1.34753,1.00,1.25
2018.03.28 09:38:03.908,1.34735,1.34753,1.19,1.00
2018.03.28 09:38:04.298,1.34732,1.34751,1.00,2.44
2018.03.28 09:38:04.350,1.34728,1.34744,1.50,1.00
2018.03.28 09:38:04.401,1.34729,1.34748,1.69,1.00
2018.03.28 09:38:04.503,1.34728,1.34745,1.50,1.00
2018.03.28 09:38:04.554,1.34729,1.34747,1.00,1.50
2018.03.28 09:38:04.912,1.34729,1.34745,1.69,1.00
2018.03.28 09:38:05.039,1.34728,1.34745,1.50,1.00
2018.03.28 09:38:05.142,1.34728,1.34748,1.00,1.69
2018.03.28 09:38:05.675,1.34729,1.34748,2.25,2.44
2018.03.28 09:38:06.049,1.34729,1.34744,1.00,1.00
2018.03.28 09:38:06.100,1.3473,1.34746,1.00,1.00
2018.03.28 09:38:06.355,1.34729,1.34748,1.25,1.50
2018.03.28 09:38:06.541,1.34731,1.34747,1.50,1.00
2018.03.28 09:38:07.088,1.34731,1.34748,1.50,1.50
2018.03.28 09:38:07.638,1.34731,1.34747,1.50,1.00
2018.03.28 09:38:07.791,1.34731,1.34749,1.50,1.69
2018.03.28 09:38:07.894,1.34731,1.34747,1.50,1.00
2018.03.28 09:38:08.058,1.3473,1.34749,1.00,1.25
2018.03.28 09:38:08.113,1.3473,1.34747,1.00,1.00
2018.03.28 09:38:08.217,1.3473,1.34749,1.00,1.69
2018.03.28 09:38:08.288,1.3473,1.34747,1.00,1.00
2018.03.28 09:38:08.340,1.3473,1.34749,1.00,1.25
2018.03.28 09:38:08.753,1.3473,1.34747,1.25,1.00
2018.03.28 09:38:08.856,1.34728,1.34749,1.19,1.00
2018.03.28 09:38:09.107,1.34726,1.34746,2.81,1.00
2018.03.28 09:38:09.469,1.34729,1.34747,1.00,1.00
2018.03.28 09:38:09.521,1.34726,1.34747,2.06,1.00
2018.03.28 09:38:09.603,1.34726,1.34749,2.06,1.50
2018.03.28 09:38:09.655,1.34726,1.34747,2.81,1.00
2018.03.28 09:38:09.708,1.34728,1.34749,1.00,1.50
2018.03.28 09:38:10.274,1.34729,1.34748,1.00,1.00
2018.03.28 09:38:10.809,1.34729,1.34749,1.00,1.00
2018.03.28 09:38:11.226,1.34729,1.34747,1.50,1.00
2018.03.28 09:38:11.389,1.34729,1.34749,1.00,1.00
2018.03.28 09:38:12.604,1.34729,1.34748,1.00,1.00
2018.03.28 09:38:13.761,1.3473,1.34748,1.00,1.00
2018.03.28 09:38:14.342,1.34729,1.34748,1.69,1.00
2018.03.28 09:38:14.653,1.34731,1.34748,1.25,1.87
2018.03.28 09:38:15.178,1.3473,1.34748,1.00,1.00
2018.03.28 09:38:15.580,1.34731,1.34749,1.19,1.50
2018.03.28 09:38:15.804,1.34729,1.34747,1.25,1.50
2018.03.28 09:38:15.962,1.34727,1.34746,1.00,1.00
2018.03.28 09:38:16.237,1.34729,1.34747,1.00,1.00
2018.03.28 09:38:16.775,1.34727,1.34747,1.19,1.00
2018.03.28 09:38:17.464,1.34729,1.34747,1.00,1.25
2018.03.28 09:38:18.616,1.34729,1.34747,1.00,1.69
2018.03.28 09:38:18.872,1.34727,1.34748,1.25,1.69
2018.03.28 09:38:19.221,1.34728,1.34745,1.00,1.00
2018.03.28 09:38:19.419,1.34728,1.34747,1.00,1.25
2018.03.28 09:38:19.573,1.34728,1.34745,1.00,1.00
2018.03.28 09:38:19.813,1.34728,1.34747,1.00,1.25
2018.03.28 09:38:19.960,1.34728,1.34745,1.00,1.00
2018.03.28 09:38:20.098,1.34727,1.34747,1.00,1.00
2018.03.28 09:38:20.150,1.34726,1.34743,1.50,1.00
2018.03.28 09:38:20.304,1.34728,1.34746,1.00,1.00
2018.03.28 09:38:20.819,1.34727,1.34746,1.25,1.00
2018.03.28 09:38:21.322,1.34728,1.34747,1.00,2.44
2018.03.28 09:38:21.609,1.34728,1.34745,1.00,1.00
2018.03.28 09:38:21.763,1.34727,1.34747,1.25,1.69
2018.03.28 09:38:22.299,1.34728,1.34745,1.00,1.00
2018.03.28 09:38:22.502,1.34728,1.34747,1.00,1.69
2018.03.28 09:38:22.627,1.34728,1.34745,1.00,1.00
2018.03.28 09:38:22.730,1.34727,1.34747,1.00,1.69
2018.03.28 09:38:23.262,1.34726,1.34747,1.25,1.25
2018.03.28 09:38:23.735,1.34728,1.34747,1.19,1.00
2018.03.28 09:38:24.095,1.34731,1.34748,1.00,1.00
2018.03.28 09:38:24.682,1.34728,1.34748,1.19,1.50
2018.03.28 09:38:25.131,1.34728,1.34748,1.25,2.44
2018.03.28 09:38:25.754,1.34729,1.34747,1.00,1.00
2018.03.28 09:38:25.969,1.3473,1.34748,1.19,1.50
2018.03.28 09:38:26.021,1.34729,1.34747,1.00,1.00
2018.03.28 09:38:26.227,1.34731,1.34748,1.00,1.50
2018.03.28 09:38:26.278,1.34729,1.34748,1.00,1.50
2018.03.28 09:38:26.492,1.34731,1.34748,1.00,1.50
2018.03.28 09:38:26.748,1.34729,1.34747,1.00,1.00
2018.03.28 09:38:27.437,1.34728,1.34747,1.25,1.00
2018.03.28 09:38:27.592,1.3473,1.34748,1.19,2.25
2018.03.28 09:38:27.940,1.34725,1.34744,1.19,1.00
2018.03.28 09:38:27.991,1.34726,1.34746,1.19,1.00
2018.03.28 09:38:28.145,1.34725,1.34743,1.69,1.00
2018.03.28 09:38:28.197,1.34728,1.34745,1.00,1.00
2018.03.28 09:38:28.758,1.34727,1.34745,1.25,1.00
2018.03.28 09:38:29.305,1.34727,1.34744,1.25,1.00
2018.03.28 09:38:29.835,1.34726,1.34746,1.19,1.50
2018.03.28 09:38:30.699,1.34727,1.34745,1.25,1.50
2018.03.28 09:38:31.235,1.34726,1.34744,1.19,1.00
2018.03.28 09:38:31.744,1.34726,1.34744,1.00,1.50
2018.03.28 09:38:32.253,1.34723,1.34743,1.25,1.00
2018.03.28 09:38:32.356,1.34723,1.34741,1.69,1.00
2018.03.28 09:38:32.593,1.34722,1.34743,1.19,2.44
2018.03.28 09:38:33.104,1.34723,1.34741,1.00,1.00
2018.03.28 09:38:33.572,1.34725,1.34742,1.00,1.50
2018.03.28 09:38:33.778,1.34723,1.34742,1.12,1.00
2018.03.28 09:38:34.208,1.34725,1.34742,1.00,1.19
2018.03.28 09:38:34.260,1.34723,1.34742,1.00,1.25
2018.03.28 09:38:34.412,1.34722,1.3474,1.25,1.00
2018.03.28 09:38:35.337,1.34722,1.3474,1.19,1.00
2018.03.28 09:38:35.609,1.34723,1.34742,1.25,1.00
2018.03.28 09:38:35.660,1.34725,1.34742,1.25,1.00
2018.03.28 09:38:35.711,1.34726,1.34744,1.00,1.00
2018.03.28 09:38:35.813,1.34724,1.34742,1.69,1.00
2018.03.28 09:38:36.360,1.34724,1.34741,1.19,1.00
2018.03.28 09:38:36.878,1.34725,1.34742,1.25,1.00
2018.03.28 09:38:37.219,1.34722,1.34741,2.06,1.00
2018.03.28 09:38:37.321,1.34723,1.34743,1.56,1.00
2018.03.28 09:38:37.626,1.34722,1.34742,1.19,1.00
2018.03.28 09:38:38.166,1.34723,1.34744,1.19,1.25
2018.03.28 09:38:38.592,1.34727,1.34746,1.00,1.69
2018.03.28 09:38:38.900,1.34726,1.34744,1.25,1.00
2018.03.28 09:38:38.952,1.34726,1.34746,1.25,1.25
2018.03.28 09:38:39.473,1.34726,1.34745,1.69,1.00
2018.03.28 09:38:40.044,1.34726,1.34746,1.25,1.25
2018.03.28 09:38:40.456,1.34728,1.34745,1.00,1.00
2018.03.28 09:38:40.791,1.34728,1.34747,1.31,1.00
2018.03.28 09:38:40.843,1.34728,1.34747,1.00,1.00
2018.03.28 09:38:40.999,1.34726,1.34746,1.00,1.69
2018.03.28 09:38:41.203,1.34724,1.34744,3.19,1.00
2018.03.28 09:38:41.510,1.34726,1.34744,1.69,1.00
2018.03.28 09:38:42.051,1.34724,1.34743,1.56,1.00
2018.03.28 09:38:42.102,1.34726,1.34743,1.19,1.00
2018.03.28 09:38:42.516,1.34722,1.34741,1.69,1.00
2018.03.28 09:38:42.568,1.34721,1.34743,4.12,1.00
2018.03.28 09:38:42.620,1.34722,1.34741,2.44,1.00
2018.03.28 09:38:42.978,1.34722,1.34741,1.31,1.00
2018.03.28 09:38:43.619,1.34723,1.3474,1.00,1.00
2018.03.28 09:38:43.946,1.34722,1.34742,2.06,1.25
2018.03.28 09:38:44.460,1.34722,1.3474,1.31,1.00
2018.03.28 09:38:44.823,1.34726,1.34743,1.25,1.50
2018.03.28 09:38:45.162,1.34724,1.34745,1.31,1.00
2018.03.28 09:38:45.214,1.34726,1.34743,1.19,1.00
2018.03.28 09:38:45.723,1.34725,1.34745,1.19,1.00
2018.03.28 09:38:46.705,1.34727,1.34746,1.25,1.50
2018.03.28 09:38:47.986,1.34726,1.34746,1.19,1.50
2018.03.28 09:38:48.282,1.34726,1.34744,1.25,1.00
2018.03.28 09:38:48.333,1.34724,1.34738,1.19,1.00
2018.03.28 09:38:48.385,1.34723,1.34738,1.00,1.00
2018.03.28 09:38:48.933,1.34719,1.34737,1.19,1.00
2018.03.28 09:38:49.433,1.34721,1.34739,1.19,1.00
2018.03.28 09:38:49.790,1.34723,1.34741,1.19,2.25
2018.03.28 09:38:50.311,1.34722,1.3474,1.19,1.00
2018.03.28 09:38:50.828,1.34722,1.34741,1.19,1.00
2018.03.28 09:38:51.670,1.34723,1.34742,1.19,1.00
2018.03.28 09:38:51.981,1.34727,1.34745,1.25,1.50
2018.03.28 09:38:52.494,1.34726,1.34744,1.19,1.00
2018.03.28 09:38:53.042,1.34726,1.34744,1.19,1.00
2018.03.28 09:38:54.485,1.34726,1.34745,1.19,1.50
2018.03.28 09:38:55.065,1.34725,1.34744,1.31,1.00
2018.03.28 09:38:55.596,1.34726,1.34744,1.19,1.50
2018.03.28 09:38:58.362,1.34727,1.34743,1.25,1.00
2018.03.28 09:38:58.994,1.34725,1.34743,1.19,1.00
2018.03.28 09:39:00.077,1.34726,1.34744,1.00,1.00
2018.03.28 09:39:00.500,1.34727,1.34744,1.19,1.00
2018.03.28 09:39:00.656,1.34728,1.34746,1.19,1.00
2018.03.28 09:39:00.810,1.34729,1.34747,1.31,1.00
2018.03.28 09:39:02.017,1.34729,1.34748,1.31,1.50
2018.03.28 09:39:02.590,1.34729,1.34747,1.31,1.00
2018.03.28 09:39:03.540,1.34728,1.34746,1.56,1.00
2018.03.28 09:39:04.141,1.34728,1.34746,1.31,1.00
2018.03.28 09:39:04.775,1.3473,1.34747,1.19,1.50
2018.03.28 09:39:05.914,1.3473,1.34747,1.25,1.00
2018.03.28 09:39:06.274,1.3473,1.34747,1.56,1.00
2018.03.28 09:39:06.813,1.3473,1.34748,1.56,1.87
2018.03.28 09:39:07.410,1.34731,1.34751,1.31,1.87
2018.03.28 09:39:07.951,1.3473,1.3475,2.06,1.00
2018.03.28 09:39:09.306,1.34732,1.34751,1.19,1.87
2018.03.28 09:39:10.156,1.34733,1.34752,1.19,1.12
2018.03.28 09:39:10.726,1.34734,1.34751,1.25,1.00
2018.03.28 09:39:10.946,1.34734,1.34751,1.19,1.00
2018.03.28 09:39:14.143,1.34735,1.34752,1.19,1.00
2018.03.28 09:39:15.405,1.34735,1.34752,1.31,1.00
2018.03.28 09:39:15.975,1.34733,1.34751,1.56,1.00
2018.03.28 09:39:16.888,1.34734,1.34752,1.56,1.50
2018.03.28 09:39:17.496,1.34734,1.34752,1.31,1.50
2018.03.28 09:39:18.577,1.34734,1.34752,1.19,1.50
2018.03.28 09:39:19.250,1.34732,1.34751,1.31,1.00
2018.03.28 09:39:19.781,1.34732,1.34752,1.19,2.62
2018.03.28 09:39:20.372,1.34731,1.34751,1.31,1.50
2018.03.28 09:39:20.945,1.34733,1.34751,1.19,1.00
2018.03.28 09:39:21.869,1.34733,1.3475,1.19,1.00
2018.03.28 09:39:22.434,1.34733,1.34751,1.19,1.50
2018.03.28 09:39:26.324,1.34733,1.34751,1.31,1.00
2018.03.28 09:39:26.377,1.34732,1.34752,1.31,1.00
2018.03.28 09:39:26.430,1.34735,1.34751,1.00,1.00
2018.03.28 09:39:27.053,1.34734,1.34751,1.00,1.50
2018.03.28 09:39:27.554,1.34734,1.3475,1.00,1.00
2018.03.28 09:39:27.711,1.34735,1.34752,1.00,1.50
2018.03.28 09:39:28.229,1.34732,1.34752,1.69,1.50
2018.03.28 09:39:30.219,1.34735,1.34752,1.00,1.50
2018.03.28 09:39:30.861,1.34734,1.34752,1.25,1.00
2018.03.28 09:39:31.429,1.34736,1.34753,1.00,1.00
2018.03.28 09:39:31.977,1.34734,1.34752,1.25,1.00
2018.03.28 09:39:32.233,1.34731,1.34751,1.12,1.00
2018.03.28 09:39:32.337,1.34731,1.34749,1.12,1.00
2018.03.28 09:39:33.239,1.34731,1.34749,1.31,1.00
2018.03.28 09:39:33.548,1.34732,1.3475,2.06,1.00
2018.03.28 09:39:34.091,1.34733,1.34749,1.19,1.00
2018.03.28 09:39:34.604,1.34733,1.3475,1.19,1.00
2018.03.28 09:39:34.713,1.34731,1.34749,1.31,1.00
2018.03.28 09:39:35.035,1.34729,1.34747,1.56,1.00
2018.03.28 09:39:36.075,1.34729,1.34747,1.19,1.00
2018.03.28 09:39:36.583,1.3473,1.34748,1.19,1.00
2018.03.28 09:39:38.126,1.3473,1.34749,1.19,1.00
2018.03.28 09:39:38.281,1.3473,1.34749,1.25,1.50
2018.03.28 09:39:38.384,1.34734,1.34749,1.19,1.00
2018.03.28 09:39:38.437,1.34734,1.34752,1.19,1.00
2018.03.28 09:39:38.489,1.34734,1.34754,1.19,3.37
2018.03.28 09:39:39.291,1.34734,1.34753,1.19,1.00
2018.03.28 09:39:39.807,1.34734,1.34752,1.19,1.00
2018.03.28 09:39:39.859,1.34732,1.34751,1.69,1.00
2018.03.28 09:39:40.373,1.34732,1.34749,1.25,1.00
2018.03.28 09:39:40.425,1.34729,1.34749,1.25,1.50
2018.03.28 09:39:40.478,1.34729,1.34744,1.69,1.50
2018.03.28 09:39:40.684,1.34729,1.34747,1.31,1.00
2018.03.28 09:39:40.735,1.34729,1.34749,1.31,1.00
2018.03.28 09:39:40.839,1.34729,1.34747,1.31,1.00
2018.03.28 09:39:41.770,1.34729,1.34747,1.19,1.00
2018.03.28 09:39:42.780,1.34727,1.34746,2.06,1.00
2018.03.28 09:39:43.309,1.3473,1.34749,1.19,2.62
2018.03.28 09:39:44.409,1.34729,1.34748,1.31,1.87
2018.03.28 09:39:45.899,1.3473,1.34748,1.25,1.12
2018.03.28 09:39:45.953,1.3473,1.34748,1.19,1.12
2018.03.28 09:39:46.264,1.34729,1.34748,1.19,1.87
2018.03.28 09:39:46.792,1.34731,1.34748,1.00,1.50
2018.03.28 09:39:49.267,1.34724,1.34741,1.31,1.50
2018.03.28 09:39:49.525,1.34706,1.34724,1.69,1.00
2018.03.28 09:39:49.577,1.34707,1.34726,1.31,1.00
2018.03.28 09:39:49.889,1.3469,1.34707,1.37,1.00
2018.03.28 09:39:49.944,1.34689,1.34709,2.44,1.00
2018.03.28 09:39:49.997,1.34689,1.34707,6.10,1.12
2018.03.28 09:39:50.051,1.34692,1.34707,1.00,1.00
2018.03.28 09:39:50.379,1.34697,1.34706,1.00,1.00
2018.03.28 09:39:50.535,1.34693,1.34705,1.00,1.00
2018.03.28 09:39:50.689,1.34688,1.34706,1.25,1.00
2018.03.28 09:39:50.843,1.3469,1.34709,1.00,2.44
2018.03.28 09:39:50.895,1.34688,1.34709,1.25,1.69
2018.03.28 09:39:50.947,1.34691,1.3471,1.00,1.00
2018.03.28 09:39:51.277,1.34694,1.3471,1.00,1.00
2018.03.28 09:39:51.431,1.34692,1.34712,1.00,1.69
2018.03.28 09:39:51.483,1.34694,1.34712,1.00,1.00
2018.03.28 09:39:51.586,1.34694,1.34714,1.00,2.44
2018.03.28 09:39:51.694,1.34694,1.34712,1.19,1.00
2018.03.28 09:39:52.095,1.34694,1.34714,1.19,1.87
2018.03.28 09:39:52.612,1.34694,1.34713,1.19,1.00
2018.03.28 09:39:52.832,1.34693,1.34711,1.00,1.00
2018.03.28 09:39:52.994,1.34694,1.34714,1.00,1.00
2018.03.28 09:39:53.148,1.34696,1.34713,1.00,1.00
2018.03.28 09:39:53.685,1.34694,1.34714,1.19,1.12
2018.03.28 09:39:54.085,1.34695,1.34713,1.19,1.00
2018.03.28 09:39:54.189,1.34695,1.34712,1.25,1.00
2018.03.28 09:39:54.391,1.34694,1.34714,1.19,1.00
2018.03.28 09:39:54.925,1.34694,1.34713,1.19,1.00
2018.03.28 09:39:55.028,1.34693,1.34711,1.19,1.00
2018.03.28 09:39:55.387,1.34695,1.34714,1.19,1.50
2018.03.28 09:39:55.542,1.3469,1.34707,1.19,1.00
2018.03.28 09:39:55.594,1.34689,1.34707,1.69,1.00
2018.03.28 09:39:55.750,1.34691,1.3471,1.00,1.50
2018.03.28 09:39:55.905,1.34694,1.34711,1.00,1.00
2018.03.28 09:39:56.213,1.34692,1.3471,1.25,1.00
2018.03.28 09:39:59.079,1.34693,1.34711,1.00,1.50
2018.03.28 09:39:59.504,1.34693,1.34709,1.00,1.00
2018.03.28 09:39:59.811,1.34691,1.34709,1.00,1.19
2018.03.28 09:40:00.209,1.34693,1.34708,1.00,1.00
2018.03.28 09:40:00.260,1.34686,1.34704,1.00,1.00
2018.03.28 09:40:00.783,1.34688,1.34704,1.00,1.69
2018.03.28 09:40:00.988,1.3469,1.34708,1.00,2.44
2018.03.28 09:40:01.341,1.34693,1.34709,1.00,1.19
2018.03.28 09:40:01.443,1.347,1.34717,1.00,1.69
2018.03.28 09:40:01.570,1.34702,1.3472,1.19,1.50
2018.03.28 09:40:01.672,1.34707,1.34725,1.00,1.50
2018.03.28 09:40:01.724,1.34708,1.34722,1.00,1.00
2018.03.28 09:40:01.877,1.34706,1.34725,1.19,1.00
2018.03.28 09:40:01.928,1.34707,1.34723,1.00,1.00
2018.03.28 09:40:02.233,1.3471,1.34726,1.00,1.00
2018.03.28 09:40:02.284,1.3471,1.34728,1.00,1.50
2018.03.28 09:40:02.335,1.34709,1.34726,1.25,1.00
2018.03.28 09:40:02.647,1.34706,1.34723,1.25,1.00
2018.03.28 09:40:03.474,1.34706,1.34722,1.25,1.00
2018.03.28 09:40:03.682,1.34703,1.34722,1.19,1.00
2018.03.28 09:40:03.735,1.34703,1.3472,1.19,1.00
2018.03.28 09:40:04.254,1.34702,1.34722,1.19,1.50
2018.03.28 09:40:04.665,1.34698,1.34714,1.19,1.00
2018.03.28 09:40:04.770,1.34696,1.34714,1.19,1.50
2018.03.28 09:40:04.822,1.34694,1.34714,1.19,1.50
2018.03.28 09:40:04.874,1.34693,1.34712,1.69,1.00
2018.03.28 09:40:05.242,1.34695,1.34715,1.25,1.50
2018.03.28 09:40:05.556,1.34696,1.34713,1.00,1.00
2018.03.28 09:40:06.014,1.34696,1.34715,1.00,1.25
2018.03.28 09:40:06.293,1.34696,1.34713,1.00,1.00
2018.03.28 09:40:06.454,1.34694,1.34715,1.19,1.00
2018.03.28 09:40:07.179,1.34698,1.34715,1.00,1.00
2018.03.28 09:40:08.662,1.34696,1.34714,1.00,1.00
2018.03.28 09:40:08.714,1.34693,1.34711,1.19,1.12
2018.03.28 09:40:08.870,1.34689,1.34709,2.81,1.00
2018.03.28 09:40:09.130,1.3469,1.34707,1.19,1.00
2018.03.28 09:40:09.349,1.34689,1.34709,2.06,1.00
2018.03.28 09:40:09.401,1.3469,1.34707,1.19,1.00
2018.03.28 09:40:09.566,1.34686,1.34707,3.19,1.00
2018.03.28 09:40:10.252,1.34688,1.34707,1.19,1.00
2018.03.28 09:40:10.627,1.34691,1.34709,1.31,1.00
2018.03.28 09:40:10.784,1.34695,1.34714,1.25,1.00
2018.03.28 09:40:11.292,1.34695,1.34715,1.25,1.25
2018.03.28 09:40:11.686,1.34695,1.34713,1.19,1.00
2018.03.28 09:40:11.788,1.34696,1.34716,1.25,1.00
2018.03.28 09:40:12.093,1.34694,1.34718,2.81,1.25
2018.03.28 09:40:12.144,1.34696,1.34715,1.25,1.00
2018.03.28 09:40:12.448,1.34685,1.34701,2.06,1.00
2018.03.28 09:40:12.618,1.34682,1.34701,1.19,1.00
2018.03.28 09:40:13.129,1.3468,1.347,1.19,1.00
2018.03.28 09:40:13.180,1.34679,1.34699,1.00,1.25
2018.03.28 09:40:13.519,1.34677,1.34699,1.25,1.25
2018.03.28 09:40:13.570,1.34679,1.347,1.00,1.69
2018.03.28 09:40:13.893,1.3468,1.34702,1.19,2.06
2018.03.28 09:40:14.841,1.34681,1.34702,1.31,1.87
2018.03.28 09:40:15.395,1.34681,1.347,1.19,1.00
2018.03.28 09:40:16.095,1.34685,1.34702,1.00,1.00
2018.03.28 09:40:16.148,1.34686,1.34704,1.00,1.12
2018.03.28 09:40:16.492,1.34682,1.34701,2.44,1.00
2018.03.28 09:40:16.798,1.34682,1.34701,1.31,1.00
2018.03.28 09:40:17.200,1.34684,1.34705,1.19,1.00
2018.03.28 09:40:17.252,1.34683,1.34702,1.19,1.00
2018.03.28 09:40:17.910,1.34683,1.34701,1.19,1.00
2018.03.28 09:40:18.562,1.34683,1.34702,1.19,1.00
2018.03.28 09:40:18.664,1.34683,1.34702,1.19,1.00
2018.03.28 09:40:18.821,1.34682,1.347,1.19,1.00
2018.03.28 09:40:19.779,1.34683,1.34701,1.19,1.00
2018.03.28 09:40:20.327,1.34683,1.34702,1.25,1.00
2018.03.28 09:40:23.600,1.3468,1.34701,2.06,1.00
2018.03.28 09:40:24.388,1.3468,1.34701,1.69,1.00
2018.03.28 09:40:24.724,1.3468,1.34699,1.69,1.00
2018.03.28 09:40:24.929,1.3468,1.34701,3.19,1.00
2018.03.28 09:40:25.315,1.34681,1.34705,1.19,2.06
2018.03.28 09:40:25.367,1.34681,1.34702,2.44,1.00
2018.03.28 09:40:25.522,1.34683,1.34705,1.31,1.69
2018.03.28 09:40:25.636,1.34683,1.34705,1.69,1.00
2018.03.28 09:40:26.147,1.34685,1.34705,1.19,1.00
2018.03.28 09:40:26.304,1.34681,1.347,2.06,1.00
2018.03.28 09:40:26.520,1.34681,1.34704,1.69,1.69
2018.03.28 09:40:26.572,1.34683,1.34703,1.19,1.00
2018.03.28 09:40:26.624,1.34681,1.347,1.69,1.00
2018.03.28 09:40:26.831,1.3468,1.34698,1.69,1.00
2018.03.28 09:40:26.934,1.34678,1.34697,2.25,1.00
2018.03.28 09:40:27.333,1.34678,1.34695,1.69,1.00
2018.03.28 09:40:27.872,1.34678,1.34695,1.69,1.00
2018.03.28 09:40:28.175,1.3468,1.34698,1.12,1.00
2018.03.28 09:40:28.228,1.34685,1.34701,1.50,1.00
2018.03.28 09:40:28.332,1.34685,1.34706,1.31,1.19
2018.03.28 09:40:28.394,1.34684,1.34699,1.69,1.00
2018.03.28 09:40:28.448,1.34682,1.34702,1.31,1.00
2018.03.28 09:40:28.501,1.34684,1.34702,1.19,1.00
2018.03.28 09:40:28.699,1.34681,1.34699,2.44,1.00
2018.03.28 09:40:28.803,1.34679,1.34696,1.56,1.00
2018.03.28 09:40:28.855,1.34675,1.34695,2.25,1.00
2018.03.28 09:40:28.907,1.34676,1.34694,1.25,1.00
2018.03.28 09:40:28.958,1.34676,1.34694,1.19,1.00
2018.03.28 09:40:29.477,1.34673,1.34694,1.69,1.00
2018.03.28 09:40:30.034,1.34672,1.34693,2.44,1.00
2018.03.28 09:40:30.580,1.34674,1.34694,2.06,1.00
2018.03.28 09:40:32.192,1.34675,1.34694,1.19,1.00
2018.03.28 09:40:32.621,1.34681,1.34698,1.00,1.00
2018.03.28 09:40:32.673,1.34681,1.34698,2.06,1.00
2018.03.28 09:40:32.726,1.34678,1.34695,1.12,1.00
2018.03.28 09:40:32.779,1.34675,1.34691,1.25,1.00
2018.03.28 09:40:32.832,1.34673,1.34695,1.19,1.25
2018.03.28 09:40:33.289,1.3468,1.34697,1.12,1.69
2018.03.28 09:40:33.443,1.34688,1.34702,1.00,1.00
2018.03.28 09:40:33.495,1.34688,1.34705,1.00,1.25
2018.03.28 09:40:33.546,1.34684,1.34705,1.69,1.25
2018.03.28 09:40:33.597,1.34684,1.34703,1.00,1.25
2018.03.28 09:40:34.138,1.34681,1.34704,2.81,1.00
2018.03.28 09:40:34.905,1.34683,1.34702,1.19,1.00
2018.03.28 09:40:35.182,1.34682,1.34704,1.69,1.00
2018.03.28 09:40:37.112,1.34684,1.34706,1.69,1.69
2018.03.28 09:40:37.164,1.34686,1.34705,1.19,1.00
2018.03.28 09:40:37.495,1.34687,1.34706,1.19,1.00
2018.03.28 09:40:38.131,1.34684,1.34704,1.69,1.25
2018.03.28 09:40:38.257,1.34682,1.34701,2.81,1.00
2018.03.28 09:40:38.310,1.34685,1.34704,1.19,1.50
2018.03.28 09:40:38.361,1.34685,1.34704,1.19,1.00
2018.03.28 09:40:38.413,1.34687,1.34706,1.25,1.00
2018.03.28 09:40:38.771,1.34685,1.34707,1.31,1.12
2018.03.28 09:40:39.884,1.34685,1.34707,2.25,1.12
2018.03.28 09:40:40.426,1.34686,1.34706,1.56,1.00
2018.03.28 09:40:42.235,1.34687,1.34707,1.56,1.12
2018.03.28 09:40:42.699,1.34688,1.34708,2.25,1.00
2018.03.28 09:40:42.960,1.34692,1.3471,1.19,1.00
2018.03.28 09:40:43.371,1.34692,1.34712,1.19,1.00
2018.03.28 09:40:43.468,1.3469,1.3471,3.19,1.00
2018.03.28 09:40:43.780,1.3469,1.34708,1.69,1.00
2018.03.28 09:40:43.885,1.3469,1.34708,1.56,1.00
2018.03.28 09:40:44.420,1.3469,1.34709,1.56,1.00
2018.03.28 09:40:44.999,1.34691,1.34709,1.19,1.00
2018.03.28 09:40:45.480,1.34689,1.34712,1.19,1.12
2018.03.28 09:40:45.531,1.34691,1.34709,1.19,1.00
2018.03.28 09:40:46.105,1.3469,1.3471,1.19,1.00
2018.03.28 09:40:46.671,1.34691,1.34709,1.19,1.00
2018.03.28 09:40:47.571,1.34689,1.3471,1.69,1.00
2018.03.28 09:40:48.242,1.34693,1.3471,1.00,1.00
2018.03.28 09:40:48.439,1.34695,1.34713,1.00,1.00
2018.03.28 09:40:48.492,1.34697,1.34715,1.00,1.19
2018.03.28 09:40:48.544,1.34698,1.34716,1.00,1.00
2018.03.28 09:40:48.596,1.34697,1.34716,1.31,1.00
2018.03.28 09:40:48.906,1.34697,1.34718,1.31,1.50
2018.03.28 09:40:49.367,1.34704,1.34723,1.19,1.50
2018.03.28 09:40:50.634,1.34703,1.34722,2.44,1.00
2018.03.28 09:40:50.685,1.34702,1.34722,1.69,1.00
2018.03.28 09:40:51.205,1.34701,1.34721,1.31,1.00
2018.03.28 09:40:52.417,1.347,1.34722,2.06,1.00
2018.03.28 09:40:53.087,1.34701,1.34722,1.19,1.00
2018.03.28 09:40:53.627,1.34704,1.34722,1.25,1.50
2018.03.28 09:40:53.894,1.34704,1.34722,1.19,1.50
2018.03.28 09:40:54.789,1.34702,1.34722,1.56,1.00
2018.03.28 09:40:55.305,1.34704,1.34723,1.31,1.00
2018.03.28 09:40:57.120,1.34701,1.34722,2.62,1.00
2018.03.28 09:40:57.173,1.34703,1.34722,1.19,1.00
2018.03.28 09:40:58.347,1.34703,1.34722,1.31,1.00
2018.03.28 09:40:59.290,1.34701,1.34723,1.69,1.00
2018.03.28 09:41:00.083,1.34703,1.34722,1.31,1.00
2018.03.28 09:41:01.972,1.34704,1.34721,1.19,1.00
2018.03.28 09:41:02.474,1.34704,1.34722,1.19,1.00
2018.03.28 09:41:03.043,1.34702,1.34723,1.56,1.00
2018.03.28 09:41:04.268,1.347,1.34719,3.00,1.00
2018.03.28 09:41:04.449,1.34696,1.34716,1.19,2.25
2018.03.28 09:41:04.883,1.34696,1.34716,1.56,1.50
2018.03.28 09:41:05.152,1.34699,1.34719,1.19,1.00
2018.03.28 09:41:05.366,1.347,1.34717,1.19,1.00
2018.03.28 09:41:05.770,1.34699,1.34719,1.25,2.44
2018.03.28 09:41:05.924,1.34699,1.34717,1.25,1.00
2018.03.28 09:41:06.314,1.34697,1.34715,1.19,1.00
2018.03.28 09:41:06.467,1.34694,1.34717,2.06,2.81
2018.03.28 09:41:06.518,1.34697,1.34714,1.25,1.00
2018.03.28 09:41:06.569,1.34695,1.34716,1.19,1.00
2018.03.28 09:41:07.149,1.34695,1.34715,1.19,1.00
2018.03.28 09:41:07.686,1.34692,1.34715,2.81,1.00
2018.03.28 09:41:07.737,1.34694,1.3471,1.19,1.00
2018.03.28 09:41:07.789,1.34692,1.34713,1.69,1.00
2018.03.28 09:41:07.842,1.34691,1.34709,2.44,1.00
2018.03.28 09:41:08.165,1.3469,1.34702,1.12,1.00
2018.03.28 09:41:08.424,1.34689,1.34704,1.50,1.00
2018.03.28 09:41:08.613,1.34687,1.34704,1.00,1.00
2018.03.28 09:41:08.664,1.34687,1.34702,1.00,1.00
2018.03.28 09:41:08.716,1.34681,1.34702,1.56,1.00
2018.03.28 09:41:09.247,1.34681,1.34701,1.31,1.00
2018.03.28 09:41:09.833,1.34682,1.34702,1.19,1.00
2018.03.28 09:41:09.885,1.34682,1.34702,1.56,1.00
2018.03.28 09:41:10.091,1.34684,1.34705,1.31,1.50
2018.03.28 09:41:10.597,1.34685,1.34705,1.31,1.00
2018.03.28 09:41:11.105,1.34685,1.34705,1.56,1.00
2018.03.28 09:41:11.361,1.34685,1.34707,1.56,1.50
2018.03.28 09:41:11.688,1.34685,1.34705,1.56,1.00
2018.03.28 09:41:12.192,1.34685,1.34706,2.06,1.00
2018.03.28 09:41:12.922,1.34687,1.34705,1.19,1.00
2018.03.28 09:41:13.326,1.34686,1.34707,1.31,2.25
2018.03.28 09:41:15.406,1.34686,1.34705,1.31,1.00
2018.03.28 09:41:15.929,1.34687,1.34706,1.19,1.00
2018.03.28 09:41:16.470,1.34685,1.34707,2.06,1.50
2018.03.28 09:41:17.177,1.34687,1.34706,1.19,1.00
2018.03.28 09:41:17.828,1.34687,1.34707,1.19,1.00
2018.03.28 09:41:19.234,1.34687,1.34707,1.00,1.19
2018.03.28 09:41:19.785,1.34688,1.34707,1.00,1.19
2018.03.28 09:41:19.988,1.3469,1.34707,1.00,2.44
2018.03.28 09:41:20.293,1.34696,1.34716,1.00,3.19
2018.03.28 09:41:20.396,1.34694,1.34712,1.50,1.25
2018.03.28 09:41:20.500,1.34696,1.34714,1.00,1.19
2018.03.28 09:41:20.705,1.34694,1.34714,1.50,1.19
2018.03.28 09:41:21.241,1.34695,1.34713,1.00,1.69
2018.03.28 09:41:21.652,1.3469,1.34708,1.00,1.00
2018.03.28 09:41:21.808,1.34688,1.34705,1.00,1.00
2018.03.28 09:41:22.313,1.34687,1.34705,1.00,1.00
2018.03.28 09:41:22.848,1.34686,1.34704,1.50,1.00
2018.03.28 09:41:23.119,1.34686,1.34706,1.50,1.00
2018.03.28 09:41:23.221,1.34689,1.34707,1.19,1.00
2018.03.28 09:41:23.728,1.34689,1.34708,1.19,1.00
2018.03.28 09:41:24.332,1.34689,1.34706,1.19,1.00
2018.03.28 09:41:24.853,1.34688,1.34707,1.00,1.00
2018.03.28 09:41:24.956,1.34688,1.34707,1.50,1.19
2018.03.28 09:41:25.469,1.34687,1.34707,1.50,1.19
2018.03.28 09:41:25.897,1.34689,1.34708,1.00,1.69
2018.03.28 09:41:26.462,1.3469,1.34708,1.00,1.19
2018.03.28 09:41:27.810,1.34689,1.34708,1.00,1.19
2018.03.28 09:41:28.127,1.34692,1.3471,1.00,1.00
2018.03.28 09:41:28.873,1.34694,1.34713,1.25,1.00
2018.03.28 09:41:28.929,1.34699,1.34717,1.00,1.69
2018.03.28 09:41:29.134,1.34702,1.34722,1.00,1.19
2018.03.28 09:41:29.290,1.34705,1.34722,1.00,1.25
2018.03.28 09:41:29.450,1.34704,1.34724,1.25,1.25
2018.03.28 09:41:29.503,1.34705,1.34722,1.00,1.00
2018.03.28 09:41:29.555,1.34705,1.34725,1.00,1.69
2018.03.28 09:41:30.073,1.34705,1.34723,1.00,1.00
2018.03.28 09:41:30.551,1.34708,1.34724,1.00,1.25
2018.03.28 09:41:30.976,1.34706,1.34721,1.00,1.00
2018.03.28 09:41:31.441,1.34701,1.34717,1.19,1.00
2018.03.28 09:41:31.659,1.34693,1.34711,1.00,1.25
2018.03.28 09:41:31.711,1.34695,1.34711,1.00,1.00
2018.03.28 09:41:32.278,1.34694,1.34711,1.00,1.50
2018.03.28 09:41:32.469,1.34692,1.34711,1.00,1.00
2018.03.28 09:41:33.377,1.34692,1.34707,1.00,1.00
2018.03.28 09:41:33.435,1.3469,1.34706,1.00,1.00
2018.03.28 09:41:33.489,1.34688,1.34704,1.00,1.50
2018.03.28 09:41:33.542,1.34685,1.34703,1.25,1.00
2018.03.28 09:41:33.595,1.34687,1.34703,1.00,1.50
2018.03.28 09:41:34.111,1.34686,1.34702,1.00,1.00
2018.03.28 09:41:35.347,1.34685,1.34703,1.00,1.50
2018.03.28 09:41:36.173,1.34686,1.34703,1.00,1.50
2018.03.28 09:41:36.700,1.34686,1.34702,1.00,1.00
2018.03.28 09:41:37.256,1.34686,1.34703,1.00,1.50
2018.03.28 09:41:37.362,1.34683,1.34701,1.00,1.25
2018.03.28 09:41:37.483,1.34681,1.34699,1.25,1.00
2018.03.28 09:41:38.018,1.34682,1.347,1.00,1.19
2018.03.28 09:41:38.399,1.34684,1.347,1.00,1.69
2018.03.28 09:41:39.022,1.34685,1.347,1.00,1.25
2018.03.28 09:41:39.228,1.34683,1.34701,1.00,2.44
2018.03.28 09:41:40.312,1.34682,1.34699,1.00,1.19
2018.03.28 09:41:40.519,1.3468,1.34696,1.00,1.00
2018.03.28 09:41:40.571,1.34682,1.34696,1.00,1.25
2018.03.28 09:41:40.877,1.3468,1.34696,1.00,1.00
2018.03.28 09:41:41.389,1.34678,1.34695,1.00,1.00
2018.03.28 09:41:41.494,1.34678,1.34695,1.19,1.00
2018.03.28 09:41:42.287,1.34678,1.34695,1.00,1.25
2018.03.28 09:41:42.339,1.34682,1.34698,1.00,1.00
2018.03.28 09:41:42.650,1.34688,1.34702,1.00,1.00
2018.03.28 09:41:42.894,1.34688,1.34704,1.00,1.00
2018.03.28 09:41:43.395,1.34689,1.34705,1.00,1.00
2018.03.28 09:41:45.542,1.34685,1.34706,1.19,1.12
2018.03.28 09:41:45.807,1.34685,1.34705,1.00,1.31
2018.03.28 09:41:46.018,1.34679,1.347,1.00,1.69
2018.03.28 09:41:46.551,1.3468,1.347,1.00,2.06
2018.03.28 09:41:48.987,1.34682,1.34699,1.00,1.19
2018.03.28 09:41:49.091,1.34682,1.34702,1.00,1.69
2018.03.28 09:41:49.939,1.34686,1.34703,1.00,1.31
2018.03.28 09:41:49.992,1.34686,1.34704,1.00,1.00
2018.03.28 09:41:50.147,1.34684,1.34702,1.50,1.25
2018.03.28 09:41:50.250,1.34682,1.34703,1.25,1.19
2018.03.28 09:41:50.886,1.34683,1.34703,1.00,1.19
2018.03.28 09:41:51.647,1.34683,1.34703,1.00,1.19
2018.03.28 09:41:52.162,1.34682,1.34703,1.50,1.31
2018.03.28 09:41:52.437,1.3468,1.34701,1.25,1.19
2018.03.28 09:41:52.942,1.34681,1.34699,1.00,1.00
2018.03.28 09:41:55.840,1.3468,1.34698,1.00,1.00
2018.03.28 09:41:55.892,1.34684,1.34703,1.00,1.25
2018.03.28 09:41:55.996,1.34686,1.34704,1.00,1.00
2018.03.28 09:41:57.225,1.34686,1.34704,1.50,1.19
2018.03.28 09:41:57.738,1.34686,1.34704,1.00,1.00
2018.03.28 09:41:58.256,1.34687,1.34705,1.00,1.69
2018.03.28 09:41:58.417,1.34688,1.34709,1.00,1.31
2018.03.28 09:41:58.469,1.34689,1.34707,1.00,1.00
2018.03.28 09:41:58.727,1.34687,1.34709,1.69,1.69
2018.03.28 09:41:58.779,1.34689,1.34709,1.00,1.69
2018.03.28 09:41:58.831,1.34689,1.34709,1.00,1.00
2018.03.28 09:41:58.935,1.34688,1.34707,1.50,1.00
2018.03.28 09:41:59.244,1.34685,1.34703,1.00,1.00
2018.03.28 09:41:59.741,1.34687,1.34705,1.00,1.00
2018.03.28 09:42:00.264,1.34688,1.34707,1.25,2.25
2018.03.28 09:42:00.368,1.3469,1.34708,1.00,1.00
2018.03.28 09:42:00.891,1.34687,1.34708,1.19,1.00
2018.03.28 09:42:01.047,1.34688,1.3471,1.19,2.25
2018.03.28 09:42:01.224,1.34689,1.34708,1.25,1.00
2018.03.28 09:42:01.430,1.34686,1.34708,1.25,3.19
2018.03.28 09:42:01.846,1.34686,1.34708,1.19,1.50
2018.03.28 09:42:02.228,1.34687,1.34706,1.25,1.00
2018.03.28 09:42:02.903,1.34686,1.34707,1.19,1.00
2018.03.28 09:42:03.213,1.34685,1.34703,1.12,1.25
2018.03.28 09:42:03.526,1.34676,1.34694,1.00,1.50
2018.03.28 09:42:03.695,1.34671,1.34692,1.69,1.25
2018.03.28 09:42:03.748,1.34668,1.34686,2.44,1.00
2018.03.28 09:42:04.057,1.34665,1.34684,1.00,1.19
2018.03.28 09:42:05.067,1.34665,1.34684,1.00,1.31
2018.03.28 09:42:08.366,1.3467,1.34688,1.00,1.19
2018.03.28 09:42:08.469,1.34671,1.3469,1.00,3.19
2018.03.28 09:42:08.521,1.34673,1.34691,1.00,1.19
2018.03.28 09:42:08.573,1.34673,1.34692,1.00,1.69
2018.03.28 09:42:08.780,1.34675,1.34693,1.00,1.31
2018.03.28 09:42:08.832,1.34671,1.34693,2.06,1.31
2018.03.28 09:42:08.885,1.34676,1.34695,1.00,1.19
2018.03.28 09:42:08.937,1.34673,1.34696,1.00,1.19
2018.03.28 09:42:08.989,1.34676,1.34696,1.00,1.19
2018.03.28 09:42:09.501,1.34677,1.34697,1.00,1.19
2018.03.28 09:42:09.915,1.34674,1.34698,2.06,1.69
2018.03.28 09:42:09.967,1.34677,1.34697,1.00,1.19
2018.03.28 09:42:10.173,1.34674,1.34698,2.81,1.19
2018.03.28 09:42:10.224,1.34677,1.34697,1.00,1.19
2018.03.28 09:42:10.378,1.34674,1.34697,2.81,1.19
2018.03.28 09:42:11.386,1.34674,1.34691,1.19,1.00
2018.03.28 09:42:11.439,1.34667,1.34684,2.81,1.00
2018.03.28 09:42:11.492,1.34665,1.34683,1.00,1.00
2018.03.28 09:42:11.698,1.34664,1.34682,1.00,1.19
2018.03.28 09:42:12.043,1.34663,1.3468,1.00,1.19
2018.03.28 09:42:12.146,1.34663,1.3468,1.50,1.00
2018.03.28 09:42:12.248,1.34663,1.3468,2.25,1.19
2018.03.28 09:42:12.452,1.34665,1.34683,1.00,1.31
2018.03.28 09:42:12.504,1.34667,1.34684,1.00,1.50
2018.03.28 09:42:12.555,1.34669,1.34686,1.00,1.50
2018.03.28 09:42:12.657,1.34671,1.3469,1.00,2.00
2018.03.28 09:42:12.760,1.34672,1.3469,1.00,1.00
2018.03.28 09:42:12.811,1.34672,1.34692,1.00,1.31
2018.03.28 09:42:13.346,1.34673,1.34692,1.00,1.31
2018.03.28 09:42:14.175,1.34674,1.34692,1.00,1.31
2018.03.28 09:42:15.671,1.34673,1.34692,1.00,1.31
2018.03.28 09:42:15.723,1.34674,1.34692,1.00,2.44
2018.03.28 09:42:15.776,1.34671,1.34691,1.00,1.19
2018.03.28 09:42:16.306,1.3467,1.3469,1.00,1.19
2018.03.28 09:42:17.110,1.3467,1.3469,1.00,1.19
2018.03.28 09:42:18.041,1.3467,1.34691,1.69,1.19
2018.03.28 09:42:18.093,1.34672,1.34692,1.00,3.19
2018.03.28 09:42:18.504,1.3467,1.34688,1.00,1.00
2018.03.28 09:42:18.915,1.34668,1.34686,1.00,1.00
2018.03.28 09:42:19.326,1.34671,1.34688,1.00,1.00
2018.03.28 09:42:19.962,1.34668,1.34688,1.00,1.50
2018.03.28 09:42:20.017,1.34668,1.34686,1.00,1.00
2018.03.28 09:42:20.330,1.34662,1.34679,4.87,1.00
2018.03.28 09:42:20.684,1.34664,1.34681,1.00,1.50
2018.03.28 09:42:21.367,1.34665,1.34686,1.00,3.94
2018.03.28 09:42:21.522,1.34663,1.34681,4.50,1.19
2018.03.28 09:42:22.446,1.34666,1.34685,1.87,1.19
2018.03.28 09:42:22.772,1.34677,1.34694,1.00,1.50
2018.03.28 09:42:23.033,1.34674,1.34694,1.69,1.00
2018.03.28 09:42:23.086,1.34672,1.34691,1.31,1.00
2018.03.28 09:42:23.242,1.34669,1.3469,2.44,1.00
2018.03.28 09:42:23.440,1.34673,1.34691,1.00,1.25
2018.03.28 09:42:23.491,1.34673,1.34693,1.00,1.00
2018.03.28 09:42:23.542,1.34677,1.34694,1.00,1.00
2018.03.28 09:42:23.645,1.34679,1.34697,1.00,1.25
2018.03.28 09:42:23.850,1.34681,1.34699,1.00,1.00
2018.03.28 09:42:25.084,1.34679,1.34699,1.25,1.00
2018.03.28 09:42:25.604,1.34679,1.347,1.69,1.12
2018.03.28 09:42:26.182,1.3468,1.34699,1.00,1.00
2018.03.28 09:42:26.707,1.34679,1.34699,1.19,1.00
2018.03.28 09:42:26.862,1.34682,1.34701,1.00,1.25
2018.03.28 09:42:27.016,1.34681,1.34699,1.69,1.00
2018.03.28 09:42:27.068,1.34679,1.34701,2.81,1.25
2018.03.28 09:42:27.120,1.34681,1.34699,1.25,1.00
2018.03.28 09:42:28.674,1.34681,1.347,1.25,1.00
2018.03.28 09:42:29.856,1.34682,1.347,1.25,1.00
2018.03.28 09:42:29.960,1.34679,1.34698,1.69,1.00
2018.03.28 09:42:30.012,1.34679,1.34694,1.00,1.00
2018.03.28 09:42:30.064,1.34677,1.34694,1.12,1.00
2018.03.28 09:42:30.117,1.34675,1.34694,1.50,1.19
2018.03.28 09:42:30.220,1.34676,1.34694,1.00,1.19
2018.03.28 09:42:30.272,1.34676,1.34694,1.00,1.00
2018.03.28 09:42:30.324,1.34681,1.34698,1.00,1.19
2018.03.28 09:42:30.465,1.34677,1.34697,1.87,1.31
2018.03.28 09:42:30.516,1.34672,1.34686,1.37,1.00
2018.03.28 09:42:30.824,1.34668,1.3468,1.50,1.25
2018.03.28 09:42:31.132,1.34669,1.34678,1.00,1.25
2018.03.28 09:42:31.427,1.34665,1.34678,1.00,1.25
2018.03.28 09:42:31.529,1.34663,1.34678,1.00,1.25
2018.03.28 09:42:31.786,1.34663,1.34678,1.00,1.19
2018.03.28 09:42:32.454,1.34662,1.34677,1.50,1.19
2018.03.28 09:42:32.975,1.34663,1.34679,1.00,1.69
2018.03.28 09:42:33.485,1.34662,1.34677,1.50,1.19
2018.03.28 09:42:33.740,1.34663,1.34678,1.50,1.19
2018.03.28 09:42:35.127,1.34663,1.34678,1.50,1.19
2018.03.28 09:42:36.205,1.34663,1.34675,1.00,1.00
2018.03.28 09:42:36.598,1.34663,1.34673,1.00,1.25
2018.03.28 09:42:37.133,1.34662,1.34673,1.00,1.25
2018.03.28 09:42:37.443,1.34662,1.34673,1.00,1.31
2018.03.28 09:42:37.545,1.34653,1.34673,1.00,1.31
2018.03.28 09:42:40.118,1.34655,1.34673,1.00,1.31
2018.03.28 09:42:41.049,1.34655,1.34673,1.00,1.25
2018.03.28 09:42:41.290,1.34656,1.34676,1.00,1.19
2018.03.28 09:42:41.394,1.34656,1.34677,1.69,1.25
2018.03.28 09:42:41.498,1.34657,1.34679,1.00,1.31
2018.03.28 09:42:41.703,1.34654,1.34674,1.50,1.19
2018.03.28 09:42:43.180,1.34655,1.34673,1.00,1.00
2018.03.28 09:42:43.231,1.34655,1.34675,1.19,1.00
2018.03.28 09:42:43.333,1.3466,1.34679,1.00,1.31
2018.03.28 09:42:43.384,1.34662,1.34681,1.00,2.06
2018.03.28 09:42:43.845,1.34663,1.34683,1.00,1.00
2018.03.28 09:42:44.137,1.34663,1.34681,1.00,1.00
2018.03.28 09:42:44.679,1.34662,1.34681,1.00,1.00
2018.03.28 09:42:44.731,1.3466,1.34681,1.25,1.00
2018.03.28 09:42:45.270,1.34661,1.34682,1.00,1.25
2018.03.28 09:42:45.905,1.34661,1.34681,1.69,1.00
2018.03.28 09:42:45.957,1.34662,1.34683,1.19,1.00
2018.03.28 09:42:46.111,1.34659,1.34681,1.69,1.19
2018.03.28 09:42:46.415,1.34663,1.34681,1.00,1.19
2018.03.28 09:42:46.672,1.34662,1.34682,1.50,1.25
2018.03.28 09:42:46.724,1.34662,1.3468,1.00,1.00
2018.03.28 09:42:46.777,1.34663,1.34683,1.00,1.19
2018.03.28 09:42:47.036,1.34661,1.34682,1.00,1.25
2018.03.28 09:42:47.089,1.34666,1.34688,1.25,1.25
2018.03.28 09:42:47.141,1.34668,1.34689,1.00,3.19
2018.03.28 09:42:47.676,1.34666,1.34686,1.31,1.00
2018.03.28 09:42:47.728,1.34667,1.34688,1.19,1.25
2018.03.28 09:42:48.254,1.34667,1.34687,1.19,1.00
2018.03.28 09:42:48.804,1.34666,1.34686,2.06,1.00
2018.03.28 09:42:48.962,1.34664,1.34686,1.00,2.06
2018.03.28 09:42:49.015,1.34664,1.34682,1.00,1.00
2018.03.28 09:42:49.120,1.34662,1.34681,1.25,1.00
2018.03.28 09:42:49.595,1.34664,1.34681,1.00,1.00
2018.03.28 09:42:50.594,1.34662,1.34682,1.25,1.69
2018.03.28 09:42:51.117,1.34663,1.34682,1.00,1.25
2018.03.28 09:42:52.732,1.34665,1.34683,1.00,1.25
2018.03.28 09:42:53.093,1.34667,1.34685,1.00,1.31
2018.03.28 09:42:53.145,1.34665,1.34683,1.12,1.19
2018.03.28 09:42:53.197,1.34666,1.34684,1.00,1.56
2018.03.28 09:42:55.815,1.34666,1.34684,1.00,1.25
2018.03.28 09:42:55.918,1.34665,1.34686,1.25,1.00
2018.03.28 09:42:56.126,1.34667,1.34685,1.00,1.00
2018.03.28 09:42:56.343,1.34667,1.34687,1.00,1.25
2018.03.28 09:42:56.395,1.34671,1.34689,1.00,1.25
2018.03.28 09:42:56.963,1.34667,1.34684,1.00,1.00
2018.03.28 09:42:57.068,1.34664,1.34685,1.25,1.00
2018.03.28 09:42:57.227,1.34665,1.34686,1.69,1.00
2018.03.28 09:42:57.537,1.34663,1.34683,1.87,1.00
2018.03.28 09:42:57.932,1.34663,1.34682,1.37,1.19
2018.03.28 09:42:58.767,1.34662,1.34682,1.12,1.19
2018.03.28 09:42:59.275,1.34663,1.34683,1.00,1.31
2018.03.28 09:42:59.848,1.34663,1.34683,1.00,1.19
2018.03.28 09:43:01.862,1.34665,1.34682,1.00,1.19
2018.03.28 09:43:01.914,1.34665,1.34685,1.00,1.19
2018.03.28 09:43:02.069,1.34666,1.34686,1.00,1.25
2018.03.28 09:43:02.378,1.34671,1.34689,1.00,1.19
2018.03.28 09:43:02.430,1.34669,1.34688,1.00,1.19
2018.03.28 09:43:02.534,1.34667,1.34685,1.62,1.00
2018.03.28 09:43:02.673,1.34667,1.34688,1.56,1.00
2018.03.28 09:43:02.726,1.34667,1.34685,1.00,1.00
2018.03.28 09:43:02.778,1.34665,1.34686,1.69,1.00
2018.03.28 09:43:02.881,1.34665,1.34685,1.50,1.19
2018.03.28 09:43:03.190,1.3467,1.34688,1.00,1.12
2018.03.28 09:43:03.538,1.34671,1.3469,1.00,1.12
2018.03.28 09:43:03.641,1.34668,1.34688,1.19,1.00
2018.03.28 09:43:04.166,1.34669,1.34687,1.19,1.00
2018.03.28 09:43:04.688,1.34669,1.34688,1.19,1.00
2018.03.28 09:43:05.211,1.34669,1.34689,1.31,1.00
2018.03.28 09:43:05.528,1.3466,1.34677,1.19,1.00
2018.03.28 09:43:05.580,1.34659,1.34677,1.31,1.00
2018.03.28 09:43:05.682,1.34655,1.34674,1.19,1.00
2018.03.28 09:43:05.733,1.34654,1.34672,1.50,1.00
2018.03.28 09:43:05.785,1.34654,1.3467,1.50,1.19
2018.03.28 09:43:05.837,1.3465,1.34669,1.00,1.19
2018.03.28 09:43:05.991,1.34648,1.34667,1.00,1.00
2018.03.28 09:43:06.323,1.34654,1.34671,1.00,1.31
2018.03.28 09:43:06.375,1.34655,1.34674,1.00,1.69
2018.03.28 09:43:06.883,1.34654,1.34673,1.31,1.00
2018.03.28 09:43:07.272,1.34652,1.34673,1.69,1.00
2018.03.28 09:43:07.324,1.3465,1.34671,2.06,1.00
2018.03.28 09:43:07.875,1.34651,1.3467,1.19,1.00
2018.03.28 09:43:08.184,1.3465,1.34669,1.69,1.00
2018.03.28 09:43:08.956,1.3465,1.34669,1.50,1.19
2018.03.28 09:43:09.110,1.34651,1.34671,1.00,1.31
2018.03.28 09:43:09.316,1.34652,1.34672,1.25,1.69
2018.03.28 09:43:09.419,1.3465,1.3467,1.69,1.00
2018.03.28 09:43:09.861,1.34651,1.34672,1.19,1.25
2018.03.28 09:43:10.350,1.34652,1.3467,1.25,1.00
2018.03.28 09:43:12.232,1.34645,1.34662,1.12,1.00
2018.03.28 09:43:12.285,1.34647,1.34667,1.00,1.19
2018.03.28 09:43:12.338,1.3465,1.34668,1.00,1.31
2018.03.28 09:43:12.391,1.34647,1.34666,1.25,1.00
2018.03.28 09:43:12.546,1.34645,1.34668,1.50,1.31
2018.03.28 09:43:12.598,1.34647,1.34667,1.00,1.19
2018.03.28 09:43:13.177,1.34645,1.34668,1.50,2.06
2018.03.28 09:43:13.748,1.34646,1.34667,1.25,1.19
2018.03.28 09:43:15.083,1.34645,1.34668,1.19,1.31
2018.03.28 09:43:15.585,1.34648,1.34666,1.00,1.00
2018.03.28 09:43:15.740,1.34645,1.34664,1.19,1.00
2018.03.28 09:43:15.793,1.34644,1.34665,1.31,1.69
2018.03.28 09:43:16.068,1.34648,1.34667,1.31,1.00
2018.03.28 09:43:16.120,1.34648,1.34669,1.31,1.25
2018.03.28 09:43:16.726,1.34648,1.34669,1.31,1.25
2018.03.28 09:43:17.439,1.3465,1.34669,1.00,1.00
2018.03.28 09:43:18.142,1.34649,1.3467,1.69,1.00
2018.03.28 09:43:18.243,1.34649,1.3467,1.50,1.25
2018.03.28 09:43:18.295,1.34656,1.34674,1.00,1.19
2018.03.28 09:43:18.552,1.34656,1.34677,1.31,1.00
2018.03.28 09:43:19.083,1.34656,1.34676,1.12,1.00
2018.03.28 09:43:19.288,1.34656,1.34674,1.12,1.00
2018.03.28 09:43:19.340,1.34656,1.34677,1.12,1.69
2018.03.28 09:43:19.815,1.34655,1.34675,1.69,1.00
2018.03.28 09:43:20.342,1.34656,1.34676,1.31,1.25
2018.03.28 09:43:20.891,1.34656,1.34675,1.31,1.00
2018.03.28 09:43:21.196,1.34656,1.34675,1.12,1.19
2018.03.28 09:43:21.500,1.3465,1.34668,1.00,1.19
2018.03.28 09:43:22.137,1.34649,1.34667,1.00,1.25
2018.03.28 09:43:22.652,1.34649,1.34666,1.00,1.00
2018.03.28 09:43:23.153,1.34649,1.34667,1.00,1.25
2018.03.28 09:43:23.703,1.3465,1.34667,1.00,1.25
2018.03.28 09:43:24.321,1.3465,1.34671,1.00,1.19
2018.03.28 09:43:24.374,1.34652,1.3467,1.00,1.00
2018.03.28 09:43:24.478,1.34652,1.34672,1.00,1.31
2018.03.28 09:43:25.652,1.34653,1.34673,1.00,1.31
2018.03.28 09:43:26.466,1.34653,1.34671,1.00,1.00
2018.03.28 09:43:26.951,1.34653,1.34673,1.69,1.25
2018.03.28 09:43:27.207,1.34655,1.34673,1.00,1.25
2018.03.28 09:43:27.575,1.34653,1.34673,1.69,1.25
2018.03.28 09:43:28.108,1.34656,1.34675,1.00,1.19
2018.03.28 09:43:28.161,1.34657,1.34676,1.25,1.00
2018.03.28 09:43:28.719,1.34657,1.34677,1.25,1.25
2018.03.28 09:43:29.317,1.34658,1.34677,1.00,1.25
2018.03.28 09:43:29.585,1.34655,1.34677,1.19,1.19
2018.03.28 09:43:30.133,1.34657,1.34675,1.00,1.00
2018.03.28 09:43:30.710,1.34656,1.34675,1.25,1.00
2018.03.28 09:43:32.596,1.34656,1.34674,1.00,1.00
2018.03.28 09:43:33.642,1.34649,1.34667,1.69,1.00
2018.03.28 09:43:33.698,1.34647,1.34667,1.00,1.00
2018.03.28 09:43:33.751,1.34647,1.34665,2.25,1.00
2018.03.28 09:43:34.203,1.34649,1.3467,1.00,1.69
2018.03.28 09:43:34.307,1.34649,1.34667,1.00,1.00
2018.03.28 09:43:34.981,1.34648,1.34667,1.00,1.00
2018.03.28 09:43:35.136,1.34648,1.3467,1.00,1.19
2018.03.28 09:43:35.343,1.34649,1.34668,1.00,1.19
2018.03.28 09:43:35.395,1.34647,1.34668,1.00,1.19
2018.03.28 09:43:35.503,1.34645,1.34667,2.44,1.25
2018.03.28 09:43:35.639,1.34651,1.34669,1.00,1.19
2018.03.28 09:43:35.691,1.34651,1.3467,1.00,1.19
2018.03.28 09:43:37.147,1.34651,1.3467,1.00,1.25
2018.03.28 09:43:37.683,1.34649,1.34671,1.00,1.31
2018.03.28 09:43:38.068,1.34651,1.3467,1.00,1.25
2018.03.28 09:43:38.585,1.34652,1.3467,1.00,1.25
2018.03.28 09:43:38.898,1.34651,1.34669,1.00,1.19
2018.03.28 09:43:38.950,1.34649,1.34671,1.00,1.69
2018.03.28 09:43:39.206,1.34649,1.34671,1.19,1.69
2018.03.28 09:43:39.872,1.34648,1.34669,1.31,1.00
2018.03.28 09:43:40.410,1.34648,1.34668,2.06,1.00
2018.03.28 09:43:41.156,1.34648,1.3467,1.31,1.31
2018.03.28 09:43:44.463,1.3465,1.34669,1.00,1.25
2018.03.28 09:43:45.039,1.34649,1.34669,1.25,1.25
2018.03.28 09:43:45.563,1.34648,1.34671,2.06,1.69
2018.03.28 09:43:45.818,1.34647,1.34667,1.69,1.00
2018.03.28 09:43:45.869,1.34645,1.34666,1.25,1.00
2018.03.28 09:43:45.921,1.34645,1.34666,1.00,1.19
2018.03.28 09:43:46.444,1.34646,1.34665,1.00,1.19
2018.03.28 09:43:46.979,1.34647,1.34665,1.00,1.25
2018.03.28 09:43:47.113,1.34644,1.34665,2.44,1.25
2018.03.28 09:43:47.625,1.34646,1.34665,1.25,1.00
2018.03.28 09:43:48.136,1.34647,1.34665,1.00,1.00
2018.03.28 09:43:49.082,1.34648,1.34666,1.00,1.19
2018.03.28 09:43:49.441,1.34645,1.34668,1.12,1.19
2018.03.28 09:43:49.493,1.34645,1.34668,1.31,1.19
2018.03.28 09:43:50.078,1.34648,1.34667,1.00,1.25
2018.03.28 09:43:50.587,1.34649,1.34667,1.00,1.25
2018.03.28 09:43:51.193,1.34648,1.34668,1.00,1.19
2018.03.28 09:43:51.765,1.34652,1.34672,1.00,1.19
2018.03.28 09:43:51.869,1.34653,1.34674,1.00,3.19
2018.03.28 09:43:52.063,1.34655,1.34675,1.00,2.81
2018.03.28 09:43:52.569,1.34656,1.34674,1.00,1.00
2018.03.28 09:43:53.579,1.34655,1.34674,1.00,1.00
2018.03.28 09:43:54.020,1.34656,1.34676,1.25,1.25
2018.03.28 09:43:54.433,1.34656,1.34676,1.12,1.19
2018.03.28 09:43:54.935,1.34655,1.34675,1.00,1.19
2018.03.28 09:43:55.038,1.34652,1.34673,1.37,1.31
2018.03.28 09:43:55.209,1.34651,1.34674,1.25,2.44
2018.03.28 09:43:55.260,1.34651,1.34672,1.00,1.19
2018.03.28 09:43:55.582,1.34647,1.34665,1.00,1.25
2018.03.28 09:43:57.812,1.34647,1.34669,1.00,1.69
2018.03.28 09:43:57.863,1.34648,1.34668,1.25,1.25
2018.03.28 09:43:57.914,1.3465,1.34668,1.00,1.25
2018.03.28 09:43:58.466,1.34649,1.34668,1.00,1.25
2018.03.28 09:43:58.674,1.34652,1.34672,1.25,1.25
2018.03.28 09:43:58.842,1.34658,1.34678,1.25,1.31
2018.03.28 09:43:59.152,1.3466,1.34679,1.00,1.00
2018.03.28 09:43:59.729,1.34659,1.3468,1.31,1.12
2018.03.28 09:44:00.036,1.34658,1.34678,1.37,1.00
2018.03.28 09:44:00.564,1.34659,1.34677,1.12,1.00
2018.03.28 09:44:00.981,1.34656,1.34678,1.19,1.19
2018.03.28 09:44:01.516,1.34658,1.34676,1.00,1.00
2018.03.28 09:44:02.077,1.34657,1.34676,1.00,1.00
2018.03.28 09:44:02.891,1.34657,1.34677,1.00,1.19
2018.03.28 09:44:05.003,1.34655,1.34673,1.50,1.19
2018.03.28 09:44:05.056,1.34651,1.34669,1.00,1.00
2018.03.28 09:44:05.108,1.34649,1.34669,1.50,1.19
2018.03.28 09:44:05.621,1.3465,1.34669,1.00,1.19
2018.03.28 09:44:05.956,1.34652,1.34671,1.00,1.25
2018.03.28 09:44:06.160,1.34656,1.34674,1.00,1.56
2018.03.28 09:44:06.259,1.34656,1.34674,1.00,1.25
2018.03.28 09:44:06.778,1.34655,1.34676,1.00,2.06
2018.03.28 09:44:07.004,1.34657,1.34676,1.00,2.06
2018.03.28 09:44:07.525,1.34656,1.34676,1.00,1.31
2018.03.28 09:44:07.906,1.34658,1.34676,1.00,2.06
2018.03.28 09:44:09.132,1.34657,1.34673,1.00,1.00
2018.03.28 09:44:15.518,1.34656,1.34673,1.00,1.00
2018.03.28 09:44:16.577,1.34656,1.34675,1.00,1.25
2018.03.28 09:44:17.025,1.34656,1.34673,1.00,1.00
2018.03.28 09:44:17.179,1.34654,1.34672,1.50,1.00
2018.03.28 09:44:17.318,1.34654,1.3467,1.00,1.00
2018.03.28 09:44:17.656,1.34659,1.34676,1.12,1.00
2018.03.28 09:44:17.863,1.34659,1.34678,1.12,1.25
2018.03.28 09:44:18.997,1.3466,1.34677,1.00,1.00
2018.03.28 09:44:19.520,1.34661,1.34678,1.00,1.25
2018.03.28 09:44:20.068,1.34662,1.34679,1.00,1.19
2018.03.28 09:44:20.171,1.3466,1.34679,1.50,1.19
2018.03.28 09:44:20.728,1.34659,1.34677,1.87,1.00
2018.03.28 09:44:20.830,1.34659,1.34674,1.12,1.00
2018.03.28 09:44:21.104,1.34653,1.34673,2.25,1.19
2018.03.28 09:44:21.611,1.34654,1.34672,1.00,1.25
2018.03.28 09:44:21.662,1.34654,1.34668,1.00,1.00
2018.03.28 09:44:21.713,1.34648,1.34668,1.12,1.19
2018.03.28 09:44:21.764,1.34649,1.34659,1.00,1.00
2018.03.28 09:44:21.816,1.34643,1.3466,1.50,1.19
2018.03.28 09:44:22.021,1.34644,1.34661,1.00,1.25
2018.03.28 09:44:23.114,1.34645,1.34663,1.00,1.19
2018.03.28 09:44:23.474,1.34642,1.34661,2.62,1.19
2018.03.28 09:44:24.036,1.34642,1.34658,1.00,1.00
2018.03.28 09:44:24.577,1.34641,1.34658,2.62,1.00
2018.03.28 09:44:25.139,1.34642,1.3466,1.00,1.19
2018.03.28 09:44:25.652,1.34643,1.3466,1.00,1.19
2018.03.28 09:44:26.978,1.34643,1.34662,1.00,1.19
2018.03.28 09:44:27.131,1.34645,1.34664,1.50,1.19
2018.03.28 09:44:27.383,1.34647,1.34668,1.00,2.06
2018.03.28 09:44:28.638,1.34648,1.34668,1.00,1.19
2018.03.28 09:44:28.690,1.34647,1.3467,2.06,1.25
2018.03.28 09:44:29.199,1.34651,1.34669,1.00,1.00
2018.03.28 09:44:29.921,1.34651,1.3467,1.00,1.25
2018.03.28 09:44:30.076,1.3465,1.34672,1.19,1.00
2018.03.28 09:44:30.393,1.3465,1.3467,1.19,1.00
2018.03.28 09:44:31.988,1.34652,1.34669,1.19,1.00
2018.03.28 09:44:32.294,1.3465,1.34674,1.19,2.44
2018.03.28 09:44:32.345,1.34652,1.34671,1.19,1.00
2018.03.28 09:44:32.498,1.34653,1.34673,1.25,1.25
2018.03.28 09:44:32.600,1.34654,1.34674,1.31,1.00
2018.03.28 09:44:33.151,1.34656,1.34674,1.00,1.00
2018.03.28 09:44:34.759,1.34656,1.3467,1.00,1.00
2018.03.28 09:44:34.812,1.34651,1.34666,1.00,1.00
2018.03.28 09:44:34.864,1.34649,1.34665,1.00,1.00
2018.03.28 09:44:35.390,1.34646,1.34665,1.31,1.00
2018.03.28 09:44:35.898,1.34646,1.34666,1.31,1.00
2018.03.28 09:44:36.415,1.34646,1.34665,1.31,1.00
2018.03.28 09:44:37.069,1.34646,1.34666,1.31,1.00
2018.03.28 09:44:37.171,1.34646,1.34664,1.31,1.00
2018.03.28 09:44:37.638,1.34646,1.34665,1.31,1.00
2018.03.28 09:44:38.291,1.34646,1.34666,2.44,1.00
2018.03.28 09:44:38.370,1.34646,1.3467,1.69,2.44
2018.03.28 09:44:38.437,1.3465,1.34669,1.69,1.00
2018.03.28 09:44:38.489,1.34651,1.34671,1.19,1.00
2018.03.28 09:44:38.644,1.34652,1.34669,1.25,1.00
2018.03.28 09:44:39.266,1.34652,1.3467,1.25,1.00
2018.03.28 09:44:39.425,1.34652,1.34672,1.25,1.25
2018.03.28 09:44:39.478,1.34652,1.3467,1.00,1.00
2018.03.28 09:44:40.026,1.34652,1.34669,1.00,1.00
2018.03.28 09:44:40.543,1.34652,1.3467,1.00,1.00
2018.03.28 09:44:41.421,1.34652,1.34671,1.00,1.25
2018.03.28 09:44:41.834,1.34652,1.34668,1.00,1.00
2018.03.28 09:44:41.978,1.34652,1.3467,1.00,1.00
2018.03.28 09:44:42.683,1.34651,1.3467,1.25,1.00
2018.03.28 09:44:43.267,1.3465,1.34669,1.19,1.00
2018.03.28 09:44:43.783,1.3465,1.34671,2.06,1.00
2018.03.28 09:44:43.885,1.34651,1.34669,1.00,1.00
2018.03.28 09:44:44.011,1.34651,1.34671,1.00,1.00
2018.03.28 09:44:44.886,1.3465,1.3467,2.81,1.00
2018.03.28 09:44:45.040,1.3465,1.34672,2.06,1.00
2018.03.28 09:44:45.565,1.34651,1.34671,1.69,1.00
2018.03.28 09:44:46.068,1.34651,1.34671,1.69,1.00
2018.03.28 09:44:46.573,1.34651,1.3467,1.69,1.00
2018.03.28 09:44:46.932,1.3465,1.34672,2.81,1.25
2018.03.28 09:44:47.466,1.34651,1.34672,1.19,1.00
2018.03.28 09:44:48.001,1.34651,1.34671,1.19,1.00
2018.03.28 09:44:48.652,1.34651,1.34671,1.19,1.00
2018.03.28 09:44:49.163,1.34651,1.34672,1.19,1.00
2018.03.28 09:44:49.214,1.34651,1.3467,1.19,1.00
2018.03.28 09:44:49.727,1.34653,1.3467,1.00,1.00
2018.03.28 09:44:50.035,1.34649,1.34666,1.00,1.00
2018.03.28 09:44:50.189,1.34649,1.34668,1.00,1.00
2018.03.28 09:44:50.728,1.34649,1.34669,1.00,1.00
2018.03.28 09:44:51.376,1.3465,1.34668,1.12,1.00
2018.03.28 09:44:52.954,1.34653,1.34675,1.12,1.19
2018.03.28 09:44:53.006,1.34656,1.34678,1.00,1.69
2018.03.28 09:44:53.315,1.34656,1.34676,2.44,1.25
2018.03.28 09:44:53.743,1.34658,1.34678,1.31,1.25
2018.03.28 09:44:53.795,1.3466,1.34679,1.00,1.19
2018.03.28 09:44:54.310,1.34659,1.34679,1.69,1.00
2018.03.28 09:44:55.137,1.3466,1.3468,2.06,1.00
2018.03.28 09:44:55.188,1.3466,1.34682,1.31,1.31
2018.03.28 09:44:55.343,1.3466,1.3468,2.06,1.00
2018.03.28 09:44:55.446,1.3466,1.3468,1.31,1.25
2018.03.28 09:44:55.697,1.34661,1.34681,1.19,1.00
2018.03.28 09:44:56.226,1.34664,1.34684,1.31,1.25
2018.03.28 09:44:56.381,1.34666,1.34685,1.00,1.50
2018.03.28 09:44:56.909,1.34665,1.34684,2.00,1.00
2018.03.28 09:44:57.448,1.34666,1.34685,1.50,1.00
2018.03.28 09:44:57.717,1.34663,1.34683,1.00,1.19
2018.03.28 09:44:58.095,1.34663,1.34684,1.19,1.25
2018.03.28 09:44:58.613,1.34664,1.34685,1.69,1.12
2018.03.28 09:45:00.039,1.34665,1.34683,1.69,1.00
2018.03.28 09:45:00.214,1.34665,1.34685,1.25,1.12
2018.03.28 09:45:01.095,1.34665,1.34685,1.19,1.12
2018.03.28 09:45:02.155,1.34665,1.34684,1.19,1.00
2018.03.28 09:45:02.631,1.34664,1.34686,1.19,1.00
2018.03.28 09:45:03.905,1.34666,1.34685,1.19,1.00
2018.03.28 09:45:05.573,1.34665,1.34686,1.19,1.00
2018.03.28 09:45:06.103,1.34665,1.34685,1.19,1.00
2018.03.28 09:45:06.634,1.34665,1.34686,1.69,1.00
2018.03.28 09:45:07.183,1.34667,1.34685,1.25,1.00
2018.03.28 09:45:07.284,1.3467,1.34689,1.19,1.00
2018.03.28 09:45:07.800,1.34671,1.34688,1.69,1.00
2018.03.28 09:45:08.128,1.34671,1.3469,1.25,1.00
2018.03.28 09:45:08.493,1.3467,1.34688,2.06,1.00
2018.03.28 09:45:10.212,1.34671,1.34686,1.00,1.00
2018.03.28 09:45:10.720,1.34671,1.34687,1.00,1.00
2018.03.28 09:45:11.242,1.34668,1.34687,1.69,1.00
2018.03.28 09:45:11.755,1.34667,1.34687,1.31,1.00
2018.03.28 09:45:12.205,1.34667,1.34685,1.31,1.00
2018.03.28 09:45:12.308,1.3467,1.3469,1.69,1.00
2018.03.28 09:45:12.492,1.34674,1.34692,1.00,1.00
2018.03.28 09:45:12.546,1.34673,1.34695,4.69,1.31
2018.03.28 09:45:12.597,1.34677,1.34695,1.00,1.31
2018.03.28 09:45:12.906,1.34673,1.34691,1.50,1.00
2018.03.28 09:45:13.061,1.34672,1.3469,1.00,1.00
2018.03.28 09:45:13.616,1.34671,1.34689,1.50,1.00
2018.03.28 09:45:14.154,1.34672,1.34691,1.00,1.00
2018.03.28 09:45:14.784,1.34671,1.3469,1.50,1.00
2018.03.28 09:45:14.899,1.34673,1.34691,1.00,1.00
2018.03.28 09:45:15.440,1.34674,1.3469,1.00,1.00
2018.03.28 09:45:15.990,1.34673,1.34689,1.00,1.00
2018.03.28 09:45:16.602,1.34674,1.34689,1.00,1.25
2018.03.28 09:45:17.134,1.34673,1.3469,1.00,1.19
2018.03.28 09:45:17.636,1.34671,1.34686,2.25,1.00
2018.03.28 09:45:17.741,1.34671,1.34688,1.50,1.00
2018.03.28 09:45:18.265,1.34671,1.34687,1.50,1.00
2018.03.28 09:45:18.778,1.3467,1.34687,1.00,1.00
2018.03.28 09:45:18.830,1.34667,1.34685,1.00,1.00
2018.03.28 09:45:19.090,1.34671,1.3469,1.37,1.25
2018.03.28 09:45:19.397,1.34663,1.34674,4.12,1.00
2018.03.28 09:45:19.729,1.34663,1.34681,1.87,1.12
2018.03.28 09:45:20.068,1.34669,1.34686,1.12,1.50
2018.03.28 09:45:20.580,1.34669,1.34684,1.12,1.00
2018.03.28 09:45:21.376,1.34668,1.34685,2.25,1.00
2018.03.28 09:45:21.958,1.34669,1.34684,1.12,1.00
2018.03.28 09:45:22.061,1.34669,1.34687,1.87,1.00
2018.03.28 09:45:22.558,1.34672,1.34688,1.00,1.00
2018.03.28 09:45:23.556,1.34671,1.34689,1.50,1.00
2018.03.28 09:45:24.120,1.34672,1.34689,1.00,1.00
2018.03.28 09:45:24.883,1.34671,1.34689,1.69,1.00
2018.03.28 09:45:25.472,1.34672,1.34688,1.00,1.00
2018.03.28 09:45:25.973,1.34672,1.34689,1.00,1.00
2018.03.28 09:45:28.207,1.34672,1.3469,1.25,1.50
2018.03.28 09:45:28.807,1.34672,1.34689,1.25,1.00
2018.03.28 09:45:29.122,1.34671,1.34691,2.44,1.50
2018.03.28 09:45:29.762,1.34671,1.3469,1.50,1.69
2018.03.28 09:45:29.813,1.34672,1.34688,1.00,1.00
2018.03.28 09:45:30.653,1.34672,1.34689,1.00,1.00
2018.03.28 09:45:31.262,1.34671,1.34689,1.00,1.00
2018.03.28 09:45:32.003,1.34671,1.34688,1.00,1.00
2018.03.28 09:45:32.532,1.3467,1.34689,1.31,1.50
2018.03.28 09:45:34.012,1.34675,1.34692,1.00,1.00
2018.03.28 09:45:34.562,1.34675,1.34692,1.69,1.50
2018.03.28 09:45:35.142,1.34675,1.34691,1.69,1.50
2018.03.28 09:45:35.736,1.34675,1.34691,1.00,1.50
2018.03.28 09:45:36.062,1.34676,1.34689,1.00,1.00
2018.03.28 09:45:36.826,1.34675,1.3469,2.06,1.00
2018.03.28 09:45:38.208,1.34675,1.3469,2.06,1.00
2018.03.28 09:45:38.414,1.34675,1.34692,2.06,1.00
2018.03.28 09:45:38.894,1.34675,1.34692,1.31,1.00
2018.03.28 09:45:39.414,1.34675,1.34693,1.87,1.00
2018.03.28 09:45:40.256,1.34674,1.34694,1.62,1.00
2018.03.28 09:45:40.802,1.34675,1.34693,1.12,1.00
2018.03.28 09:45:41.007,1.34673,1.34692,2.44,1.00
2018.03.28 09:45:41.434,1.34673,1.34688,2.44,1.00
2018.03.28 09:45:41.921,1.34675,1.34696,2.25,1.25
2018.03.28 09:45:41.973,1.34676,1.34696,1.19,1.00
2018.03.28 09:45:42.285,1.3468,1.34696,1.19,1.00
2018.03.28 09:45:42.439,1.3468,1.34698,1.19,1.00
2018.03.28 09:45:42.942,1.3468,1.34698,1.69,1.00
2018.03.28 09:45:43.411,1.3468,1.34695,2.25,1.00
2018.03.28 09:45:43.938,1.3468,1.34699,1.50,1.50
2018.03.28 09:45:44.092,1.34682,1.34699,1.00,1.00
2018.03.28 09:45:44.464,1.34682,1.34701,1.00,1.25
2018.03.28 09:45:46.466,1.34682,1.34701,1.75,1.25
2018.03.28 09:45:46.518,1.34686,1.34705,1.87,1.50
2018.03.28 09:45:46.620,1.34688,1.34707,1.00,1.50
2018.03.28 09:45:46.925,1.3469,1.34708,1.25,1.00
2018.03.28 09:45:47.172,1.3469,1.3471,1.25,2.25
2018.03.28 09:45:47.748,1.34691,1.3471,1.00,1.50
2018.03.28 09:45:48.409,1.3469,1.34708,1.00,1.00
2018.03.28 09:45:48.719,1.34687,1.34704,1.00,1.00
2018.03.28 09:45:49.997,1.34684,1.34702,1.69,1.00
2018.03.28 09:45:50.330,1.34682,1.347,1.00,2.06
2018.03.28 09:45:51.613,1.34681,1.34699,1.00,1.12
2018.03.28 09:45:51.963,1.34681,1.34696,1.00,1.00
2018.03.28 09:45:54.318,1.34681,1.34696,1.19,1.00
2018.03.28 09:45:56.138,1.34681,1.347,1.19,1.37
2018.03.28 09:45:56.193,1.34684,1.34701,1.12,1.87
2018.03.28 09:45:56.299,1.34682,1.34701,1.69,1.87
2018.03.28 09:46:01.766,1.34683,1.34701,1.00,1.12
2018.03.28 09:46:02.584,1.34682,1.34703,1.25,3.56
2018.03.28 09:46:02.737,1.34682,1.34699,1.00,1.37
2018.03.28 09:46:03.562,1.34681,1.34697,1.50,1.00
2018.03.28 09:46:04.069,1.34682,1.34697,1.00,1.00
2018.03.28 09:46:04.382,1.34681,1.34696,1.00,1.37
2018.03.28 09:46:04.650,1.34663,1.34679,1.00,1.37
2018.03.28 09:46:04.703,1.34661,1.34678,1.00,1.25
2018.03.28 09:46:04.807,1.34657,1.34676,2.44,1.00
2018.03.28 09:46:04.912,1.34657,1.34675,1.50,1.50
2018.03.28 09:46:05.448,1.34658,1.34676,1.00,2.62
2018.03.28 09:46:06.114,1.34657,1.34674,1.00,1.12
2018.03.28 09:46:06.917,1.34657,1.3467,1.50,1.00
2018.03.28 09:46:07.406,1.34657,1.34674,1.50,1.12
2018.03.28 09:46:08.366,1.34657,1.34675,1.19,2.25
2018.03.28 09:46:09.661,1.34657,1.34675,1.25,1.87
2018.03.28 09:46:09.907,1.34662,1.34676,1.00,1.00
2018.03.28 09:46:09.960,1.34662,1.34679,1.00,1.00
2018.03.28 09:46:10.013,1.34664,1.34681,1.00,1.50
2018.03.28 09:46:10.522,1.34664,1.34681,1.31,1.00
2018.03.28 09:46:10.828,1.34668,1.34686,1.25,1.50
2018.03.28 09:46:10.947,1.34667,1.34688,2.81,2.62
2018.03.28 09:46:11.204,1.34668,1.34684,1.00,1.50
2018.03.28 09:46:11.653,1.34667,1.34687,1.12,1.19
2018.03.28 09:46:11.705,1.34671,1.34687,1.00,1.19
2018.03.28 09:46:11.757,1.34671,1.34689,1.00,1.00
2018.03.28 09:46:11.860,1.34672,1.34693,1.31,4.31
2018.03.28 09:46:12.710,1.34677,1.34691,1.00,1.00
2018.03.28 09:46:13.019,1.34674,1.34691,1.50,1.12
2018.03.28 09:46:13.292,1.34672,1.34692,1.69,1.87
2018.03.28 09:46:13.498,1.34673,1.34686,1.50,1.00
2018.03.28 09:46:13.974,1.34673,1.3469,1.50,1.50
2018.03.28 09:46:15.466,1.34671,1.3469,1.00,1.00
2018.03.28 09:46:15.961,1.34671,1.34688,1.00,1.00
2018.03.28 09:46:16.400,1.3467,1.34687,1.12,1.37
2018.03.28 09:46:16.607,1.34668,1.34686,1.12,1.00
2018.03.28 09:46:16.659,1.34666,1.34685,1.69,1.50
2018.03.28 09:46:17.206,1.34664,1.34683,1.69,1.00
2018.03.28 09:46:17.566,1.34664,1.34683,1.00,1.50
2018.03.28 09:46:17.618,1.34664,1.34683,1.19,1.50
2018.03.28 09:46:18.030,1.34664,1.34683,1.25,1.50
2018.03.28 09:46:20.244,1.34665,1.34683,1.19,1.00
2018.03.28 09:46:21.276,1.34664,1.34684,1.19,1.12
2018.03.28 09:46:21.850,1.34664,1.34685,1.31,1.37
2018.03.28 09:46:22.801,1.34668,1.34685,1.00,2.25
2018.03.28 09:46:23.114,1.3467,1.34689,1.19,1.50
2018.03.28 09:46:23.630,1.34669,1.3469,2.06,1.12
2018.03.28 09:46:24.211,1.34669,1.3469,1.69,1.12
2018.03.28 09:46:26.136,1.3467,1.34689,1.19,1.00
2018.03.28 09:46:27.091,1.3467,1.3469,1.69,1.12
2018.03.28 09:46:30.545,1.3467,1.34689,1.69,1.00
2018.03.28 09:46:30.701,1.34671,1.34692,1.19,2.62
2018.03.28 09:46:30.971,1.34668,1.34685,1.19,1.00
2018.03.28 09:46:31.023,1.34665,1.34684,1.31,1.00
2018.03.28 09:46:31.126,1.34665,1.34684,1.19,1.00
2018.03.28 09:46:33.502,1.34665,1.34684,1.00,1.87
2018.03.28 09:46:33.796,1.34664,1.34684,1.69,1.87
2018.03.28 09:46:35.004,1.34664,1.34683,1.69,1.00
2018.03.28 09:46:37.280,1.34666,1.34684,1.25,1.12
2018.03.28 09:46:39.048,1.34665,1.34684,1.25,1.12
2018.03.28 09:46:39.591,1.34664,1.34683,1.50,1.00
2018.03.28 09:46:41.755,1.34665,1.34684,1.00,1.12
2018.03.28 09:46:42.311,1.34665,1.34684,1.19,1.87
2018.03.28 09:46:46.812,1.34664,1.34683,1.19,1.00
2018.03.28 09:46:47.409,1.34664,1.34683,1.19,1.00
2018.03.28 09:46:47.959,1.34664,1.34684,1.19,1.50
2018.03.28 09:46:50.156,1.34664,1.34684,1.19,1.50
2018.03.28 09:46:50.897,1.34663,1.34683,1.19,1.50
2018.03.28 09:46:51.452,1.34665,1.34682,1.19,1.00
2018.03.28 09:46:53.251,1.34664,1.34681,1.19,1.00
2018.03.28 09:46:53.409,1.34666,1.34684,1.19,1.00
2018.03.28 09:46:54.464,1.34665,1.34684,1.69,1.00
2018.03.28 09:46:55.206,1.34665,1.34681,1.19,1.00
2018.03.28 09:46:55.986,1.34665,1.34681,1.25,1.00
2018.03.28 09:46:56.508,1.34665,1.34682,1.25,1.00
2018.03.28 09:46:57.028,1.34665,1.3468,1.69,1.00
2018.03.28 09:46:57.553,1.34665,1.34677,1.69,1.00
2018.03.28 09:46:57.847,1.34665,1.34682,1.69,1.00
2018.03.28 09:46:58.360,1.34665,1.34681,1.69,1.00
2018.03.28 09:46:59.384,1.34665,1.34682,1.25,1.00
2018.03.28 09:46:59.801,1.34665,1.34684,1.25,1.50
2018.03.28 09:47:00.318,1.34665,1.34683,1.25,1.50
2018.03.28 09:47:00.803,1.34665,1.3468,1.25,1.50
2018.03.28 09:47:01.322,1.34665,1.34681,1.25,1.00
2018.03.28 09:47:01.756,1.34665,1.34683,1.25,1.00
2018.03.28 09:47:03.352,1.34664,1.34683,1.25,1.50
2018.03.28 09:47:03.557,1.34664,1.34683,1.19,1.50
2018.03.28 09:47:04.900,1.34663,1.34683,1.31,1.50
2018.03.28 09:47:05.918,1.34662,1.34676,1.50,1.00
2018.03.28 09:47:06.022,1.34655,1.34674,1.25,1.00
2018.03.28 09:47:06.074,1.34654,1.34669,1.31,1.00
2018.03.28 09:47:06.177,1.34651,1.3467,2.06,1.50
2018.03.28 09:47:06.708,1.34648,1.34668,2.44,1.00
2018.03.28 09:47:06.760,1.34648,1.34668,2.06,1.00
2018.03.28 09:47:07.171,1.34649,1.34669,1.19,1.50
2018.03.28 09:47:07.557,1.34648,1.34667,2.06,1.50
2018.03.28 09:47:07.714,1.34646,1.34665,1.19,1.00
2018.03.28 09:47:08.272,1.34646,1.34664,1.19,1.00
2018.03.28 09:47:08.387,1.34646,1.34666,1.19,1.00
2018.03.28 09:47:11.551,1.34645,1.34665,1.19,1.00
2018.03.28 09:47:12.097,1.34645,1.34664,1.19,1.50
2018.03.28 09:47:12.645,1.34645,1.34665,1.19,2.25
2018.03.28 09:47:13.771,1.34645,1.34664,1.19,1.00
2018.03.28 09:47:15.415,1.34645,1.34665,1.19,1.50
2018.03.28 09:47:15.921,1.34646,1.34666,1.19,1.00
2018.03.28 09:47:16.428,1.34645,1.34666,1.19,1.00
2018.03.28 09:47:17.623,1.34646,1.34666,1.19,1.00
2018.03.28 09:47:18.169,1.34646,1.34666,1.19,1.00
2018.03.28 09:47:18.221,1.34645,1.34661,2.44,1.00
2018.03.28 09:47:18.510,1.34643,1.3466,1.69,1.00
2018.03.28 09:47:19.023,1.34642,1.34661,2.44,1.00
2018.03.28 09:47:19.537,1.34644,1.34665,1.19,1.37
2018.03.28 09:47:20.199,1.34645,1.34663,1.19,1.00
2018.03.28 09:47:20.754,1.34645,1.34664,1.19,1.12
2018.03.28 09:47:21.297,1.34645,1.34663,1.19,1.00
2018.03.28 09:47:21.945,1.34645,1.34662,1.19,1.00
2018.03.28 09:47:22.486,1.34645,1.34663,1.19,1.00
2018.03.28 09:47:23.048,1.34645,1.34665,1.19,2.62
2018.03.28 09:47:23.549,1.34645,1.34663,1.19,1.00
2018.03.28 09:47:23.600,1.34645,1.34661,1.19,1.00
2018.03.28 09:47:24.425,1.34645,1.34665,1.19,3.37
2018.03.28 09:47:25.855,1.34645,1.34666,1.31,1.00
2018.03.28 09:47:26.390,1.34644,1.34667,2.06,3.00
2018.03.28 09:47:26.544,1.34645,1.34665,1.31,1.00
2018.03.28 09:47:27.208,1.34645,1.34665,1.69,1.00
2018.03.28 09:47:28.930,1.34645,1.34664,1.69,1.00
2018.03.28 09:47:29.352,1.34644,1.34666,2.06,1.50
2018.03.28 09:47:29.403,1.34645,1.34664,1.31,1.00
2018.03.28 09:47:29.505,1.34645,1.34666,2.06,1.00
2018.03.28 09:47:30.142,1.34645,1.34667,1.31,1.50
2018.03.28 09:47:30.295,1.34645,1.34665,2.06,1.00
2018.03.28 09:47:30.631,1.34644,1.34662,1.19,1.50
2018.03.28 09:47:30.940,1.34643,1.34658,1.69,1.00
2018.03.28 09:47:31.044,1.34643,1.34662,1.19,1.00
2018.03.28 09:47:31.670,1.34643,1.34663,1.69,2.25
2018.03.28 09:47:31.773,1.34644,1.34662,1.25,1.00
2018.03.28 09:47:32.440,1.34644,1.34663,1.25,1.50
2018.03.28 09:47:33.333,1.34644,1.34662,1.25,1.00
2018.03.28 09:47:33.973,1.34642,1.34661,1.31,1.00
2018.03.28 09:47:35.144,1.34642,1.34657,2.06,1.00
2018.03.28 09:47:35.248,1.34642,1.34661,1.31,1.00
2018.03.28 09:47:35.761,1.34641,1.3466,2.44,1.00
2018.03.28 09:47:36.277,1.34643,1.34661,1.25,1.00
2018.03.28 09:47:36.328,1.34643,1.34663,1.25,1.69
2018.03.28 09:47:36.857,1.34644,1.34662,1.00,1.00
2018.03.28 09:47:37.589,1.34644,1.34663,1.25,1.00
2018.03.28 09:47:38.291,1.34644,1.34664,1.69,1.00
2018.03.28 09:47:39.116,1.34643,1.34662,1.00,1.00
2018.03.28 09:47:39.237,1.34638,1.34659,2.25,1.25
2018.03.28 09:47:39.342,1.34638,1.34657,1.50,1.00
2018.03.28 09:47:39.394,1.34638,1.34659,1.00,1.69
2018.03.28 09:47:39.907,1.34639,1.3466,1.25,1.87
2018.03.28 09:47:42.114,1.3464,1.3466,1.00,1.00
2018.03.28 09:47:42.662,1.3464,1.34661,1.00,1.19
2018.03.28 09:47:43.321,1.34639,1.3466,1.69,1.19
2018.03.28 09:47:43.954,1.3464,1.3466,1.00,1.69
2018.03.28 09:47:44.472,1.34639,1.3466,1.69,1.69
2018.03.28 09:47:44.579,1.34639,1.34657,1.25,1.00
2018.03.28 09:47:44.685,1.34635,1.34657,1.69,1.50
2018.03.28 09:47:44.952,1.34636,1.34657,1.56,1.25
2018.03.28 09:47:45.863,1.34638,1.34658,1.25,2.81
2018.03.28 09:47:46.431,1.34637,1.34657,1.19,1.00
2018.03.28 09:47:46.971,1.34636,1.34658,1.31,1.31
2018.03.28 09:47:47.589,1.34637,1.34657,1.69,1.00
2018.03.28 09:47:48.110,1.34636,1.34658,1.31,1.12
2018.03.28 09:47:48.900,1.34636,1.34657,1.19,1.00
2018.03.28 09:47:49.455,1.34636,1.34656,1.19,1.00
2018.03.28 09:47:49.965,1.34637,1.34657,1.25,1.00
2018.03.28 09:47:53.301,1.34635,1.34656,1.19,1.69
2018.03.28 09:47:53.917,1.34636,1.34655,1.31,1.50
2018.03.28 09:47:54.475,1.34636,1.34654,1.62,2.25
2018.03.28 09:47:55.144,1.34636,1.34655,1.62,1.50
2018.03.28 09:47:55.902,1.34636,1.34655,1.25,1.50
2018.03.28 09:47:57.253,1.34636,1.34654,1.25,1.00
2018.03.28 09:47:58.311,1.34636,1.34655,1.25,2.25
2018.03.28 09:47:59.832,1.34636,1.34654,1.19,1.00
2018.03.28 09:48:00.512,1.34636,1.34655,1.19,1.50
2018.03.28 09:48:01.014,1.34636,1.34654,1.19,1.00
2018.03.28 09:48:02.205,1.34637,1.34654,1.31,1.00
2018.03.28 09:48:02.257,1.34634,1.34655,1.69,1.50
2018.03.28 09:48:02.774,1.34632,1.34652,1.19,1.00
2018.03.28 09:48:02.826,1.3463,1.3465,1.62,1.31
2018.03.28 09:48:03.300,1.3463,1.34647,1.25,1.00
2018.03.28 09:48:03.832,1.3463,1.34648,1.00,1.00
2018.03.28 09:48:05.599,1.3463,1.34647,1.00,1.00
2018.03.28 09:48:06.988,1.3463,1.3465,1.00,1.19
2018.03.28 09:48:10.462,1.3463,1.3465,1.00,1.19
2018.03.28 09:48:15.511,1.34629,1.34651,1.12,2.06
2018.03.28 09:48:16.403,1.34625,1.34647,1.12,1.69
2018.03.28 09:48:16.507,1.34624,1.34645,4.50,1.69
2018.03.28 09:48:18.033,1.34624,1.34644,3.75,1.31
2018.03.28 09:48:23.402,1.34623,1.34644,4.12,1.19
2018.03.28 09:48:25.265,1.34625,1.34644,1.00,1.19
2018.03.28 09:48:27.617,1.34628,1.34645,1.12,1.00
2018.03.28 09:48:27.824,1.34631,1.3465,1.00,1.19
2018.03.28 09:48:28.339,1.34632,1.3465,1.00,1.00
2018.03.28 09:48:28.928,1.34633,1.34652,1.00,2.06
2018.03.28 09:48:30.596,1.34632,1.34652,1.50,1.19
2018.03.28 09:48:31.199,1.34633,1.34652,1.00,1.50
2018.03.28 09:48:31.811,1.34632,1.34651,1.25,1.00
2018.03.28 09:48:32.255,1.3463,1.34651,1.00,1.19
2018.03.28 09:48:32.862,1.34631,1.3465,1.00,1.25
2018.03.28 09:48:33.412,1.34632,1.3465,1.00,1.00
2018.03.28 09:48:33.963,1.34632,1.34651,1.00,1.50
2018.03.28 09:48:34.678,1.34632,1.3465,1.00,1.00
2018.03.28 09:48:34.730,1.34634,1.34652,1.00,1.00
2018.03.28 09:48:35.252,1.34634,1.34653,1.00,1.87
2018.03.28 09:48:35.783,1.34634,1.34652,1.00,1.00
2018.03.28 09:48:36.805,1.34636,1.34653,1.00,1.00
2018.03.28 09:48:36.909,1.34637,1.34655,1.00,1.00
2018.03.28 09:48:37.013,1.34639,1.34655,1.00,1.00
2018.03.28 09:48:37.064,1.3464,1.34657,1.00,1.00
2018.03.28 09:48:37.116,1.34642,1.34659,1.00,1.00
2018.03.28 09:48:37.784,1.34641,1.34659,1.25,1.00
2018.03.28 09:48:38.166,1.34641,1.34662,1.25,2.06
2018.03.28 09:48:39.684,1.34643,1.34661,1.00,1.25
2018.03.28 09:48:40.190,1.34644,1.34661,1.00,1.25
2018.03.28 09:48:42.409,1.34643,1.3466,1.00,1.00
2018.03.28 09:48:42.914,1.34642,1.3466,1.50,1.00
2018.03.28 09:48:43.638,1.34642,1.3466,1.50,1.50
2018.03.28 09:48:44.073,1.3464,1.34656,1.00,1.50
2018.03.28 09:48:44.125,1.34637,1.34656,2.62,1.31
2018.03.28 09:48:44.228,1.34637,1.34655,1.12,1.37
2018.03.28 09:48:44.771,1.34636,1.34654,1.50,1.69
2018.03.28 09:48:45.302,1.34635,1.34654,1.00,1.19
2018.03.28 09:48:45.851,1.34635,1.34654,1.00,1.19
2018.03.28 09:48:47.100,1.34636,1.34654,1.00,1.69
2018.03.28 09:48:52.254,1.34631,1.34652,1.19,1.62
2018.03.28 09:48:52.307,1.34629,1.3465,1.12,1.19
2018.03.28 09:48:52.360,1.34631,1.34649,1.00,1.25
2018.03.28 09:48:52.593,1.34629,1.3465,1.00,2.06
2018.03.28 09:48:53.565,1.3463,1.34648,1.00,1.00
2018.03.28 09:48:58.935,1.34632,1.34651,1.00,2.81
2018.03.28 09:48:59.450,1.34632,1.34653,1.00,2.06
2018.03.28 09:49:00.151,1.34632,1.3465,1.00,1.19
2018.03.28 09:49:01.649,1.3463,1.3465,1.12,1.19
2018.03.28 09:49:02.180,1.34631,1.34649,1.00,1.25
2018.03.28 09:49:02.334,1.34633,1.34651,1.00,1.31
2018.03.28 09:49:02.758,1.3463,1.34651,2.06,2.06
2018.03.28 09:49:03.305,1.34631,1.34651,1.00,1.31
2018.03.28 09:49:03.614,1.34634,1.34652,1.00,1.00
2018.03.28 09:49:03.942,1.34636,1.34652,1.00,1.00
2018.03.28 09:49:04.338,1.34634,1.34652,1.00,1.00
2018.03.28 09:49:05.210,1.34634,1.34654,1.00,1.19
2018.03.28 09:49:05.747,1.34634,1.34652,1.25,1.00
2018.03.28 09:49:05.903,1.34634,1.34654,1.25,1.25
2018.03.28 09:49:06.430,1.34635,1.34653,1.00,1.00
2018.03.28 09:49:14.710,1.34635,1.34653,1.00,1.19
2018.03.28 09:49:15.219,1.34634,1.34653,1.00,1.19
2018.03.28 09:49:17.582,1.34635,1.34653,1.00,1.69
2018.03.28 09:49:19.208,1.34635,1.34653,1.00,1.69
2018.03.28 09:49:20.105,1.34635,1.34653,1.00,1.56
2018.03.28 09:49:20.157,1.34635,1.34654,1.00,1.19
2018.03.28 09:49:20.692,1.34634,1.34654,1.00,1.31
2018.03.28 09:49:21.392,1.34634,1.34654,1.00,1.69
2018.03.28 09:49:22.623,1.34633,1.34653,1.50,1.19
2018.03.28 09:49:23.170,1.34633,1.34653,1.00,1.19
2018.03.28 09:49:23.364,1.34635,1.34653,1.00,1.19
2018.03.28 09:49:23.951,1.34634,1.34653,1.00,1.19
2018.03.28 09:49:24.382,1.34634,1.34652,1.00,1.19
2018.03.28 09:49:24.725,1.34636,1.34654,1.00,1.69
2018.03.28 09:49:25.271,1.34637,1.34655,1.00,1.19
2018.03.28 09:49:25.796,1.34636,1.34656,1.00,2.06
2018.03.28 09:49:26.325,1.34638,1.34656,1.00,1.69
2018.03.28 09:49:26.429,1.34637,1.34657,1.50,1.31
2018.03.28 09:49:26.636,1.3464,1.34658,1.00,2.06
2018.03.28 09:49:26.740,1.34636,1.34657,1.50,2.44
2018.03.28 09:49:26.793,1.34636,1.34655,1.00,1.31
2018.03.28 09:49:27.394,1.34635,1.34654,1.00,1.19
2018.03.28 09:49:28.360,1.34635,1.34656,1.00,3.19
2018.03.28 09:49:28.890,1.34636,1.34654,1.00,1.31
2018.03.28 09:49:32.232,1.34637,1.34655,1.00,1.69
2018.03.28 09:49:33.060,1.34635,1.34655,1.00,1.31
2018.03.28 09:49:33.113,1.34636,1.34654,1.00,1.87
2018.03.28 09:49:33.165,1.34633,1.34654,1.50,1.69
2018.03.28 09:49:33.268,1.34637,1.34652,1.00,1.25
2018.03.28 09:49:33.319,1.34635,1.34655,1.00,1.94
2018.03.28 09:49:33.371,1.34635,1.34656,1.87,1.69
2018.03.28 09:49:33.423,1.34637,1.34656,1.00,1.25
2018.03.28 09:49:33.474,1.34635,1.34656,1.00,1.37
2018.03.28 09:49:33.525,1.34634,1.34649,1.12,1.00
2018.03.28 09:49:33.888,1.34631,1.34648,1.00,1.19
2018.03.28 09:49:34.508,1.34631,1.34649,1.00,1.19
2018.03.28 09:49:34.662,1.34631,1.3465,1.50,1.00
2018.03.28 09:49:34.808,1.34634,1.34653,1.25,1.00
2018.03.28 09:49:35.971,1.34633,1.3465,1.19,1.00
2018.03.28 09:49:36.023,1.34632,1.3465,1.00,1.00
2018.03.28 09:49:36.555,1.34636,1.34652,1.00,1.00
2018.03.28 09:49:36.761,1.34637,1.34657,1.00,1.50
2018.03.28 09:49:36.978,1.34638,1.34658,1.00,1.31
2018.03.28 09:49:37.328,1.34638,1.34657,1.19,1.00
2018.03.28 09:49:37.865,1.3464,1.34658,1.25,1.00
2018.03.28 09:49:38.195,1.34639,1.34655,1.12,1.00
2018.03.28 09:49:38.246,1.34639,1.34658,2.06,1.00
2018.03.28 09:49:38.605,1.34639,1.34656,1.00,1.00
2018.03.28 09:49:38.952,1.34636,1.34655,1.00,1.87
2018.03.28 09:49:39.038,1.34636,1.34653,1.00,1.69
2018.03.28 09:49:39.345,1.34631,1.34649,1.19,1.00
2018.03.28 09:49:39.821,1.34633,1.34652,1.19,1.00
2018.03.28 09:49:40.060,1.34632,1.34648,1.19,1.00
2018.03.28 09:49:40.665,1.34632,1.34648,1.00,1.00
2018.03.28 09:49:42.374,1.34632,1.34649,1.00,1.00
2018.03.28 09:49:42.854,1.34634,1.34652,1.00,1.00
2018.03.28 09:49:43.448,1.34635,1.34652,1.00,1.00
2018.03.28 09:49:43.987,1.34634,1.34653,2.06,1.00
2018.03.28 09:49:44.039,1.34637,1.34653,1.00,1.00
2018.03.28 09:49:44.091,1.34637,1.34655,1.25,1.00
2018.03.28 09:49:44.222,1.34637,1.34657,1.69,1.00
2018.03.28 09:49:44.273,1.34637,1.34655,1.25,1.00
2018.03.28 09:49:44.687,1.34635,1.34652,2.44,1.00
2018.03.28 09:49:44.738,1.34635,1.34652,1.50,1.00
2018.03.28 09:49:45.264,1.34634,1.34653,1.25,1.00
2018.03.28 09:49:45.797,1.34633,1.34652,1.87,1.25
2018.03.28 09:49:45.900,1.34633,1.3465,1.87,1.25
2018.03.28 09:49:46.146,1.34633,1.34652,1.69,1.50
2018.03.28 09:49:46.659,1.34634,1.34652,1.00,1.00
2018.03.28 09:49:47.196,1.34633,1.34651,1.69,1.00
2018.03.28 09:49:47.805,1.34633,1.34651,1.50,1.50
2018.03.28 09:49:48.355,1.34632,1.3465,1.00,1.00
2018.03.28 09:49:48.927,1.34631,1.3465,1.25,1.00
2018.03.28 09:49:49.923,1.34632,1.3465,2.81,1.00
2018.03.28 09:49:50.130,1.34639,1.34659,1.69,1.00
2018.03.28 09:49:50.676,1.3464,1.34658,1.25,1.00
2018.03.28 09:49:52.232,1.34639,1.34657,1.69,1.50
2018.03.28 09:49:52.286,1.34637,1.34656,1.00,1.00
2018.03.28 09:49:52.833,1.34638,1.34656,1.00,1.00
2018.03.28 09:49:52.991,1.34636,1.34656,1.69,1.00
2018.03.28 09:49:53.198,1.34636,1.34658,1.69,2.44
2018.03.28 09:49:53.487,1.34636,1.34655,1.25,1.00
2018.03.28 09:49:53.812,1.34632,1.34647,1.00,1.00
2018.03.28 09:49:54.018,1.34638,1.34657,1.25,2.25
2018.03.28 09:49:54.070,1.34639,1.34658,1.00,1.25
2018.03.28 09:49:54.575,1.34638,1.34658,1.69,1.25
2018.03.28 09:49:55.109,1.34639,1.34659,1.00,1.19
2018.03.28 09:49:55.635,1.34639,1.34659,1.25,1.25
2018.03.28 09:49:57.224,1.3464,1.34658,1.00,1.00
2018.03.28 09:49:57.452,1.34642,1.34659,1.00,2.06
2018.03.28 09:49:57.505,1.34643,1.34661,1.00,1.25
2018.03.28 09:49:57.557,1.34645,1.34662,1.00,1.87
2018.03.28 09:49:57.661,1.34646,1.34665,1.25,1.50
2018.03.28 09:49:57.919,1.34643,1.34661,1.50,1.00
2018.03.28 09:49:58.226,1.34639,1.34657,1.00,1.00
2018.03.28 09:49:59.798,1.34636,1.34657,1.19,1.00
2018.03.28 09:50:00.304,1.34636,1.34656,1.19,1.00
2018.03.28 09:50:00.829,1.34635,1.34657,2.81,1.00
2018.03.28 09:50:01.418,1.34635,1.34656,1.69,1.00
2018.03.28 09:50:02.314,1.34636,1.34654,1.19,1.00
2018.03.28 09:50:02.366,1.34636,1.34654,1.25,1.00
2018.03.28 09:50:02.520,1.34639,1.34654,1.00,1.00
2018.03.28 09:50:02.728,1.34648,1.34667,1.00,2.25
2018.03.28 09:50:03.239,1.34649,1.34666,1.00,1.12
2018.03.28 09:50:03.347,1.34649,1.34663,1.00,1.00
2018.03.28 09:50:03.868,1.34649,1.34662,1.00,1.00
2018.03.28 09:50:04.262,1.34649,1.34667,1.00,2.25
2018.03.28 09:50:04.731,1.34649,1.34665,1.00,1.00
2018.03.28 09:50:05.284,1.34647,1.34667,1.25,2.62
2018.03.28 09:50:05.814,1.34646,1.34666,1.19,1.50
2018.03.28 09:50:06.599,1.34645,1.34665,1.69,1.00
2018.03.28 09:50:07.110,1.34645,1.34664,1.19,1.00
2018.03.28 09:50:07.970,1.34647,1.34666,1.25,1.00
2018.03.28 09:50:08.022,1.34652,1.34669,1.00,1.00
2018.03.28 09:50:08.125,1.34655,1.34674,1.25,1.50
2018.03.28 09:50:08.176,1.34654,1.34675,1.69,1.00
2018.03.28 09:50:08.329,1.34657,1.34677,1.25,1.00
2018.03.28 09:50:08.876,1.34657,1.34677,1.25,1.87
2018.03.28 09:50:08.928,1.34659,1.34674,1.00,1.00
2018.03.28 09:50:08.980,1.34656,1.34674,1.87,3.37
2018.03.28 09:50:09.032,1.34652,1.34666,1.37,1.00
2018.03.28 09:50:09.084,1.3465,1.34667,1.00,1.12
2018.03.28 09:50:09.187,1.34649,1.34665,1.00,1.87
2018.03.28 09:50:09.239,1.34647,1.34665,1.50,1.87
2018.03.28 09:50:09.446,1.34646,1.34662,1.25,1.00
2018.03.28 09:50:09.706,1.34641,1.34658,1.25,1.00
2018.03.28 09:50:10.685,1.34642,1.34658,1.00,1.00
2018.03.28 09:50:10.737,1.3464,1.34658,1.25,1.00
2018.03.28 09:50:11.344,1.3464,1.34657,1.25,1.00
2018.03.28 09:50:12.160,1.3464,1.34658,1.00,1.00
2018.03.28 09:50:12.612,1.3464,1.34656,1.00,1.00
2018.03.28 09:50:12.929,1.3464,1.34659,1.00,1.69
2018.03.28 09:50:13.185,1.34637,1.34659,1.19,2.62
2018.03.28 09:50:13.236,1.34637,1.34656,1.19,1.00
2018.03.28 09:50:13.543,1.34637,1.34651,1.25,1.00
2018.03.28 09:50:13.793,1.34637,1.34656,1.25,1.00
2018.03.28 09:50:14.051,1.34636,1.34654,1.19,1.50
2018.03.28 09:50:14.103,1.34635,1.34654,1.25,1.50
2018.03.28 09:50:14.156,1.34633,1.34652,1.25,1.00
2018.03.28 09:50:14.311,1.34631,1.34652,1.25,2.81
2018.03.28 09:50:14.363,1.34631,1.34648,1.69,1.00
2018.03.28 09:50:14.720,1.34633,1.34648,1.00,1.00
2018.03.28 09:50:14.849,1.34631,1.34651,1.69,1.69
2018.03.28 09:50:15.386,1.34633,1.34651,1.00,1.69
2018.03.28 09:50:15.859,1.34637,1.34653,1.00,1.00
2018.03.28 09:50:15.912,1.34637,1.34655,1.00,2.25
2018.03.28 09:50:16.273,1.34638,1.34652,1.00,1.00
2018.03.28 09:50:16.498,1.34637,1.34657,1.25,1.87
2018.03.28 09:50:16.600,1.34636,1.34657,1.19,1.12
2018.03.28 09:50:16.753,1.34639,1.34657,1.00,1.87
2018.03.28 09:50:17.058,1.34642,1.34655,1.00,1.00
2018.03.28 09:50:17.597,1.34641,1.34656,1.00,1.00
2018.03.28 09:50:17.725,1.34638,1.34656,1.56,1.00
2018.03.28 09:50:17.887,1.34638,1.34659,1.31,1.25
2018.03.28 09:50:18.166,1.34639,1.3466,1.19,1.00
2018.03.28 09:50:18.714,1.34642,1.34663,1.00,2.81
2018.03.28 09:50:19.220,1.34641,1.34661,1.25,1.25
2018.03.28 09:50:19.527,1.34653,1.34671,1.19,1.00
2018.03.28 09:50:20.075,1.34654,1.34672,1.25,1.00
2018.03.28 09:50:20.579,1.34655,1.34672,1.00,1.00
2018.03.28 09:50:21.232,1.34653,1.34672,2.44,1.00
2018.03.28 09:50:21.335,1.34655,1.34672,1.00,1.00
2018.03.28 09:50:22.018,1.34653,1.34672,1.25,1.00
2018.03.28 09:50:22.173,1.34653,1.3467,1.25,1.00
2018.03.28 09:50:22.595,1.34655,1.3467,1.12,1.00
2018.03.28 09:50:22.750,1.34664,1.3468,1.00,1.00
2018.03.28 09:50:23.057,1.34662,1.34681,1.00,1.25
2018.03.28 09:50:23.571,1.34662,1.3468,1.19,1.00
2018.03.28 09:50:24.808,1.34663,1.34682,1.00,1.00
2018.03.28 09:50:25.337,1.34664,1.34681,1.00,1.00
2018.03.28 09:50:25.883,1.34663,1.34682,1.00,1.50
2018.03.28 09:50:27.629,1.34662,1.34682,1.25,1.00
2018.03.28 09:50:27.783,1.34663,1.3468,1.00,1.00
2018.03.28 09:50:28.312,1.34664,1.3468,1.00,1.00
2018.03.28 09:50:28.415,1.34662,1.3468,1.25,1.00
2018.03.28 09:50:29.059,1.34663,1.3468,1.00,1.00
2018.03.28 09:50:29.641,1.34664,1.34681,1.00,1.00
2018.03.28 09:50:32.476,1.34663,1.34681,1.00,1.00
2018.03.28 09:50:33.109,1.34663,1.3468,1.00,1.00
2018.03.28 09:50:33.277,1.34662,1.34678,1.00,1.00
2018.03.28 09:50:33.586,1.3466,1.34677,1.12,1.00
2018.03.28 09:50:34.953,1.34661,1.34677,1.00,1.00
2018.03.28 09:50:35.556,1.3466,1.34677,1.12,1.00
2018.03.28 09:50:36.489,1.34661,1.34677,1.00,1.00
2018.03.28 09:50:37.366,1.34661,1.34679,1.00,1.00
2018.03.28 09:50:38.084,1.3466,1.34679,1.12,1.00
2018.03.28 09:50:38.610,1.3466,1.34679,1.31,1.00
2018.03.28 09:50:39.153,1.34661,1.34675,1.25,1.00
2018.03.28 09:50:39.472,1.3466,1.3468,1.19,1.50
2018.03.28 09:50:39.998,1.3466,1.34679,1.25,1.00
2018.03.28 09:50:40.544,1.34661,1.34679,1.00,1.00
2018.03.28 09:50:40.647,1.34663,1.34679,1.00,1.00
2018.03.28 09:50:40.699,1.3466,1.34679,1.25,1.00
2018.03.28 09:50:41.202,1.34661,1.3468,1.00,1.50
2018.03.28 09:50:41.581,1.34662,1.34682,1.19,1.00
2018.03.28 09:50:42.127,1.34662,1.34681,1.19,1.00
2018.03.28 09:50:42.670,1.34662,1.34682,1.19,1.50
2018.03.28 09:50:42.979,1.34665,1.34681,1.19,1.00
2018.03.28 09:50:43.334,1.34666,1.34683,1.25,1.00
2018.03.28 09:50:44.122,1.34667,1.34686,1.19,1.00
2018.03.28 09:50:44.810,1.34669,1.34686,1.00,1.00
2018.03.28 09:50:45.358,1.34667,1.34686,1.19,1.00
2018.03.28 09:50:46.387,1.34667,1.34686,1.25,1.00
2018.03.28 09:50:46.514,1.34669,1.34686,1.00,1.00
2018.03.28 09:50:46.618,1.34667,1.34686,1.25,1.50
2018.03.28 09:50:48.439,1.34668,1.34686,1.00,1.00
2018.03.28 09:50:48.978,1.34668,1.34684,1.00,1.50
2018.03.28 09:50:49.082,1.34664,1.34684,1.00,2.25
2018.03.28 09:50:49.135,1.34666,1.34684,1.69,2.25
2018.03.28 09:50:49.536,1.34648,1.34661,1.50,1.00
2018.03.28 09:50:49.642,1.34646,1.34663,1.00,1.25
2018.03.28 09:50:49.694,1.34647,1.34665,1.00,1.00
2018.03.28 09:50:49.748,1.34646,1.34667,1.19,1.25
2018.03.28 09:50:50.211,1.34646,1.34664,1.69,1.50
2018.03.28 09:50:50.521,1.34644,1.34664,1.19,1.50
2018.03.28 09:50:50.714,1.34643,1.34659,1.25,1.50
2018.03.28 09:50:51.200,1.34645,1.34665,2.44,1.00
2018.03.28 09:50:51.253,1.34649,1.34667,1.69,1.00
2018.03.28 09:50:51.357,1.34651,1.3467,1.69,1.00
2018.03.28 09:50:51.462,1.34653,1.34673,1.00,2.44
2018.03.28 09:50:51.807,1.34662,1.3468,1.50,1.69
2018.03.28 09:50:52.212,1.34662,1.34678,1.00,1.00
2018.03.28 09:50:52.263,1.34662,1.3468,1.00,1.50
2018.03.28 09:50:52.417,1.34661,1.34678,1.00,1.00
2018.03.28 09:50:52.718,1.34661,1.34676,1.00,1.00
2018.03.28 09:50:53.239,1.34661,1.34677,1.00,1.69
2018.03.28 09:50:53.788,1.34661,1.34678,1.00,1.00
2018.03.28 09:50:54.377,1.34659,1.34678,1.69,1.00
2018.03.28 09:50:56.231,1.34659,1.34678,1.00,1.00
2018.03.28 09:50:56.520,1.34655,1.34675,1.00,1.69
2018.03.28 09:50:56.777,1.34655,1.34671,1.00,1.00
2018.03.28 09:50:57.076,1.34656,1.34675,1.00,1.25
2018.03.28 09:50:57.127,1.34654,1.34673,1.50,1.00
2018.03.28 09:50:57.436,1.34655,1.34669,1.00,1.50
2018.03.28 09:50:57.743,1.34654,1.34671,1.00,1.00
2018.03.28 09:50:58.270,1.34653,1.34671,1.12,1.50
2018.03.28 09:50:58.951,1.34654,1.34671,1.00,1.25
2018.03.28 09:50:59.227,1.34654,1.34669,1.00,1.00
2018.03.28 09:50:59.418,1.34654,1.34673,1.00,1.69
2018.03.28 09:51:00.064,1.34653,1.34672,1.12,1.19
2018.03.28 09:51:00.941,1.34653,1.34672,1.12,1.00
2018.03.28 09:51:01.447,1.34654,1.34674,1.00,3.56
2018.03.28 09:51:01.812,1.34651,1.34667,1.00,1.50
2018.03.28 09:51:01.863,1.3465,1.34669,1.00,1.00
2018.03.28 09:51:02.067,1.34651,1.34667,1.00,1.00
2018.03.28 09:51:03.814,1.34651,1.34668,1.00,1.25
2018.03.28 09:51:05.009,1.34651,1.34667,1.00,1.00
2018.03.28 09:51:05.061,1.34649,1.34668,1.00,1.25
2018.03.28 09:51:05.590,1.34648,1.34669,1.50,1.19
2018.03.28 09:51:05.796,1.34648,1.34666,1.50,1.00
2018.03.28 09:51:06.321,1.34648,1.34667,1.50,1.00
2018.03.28 09:51:06.852,1.34648,1.34668,1.00,1.25
2018.03.28 09:51:07.340,1.34648,1.34667,1.50,1.19
2018.03.28 09:51:07.654,1.34647,1.34666,1.00,2.06
2018.03.28 09:51:10.196,1.34647,1.34665,1.00,1.00
2018.03.28 09:51:11.115,1.34647,1.34664,1.00,1.00
2018.03.28 09:51:11.637,1.34647,1.34665,1.00,1.50
2018.03.28 09:51:11.689,1.34645,1.34665,1.00,1.50
2018.03.28 09:51:12.374,1.34645,1.34666,1.00,1.69
2018.03.28 09:51:12.426,1.34645,1.34664,1.00,1.00
2018.03.28 09:51:13.149,1.34645,1.34665,1.00,1.00
2018.03.28 09:51:13.705,1.34645,1.34664,1.00,1.00
2018.03.28 09:51:13.907,1.34645,1.34666,1.00,1.25
2018.03.28 09:51:14.454,1.34644,1.34665,1.25,1.00
2018.03.28 09:51:14.957,1.34645,1.34665,1.00,1.50
2018.03.28 09:51:15.512,1.34644,1.34665,1.25,1.50
2018.03.28 09:51:16.053,1.34645,1.34664,1.00,1.00
2018.03.28 09:51:16.674,1.34645,1.34665,1.00,1.50
2018.03.28 09:51:17.323,1.34645,1.34664,1.00,1.00
2018.03.28 09:51:17.837,1.34644,1.34665,1.19,1.00
2018.03.28 09:51:17.942,1.34646,1.34667,1.00,2.81
2018.03.28 09:51:17.993,1.34644,1.34667,2.06,2.44
2018.03.28 09:51:18.524,1.34645,1.34667,1.00,3.19
2018.03.28 09:51:18.706,1.34646,1.34665,1.00,1.00
2018.03.28 09:51:19.034,1.34645,1.34667,1.00,3.94
2018.03.28 09:51:19.586,1.34645,1.34665,1.19,1.00
2018.03.28 09:51:20.104,1.34646,1.34664,1.25,1.00
2018.03.28 09:51:20.746,1.34645,1.34666,1.19,1.25
2018.03.28 09:51:21.016,1.34646,1.34664,1.25,1.00
2018.03.28 09:51:21.414,1.34645,1.34666,1.19,1.25
2018.03.28 09:51:21.699,1.34646,1.34664,1.25,1.00
2018.03.28 09:51:22.127,1.34645,1.34666,1.19,1.25
2018.03.28 09:51:22.178,1.34646,1.34664,1.25,1.00
2018.03.28 09:51:22.560,1.34645,1.34666,1.19,1.31
2018.03.28 09:51:22.714,1.34645,1.34664,1.19,1.00
2018.03.28 09:51:23.259,1.34645,1.34663,1.69,1.00
2018.03.28 09:51:23.907,1.34645,1.34664,1.25,1.00
2018.03.28 09:51:24.467,1.34645,1.34663,1.25,1.00
2018.03.28 09:51:26.073,1.34645,1.34663,1.00,1.19
2018.03.28 09:51:26.351,1.3464,1.34661,1.50,1.19
2018.03.28 09:51:26.576,1.34643,1.34661,1.00,1.69
2018.03.28 09:51:28.090,1.34643,1.34661,1.00,1.69
2018.03.28 09:51:29.560,1.34643,1.34659,1.00,1.00
2018.03.28 09:51:29.762,1.34643,1.34661,1.00,1.25
2018.03.28 09:51:30.275,1.34643,1.3466,1.00,1.00
2018.03.28 09:51:30.807,1.34643,1.3466,1.00,1.19
2018.03.28 09:51:31.176,1.3464,1.34659,1.00,1.25
2018.03.28 09:51:31.713,1.34638,1.34657,1.19,1.00
2018.03.28 09:51:32.178,1.34638,1.34656,1.50,1.19
2018.03.28 09:51:32.230,1.34636,1.34654,1.00,1.19
2018.03.28 09:51:32.282,1.34634,1.34653,1.00,1.25
2018.03.28 09:51:33.162,1.34634,1.34652,1.00,1.00
2018.03.28 09:51:33.763,1.34634,1.34653,1.50,1.69
2018.03.28 09:51:35.823,1.34633,1.34652,1.00,1.19
2018.03.28 09:51:36.361,1.34634,1.34652,1.00,1.19
2018.03.28 09:51:37.636,1.34634,1.34652,1.00,1.19
2018.03.28 09:51:38.156,1.34633,1.34653,1.50,1.31
2018.03.28 09:51:39.117,1.34637,1.34654,1.00,2.06
2018.03.28 09:51:39.169,1.34637,1.34656,1.00,1.19
2018.03.28 09:51:39.447,1.34639,1.34658,1.00,1.19
2018.03.28 09:51:40.382,1.34638,1.34657,1.00,1.19
2018.03.28 09:51:40.926,1.34638,1.34657,1.00,1.25
2018.03.28 09:51:41.439,1.34639,1.34657,1.00,1.69
2018.03.28 09:51:41.700,1.34637,1.34657,1.00,1.25
2018.03.28 09:51:41.925,1.34637,1.34656,1.00,1.69
2018.03.28 09:51:42.273,1.34639,1.34657,1.00,1.19
2018.03.28 09:51:42.566,1.34639,1.34656,1.00,1.25
2018.03.28 09:51:42.996,1.34637,1.34657,1.00,1.31
2018.03.28 09:51:43.101,1.34636,1.34656,1.25,1.25
2018.03.28 09:51:43.995,1.34635,1.34655,1.19,1.00
2018.03.28 09:51:44.517,1.34637,1.34656,1.00,1.19
2018.03.28 09:51:44.672,1.34634,1.34657,1.00,1.69
2018.03.28 09:51:45.031,1.34637,1.34655,1.00,1.19
2018.03.28 09:51:45.185,1.34635,1.34655,1.00,1.19
2018.03.28 09:51:45.237,1.34637,1.34656,1.00,1.19
2018.03.28 09:51:45.747,1.34636,1.34656,1.12,1.19
2018.03.28 09:51:46.304,1.34637,1.34656,1.00,1.19
2018.03.28 09:51:46.913,1.34636,1.34655,1.12,1.19
2018.03.28 09:51:47.422,1.34636,1.34655,1.12,1.00
2018.03.28 09:51:47.732,1.34638,1.34656,1.00,1.25
2018.03.28 09:51:48.259,1.34637,1.34656,1.00,1.00
2018.03.28 09:51:48.595,1.34637,1.34658,1.00,1.69
2018.03.28 09:51:49.186,1.34637,1.34657,1.25,1.00
2018.03.28 09:51:49.688,1.34637,1.34658,1.25,1.50
2018.03.28 09:51:49.865,1.34638,1.34656,1.00,1.00
2018.03.28 09:51:50.522,1.34637,1.34658,1.25,1.50
2018.03.28 09:51:50.624,1.34638,1.34656,1.00,1.00
2018.03.28 09:51:51.134,1.34637,1.34655,1.25,1.00
2018.03.28 09:51:51.841,1.34637,1.34656,1.25,1.00
2018.03.28 09:51:52.507,1.34637,1.34657,1.69,1.50
2018.03.28 09:51:53.920,1.34636,1.34658,1.25,3.00
2018.03.28 09:51:54.247,1.34629,1.34647,1.69,1.00
2018.03.28 09:51:55.252,1.34628,1.34647,1.25,1.00
2018.03.28 09:51:56.675,1.34629,1.34647,1.00,1.00
2018.03.28 09:51:57.252,1.34629,1.34648,1.00,1.25
2018.03.28 09:51:59.365,1.34629,1.34641,1.00,1.50
2018.03.28 09:52:00.355,1.34629,1.34644,1.00,1.50
2018.03.28 09:52:00.842,1.34629,1.34642,1.00,1.50
2018.03.28 09:52:01.356,1.34629,1.34643,1.00,1.50
2018.03.28 09:52:02.221,1.34629,1.34644,1.00,1.50
2018.03.28 09:52:02.735,1.34629,1.34645,1.00,1.50
2018.03.28 09:52:03.247,1.34629,1.34646,1.00,1.50
2018.03.28 09:52:03.628,1.34629,1.34644,1.00,1.50
2018.03.28 09:52:04.001,1.34629,1.34642,1.00,1.50
2018.03.28 09:52:04.495,1.34627,1.34644,1.69,1.50
2018.03.28 09:52:04.701,1.34629,1.34644,1.00,1.50
2018.03.28 09:52:04.752,1.34627,1.34644,1.69,1.50
2018.03.28 09:52:05.273,1.34628,1.34644,1.00,1.50
2018.03.28 09:52:05.876,1.34628,1.34643,1.00,1.50
2018.03.28 09:52:06.385,1.34628,1.34644,1.00,1.50
2018.03.28 09:52:06.893,1.34628,1.34645,1.00,1.50
2018.03.28 09:52:07.404,1.34625,1.34644,1.25,2.25
2018.03.28 09:52:07.508,1.34624,1.34642,2.44,1.50
2018.03.28 09:52:07.845,1.34628,1.34642,1.00,1.50
2018.03.28 09:52:07.896,1.34628,1.34644,1.00,1.00
2018.03.28 09:52:08.894,1.34628,1.34643,1.00,1.00
2018.03.28 09:52:10.109,1.34627,1.34645,1.00,1.25
2018.03.28 09:52:10.976,1.34627,1.34645,1.00,1.19
2018.03.28 09:52:12.028,1.34627,1.34646,1.25,1.50
2018.03.28 09:52:12.689,1.34627,1.34647,1.69,1.25
2018.03.28 09:52:13.336,1.34628,1.34646,1.00,1.00
2018.03.28 09:52:14.509,1.34627,1.34648,1.25,1.19
2018.03.28 09:52:14.894,1.34633,1.34651,1.25,1.00
2018.03.28 09:52:14.946,1.34634,1.34654,1.00,1.69
2018.03.28 09:52:14.998,1.34635,1.34655,1.00,1.00
2018.03.28 09:52:15.153,1.34634,1.34652,1.25,1.00
2018.03.28 09:52:15.307,1.34633,1.34654,1.31,1.00
2018.03.28 09:52:16.398,1.34633,1.34654,1.31,1.19
2018.03.28 09:52:17.014,1.34634,1.34652,1.50,1.00
2018.03.28 09:52:18.578,1.34634,1.34651,1.00,1.00
2018.03.28 09:52:19.100,1.34633,1.34651,1.69,1.00
2018.03.28 09:52:24.594,1.34633,1.34652,1.50,1.00
2018.03.28 09:52:24.646,1.34631,1.3465,1.69,1.00
2018.03.28 09:52:24.896,1.34629,1.34649,1.69,1.25
2018.03.28 09:52:26.562,1.34629,1.34648,1.25,1.00
2018.03.28 09:52:27.298,1.34629,1.34649,1.69,1.25
2018.03.28 09:52:27.727,1.34629,1.34644,1.00,1.87
2018.03.28 09:52:27.779,1.34624,1.34642,1.19,1.00
2018.03.28 09:52:28.297,1.34624,1.34643,1.50,1.25
2018.03.28 09:52:29.298,1.34623,1.34643,3.00,1.00
2018.03.28 09:52:29.401,1.34625,1.34643,1.00,1.00
2018.03.28 09:52:33.639,1.34626,1.34643,1.00,1.00
2018.03.28 09:52:35.155,1.34629,1.34647,1.00,2.44
2018.03.28 09:52:35.207,1.34628,1.34647,1.00,1.69
2018.03.28 09:52:35.619,1.34626,1.34647,1.25,1.19
2018.03.28 09:52:36.076,1.34628,1.34647,1.00,1.19
2018.03.28 09:52:36.466,1.3463,1.34648,1.00,1.19
2018.03.28 09:52:36.569,1.34628,1.34649,1.19,1.25
2018.03.28 09:52:36.723,1.34629,1.34647,1.00,1.25
2018.03.28 09:52:37.033,1.34628,1.34646,1.00,2.44
2018.03.28 09:52:37.494,1.34628,1.34643,1.00,1.00
2018.03.28 09:52:37.820,1.34625,1.34643,1.25,1.00
2018.03.28 09:52:38.617,1.34624,1.34644,1.19,1.00
2018.03.28 09:52:38.669,1.34627,1.34642,1.00,1.00
2018.03.28 09:52:39.249,1.34627,1.34643,1.00,1.00
2018.03.28 09:52:39.770,1.34627,1.34644,1.00,2.44
2018.03.28 09:52:40.284,1.34627,1.34643,1.00,1.00
2018.03.28 09:52:42.221,1.34627,1.34641,1.00,1.50
2018.03.28 09:52:43.648,1.34627,1.34642,1.00,1.00
2018.03.28 09:52:43.802,1.34624,1.34642,1.69,1.00
2018.03.28 09:52:44.076,1.34626,1.34641,1.00,1.50
2018.03.28 09:52:45.197,1.34624,1.34641,3.00,1.50
2018.03.28 09:52:45.774,1.34625,1.34641,1.00,1.00
2018.03.28 09:52:45.980,1.34625,1.34645,1.00,1.31
2018.03.28 09:52:46.240,1.34627,1.34643,1.00,1.00
2018.03.28 09:52:46.544,1.34627,1.34641,1.00,1.50
2018.03.28 09:52:47.131,1.34624,1.34641,2.25,1.50
2018.03.28 09:52:47.182,1.34624,1.34638,2.25,1.50
2018.03.28 09:52:47.611,1.34624,1.3464,2.25,1.00
2018.03.28 09:52:48.119,1.34624,1.34639,2.25,1.50
2018.03.28 09:52:48.687,1.34624,1.3464,2.25,1.50
2018.03.28 09:52:49.760,1.34624,1.34641,2.25,1.00
2018.03.28 09:52:50.218,1.34624,1.34638,1.50,1.00
2018.03.28 09:52:51.630,1.34624,1.34637,1.50,1.00
2018.03.28 09:52:52.134,1.34623,1.34637,1.50,1.00
2018.03.28 09:52:52.547,1.34616,1.34632,2.00,1.00
2018.03.28 09:52:52.599,1.34619,1.34632,1.00,1.00
2018.03.28 09:52:52.753,1.34617,1.34632,1.00,1.00
2018.03.28 09:52:52.907,1.34617,1.34635,1.00,1.00
2018.03.28 09:52:53.408,1.34616,1.34635,1.69,1.00
2018.03.28 09:52:55.155,1.34617,1.34635,1.00,1.00
2018.03.28 09:52:56.542,1.34617,1.34636,1.00,1.25
2018.03.28 09:52:58.348,1.34619,1.34638,1.50,1.25
2018.03.28 09:52:58.864,1.34618,1.34637,1.25,1.00
2018.03.28 09:53:00.448,1.3462,1.34638,1.00,1.25
2018.03.28 09:53:00.500,1.34618,1.34638,1.00,1.25
2018.03.28 09:53:01.042,1.34618,1.34638,1.00,1.69
2018.03.28 09:53:02.164,1.34618,1.34638,1.00,1.69
2018.03.28 09:53:04.068,1.34619,1.34636,1.00,1.00
2018.03.28 09:53:04.592,1.34619,1.34637,1.00,1.25
2018.03.28 09:53:05.456,1.3462,1.34637,1.00,1.25
2018.03.28 09:53:05.768,1.34623,1.34636,1.50,1.00
2018.03.28 09:53:05.998,1.34623,1.3464,1.00,1.50
2018.03.28 09:53:06.510,1.34623,1.34639,1.00,1.00
2018.03.28 09:53:07.135,1.34623,1.34638,1.00,1.50
2018.03.28 09:53:07.661,1.34622,1.34639,1.50,1.50
2018.03.28 09:53:09.600,1.34622,1.34638,1.50,1.00
2018.03.28 09:53:10.093,1.34623,1.34641,1.00,1.69
2018.03.28 09:53:10.555,1.34622,1.34637,1.00,1.00
2018.03.28 09:53:11.237,1.34626,1.34644,1.00,1.87
2018.03.28 09:53:11.289,1.34629,1.34644,1.00,1.31
2018.03.28 09:53:11.344,1.34629,1.34647,1.00,3.19
2018.03.28 09:53:11.653,1.34628,1.34645,1.00,1.50
2018.03.28 09:53:11.757,1.34626,1.34645,1.50,1.69
2018.03.28 09:53:11.941,1.34624,1.3464,1.00,1.50
2018.03.28 09:53:12.476,1.34624,1.34642,1.00,1.69
2018.03.28 09:53:13.219,1.34624,1.34642,1.00,1.69
2018.03.28 09:53:13.533,1.34626,1.34642,1.00,1.69
2018.03.28 09:53:13.585,1.34624,1.34642,1.00,1.69
2018.03.28 09:53:13.688,1.34626,1.34642,1.00,1.69
2018.03.28 09:53:13.842,1.34624,1.34642,1.00,1.69
2018.03.28 09:53:14.680,1.34625,1.34642,1.00,2.44
2018.03.28 09:53:14.732,1.34623,1.34642,1.87,1.69
2018.03.28 09:53:14.783,1.34625,1.34642,1.00,2.44
2018.03.28 09:53:15.306,1.34624,1.34642,1.00,1.69
2018.03.28 09:53:15.811,1.34621,1.34635,1.00,1.50
2018.03.28 09:53:15.863,1.34619,1.34634,1.00,1.50
2018.03.28 09:53:16.298,1.34617,1.34634,1.25,1.50
2018.03.28 09:53:16.831,1.34618,1.34634,1.00,1.50
2018.03.28 09:53:17.532,1.34618,1.34633,1.00,1.50
2018.03.28 09:53:17.687,1.34616,1.34633,1.69,1.50
2018.03.28 09:53:17.966,1.34618,1.34633,1.00,1.50
2018.03.28 09:53:18.121,1.34616,1.34636,1.00,1.19
2018.03.28 09:53:18.625,1.34617,1.34634,1.00,1.50
2018.03.28 09:53:18.677,1.34615,1.34634,1.50,1.00
2018.03.28 09:53:18.832,1.34617,1.34634,1.00,1.00
2018.03.28 09:53:18.949,1.34615,1.34634,1.00,1.00
2018.03.28 09:53:19.622,1.34615,1.34635,1.00,1.50
2018.03.28 09:53:20.111,1.34615,1.34633,1.00,1.00
2018.03.28 09:53:20.663,1.34614,1.34633,1.00,1.25
2018.03.28 09:53:21.012,1.34616,1.34633,1.00,1.19
2018.03.28 09:53:21.064,1.34617,1.34634,1.00,1.25
2018.03.28 09:53:21.593,1.34617,1.34633,1.00,1.00
2018.03.28 09:53:22.193,1.34618,1.34633,1.00,1.00
2018.03.28 09:53:22.716,1.34619,1.34636,1.00,1.19
2018.03.28 09:53:23.375,1.34619,1.34636,1.00,1.19
2018.03.28 09:53:24.557,1.34618,1.34636,1.00,1.19
2018.03.28 09:53:24.812,1.34617,1.34636,1.00,1.31
2018.03.28 09:53:26.397,1.34619,1.34633,1.00,1.25
2018.03.28 09:53:27.390,1.34618,1.34636,1.00,1.31
2018.03.28 09:53:28.116,1.34617,1.34633,1.50,1.25
2018.03.28 09:53:28.773,1.34618,1.34633,1.00,1.00
2018.03.28 09:53:29.261,1.34616,1.34634,1.00,2.06
2018.03.28 09:53:29.313,1.34613,1.34631,1.00,1.19
2018.03.28 09:53:29.643,1.34612,1.34629,1.00,1.19
2018.03.28 09:53:30.012,1.34617,1.34634,1.00,2.06
2018.03.28 09:53:30.635,1.34618,1.34636,1.00,2.44
2018.03.28 09:53:33.542,1.34619,1.34637,1.00,1.31
2018.03.28 09:53:33.696,1.34617,1.34637,1.00,1.31
2018.03.28 09:53:34.217,1.34618,1.34637,1.00,2.06
2018.03.28 09:53:35.201,1.34619,1.34637,1.00,1.87
2018.03.28 09:53:35.252,1.34619,1.34637,1.00,2.06
2018.03.28 09:53:35.808,1.34618,1.34638,1.00,3.19
2018.03.28 09:53:36.319,1.34617,1.34636,1.00,1.19
2018.03.28 09:53:36.830,1.34618,1.34638,1.00,2.44
2018.03.28 09:53:37.255,1.3462,1.34637,1.00,1.31
2018.03.28 09:53:37.402,1.34618,1.34638,1.00,2.44
2018.03.28 09:53:37.454,1.3462,1.34637,1.00,1.31
2018.03.28 09:53:37.773,1.34619,1.34638,1.00,1.31
2018.03.28 09:53:37.958,1.34617,1.34636,1.00,1.25
2018.03.28 09:53:38.009,1.3462,1.34638,1.00,1.31
2018.03.28 09:53:38.061,1.34617,1.34636,1.00,1.25
2018.03.28 09:53:38.568,1.34618,1.34636,1.00,1.31
2018.03.28 09:53:38.619,1.34617,1.34634,1.50,1.00
2018.03.28 09:53:38.826,1.34618,1.34637,1.00,1.31
2018.03.28 09:53:40.041,1.34618,1.34636,1.50,1.19
2018.03.28 09:53:41.570,1.34619,1.34636,1.00,1.19
2018.03.28 09:53:42.413,1.3462,1.34637,1.00,1.31
2018.03.28 09:53:42.927,1.34619,1.34637,1.00,1.31
2018.03.28 09:53:43.744,1.3462,1.34638,1.00,1.69
2018.03.28 09:53:43.797,1.3462,1.34637,1.00,1.31
2018.03.28 09:53:43.852,1.34623,1.34638,1.00,1.19
2018.03.28 09:53:44.011,1.34627,1.34645,1.00,1.31
2018.03.28 09:53:44.320,1.34629,1.34646,1.00,2.06
2018.03.28 09:53:44.860,1.34629,1.34642,1.00,1.00
2018.03.28 09:53:45.157,1.34628,1.34645,1.00,1.31
2018.03.28 09:53:46.051,1.34629,1.34647,1.00,2.06
2018.03.28 09:53:47.105,1.34628,1.34647,1.00,1.31
2018.03.28 09:53:47.640,1.34629,1.34646,1.00,1.69
2018.03.28 09:53:48.170,1.34629,1.34645,1.00,1.19
2018.03.28 09:53:49.025,1.34628,1.34645,1.00,1.19
2018.03.28 09:53:49.838,1.34629,1.34645,1.00,1.19
2018.03.28 09:53:50.956,1.34627,1.34645,1.50,1.19
2018.03.28 09:53:51.216,1.34629,1.34645,1.00,1.19
2018.03.28 09:53:51.319,1.34629,1.34645,1.00,1.25
2018.03.28 09:53:51.370,1.34631,1.34645,1.00,1.25
2018.03.28 09:53:51.627,1.34631,1.34649,1.00,1.19
2018.03.28 09:53:52.359,1.34629,1.34649,1.50,1.69
2018.03.28 09:53:52.410,1.34631,1.34649,1.00,1.69
2018.03.28 09:53:53.117,1.3463,1.34648,1.00,1.69
2018.03.28 09:53:53.643,1.34631,1.34648,1.00,1.19
2018.03.28 09:53:54.035,1.34631,1.34651,1.00,1.31
2018.03.28 09:53:54.188,1.34633,1.3465,1.00,1.19
2018.03.28 09:53:54.499,1.34634,1.34652,1.00,1.19
2018.03.28 09:53:55.008,1.34635,1.34652,1.00,1.19
2018.03.28 09:53:55.715,1.34634,1.34652,1.00,1.69
2018.03.28 09:53:56.560,1.34634,1.34652,1.00,1.31
2018.03.28 09:53:57.721,1.34634,1.34651,1.00,1.19
2018.03.28 09:53:58.512,1.34631,1.34651,1.00,1.19
2018.03.28 09:53:58.615,1.34633,1.34653,1.00,1.69
2018.03.28 09:53:59.133,1.34632,1.34651,1.00,1.19
2018.03.28 09:53:59.717,1.34633,1.34651,1.00,1.19
2018.03.28 09:54:00.492,1.34632,1.3465,1.00,1.25
2018.03.28 09:54:00.832,1.34632,1.34649,1.50,1.19
2018.03.28 09:54:01.270,1.3463,1.34649,1.00,1.19
2018.03.28 09:54:01.892,1.34632,1.34649,1.00,1.19
2018.03.28 09:54:02.044,1.3463,1.34649,1.00,1.19
2018.03.28 09:54:02.725,1.34631,1.34649,1.00,1.19
2018.03.28 09:54:04.035,1.34632,1.34649,1.00,1.19
2018.03.28 09:54:04.721,1.34631,1.34649,1.00,1.19
2018.03.28 09:54:05.357,1.34632,1.3465,1.00,2.44
2018.03.28 09:54:06.084,1.34633,1.3465,1.00,1.19
2018.03.28 09:54:06.624,1.34632,1.34651,1.00,1.19
2018.03.28 09:54:07.215,1.34631,1.3465,1.00,1.19
2018.03.28 09:54:07.373,1.34635,1.3465,1.00,1.19
2018.03.28 09:54:07.428,1.34636,1.34653,1.00,1.25
2018.03.28 09:54:07.891,1.34634,1.34653,1.00,1.50
2018.03.28 09:54:08.393,1.34635,1.34653,1.00,1.69
2018.03.28 09:54:09.063,1.34634,1.34653,1.00,2.44
2018.03.28 09:54:09.269,1.34636,1.34653,1.00,2.25
2018.03.28 09:54:09.637,1.34638,1.34653,1.00,1.00
2018.03.28 09:54:09.786,1.34636,1.34656,1.00,2.06
2018.03.28 09:54:10.147,1.34634,1.3465,1.00,1.00
2018.03.28 09:54:10.251,1.34631,1.34651,1.00,1.31
2018.03.28 09:54:10.405,1.34633,1.34651,1.00,2.06
2018.03.28 09:54:10.559,1.34631,1.3465,1.00,1.19
2018.03.28 09:54:11.167,1.34631,1.34651,1.00,2.06
2018.03.28 09:54:11.420,1.34631,1.34649,1.50,1.19
2018.03.28 09:54:11.525,1.34629,1.3465,1.00,1.19
2018.03.28 09:54:11.577,1.34631,1.34649,1.00,1.19
2018.03.28 09:54:12.143,1.34632,1.34649,1.00,1.19
2018.03.28 09:54:12.766,1.34631,1.3465,1.50,1.19
2018.03.28 09:54:13.595,1.34632,1.34649,1.00,1.19
2018.03.28 09:54:14.176,1.34631,1.3465,1.50,1.69
2018.03.28 09:54:14.718,1.34632,1.3465,1.00,1.19
2018.03.28 09:54:14.769,1.34632,1.34651,1.00,2.06
2018.03.28 09:54:17.002,1.34634,1.34651,1.00,2.06
2018.03.28 09:54:17.513,1.34634,1.34652,1.00,1.19
2018.03.28 09:54:18.014,1.34633,1.34653,1.00,2.06
2018.03.28 09:54:18.194,1.34633,1.34653,1.00,1.87
2018.03.28 09:54:18.646,1.34633,1.34653,1.00,1.31
2018.03.28 09:54:19.180,1.34634,1.34652,1.00,1.19
2018.03.28 09:54:19.445,1.34632,1.34652,1.50,1.19
2018.03.28 09:54:20.032,1.34633,1.34653,1.00,1.31
2018.03.28 09:54:20.582,1.34635,1.34654,1.50,1.56
2018.03.28 09:54:21.089,1.34636,1.34655,1.50,1.19
2018.03.28 09:54:21.838,1.34636,1.34655,1.50,2.06
2018.03.28 09:54:21.992,1.34638,1.34655,1.00,1.25
2018.03.28 09:54:22.146,1.34637,1.34653,1.00,1.00
2018.03.28 09:54:22.653,1.34637,1.34654,1.00,1.00
2018.03.28 09:54:23.305,1.34636,1.34654,1.50,1.25
2018.03.28 09:54:25.126,1.34637,1.34655,1.00,1.19
2018.03.28 09:54:25.646,1.34637,1.34655,1.00,1.25
2018.03.28 09:54:27.224,1.34636,1.34655,1.25,1.00
2018.03.28 09:54:27.892,1.34635,1.34655,1.00,2.25
2018.03.28 09:54:28.096,1.34638,1.3466,1.00,2.81
2018.03.28 09:54:28.200,1.34637,1.34656,1.50,1.25
2018.03.28 09:54:28.701,1.34637,1.34655,1.00,1.12
2018.03.28 09:54:29.213,1.34637,1.34653,1.00,1.00
2018.03.28 09:54:29.701,1.34637,1.34655,1.00,2.06
2018.03.28 09:54:30.482,1.34635,1.34656,1.00,3.56
2018.03.28 09:54:30.636,1.34636,1.34654,1.00,1.19
2018.03.28 09:54:30.958,1.34639,1.34655,1.50,1.31
2018.03.28 09:54:31.074,1.34637,1.34655,1.50,1.31
2018.03.28 09:54:43.164,1.34636,1.34655,1.00,1.12
2018.03.28 09:54:43.765,1.34636,1.34654,1.69,1.00
2018.03.28 09:54:44.287,1.34636,1.34655,1.50,2.06
2018.03.28 09:54:45.254,1.34636,1.34653,1.50,1.19
2018.03.28 09:54:45.358,1.34637,1.34654,1.00,1.12
2018.03.28 09:54:46.280,1.34636,1.34654,1.00,1.12
2018.03.28 09:54:46.823,1.34636,1.34653,1.00,1.00
2018.03.28 09:54:47.347,1.34636,1.34654,1.00,1.12
2018.03.28 09:54:48.226,1.34636,1.34654,1.50,2.06
2018.03.28 09:54:52.464,1.34635,1.34653,1.00,1.25
2018.03.28 09:54:52.515,1.34633,1.34653,1.25,1.25
2018.03.28 09:54:53.065,1.34635,1.34653,1.00,2.44
2018.03.28 09:54:54.605,1.34634,1.34653,1.00,1.69
2018.03.28 09:54:56.077,1.34633,1.34652,1.50,1.25
2018.03.28 09:54:57.854,1.34635,1.34653,1.00,1.69
2018.03.28 09:54:58.352,1.34633,1.34653,1.00,1.19
2018.03.28 09:54:58.726,1.34636,1.34653,1.00,1.50
2018.03.28 09:54:59.276,1.34636,1.34652,1.00,1.00
2018.03.28 09:54:59.802,1.34636,1.34653,1.00,1.00
2018.03.28 09:55:01.223,1.34635,1.34654,1.00,1.19
2018.03.28 09:55:01.725,1.34636,1.34655,1.00,1.19
2018.03.28 09:55:02.385,1.34635,1.34654,1.50,1.19
2018.03.28 09:55:03.171,1.34635,1.34656,1.00,2.06
2018.03.28 09:55:03.324,1.34637,1.34655,1.00,1.25
2018.03.28 09:55:03.848,1.34638,1.34656,1.00,2.06
2018.03.28 09:55:04.444,1.34637,1.34655,1.00,1.00
2018.03.28 09:55:08.562,1.34642,1.34659,1.00,2.44
2018.03.28 09:55:08.821,1.34644,1.34664,1.00,1.69
2018.03.28 09:55:09.339,1.34645,1.34663,1.00,1.25
2018.03.28 09:55:09.981,1.34644,1.34664,1.50,1.19
2018.03.28 09:55:10.368,1.34646,1.34663,1.00,1.00
2018.03.28 09:55:11.073,1.34646,1.34662,1.00,1.00
2018.03.28 09:55:11.558,1.34644,1.34663,1.00,1.00
2018.03.28 09:55:12.113,1.34645,1.34663,1.00,1.00
2018.03.28 09:55:12.663,1.34645,1.34665,1.00,2.81
2018.03.28 09:55:13.242,1.34646,1.34665,1.00,1.12
2018.03.28 09:55:15.461,1.34647,1.34665,1.00,2.62
2018.03.28 09:55:15.514,1.34649,1.34665,1.00,1.00
2018.03.28 09:55:15.567,1.3465,1.34668,1.00,1.31
2018.03.28 09:55:15.619,1.3465,1.34669,1.50,1.25
2018.03.28 09:55:16.302,1.3465,1.34667,1.00,1.00
2018.03.28 09:55:16.890,1.34648,1.34667,1.00,1.25
2018.03.28 09:55:17.928,1.34649,1.34667,1.00,1.25
2018.03.28 09:55:18.414,1.34652,1.34668,1.00,1.25
2018.03.28 09:55:18.568,1.34649,1.34668,1.00,1.25
2018.03.28 09:55:19.117,1.34649,1.34667,1.00,1.00
2018.03.28 09:55:21.249,1.34649,1.34662,1.00,1.00
2018.03.28 09:55:21.352,1.34644,1.34662,1.25,1.87
2018.03.28 09:55:21.404,1.34643,1.34659,1.00,1.00
2018.03.28 09:55:21.710,1.34632,1.34651,1.00,1.62
2018.03.28 09:55:21.761,1.34631,1.34647,1.69,1.00
2018.03.28 09:55:21.863,1.34627,1.34647,1.19,2.25
2018.03.28 09:55:21.915,1.3463,1.34644,1.00,1.00
2018.03.28 09:55:22.070,1.3463,1.34648,1.00,2.06
2018.03.28 09:55:22.174,1.34634,1.34647,1.00,1.00
2018.03.28 09:55:22.278,1.34632,1.34648,1.00,1.12
2018.03.28 09:55:22.791,1.34633,1.34648,1.00,1.12
2018.03.28 09:55:23.184,1.3463,1.34647,1.00,1.00
2018.03.28 09:55:23.275,1.34632,1.34647,1.00,1.00
2018.03.28 09:55:23.686,1.34634,1.34647,1.00,1.00
2018.03.28 09:55:23.840,1.34631,1.34648,1.00,1.12
2018.03.28 09:55:23.892,1.34633,1.34648,1.00,1.12
2018.03.28 09:55:23.995,1.34631,1.34648,1.00,1.12
2018.03.28 09:55:24.662,1.34631,1.34647,1.00,1.00
2018.03.28 09:55:25.182,1.34632,1.34647,1.00,1.00
2018.03.28 09:55:25.583,1.34634,1.34647,1.00,1.00
2018.03.28 09:55:25.964,1.34632,1.34647,1.00,1.00
2018.03.28 09:55:26.485,1.34632,1.34648,1.00,1.12
2018.03.28 09:55:27.016,1.34632,1.34647,1.00,1.00
2018.03.28 09:55:27.601,1.34631,1.34647,1.50,1.00
2018.03.28 09:55:27.756,1.34634,1.34647,1.00,1.00
2018.03.28 09:55:28.511,1.34634,1.34648,1.00,1.12
2018.03.28 09:55:28.784,1.34632,1.34647,1.00,1.00
2018.03.28 09:55:28.836,1.34635,1.34647,1.00,1.00
2018.03.28 09:55:29.458,1.34635,1.3465,1.00,1.75
2018.03.28 09:55:30.820,1.34635,1.34649,1.00,1.00
2018.03.28 09:55:31.433,1.34635,1.3465,1.00,1.00
2018.03.28 09:55:32.168,1.34635,1.34649,1.00,1.00
2018.03.28 09:55:33.196,1.34635,1.3465,1.00,1.00
2018.03.28 09:55:35.107,1.34636,1.34653,1.00,2.44
2018.03.28 09:55:35.160,1.34634,1.34652,1.50,1.69
2018.03.28 09:55:35.674,1.34636,1.34649,1.00,1.00
2018.03.28 09:55:36.181,1.34635,1.34649,1.00,1.00
2018.03.28 09:55:36.649,1.34632,1.3465,1.50,1.00
2018.03.28 09:55:37.199,1.34633,1.34649,1.00,1.00
2018.03.28 09:55:37.753,1.34633,1.3465,1.00,1.00
2018.03.28 09:55:38.466,1.34632,1.3465,1.00,1.25
2018.03.28 09:55:38.620,1.34634,1.34649,1.00,1.00
2018.03.28 09:55:38.733,1.34632,1.34649,1.00,1.00
2018.03.28 09:55:39.252,1.34633,1.34649,1.00,1.00
2018.03.28 09:55:39.988,1.34634,1.3465,1.00,1.69
2018.03.28 09:55:40.040,1.34632,1.3465,1.50,1.69
2018.03.28 09:55:40.352,1.34634,1.3465,1.00,1.69
2018.03.28 09:55:40.626,1.34632,1.3465,1.00,1.69
2018.03.28 09:55:40.677,1.34634,1.3465,1.00,1.69
2018.03.28 09:55:41.103,1.34632,1.3465,1.00,1.69
2018.03.28 09:55:41.811,1.34633,1.34649,1.00,1.12
2018.03.28 09:55:42.429,1.34632,1.3465,1.00,1.69
2018.03.28 09:55:42.531,1.34634,1.3465,1.00,1.69
2018.03.28 09:55:42.743,1.34632,1.3465,1.00,1.69
2018.03.28 09:55:43.079,1.34634,1.3465,1.00,1.50
2018.03.28 09:55:43.611,1.34635,1.34649,1.00,1.37
2018.03.28 09:55:44.212,1.34634,1.34649,1.00,1.37
2018.03.28 09:55:44.844,1.34633,1.3465,1.00,1.69
2018.03.28 09:55:45.387,1.34634,1.3465,1.00,1.69
2018.03.28 09:55:46.881,1.34633,1.3465,1.00,1.50
2018.03.28 09:55:47.420,1.34632,1.3465,1.25,1.50
2018.03.28 09:55:47.957,1.34633,1.3465,1.00,1.50
2018.03.28 09:55:48.664,1.34634,1.34649,1.00,1.37
2018.03.28 09:55:48.818,1.34635,1.3465,1.00,1.00
2018.03.28 09:55:48.871,1.34637,1.34652,1.00,2.25
2018.03.28 09:55:49.233,1.34635,1.34652,1.00,1.50
2018.03.28 09:55:49.760,1.34636,1.34652,1.00,1.50
2018.03.28 09:56:02.213,1.34634,1.34652,1.31,1.50
2018.03.28 09:56:02.416,1.34633,1.34652,1.69,1.50
2018.03.28 09:56:03.690,1.34633,1.34653,1.69,2.25
2018.03.28 09:56:04.582,1.34635,1.34651,1.00,1.12
2018.03.28 09:56:05.176,1.34634,1.34652,1.25,1.50
2018.03.28 09:56:08.429,1.3463,1.34649,1.19,1.00
2018.03.28 09:56:08.483,1.34628,1.34648,1.19,1.75
2018.03.28 09:56:08.606,1.34623,1.3464,1.00,1.12
2018.03.28 09:56:08.882,1.34623,1.34643,1.25,1.50
2018.03.28 09:56:09.481,1.34622,1.34642,1.00,1.00
2018.03.28 09:56:11.560,1.34623,1.34643,1.00,1.69
2018.03.28 09:56:11.612,1.34625,1.34643,1.00,2.44
2018.03.28 09:56:12.121,1.34626,1.34642,1.00,1.00
2018.03.28 09:56:12.809,1.34626,1.34643,1.00,1.50
2018.03.28 09:56:13.331,1.34627,1.34642,1.00,1.00
2018.03.28 09:56:13.937,1.34626,1.34643,1.00,1.00
2018.03.28 09:56:14.499,1.34626,1.34642,1.00,1.00
2018.03.28 09:56:18.372,1.34625,1.34642,1.00,1.00
2018.03.28 09:56:19.420,1.34625,1.34643,1.00,1.50
2018.03.28 09:56:20.402,1.34625,1.34642,1.00,1.00
2018.03.28 09:56:21.256,1.34627,1.34643,1.00,1.25
2018.03.28 09:56:21.762,1.34627,1.34642,1.00,1.00
2018.03.28 09:56:23.554,1.34628,1.34642,1.00,1.00
2018.03.28 09:56:23.605,1.34626,1.34642,1.00,1.00
2018.03.28 09:56:24.153,1.34627,1.34642,1.00,1.00
2018.03.28 09:56:24.801,1.34628,1.34642,1.00,1.00
2018.03.28 09:56:24.853,1.34626,1.34642,1.00,1.00
2018.03.28 09:56:25.190,1.34628,1.34643,1.00,1.00
2018.03.28 09:56:25.793,1.34627,1.34642,1.00,1.00
2018.03.28 09:56:26.410,1.34628,1.34642,1.00,1.00
2018.03.28 09:56:26.513,1.34626,1.34642,1.00,1.00
2018.03.28 09:56:27.014,1.34627,1.34642,1.00,1.00
2018.03.28 09:56:27.419,1.34627,1.34644,1.00,1.25
2018.03.28 09:56:27.934,1.34626,1.34644,1.00,1.25
2018.03.28 09:56:28.274,1.34628,1.34644,1.00,1.25
2018.03.28 09:56:28.798,1.34627,1.34644,1.00,1.00
2018.03.28 09:56:29.501,1.34628,1.34644,1.00,1.00
2018.03.28 09:56:30.091,1.34627,1.34643,1.00,1.00
2018.03.28 09:56:30.607,1.34628,1.34643,1.00,1.00
2018.03.28 09:56:31.157,1.34627,1.34643,1.00,1.00
2018.03.28 09:56:31.466,1.34631,1.34647,1.00,1.00
2018.03.28 09:56:31.677,1.34636,1.34655,1.00,1.31
2018.03.28 09:56:31.790,1.34638,1.34656,1.00,1.69
2018.03.28 09:56:32.671,1.34638,1.34654,1.00,1.00
2018.03.28 09:56:33.238,1.34638,1.34655,1.00,1.00
2018.03.28 09:56:33.693,1.34636,1.34656,1.25,1.69
2018.03.28 09:56:34.118,1.34636,1.34656,1.00,1.69
2018.03.28 09:56:34.436,1.34626,1.34643,1.00,1.19
2018.03.28 09:56:35.155,1.34625,1.34643,1.00,1.19
2018.03.28 09:56:35.864,1.34623,1.34642,1.50,1.56
2018.03.28 09:56:36.768,1.34624,1.3464,1.00,1.19
2018.03.28 09:56:37.281,1.34623,1.3464,1.00,1.00
2018.03.28 09:56:37.797,1.34623,1.34642,1.00,1.69
2018.03.28 09:56:38.560,1.34624,1.34641,1.00,1.31
2018.03.28 09:56:38.902,1.3462,1.34639,1.50,1.94
2018.03.28 09:56:39.006,1.34614,1.34634,1.12,1.19
2018.03.28 09:56:39.058,1.34614,1.34634,1.00,1.31
2018.03.28 09:56:39.749,1.34612,1.34631,2.25,1.19
2018.03.28 09:56:40.118,1.34614,1.34631,1.00,1.19
2018.03.28 09:56:40.170,1.34612,1.34631,2.25,1.69
2018.03.28 09:56:40.584,1.34612,1.34631,2.25,1.19
2018.03.28 09:56:41.720,1.34612,1.34632,2.25,2.06
2018.03.28 09:56:42.096,1.34612,1.3463,1.50,1.69
2018.03.28 09:56:42.301,1.34609,1.34627,1.00,1.69
2018.03.28 09:56:43.154,1.3461,1.34627,1.00,1.69
2018.03.28 09:56:43.665,1.3461,1.34627,1.00,1.19
2018.03.28 09:56:44.429,1.34609,1.34627,1.00,1.19
2018.03.28 09:56:44.481,1.34609,1.34624,1.00,1.00
2018.03.28 09:56:44.790,1.34609,1.34622,1.00,1.00
2018.03.28 09:56:45.369,1.34609,1.34624,1.00,1.25
2018.03.28 09:56:48.860,1.34609,1.34626,1.00,1.19
2018.03.28 09:56:49.066,1.34609,1.34625,1.50,1.31
2018.03.28 09:56:49.512,1.34606,1.34623,1.37,1.56
2018.03.28 09:56:50.114,1.34607,1.34622,1.37,1.31
2018.03.28 09:56:50.708,1.34607,1.34621,1.37,1.25
2018.03.28 09:56:51.245,1.34606,1.34622,1.37,1.31
2018.03.28 09:56:51.769,1.34606,1.34623,1.37,1.50
2018.03.28 09:56:52.075,1.34605,1.34621,1.37,1.75
2018.03.28 09:56:52.627,1.34604,1.3462,1.37,1.50
2018.03.28 09:56:53.174,1.34604,1.34621,1.37,1.94
2018.03.28 09:56:54.190,1.34605,1.3462,1.37,1.69
2018.03.28 09:56:54.750,1.34605,1.3462,1.37,1.69
2018.03.28 09:56:54.956,1.34606,1.3462,1.00,1.69
2018.03.28 09:56:55.266,1.34604,1.34623,1.00,1.69
2018.03.28 09:56:55.617,1.34606,1.34623,1.00,1.69
2018.03.28 09:56:56.317,1.34605,1.34622,1.00,1.19
2018.03.28 09:56:56.844,1.34606,1.34623,1.00,1.19
2018.03.28 09:56:57.357,1.34605,1.34622,1.00,1.19
2018.03.28 09:56:57.914,1.34606,1.34623,1.00,1.19
2018.03.28 09:56:57.966,1.34604,1.34623,1.00,1.69
2018.03.28 09:56:58.276,1.34607,1.34623,1.00,1.19
2018.03.28 09:56:58.483,1.34605,1.34624,1.00,2.44
2018.03.28 09:56:58.656,1.34607,1.34624,1.00,2.06
2018.03.28 09:56:59.567,1.34606,1.34623,1.00,1.31
2018.03.28 09:56:59.670,1.34608,1.34623,1.00,1.31
2018.03.28 09:57:01.757,1.34607,1.34624,1.00,1.56
2018.03.28 09:57:02.286,1.34608,1.34623,1.00,1.31
2018.03.28 09:57:04.187,1.34607,1.34623,1.00,1.31
2018.03.28 09:57:04.907,1.34608,1.34623,1.00,1.31
2018.03.28 09:57:10.644,1.3461,1.34627,1.00,1.69
2018.03.28 09:57:10.747,1.34607,1.34626,1.00,1.19
2018.03.28 09:57:11.712,1.34609,1.34626,1.00,1.69
2018.03.28 09:57:12.187,1.34609,1.34626,1.00,2.06
2018.03.28 09:57:12.907,1.34607,1.34626,1.00,1.31
2018.03.28 09:57:14.464,1.34609,1.34626,1.00,2.06
2018.03.28 09:57:16.206,1.3461,1.34629,1.00,1.81
2018.03.28 09:57:16.257,1.34611,1.3463,1.00,1.56
2018.03.28 09:57:16.309,1.34613,1.3463,1.00,2.06
2018.03.28 09:57:16.819,1.34614,1.34629,1.00,1.31
2018.03.28 09:57:16.870,1.34612,1.34629,1.00,1.31
2018.03.28 09:57:17.945,1.34612,1.34629,1.00,1.31
2018.03.28 09:57:18.649,1.34613,1.34629,1.00,1.31
2018.03.28 09:57:18.752,1.3461,1.34629,1.00,1.31
2018.03.28 09:57:18.805,1.34609,1.34629,1.00,1.81
2018.03.28 09:57:19.455,1.34611,1.34629,1.00,2.25
2018.03.28 09:57:19.959,1.34609,1.34629,1.00,2.25
2018.03.28 09:57:20.501,1.3461,1.34629,1.00,1.81
2018.03.28 09:57:20.768,1.34611,1.3463,1.00,1.56
2018.03.28 09:57:21.001,1.34609,1.3463,1.00,2.06
2018.03.28 09:57:21.622,1.34611,1.3463,1.00,1.56
2018.03.28 09:57:21.875,1.34609,1.34629,1.00,1.56
2018.03.28 09:57:22.478,1.3461,1.34628,1.00,1.31
2018.03.28 09:57:23.022,1.3461,1.34626,1.00,1.19
2018.03.28 09:57:23.076,1.34613,1.34626,1.00,1.19
2018.03.28 09:57:23.129,1.34611,1.34627,1.00,1.19
2018.03.28 09:57:23.676,1.3461,1.34627,1.00,1.19
2018.03.28 09:57:24.585,1.34609,1.34626,1.00,1.19
2018.03.28 09:57:25.121,1.3461,1.34626,1.00,1.19
2018.03.28 09:57:25.850,1.34609,1.34626,1.00,1.19
2018.03.28 09:57:26.361,1.3461,1.34626,1.00,1.19
2018.03.28 09:57:27.111,1.34609,1.34626,1.00,1.19
2018.03.28 09:57:27.617,1.3461,1.34626,1.00,1.19
2018.03.28 09:57:28.363,1.34609,1.34626,1.00,1.19
2018.03.28 09:57:29.255,1.34609,1.34626,1.00,1.19
2018.03.28 09:57:29.306,1.34607,1.34624,1.00,1.31
2018.03.28 09:57:29.359,1.34607,1.34624,1.00,2.44
2018.03.28 09:57:30.019,1.34606,1.34623,1.00,1.19
2018.03.28 09:57:30.072,1.34603,1.34623,1.00,1.56
2018.03.28 09:57:30.126,1.34602,1.34621,1.00,2.44
2018.03.28 09:57:30.799,1.34601,1.34618,1.12,1.69
2018.03.28 09:57:31.339,1.34602,1.34618,1.00,1.69
2018.03.28 09:57:31.862,1.34602,1.34617,1.00,1.19
2018.03.28 09:57:32.734,1.34601,1.34617,1.12,1.19
2018.03.28 09:57:33.257,1.34599,1.34615,1.09,1.50
2018.03.28 09:57:33.773,1.34597,1.34614,1.09,1.31
2018.03.28 09:57:34.916,1.34598,1.34615,1.09,2.44
2018.03.28 09:57:35.691,1.34598,1.34615,1.09,2.81
2018.03.28 09:57:36.198,1.34598,1.34615,1.09,2.81
2018.03.28 09:57:37.538,1.34598,1.34615,1.09,2.44
2018.03.28 09:57:37.641,1.34597,1.34614,1.00,2.06
2018.03.28 09:57:37.693,1.34597,1.34614,1.00,2.44
2018.03.28 09:57:38.225,1.34595,1.34614,1.00,2.44
2018.03.28 09:57:39.701,1.34597,1.34614,1.00,1.69
2018.03.28 09:57:41.632,1.34596,1.34612,1.00,2.06
2018.03.28 09:57:41.684,1.34594,1.3461,1.00,1.19
2018.03.28 09:57:41.735,1.34594,1.3461,1.00,1.56
2018.03.28 09:57:41.889,1.34589,1.34604,1.50,1.50
2018.03.28 09:57:41.941,1.34587,1.34605,1.50,1.69
2018.03.28 09:57:42.624,1.3459,1.34607,1.00,1.69
2018.03.28 09:57:43.083,1.34588,1.34605,1.00,1.19
2018.03.28 09:57:44.587,1.34588,1.34607,1.00,1.56
2018.03.28 09:57:50.104,1.34589,1.34607,1.00,2.06
2018.03.28 09:57:52.044,1.34589,1.34607,1.00,1.69
2018.03.28 09:57:52.627,1.34588,1.34606,1.00,1.19
2018.03.28 09:57:52.885,1.34584,1.34603,1.50,1.31
2018.03.28 09:57:52.937,1.34581,1.34601,1.00,1.69
2018.03.28 09:57:53.040,1.3458,1.34598,1.00,1.19
2018.03.28 09:57:53.095,1.34578,1.34595,1.00,1.25
2018.03.28 09:57:53.146,1.34578,1.34595,1.00,1.31
2018.03.28 09:57:53.901,1.34577,1.34593,1.00,1.19
2018.03.28 09:57:55.256,1.34578,1.34593,1.00,1.19
2018.03.28 09:57:56.392,1.34578,1.34593,1.00,1.25
2018.03.28 09:57:57.142,1.34575,1.34594,1.00,1.69
2018.03.28 09:57:59.225,1.34573,1.34591,1.50,1.12
2018.03.28 09:58:01.516,1.34574,1.34592,1.00,1.19
2018.03.28 09:58:02.294,1.34577,1.34594,1.00,1.69
2018.03.28 09:58:02.345,1.34576,1.34594,1.00,1.31
2018.03.28 09:58:03.928,1.34576,1.34594,1.00,1.31
2018.03.28 09:58:07.547,1.34575,1.34595,1.00,1.69
2018.03.28 09:58:07.903,1.34573,1.34593,1.00,1.31
2018.03.28 09:58:08.452,1.34574,1.34594,1.00,2.44
2018.03.28 09:58:09.007,1.34574,1.34594,1.00,2.06
2018.03.28 09:58:09.554,1.34575,1.34593,1.00,1.19
2018.03.28 09:58:10.236,1.34573,1.34593,1.00,1.19
2018.03.28 09:58:10.340,1.34573,1.3459,1.00,1.00
2018.03.28 09:58:10.895,1.34573,1.34591,1.00,1.87
2018.03.28 09:58:11.773,1.34574,1.34591,1.00,1.12
2018.03.28 09:58:12.320,1.34574,1.3459,1.00,1.25
2018.03.28 09:58:13.023,1.34574,1.34591,1.00,1.31
2018.03.28 09:58:14.288,1.34572,1.34591,1.00,1.69
2018.03.28 09:58:15.655,1.3457,1.3459,1.50,2.06
2018.03.28 09:58:15.809,1.34568,1.34586,1.00,1.19
2018.03.28 09:58:15.861,1.34566,1.34584,1.00,1.25
2018.03.28 09:58:17.842,1.34567,1.34585,1.00,1.19
2018.03.28 09:58:19.334,1.34567,1.34583,1.00,1.50
2018.03.28 09:58:20.222,1.34567,1.34582,1.00,1.00
2018.03.28 09:58:20.762,1.34565,1.3458,1.00,1.00
2018.03.28 09:58:20.915,1.34566,1.34582,1.00,1.25
2018.03.28 09:58:21.441,1.34572,1.34586,1.00,1.50
2018.03.28 09:58:21.953,1.34572,1.34587,1.00,1.00
2018.03.28 09:58:22.321,1.3457,1.34587,1.00,1.00
2018.03.28 09:58:23.354,1.3457,1.34587,1.00,1.75
2018.03.28 09:58:23.508,1.34567,1.34583,1.00,1.12
2018.03.28 09:58:23.560,1.34569,1.34584,1.00,1.00
2018.03.28 09:58:23.869,1.34573,1.34586,1.00,1.00
2018.03.28 09:58:24.337,1.34574,1.3459,1.00,1.31
2018.03.28 09:58:24.545,1.3457,1.34589,1.00,1.25
2018.03.28 09:58:24.596,1.3457,1.34587,1.00,1.19
2018.03.28 09:58:24.749,1.34567,1.34587,1.00,2.06
2018.03.28 09:58:25.659,1.34565,1.34582,1.00,1.00
2018.03.28 09:58:26.357,1.34564,1.34583,1.00,1.69
2018.03.28 09:58:27.301,1.34566,1.34583,1.00,1.69
2018.03.28 09:58:27.786,1.34564,1.34583,1.00,1.69
2018.03.28 09:58:27.838,1.34563,1.34582,1.00,2.81
2018.03.28 09:58:28.149,1.34568,1.34584,1.00,1.19
2018.03.28 09:58:28.381,1.34568,1.34584,1.00,1.25
2018.03.28 09:58:28.892,1.34569,1.34584,1.00,1.25
2018.03.28 09:58:29.850,1.34568,1.34584,1.00,1.19
2018.03.28 09:58:29.953,1.34568,1.34584,1.00,1.25
2018.03.28 09:58:30.005,1.3457,1.34586,1.00,1.31
2018.03.28 09:58:30.215,1.34575,1.34592,1.00,1.12
2018.03.28 09:58:30.421,1.34573,1.34592,1.00,1.12
2018.03.28 09:58:30.578,1.34573,1.34589,1.00,1.00
2018.03.28 09:58:30.631,1.3457,1.34589,1.00,1.25
2018.03.28 09:58:30.683,1.34573,1.3459,1.00,1.31
2018.03.28 09:58:30.889,1.3457,1.34589,1.00,1.25
2018.03.28 09:58:30.941,1.34572,1.34589,1.00,1.19
2018.03.28 09:58:30.992,1.3457,1.34589,1.00,1.69
2018.03.28 09:58:31.147,1.34567,1.34585,1.00,1.31
2018.03.28 09:58:31.199,1.34569,1.34585,1.00,1.31
2018.03.28 09:58:31.789,1.34568,1.34585,1.00,1.31
2018.03.28 09:58:32.177,1.34571,1.34586,1.00,1.56
2018.03.28 09:58:32.695,1.3457,1.34585,1.00,1.31
2018.03.28 09:58:33.661,1.34571,1.34585,1.00,1.31
2018.03.28 09:58:34.016,1.34569,1.34585,1.00,1.31
2018.03.28 09:58:34.564,1.34568,1.34586,1.00,1.56
2018.03.28 09:58:36.151,1.34568,1.34586,1.00,2.06
2018.03.28 09:58:36.203,1.34566,1.34586,1.00,1.56
2018.03.28 09:58:36.357,1.34568,1.34586,1.00,1.56
2018.03.28 09:58:36.896,1.34567,1.34585,1.00,1.31
2018.03.28 09:58:36.997,1.34565,1.34585,1.00,1.31
2018.03.28 09:58:37.252,1.34565,1.34581,1.00,1.00
2018.03.28 09:58:39.124,1.34567,1.34581,1.00,1.00
2018.03.28 09:58:40.105,1.34567,1.34582,1.00,1.25
2018.03.28 09:58:41.087,1.34566,1.34582,1.00,1.00
2018.03.28 09:58:42.132,1.34566,1.34581,1.00,1.00
2018.03.28 09:58:43.185,1.34565,1.34581,1.00,1.25
2018.03.28 09:58:48.645,1.34564,1.34582,1.00,1.19
2018.03.28 09:58:49.375,1.34564,1.34582,1.00,1.19
2018.03.28 09:58:49.888,1.34565,1.34582,1.00,1.19
2018.03.28 09:58:50.547,1.34564,1.34581,1.00,1.19
2018.03.28 09:58:53.892,1.34564,1.34581,1.00,1.25
2018.03.28 09:58:54.416,1.34563,1.34581,1.00,2.06
2018.03.28 09:58:54.725,1.34561,1.3458,1.25,1.37
2018.03.28 09:58:55.032,1.34563,1.34579,1.00,1.12
2018.03.28 09:58:59.552,1.34563,1.34578,1.00,1.50
2018.03.28 09:59:00.111,1.34563,1.34579,1.00,2.62
2018.03.28 09:59:00.869,1.34563,1.34579,1.00,2.81
2018.03.28 09:59:00.921,1.34559,1.34579,1.00,3.94
2018.03.28 09:59:00.973,1.34558,1.34574,1.00,1.25
2018.03.28 09:59:01.282,1.3455,1.34567,1.00,1.31
2018.03.28 09:59:01.831,1.34549,1.34568,1.00,2.81
2018.03.28 09:59:02.048,1.34549,1.34565,1.00,1.50
2018.03.28 09:59:02.552,1.34551,1.34565,1.00,1.00
2018.03.28 09:59:02.655,1.34549,1.34565,1.00,1.25
2018.03.28 09:59:03.214,1.3455,1.34564,1.00,1.50
2018.03.28 09:59:03.745,1.34549,1.34566,1.00,1.69
2018.03.28 09:59:03.963,1.34547,1.34564,1.00,1.87
2018.03.28 09:59:04.015,1.34545,1.3456,1.00,1.00
2018.03.28 09:59:04.067,1.34541,1.3456,1.00,1.69
2018.03.28 09:59:04.427,1.3454,1.34555,1.00,1.12
2018.03.28 09:59:04.943,1.34539,1.34556,1.00,1.69
2018.03.28 09:59:05.884,1.34539,1.34555,1.00,1.31
2018.03.28 09:59:09.829,1.34538,1.34555,1.00,1.31
2018.03.28 09:59:12.469,1.34543,1.34556,1.00,1.00
2018.03.28 09:59:12.677,1.34553,1.34569,1.00,1.69
2018.03.28 09:59:12.818,1.34553,1.34571,1.00,2.06
2018.03.28 09:59:14.008,1.34551,1.34563,1.00,1.00
2018.03.28 09:59:14.130,1.34548,1.34569,2.81,1.50
2018.03.28 09:59:14.283,1.34548,1.34569,2.62,2.44
2018.03.28 09:59:14.334,1.34555,1.34569,1.00,2.44
2018.03.28 09:59:14.641,1.34548,1.34566,1.00,5.06
2018.03.28 09:59:14.953,1.34546,1.34561,1.00,1.69
2018.03.28 09:59:15.464,1.34546,1.34561,1.00,2.06
2018.03.28 09:59:15.517,1.34543,1.34561,1.00,2.81
2018.03.28 09:59:15.858,1.34541,1.34561,1.00,2.81
2018.03.28 09:59:16.452,1.34542,1.34558,1.00,1.69
2018.03.28 09:59:16.706,1.3454,1.34558,1.00,1.69
2018.03.28 09:59:16.757,1.34542,1.34558,1.00,1.69
2018.03.28 09:59:17.403,1.34541,1.34559,1.00,1.69
2018.03.28 09:59:19.408,1.34541,1.34556,1.00,1.50
2018.03.28 09:59:19.934,1.34541,1.34559,1.00,1.19
2018.03.28 09:59:20.853,1.34542,1.34554,1.00,1.50
2018.03.28 09:59:21.351,1.34543,1.34558,1.00,1.19
2018.03.28 09:59:22.849,1.34544,1.3456,1.00,2.06
2018.03.28 09:59:23.448,1.34545,1.34563,1.00,2.25
2018.03.28 09:59:23.500,1.34543,1.34563,1.00,2.06
2018.03.28 09:59:24.036,1.34542,1.3456,1.00,1.19
2018.03.28 09:59:24.582,1.34541,1.3456,2.25,1.19
2018.03.28 09:59:24.634,1.34541,1.3456,2.25,1.31
2018.03.28 09:59:25.545,1.3454,1.34557,1.12,1.31
2018.03.28 09:59:25.752,1.34536,1.34555,1.12,1.19
2018.03.28 09:59:26.273,1.34537,1.34555,1.00,1.19
2018.03.28 09:59:26.803,1.34538,1.34557,1.00,2.81
2018.03.28 09:59:28.001,1.34537,1.34555,1.00,1.69
2018.03.28 09:59:28.536,1.34537,1.34555,1.00,1.31
2018.03.28 09:59:29.318,1.34535,1.34556,3.00,2.81
2018.03.28 09:59:31.441,1.34535,1.34552,1.12,2.06
2018.03.28 09:59:31.749,1.34533,1.34551,1.00,1.31
2018.03.28 09:59:32.260,1.34532,1.34547,1.50,1.69
2018.03.28 09:59:32.785,1.34533,1.34547,1.00,1.69
2018.03.28 09:59:33.427,1.34533,1.34545,1.00,1.50
2018.03.28 09:59:34.155,1.34533,1.34547,1.00,1.69
2018.03.28 09:59:34.818,1.34533,1.34548,1.00,1.69
2018.03.28 09:59:36.038,1.34531,1.34548,1.00,1.69
2018.03.28 09:59:37.546,1.34532,1.34551,1.00,2.06
2018.03.28 09:59:37.651,1.34534,1.34551,1.00,2.06
2018.03.28 09:59:38.158,1.34533,1.34549,1.00,1.69
2018.03.28 09:59:38.716,1.34532,1.34549,1.00,1.69
2018.03.28 09:59:38.920,1.34533,1.3455,1.00,1.69
2018.03.28 09:59:39.457,1.34534,1.34549,1.00,1.69
2018.03.28 09:59:39.639,1.34532,1.34549,1.00,1.69
2018.03.28 09:59:40.143,1.34531,1.34549,1.00,1.19
2018.03.28 09:59:40.521,1.3453,1.34548,1.87,2.06
2018.03.28 09:59:41.519,1.34529,1.34547,1.00,1.69
2018.03.28 09:59:42.253,1.3453,1.34539,1.00,1.50
2018.03.28 09:59:42.459,1.3453,1.34548,1.00,1.31
2018.03.28 09:59:43.120,1.34529,1.34547,1.00,1.19
2018.03.28 09:59:43.738,1.34529,1.34546,1.00,1.69
2018.03.28 09:59:45.366,1.34526,1.34548,1.50,1.31
2018.03.28 09:59:46.073,1.34528,1.34544,1.00,1.69
2018.03.28 09:59:46.533,1.34524,1.34544,2.25,1.25
2018.03.28 09:59:46.702,1.34524,1.34542,1.00,1.00
2018.03.28 09:59:47.245,1.34524,1.34542,1.00,1.69
2018.03.28 09:59:48.066,1.34524,1.34543,1.00,1.69
2018.03.28 09:59:48.362,1.34524,1.34545,1.19,1.25
2018.03.28 09:59:49.435,1.34524,1.34546,1.00,1.19
2018.03.28 09:59:49.706,1.34524,1.34542,1.25,1.00
2018.03.28 09:59:50.233,1.34524,1.34543,1.25,1.50
2018.03.28 09:59:50.753,1.34524,1.34544,1.25,1.69
2018.03.28 09:59:53.380,1.34524,1.34544,1.31,1.50
2018.03.28 09:59:53.881,1.34525,1.34545,1.19,1.50
2018.03.28 09:59:53.933,1.34525,1.34547,1.31,1.69
2018.03.28 09:59:54.191,1.34525,1.34547,1.00,2.06
2018.03.28 09:59:54.243,1.34525,1.34547,1.00,1.69
2018.03.28 09:59:54.552,1.34525,1.34544,1.00,1.69
2018.03.28 09:59:55.519,1.34525,1.34548,1.25,2.06
2018.03.28 09:59:58.753,1.34523,1.34549,1.25,2.81
2018.03.28 09:59:58.895,1.34523,1.34548,1.00,1.50
2018.03.28 09:59:58.947,1.34523,1.34543,1.00,1.69
