2008.11.17 09:00:00.670,1.77345,1.77404,1.00,1.00
2008.11.17 09:00:01.130,1.7734,1.77404,1.20,1.00
2008.11.17 09:00:01.970,1.7734,1.7739,1.20,1.20
2008.11.17 09:00:02.370,1.7734,1.77395,1.20,1.20
2008.11.17 09:00:02.710,1.7734,1.7739,1.20,1.20
2008.11.17 09:00:03.059,1.7732,1.7739,2.40,1.20
2008.11.17 09:00:03.679,1.7732,1.7741,2.40,1.50
2008.11.17 09:00:04.029,1.7732,1.7739,2.40,1.20
2008.11.17 09:00:04.509,1.77335,1.7741,1.00,1.50
2008.11.17 09:00:04.910,1.77335,1.7741,1.00,2.70
2008.11.17 09:00:05.139,1.77335,1.7741,1.00,1.50
2008.11.17 09:00:05.559,1.7735,1.7742,1.20,2.70
2008.11.17 09:00:05.789,1.7735,1.7741,1.20,1.20
2008.11.17 09:00:06.079,1.7735,1.7741,1.20,1.50
2008.11.17 09:00:06.789,1.7733,1.77389,5.40,1.00
2008.11.17 09:00:07.239,1.77325,1.774,1.00,1.50
2008.11.17 09:00:07.589,1.77325,1.774,1.00,1.50
2008.11.17 09:00:07.998,1.77315,1.7739,3.00,1.50
2008.11.17 09:00:08.358,1.7734,1.774,1.90,1.50
2008.11.17 09:00:08.748,1.7734,1.7742,1.90,1.50
2008.11.17 09:00:09.139,1.7734,1.77425,1.90,1.20
2008.11.17 09:00:09.258,1.77335,1.77425,1.90,1.20
2008.11.17 09:00:09.488,1.77345,1.77429,1.90,1.00
2008.11.17 09:00:09.718,1.77345,1.7743,1.90,4.80
2008.11.17 09:00:09.888,1.7734,1.7743,1.90,4.80
2008.11.17 09:00:10.238,1.7736,1.77415,1.20,1.20
2008.11.17 09:00:10.598,1.7736,1.77394,1.20,1.00
2008.11.17 09:00:10.988,1.7733,1.77425,1.20,2.40
2008.11.17 09:00:11.378,1.7733,1.77439,1.90,1.00
2008.11.17 09:00:11.778,1.7734,1.7744,1.20,4.80
2008.11.17 09:00:12.058,1.7734,1.7743,3.10,4.80
2008.11.17 09:00:13.137,1.7735,1.7743,1.00,3.60
2008.11.17 09:00:13.377,1.77365,1.7743,1.00,3.60
2008.11.17 09:00:14.177,1.7737,1.7743,1.20,3.60
2008.11.17 09:00:17.666,1.7738,1.7741,1.20,1.20
2008.11.17 09:00:18.076,1.77345,1.7741,2.40,1.20
2008.11.17 09:00:18.316,1.7732,1.77405,1.20,1.20
2008.11.17 09:00:18.646,1.7733,1.77404,1.20,1.00
2008.11.17 09:00:19.046,1.7732,1.77395,1.20,1.20
2008.11.17 09:00:20.035,1.7733,1.7739,1.20,1.20
2008.11.17 09:00:20.266,1.7733,1.77394,1.20,1.00
2008.11.17 09:00:20.505,1.7733,1.77395,1.20,1.20
2008.11.17 09:00:21.945,1.77335,1.77399,1.90,1.00
2008.11.17 09:00:22.175,1.7735,1.77419,1.20,1.00
2008.11.17 09:00:22.455,1.7735,1.7742,1.20,1.20
2008.11.17 09:00:22.925,1.7735,1.77424,1.20,1.00
2008.11.17 09:00:23.315,1.7737,1.77429,1.20,1.00
2008.11.17 09:00:23.714,1.7737,1.7743,1.20,3.60
2008.11.17 09:00:24.474,1.7737,1.7742,1.20,1.20
2008.11.17 09:00:24.934,1.7735,1.77405,1.20,1.20
2008.11.17 09:00:25.104,1.77345,1.77405,3.00,1.20
2008.11.17 09:00:25.334,1.77345,1.77405,2.40,1.20
2008.11.17 09:00:25.574,1.7733,1.77405,1.20,1.20
2008.11.17 09:00:26.204,1.7733,1.77395,1.20,1.20
2008.11.17 09:00:27.194,1.7733,1.7739,1.20,1.20
2008.11.17 09:00:27.874,1.7733,1.77385,1.20,1.20
2008.11.17 09:00:28.043,1.7732,1.77385,1.20,1.20
2008.11.17 09:00:29.513,1.7732,1.7738,1.20,1.20
2008.11.17 09:00:29.793,1.7732,1.77385,1.20,1.20
2008.11.17 09:00:30.483,1.7732,1.77375,1.20,1.20
2008.11.17 09:00:30.653,1.7731,1.77375,1.20,1.20
2008.11.17 09:00:30.993,1.7731,1.77379,1.20,1.00
2008.11.17 09:00:31.173,1.773,1.77385,1.20,1.50
2008.11.17 09:00:31.892,1.7729,1.7738,1.90,1.90
2008.11.17 09:00:32.172,1.7729,1.77375,1.20,1.20
2008.11.17 09:00:32.403,1.773,1.77375,1.20,1.20
2008.11.17 09:00:35.202,1.7732,1.77379,1.20,1.00
2008.11.17 09:00:35.312,1.7732,1.77385,1.20,1.20
2008.11.17 09:00:36.472,1.7733,1.77385,1.20,1.20
2008.11.17 09:00:36.831,1.7733,1.77395,1.20,1.20
2008.11.17 09:00:37.061,1.7732,1.77385,1.20,1.20
2008.11.17 09:00:37.331,1.7731,1.77375,1.20,1.20
2008.11.17 09:00:37.621,1.773,1.7737,1.20,1.50
2008.11.17 09:00:38.661,1.773,1.7738,1.20,1.20
2008.11.17 09:00:38.951,1.7729,1.7736,1.20,2.70
2008.11.17 09:00:39.241,1.773,1.77364,1.20,1.00
2008.11.17 09:00:39.421,1.773,1.77355,1.20,1.20
2008.11.17 09:00:39.731,1.7729,1.7736,1.90,1.20
2008.11.17 09:00:40.021,1.77285,1.7736,1.90,1.20
2008.11.17 09:00:40.311,1.77285,1.7735,1.90,1.20
2008.11.17 09:00:40.531,1.7728,1.7735,1.90,1.20
2008.11.17 09:00:43.380,1.7728,1.77354,1.90,1.00
2008.11.17 09:00:43.680,1.7729,1.77354,1.20,1.00
2008.11.17 09:00:43.910,1.773,1.7737,1.20,1.20
2008.11.17 09:00:44.380,1.7731,1.77374,1.20,1.00
2008.11.17 09:00:44.559,1.7731,1.77379,1.20,1.00
2008.11.17 09:00:44.670,1.7731,1.7739,1.20,3.30
2008.11.17 09:00:44.839,1.7731,1.7739,1.20,1.00
2008.11.17 09:00:45.330,1.7732,1.7739,1.20,1.20
2008.11.17 09:00:46.139,1.77335,1.77425,1.00,1.00
2008.11.17 09:00:46.369,1.7734,1.7744,1.20,6.10
2008.11.17 09:00:46.550,1.7734,1.7744,1.20,3.10
2008.11.17 09:00:46.889,1.7734,1.7744,1.20,2.70
2008.11.17 09:00:47.239,1.7734,1.77425,1.20,4.20
2008.11.17 09:00:47.689,1.7734,1.7741,1.20,1.20
2008.11.17 09:00:51.248,1.7734,1.77415,1.20,1.50
2008.11.17 09:00:51.538,1.7732,1.77385,1.20,1.20
2008.11.17 09:00:51.718,1.7731,1.77385,1.20,1.20
2008.11.17 09:00:52.588,1.77275,1.7735,2.10,1.20
2008.11.17 09:00:52.878,1.7729,1.77375,3.10,1.20
2008.11.17 09:00:53.218,1.7729,1.7737,3.10,2.70
2008.11.17 09:00:53.598,1.773,1.7737,3.10,1.50
2008.11.17 09:00:53.997,1.773,1.7734,1.20,1.20
2008.11.17 09:00:54.397,1.773,1.7736,3.10,1.20
2008.11.17 09:00:54.787,1.77305,1.7736,1.90,1.50
2008.11.17 09:00:55.067,1.77305,1.77384,1.90,1.00
2008.11.17 09:00:55.397,1.773,1.7738,3.10,1.20
2008.11.17 09:00:55.747,1.773,1.7737,1.20,1.20
2008.11.17 09:00:58.526,1.7729,1.7737,1.20,2.70
2008.11.17 09:00:58.646,1.77295,1.7737,1.00,2.70
2008.11.17 09:00:59.946,1.7726,1.7735,11.50,1.50
2008.11.17 09:01:00.176,1.7728,1.77355,1.20,1.20
2008.11.17 09:01:00.486,1.7727,1.77355,1.20,1.20
2008.11.17 09:01:01.695,1.7728,1.77349,1.20,1.00
2008.11.17 09:01:02.055,1.7728,1.7735,1.20,2.70
2008.11.17 09:01:02.515,1.77295,1.7735,1.00,2.70
2008.11.17 09:01:02.925,1.77295,1.77349,1.00,1.00
2008.11.17 09:01:03.095,1.7727,1.7735,1.20,2.70
2008.11.17 09:01:03.845,1.7727,1.7735,1.20,1.20
2008.11.17 09:01:04.015,1.7727,1.77355,1.20,1.20
2008.11.17 09:01:04.365,1.7728,1.77359,1.20,1.00
2008.11.17 09:01:04.485,1.77305,1.7736,1.00,4.20
2008.11.17 09:01:04.765,1.77305,1.7736,1.00,2.80
2008.11.17 09:01:04.885,1.77305,1.77365,1.00,1.20
2008.11.17 09:01:05.215,1.77305,1.77355,1.00,1.20
2008.11.17 09:01:06.134,1.77315,1.7734,1.00,1.20
2008.11.17 09:01:06.355,1.7727,1.77365,1.20,1.20
2008.11.17 09:01:06.774,1.77295,1.7735,1.00,1.50
2008.11.17 09:01:07.134,1.77295,1.77365,1.00,1.20
2008.11.17 09:01:07.524,1.77295,1.7735,1.00,1.20
2008.11.17 09:01:07.864,1.77305,1.77335,1.00,1.20
2008.11.17 09:01:08.204,1.7726,1.7735,1.20,1.20
2008.11.17 09:01:10.243,1.7727,1.7734,1.20,1.20
2008.11.17 09:01:10.873,1.7727,1.77335,1.20,1.20
2008.11.17 09:01:11.043,1.7727,1.77339,1.20,1.00
2008.11.17 09:01:11.333,1.7727,1.7734,1.20,1.20
2008.11.17 09:01:11.563,1.7726,1.77339,1.20,1.00
2008.11.17 09:01:11.913,1.7727,1.7734,1.20,1.20
2008.11.17 09:01:12.273,1.7726,1.7734,1.20,1.20
2008.11.17 09:01:13.253,1.7727,1.7734,1.20,1.20
2008.11.17 09:01:13.643,1.773,1.7734,1.00,1.20
2008.11.17 09:01:14.512,1.773,1.77345,1.00,1.20
2008.11.17 09:01:14.732,1.77295,1.7733,1.00,1.20
2008.11.17 09:01:16.822,1.77295,1.77334,1.00,1.00
2008.11.17 09:01:17.132,1.7725,1.77325,1.20,1.20
2008.11.17 09:01:19.581,1.7726,1.7732,1.20,1.20
2008.11.17 09:01:19.941,1.7726,1.77324,1.20,1.00
2008.11.17 09:01:20.221,1.7725,1.7732,1.20,1.50
2008.11.17 09:01:20.561,1.7726,1.77325,1.20,1.20
2008.11.17 09:01:21.071,1.7726,1.77335,1.20,1.20
2008.11.17 09:01:21.591,1.77265,1.77335,1.00,1.20
2008.11.17 09:01:22.001,1.7727,1.7734,1.20,1.20
2008.11.17 09:01:22.351,1.7727,1.7734,1.20,2.70
2008.11.17 09:01:22.700,1.7727,1.77335,1.20,1.20
2008.11.17 09:01:23.410,1.7726,1.77329,1.20,1.00
2008.11.17 09:01:23.701,1.7725,1.7732,1.20,2.70
2008.11.17 09:01:24.220,1.7725,1.77324,1.20,1.00
2008.11.17 09:01:24.500,1.7725,1.7733,1.20,1.50
2008.11.17 09:01:25.479,1.77255,1.7733,1.00,1.50
2008.11.17 09:01:29.469,1.7725,1.7733,2.10,1.50
2008.11.17 09:01:29.648,1.7725,1.7733,1.90,1.50
2008.11.17 09:01:30.988,1.77245,1.77335,1.00,1.20
2008.11.17 09:01:31.168,1.77245,1.77335,1.00,1.20
2008.11.17 09:01:31.459,1.7724,1.7732,1.90,1.50
2008.11.17 09:01:31.978,1.7726,1.7733,1.20,1.50
2008.11.17 09:01:32.318,1.7725,1.7732,1.20,1.50
2008.11.17 09:01:34.058,1.77255,1.7732,1.00,1.50
2008.11.17 09:01:34.288,1.77255,1.7733,1.00,1.50
2008.11.17 09:01:36.077,1.7725,1.7733,1.20,1.50
2008.11.17 09:01:36.367,1.7725,1.7733,1.20,1.50
2008.11.17 09:01:36.937,1.77265,1.7733,1.00,1.50
2008.11.17 09:01:37.117,1.7727,1.77335,1.20,1.20
2008.11.17 09:01:37.297,1.77265,1.77325,1.00,1.20
2008.11.17 09:01:37.527,1.7726,1.77325,1.20,1.20
2008.11.17 09:01:42.485,1.7726,1.77329,1.90,1.00
2008.11.17 09:01:42.715,1.7728,1.7735,1.20,1.20
2008.11.17 09:01:43.065,1.7728,1.7736,1.20,2.70
2008.11.17 09:01:43.245,1.7728,1.7736,1.20,1.20
2008.11.17 09:01:43.775,1.7729,1.77364,3.10,1.00
2008.11.17 09:01:44.125,1.773,1.7737,3.10,11.10
2008.11.17 09:01:44.245,1.7731,1.7737,1.20,9.60
2008.11.17 09:01:44.925,1.7731,1.77345,1.20,1.20
2008.11.17 09:01:45.105,1.77265,1.77345,1.00,1.20
2008.11.17 09:01:45.685,1.7727,1.77355,1.20,1.20
2008.11.17 09:01:45.865,1.7728,1.7736,1.20,1.20
2008.11.17 09:01:46.205,1.7729,1.7736,1.20,1.20
2008.11.17 09:01:46.505,1.77305,1.7737,1.00,1.50
2008.11.17 09:01:46.784,1.7731,1.77375,1.20,1.20
2008.11.17 09:01:48.154,1.7731,1.77365,1.20,1.20
2008.11.17 09:01:48.444,1.77305,1.77365,1.00,1.20
2008.11.17 09:01:49.244,1.7731,1.77365,1.20,1.20
2008.11.17 09:01:49.474,1.7731,1.77375,1.20,1.20
2008.11.17 09:01:50.314,1.7731,1.77379,1.20,1.00
2008.11.17 09:01:50.794,1.7732,1.7738,1.20,13.20
2008.11.17 09:01:51.333,1.7732,1.77375,1.20,1.20
2008.11.17 09:01:51.613,1.7731,1.77375,1.20,1.20
2008.11.17 09:01:52.173,1.7731,1.77379,1.20,1.00
2008.11.17 09:01:52.453,1.7732,1.7738,1.20,13.20
2008.11.17 09:01:55.612,1.7732,1.7738,1.20,12.00
2008.11.17 09:01:56.243,1.7733,1.7738,1.20,12.00
2008.11.17 09:01:57.522,1.7733,1.7738,1.20,13.20
2008.11.17 09:01:57.872,1.77315,1.7737,1.00,1.20
2008.11.17 09:01:58.162,1.77305,1.77364,1.00,1.00
2008.11.17 09:01:58.452,1.77305,1.7736,1.00,1.20
2008.11.17 09:01:58.792,1.773,1.7736,1.20,1.20
2008.11.17 09:01:59.632,1.77285,1.77344,1.00,1.00
2008.11.17 09:01:59.811,1.773,1.77344,1.20,1.00
2008.11.17 09:01:59.991,1.773,1.77385,1.20,1.20
2008.11.17 09:02:01.211,1.7731,1.77365,1.20,1.20
2008.11.17 09:02:01.381,1.773,1.77365,1.20,1.20
2008.11.17 09:02:01.561,1.7729,1.77364,1.20,1.00
2008.11.17 09:02:02.491,1.7729,1.77365,1.20,1.20
2008.11.17 09:02:02.900,1.7731,1.7737,1.20,2.70
2008.11.17 09:02:03.060,1.7729,1.77365,1.20,1.20
2008.11.17 09:02:03.291,1.7731,1.7737,1.20,2.70
2008.11.17 09:02:03.751,1.7731,1.7739,1.20,14.70
2008.11.17 09:02:04.090,1.7732,1.77385,1.20,1.20
2008.11.17 09:02:04.690,1.77305,1.7737,1.00,2.70
2008.11.17 09:02:05.040,1.7729,1.77359,1.20,1.00
2008.11.17 09:02:05.440,1.773,1.77359,1.20,1.00
2008.11.17 09:02:05.960,1.7728,1.7735,1.20,1.50
2008.11.17 09:02:06.361,1.7729,1.77355,1.20,1.20
2008.11.17 09:02:06.840,1.7728,1.77335,1.20,1.20
2008.11.17 09:02:07.360,1.77275,1.77334,1.00,1.00
2008.11.17 09:02:08.059,1.77265,1.7733,1.00,2.70
2008.11.17 09:02:08.699,1.77265,1.7732,1.00,1.20
2008.11.17 09:02:09.049,1.77255,1.77314,1.00,1.00
2008.11.17 09:02:10.429,1.7726,1.77314,1.20,1.00
2008.11.17 09:02:10.659,1.77265,1.77324,1.00,1.00
2008.11.17 09:02:12.229,1.7725,1.77304,1.00,1.00
2008.11.17 09:02:12.678,1.7725,1.773,1.00,1.50
2008.11.17 09:02:13.078,1.7725,1.77304,1.00,1.00
2008.11.17 09:02:13.348,1.7725,1.773,1.00,1.50
2008.11.17 09:02:13.868,1.7725,1.77284,1.00,1.00
2008.11.17 09:02:14.448,1.7725,1.7729,1.00,1.20
2008.11.17 09:02:14.748,1.7725,1.77284,1.00,1.00
2008.11.17 09:02:15.208,1.7725,1.77304,1.00,1.00
2008.11.17 09:02:15.728,1.7725,1.77304,1.80,1.00
2008.11.17 09:02:16.088,1.77255,1.7731,1.00,6.00
2008.11.17 09:02:17.257,1.77255,1.7731,1.00,7.20
2008.11.17 09:02:17.607,1.7725,1.77304,1.00,1.00
2008.11.17 09:02:17.947,1.7725,1.773,1.00,1.50
2008.11.17 09:02:18.767,1.7725,1.77309,1.00,1.00
2008.11.17 09:02:19.017,1.7727,1.7731,1.20,6.00
2008.11.17 09:02:19.357,1.77265,1.7731,1.00,6.00
2008.11.17 09:02:20.676,1.7727,1.7731,1.20,6.00
2008.11.17 09:02:24.665,1.7727,1.7731,1.00,6.00
2008.11.17 09:02:26.195,1.7726,1.7731,1.00,6.00
2008.11.17 09:02:26.525,1.7726,1.7731,1.20,6.00
2008.11.17 09:02:27.105,1.77255,1.7731,1.00,6.00
2008.11.17 09:02:27.515,1.7725,1.7731,1.80,6.00
2008.11.17 09:02:28.085,1.7726,1.7731,1.20,6.00
2008.11.17 09:02:28.375,1.7725,1.7731,2.80,6.00
2008.11.17 09:02:28.614,1.7725,1.7731,1.80,6.00
2008.11.17 09:02:30.144,1.7725,1.7731,1.00,7.50
2008.11.17 09:02:30.824,1.7725,1.7731,1.80,6.00
2008.11.17 09:02:31.724,1.7725,1.7731,2.80,6.00
2008.11.17 09:02:32.084,1.7725,1.7731,1.00,6.00
2008.11.17 09:02:32.413,1.7725,1.7731,4.60,6.00
2008.11.17 09:02:32.764,1.7725,1.7731,1.60,6.00
2008.11.17 09:02:33.693,1.7725,1.7731,4.60,6.00
2008.11.17 09:02:34.073,1.7725,1.7731,1.00,6.00
2008.11.17 09:02:34.783,1.7726,1.7731,1.20,6.00
2008.11.17 09:02:35.173,1.7725,1.7731,1.80,6.00
2008.11.17 09:02:35.743,1.7725,1.77304,1.00,1.00
2008.11.17 09:02:37.003,1.7725,1.77294,1.00,1.00
2008.11.17 09:02:37.742,1.7725,1.77304,1.00,1.00
2008.11.17 09:02:38.872,1.7725,1.773,1.00,1.50
2008.11.17 09:02:39.162,1.7725,1.77294,1.00,1.00
2008.11.17 09:02:43.061,1.7725,1.77304,1.00,1.00
2008.11.17 09:02:46.850,1.7725,1.77294,1.00,1.00
2008.11.17 09:02:47.150,1.7725,1.77304,1.00,1.00
2008.11.17 09:02:48.030,1.7725,1.773,1.00,2.70
2008.11.17 09:02:48.430,1.7725,1.77294,1.00,1.00
2008.11.17 09:02:49.179,1.7725,1.77304,1.00,1.00
2008.11.17 09:02:49.819,1.7725,1.77309,1.80,1.00
2008.11.17 09:02:49.870,1.7725,1.77309,1.20,1.00
2008.11.17 09:02:50.219,1.7725,1.77305,1.00,1.20
2008.11.17 09:02:50.629,1.7725,1.773,1.20,1.20
2008.11.17 09:02:51.309,1.77255,1.77305,1.00,1.20
2008.11.17 09:02:52.959,1.7725,1.77304,1.80,1.00
2008.11.17 09:02:53.299,1.7725,1.773,1.80,1.20
2008.11.17 09:03:01.117,1.7725,1.77294,1.00,1.00
2008.11.17 09:03:01.517,1.7725,1.77285,1.00,1.20
2008.11.17 09:03:02.436,1.7725,1.77289,1.00,1.00
2008.11.17 09:03:03.066,1.7725,1.7729,1.00,1.20
2008.11.17 09:03:04.626,1.7725,1.77284,1.00,1.00
2008.11.17 09:03:04.916,1.7725,1.7729,1.00,1.20
2008.11.17 09:03:14.283,1.7725,1.77285,1.00,1.20
2008.11.17 09:03:14.614,1.7725,1.77289,1.00,1.00
2008.11.17 09:03:15.064,1.7725,1.77289,1.80,1.00
2008.11.17 09:03:15.343,1.7725,1.773,1.80,1.20
2008.11.17 09:03:15.693,1.7725,1.77285,1.00,1.20
2008.11.17 09:03:16.043,1.7725,1.77295,1.00,1.20
2008.11.17 09:03:16.373,1.7725,1.7729,1.00,1.20
2008.11.17 09:03:17.683,1.7725,1.77294,1.00,1.00
2008.11.17 09:03:17.982,1.7725,1.77275,1.00,1.20
2008.11.17 09:03:18.682,1.7725,1.7727,1.00,1.20
2008.11.17 09:03:19.032,1.7725,1.77265,1.00,1.20
2008.11.17 09:03:20.082,1.7725,1.77269,1.00,1.00
2008.11.17 09:03:20.302,1.77205,1.77269,1.00,1.00
2008.11.17 09:03:20.592,1.77205,1.7727,1.00,1.20
2008.11.17 09:03:20.872,1.77205,1.7726,1.00,1.20
2008.11.17 09:03:21.222,1.7718,1.77235,1.20,1.20
2008.11.17 09:03:21.502,1.77135,1.7723,6.10,1.20
2008.11.17 09:03:21.802,1.7713,1.7722,1.00,1.20
2008.11.17 09:03:22.142,1.77125,1.7722,1.80,1.20
2008.11.17 09:03:22.412,1.77125,1.7719,1.00,1.20
2008.11.17 09:03:23.121,1.7716,1.77194,1.20,1.00
2008.11.17 09:03:23.351,1.77165,1.77215,1.00,2.80
2008.11.17 09:03:23.641,1.77165,1.77234,1.00,1.00
2008.11.17 09:03:23.871,1.77165,1.77205,1.00,1.20
2008.11.17 09:03:24.151,1.7712,1.7721,1.00,1.20
2008.11.17 09:03:24.621,1.77125,1.77204,1.20,1.00
2008.11.17 09:03:24.861,1.77125,1.7721,1.20,2.70
2008.11.17 09:03:25.191,1.7715,1.77205,1.20,1.00
2008.11.17 09:03:25.481,1.77135,1.772,1.00,2.70
2008.11.17 09:03:26.060,1.77145,1.77204,1.00,1.00
2008.11.17 09:03:26.691,1.7715,1.77204,1.20,1.00
2008.11.17 09:03:27.040,1.7715,1.7722,1.20,1.20
2008.11.17 09:03:28.030,1.7715,1.77215,1.20,1.20
2008.11.17 09:03:28.420,1.77165,1.77215,1.00,1.20
2008.11.17 09:03:28.710,1.77165,1.77224,1.00,1.00
2008.11.17 09:03:28.950,1.7716,1.7721,1.20,1.20
2008.11.17 09:03:29.240,1.7715,1.7721,1.20,1.20
2008.11.17 09:03:29.810,1.77135,1.7719,1.00,1.50
2008.11.17 09:03:30.100,1.77135,1.77194,1.00,1.00
2008.11.17 09:03:30.539,1.77135,1.77195,1.00,1.20
2008.11.17 09:03:30.659,1.77135,1.7719,1.00,1.20
2008.11.17 09:03:30.830,1.77135,1.7719,1.00,2.70
2008.11.17 09:03:31.569,1.77135,1.77194,1.00,1.00
2008.11.17 09:03:31.909,1.7714,1.77205,1.20,1.20
2008.11.17 09:03:33.289,1.77135,1.77195,1.00,1.20
2008.11.17 09:03:34.268,1.77135,1.77185,1.00,1.20
2008.11.17 09:03:34.599,1.7712,1.77184,1.20,1.00
2008.11.17 09:03:34.718,1.7712,1.7718,1.20,1.20
2008.11.17 09:03:34.948,1.7712,1.77184,1.20,1.00
2008.11.17 09:03:35.068,1.7712,1.77185,1.20,1.20
2008.11.17 09:03:35.778,1.7712,1.7718,1.20,1.20
2008.11.17 09:03:36.868,1.7712,1.77184,1.20,1.00
2008.11.17 09:03:37.108,1.77135,1.77204,1.00,1.00
2008.11.17 09:03:37.688,1.77135,1.7718,1.00,1.20
2008.11.17 09:03:37.988,1.77105,1.77175,3.00,1.20
2008.11.17 09:03:38.348,1.771,1.77175,1.20,1.20
2008.11.17 09:03:38.748,1.771,1.77179,1.20,1.00
2008.11.17 09:03:38.868,1.77125,1.77194,1.00,1.00
2008.11.17 09:03:40.787,1.77135,1.77185,1.00,1.20
2008.11.17 09:03:41.087,1.7712,1.77185,1.20,1.20
2008.11.17 09:03:41.267,1.7713,1.77189,1.20,1.00
2008.11.17 09:03:41.537,1.77135,1.7719,1.00,1.20
2008.11.17 09:03:41.767,1.77135,1.77184,1.00,1.00
2008.11.17 09:03:42.837,1.7712,1.7718,1.20,1.20
2008.11.17 09:03:43.986,1.7712,1.77185,1.20,1.20
2008.11.17 09:03:45.606,1.7712,1.7718,1.20,1.20
2008.11.17 09:03:46.476,1.7712,1.77184,1.20,1.00
2008.11.17 09:03:46.765,1.7712,1.77185,1.20,1.20
2008.11.17 09:03:51.654,1.7713,1.7719,1.20,13.20
2008.11.17 09:03:54.614,1.7713,1.77175,1.20,1.20
2008.11.17 09:03:55.034,1.7712,1.77175,1.20,1.20
2008.11.17 09:03:55.783,1.7712,1.7719,1.20,14.70
2008.11.17 09:03:56.054,1.7712,1.7718,1.20,1.20
2008.11.17 09:04:00.972,1.77115,1.7718,1.00,2.70
2008.11.17 09:04:01.212,1.7711,1.7717,1.20,1.20
2008.11.17 09:04:01.732,1.7711,1.7716,1.20,1.20
2008.11.17 09:04:01.962,1.771,1.7716,1.20,1.20
2008.11.17 09:04:04.141,1.7711,1.77175,1.20,1.20
2008.11.17 09:04:04.961,1.7711,1.77175,1.00,1.20
2008.11.17 09:04:05.761,1.7711,1.77175,1.20,1.20
2008.11.17 09:04:06.921,1.77105,1.7718,3.00,1.50
2008.11.17 09:04:07.900,1.7712,1.77185,1.00,1.00
2008.11.17 09:04:08.191,1.7713,1.7719,1.00,12.00
2008.11.17 09:04:08.470,1.77135,1.7719,3.00,12.00
2008.11.17 09:04:08.981,1.77135,1.7719,4.00,13.20
2008.11.17 09:04:09.210,1.77125,1.7719,4.00,13.20
2008.11.17 09:04:09.440,1.77125,1.77185,3.00,1.20
2008.11.17 09:04:09.830,1.7712,1.77185,5.20,1.20
2008.11.17 09:04:10.180,1.7712,1.77185,4.20,1.20
2008.11.17 09:04:10.580,1.7712,1.77185,1.20,1.20
2008.11.17 09:04:11.260,1.7712,1.77189,1.20,1.00
2008.11.17 09:04:11.650,1.7712,1.77185,1.20,1.20
2008.11.17 09:04:12.260,1.7712,1.77175,1.20,1.00
2008.11.17 09:04:12.589,1.77115,1.77145,3.00,1.50
2008.11.17 09:04:13.029,1.77115,1.77149,2.40,1.00
2008.11.17 09:04:13.429,1.7707,1.7715,1.20,1.20
2008.11.17 09:04:14.079,1.7708,1.7715,1.20,1.20
2008.11.17 09:04:15.469,1.7709,1.77154,1.20,1.00
2008.11.17 09:04:15.699,1.7709,1.7716,1.20,7.20
2008.11.17 09:04:16.059,1.7709,1.7716,1.20,6.00
2008.11.17 09:04:16.349,1.7711,1.7716,1.20,6.00
2008.11.17 09:04:17.038,1.7713,1.7716,1.20,6.00
2008.11.17 09:04:17.488,1.7712,1.7716,1.20,6.00
2008.11.17 09:04:17.898,1.7712,1.7716,3.10,6.00
2008.11.17 09:04:18.358,1.7712,1.7716,4.20,6.00
2008.11.17 09:04:18.818,1.77125,1.7716,1.00,6.00
2008.11.17 09:04:19.278,1.7709,1.7716,4.30,6.00
2008.11.17 09:04:19.508,1.77095,1.7716,1.00,6.00
2008.11.17 09:04:19.728,1.77095,1.7716,3.00,6.00
2008.11.17 09:04:19.948,1.77095,1.7716,4.00,6.00
2008.11.17 09:04:20.517,1.7711,1.7716,1.20,6.00
2008.11.17 09:04:20.687,1.7711,1.7716,1.80,6.00
2008.11.17 09:04:20.848,1.7711,1.7716,4.20,6.00
2008.11.17 09:04:21.017,1.7711,1.7716,1.20,6.00
2008.11.17 09:04:21.987,1.7711,1.7716,1.90,6.00
2008.11.17 09:04:23.357,1.7713,1.7716,1.00,6.00
2008.11.17 09:04:23.537,1.7714,1.7716,1.20,6.00
2008.11.17 09:04:23.877,1.7713,1.7716,4.00,6.00
2008.11.17 09:04:24.097,1.77115,1.7716,4.80,6.00
2008.11.17 09:04:24.267,1.77115,1.7716,3.70,6.00
2008.11.17 09:04:25.067,1.7713,1.7716,1.20,6.00
2008.11.17 09:04:25.346,1.77145,1.7716,4.00,6.00
2008.11.17 09:04:25.876,1.7713,1.7716,2.40,6.00
2008.11.17 09:04:26.266,1.7713,1.7716,1.20,6.00
2008.11.17 09:04:26.606,1.7714,1.7716,3.00,6.00
2008.11.17 09:04:27.006,1.77145,1.7716,1.00,6.00
2008.11.17 09:04:27.306,1.7715,1.7718,1.00,12.00
2008.11.17 09:04:27.656,1.7715,1.7718,4.00,12.00
2008.11.17 09:04:30.375,1.7715,1.7718,2.40,12.00
2008.11.17 09:04:30.735,1.77145,1.7718,4.80,12.00
2008.11.17 09:04:31.585,1.7715,1.7718,1.00,12.00
2008.11.17 09:04:31.815,1.7715,1.7718,3.00,12.00
2008.11.17 09:04:32.175,1.7714,1.7716,2.20,6.00
2008.11.17 09:04:32.525,1.7714,1.7716,3.00,6.00
2008.11.17 09:04:32.874,1.7714,1.7716,1.20,6.00
2008.11.17 09:04:34.264,1.7713,1.7716,2.20,6.00
2008.11.17 09:04:34.614,1.7713,1.7716,3.40,6.00
2008.11.17 09:04:34.954,1.7713,1.7716,1.00,6.00
2008.11.17 09:04:35.174,1.7713,1.7716,1.30,6.00
2008.11.17 09:04:35.414,1.7713,1.7716,3.00,6.00
2008.11.17 09:04:35.594,1.7713,1.7716,1.00,6.00
2008.11.17 09:04:35.764,1.77135,1.7716,3.00,6.00
2008.11.17 09:04:36.174,1.7713,1.7716,4.00,6.00
2008.11.17 09:04:36.944,1.7714,1.7716,3.00,6.00
2008.11.17 09:04:37.123,1.7713,1.7716,4.80,6.00
2008.11.17 09:04:37.344,1.7713,1.7716,4.00,6.00
2008.11.17 09:04:39.413,1.7713,1.7716,2.40,6.00
2008.11.17 09:04:39.643,1.7712,1.7716,4.80,6.00
2008.11.17 09:04:39.803,1.7712,1.7716,4.00,6.00
2008.11.17 09:04:40.093,1.7712,1.7716,5.20,6.00
2008.11.17 09:04:41.202,1.7712,1.7716,4.20,6.00
2008.11.17 09:04:41.382,1.7712,1.7716,5.20,6.00
2008.11.17 09:04:41.502,1.7713,1.7716,1.00,6.00
2008.11.17 09:04:42.022,1.7713,1.7716,3.00,6.00
2008.11.17 09:04:42.142,1.7712,1.7716,5.20,6.00
2008.11.17 09:04:42.382,1.7712,1.7716,5.20,6.00
2008.11.17 09:04:43.302,1.7712,1.7716,3.00,6.00
2008.11.17 09:04:43.982,1.7712,1.7716,4.00,6.00
2008.11.17 09:04:44.202,1.77125,1.7716,4.00,6.00
2008.11.17 09:04:46.102,1.77125,1.7716,3.00,6.00
2008.11.17 09:04:46.381,1.77125,1.7716,4.00,6.00
2008.11.17 09:04:46.771,1.77105,1.7716,1.90,6.00
2008.11.17 09:04:47.291,1.7711,1.7716,1.20,6.00
2008.11.17 09:04:47.581,1.7712,1.7716,1.20,6.00
2008.11.17 09:04:48.221,1.7712,1.7716,4.20,6.00
2008.11.17 09:04:49.240,1.7712,1.7716,1.80,6.00
2008.11.17 09:04:49.461,1.7712,1.7716,1.20,6.00
2008.11.17 09:04:51.281,1.7714,1.7716,1.20,6.00
2008.11.17 09:04:53.259,1.7712,1.7716,6.00,6.00
2008.11.17 09:04:53.599,1.7712,1.7716,5.20,6.00
2008.11.17 09:04:53.889,1.7712,1.7716,1.20,6.00
2008.11.17 09:04:54.049,1.7712,1.7716,1.90,6.00
2008.11.17 09:04:54.239,1.7714,1.7716,1.20,6.00
2008.11.17 09:04:55.559,1.7716,1.7718,1.20,14.00
2008.11.17 09:04:55.839,1.7712,1.77215,3.10,1.20
2008.11.17 09:04:56.069,1.7712,1.77215,1.20,1.20
2008.11.17 09:04:56.349,1.7713,1.7722,2.20,1.20
2008.11.17 09:04:56.639,1.7713,1.7722,2.80,1.20
2008.11.17 09:04:56.929,1.7714,1.772,1.00,1.50
2008.11.17 09:04:57.219,1.7713,1.7719,1.20,1.20
2008.11.17 09:04:57.459,1.7713,1.77194,1.20,1.00
2008.11.17 09:04:57.799,1.7713,1.772,1.20,1.20
2008.11.17 09:04:58.708,1.7713,1.7719,1.20,1.20
2008.11.17 09:04:59.158,1.7713,1.772,1.90,1.50
2008.11.17 09:04:59.448,1.7713,1.772,3.10,1.20
2008.11.17 09:04:59.908,1.7714,1.77204,3.10,1.00
2008.11.17 09:05:00.088,1.7714,1.7721,3.10,8.70
2008.11.17 09:05:00.318,1.7715,1.7721,1.20,7.20
2008.11.17 09:05:01.967,1.7714,1.77195,1.20,1.20
2008.11.17 09:05:02.177,1.7713,1.7718,1.20,1.20
2008.11.17 09:05:02.457,1.7713,1.77184,1.20,1.00
2008.11.17 09:05:02.687,1.77115,1.77185,1.00,1.20
2008.11.17 09:05:02.907,1.77115,1.77185,1.00,1.20
2008.11.17 09:05:03.207,1.7711,1.7718,7.20,1.20
2008.11.17 09:05:03.487,1.7711,1.7718,1.20,1.20
2008.11.17 09:05:04.377,1.7711,1.77175,1.20,1.20
2008.11.17 09:05:05.426,1.7711,1.77179,1.20,1.00
2008.11.17 09:05:05.637,1.7713,1.77179,1.20,1.00
2008.11.17 09:05:05.806,1.7713,1.772,1.20,1.20
2008.11.17 09:05:06.536,1.7713,1.77204,1.20,1.00
2008.11.17 09:05:06.706,1.7714,1.77205,1.20,1.20
2008.11.17 09:05:07.446,1.7715,1.77209,1.20,1.00
2008.11.17 09:05:07.566,1.7715,1.7721,1.20,6.00
2008.11.17 09:05:08.316,1.7715,1.7721,4.20,6.00
2008.11.17 09:05:08.646,1.77155,1.7721,2.40,6.00
2008.11.17 09:05:08.826,1.77155,1.7721,3.00,6.00
2008.11.17 09:05:09.056,1.7715,1.7721,4.90,6.00
2008.11.17 09:05:09.316,1.77155,1.7721,1.00,6.00
2008.11.17 09:05:09.596,1.7715,1.7721,3.00,6.00
2008.11.17 09:05:09.866,1.77155,1.7721,1.90,6.00
2008.11.17 09:05:10.115,1.7715,1.7721,6.10,6.00
2008.11.17 09:05:10.355,1.7715,1.7721,3.10,6.00
2008.11.17 09:05:10.885,1.7715,1.7721,1.90,6.00
2008.11.17 09:05:11.465,1.77145,1.7721,4.90,6.00
2008.11.17 09:05:11.695,1.77145,1.7721,6.00,6.00
2008.11.17 09:05:11.925,1.7715,1.7721,3.10,6.00
2008.11.17 09:05:13.075,1.77145,1.7721,1.90,6.00
2008.11.17 09:05:13.365,1.7715,1.7721,1.20,6.00
2008.11.17 09:05:13.945,1.7716,1.7721,1.20,6.00
2008.11.17 09:05:14.684,1.7716,1.7721,1.20,7.20
2008.11.17 09:05:14.914,1.77155,1.7721,4.00,7.20
2008.11.17 09:05:15.194,1.77155,1.7721,3.00,7.20
2008.11.17 09:05:15.534,1.77145,1.77205,1.90,1.20
2008.11.17 09:05:15.814,1.7714,1.77205,3.10,1.20
2008.11.17 09:05:16.324,1.7715,1.77209,1.20,1.00
2008.11.17 09:05:16.604,1.7715,1.7721,1.20,7.20
2008.11.17 09:05:18.173,1.7715,1.7721,1.20,6.00
2008.11.17 09:05:19.373,1.7716,1.7721,1.20,6.00
2008.11.17 09:05:23.032,1.7717,1.7721,1.20,6.00
2008.11.17 09:05:23.962,1.7718,1.7721,1.20,6.00
2008.11.17 09:05:25.052,1.7717,1.7721,1.20,6.00
2008.11.17 09:05:28.191,1.7718,1.7721,1.20,6.00
2008.11.17 09:05:30.100,1.7717,1.7721,1.20,6.00
2008.11.17 09:05:30.271,1.7716,1.7721,1.20,6.00
2008.11.17 09:05:30.550,1.77155,1.7721,1.90,6.00
2008.11.17 09:05:30.770,1.7715,1.7721,4.20,6.00
2008.11.17 09:05:30.991,1.7714,1.7721,6.00,6.00
2008.11.17 09:05:31.340,1.7713,1.7721,3.10,6.00
2008.11.17 09:05:31.680,1.7713,1.7721,1.90,6.00
2008.11.17 09:05:32.600,1.7715,1.77209,1.20,1.00
2008.11.17 09:05:32.950,1.7715,1.77205,1.20,1.20
2008.11.17 09:05:36.469,1.7715,1.772,1.20,1.20
2008.11.17 09:05:36.799,1.7714,1.77195,1.20,1.20
2008.11.17 09:05:37.489,1.7716,1.7721,1.20,6.00
2008.11.17 09:05:38.829,1.7716,1.7721,1.20,6.00
2008.11.17 09:05:39.409,1.7715,1.7721,3.60,6.00
2008.11.17 09:05:39.639,1.7715,1.7721,1.20,6.00
2008.11.17 09:05:40.369,1.7715,1.7721,1.20,7.20
2008.11.17 09:05:40.648,1.77145,1.7721,3.00,7.20
2008.11.17 09:05:40.998,1.7714,1.7721,1.90,6.00
2008.11.17 09:05:41.288,1.7713,1.7721,1.80,6.00
2008.11.17 09:05:41.688,1.7713,1.7721,3.00,6.00
2008.11.17 09:05:42.098,1.7712,1.7721,3.00,6.00
2008.11.17 09:05:42.398,1.77085,1.7717,1.90,1.20
2008.11.17 09:05:42.808,1.77085,1.7718,3.00,1.20
2008.11.17 09:05:43.088,1.7709,1.7717,1.20,1.20
2008.11.17 09:05:43.667,1.7708,1.77145,3.70,1.20
2008.11.17 09:05:43.957,1.7709,1.7714,1.20,1.20
2008.11.17 09:05:44.527,1.7712,1.7718,1.00,1.50
2008.11.17 09:05:44.748,1.7712,1.77135,1.00,1.20
2008.11.17 09:05:45.037,1.77125,1.7715,1.20,1.20
2008.11.17 09:05:45.257,1.77065,1.7714,6.00,1.20
2008.11.17 09:05:45.497,1.77045,1.77135,6.00,1.20
2008.11.17 09:05:45.617,1.77045,1.77135,1.20,1.20
2008.11.17 09:05:45.977,1.77035,1.7712,1.20,1.20
2008.11.17 09:05:46.497,1.77065,1.7713,1.00,2.40
2008.11.17 09:05:46.907,1.77065,1.7715,1.00,1.50
2008.11.17 09:05:47.187,1.7707,1.7715,1.20,1.50
2008.11.17 09:05:48.166,1.771,1.77155,1.20,1.20
2008.11.17 09:05:48.456,1.77095,1.7716,1.00,5.10
2008.11.17 09:05:49.036,1.77115,1.7716,1.00,3.60
2008.11.17 09:05:49.206,1.77115,1.7716,1.00,4.80
2008.11.17 09:05:49.506,1.77105,1.7716,1.00,4.80
2008.11.17 09:05:49.676,1.7709,1.77159,1.20,1.00
2008.11.17 09:05:49.796,1.7709,1.77155,1.20,1.20
2008.11.17 09:05:50.956,1.7708,1.77145,1.20,1.20
2008.11.17 09:05:51.286,1.7709,1.77155,1.20,1.20
2008.11.17 09:05:51.636,1.7708,1.77145,1.20,1.20
2008.11.17 09:05:52.905,1.7707,1.7715,1.20,2.70
2008.11.17 09:05:53.195,1.7709,1.7715,1.20,1.20
2008.11.17 09:05:53.755,1.77085,1.77144,1.00,1.00
2008.11.17 09:05:54.085,1.7709,1.77159,1.20,1.00
2008.11.17 09:05:54.325,1.7709,1.7716,1.20,6.30
2008.11.17 09:05:54.786,1.771,1.7716,1.20,3.60
2008.11.17 09:05:55.465,1.7709,1.7716,1.00,3.60
2008.11.17 09:05:56.075,1.771,1.7716,1.20,3.60
2008.11.17 09:05:56.414,1.771,1.7716,1.20,4.80
2008.11.17 09:05:56.994,1.771,1.7716,1.20,3.60
2008.11.17 09:05:58.364,1.7709,1.7716,1.20,3.60
2008.11.17 09:05:58.594,1.7708,1.7715,3.10,1.20
2008.11.17 09:06:00.364,1.7708,1.7715,1.20,1.20
2008.11.17 09:06:00.703,1.7708,1.77154,1.20,1.00
2008.11.17 09:06:00.933,1.7707,1.77155,1.20,1.20
2008.11.17 09:06:02.073,1.7706,1.77145,1.90,1.20
2008.11.17 09:06:02.353,1.7706,1.7714,3.10,2.70
2008.11.17 09:06:02.633,1.7706,1.7714,1.20,2.70
2008.11.17 09:06:05.032,1.7707,1.7714,1.20,2.70
2008.11.17 09:06:05.262,1.7707,1.7714,1.20,1.50
2008.11.17 09:06:05.442,1.7707,1.77155,1.20,1.20
2008.11.17 09:06:06.432,1.77055,1.77145,2.80,1.20
2008.11.17 09:06:06.772,1.7706,1.7714,1.20,2.70
2008.11.17 09:06:07.122,1.7706,1.77125,1.20,1.20
2008.11.17 09:06:07.482,1.7708,1.77139,1.00,1.00
2008.11.17 09:06:07.941,1.7708,1.7715,1.90,6.00
2008.11.17 09:06:08.292,1.7709,1.7715,1.00,6.00
2008.11.17 09:06:08.571,1.77105,1.7715,1.00,6.00
2008.11.17 09:06:09.301,1.7711,1.7715,1.20,6.00
2008.11.17 09:06:10.201,1.77115,1.7715,1.00,6.00
2008.11.17 09:06:10.721,1.7712,1.7715,1.20,6.00
2008.11.17 09:06:11.171,1.77135,1.7715,1.00,6.00
2008.11.17 09:06:11.581,1.7714,1.7715,1.20,6.00
2008.11.17 09:06:11.921,1.7712,1.7715,3.00,6.00
2008.11.17 09:06:12.160,1.77115,1.7715,3.00,6.00
2008.11.17 09:06:12.550,1.77105,1.7715,3.00,6.00
2008.11.17 09:06:12.901,1.77095,1.7715,6.90,6.00
2008.11.17 09:06:13.250,1.77075,1.7715,7.20,6.00
2008.11.17 09:06:13.660,1.77075,1.7715,3.40,6.00
2008.11.17 09:06:13.940,1.77075,1.7715,2.80,6.00
2008.11.17 09:06:14.410,1.77075,1.7715,1.00,6.00
2008.11.17 09:06:14.710,1.7707,1.7715,2.10,6.00
2008.11.17 09:06:14.760,1.77065,1.7715,3.70,6.00
2008.11.17 09:06:15.000,1.77065,1.7715,3.00,7.20
2008.11.17 09:06:15.120,1.77065,1.77145,1.00,1.20
2008.11.17 09:06:15.410,1.7705,1.77149,5.50,1.00
2008.11.17 09:06:15.760,1.77065,1.7715,1.00,6.00
2008.11.17 09:06:15.940,1.77065,1.7715,1.00,6.30
2008.11.17 09:06:16.299,1.7708,1.7715,1.20,6.00
2008.11.17 09:06:16.580,1.77095,1.7715,1.00,6.00
2008.11.17 09:06:16.869,1.7708,1.7715,1.20,6.00
2008.11.17 09:06:18.429,1.7711,1.7715,1.20,6.00
2008.11.17 09:06:19.359,1.7711,1.7715,3.10,6.00
2008.11.17 09:06:20.309,1.7712,1.7715,1.20,6.00
2008.11.17 09:06:23.208,1.77125,1.7715,1.90,6.00
2008.11.17 09:06:23.438,1.7713,1.7715,1.20,6.00
2008.11.17 09:06:23.608,1.7714,1.7715,1.20,6.00
2008.11.17 09:06:23.838,1.77145,1.7715,1.00,6.00
2008.11.17 09:06:24.868,1.7715,1.7716,1.20,20.40
2008.11.17 09:06:25.147,1.7714,1.77229,1.20,1.00
2008.11.17 09:06:25.437,1.7713,1.7721,4.00,1.20
2008.11.17 09:06:25.657,1.7713,1.7721,3.00,1.20
2008.11.17 09:06:25.887,1.7712,1.7721,1.20,1.20
2008.11.17 09:06:26.227,1.7712,1.7719,1.20,1.20
2008.11.17 09:06:29.617,1.7713,1.77194,1.20,1.00
2008.11.17 09:06:29.837,1.7713,1.7721,1.20,1.20
2008.11.17 09:06:30.676,1.7713,1.77214,1.20,1.00
2008.11.17 09:06:31.026,1.7713,1.7722,1.20,1.20
2008.11.17 09:06:31.756,1.7713,1.7721,1.20,1.20
2008.11.17 09:06:31.986,1.7714,1.7721,1.20,1.20
2008.11.17 09:06:32.346,1.7714,1.77205,1.20,1.20
2008.11.17 09:06:32.646,1.7714,1.772,1.20,1.20
2008.11.17 09:06:32.935,1.7714,1.77204,1.20,1.00
2008.11.17 09:06:33.305,1.7713,1.7722,4.00,1.20
2008.11.17 09:06:33.775,1.77125,1.77215,4.30,1.20
2008.11.17 09:06:34.125,1.77125,1.77215,6.00,1.20
2008.11.17 09:06:34.365,1.77125,1.77215,1.90,1.20
2008.11.17 09:06:34.885,1.77125,1.77215,3.00,1.20
2008.11.17 09:06:35.105,1.77125,1.77215,3.60,1.20
2008.11.17 09:06:35.285,1.77125,1.77215,6.00,1.20
2008.11.17 09:06:35.465,1.77125,1.77205,4.90,1.20
2008.11.17 09:06:35.635,1.77125,1.77205,1.90,1.20
2008.11.17 09:06:36.785,1.77125,1.77195,1.90,1.20
2008.11.17 09:06:37.365,1.7714,1.77199,1.20,1.00
2008.11.17 09:06:37.655,1.7714,1.7722,1.20,1.20
2008.11.17 09:06:42.763,1.7715,1.77205,1.20,1.20
2008.11.17 09:06:42.993,1.7714,1.77205,1.20,1.20
2008.11.17 09:06:43.333,1.7715,1.77209,1.20,1.00
2008.11.17 09:06:43.513,1.7714,1.77195,1.20,1.20
2008.11.17 09:06:45.082,1.7714,1.7719,1.20,1.20
2008.11.17 09:06:45.712,1.7713,1.7718,1.20,1.20
2008.11.17 09:06:46.402,1.7714,1.77184,1.20,1.00
2008.11.17 09:06:46.632,1.7714,1.7717,1.20,1.20
2008.11.17 09:06:46.852,1.771,1.7717,1.20,1.20
2008.11.17 09:06:47.152,1.77105,1.7717,1.00,1.20
2008.11.17 09:06:47.492,1.77105,1.77175,1.00,1.20
2008.11.17 09:06:47.792,1.771,1.77175,1.20,1.20
2008.11.17 09:06:48.082,1.771,1.77175,5.50,1.20
2008.11.17 09:06:48.372,1.77115,1.77175,1.00,1.20
2008.11.17 09:06:48.712,1.7711,1.77175,2.40,1.20
2008.11.17 09:06:49.412,1.7711,1.77179,2.40,1.00
2008.11.17 09:06:49.751,1.77115,1.77185,1.00,1.20
2008.11.17 09:06:49.972,1.7711,1.7717,1.20,1.20
2008.11.17 09:06:50.422,1.771,1.77165,1.20,1.20
2008.11.17 09:06:52.262,1.7708,1.7716,6.10,1.20
2008.11.17 09:06:52.481,1.7708,1.7716,3.60,1.20
2008.11.17 09:06:52.651,1.771,1.77165,1.20,1.20
2008.11.17 09:06:53.232,1.771,1.7716,1.20,1.20
2008.11.17 09:06:53.631,1.771,1.77165,1.20,1.20
2008.11.17 09:06:54.380,1.7708,1.77154,1.90,1.00
2008.11.17 09:06:54.730,1.77105,1.77165,1.20,1.20
2008.11.17 09:06:55.060,1.77085,1.77165,1.20,1.20
2008.11.17 09:06:55.451,1.7707,1.7718,1.00,7.50
2008.11.17 09:06:55.680,1.77075,1.7718,1.00,6.00
2008.11.17 09:06:55.920,1.771,1.7718,1.20,12.00
2008.11.17 09:06:56.700,1.771,1.7718,1.20,18.00
2008.11.17 09:06:58.559,1.771,1.7717,1.20,6.00
2008.11.17 09:06:58.849,1.7711,1.77165,1.20,1.20
2008.11.17 09:06:59.129,1.7712,1.7717,1.20,6.00
2008.11.17 09:06:59.419,1.771,1.7716,1.20,1.20
2008.11.17 09:06:59.749,1.7708,1.77165,2.40,1.50
2008.11.17 09:07:00.029,1.77065,1.77165,1.90,3.30
2008.11.17 09:07:00.239,1.77055,1.77154,2.10,1.00
2008.11.17 09:07:00.579,1.77055,1.77145,1.90,1.20
2008.11.17 09:07:01.099,1.77055,1.77149,1.90,1.00
2008.11.17 09:07:01.379,1.77075,1.7715,1.00,2.40
2008.11.17 09:07:01.549,1.7708,1.7715,1.20,1.20
2008.11.17 09:07:01.789,1.7707,1.7715,1.00,1.20
2008.11.17 09:07:02.029,1.7705,1.7715,1.90,1.20
2008.11.17 09:07:02.378,1.77045,1.7715,1.90,6.00
2008.11.17 09:07:03.068,1.77045,1.77125,3.00,1.20
2008.11.17 09:07:03.398,1.77045,1.77115,2.40,6.00
2008.11.17 09:07:03.798,1.77035,1.77115,3.00,6.00
2008.11.17 09:07:04.188,1.77,1.7709,1.90,6.00
2008.11.17 09:07:04.598,1.7701,1.7709,1.00,6.00
2008.11.17 09:07:04.888,1.7704,1.7709,1.00,6.00
2008.11.17 09:07:05.128,1.7704,1.7709,1.90,6.00
2008.11.17 09:07:05.538,1.7702,1.77085,4.20,1.20
2008.11.17 09:07:05.998,1.7702,1.7709,1.00,6.00
2008.11.17 09:07:06.228,1.77015,1.7709,1.00,7.20
2008.11.17 09:07:06.468,1.77005,1.7709,1.00,7.20
2008.11.17 09:07:06.827,1.7703,1.7709,1.90,6.00
2008.11.17 09:07:07.187,1.7703,1.7709,1.00,6.00
2008.11.17 09:07:07.547,1.7702,1.7709,3.70,6.00
2008.11.17 09:07:07.717,1.7702,1.7709,1.00,6.00
2008.11.17 09:07:07.937,1.7702,1.7709,2.80,6.00
2008.11.17 09:07:08.287,1.77015,1.7709,3.00,6.00
2008.11.17 09:07:08.397,1.7703,1.7709,1.00,6.00
2008.11.17 09:07:08.567,1.7703,1.7709,1.90,6.00
2008.11.17 09:07:09.147,1.77035,1.7709,1.00,6.00
2008.11.17 09:07:10.287,1.7704,1.7709,1.20,6.00
2008.11.17 09:07:12.486,1.7705,1.7709,1.20,6.00
2008.11.17 09:07:12.926,1.7704,1.7709,1.20,6.00
2008.11.17 09:07:13.206,1.7704,1.7709,1.90,6.00
2008.11.17 09:07:13.486,1.7704,1.7709,1.20,6.00
2008.11.17 09:07:14.746,1.77045,1.7709,1.00,6.00
2008.11.17 09:07:14.976,1.7706,1.7709,1.20,6.00
2008.11.17 09:07:15.155,1.7708,1.7709,1.20,6.00
2008.11.17 09:07:15.435,1.7707,1.7709,1.20,6.00
2008.11.17 09:07:15.615,1.7706,1.7709,1.20,6.00
2008.11.17 09:07:15.975,1.7705,1.7709,1.20,6.00
2008.11.17 09:07:16.555,1.7706,1.7709,1.20,6.00
2008.11.17 09:07:17.255,1.7705,1.7709,1.20,6.00
2008.11.17 09:07:17.825,1.7704,1.7709,1.20,6.00
2008.11.17 09:07:21.994,1.7705,1.7709,1.20,6.00
2008.11.17 09:07:22.284,1.7706,1.7709,1.20,6.00
2008.11.17 09:07:23.993,1.7706,1.7709,4.00,6.00
2008.11.17 09:07:24.233,1.77085,1.7709,1.00,6.00
2008.11.17 09:07:24.753,1.77085,1.77175,1.00,1.20
2008.11.17 09:07:24.873,1.7707,1.77174,1.20,1.00
2008.11.17 09:07:25.103,1.7707,1.77164,1.20,1.00
2008.11.17 09:07:25.283,1.7708,1.7717,1.20,1.20
2008.11.17 09:07:25.453,1.7708,1.7718,1.20,1.20
2008.11.17 09:07:26.063,1.7708,1.77159,1.20,1.00
2008.11.17 09:07:26.413,1.77095,1.7718,1.00,12.30
2008.11.17 09:07:27.102,1.7709,1.7716,1.00,1.50
2008.11.17 09:07:27.423,1.77085,1.7715,1.00,1.50
2008.11.17 09:07:27.832,1.77085,1.7717,1.00,6.30
2008.11.17 09:07:27.993,1.7711,1.7717,1.20,6.00
2008.11.17 09:07:28.332,1.7711,1.7716,1.20,6.00
2008.11.17 09:07:28.562,1.771,1.7716,1.20,6.00
2008.11.17 09:07:29.822,1.7712,1.7716,1.20,6.00
2008.11.17 09:07:31.941,1.77155,1.7716,1.20,6.00
2008.11.17 09:07:32.161,1.7716,1.77239,1.00,1.00
2008.11.17 09:07:32.411,1.7716,1.77225,1.00,6.00
2008.11.17 09:07:34.371,1.7719,1.7721,1.20,6.00
2008.11.17 09:07:37.500,1.7719,1.7721,1.90,6.00
2008.11.17 09:07:37.740,1.77205,1.7725,1.00,12.00
2008.11.17 09:07:37.860,1.7722,1.773,1.20,1.20
2008.11.17 09:07:38.200,1.7722,1.77285,1.20,6.00
2008.11.17 09:07:38.670,1.7723,1.77285,1.20,6.00
2008.11.17 09:07:39.010,1.77215,1.7727,1.00,6.00
2008.11.17 09:07:39.399,1.7721,1.77269,3.60,1.00
2008.11.17 09:07:39.739,1.77205,1.77269,2.80,1.00
2008.11.17 09:07:40.089,1.772,1.7727,1.90,6.00
2008.11.17 09:07:40.370,1.772,1.7725,1.90,7.20
2008.11.17 09:07:40.779,1.7719,1.7725,1.90,7.20
2008.11.17 09:07:41.119,1.77175,1.7725,1.90,10.20
2008.11.17 09:07:41.409,1.77175,1.7725,1.90,16.20
2008.11.17 09:07:41.649,1.7717,1.7723,1.90,1.20
2008.11.17 09:07:41.999,1.7716,1.7724,1.90,1.20
2008.11.17 09:07:42.279,1.7715,1.7725,9.10,1.20
2008.11.17 09:07:42.569,1.7715,1.7726,9.10,12.00
2008.11.17 09:07:42.809,1.7715,1.7725,7.20,12.30
2008.11.17 09:07:43.279,1.7715,1.77235,7.20,1.20
2008.11.17 09:07:44.378,1.7717,1.7723,1.20,2.40
2008.11.17 09:07:44.839,1.7717,1.77234,1.20,1.00
2008.11.17 09:07:45.168,1.7717,1.7724,1.20,1.20
2008.11.17 09:07:45.348,1.7716,1.77245,3.10,1.20
2008.11.17 09:07:45.568,1.7717,1.77239,3.10,1.00
2008.11.17 09:07:45.728,1.7718,1.77244,1.20,1.00
2008.11.17 09:07:45.898,1.7718,1.7725,1.20,18.00
2008.11.17 09:07:48.238,1.7718,1.7725,1.20,24.00
2008.11.17 09:07:48.457,1.7718,1.77245,1.20,1.20
2008.11.17 09:07:50.247,1.7718,1.77225,1.20,1.20
2008.11.17 09:07:50.297,1.7718,1.77219,1.20,1.00
2008.11.17 09:07:50.357,1.7716,1.77215,1.00,1.20
2008.11.17 09:07:50.537,1.7717,1.7725,1.20,1.20
2008.11.17 09:07:50.657,1.7717,1.77235,1.20,1.20
2008.11.17 09:07:50.767,1.77165,1.77235,1.90,1.20
2008.11.17 09:07:50.947,1.7716,1.77235,1.20,1.20
2008.11.17 09:07:51.107,1.77155,1.7725,2.80,1.50
2008.11.17 09:07:51.456,1.77155,1.77225,1.90,1.20
2008.11.17 09:07:51.807,1.7715,1.77225,10.30,1.20
2008.11.17 09:07:52.796,1.7715,1.7721,10.30,1.20
2008.11.17 09:07:53.546,1.7716,1.7721,1.20,1.20
2008.11.17 09:07:53.836,1.7715,1.77205,7.20,1.20
2008.11.17 09:07:54.136,1.7715,1.77205,8.40,1.20
2008.11.17 09:07:54.716,1.7715,1.77195,8.40,1.20
2008.11.17 09:07:55.046,1.7715,1.77199,8.40,1.00
2008.11.17 09:07:55.336,1.7715,1.77205,8.40,1.20
2008.11.17 09:07:56.115,1.7715,1.77195,7.20,1.20
2008.11.17 09:07:56.396,1.7715,1.772,8.40,1.20
2008.11.17 09:07:56.635,1.7715,1.77185,7.20,1.20
2008.11.17 09:07:56.925,1.7715,1.77189,9.10,1.00
2008.11.17 09:07:57.225,1.7717,1.7723,1.20,1.20
2008.11.17 09:07:57.505,1.7716,1.7723,1.20,1.20
2008.11.17 09:07:57.975,1.7716,1.77234,1.20,1.00
2008.11.17 09:07:58.485,1.7717,1.7722,1.20,1.20
2008.11.17 09:07:58.765,1.7716,1.77215,1.20,1.20
2008.11.17 09:07:59.065,1.7715,1.77225,10.30,1.20
2008.11.17 09:07:59.345,1.7715,1.77219,8.40,1.00
2008.11.17 09:07:59.744,1.7715,1.7723,10.30,1.20
2008.11.17 09:08:00.044,1.7715,1.77225,10.30,1.20
2008.11.17 09:08:00.374,1.77155,1.77225,1.90,1.20
2008.11.17 09:08:00.615,1.77155,1.77215,1.90,1.20
2008.11.17 09:08:00.944,1.7715,1.7721,7.20,1.20
2008.11.17 09:08:01.284,1.7715,1.77214,8.40,1.00
2008.11.17 09:08:01.464,1.7715,1.77215,8.40,1.20
2008.11.17 09:08:02.604,1.7715,1.7722,8.40,1.20
2008.11.17 09:08:02.954,1.7715,1.77225,8.40,1.20
2008.11.17 09:08:03.244,1.7715,1.77215,8.40,1.20
2008.11.17 09:08:03.654,1.7715,1.77219,8.40,1.00
2008.11.17 09:08:04.063,1.7715,1.77215,9.10,1.20
2008.11.17 09:08:04.503,1.7715,1.7723,7.20,6.00
2008.11.17 09:08:04.833,1.7715,1.7723,7.20,12.00
2008.11.17 09:08:05.493,1.7715,1.77205,7.20,1.20
2008.11.17 09:08:05.733,1.7715,1.7724,7.20,12.00
2008.11.17 09:08:07.313,1.7715,1.7723,7.20,12.30
2008.11.17 09:08:09.812,1.7715,1.7719,7.20,1.00
2008.11.17 09:08:10.042,1.77095,1.77134,1.00,1.00
2008.11.17 09:08:10.262,1.77055,1.77129,1.20,1.00
2008.11.17 09:08:10.492,1.77055,1.77134,6.00,1.00
2008.11.17 09:08:10.722,1.77045,1.7714,7.90,1.20
2008.11.17 09:08:11.002,1.77045,1.7714,6.00,1.20
2008.11.17 09:08:11.462,1.7707,1.77134,1.20,1.00
2008.11.17 09:08:11.822,1.7708,1.77145,1.20,1.20
2008.11.17 09:08:12.351,1.7708,1.77149,1.90,1.00
2008.11.17 09:08:12.582,1.77115,1.7716,1.20,3.60
2008.11.17 09:08:13.521,1.77135,1.7717,1.20,3.60
2008.11.17 09:08:13.801,1.7715,1.7716,1.20,3.60
2008.11.17 09:08:14.211,1.7715,1.7717,1.20,3.60
2008.11.17 09:08:14.781,1.7715,1.77235,1.20,1.20
2008.11.17 09:08:16.740,1.7715,1.77215,1.20,1.20
2008.11.17 09:08:17.061,1.7714,1.77215,3.10,1.20
2008.11.17 09:08:18.170,1.7714,1.77215,1.20,1.20
2008.11.17 09:08:18.990,1.7714,1.77205,1.20,1.20
2008.11.17 09:08:19.800,1.7714,1.77209,3.10,1.00
2008.11.17 09:08:19.970,1.7714,1.77215,3.10,1.20
2008.11.17 09:08:20.190,1.77145,1.772,1.90,1.20
2008.11.17 09:08:20.410,1.77145,1.7721,1.90,1.20
2008.11.17 09:08:20.840,1.7714,1.7721,3.10,1.20
2008.11.17 09:08:21.489,1.77135,1.772,6.10,1.20
2008.11.17 09:08:21.839,1.7714,1.77205,1.20,1.20
2008.11.17 09:08:22.189,1.7714,1.77205,3.10,1.20
2008.11.17 09:08:24.609,1.7714,1.772,1.20,1.20
2008.11.17 09:08:25.069,1.77135,1.772,1.90,1.20
2008.11.17 09:08:25.239,1.7713,1.772,3.10,1.20
2008.11.17 09:08:25.409,1.7713,1.7719,3.10,1.20
2008.11.17 09:08:25.658,1.7713,1.7719,1.90,1.20
2008.11.17 09:08:25.818,1.77115,1.77185,4.90,1.20
2008.11.17 09:08:26.178,1.77115,1.7718,1.90,1.20
2008.11.17 09:08:28.298,1.77115,1.77185,1.90,1.20
2008.11.17 09:08:28.598,1.7712,1.77185,1.20,1.20
2008.11.17 09:08:28.997,1.7712,1.77179,1.20,1.00
2008.11.17 09:08:29.287,1.77115,1.77195,1.90,1.20
2008.11.17 09:08:29.568,1.7713,1.77199,3.10,1.00
2008.11.17 09:08:29.807,1.7713,1.772,3.10,1.20
2008.11.17 09:08:30.088,1.77125,1.77215,1.00,1.00
2008.11.17 09:08:30.537,1.7711,1.7719,1.90,1.20
2008.11.17 09:08:30.887,1.77105,1.7719,1.90,1.20
2008.11.17 09:08:31.477,1.7711,1.77194,1.90,1.00
2008.11.17 09:08:31.817,1.7711,1.77179,3.10,1.00
2008.11.17 09:08:32.077,1.7711,1.77185,3.10,1.20
2008.11.17 09:08:32.257,1.7711,1.7718,3.10,1.20
2008.11.17 09:08:32.547,1.77115,1.77175,1.90,1.20
2008.11.17 09:08:32.827,1.7711,1.7718,1.20,1.20
2008.11.17 09:08:33.057,1.7711,1.7719,1.20,1.20
2008.11.17 09:08:33.347,1.7711,1.77185,1.20,1.20
2008.11.17 09:08:33.766,1.771,1.77165,3.10,1.20
2008.11.17 09:08:34.167,1.771,1.7718,3.10,1.20
2008.11.17 09:08:34.456,1.77105,1.7717,3.00,1.20
2008.11.17 09:08:34.736,1.7709,1.7714,1.20,1.20
2008.11.17 09:08:35.026,1.7709,1.77144,1.20,1.00
2008.11.17 09:08:35.306,1.77075,1.77185,1.90,2.80
2008.11.17 09:08:35.586,1.77075,1.7718,1.90,4.20
2008.11.17 09:08:35.816,1.7707,1.7718,1.90,4.20
2008.11.17 09:08:36.166,1.7707,1.7715,1.90,1.20
2008.11.17 09:08:38.036,1.7707,1.77149,1.90,1.00
2008.11.17 09:08:38.275,1.7707,1.7715,1.90,1.20
2008.11.17 09:08:38.625,1.77075,1.7715,1.90,1.20
2008.11.17 09:08:39.325,1.7707,1.7713,1.90,1.20
2008.11.17 09:08:39.505,1.7707,1.7713,3.10,1.20
2008.11.17 09:08:39.735,1.7707,1.77135,3.10,1.20
2008.11.17 09:08:42.964,1.7707,1.77139,3.10,1.00
2008.11.17 09:08:43.244,1.77065,1.7713,1.90,1.20
2008.11.17 09:08:43.584,1.7707,1.77135,1.20,1.20
2008.11.17 09:08:45.354,1.7707,1.77139,1.20,1.00
2008.11.17 09:08:45.534,1.7707,1.77135,1.20,1.20
2008.11.17 09:08:45.754,1.7708,1.77135,1.20,1.20
2008.11.17 09:08:46.223,1.7708,1.77139,1.20,1.00
2008.11.17 09:08:46.524,1.7708,1.77155,1.20,1.20
2008.11.17 09:08:46.923,1.7707,1.7715,6.10,1.20
2008.11.17 09:08:47.163,1.7707,1.7715,4.20,1.20
2008.11.17 09:08:47.343,1.7707,1.77145,1.20,1.20
2008.11.17 09:08:47.564,1.77105,1.77149,1.20,1.00
2008.11.17 09:08:47.943,1.771,1.77165,1.00,1.20
2008.11.17 09:08:49.083,1.7711,1.7715,1.20,1.20
2008.11.17 09:08:49.373,1.77075,1.77135,1.00,1.20
2008.11.17 09:08:49.543,1.7708,1.77135,1.00,1.20
2008.11.17 09:08:49.773,1.7708,1.77135,3.00,1.20
2008.11.17 09:08:50.372,1.7707,1.77135,1.20,1.20
2008.11.17 09:08:50.492,1.7707,1.77125,1.20,1.20
2008.11.17 09:08:51.132,1.7706,1.77114,1.20,1.00
2008.11.17 09:08:51.252,1.7707,1.77119,1.20,1.00
2008.11.17 09:08:51.422,1.7706,1.77125,1.20,1.20
2008.11.17 09:08:51.642,1.7707,1.77125,1.20,1.20
2008.11.17 09:08:52.442,1.7707,1.77129,1.20,1.00
2008.11.17 09:08:52.732,1.7706,1.77129,1.20,1.00
2008.11.17 09:08:52.952,1.7706,1.77125,1.20,1.20
2008.11.17 09:08:53.232,1.77055,1.77105,3.00,1.20
2008.11.17 09:08:53.562,1.7704,1.77105,1.00,1.20
2008.11.17 09:08:53.781,1.7703,1.771,7.90,1.20
2008.11.17 09:08:53.962,1.7703,1.77085,6.00,1.20
2008.11.17 09:08:54.232,1.7702,1.77085,1.90,1.20
2008.11.17 09:08:54.411,1.77065,1.77079,1.20,1.00
2008.11.17 09:08:54.592,1.7706,1.77079,2.40,1.00
2008.11.17 09:08:54.911,1.7707,1.7715,1.00,1.20
2008.11.17 09:08:55.271,1.7708,1.77155,1.00,7.20
2008.11.17 09:08:56.661,1.771,1.7714,1.20,7.20
2008.11.17 09:08:56.991,1.7709,1.77139,1.20,1.00
2008.11.17 09:08:57.341,1.7708,1.77135,1.20,1.20
2008.11.17 09:08:57.741,1.77085,1.7714,1.00,8.40
2008.11.17 09:08:58.211,1.77095,1.7714,1.00,7.20
2008.11.17 09:08:59.870,1.771,1.7714,1.20,7.20
2008.11.17 09:09:01.270,1.7708,1.7714,6.10,7.20
2008.11.17 09:09:01.570,1.7708,1.77135,3.10,1.20
2008.11.17 09:09:01.680,1.7708,1.77135,1.20,1.20
2008.11.17 09:09:01.790,1.77075,1.77135,1.90,1.20
2008.11.17 09:09:02.180,1.7704,1.77134,1.90,1.00
2008.11.17 09:09:02.539,1.77025,1.77135,3.10,1.00
2008.11.17 09:09:02.889,1.77025,1.77115,1.90,1.20
2008.11.17 09:09:03.129,1.7702,1.77119,1.90,1.00
2008.11.17 09:09:03.459,1.7704,1.77145,1.90,1.20
2008.11.17 09:09:03.689,1.7706,1.7714,1.20,2.80
2008.11.17 09:09:03.929,1.7708,1.77149,1.20,1.00
2008.11.17 09:09:04.339,1.7707,1.7715,1.20,8.40
2008.11.17 09:09:04.629,1.7706,1.7714,1.90,7.20
2008.11.17 09:09:05.199,1.7707,1.7714,1.00,7.20
2008.11.17 09:09:05.479,1.7706,1.7714,1.00,7.20
2008.11.17 09:09:05.649,1.7706,1.7714,1.80,7.20
2008.11.17 09:09:05.819,1.7707,1.7714,1.90,7.20
2008.11.17 09:09:06.648,1.7707,1.7714,1.20,8.40
2008.11.17 09:09:06.979,1.7708,1.7714,1.20,8.40
2008.11.17 09:09:07.448,1.7709,1.7714,1.20,8.40
2008.11.17 09:09:07.728,1.7709,1.7714,1.20,7.20
2008.11.17 09:09:09.898,1.7708,1.7714,1.20,7.20
2008.11.17 09:09:11.088,1.7708,1.7714,1.20,8.40
2008.11.17 09:09:11.987,1.77065,1.77129,1.00,1.00
2008.11.17 09:09:12.267,1.77065,1.77135,1.00,1.20
2008.11.17 09:09:13.127,1.7705,1.7712,1.20,1.20
2008.11.17 09:09:13.347,1.7705,1.7711,1.20,1.20
2008.11.17 09:09:15.216,1.77035,1.77095,1.00,1.20
2008.11.17 09:09:16.376,1.77035,1.7707,1.00,1.20
2008.11.17 09:09:16.666,1.7702,1.7707,3.00,1.20
2008.11.17 09:09:16.906,1.7701,1.77085,1.20,1.20
2008.11.17 09:09:17.766,1.7702,1.77079,1.20,1.00
2008.11.17 09:09:18.176,1.77025,1.7709,1.90,1.20
2008.11.17 09:09:18.536,1.77035,1.7709,1.00,1.20
2008.11.17 09:09:18.935,1.7702,1.7708,6.10,1.20
2008.11.17 09:09:19.236,1.7702,1.7708,5.50,1.20
2008.11.17 09:09:19.645,1.7703,1.77084,1.20,1.00
2008.11.17 09:09:19.925,1.7702,1.77075,1.20,1.20
2008.11.17 09:09:22.995,1.7702,1.77079,1.20,1.00
2008.11.17 09:09:23.174,1.7702,1.7708,1.20,1.20
2008.11.17 09:09:23.524,1.7702,1.77075,1.20,1.20
2008.11.17 09:09:30.103,1.77015,1.7707,1.00,1.20
2008.11.17 09:09:30.333,1.77005,1.7706,1.00,1.20
2008.11.17 09:09:30.623,1.7697,1.77044,12.10,1.00
2008.11.17 09:09:30.963,1.7697,1.77044,3.10,1.00
2008.11.17 09:09:31.312,1.7698,1.77045,1.20,1.20
2008.11.17 09:09:31.603,1.7698,1.7703,1.20,1.20
2008.11.17 09:09:31.933,1.76975,1.77034,1.00,1.00
2008.11.17 09:09:32.162,1.7698,1.77045,1.20,1.20
2008.11.17 09:09:32.502,1.7698,1.7704,1.20,1.20
2008.11.17 09:09:32.892,1.7697,1.7704,3.10,1.20
2008.11.17 09:09:33.232,1.7698,1.7704,1.20,1.20
2008.11.17 09:09:33.652,1.7698,1.7705,1.20,3.60
2008.11.17 09:09:34.102,1.7697,1.77044,1.20,1.00
2008.11.17 09:09:34.442,1.7699,1.77049,1.00,1.00
2008.11.17 09:09:34.792,1.76975,1.7706,1.90,1.20
2008.11.17 09:09:35.211,1.7699,1.7706,1.20,1.20
2008.11.17 09:09:35.461,1.7699,1.7704,1.20,1.20
2008.11.17 09:09:35.921,1.7698,1.7704,1.20,1.20
2008.11.17 09:09:36.161,1.7697,1.7704,3.10,1.20
2008.11.17 09:09:36.851,1.7697,1.77044,3.10,1.00
2008.11.17 09:09:37.191,1.7697,1.7703,1.90,1.20
2008.11.17 09:09:37.651,1.7697,1.77085,1.90,3.30
2008.11.17 09:09:38.121,1.7696,1.7704,1.90,1.20
2008.11.17 09:09:38.301,1.7696,1.77044,7.90,1.00
2008.11.17 09:09:38.591,1.7696,1.77045,7.90,1.20
2008.11.17 09:09:38.811,1.7696,1.77045,6.00,1.20
2008.11.17 09:09:39.161,1.76955,1.77025,1.00,1.20
2008.11.17 09:09:39.810,1.76955,1.7705,1.00,1.00
2008.11.17 09:09:40.160,1.7698,1.77065,1.00,5.40
2008.11.17 09:09:40.380,1.7698,1.77065,1.00,2.80
2008.11.17 09:09:40.610,1.76995,1.7707,1.20,3.60
2008.11.17 09:09:41.120,1.77005,1.77055,1.20,1.20
2008.11.17 09:09:41.470,1.7702,1.77059,3.10,1.00
2008.11.17 09:09:41.820,1.7704,1.7706,1.20,3.60
2008.11.17 09:09:42.110,1.7703,1.77044,1.20,1.00
2008.11.17 09:09:42.350,1.76985,1.7706,6.00,4.80
2008.11.17 09:09:42.701,1.77,1.7706,1.00,3.60
2008.11.17 09:09:42.980,1.7704,1.7706,1.90,3.60
2008.11.17 09:09:43.270,1.77075,1.7709,1.20,6.00
2008.11.17 09:09:43.610,1.77075,1.77095,1.20,1.20
2008.11.17 09:09:44.010,1.77015,1.77099,1.90,1.00
2008.11.17 09:09:44.420,1.77025,1.77105,1.20,1.20
2008.11.17 09:09:44.649,1.77025,1.771,1.20,1.20
2008.11.17 09:09:44.929,1.7701,1.7708,1.90,1.20
2008.11.17 09:09:45.219,1.77015,1.7707,2.40,1.20
2008.11.17 09:09:45.509,1.77,1.7709,6.00,1.20
2008.11.17 09:09:45.679,1.7701,1.7709,6.00,1.60
2008.11.17 09:09:45.909,1.76965,1.7709,1.90,4.60
2008.11.17 09:09:46.149,1.76965,1.77065,1.90,2.80
2008.11.17 09:09:46.319,1.7697,1.7707,6.00,2.40
2008.11.17 09:09:46.659,1.7696,1.7706,2.40,1.00
2008.11.17 09:09:47.009,1.7696,1.77029,4.30,1.00
2008.11.17 09:09:47.308,1.7696,1.77035,4.30,1.20
2008.11.17 09:09:47.769,1.7697,1.7703,1.90,1.20
2008.11.17 09:09:48.159,1.7699,1.77044,2.40,1.00
2008.11.17 09:09:48.448,1.7703,1.7705,1.00,3.60
2008.11.17 09:09:49.538,1.77045,1.7709,1.00,1.50
2008.11.17 09:09:49.888,1.77045,1.771,1.00,1.20
2008.11.17 09:09:50.408,1.77045,1.77104,1.00,1.00
2008.11.17 09:09:50.768,1.77055,1.771,1.00,1.20
2008.11.17 09:09:50.998,1.77055,1.77105,1.00,1.20
2008.11.17 09:09:51.278,1.7706,1.7711,1.90,1.50
2008.11.17 09:09:51.448,1.77075,1.7712,1.00,1.50
2008.11.17 09:09:51.678,1.77075,1.7712,1.00,1.20
2008.11.17 09:09:52.088,1.77095,1.7713,1.00,1.50
2008.11.17 09:09:52.438,1.77105,1.7714,1.00,3.60
2008.11.17 09:09:53.107,1.77125,1.7714,1.00,3.60
2008.11.17 09:09:53.457,1.7713,1.7714,1.20,3.60
2008.11.17 09:09:54.117,1.7712,1.7714,1.20,3.60
2008.11.17 09:09:54.817,1.7713,1.77185,1.20,1.20
2008.11.17 09:09:54.937,1.77125,1.77185,1.00,1.20
2008.11.17 09:09:56.036,1.77125,1.77179,1.00,1.00
2008.11.17 09:09:56.376,1.77125,1.77184,1.00,1.00
2008.11.17 09:09:56.647,1.77135,1.77185,1.00,1.20
2008.11.17 09:09:56.936,1.7714,1.7719,1.20,7.20
2008.11.17 09:09:57.456,1.7714,1.7719,1.20,6.00
2008.11.17 09:09:58.646,1.77155,1.7719,1.00,6.00
2008.11.17 09:09:58.966,1.7712,1.7719,3.10,7.20
2008.11.17 09:09:59.256,1.7713,1.7719,1.20,6.00
2008.11.17 09:10:00.055,1.7713,1.7719,3.10,6.00
2008.11.17 09:10:00.335,1.77085,1.77165,1.00,1.20
2008.11.17 09:10:00.566,1.77075,1.77165,1.90,1.20
2008.11.17 09:10:00.975,1.77075,1.77185,1.90,4.20
2008.11.17 09:10:01.206,1.7707,1.7718,1.90,1.20
2008.11.17 09:10:01.495,1.7709,1.7716,1.90,1.20
2008.11.17 09:10:01.945,1.7711,1.7718,1.20,4.00
2008.11.17 09:10:02.415,1.7711,1.77184,3.10,1.00
2008.11.17 09:10:02.645,1.7711,1.77185,3.10,1.20
2008.11.17 09:10:02.925,1.7711,1.77175,1.90,1.20
2008.11.17 09:10:03.145,1.77105,1.77165,1.90,1.20
2008.11.17 09:10:03.365,1.7711,1.77165,1.20,1.20
2008.11.17 09:10:03.765,1.7712,1.77164,1.20,1.00
2008.11.17 09:10:04.125,1.7713,1.77185,1.20,1.20
2008.11.17 09:10:04.685,1.77135,1.77185,1.00,1.20
2008.11.17 09:10:04.865,1.7713,1.7718,1.20,1.20
2008.11.17 09:10:05.104,1.77115,1.7717,1.90,1.20
2008.11.17 09:10:05.334,1.7711,1.77159,4.90,1.00
2008.11.17 09:10:05.514,1.7712,1.7717,1.90,1.20
2008.11.17 09:10:05.804,1.77125,1.7717,1.00,1.20
2008.11.17 09:10:06.284,1.7713,1.77174,1.20,1.00
2008.11.17 09:10:06.564,1.77135,1.7718,1.00,1.20
2008.11.17 09:10:08.583,1.77135,1.77185,1.00,1.20
2008.11.17 09:10:08.824,1.7714,1.77185,3.10,1.20
2008.11.17 09:10:09.294,1.7715,1.7719,1.20,6.00
2008.11.17 09:10:09.633,1.7716,1.7719,1.20,6.00
2008.11.17 09:10:11.783,1.77165,1.7719,1.00,6.00
2008.11.17 09:10:12.863,1.77185,1.7719,1.00,6.00
2008.11.17 09:10:13.163,1.7719,1.7721,1.20,10.00
2008.11.17 09:10:13.742,1.7718,1.7719,1.20,6.00
2008.11.17 09:10:14.082,1.77165,1.7719,4.00,6.00
2008.11.17 09:10:14.542,1.7712,1.77164,1.00,1.00
2008.11.17 09:10:14.922,1.7712,1.7717,1.00,1.20
2008.11.17 09:10:15.272,1.7712,1.7716,1.00,1.20
2008.11.17 09:10:15.792,1.7713,1.7714,1.00,1.20
2008.11.17 09:10:16.832,1.7713,1.77144,1.00,1.00
2008.11.17 09:10:17.171,1.7713,1.77145,1.00,1.20
2008.11.17 09:10:17.571,1.7713,1.7714,1.00,1.20
2008.11.17 09:10:18.311,1.77095,1.77169,1.00,1.00
2008.11.17 09:10:18.601,1.7713,1.77144,1.00,1.00
2008.11.17 09:10:18.891,1.7713,1.77154,1.00,1.00
2008.11.17 09:10:19.241,1.77135,1.7719,1.00,3.60
2008.11.17 09:10:19.411,1.7714,1.7719,1.20,4.80
2008.11.17 09:10:19.681,1.7713,1.7719,1.00,4.80
2008.11.17 09:10:19.971,1.7713,1.77179,1.00,1.00
2008.11.17 09:10:20.141,1.7713,1.7718,1.00,1.20
2008.11.17 09:10:21.311,1.7713,1.7718,1.00,4.80
2008.11.17 09:10:21.721,1.7713,1.7718,1.80,4.80
2008.11.17 09:10:21.880,1.7713,1.7718,1.80,3.60
2008.11.17 09:10:22.100,1.7713,1.7718,1.00,3.60
2008.11.17 09:10:23.870,1.7713,1.77165,1.00,1.20
2008.11.17 09:10:24.730,1.7713,1.7716,1.00,1.20
2008.11.17 09:10:24.960,1.7713,1.7717,1.00,1.20
2008.11.17 09:10:25.200,1.7713,1.7716,1.00,1.20
2008.11.17 09:10:25.430,1.7713,1.77155,1.00,1.20
2008.11.17 09:10:25.789,1.7713,1.7716,1.00,1.20
2008.11.17 09:10:26.019,1.7713,1.77155,1.00,1.20
2008.11.17 09:10:26.319,1.7713,1.77159,1.00,1.00
2008.11.17 09:10:26.639,1.7713,1.7716,1.00,1.20
2008.11.17 09:10:27.549,1.7713,1.77159,1.00,1.00
2008.11.17 09:10:27.769,1.7713,1.77165,1.00,1.20
2008.11.17 09:10:27.989,1.7713,1.77149,1.00,1.00
2008.11.17 09:10:28.399,1.7713,1.7715,1.00,1.20
2008.11.17 09:10:28.639,1.7713,1.77155,1.00,1.20
2008.11.17 09:10:29.019,1.7709,1.77164,1.20,1.00
2008.11.17 09:10:29.468,1.7709,1.77135,1.20,1.20
2008.11.17 09:10:29.939,1.7707,1.7714,1.20,1.20
2008.11.17 09:10:30.229,1.7708,1.77144,1.20,1.00
2008.11.17 09:10:30.508,1.7709,1.7714,1.20,1.20
2008.11.17 09:10:30.798,1.7708,1.7713,1.20,1.20
2008.11.17 09:10:31.098,1.7707,1.7715,1.20,1.50
2008.11.17 09:10:31.468,1.7708,1.77139,1.20,1.00
2008.11.17 09:10:31.838,1.7709,1.7718,1.20,12.70
2008.11.17 09:10:32.058,1.7708,1.7717,1.20,3.10
2008.11.17 09:10:32.348,1.7709,1.7716,1.20,1.20
2008.11.17 09:10:33.137,1.7709,1.77154,1.20,1.00
2008.11.17 09:10:33.528,1.7711,1.7717,1.20,10.80
2008.11.17 09:10:33.928,1.7711,1.7716,1.20,1.20
2008.11.17 09:10:34.227,1.77125,1.7717,1.00,10.80
2008.11.17 09:10:34.507,1.77115,1.7717,1.00,9.60
2008.11.17 09:10:34.807,1.77125,1.7717,1.00,9.60
2008.11.17 09:10:35.037,1.7712,1.7717,1.20,9.60
2008.11.17 09:10:35.837,1.77115,1.7717,1.90,9.60
2008.11.17 09:10:36.747,1.7711,1.7717,3.10,9.60
2008.11.17 09:10:37.617,1.7712,1.7717,1.20,9.60
2008.11.17 09:10:38.627,1.77115,1.7717,1.90,9.60
2008.11.17 09:10:38.846,1.77105,1.7717,1.90,9.60
2008.11.17 09:10:40.146,1.771,1.7717,1.90,9.60
2008.11.17 09:10:40.486,1.771,1.7717,4.00,9.60
2008.11.17 09:10:43.085,1.771,1.7717,3.10,9.60
2008.11.17 09:10:43.705,1.7711,1.7717,1.20,10.80
2008.11.17 09:10:43.985,1.7712,1.7717,1.20,10.80
2008.11.17 09:10:48.514,1.7712,1.7717,1.20,9.60
2008.11.17 09:10:48.804,1.77125,1.7717,1.00,9.60
2008.11.17 09:10:49.264,1.77125,1.7717,1.00,10.80
2008.11.17 09:10:49.544,1.7712,1.7717,1.20,10.80
2008.11.17 09:10:50.864,1.7712,1.7717,1.20,9.60
2008.11.17 09:10:51.153,1.7713,1.7717,1.20,9.60
2008.11.17 09:10:51.434,1.7712,1.7719,1.20,1.20
2008.11.17 09:10:51.553,1.77125,1.77194,1.00,1.00
2008.11.17 09:10:51.663,1.7713,1.77214,1.20,1.00
2008.11.17 09:10:51.893,1.7713,1.77214,7.20,1.00
2008.11.17 09:10:52.233,1.7713,1.77214,1.20,1.00
2008.11.17 09:10:52.633,1.7713,1.7722,3.10,1.00
2008.11.17 09:10:53.103,1.77135,1.7722,1.90,1.00
2008.11.17 09:10:53.453,1.77135,1.772,1.90,1.20
2008.11.17 09:10:53.753,1.77135,1.7721,1.90,1.20
2008.11.17 09:10:54.042,1.77135,1.7721,2.10,1.20
2008.11.17 09:10:54.382,1.7714,1.77215,1.20,1.20
2008.11.17 09:10:54.792,1.7714,1.77215,3.10,1.20
2008.11.17 09:10:55.122,1.7715,1.77215,1.90,1.20
2008.11.17 09:10:55.992,1.77155,1.7722,1.90,1.20
2008.11.17 09:10:56.402,1.77155,1.77215,1.90,1.20
2008.11.17 09:10:56.842,1.7715,1.77215,3.10,1.20
2008.11.17 09:10:57.172,1.7715,1.77215,1.20,1.20
2008.11.17 09:10:57.562,1.7716,1.7721,1.20,1.20
2008.11.17 09:10:57.852,1.7715,1.77204,1.90,1.00
2008.11.17 09:10:58.132,1.7716,1.7722,3.10,1.00
2008.11.17 09:10:58.882,1.7716,1.7722,1.20,1.00
2008.11.17 09:10:59.211,1.77175,1.7722,1.00,1.00
2008.11.17 09:10:59.592,1.7718,1.7722,1.20,1.00
2008.11.17 09:11:00.101,1.77185,1.7722,1.00,1.00
2008.11.17 09:11:00.731,1.7718,1.7722,1.20,1.00
2008.11.17 09:11:01.061,1.7719,1.7722,1.20,1.00
2008.11.17 09:11:01.241,1.772,1.7722,1.90,1.00
2008.11.17 09:11:01.771,1.77205,1.7722,1.90,1.00
2008.11.17 09:11:02.061,1.7721,1.7729,1.20,1.20
2008.11.17 09:11:02.351,1.7722,1.7729,1.90,1.20
2008.11.17 09:11:02.701,1.7722,1.77325,4.20,1.00
2008.11.17 09:11:02.930,1.77225,1.77335,2.80,1.60
2008.11.17 09:11:03.170,1.7723,1.773,1.20,1.20
2008.11.17 09:11:03.400,1.7725,1.77304,3.60,1.00
2008.11.17 09:11:03.640,1.77265,1.7731,1.00,1.20
2008.11.17 09:11:04.050,1.7727,1.77315,1.20,1.20
2008.11.17 09:11:04.450,1.7725,1.77319,1.20,1.00
2008.11.17 09:11:04.690,1.7724,1.7733,1.20,2.70
2008.11.17 09:11:05.390,1.7724,1.7733,3.60,2.70
2008.11.17 09:11:05.800,1.7724,1.7733,1.20,2.70
2008.11.17 09:11:05.970,1.77245,1.7733,1.00,1.50
2008.11.17 09:11:06.140,1.7724,1.77335,1.90,5.80
2008.11.17 09:11:06.320,1.7725,1.77335,1.00,4.60
2008.11.17 09:11:06.490,1.7725,1.7733,1.00,4.20
2008.11.17 09:11:06.780,1.77235,1.77325,1.90,2.40
2008.11.17 09:11:07.009,1.77235,1.7732,1.90,2.80
2008.11.17 09:11:07.289,1.7725,1.77315,1.20,1.00
2008.11.17 09:11:07.580,1.7725,1.7732,1.20,1.20
2008.11.17 09:11:07.879,1.7724,1.7732,9.60,1.20
2008.11.17 09:11:08.289,1.7727,1.77335,1.20,2.80
2008.11.17 09:11:08.519,1.7727,1.77335,1.20,1.00
2008.11.17 09:11:08.909,1.7727,1.77335,1.20,1.20
2008.11.17 09:11:09.269,1.77255,1.77335,1.00,1.20
2008.11.17 09:11:09.629,1.7727,1.77339,1.90,1.00
2008.11.17 09:11:09.979,1.7727,1.7734,3.10,1.00
2008.11.17 09:11:10.218,1.77275,1.7734,2.10,1.00
2008.11.17 09:11:10.498,1.77295,1.7734,1.00,1.00
2008.11.17 09:11:10.788,1.773,1.7734,1.20,1.00
2008.11.17 09:11:11.648,1.7732,1.7734,1.20,1.00
2008.11.17 09:11:12.708,1.7734,1.7735,1.20,3.10
2008.11.17 09:11:13.058,1.7734,1.7742,1.20,1.20
2008.11.17 09:11:14.048,1.77365,1.7741,1.00,6.00
2008.11.17 09:11:14.438,1.77335,1.774,1.00,1.20
2008.11.17 09:11:14.788,1.7734,1.7741,1.20,7.20
2008.11.17 09:11:15.368,1.7734,1.77404,1.20,1.00
2008.11.17 09:11:15.717,1.7737,1.7741,1.20,7.20
2008.11.17 09:11:16.247,1.7736,1.7741,1.20,7.20
2008.11.17 09:11:16.637,1.7736,1.7741,1.20,6.00
2008.11.17 09:11:16.987,1.77365,1.7741,1.00,6.00
2008.11.17 09:11:17.287,1.7738,1.7741,1.20,6.00
2008.11.17 09:11:17.627,1.7739,1.7741,1.20,6.00
2008.11.17 09:11:18.777,1.774,1.7741,1.20,6.00
2008.11.17 09:11:19.266,1.7741,1.7742,1.20,10.00
2008.11.17 09:11:19.596,1.7739,1.7741,1.20,6.00
2008.11.17 09:11:20.867,1.774,1.7741,1.20,6.00
2008.11.17 09:11:21.046,1.7739,1.7741,1.20,6.00
2008.11.17 09:11:25.465,1.7738,1.7741,1.20,6.00
2008.11.17 09:11:25.635,1.7738,1.7741,1.00,6.00
2008.11.17 09:11:25.745,1.7738,1.7739,1.00,1.20
2008.11.17 09:11:25.855,1.7734,1.7739,3.00,1.20
2008.11.17 09:11:26.006,1.7734,1.7738,3.00,1.20
2008.11.17 09:11:26.185,1.7732,1.77375,8.50,1.20
2008.11.17 09:11:26.365,1.7732,1.77375,6.00,1.20
2008.11.17 09:11:26.595,1.7731,1.77379,8.50,1.00
2008.11.17 09:11:26.765,1.7731,1.77355,6.00,1.20
2008.11.17 09:11:27.185,1.7731,1.77355,6.00,1.20
2008.11.17 09:11:27.704,1.7731,1.77354,6.00,1.00
2008.11.17 09:11:28.104,1.7733,1.7739,1.20,1.20
2008.11.17 09:11:30.064,1.7733,1.77359,1.20,1.00
2008.11.17 09:11:30.414,1.7732,1.77355,6.00,1.20
2008.11.17 09:11:30.814,1.7731,1.77355,6.00,1.20
2008.11.17 09:11:30.924,1.7731,1.7735,6.00,1.20
2008.11.17 09:11:31.793,1.7731,1.77354,6.00,1.00
2008.11.17 09:11:32.004,1.7732,1.77365,6.00,1.20
2008.11.17 09:11:32.183,1.7732,1.7736,6.00,1.20
2008.11.17 09:11:32.413,1.7731,1.7736,6.00,1.20
2008.11.17 09:11:32.873,1.7731,1.7736,7.20,1.20
2008.11.17 09:11:33.203,1.7731,1.77364,6.00,1.00
2008.11.17 09:11:33.443,1.77325,1.77365,1.00,1.20
2008.11.17 09:11:33.733,1.773,1.77365,1.20,1.20
2008.11.17 09:11:34.084,1.773,1.77365,7.20,1.20
2008.11.17 09:11:34.603,1.773,1.77365,1.20,1.20
2008.11.17 09:11:35.892,1.7731,1.77345,1.20,1.20
2008.11.17 09:11:36.122,1.773,1.7734,6.00,1.20
2008.11.17 09:11:36.632,1.7728,1.77335,7.20,1.20
2008.11.17 09:11:37.202,1.7728,1.77339,1.20,1.00
2008.11.17 09:11:37.542,1.773,1.7735,1.20,1.20
2008.11.17 09:11:39.891,1.773,1.77354,1.20,1.00
2008.11.17 09:11:40.071,1.7731,1.7736,1.20,1.20
2008.11.17 09:11:40.571,1.7733,1.7737,1.20,6.00
2008.11.17 09:11:41.451,1.7733,1.7736,1.20,1.20
2008.11.17 09:11:41.972,1.7732,1.77369,1.20,1.00
2008.11.17 09:11:42.261,1.7733,1.7737,1.00,6.00
2008.11.17 09:11:43.181,1.7733,1.7737,1.20,6.00
2008.11.17 09:11:44.720,1.77315,1.7737,1.90,6.00
2008.11.17 09:11:44.940,1.7732,1.7737,1.20,6.00
2008.11.17 09:11:45.181,1.7733,1.7737,1.20,6.00
2008.11.17 09:11:49.889,1.7732,1.7737,1.20,6.00
2008.11.17 09:11:50.579,1.7731,1.7737,1.20,6.00
2008.11.17 09:11:53.009,1.7733,1.7737,1.20,6.00
2008.11.17 09:11:54.988,1.77315,1.7737,1.00,7.20
2008.11.17 09:11:55.758,1.7731,1.7737,1.20,7.20
2008.11.17 09:11:55.918,1.773,1.77355,1.20,1.20
2008.11.17 09:11:57.068,1.77315,1.7737,1.00,7.20
2008.11.17 09:12:00.017,1.7733,1.7737,1.20,6.00
2008.11.17 09:12:00.247,1.77325,1.7737,1.00,6.00
2008.11.17 09:12:00.467,1.7732,1.7737,1.20,7.20
2008.11.17 09:12:00.707,1.773,1.7737,2.40,7.20
2008.11.17 09:12:00.927,1.7729,1.7737,1.20,7.20
2008.11.17 09:12:01.156,1.773,1.77365,1.20,1.20
2008.11.17 09:12:02.546,1.773,1.77369,1.20,1.00
2008.11.17 09:12:02.896,1.7731,1.7737,1.20,7.20
2008.11.17 09:12:03.696,1.7731,1.7737,1.20,6.00
2008.11.17 09:12:03.866,1.77315,1.7737,1.00,6.00
2008.11.17 09:12:04.735,1.7731,1.77355,1.20,1.20
2008.11.17 09:12:05.056,1.773,1.7736,1.20,1.20
2008.11.17 09:12:05.406,1.7729,1.77364,1.20,1.00
2008.11.17 09:12:05.865,1.77305,1.7737,1.00,8.80
2008.11.17 09:12:06.045,1.773,1.7737,1.20,10.50
2008.11.17 09:12:06.435,1.7729,1.7737,1.20,8.70
2008.11.17 09:12:06.795,1.773,1.77364,1.20,1.00
2008.11.17 09:12:07.145,1.773,1.7736,1.20,1.20
2008.11.17 09:12:07.535,1.77315,1.7737,1.00,6.00
2008.11.17 09:12:07.765,1.77305,1.7737,1.00,6.00
2008.11.17 09:12:08.935,1.77315,1.7737,1.00,7.20
2008.11.17 09:12:09.404,1.77315,1.7737,1.00,8.70
2008.11.17 09:12:10.874,1.77315,1.7737,1.00,6.00
2008.11.17 09:12:11.444,1.77315,1.77365,1.00,1.20
2008.11.17 09:12:12.234,1.77315,1.77369,1.00,1.00
2008.11.17 09:12:12.594,1.77325,1.7737,1.00,6.00
2008.11.17 09:12:12.924,1.77315,1.7737,1.00,7.20
2008.11.17 09:12:19.212,1.77315,1.77355,1.00,1.20
2008.11.17 09:12:19.772,1.7728,1.7734,1.20,1.20
2008.11.17 09:12:20.392,1.7727,1.77355,1.20,1.20
2008.11.17 09:12:20.572,1.77275,1.77345,1.00,1.20
2008.11.17 09:12:20.862,1.7728,1.77345,1.20,1.20
2008.11.17 09:12:21.221,1.7728,1.7734,1.20,1.20
2008.11.17 09:12:21.511,1.7729,1.77345,1.20,1.20
2008.11.17 09:12:24.011,1.77315,1.7738,1.00,7.50
2008.11.17 09:12:24.171,1.77315,1.7738,1.00,6.00
2008.11.17 09:12:24.451,1.7732,1.7738,1.20,6.00
2008.11.17 09:12:24.741,1.7731,1.7738,1.20,6.00
2008.11.17 09:12:25.031,1.7734,1.7737,1.20,6.00
2008.11.17 09:12:26.221,1.7733,1.7737,1.20,6.00
2008.11.17 09:12:26.900,1.77325,1.7737,1.00,6.00
2008.11.17 09:12:28.770,1.7733,1.7737,1.20,6.00
2008.11.17 09:12:29.550,1.77345,1.7737,1.00,6.00
2008.11.17 09:12:30.069,1.7736,1.7737,1.20,6.00
2008.11.17 09:12:30.359,1.7736,1.7744,1.20,1.20
2008.11.17 09:12:30.580,1.77355,1.7744,1.00,1.20
2008.11.17 09:12:30.809,1.7738,1.77449,1.20,1.00
2008.11.17 09:12:31.270,1.7738,1.77455,1.20,12.00
2008.11.17 09:12:32.549,1.7738,1.7744,1.20,13.20
2008.11.17 09:12:33.638,1.7738,1.7744,1.20,12.00
2008.11.17 09:12:34.229,1.7737,1.77435,1.20,1.20
2008.11.17 09:12:36.678,1.7737,1.77439,1.20,1.00
2008.11.17 09:12:36.798,1.7738,1.77439,1.20,1.00
2008.11.17 09:12:36.858,1.7738,1.7744,1.20,13.20
2008.11.17 09:12:37.618,1.7738,1.77439,1.20,1.00
2008.11.17 09:12:37.967,1.7738,1.77435,1.20,1.20
2008.11.17 09:12:41.757,1.7737,1.77425,1.20,1.20
2008.11.17 09:12:42.267,1.7738,1.77435,1.20,1.20
2008.11.17 09:12:42.556,1.7737,1.77429,1.20,1.00
2008.11.17 09:12:42.857,1.7738,1.77429,1.20,1.00
2008.11.17 09:12:43.196,1.7738,1.77435,1.20,1.20
2008.11.17 09:12:43.476,1.7737,1.77425,1.20,1.20
2008.11.17 09:12:43.696,1.7737,1.77429,1.20,1.00
2008.11.17 09:12:43.926,1.77385,1.77434,1.90,1.00
2008.11.17 09:12:44.146,1.774,1.7744,1.20,18.00
2008.11.17 09:12:44.326,1.7738,1.7744,1.00,18.00
2008.11.17 09:12:44.776,1.7738,1.7744,1.80,24.00
2008.11.17 09:12:45.096,1.7738,1.7744,1.20,24.00
2008.11.17 09:12:46.406,1.77355,1.77425,1.00,1.20
2008.11.17 09:12:46.585,1.77335,1.7742,1.90,6.00
2008.11.17 09:12:46.815,1.77335,1.77419,1.90,1.00
2008.11.17 09:12:46.985,1.7734,1.7741,1.20,6.00
2008.11.17 09:12:47.105,1.77335,1.7741,1.90,6.00
2008.11.17 09:12:48.345,1.7734,1.7741,3.10,12.00
2008.11.17 09:12:50.045,1.7735,1.7741,3.10,18.00
2008.11.17 09:12:50.734,1.7735,1.7741,1.20,18.00
2008.11.17 09:12:51.535,1.77355,1.7741,1.90,18.00
2008.11.17 09:12:51.714,1.7737,1.7741,1.20,18.00
2008.11.17 09:12:52.284,1.7736,1.7741,1.20,18.00
2008.11.17 09:12:52.555,1.7735,1.7741,1.00,24.00
2008.11.17 09:12:52.944,1.7735,1.7741,1.90,30.00
2008.11.17 09:12:53.274,1.7736,1.7741,1.20,30.00
2008.11.17 09:12:54.184,1.7734,1.7741,1.00,30.00
2008.11.17 09:12:54.473,1.77355,1.7741,1.00,30.00
2008.11.17 09:12:54.753,1.7735,1.7741,1.00,36.00
2008.11.17 09:12:55.043,1.7735,1.7741,1.00,36.00
2008.11.17 09:12:55.323,1.7733,1.7741,1.00,36.00
2008.11.17 09:12:55.674,1.7734,1.7741,1.00,42.00
2008.11.17 09:12:56.023,1.7734,1.7741,1.00,48.00
2008.11.17 09:12:56.553,1.77385,1.7741,1.20,48.00
2008.11.17 09:12:57.063,1.77365,1.7741,1.20,48.00
2008.11.17 09:12:57.813,1.774,1.7741,1.20,48.00
2008.11.17 09:12:58.113,1.7738,1.7741,1.20,48.00
2008.11.17 09:12:58.523,1.7739,1.7741,1.20,48.00
2008.11.17 09:13:00.852,1.7741,1.77484,1.20,1.00
2008.11.17 09:13:01.192,1.77415,1.77495,1.00,1.20
2008.11.17 09:13:01.312,1.77415,1.77475,1.00,6.00
2008.11.17 09:13:01.942,1.7738,1.77455,1.20,1.20
2008.11.17 09:13:02.402,1.7738,1.7746,1.20,7.50
2008.11.17 09:13:02.682,1.774,1.7745,1.20,6.00
2008.11.17 09:13:03.611,1.77425,1.7745,1.00,6.00
2008.11.17 09:13:03.971,1.774,1.7745,1.20,6.00
2008.11.17 09:13:04.421,1.7741,1.7745,1.20,6.00
2008.11.17 09:13:08.250,1.7743,1.7745,1.20,6.00
2008.11.17 09:13:11.230,1.7745,1.7746,1.20,10.00
2008.11.17 09:13:11.459,1.77435,1.7745,1.00,6.00
2008.11.17 09:13:11.689,1.77445,1.7745,1.00,6.00
2008.11.17 09:13:11.749,1.77435,1.7745,1.00,6.00
2008.11.17 09:13:12.599,1.7744,1.7745,1.20,6.00
2008.11.17 09:13:12.879,1.77435,1.7745,1.00,6.00
2008.11.17 09:13:13.219,1.7744,1.7745,1.20,6.00
2008.11.17 09:13:13.569,1.7743,1.7745,1.20,6.00
2008.11.17 09:13:14.909,1.7744,1.7745,1.20,6.00
2008.11.17 09:13:16.778,1.7743,1.7745,1.20,6.00
2008.11.17 09:13:18.568,1.7743,1.77524,1.20,1.00
2008.11.17 09:13:18.808,1.7745,1.77535,1.20,1.20
2008.11.17 09:13:19.157,1.7745,1.77525,1.20,1.20
2008.11.17 09:13:19.457,1.7743,1.77525,1.20,1.20
2008.11.17 09:13:20.018,1.7743,1.77505,1.20,1.20
2008.11.17 09:13:20.317,1.7743,1.77509,1.20,1.00
2008.11.17 09:13:20.417,1.7743,1.7751,1.20,1.20
2008.11.17 09:13:20.767,1.7743,1.7751,7.20,1.20
2008.11.17 09:13:20.997,1.7743,1.77505,7.20,1.20
2008.11.17 09:13:21.277,1.77435,1.77505,1.00,1.20
2008.11.17 09:13:21.507,1.7743,1.77505,1.20,1.20
2008.11.17 09:13:21.847,1.77435,1.77505,1.00,1.20
2008.11.17 09:13:22.177,1.77435,1.77475,1.00,1.20
2008.11.17 09:13:22.537,1.7743,1.77515,1.20,4.20
2008.11.17 09:13:22.887,1.7745,1.77525,1.20,9.60
2008.11.17 09:13:23.846,1.7744,1.7751,1.20,10.80
2008.11.17 09:13:24.236,1.77435,1.77509,1.90,1.00
2008.11.17 09:13:24.526,1.7743,1.77505,1.90,1.20
2008.11.17 09:13:24.746,1.7745,1.7751,1.20,9.60
2008.11.17 09:13:26.056,1.7746,1.7751,1.20,9.60
2008.11.17 09:13:26.936,1.77425,1.77494,1.00,1.00
2008.11.17 09:13:27.185,1.7743,1.7751,4.20,11.10
2008.11.17 09:13:27.476,1.7744,1.7751,1.20,9.60
2008.11.17 09:13:27.715,1.7745,1.7751,1.20,9.60
2008.11.17 09:13:28.505,1.7746,1.7751,3.10,9.60
2008.11.17 09:13:28.796,1.7747,1.7751,1.20,9.60
2008.11.17 09:13:29.085,1.77475,1.7751,1.00,9.60
2008.11.17 09:13:29.485,1.7748,1.7751,4.20,9.60
2008.11.17 09:13:29.895,1.7748,1.7751,1.80,9.60
2008.11.17 09:13:30.175,1.7747,1.7751,1.90,9.60
2008.11.17 09:13:30.465,1.7747,1.7751,4.20,9.60
2008.11.17 09:13:30.705,1.7747,1.7751,7.20,9.60
2008.11.17 09:13:30.995,1.7747,1.7751,6.00,9.60
2008.11.17 09:13:31.165,1.7747,1.7751,4.90,9.60
2008.11.17 09:13:31.565,1.7747,1.7758,5.80,1.20
2008.11.17 09:13:31.744,1.7748,1.7758,3.60,1.20
2008.11.17 09:13:32.054,1.7748,1.7758,7.00,1.20
2008.11.17 09:13:32.274,1.7748,1.7758,7.60,1.20
2008.11.17 09:13:32.574,1.77505,1.77605,1.00,1.20
2008.11.17 09:13:32.804,1.77505,1.7757,1.00,1.20
2008.11.17 09:13:33.034,1.77495,1.77565,3.00,1.20
2008.11.17 09:13:33.494,1.7751,1.77569,1.20,1.00
2008.11.17 09:13:33.994,1.77505,1.7757,1.00,1.20
2008.11.17 09:13:34.354,1.775,1.77565,3.10,1.20
2008.11.17 09:13:35.164,1.77495,1.7761,1.90,1.90
2008.11.17 09:13:35.284,1.7749,1.7759,3.60,1.20
2008.11.17 09:13:35.404,1.7749,1.77574,1.20,1.00
2008.11.17 09:13:35.794,1.77485,1.77574,2.80,1.00
2008.11.17 09:13:35.963,1.77485,1.77565,1.00,1.20
2008.11.17 09:13:36.434,1.7749,1.77555,2.40,1.20
2008.11.17 09:13:36.663,1.77485,1.77554,3.10,1.00
2008.11.17 09:13:37.063,1.77485,1.77555,2.10,1.20
2008.11.17 09:13:37.423,1.7748,1.77559,3.60,1.00
2008.11.17 09:13:37.873,1.77495,1.77555,1.00,1.20
2008.11.17 09:13:38.303,1.77495,1.77545,1.00,1.20
2008.11.17 09:13:38.633,1.7749,1.77549,3.00,1.00
2008.11.17 09:13:39.033,1.77495,1.77559,1.00,1.00
2008.11.17 09:13:39.322,1.7749,1.77545,3.00,1.20
2008.11.17 09:13:39.653,1.7748,1.77545,3.00,1.20
2008.11.17 09:13:39.992,1.77485,1.77559,1.90,1.00
2008.11.17 09:13:40.323,1.775,1.7757,1.00,1.20
2008.11.17 09:13:40.612,1.77495,1.7756,4.00,1.20
2008.11.17 09:13:40.903,1.77495,1.7757,3.40,1.20
2008.11.17 09:13:41.132,1.77505,1.7757,1.00,1.20
2008.11.17 09:13:41.362,1.77505,1.7756,1.00,1.20
2008.11.17 09:13:41.712,1.775,1.7756,3.00,1.20
2008.11.17 09:13:42.012,1.775,1.7756,1.20,1.20
2008.11.17 09:13:42.412,1.775,1.77555,1.20,1.20
2008.11.17 09:13:42.872,1.775,1.7755,1.20,1.20
2008.11.17 09:13:43.552,1.7749,1.7755,1.20,1.20
2008.11.17 09:13:43.832,1.7749,1.77555,1.20,1.20
2008.11.17 09:13:44.122,1.7749,1.77555,2.20,1.20
2008.11.17 09:13:44.931,1.7749,1.77555,1.20,1.20
2008.11.17 09:13:45.571,1.7749,1.7755,1.20,1.20
2008.11.17 09:13:45.741,1.7749,1.7754,1.20,1.20
2008.11.17 09:13:45.961,1.7748,1.7754,1.90,1.20
2008.11.17 09:13:46.291,1.77475,1.77535,2.10,1.20
2008.11.17 09:13:46.471,1.7748,1.7754,1.20,1.20
2008.11.17 09:13:46.921,1.7749,1.77544,6.00,1.00
2008.11.17 09:13:47.261,1.7749,1.77545,6.00,1.20
2008.11.17 09:13:47.541,1.7749,1.7754,6.00,1.20
2008.11.17 09:13:48.041,1.7749,1.77535,6.00,1.20
2008.11.17 09:13:48.390,1.7748,1.77535,6.00,1.20
2008.11.17 09:13:48.980,1.7748,1.7753,6.00,1.20
2008.11.17 09:13:49.430,1.7748,1.77534,6.00,1.00
2008.11.17 09:13:49.730,1.7746,1.77534,11.50,1.00
2008.11.17 09:13:50.070,1.7747,1.77535,1.20,1.20
2008.11.17 09:13:51.390,1.7746,1.77525,7.20,1.20
2008.11.17 09:13:52.020,1.7746,1.77535,1.20,1.20
2008.11.17 09:13:52.430,1.77465,1.77535,1.00,1.20
2008.11.17 09:13:52.789,1.77485,1.7753,1.00,1.20
2008.11.17 09:13:53.130,1.7745,1.7753,3.10,1.20
2008.11.17 09:13:53.520,1.77455,1.77535,1.00,1.20
2008.11.17 09:13:53.849,1.77455,1.77539,1.00,1.00
2008.11.17 09:13:54.249,1.77465,1.7754,2.10,1.20
2008.11.17 09:13:54.659,1.77465,1.77535,2.10,1.20
2008.11.17 09:13:55.579,1.77465,1.77525,1.00,1.20
2008.11.17 09:13:55.979,1.7745,1.77525,9.60,1.20
2008.11.17 09:13:56.509,1.7745,1.77525,7.20,1.20
2008.11.17 09:13:56.788,1.7745,1.7751,1.20,1.20
2008.11.17 09:13:57.248,1.7745,1.77505,1.20,1.20
2008.11.17 09:13:58.218,1.7744,1.77495,1.20,1.20
2008.11.17 09:13:58.688,1.7744,1.7748,1.20,1.20
2008.11.17 09:13:58.868,1.7744,1.77485,1.20,1.20
2008.11.17 09:13:59.148,1.77405,1.77479,3.00,1.00
2008.11.17 09:13:59.368,1.774,1.7748,6.00,1.20
2008.11.17 09:13:59.598,1.774,1.77475,6.00,1.20
2008.11.17 09:14:00.128,1.7739,1.77479,1.20,1.00
2008.11.17 09:14:00.528,1.77395,1.77455,3.00,1.20
2008.11.17 09:14:00.768,1.7739,1.77455,4.80,1.20
2008.11.17 09:14:00.988,1.7739,1.77454,5.70,1.00
2008.11.17 09:14:01.338,1.77415,1.7749,1.00,1.50
2008.11.17 09:14:01.617,1.7739,1.77454,4.00,1.00
2008.11.17 09:14:01.978,1.7742,1.77465,1.20,1.20
2008.11.17 09:14:02.277,1.7742,1.7745,1.20,1.20
2008.11.17 09:14:02.617,1.77355,1.7744,1.20,1.20
2008.11.17 09:14:03.018,1.77375,1.77425,1.20,1.20
2008.11.17 09:14:03.647,1.7735,1.77425,1.20,1.20
2008.11.17 09:14:04.027,1.7735,1.7742,1.20,1.20
2008.11.17 09:14:04.647,1.7735,1.77425,1.20,1.20
2008.11.17 09:14:04.926,1.7736,1.7743,1.20,1.20
2008.11.17 09:14:05.676,1.7737,1.7743,1.20,1.20
2008.11.17 09:14:05.957,1.7737,1.7743,1.20,7.20
2008.11.17 09:14:06.177,1.7736,1.7743,1.20,7.50
2008.11.17 09:14:06.516,1.7736,1.7742,1.20,1.20
2008.11.17 09:14:06.696,1.7735,1.77409,1.20,1.00
2008.11.17 09:14:07.096,1.7734,1.7741,1.20,1.50
2008.11.17 09:14:07.436,1.7733,1.774,1.00,1.50
2008.11.17 09:14:07.836,1.7734,1.7741,1.20,10.00
2008.11.17 09:14:08.176,1.7734,1.7741,1.20,6.00
2008.11.17 09:14:08.446,1.7733,1.774,1.90,1.50
2008.11.17 09:14:08.745,1.7733,1.774,1.20,1.50
2008.11.17 09:14:09.096,1.7734,1.7741,1.20,6.00
2008.11.17 09:14:09.586,1.7734,1.7741,1.20,7.20
2008.11.17 09:14:10.206,1.7733,1.77405,1.20,1.20
2008.11.17 09:14:10.555,1.7732,1.774,1.20,1.50
2008.11.17 09:14:10.955,1.7731,1.7739,1.20,1.50
2008.11.17 09:14:11.305,1.77325,1.7739,1.00,1.50
2008.11.17 09:14:11.645,1.7732,1.774,1.20,1.50
2008.11.17 09:14:11.885,1.7734,1.77405,1.20,1.20
2008.11.17 09:14:12.175,1.7731,1.77405,3.10,1.20
2008.11.17 09:14:12.395,1.7731,1.77405,1.20,1.20
2008.11.17 09:14:12.665,1.77315,1.7741,3.00,12.00
2008.11.17 09:14:12.905,1.7732,1.7741,1.00,12.00
2008.11.17 09:14:13.424,1.77325,1.7741,2.80,12.00
2008.11.17 09:14:13.704,1.7734,1.7741,1.20,12.00
2008.11.17 09:14:13.934,1.7733,1.7741,3.10,12.00
2008.11.17 09:14:14.114,1.77335,1.7741,1.00,12.00
2008.11.17 09:14:14.404,1.77335,1.7741,1.00,12.00
2008.11.17 09:14:14.694,1.7734,1.7741,1.20,12.00
2008.11.17 09:14:15.044,1.7735,1.7741,1.00,12.00
2008.11.17 09:14:15.394,1.7734,1.7741,1.90,12.00
2008.11.17 09:14:15.804,1.7735,1.7741,1.20,12.00
2008.11.17 09:14:16.324,1.7734,1.7741,1.20,12.00
2008.11.17 09:14:16.724,1.77335,1.7741,1.00,12.00
2008.11.17 09:14:16.944,1.77335,1.7741,1.00,12.00
2008.11.17 09:14:17.174,1.77325,1.7741,2.80,12.00
2008.11.17 09:14:17.523,1.7733,1.7741,1.20,12.00
2008.11.17 09:14:18.163,1.7733,1.7741,1.90,12.00
2008.11.17 09:14:18.503,1.7733,1.7741,1.20,12.00
2008.11.17 09:14:19.123,1.7733,1.7741,2.20,12.00
2008.11.17 09:14:19.414,1.77335,1.7741,1.00,12.00
2008.11.17 09:14:19.653,1.7733,1.7741,1.20,12.00
2008.11.17 09:14:20.163,1.7733,1.7741,2.20,12.00
2008.11.17 09:14:20.403,1.7734,1.7741,1.20,12.00
2008.11.17 09:14:20.803,1.77345,1.7741,1.00,12.00
2008.11.17 09:14:21.213,1.7734,1.7741,1.20,12.00
2008.11.17 09:14:22.023,1.77345,1.7741,1.00,12.00
2008.11.17 09:14:22.202,1.7734,1.7741,2.20,12.00
2008.11.17 09:14:22.492,1.7734,1.7741,1.00,12.00
2008.11.17 09:14:22.852,1.77335,1.7741,1.00,13.50
2008.11.17 09:14:23.142,1.7733,1.7741,2.20,14.70
2008.11.17 09:14:23.422,1.77335,1.7741,1.00,13.50
2008.11.17 09:14:23.712,1.7735,1.77404,1.00,1.00
2008.11.17 09:14:24.042,1.77345,1.77404,1.00,1.00
2008.11.17 09:14:24.912,1.77345,1.7741,1.00,13.50
2008.11.17 09:14:25.542,1.7733,1.7741,1.20,13.50
2008.11.17 09:14:26.121,1.7733,1.7741,1.90,13.50
2008.11.17 09:14:26.341,1.7733,1.7741,3.00,12.00
2008.11.17 09:14:26.801,1.7733,1.7741,2.20,12.00
2008.11.17 09:14:27.091,1.7733,1.7741,1.20,12.00
2008.11.17 09:14:28.111,1.7733,1.7741,1.20,18.00
2008.11.17 09:14:28.451,1.7732,1.7739,1.20,1.20
2008.11.17 09:14:28.821,1.7731,1.7739,1.20,6.00
2008.11.17 09:14:29.571,1.7732,1.7739,1.20,6.00
2008.11.17 09:14:29.920,1.7732,1.7739,1.20,7.50
2008.11.17 09:14:31.480,1.77335,1.7739,1.00,7.50
2008.11.17 09:14:31.770,1.7732,1.7737,1.20,6.00
2008.11.17 09:14:32.050,1.7732,1.7736,1.20,6.00
2008.11.17 09:14:32.380,1.773,1.7736,1.20,6.00
2008.11.17 09:14:32.730,1.773,1.7736,1.20,6.00
2008.11.17 09:14:33.070,1.773,1.7736,1.20,12.00
2008.11.17 09:14:33.360,1.773,1.7736,1.90,12.00
2008.11.17 09:14:33.699,1.7729,1.7735,1.20,6.00
2008.11.17 09:14:34.429,1.773,1.7735,1.20,6.00
2008.11.17 09:14:34.820,1.7729,1.7735,1.20,6.00
2008.11.17 09:14:35.209,1.77295,1.7735,1.00,6.00
2008.11.17 09:14:35.659,1.7729,1.7735,3.10,6.00
2008.11.17 09:14:35.949,1.7729,1.7735,1.20,6.00
2008.11.17 09:14:37.109,1.7728,1.7735,3.10,6.00
2008.11.17 09:14:37.389,1.7728,1.7735,1.20,6.00
2008.11.17 09:14:37.719,1.7728,1.7735,1.90,6.00
2008.11.17 09:14:37.949,1.7728,1.7735,1.20,6.00
2008.11.17 09:14:39.738,1.7728,1.7735,1.20,7.50
2008.11.17 09:14:40.438,1.7728,1.7733,1.20,1.20
2008.11.17 09:14:40.558,1.77265,1.77314,1.00,1.00
2008.11.17 09:14:41.618,1.7725,1.7732,1.20,2.70
2008.11.17 09:14:41.788,1.7725,1.7732,1.20,1.50
2008.11.17 09:14:42.357,1.7725,1.7732,1.20,2.70
2008.11.17 09:14:42.717,1.77265,1.77335,1.00,2.40
2008.11.17 09:14:43.137,1.7727,1.7734,1.20,12.00
2008.11.17 09:14:43.497,1.77285,1.7734,1.00,12.00
2008.11.17 09:14:44.277,1.77285,1.7734,1.00,12.00
2008.11.17 09:14:45.037,1.77305,1.7734,1.00,12.00
2008.11.17 09:14:45.307,1.7731,1.7734,1.90,12.00
2008.11.17 09:14:45.907,1.7731,1.7734,1.20,12.00
2008.11.17 09:14:45.957,1.77305,1.7734,1.00,12.00
2008.11.17 09:14:47.276,1.773,1.7734,2.10,12.00
2008.11.17 09:14:47.386,1.773,1.7734,1.90,12.00
2008.11.17 09:14:49.566,1.77305,1.7734,1.00,12.00
2008.11.17 09:14:49.786,1.7731,1.7734,1.90,12.00
2008.11.17 09:14:50.726,1.7731,1.7734,1.20,12.00
2008.11.17 09:14:50.955,1.77315,1.7734,1.00,12.00
2008.11.17 09:14:51.235,1.77315,1.7734,1.00,12.00
2008.11.17 09:14:51.645,1.7732,1.7734,1.00,12.00
2008.11.17 09:14:51.825,1.7732,1.7734,1.90,12.00
2008.11.17 09:14:52.445,1.7732,1.7734,1.20,12.00
2008.11.17 09:14:52.675,1.77315,1.7734,1.00,12.00
2008.11.17 09:14:53.485,1.7732,1.7734,1.20,12.00
2008.11.17 09:14:54.715,1.7733,1.7734,1.90,12.00
2008.11.17 09:14:55.175,1.7734,1.7736,1.20,20.00
2008.11.17 09:14:55.414,1.7734,1.7736,1.90,20.00
2008.11.17 09:14:55.705,1.7734,1.7736,1.90,12.00
2008.11.17 09:14:55.814,1.7735,1.7736,1.20,12.00
2008.11.17 09:14:55.994,1.7735,1.7746,1.20,2.70
2008.11.17 09:14:56.784,1.77345,1.7745,1.00,1.50
2008.11.17 09:14:57.024,1.77345,1.77424,1.00,1.00
2008.11.17 09:14:57.354,1.7735,1.7742,1.20,1.50
2008.11.17 09:14:58.124,1.7735,1.7743,1.20,1.50
2008.11.17 09:14:58.414,1.7735,1.7743,1.20,1.20
2008.11.17 09:14:58.804,1.7735,1.7742,1.20,1.50
2008.11.17 09:14:59.383,1.7735,1.77434,1.00,1.00
2008.11.17 09:14:59.733,1.77345,1.7741,1.00,1.50
2008.11.17 09:15:00.143,1.77335,1.77404,1.00,1.00
2008.11.17 09:15:00.913,1.7732,1.7739,1.20,1.50
2008.11.17 09:15:01.523,1.7734,1.7739,1.00,1.50
2008.11.17 09:15:01.753,1.7734,1.7743,1.00,1.00
2008.11.17 09:15:01.973,1.7735,1.7743,1.00,1.00
2008.11.17 09:15:02.263,1.7735,1.77444,1.00,1.00
2008.11.17 09:15:02.543,1.77345,1.77444,1.00,1.00
2008.11.17 09:15:02.703,1.77345,1.77444,1.00,1.00
2008.11.17 09:15:02.983,1.7735,1.77434,1.00,1.00
2008.11.17 09:15:03.272,1.77345,1.77425,1.00,1.00
2008.11.17 09:15:03.792,1.7736,1.77435,1.00,2.80
2008.11.17 09:15:04.312,1.7738,1.7744,1.20,6.00
2008.11.17 09:15:04.952,1.7739,1.7744,1.20,6.00
2008.11.17 09:15:05.652,1.774,1.7744,1.90,6.00
2008.11.17 09:15:05.882,1.7741,1.7744,1.20,6.00
2008.11.17 09:15:06.282,1.7741,1.7744,1.20,6.00
2008.11.17 09:15:06.572,1.7741,1.7744,1.20,6.00
2008.11.17 09:15:06.921,1.7741,1.7744,1.00,6.00
2008.11.17 09:15:07.161,1.7742,1.7744,1.20,6.00
2008.11.17 09:15:08.751,1.7742,1.7744,1.90,6.00
2008.11.17 09:15:09.051,1.77425,1.7744,1.00,6.00
2008.11.17 09:15:09.341,1.7742,1.7744,2.10,6.00
2008.11.17 09:15:09.641,1.7742,1.7744,1.90,6.00
2008.11.17 09:15:09.991,1.77425,1.7744,1.00,6.00
2008.11.17 09:15:10.411,1.7742,1.77525,1.00,1.50
2008.11.17 09:15:11.040,1.7741,1.7751,4.00,1.20
2008.11.17 09:15:11.330,1.7742,1.77514,1.90,1.00
2008.11.17 09:15:11.560,1.7742,1.7751,1.90,1.00
2008.11.17 09:15:12.580,1.7741,1.77505,1.90,1.20
2008.11.17 09:15:12.860,1.7741,1.77505,4.90,1.20
2008.11.17 09:15:13.160,1.7741,1.77505,1.90,1.20
2008.11.17 09:15:14.260,1.7742,1.7751,1.00,3.10
2008.11.17 09:15:14.710,1.77415,1.7749,1.00,1.20
2008.11.17 09:15:15.100,1.774,1.7748,3.10,1.50
2008.11.17 09:15:15.909,1.7741,1.7749,1.20,2.70
2008.11.17 09:15:16.190,1.774,1.7748,3.10,1.50
2008.11.17 09:15:16.539,1.774,1.7748,1.20,1.50
2008.11.17 09:15:16.819,1.774,1.77474,1.20,1.00
2008.11.17 09:15:17.169,1.7741,1.77474,1.20,1.00
2008.11.17 09:15:17.469,1.7741,1.7748,1.20,1.50
2008.11.17 09:15:17.919,1.7741,1.7749,1.20,2.70
2008.11.17 09:15:18.139,1.7741,1.77485,1.20,1.20
2008.11.17 09:15:18.419,1.7742,1.77505,1.20,1.20
2008.11.17 09:15:18.709,1.7743,1.77505,1.20,1.20
2008.11.17 09:15:18.939,1.7743,1.7751,1.20,1.50
2008.11.17 09:15:19.629,1.7744,1.7751,1.20,1.50
2008.11.17 09:15:19.988,1.7743,1.775,1.20,1.50
2008.11.17 09:15:21.718,1.7742,1.775,1.20,1.50
2008.11.17 09:15:21.768,1.7742,1.775,1.20,2.70
2008.11.17 09:15:23.787,1.7742,1.775,1.20,3.10
2008.11.17 09:15:24.137,1.7743,1.775,1.20,1.90
2008.11.17 09:15:24.408,1.7742,1.7749,1.20,1.50
2008.11.17 09:15:25.167,1.77415,1.7748,1.00,1.50
2008.11.17 09:15:26.627,1.7742,1.7749,1.20,2.70
2008.11.17 09:15:26.867,1.7742,1.7749,1.20,1.50
2008.11.17 09:15:27.377,1.7743,1.77495,1.20,1.20
2008.11.17 09:15:27.677,1.7743,1.7749,1.20,1.20
2008.11.17 09:15:28.036,1.77415,1.7748,1.00,1.50
2008.11.17 09:15:28.677,1.77415,1.7747,1.00,1.50
2008.11.17 09:15:29.027,1.774,1.7747,1.20,2.70
2008.11.17 09:15:29.616,1.774,1.7747,1.20,1.50
2008.11.17 09:15:29.966,1.77405,1.77464,1.00,1.00
2008.11.17 09:15:30.306,1.7741,1.7747,1.20,1.50
2008.11.17 09:15:30.606,1.7741,1.7748,1.20,2.70
2008.11.17 09:15:30.786,1.77405,1.7747,1.00,2.70
2008.11.17 09:15:30.906,1.77405,1.77464,1.00,1.00
2008.11.17 09:15:31.246,1.7741,1.77464,1.20,1.00
2008.11.17 09:15:31.356,1.7741,1.7748,1.20,1.50
2008.11.17 09:15:31.805,1.7742,1.7749,1.20,2.70
2008.11.17 09:15:32.087,1.7741,1.7748,1.20,2.70
2008.11.17 09:15:32.366,1.7741,1.7748,1.20,1.50
2008.11.17 09:15:32.826,1.77425,1.7747,1.00,2.70
2008.11.17 09:15:33.165,1.7739,1.77444,1.20,1.00
2008.11.17 09:15:33.455,1.77395,1.77474,1.00,1.00
2008.11.17 09:15:34.156,1.77405,1.7748,1.00,2.70
2008.11.17 09:15:34.505,1.7741,1.77465,1.20,1.20
2008.11.17 09:15:34.915,1.774,1.77465,1.20,1.20
2008.11.17 09:15:35.215,1.774,1.77454,1.20,1.00
2008.11.17 09:15:35.515,1.77405,1.77469,1.00,1.00
2008.11.17 09:15:35.865,1.7741,1.77475,1.20,1.20
2008.11.17 09:15:36.034,1.7741,1.7747,1.20,1.20
2008.11.17 09:15:36.255,1.77405,1.77464,1.00,1.00
2008.11.17 09:15:36.754,1.77405,1.77445,1.00,1.20
2008.11.17 09:15:36.974,1.7736,1.7744,1.20,1.20
2008.11.17 09:15:37.194,1.77385,1.77445,1.00,1.20
2008.11.17 09:15:37.364,1.77385,1.77454,1.00,1.00
2008.11.17 09:15:37.754,1.77365,1.7744,1.00,2.70
2008.11.17 09:15:38.344,1.77375,1.7743,1.00,1.50
2008.11.17 09:15:38.744,1.7736,1.7743,6.00,4.00
2008.11.17 09:15:39.164,1.7738,1.7743,1.20,1.20
2008.11.17 09:15:39.634,1.77375,1.7744,1.00,2.70
2008.11.17 09:15:40.323,1.77375,1.77434,1.00,1.00
2008.11.17 09:15:41.003,1.77365,1.77424,1.00,1.00
2008.11.17 09:15:41.633,1.77365,1.7742,1.00,1.20
2008.11.17 09:15:41.923,1.77365,1.77414,1.00,1.00
2008.11.17 09:15:42.383,1.77365,1.7743,1.00,1.50
2008.11.17 09:15:42.613,1.7737,1.77435,1.20,1.20
2008.11.17 09:15:42.953,1.7737,1.77415,1.20,1.20
2008.11.17 09:15:43.233,1.7733,1.7742,3.10,2.40
2008.11.17 09:15:44.133,1.7732,1.77405,10.80,1.20
2008.11.17 09:15:44.473,1.7733,1.77405,7.20,1.20
2008.11.17 09:15:45.222,1.7733,1.77395,1.20,1.20
2008.11.17 09:15:45.863,1.7733,1.7739,1.20,2.70
2008.11.17 09:15:46.722,1.7733,1.7739,1.20,1.50
2008.11.17 09:15:46.843,1.7734,1.7741,1.20,2.70
2008.11.17 09:15:46.952,1.7734,1.77389,1.20,1.00
2008.11.17 09:15:47.122,1.7734,1.77385,1.20,1.20
2008.11.17 09:15:47.232,1.77305,1.77389,4.00,1.00
2008.11.17 09:15:47.532,1.773,1.77395,7.20,1.20
2008.11.17 09:15:47.822,1.773,1.7739,1.20,1.20
2008.11.17 09:15:48.172,1.773,1.77389,1.90,1.00
2008.11.17 09:15:48.552,1.7733,1.774,1.20,1.20
2008.11.17 09:15:48.911,1.7733,1.77404,1.20,1.00
2008.11.17 09:15:49.251,1.7733,1.77405,1.20,1.20
2008.11.17 09:15:49.722,1.7732,1.77379,6.00,1.00
2008.11.17 09:15:50.121,1.773,1.7738,1.20,1.20
2008.11.17 09:15:50.511,1.773,1.77375,1.20,2.80
2008.11.17 09:15:50.851,1.773,1.7738,1.20,1.50
2008.11.17 09:15:51.031,1.7731,1.77389,1.20,1.00
2008.11.17 09:15:51.331,1.7731,1.7739,1.20,2.70
2008.11.17 09:15:51.781,1.7732,1.77385,1.20,1.20
2008.11.17 09:15:52.141,1.7732,1.77389,1.20,1.00
2008.11.17 09:15:52.311,1.7734,1.77405,1.20,1.20
2008.11.17 09:15:52.540,1.7734,1.7741,1.20,1.20
2008.11.17 09:15:52.951,1.77305,1.77389,2.40,1.00
2008.11.17 09:15:53.360,1.773,1.7739,3.10,2.70
2008.11.17 09:15:53.810,1.773,1.7739,1.20,2.70
2008.11.17 09:16:01.518,1.7731,1.77385,1.20,1.20
2008.11.17 09:16:01.758,1.773,1.7737,4.20,1.50
2008.11.17 09:16:01.988,1.7731,1.77365,1.20,1.20
2008.11.17 09:16:02.668,1.77315,1.77365,1.00,1.20
2008.11.17 09:16:04.208,1.77315,1.7736,1.00,1.20
2008.11.17 09:16:04.548,1.7728,1.77355,7.20,1.20
2008.11.17 09:16:04.938,1.77295,1.77355,1.00,1.20
2008.11.17 09:16:06.208,1.77295,1.7735,1.00,1.20
2008.11.17 09:16:07.807,1.77295,1.77354,1.00,1.00
2008.11.17 09:16:08.087,1.773,1.77355,1.20,1.20
2008.11.17 09:16:09.706,1.77305,1.7736,1.00,1.20
2008.11.17 09:16:11.386,1.7731,1.7736,1.20,1.20
2008.11.17 09:16:11.676,1.77315,1.7737,1.00,1.20
2008.11.17 09:16:11.966,1.77305,1.7736,1.00,1.20
2008.11.17 09:16:13.016,1.77305,1.77364,1.00,1.00
2008.11.17 09:16:13.376,1.7731,1.7737,1.20,1.20
2008.11.17 09:16:14.235,1.7731,1.77365,1.20,1.20
2008.11.17 09:16:14.456,1.773,1.77365,1.20,1.20
2008.11.17 09:16:14.745,1.77295,1.77364,1.90,1.00
2008.11.17 09:16:15.225,1.7729,1.7736,1.90,1.20
2008.11.17 09:16:15.575,1.7729,1.7736,1.20,1.20
2008.11.17 09:16:16.395,1.7729,1.77355,1.20,1.20
2008.11.17 09:16:16.685,1.7729,1.7735,1.20,1.20
2008.11.17 09:16:18.044,1.7729,1.7734,1.20,1.20
2008.11.17 09:16:18.324,1.77255,1.7733,3.00,1.20
2008.11.17 09:16:18.665,1.7725,1.7733,1.20,1.20
2008.11.17 09:16:19.574,1.77275,1.77345,1.00,1.20
2008.11.17 09:16:19.854,1.7728,1.77345,1.20,1.20
2008.11.17 09:16:20.964,1.7728,1.7732,1.20,1.20
2008.11.17 09:16:21.234,1.77225,1.7731,6.00,1.20
2008.11.17 09:16:21.464,1.77225,1.7731,1.20,1.20
2008.11.17 09:16:22.213,1.77245,1.77314,1.20,1.00
2008.11.17 09:16:22.504,1.7724,1.77305,1.20,1.20
2008.11.17 09:16:23.253,1.7724,1.77295,1.20,1.20
2008.11.17 09:16:23.653,1.7724,1.77309,1.20,1.00
2008.11.17 09:16:23.933,1.77245,1.77305,1.00,1.20
2008.11.17 09:16:24.213,1.7724,1.77305,1.20,1.20
2008.11.17 09:16:25.183,1.7724,1.77309,1.20,1.00
2008.11.17 09:16:25.353,1.7725,1.7731,1.20,1.20
2008.11.17 09:16:25.633,1.77245,1.773,1.00,1.20
2008.11.17 09:16:25.813,1.77255,1.77304,1.00,1.00
2008.11.17 09:16:26.053,1.77265,1.77314,1.00,1.00
2008.11.17 09:16:26.403,1.77265,1.7732,1.00,1.20
2008.11.17 09:16:27.082,1.77265,1.773,1.00,1.20
2008.11.17 09:16:27.302,1.7723,1.773,1.20,1.20
2008.11.17 09:16:27.532,1.77235,1.773,1.00,1.20
2008.11.17 09:16:27.832,1.77235,1.77304,1.00,1.00
2008.11.17 09:16:28.062,1.7724,1.77304,1.20,1.00
2008.11.17 09:16:28.282,1.77245,1.77314,1.00,1.00
2008.11.17 09:16:28.692,1.77265,1.77315,1.00,1.20
2008.11.17 09:16:31.331,1.77265,1.7731,1.00,1.20
2008.11.17 09:16:31.511,1.77255,1.7731,1.00,1.20
2008.11.17 09:16:31.851,1.77265,1.7731,1.00,1.20
2008.11.17 09:16:32.151,1.77265,1.77314,1.00,1.00
2008.11.17 09:16:32.381,1.77265,1.77315,1.00,1.20
2008.11.17 09:16:32.841,1.7725,1.7731,1.20,1.20
2008.11.17 09:16:36.160,1.7725,1.773,1.20,1.20
2008.11.17 09:16:36.280,1.7724,1.773,1.20,1.20
2008.11.17 09:16:36.700,1.7725,1.773,1.20,1.20
2008.11.17 09:16:37.090,1.7725,1.7731,1.20,1.20
2008.11.17 09:16:38.140,1.7725,1.77295,1.20,1.20
2008.11.17 09:16:38.590,1.77245,1.77295,1.00,1.20
2008.11.17 09:16:38.939,1.7724,1.77305,1.20,1.20
2008.11.17 09:16:39.779,1.7724,1.77309,1.20,1.00
2008.11.17 09:16:40.059,1.77245,1.7731,1.00,1.50
2008.11.17 09:16:40.449,1.7724,1.7731,1.20,2.70
2008.11.17 09:16:41.009,1.7724,1.77305,1.20,1.20
2008.11.17 09:16:41.469,1.77245,1.7731,1.00,1.50
2008.11.17 09:16:41.699,1.7725,1.77315,1.20,1.20
2008.11.17 09:16:43.009,1.7725,1.77305,1.20,1.20
2008.11.17 09:16:43.288,1.7724,1.77305,1.20,1.20
2008.11.17 09:16:47.107,1.7724,1.77309,1.20,1.00
2008.11.17 09:16:47.507,1.7725,1.7731,1.20,1.20
2008.11.17 09:16:48.537,1.7725,1.77295,1.20,1.20
2008.11.17 09:16:48.827,1.77205,1.77284,1.00,1.00
2008.11.17 09:16:49.187,1.7719,1.7728,3.00,2.70
2008.11.17 09:16:49.587,1.7718,1.7726,1.20,1.20
2008.11.17 09:16:49.967,1.77195,1.7725,1.00,1.50
2008.11.17 09:16:50.356,1.77185,1.7725,2.10,1.50
2008.11.17 09:16:50.687,1.772,1.7726,1.00,1.50
2008.11.17 09:16:50.976,1.7722,1.77275,3.10,1.20
2008.11.17 09:16:51.327,1.7722,1.7728,1.90,2.70
2008.11.17 09:16:51.657,1.77215,1.7728,1.90,2.70
2008.11.17 09:16:51.886,1.77215,1.77285,1.90,1.20
2008.11.17 09:16:52.296,1.7721,1.77285,1.20,1.20
2008.11.17 09:16:52.646,1.77205,1.7728,1.90,1.20
2008.11.17 09:16:52.976,1.7722,1.77285,1.20,1.20
2008.11.17 09:16:53.406,1.7722,1.7728,1.20,1.20
2008.11.17 09:16:53.736,1.7721,1.77265,1.20,1.20
2008.11.17 09:16:54.076,1.7721,1.77255,1.20,1.20
2008.11.17 09:16:54.426,1.772,1.77259,1.20,1.00
2008.11.17 09:16:54.846,1.772,1.7727,1.20,1.20
2008.11.17 09:16:55.245,1.77195,1.7725,1.00,1.20
2008.11.17 09:16:55.535,1.7721,1.77254,1.20,1.00
2008.11.17 09:16:55.825,1.7721,1.7726,1.20,1.20
2008.11.17 09:16:56.055,1.7721,1.7725,1.20,1.20
2008.11.17 09:16:56.355,1.7717,1.7725,1.20,1.20
2008.11.17 09:16:56.645,1.7718,1.7725,1.20,1.20
2008.11.17 09:16:56.995,1.7718,1.77259,1.20,1.00
2008.11.17 09:16:57.295,1.77195,1.7726,1.00,1.50
2008.11.17 09:16:57.515,1.77195,1.7726,3.00,1.50
2008.11.17 09:16:57.815,1.7719,1.7726,1.20,1.50
2008.11.17 09:16:58.095,1.7721,1.7726,1.20,1.20
2008.11.17 09:16:58.445,1.7719,1.7726,1.20,1.20
2008.11.17 09:16:58.684,1.7719,1.77264,1.20,1.00
2008.11.17 09:16:59.085,1.77185,1.77275,1.00,1.20
2008.11.17 09:16:59.434,1.7721,1.77275,1.20,1.20
2008.11.17 09:17:00.344,1.7723,1.7728,1.20,6.00
2008.11.17 09:17:00.665,1.7721,1.7728,1.20,6.00
2008.11.17 09:17:01.254,1.77205,1.7728,1.00,6.00
2008.11.17 09:17:01.554,1.7722,1.7728,1.90,6.00
2008.11.17 09:17:01.774,1.7723,1.7728,1.20,6.00
2008.11.17 09:17:02.524,1.7721,1.7728,6.30,6.00
2008.11.17 09:17:02.804,1.7721,1.7728,4.90,7.20
2008.11.17 09:17:03.213,1.772,1.77265,1.20,1.20
2008.11.17 09:17:03.614,1.7719,1.77265,1.20,1.20
2008.11.17 09:17:05.623,1.7719,1.77259,1.20,1.00
2008.11.17 09:17:06.033,1.772,1.7727,1.20,2.70
2008.11.17 09:17:06.204,1.772,1.7725,1.20,1.20
2008.11.17 09:17:06.503,1.7719,1.7725,1.20,1.20
2008.11.17 09:17:07.333,1.77205,1.77254,1.00,1.00
2008.11.17 09:17:07.662,1.7723,1.7729,1.20,12.00
2008.11.17 09:17:08.312,1.7724,1.7729,1.20,12.00
2008.11.17 09:17:08.892,1.77235,1.7728,1.00,12.00
2008.11.17 09:17:09.182,1.7725,1.7728,1.20,12.00
2008.11.17 09:17:09.802,1.7724,1.7728,1.20,12.00
2008.11.17 09:17:11.621,1.7723,1.7728,1.20,12.00
2008.11.17 09:17:11.922,1.7725,1.7728,1.20,12.00
2008.11.17 09:17:12.541,1.7724,1.7728,2.40,12.00
2008.11.17 09:17:12.941,1.7723,1.7728,1.20,12.00
2008.11.17 09:17:13.611,1.7723,1.7728,1.20,12.00
2008.11.17 09:17:15.581,1.7723,1.7728,1.20,13.20
2008.11.17 09:17:15.801,1.77225,1.7728,1.00,13.20
2008.11.17 09:17:20.869,1.7719,1.7727,1.20,1.20
2008.11.17 09:17:21.089,1.7719,1.77265,1.20,1.20
2008.11.17 09:17:21.379,1.7719,1.77255,1.20,1.20
2008.11.17 09:17:21.659,1.77185,1.77259,1.00,1.00
2008.11.17 09:17:22.009,1.7722,1.77265,1.00,1.20
2008.11.17 09:17:22.289,1.7718,1.7726,1.00,1.20
2008.11.17 09:17:22.589,1.7719,1.7726,1.00,1.50
2008.11.17 09:17:22.939,1.77185,1.7726,1.20,1.50
2008.11.17 09:17:23.469,1.77205,1.77269,1.00,1.00
2008.11.17 09:17:23.819,1.77215,1.77275,1.00,1.20
2008.11.17 09:17:24.228,1.77235,1.7728,1.00,13.50
2008.11.17 09:17:24.499,1.77235,1.7728,1.00,12.00
2008.11.17 09:17:24.838,1.7722,1.7728,4.20,12.00
2008.11.17 09:17:25.248,1.7724,1.7727,1.20,1.20
2008.11.17 09:17:25.649,1.77245,1.7728,1.00,12.00
2008.11.17 09:17:26.058,1.77245,1.7728,1.00,13.50
2008.11.17 09:17:26.358,1.77255,1.7728,1.00,13.50
2008.11.17 09:17:26.658,1.77235,1.7728,3.00,12.00
2008.11.17 09:17:26.879,1.7724,1.7728,1.20,12.00
2008.11.17 09:17:27.508,1.7726,1.7728,1.20,12.00
2008.11.17 09:17:27.738,1.7725,1.7728,1.20,12.00
2008.11.17 09:17:28.208,1.7724,1.77275,1.20,1.20
2008.11.17 09:17:28.547,1.7724,1.7728,1.20,13.20
2008.11.17 09:17:28.898,1.7724,1.7728,1.20,12.00
2008.11.17 09:17:29.237,1.7722,1.7728,1.20,12.00
2008.11.17 09:17:29.477,1.7723,1.7728,1.20,12.00
2008.11.17 09:17:29.767,1.7724,1.7728,1.20,12.00
2008.11.17 09:17:30.107,1.77235,1.7728,1.00,12.00
2008.11.17 09:17:30.827,1.7724,1.7728,1.20,12.00
2008.11.17 09:17:31.687,1.7724,1.7728,1.20,13.20
2008.11.17 09:17:32.087,1.7724,1.7728,1.20,12.00
2008.11.17 09:17:32.367,1.77235,1.7728,1.00,13.20
2008.11.17 09:17:32.886,1.77245,1.7728,1.00,12.00
2008.11.17 09:17:34.666,1.77245,1.7728,1.00,13.20
2008.11.17 09:17:34.846,1.7724,1.7728,1.20,13.20
2008.11.17 09:17:35.116,1.7725,1.7728,1.20,12.00
2008.11.17 09:17:35.286,1.7726,1.7728,1.20,12.00
2008.11.17 09:17:35.636,1.7726,1.7728,3.10,12.00
2008.11.17 09:17:36.896,1.77265,1.7728,1.90,12.00
2008.11.17 09:17:37.066,1.77265,1.7728,2.10,12.00
2008.11.17 09:17:37.355,1.7727,1.7728,1.20,12.00
2008.11.17 09:17:37.635,1.7726,1.7728,1.20,12.00
2008.11.17 09:17:40.115,1.7724,1.7728,4.20,12.00
2008.11.17 09:17:40.525,1.7724,1.7728,1.20,12.00
2008.11.17 09:17:40.815,1.7724,1.7728,3.10,12.00
2008.11.17 09:17:43.154,1.77245,1.7728,1.90,12.00
2008.11.17 09:17:43.554,1.7724,1.773,3.10,1.20
2008.11.17 09:17:45.133,1.77265,1.7734,3.10,1.20
2008.11.17 09:17:45.593,1.7725,1.7733,4.90,1.20
2008.11.17 09:17:45.884,1.7726,1.77345,1.90,1.20
2008.11.17 09:17:46.233,1.77275,1.77339,1.90,1.00
2008.11.17 09:17:46.513,1.77275,1.77344,1.90,1.00
2008.11.17 09:17:46.683,1.77275,1.7735,1.90,1.20
2008.11.17 09:17:46.963,1.77275,1.7735,3.00,1.20
2008.11.17 09:17:47.143,1.7729,1.77354,1.20,1.00
2008.11.17 09:17:47.373,1.7729,1.7736,1.20,1.20
2008.11.17 09:17:47.603,1.7729,1.7736,3.60,1.20
2008.11.17 09:17:47.833,1.7729,1.77335,3.00,1.20
2008.11.17 09:17:48.183,1.7729,1.7732,2.40,1.20
2008.11.17 09:17:48.523,1.7727,1.77315,6.00,1.20
2008.11.17 09:17:48.852,1.7727,1.77285,6.00,1.20
2008.11.17 09:17:49.242,1.7727,1.77305,6.00,1.20
2008.11.17 09:17:49.692,1.7727,1.77315,6.00,1.20
2008.11.17 09:17:50.432,1.7727,1.77285,6.00,1.20
2008.11.17 09:17:51.122,1.7727,1.77295,6.00,1.20
2008.11.17 09:17:51.982,1.7727,1.77279,6.00,1.00
2008.11.17 09:17:52.272,1.7727,1.7728,6.00,2.10
2008.11.17 09:17:52.572,1.77195,1.7725,1.20,1.20
2008.11.17 09:17:52.921,1.77195,1.77245,1.20,1.20
2008.11.17 09:17:53.272,1.77205,1.77245,1.20,1.20
2008.11.17 09:17:53.611,1.77205,1.77255,1.20,1.20
2008.11.17 09:17:53.951,1.7722,1.7724,1.20,1.20
2008.11.17 09:17:54.241,1.772,1.7723,1.20,1.20
2008.11.17 09:17:54.531,1.7719,1.77215,1.20,1.20
2008.11.17 09:17:54.831,1.7719,1.7722,1.20,1.20
2008.11.17 09:17:55.121,1.7719,1.77205,1.20,1.20
2008.11.17 09:17:55.471,1.7717,1.772,3.60,1.20
2008.11.17 09:17:55.881,1.77165,1.77205,2.40,1.20
2008.11.17 09:17:56.281,1.7717,1.77205,1.20,1.20
2008.11.17 09:17:56.631,1.7716,1.77209,1.20,1.00
2008.11.17 09:17:56.860,1.7716,1.77215,1.20,1.20
2008.11.17 09:17:57.481,1.7714,1.77205,1.20,1.20
2008.11.17 09:17:57.770,1.7715,1.7724,1.20,1.20
2008.11.17 09:17:58.172,1.77155,1.77219,3.40,1.00
2008.11.17 09:17:58.571,1.77155,1.77225,2.40,1.20
2008.11.17 09:17:59.040,1.77145,1.77209,2.40,1.00
2008.11.17 09:17:59.340,1.7715,1.7722,2.40,1.50
2008.11.17 09:17:59.730,1.7715,1.77204,2.40,1.00
2008.11.17 09:18:00.250,1.77165,1.7726,1.90,2.80
2008.11.17 09:18:00.790,1.7716,1.77265,1.90,15.90
2008.11.17 09:18:01.070,1.7716,1.77209,2.40,1.00
2008.11.17 09:18:01.591,1.7712,1.77229,1.20,1.00
2008.11.17 09:18:02.259,1.7712,1.7722,3.10,1.20
2008.11.17 09:18:02.600,1.77135,1.77225,1.90,1.20
2008.11.17 09:18:02.959,1.77145,1.7723,3.00,1.50
2008.11.17 09:18:03.379,1.77155,1.7724,1.90,1.20
2008.11.17 09:18:03.669,1.7716,1.7724,1.20,1.20
2008.11.17 09:18:03.909,1.77155,1.7724,1.90,1.20
2008.11.17 09:18:04.569,1.77145,1.7722,1.90,1.20
2008.11.17 09:18:04.839,1.77135,1.77215,1.00,1.20
2008.11.17 09:18:05.359,1.7713,1.772,4.90,1.50
2008.11.17 09:18:05.639,1.7713,1.772,2.40,2.70
2008.11.17 09:18:05.988,1.7713,1.772,3.60,1.50
2008.11.17 09:18:06.329,1.7713,1.772,3.60,1.50
2008.11.17 09:18:06.728,1.77145,1.772,1.00,1.50
2008.11.17 09:18:07.198,1.7714,1.772,3.10,1.50
2008.11.17 09:18:07.368,1.7714,1.772,1.20,1.50
2008.11.17 09:18:07.538,1.7715,1.7721,1.20,1.50
2008.11.17 09:18:07.938,1.7716,1.77214,1.20,1.00
2008.11.17 09:18:08.958,1.7714,1.7721,1.20,1.50
2008.11.17 09:18:09.308,1.7714,1.77214,1.20,1.00
2008.11.17 09:18:09.637,1.77125,1.772,5.10,1.50
2008.11.17 09:18:09.987,1.77125,1.77214,5.10,1.00
2008.11.17 09:18:10.707,1.7714,1.77214,1.20,1.00
2008.11.17 09:18:11.437,1.7713,1.77214,1.20,1.00
2008.11.17 09:18:11.657,1.7713,1.77215,1.20,1.20
2008.11.17 09:18:11.777,1.7714,1.77219,1.20,1.00
2008.11.17 09:18:11.998,1.7714,1.7722,1.20,2.70
2008.11.17 09:18:12.277,1.7714,1.7721,1.20,1.50
2008.11.17 09:18:12.447,1.77145,1.7721,1.90,1.50
2008.11.17 09:18:12.787,1.7716,1.7721,1.00,1.50
2008.11.17 09:18:13.197,1.77165,1.7721,1.00,1.50
2008.11.17 09:18:13.597,1.7718,1.7725,1.00,5.10
2008.11.17 09:18:13.946,1.7719,1.7725,1.00,3.60
2008.11.17 09:18:14.407,1.77185,1.7725,4.00,3.60
2008.11.17 09:18:14.756,1.7719,1.7724,4.80,3.60
2008.11.17 09:18:15.106,1.77195,1.7724,1.00,3.60
2008.11.17 09:18:15.466,1.7719,1.7724,6.00,3.60
2008.11.17 09:18:16.106,1.77195,1.7724,1.00,3.60
2008.11.17 09:18:16.736,1.7719,1.7724,3.00,3.60
2008.11.17 09:18:16.956,1.7719,1.7724,2.40,3.60
2008.11.17 09:18:17.176,1.77185,1.7724,6.00,3.60
2008.11.17 09:18:17.346,1.7718,1.7724,5.20,4.80
2008.11.17 09:18:17.696,1.7718,1.7724,4.20,4.80
2008.11.17 09:18:17.916,1.7718,1.7724,3.00,4.80
2008.11.17 09:18:18.265,1.7718,1.7724,1.20,4.80
2008.11.17 09:18:18.605,1.7718,1.7724,1.20,6.30
2008.11.17 09:18:19.725,1.7718,1.7724,1.20,5.10
2008.11.17 09:18:20.005,1.7717,1.7724,1.20,3.60
2008.11.17 09:18:20.295,1.7717,1.7724,3.10,3.60
2008.11.17 09:18:21.585,1.7717,1.7724,1.90,5.10
2008.11.17 09:18:21.765,1.77165,1.7724,1.90,5.10
2008.11.17 09:18:22.665,1.7717,1.77235,1.20,1.20
2008.11.17 09:18:22.964,1.7717,1.77239,3.10,1.00
2008.11.17 09:18:23.324,1.7717,1.7724,1.90,5.10
2008.11.17 09:18:23.614,1.7716,1.7724,7.00,5.10
2008.11.17 09:18:23.964,1.7716,1.7724,6.40,5.10
2008.11.17 09:18:24.324,1.7716,1.7724,1.90,5.10
2008.11.17 09:18:24.674,1.77155,1.7723,1.00,2.70
2008.11.17 09:18:25.074,1.7715,1.7723,4.80,2.70
2008.11.17 09:18:25.654,1.7715,1.7723,4.80,1.50
2008.11.17 09:18:26.054,1.7715,1.77225,4.80,1.20
2008.11.17 09:18:26.384,1.7715,1.7722,3.60,1.50
2008.11.17 09:18:27.234,1.7715,1.77229,4.80,1.00
2008.11.17 09:18:27.403,1.7715,1.7723,4.80,2.70
2008.11.17 09:18:27.743,1.7715,1.7722,3.60,1.50
2008.11.17 09:18:30.442,1.7715,1.77225,4.80,1.20
2008.11.17 09:18:30.723,1.7715,1.7722,3.60,1.50
2008.11.17 09:18:32.672,1.7715,1.7722,3.60,2.70
2008.11.17 09:18:33.122,1.7716,1.77225,1.20,1.20
2008.11.17 09:18:33.532,1.7716,1.7723,1.20,1.50
2008.11.17 09:18:33.922,1.7716,1.7723,1.20,2.70
2008.11.17 09:18:34.142,1.7715,1.7723,4.80,2.70
2008.11.17 09:18:34.492,1.7716,1.7723,1.20,2.70
2008.11.17 09:18:34.711,1.7716,1.7723,1.20,1.50
2008.11.17 09:18:35.061,1.7717,1.7723,1.20,1.20
2008.11.17 09:18:35.451,1.7716,1.7723,3.10,2.70
2008.11.17 09:18:36.661,1.7716,1.7723,3.10,1.50
2008.11.17 09:18:36.891,1.7717,1.77234,1.20,1.00
2008.11.17 09:18:37.011,1.7717,1.77235,1.20,1.20
2008.11.17 09:18:41.750,1.7717,1.77234,1.20,1.00
2008.11.17 09:18:42.100,1.7716,1.77225,1.20,1.20
2008.11.17 09:18:42.440,1.7717,1.7723,1.20,1.20
2008.11.17 09:18:43.529,1.7717,1.77225,1.20,1.20
2008.11.17 09:18:43.699,1.7716,1.77225,1.20,1.20
2008.11.17 09:18:45.009,1.7716,1.77229,1.20,1.00
2008.11.17 09:18:45.249,1.7717,1.7723,1.20,1.20
2008.11.17 09:18:48.618,1.77155,1.77215,1.00,1.20
2008.11.17 09:18:48.888,1.77155,1.77214,1.00,1.00
2008.11.17 09:18:49.108,1.7717,1.77235,1.20,1.20
2008.11.17 09:18:53.707,1.7717,1.7722,1.20,1.20
2008.11.17 09:18:54.057,1.7715,1.7722,3.60,2.70
2008.11.17 09:18:54.228,1.7716,1.77229,1.20,1.00
2008.11.17 09:18:54.397,1.7716,1.77225,1.20,1.20
2008.11.17 09:18:54.577,1.7715,1.77225,4.80,1.20
2008.11.17 09:18:55.726,1.7715,1.772,3.60,2.70
2008.11.17 09:18:56.136,1.7715,1.77204,3.60,1.00
2008.11.17 09:18:56.586,1.7715,1.772,3.60,1.20
2008.11.17 09:18:56.756,1.7715,1.772,3.60,2.70
2008.11.17 09:18:57.556,1.7715,1.77204,3.60,1.00
2008.11.17 09:18:57.726,1.7715,1.77205,3.60,1.20
2008.11.17 09:19:01.295,1.7715,1.7721,3.60,1.50
2008.11.17 09:19:01.515,1.7715,1.7722,4.80,2.70
2008.11.17 09:19:01.685,1.7715,1.7722,3.60,2.70
2008.11.17 09:19:01.916,1.7715,1.7722,3.60,1.50
2008.11.17 09:19:02.085,1.7715,1.77205,3.60,1.20
2008.11.17 09:19:02.365,1.7715,1.772,3.60,1.50
2008.11.17 09:19:02.765,1.7715,1.7721,3.60,1.50
2008.11.17 09:19:07.264,1.7715,1.772,3.60,1.50
2008.11.17 09:19:07.424,1.7715,1.77195,3.60,1.20
2008.11.17 09:19:07.544,1.7715,1.772,3.60,2.70
2008.11.17 09:19:08.404,1.7715,1.77195,3.60,1.20
2008.11.17 09:19:08.684,1.7715,1.77199,3.60,1.00
2008.11.17 09:19:09.023,1.7715,1.77195,3.60,1.20
2008.11.17 09:19:11.183,1.7717,1.77244,1.20,1.00
2008.11.17 09:19:12.762,1.7717,1.77235,1.20,1.20
2008.11.17 09:19:14.082,1.7717,1.77239,1.20,1.00
2008.11.17 09:19:14.352,1.7717,1.7724,1.20,2.70
2008.11.17 09:19:16.571,1.7718,1.7724,1.00,1.50
2008.11.17 09:19:16.851,1.77185,1.7724,1.00,1.50
2008.11.17 09:19:17.141,1.772,1.7726,1.20,7.20
2008.11.17 09:19:17.541,1.7719,1.7726,1.20,7.20
2008.11.17 09:19:17.771,1.772,1.7726,1.20,7.20
2008.11.17 09:19:18.221,1.77215,1.7726,1.00,7.20
2008.11.17 09:19:18.931,1.77215,1.7726,2.80,7.20
2008.11.17 09:19:19.741,1.77215,1.7726,1.90,7.20
2008.11.17 09:19:20.381,1.7721,1.7726,1.20,7.20
2008.11.17 09:19:20.720,1.77205,1.7726,1.90,7.20
2008.11.17 09:19:23.180,1.772,1.7726,4.00,7.20
2008.11.17 09:19:23.530,1.7722,1.7726,1.20,7.20
2008.11.17 09:19:23.830,1.7721,1.77315,1.20,1.20
2008.11.17 09:19:24.230,1.7721,1.77315,7.20,1.20
2008.11.17 09:19:24.620,1.7722,1.77315,6.00,1.20
2008.11.17 09:19:25.059,1.7722,1.77295,6.00,1.20
2008.11.17 09:19:25.739,1.7722,1.7728,6.00,1.20
2008.11.17 09:19:26.079,1.7722,1.77275,6.00,1.20
2008.11.17 09:19:26.319,1.7722,1.77255,6.00,1.20
2008.11.17 09:19:26.489,1.7722,1.77254,6.00,1.00
2008.11.17 09:19:26.720,1.7722,1.7725,6.00,1.20
2008.11.17 09:19:26.889,1.7722,1.77245,6.00,1.20
2008.11.17 09:19:27.629,1.7722,1.77249,6.00,1.00
2008.11.17 09:19:27.869,1.7722,1.7726,6.00,1.20
2008.11.17 09:19:31.508,1.7722,1.7724,6.00,2.70
2008.11.17 09:19:32.238,1.7722,1.7723,6.00,1.20
2008.11.17 09:19:32.478,1.7722,1.7723,6.00,2.70
2008.11.17 09:19:34.457,1.7722,1.77225,6.00,1.20
2008.11.17 09:19:34.747,1.7722,1.7723,6.00,1.50
2008.11.17 09:19:34.967,1.7722,1.77244,6.00,1.00
2008.11.17 09:19:35.567,1.7722,1.7728,6.00,5.10
2008.11.17 09:19:35.967,1.7722,1.7728,6.00,2.70
2008.11.17 09:19:39.486,1.7722,1.7728,6.00,8.70
2008.11.17 09:19:39.956,1.7723,1.7728,1.20,7.20
2008.11.17 09:19:40.186,1.7723,1.7728,3.10,7.20
2008.11.17 09:19:40.595,1.7724,1.7728,1.20,7.20
2008.11.17 09:19:40.876,1.7725,1.7728,1.20,7.20
2008.11.17 09:19:41.165,1.7726,1.7728,1.20,7.20
2008.11.17 09:19:41.815,1.7726,1.77345,1.20,2.70
2008.11.17 09:19:42.105,1.7726,1.77345,1.20,1.50
2008.11.17 09:19:42.345,1.77245,1.77335,1.90,1.50
2008.11.17 09:19:42.675,1.7726,1.77345,1.20,2.70
2008.11.17 09:19:43.425,1.7726,1.7734,1.20,1.50
2008.11.17 09:19:43.725,1.7726,1.7732,1.20,1.20
2008.11.17 09:19:44.015,1.7725,1.7732,3.10,2.70
2008.11.17 09:19:44.305,1.7725,1.7732,1.20,2.70
2008.11.17 09:19:45.804,1.7726,1.77324,1.20,1.00
2008.11.17 09:19:46.094,1.7726,1.7733,1.20,2.70
2008.11.17 09:19:49.344,1.77265,1.7733,1.00,1.50
2008.11.17 09:19:49.623,1.7727,1.77345,1.20,2.80
2008.11.17 09:19:49.793,1.7727,1.7736,1.20,1.20
2008.11.17 09:19:50.024,1.7728,1.77364,1.20,1.00
2008.11.17 09:19:50.263,1.7728,1.77365,1.20,1.20
2008.11.17 09:19:50.743,1.7727,1.77345,3.30,1.20
2008.11.17 09:19:51.133,1.7727,1.77339,1.90,1.00
2008.11.17 09:19:51.353,1.7727,1.7734,1.90,1.20
2008.11.17 09:19:52.743,1.7727,1.77345,1.90,1.20
2008.11.17 09:19:54.672,1.7727,1.7734,1.90,1.20
2008.11.17 09:19:54.962,1.7727,1.7734,1.90,2.40
2008.11.17 09:19:55.252,1.7726,1.7733,1.20,2.70
2008.11.17 09:19:55.492,1.7726,1.77325,1.20,1.20
2008.11.17 09:19:55.902,1.7725,1.77315,6.00,1.20
2008.11.17 09:19:56.142,1.7725,1.7731,6.00,1.20
2008.11.17 09:19:58.001,1.7725,1.77305,6.00,1.20
2008.11.17 09:19:58.171,1.7725,1.773,6.00,1.20
2008.11.17 09:19:58.401,1.7725,1.77295,6.00,1.20
2008.11.17 09:19:58.681,1.7725,1.77295,6.00,2.40
2008.11.17 09:19:58.901,1.7726,1.7729,1.20,1.20
2008.11.17 09:19:59.371,1.7726,1.77305,1.20,2.80
2008.11.17 09:19:59.601,1.7726,1.77295,1.20,1.20
2008.11.17 09:20:00.001,1.7725,1.77295,6.00,1.20
2008.11.17 09:20:00.411,1.7725,1.7728,6.00,1.20
2008.11.17 09:20:00.761,1.7726,1.77315,1.20,2.80
2008.11.17 09:20:01.111,1.7725,1.7729,6.00,1.20
2008.11.17 09:20:01.980,1.7725,1.77305,7.20,1.20
2008.11.17 09:20:02.210,1.7725,1.77305,7.20,3.60
2008.11.17 09:20:02.500,1.7725,1.77305,7.20,1.20
2008.11.17 09:20:05.340,1.7725,1.77305,6.00,1.20
2008.11.17 09:20:13.988,1.7725,1.7732,7.20,2.70
2008.11.17 09:20:14.617,1.7726,1.77324,1.20,1.00
2008.11.17 09:20:14.907,1.7726,1.7732,1.20,1.20
2008.11.17 09:20:15.197,1.7725,1.77315,7.20,1.20
2008.11.17 09:20:16.507,1.7725,1.7731,7.20,1.20
2008.11.17 09:20:16.957,1.7725,1.7731,6.00,2.70
2008.11.17 09:20:17.167,1.7724,1.7731,7.20,2.70
2008.11.17 09:20:19.116,1.7724,1.7731,7.20,1.50
2008.11.17 09:20:23.335,1.7724,1.7731,7.20,2.70
2008.11.17 09:20:25.245,1.7724,1.7731,7.20,1.50
2008.11.17 09:20:28.124,1.7724,1.7731,7.90,1.50
2008.11.17 09:20:28.414,1.7725,1.7732,1.20,1.50
2008.11.17 09:20:29.474,1.7725,1.7732,1.90,1.50
2008.11.17 09:20:29.704,1.7726,1.7733,1.20,1.50
2008.11.17 09:20:29.934,1.7726,1.7734,1.20,2.70
2008.11.17 09:20:30.234,1.7726,1.7734,1.20,2.70
2008.11.17 09:20:30.534,1.77265,1.7734,1.00,1.50
2008.11.17 09:20:31.163,1.77275,1.7736,1.00,1.90
2008.11.17 09:20:31.503,1.77275,1.7736,1.00,1.50
2008.11.17 09:20:31.853,1.7727,1.77355,1.00,1.20
2008.11.17 09:20:32.033,1.7727,1.7735,1.20,1.50
2008.11.17 09:20:32.203,1.7727,1.7735,3.10,1.50
2008.11.17 09:20:32.314,1.7728,1.77354,1.90,1.00
2008.11.17 09:20:32.483,1.7728,1.7736,1.90,1.50
2008.11.17 09:20:34.152,1.7728,1.7736,1.90,2.80
2008.11.17 09:20:34.323,1.7728,1.7736,1.20,2.80
2008.11.17 09:20:34.443,1.77275,1.7735,1.00,1.50
2008.11.17 09:20:35.293,1.7728,1.7735,1.20,1.50
2008.11.17 09:20:35.532,1.7729,1.7736,1.20,1.50
2008.11.17 09:20:36.382,1.773,1.7736,1.00,1.50
2008.11.17 09:20:36.682,1.77315,1.7738,1.00,1.50
2008.11.17 09:20:36.922,1.773,1.7737,1.20,1.50
2008.11.17 09:20:37.682,1.7729,1.77355,1.20,1.20
2008.11.17 09:20:37.912,1.77285,1.7734,1.00,1.50
2008.11.17 09:20:40.421,1.7729,1.7736,1.20,1.50
2008.11.17 09:20:47.349,1.773,1.7737,1.20,1.50
2008.11.17 09:20:48.369,1.77295,1.7736,1.90,1.50
2008.11.17 09:20:49.419,1.7729,1.7736,1.20,1.50
2008.11.17 09:20:49.819,1.7729,1.77354,1.20,1.00
2008.11.17 09:20:50.109,1.77295,1.77354,1.00,1.00
2008.11.17 09:20:50.519,1.7729,1.77354,1.20,1.00
2008.11.17 09:20:52.508,1.77305,1.77364,1.00,1.00
2008.11.17 09:20:52.618,1.77305,1.7737,1.00,1.50
2008.11.17 09:20:52.678,1.7731,1.77374,1.20,1.00
2008.11.17 09:20:53.028,1.7731,1.7738,1.20,1.50
2008.11.17 09:20:53.908,1.773,1.7738,1.90,1.50
2008.11.17 09:20:54.148,1.7731,1.7738,1.20,1.50
2008.11.17 09:20:54.668,1.773,1.7737,1.20,1.50
2008.11.17 09:20:55.208,1.7731,1.7737,1.20,1.50
2008.11.17 09:20:55.778,1.7731,1.7738,1.20,1.50
2008.11.17 09:20:58.707,1.7731,1.77375,1.20,1.20
2008.11.17 09:20:59.157,1.77295,1.77375,1.90,1.20
2008.11.17 09:20:59.997,1.7728,1.77365,9.10,1.20
2008.11.17 09:21:05.465,1.7728,1.77365,7.20,1.20
2008.11.17 09:21:05.895,1.7728,1.7736,7.20,1.20
2008.11.17 09:21:10.354,1.7728,1.7736,7.20,2.70
2008.11.17 09:21:19.282,1.7728,1.7736,9.10,1.50
2008.11.17 09:21:19.622,1.7728,1.7735,7.90,1.50
2008.11.17 09:21:19.972,1.7728,1.77345,7.20,1.20
2008.11.17 09:21:20.412,1.7728,1.77349,6.00,1.00
2008.11.17 09:21:20.751,1.7728,1.7735,7.20,2.70
2008.11.17 09:21:21.161,1.7728,1.7735,6.00,2.70
2008.11.17 09:21:21.571,1.7728,1.7735,6.00,1.50
2008.11.17 09:21:22.031,1.7728,1.7735,7.20,1.50
2008.11.17 09:21:23.401,1.7728,1.7735,6.00,2.70
2008.11.17 09:21:23.691,1.7728,1.7734,6.00,1.50
2008.11.17 09:21:24.881,1.7728,1.77349,7.20,1.00
2008.11.17 09:21:25.290,1.7728,1.7736,7.20,2.70
2008.11.17 09:21:26.170,1.7728,1.7734,6.00,1.50
2008.11.17 09:21:26.450,1.7728,1.7737,7.20,2.70
2008.11.17 09:21:28.240,1.7728,1.77355,7.20,1.20
2008.11.17 09:21:29.439,1.77285,1.77359,1.00,1.00
2008.11.17 09:21:29.659,1.7729,1.7736,1.20,1.50
2008.11.17 09:21:30.479,1.7729,1.77354,1.20,1.00
2008.11.17 09:21:31.519,1.77285,1.7735,1.00,1.50
2008.11.17 09:21:31.639,1.7728,1.7735,7.20,1.50
2008.11.17 09:21:32.269,1.7728,1.7734,6.00,1.50
2008.11.17 09:21:34.528,1.7728,1.7733,6.00,1.20
2008.11.17 09:21:34.928,1.7728,1.7733,6.00,1.50
2008.11.17 09:21:35.198,1.7728,1.7735,7.20,1.50
2008.11.17 09:21:35.488,1.7728,1.7735,6.00,1.50
2008.11.17 09:21:35.788,1.7728,1.7735,7.20,1.50
2008.11.17 09:21:36.188,1.7728,1.7735,7.20,2.70
2008.11.17 09:21:36.408,1.7728,1.7735,7.20,3.10
2008.11.17 09:21:36.638,1.7728,1.7733,6.00,2.70
2008.11.17 09:21:36.988,1.7728,1.7732,6.00,1.50
2008.11.17 09:21:39.607,1.7728,1.77324,6.00,1.00
2008.11.17 09:21:40.247,1.7728,1.7732,6.00,1.50
2008.11.17 09:21:40.877,1.7728,1.77314,6.00,1.00
2008.11.17 09:21:41.107,1.7728,1.77324,6.00,1.00
2008.11.17 09:21:41.856,1.7728,1.77324,6.70,1.00
2008.11.17 09:21:42.026,1.77285,1.7733,1.00,1.90
2008.11.17 09:21:42.236,1.7729,1.7735,1.20,4.00
2008.11.17 09:21:42.346,1.7729,1.7735,1.20,2.80
2008.11.17 09:21:42.516,1.7729,1.7735,1.20,2.40
2008.11.17 09:21:42.626,1.7729,1.7737,1.20,2.70
2008.11.17 09:21:42.746,1.7729,1.7737,1.20,1.50
2008.11.17 09:21:42.866,1.7729,1.77375,1.20,1.20
2008.11.17 09:21:43.146,1.773,1.77375,1.20,1.20
2008.11.17 09:21:43.256,1.773,1.77379,1.20,1.00
2008.11.17 09:21:43.557,1.773,1.77385,1.20,1.50
2008.11.17 09:21:43.946,1.773,1.77384,1.20,1.00
2008.11.17 09:21:44.246,1.7732,1.77384,1.20,1.00
2008.11.17 09:21:44.596,1.7732,1.7739,1.20,6.00
2008.11.17 09:21:44.936,1.7732,1.77394,1.20,1.00
2008.11.17 09:21:45.176,1.7732,1.77404,1.20,1.00
2008.11.17 09:21:48.045,1.77335,1.77424,1.00,1.00
2008.11.17 09:21:48.345,1.7735,1.7743,3.10,2.70
2008.11.17 09:21:48.626,1.7736,1.7743,1.20,1.20
2008.11.17 09:21:48.905,1.7734,1.7742,1.20,1.20
2008.11.17 09:21:49.255,1.77355,1.7743,1.00,1.50
2008.11.17 09:21:49.545,1.7735,1.77444,1.20,1.00
2008.11.17 09:21:49.894,1.77355,1.77455,2.40,1.00
2008.11.17 09:21:50.174,1.77355,1.7746,3.00,6.30
2008.11.17 09:21:50.484,1.7738,1.7744,1.20,1.20
2008.11.17 09:21:50.814,1.7737,1.7744,3.60,1.20
2008.11.17 09:21:51.104,1.7736,1.77444,5.10,1.00
2008.11.17 09:21:51.334,1.77365,1.77444,1.00,1.00
2008.11.17 09:21:51.684,1.7736,1.77444,4.30,1.00
2008.11.17 09:21:51.864,1.7736,1.77464,4.20,1.00
2008.11.17 09:21:52.034,1.7736,1.77465,5.20,1.00
2008.11.17 09:21:52.364,1.7736,1.7745,1.00,1.00
2008.11.17 09:21:52.584,1.7734,1.7744,4.20,1.00
2008.11.17 09:21:52.934,1.7734,1.77435,1.90,1.20
2008.11.17 09:21:53.154,1.7734,1.77435,1.00,1.20
2008.11.17 09:21:54.303,1.7734,1.7743,1.00,1.20
2008.11.17 09:21:54.403,1.77335,1.77425,2.10,1.20
2008.11.17 09:21:54.763,1.77335,1.7742,1.00,1.20
2008.11.17 09:21:54.943,1.7733,1.7742,1.90,1.20
2008.11.17 09:21:56.273,1.77325,1.7742,2.80,1.20
2008.11.17 09:21:58.023,1.77325,1.7741,1.90,1.20
2008.11.17 09:21:58.242,1.7733,1.7741,1.20,1.20
2008.11.17 09:21:58.482,1.7733,1.7742,1.20,1.20
2008.11.17 09:21:59.162,1.7733,1.77424,4.00,1.00
2008.11.17 09:21:59.342,1.77345,1.77429,1.90,1.00
2008.11.17 09:21:59.672,1.77345,1.77439,1.90,1.00
2008.11.17 09:22:00.032,1.77345,1.7745,1.90,1.00
2008.11.17 09:22:00.382,1.7735,1.77445,4.00,1.20
2008.11.17 09:22:00.612,1.7735,1.77445,7.00,1.20
2008.11.17 09:22:00.882,1.7737,1.77449,1.20,1.00
2008.11.17 09:22:01.182,1.77355,1.77455,1.00,1.20
2008.11.17 09:22:01.411,1.77355,1.77455,2.40,1.20
2008.11.17 09:22:01.701,1.7735,1.77454,1.00,1.00
2008.11.17 09:22:01.942,1.77355,1.77435,1.90,1.20
2008.11.17 09:22:02.121,1.77345,1.77435,5.80,1.20
2008.11.17 09:22:02.461,1.7736,1.77439,1.00,1.00
2008.11.17 09:22:02.631,1.77365,1.77435,1.00,1.20
2008.11.17 09:22:02.801,1.7736,1.77435,3.00,1.20
2008.11.17 09:22:03.031,1.77355,1.77435,1.90,1.20
2008.11.17 09:22:03.411,1.7737,1.77439,1.20,1.00
2008.11.17 09:22:03.582,1.7737,1.77459,1.20,1.00
2008.11.17 09:22:03.811,1.7737,1.7746,1.20,1.20
2008.11.17 09:22:04.721,1.7738,1.77465,1.20,1.20
2008.11.17 09:22:05.051,1.7738,1.77475,1.90,1.20
2008.11.17 09:22:05.291,1.77385,1.77475,1.90,1.20
2008.11.17 09:22:06.390,1.7739,1.7748,1.90,1.20
2008.11.17 09:22:06.501,1.7739,1.7748,3.10,1.20
2008.11.17 09:22:08.980,1.7739,1.77474,3.10,1.00
2008.11.17 09:22:09.270,1.774,1.77474,1.20,1.00
2008.11.17 09:22:09.749,1.774,1.77464,1.20,1.00
2008.11.17 09:22:10.439,1.774,1.77474,1.20,1.00
2008.11.17 09:22:11.469,1.77395,1.77474,2.10,1.00
2008.11.17 09:22:11.519,1.77395,1.77474,1.90,1.00
2008.11.17 09:22:12.039,1.774,1.77474,1.90,1.00
2008.11.17 09:22:12.219,1.774,1.77475,1.90,1.20
2008.11.17 09:22:12.389,1.7741,1.77485,1.20,2.80
2008.11.17 09:22:12.439,1.774,1.7749,3.10,1.20
2008.11.17 09:22:12.789,1.7741,1.77484,1.20,1.00
2008.11.17 09:22:13.009,1.7741,1.7749,1.20,1.20
2008.11.17 09:22:13.279,1.7741,1.7749,1.20,1.20
2008.11.17 09:22:14.229,1.7741,1.7749,3.10,1.20
2008.11.17 09:22:15.448,1.77415,1.77504,1.00,1.00
2008.11.17 09:22:15.678,1.7742,1.77505,1.20,2.80
2008.11.17 09:22:15.978,1.7742,1.775,1.20,1.20
2008.11.17 09:22:16.268,1.7741,1.775,1.90,1.20
2008.11.17 09:22:16.448,1.7742,1.775,1.20,1.20
2008.11.17 09:22:17.208,1.7742,1.7749,1.20,1.20
2008.11.17 09:22:17.388,1.7742,1.77495,1.20,1.20
2008.11.17 09:22:17.558,1.7741,1.77495,4.00,1.20
2008.11.17 09:22:17.728,1.7741,1.77495,1.20,1.20
2008.11.17 09:22:17.898,1.77465,1.7749,1.20,1.20
2008.11.17 09:22:18.368,1.77455,1.77555,1.20,2.70
2008.11.17 09:22:18.828,1.7744,1.77525,1.00,1.20
2008.11.17 09:22:19.218,1.7742,1.77515,1.20,1.20
2008.11.17 09:22:19.517,1.7742,1.77495,2.40,1.20
2008.11.17 09:22:19.808,1.7742,1.7749,1.20,1.20
2008.11.17 09:22:20.047,1.7742,1.7749,1.20,2.40
2008.11.17 09:22:20.557,1.7743,1.77489,1.20,1.00
2008.11.17 09:22:20.897,1.7743,1.7749,1.20,1.20
2008.11.17 09:22:21.647,1.7743,1.7749,1.20,2.40
2008.11.17 09:22:22.087,1.7743,1.77495,1.20,1.20
2008.11.17 09:22:23.606,1.7743,1.7749,1.20,1.20
2008.11.17 09:22:24.176,1.7743,1.77494,1.20,1.00
2008.11.17 09:22:24.406,1.7743,1.77495,1.20,1.20
2008.11.17 09:22:24.616,1.7743,1.77494,1.20,1.00
2008.11.17 09:22:25.006,1.7743,1.7749,1.20,2.40
2008.11.17 09:22:25.296,1.7743,1.77485,1.20,1.20
2008.11.17 09:22:25.576,1.7743,1.77485,1.20,2.80
2008.11.17 09:22:25.866,1.7743,1.77495,1.20,1.20
2008.11.17 09:22:26.156,1.7743,1.77505,1.20,2.40
2008.11.17 09:22:26.956,1.7743,1.77505,1.20,1.20
2008.11.17 09:22:27.615,1.7743,1.7749,1.20,1.20
2008.11.17 09:22:27.805,1.7743,1.77494,1.20,1.00
2008.11.17 09:22:28.095,1.7743,1.7751,1.20,1.20
2008.11.17 09:22:28.385,1.7743,1.77515,1.20,1.20
2008.11.17 09:22:28.795,1.7743,1.77504,1.20,1.00
2008.11.17 09:22:29.145,1.7743,1.775,1.20,1.20
2008.11.17 09:22:30.045,1.7743,1.77504,1.90,1.00
2008.11.17 09:22:30.345,1.7744,1.77504,1.20,1.00
2008.11.17 09:22:30.915,1.7744,1.7752,1.20,1.50
2008.11.17 09:22:32.224,1.7743,1.7751,2.40,1.50
2008.11.17 09:22:35.584,1.7743,1.775,1.20,2.70
2008.11.17 09:22:36.053,1.7743,1.77495,1.20,1.20
2008.11.17 09:22:36.453,1.7743,1.7748,1.20,1.50
2008.11.17 09:22:40.022,1.7743,1.77475,1.20,1.20
2008.11.17 09:22:40.492,1.7743,1.77474,1.20,1.00
2008.11.17 09:22:40.782,1.7743,1.7748,1.20,2.70
2008.11.17 09:22:41.282,1.7743,1.7747,1.20,1.20
2008.11.17 09:22:43.002,1.7743,1.77474,1.20,1.00
2008.11.17 09:22:43.282,1.7743,1.7748,1.20,2.70
2008.11.17 09:22:43.572,1.7743,1.77465,1.20,1.20
2008.11.17 09:22:43.811,1.7743,1.77465,1.20,1.50
2008.11.17 09:22:44.101,1.7743,1.77464,1.20,1.00
2008.11.17 09:22:44.461,1.7743,1.77465,1.20,1.50
2008.11.17 09:22:44.921,1.7743,1.77465,1.20,1.20
2008.11.17 09:22:45.271,1.7743,1.7747,1.20,1.20
2008.11.17 09:22:45.621,1.7743,1.77465,1.20,1.20
2008.11.17 09:22:46.641,1.7743,1.7746,1.20,1.20
2008.11.17 09:22:48.850,1.7743,1.77455,1.20,1.20
2008.11.17 09:22:50.990,1.7745,1.77455,1.20,1.20
2008.11.17 09:22:51.380,1.7745,1.7749,1.20,4.20
2008.11.17 09:22:51.610,1.7746,1.7749,1.20,2.40
2008.11.17 09:22:51.850,1.7746,1.77545,1.20,1.50
2008.11.17 09:22:52.370,1.77465,1.77539,1.00,1.00
2008.11.17 09:22:52.669,1.77475,1.77549,1.00,1.00
2008.11.17 09:22:52.909,1.7748,1.7753,1.20,1.20
2008.11.17 09:22:53.189,1.77445,1.77514,1.00,1.00
2008.11.17 09:22:54.299,1.7746,1.77524,1.20,1.00
2008.11.17 09:22:54.709,1.77455,1.77514,1.00,1.00
2008.11.17 09:22:54.939,1.7744,1.7751,1.20,1.50
2008.11.17 09:22:55.699,1.7744,1.77495,1.20,1.20
2008.11.17 09:22:56.158,1.7742,1.7749,7.20,1.20
2008.11.17 09:22:56.498,1.774,1.77485,6.00,2.40
2008.11.17 09:22:56.839,1.7739,1.77455,6.00,1.20
2008.11.17 09:22:57.188,1.7738,1.77455,1.20,1.60
2008.11.17 09:22:57.419,1.7738,1.7743,1.20,1.20
2008.11.17 09:22:57.708,1.7738,1.77465,1.20,1.00
2008.11.17 09:22:58.118,1.7738,1.77445,1.20,1.20
2008.11.17 09:22:58.478,1.7741,1.77435,1.00,1.00
2008.11.17 09:22:58.828,1.7741,1.7747,1.00,1.50
2008.11.17 09:22:59.068,1.7741,1.7746,1.00,1.50
2008.11.17 09:22:59.698,1.7742,1.77505,1.20,1.50
2008.11.17 09:23:00.397,1.7743,1.77505,1.20,1.00
2008.11.17 09:23:00.747,1.7743,1.775,1.20,5.80
2008.11.17 09:23:00.977,1.7743,1.775,1.20,4.50
2008.11.17 09:23:01.277,1.7743,1.775,1.20,2.10
2008.11.17 09:23:01.617,1.7743,1.775,1.20,1.50
2008.11.17 09:23:04.876,1.7742,1.7749,1.20,1.50
2008.11.17 09:23:07.416,1.7742,1.7749,4.00,1.50
2008.11.17 09:23:07.576,1.7743,1.775,1.20,1.50
2008.11.17 09:23:09.445,1.7743,1.7751,1.20,2.70
2008.11.17 09:23:10.065,1.7743,1.775,1.20,1.20
2008.11.17 09:23:10.225,1.7742,1.775,3.10,2.70
2008.11.17 09:23:10.575,1.7742,1.775,3.10,1.50
2008.11.17 09:23:13.734,1.77425,1.775,2.10,1.50
2008.11.17 09:23:17.923,1.77425,1.7749,2.10,1.50
2008.11.17 09:23:18.093,1.7743,1.7749,1.90,1.50
2008.11.17 09:23:18.383,1.77425,1.775,1.00,1.50
2008.11.17 09:23:18.603,1.77425,1.7751,3.90,1.50
2008.11.17 09:23:18.843,1.77425,1.7751,1.00,1.50
2008.11.17 09:23:22.282,1.77425,1.775,1.00,1.50
2008.11.17 09:23:22.512,1.7743,1.7751,1.20,1.50
2008.11.17 09:23:26.141,1.77435,1.7751,1.00,1.50
2008.11.17 09:23:26.491,1.77455,1.77524,1.00,1.00
2008.11.17 09:23:27.001,1.77455,1.7752,1.00,1.50
2008.11.17 09:23:27.111,1.77445,1.7752,1.00,1.50
2008.11.17 09:23:27.231,1.7745,1.77524,1.20,1.00
2008.11.17 09:23:27.411,1.77455,1.77524,1.00,1.00
2008.11.17 09:23:27.651,1.7746,1.77524,1.20,1.00
2008.11.17 09:23:27.821,1.77455,1.7752,1.00,1.50
2008.11.17 09:23:28.491,1.77455,1.7751,1.00,1.50
2008.11.17 09:23:29.460,1.77435,1.7751,2.10,1.50
2008.11.17 09:23:29.790,1.7743,1.7751,1.90,1.50
2008.11.17 09:23:30.131,1.7743,1.7751,1.90,1.50
2008.11.17 09:23:30.420,1.77435,1.775,1.00,1.50
2008.11.17 09:23:30.930,1.77435,1.7751,1.00,1.50
2008.11.17 09:23:32.110,1.7744,1.7751,1.20,1.50
2008.11.17 09:23:35.299,1.7744,1.775,1.20,1.50
2008.11.17 09:23:39.778,1.7743,1.775,1.20,1.50
2008.11.17 09:23:41.468,1.7743,1.775,1.20,2.70
2008.11.17 09:23:42.277,1.7745,1.775,1.00,1.50
2008.11.17 09:23:42.497,1.77455,1.775,1.00,1.50
2008.11.17 09:23:42.777,1.7746,1.77544,1.20,1.00
2008.11.17 09:23:42.997,1.7746,1.7755,1.20,1.00
2008.11.17 09:23:43.227,1.7746,1.77565,1.20,1.50
2008.11.17 09:23:43.457,1.7747,1.77565,1.20,1.20
2008.11.17 09:23:43.747,1.7747,1.77559,1.90,1.00
2008.11.17 09:23:44.107,1.7747,1.7756,1.90,1.00
2008.11.17 09:23:45.946,1.77525,1.7756,1.00,1.00
2008.11.17 09:23:46.236,1.77545,1.7758,1.20,6.00
2008.11.17 09:23:46.457,1.77525,1.7757,1.20,1.00
2008.11.17 09:23:46.836,1.77525,1.7758,1.20,6.00
2008.11.17 09:23:47.066,1.7753,1.7758,1.20,6.00
2008.11.17 09:23:47.316,1.77545,1.7758,1.00,6.00
2008.11.17 09:23:47.547,1.7754,1.7758,1.20,6.00
2008.11.17 09:23:48.176,1.7755,1.7758,1.20,6.00
2008.11.17 09:23:48.536,1.7754,1.7758,1.20,6.00
2008.11.17 09:23:49.165,1.7753,1.7758,1.20,6.00
2008.11.17 09:23:49.796,1.77545,1.7758,1.00,6.00
2008.11.17 09:23:50.256,1.7754,1.7758,8.10,6.00
2008.11.17 09:23:50.655,1.7754,1.7758,2.80,6.00
2008.11.17 09:23:51.005,1.77555,1.7758,1.00,6.00
2008.11.17 09:23:51.385,1.77545,1.7758,1.00,6.00
2008.11.17 09:23:52.095,1.7755,1.7758,4.20,6.00
2008.11.17 09:23:52.385,1.7756,1.7758,1.20,6.00
2008.11.17 09:23:52.725,1.7758,1.7761,1.20,8.40
2008.11.17 09:23:52.945,1.7757,1.7758,1.00,6.00
2008.11.17 09:23:53.165,1.77575,1.7758,1.00,6.00
2008.11.17 09:23:53.445,1.7756,1.7758,1.20,6.00
2008.11.17 09:23:53.835,1.7756,1.7758,3.10,6.00
2008.11.17 09:23:54.254,1.7758,1.7761,1.20,8.40
2008.11.17 09:23:54.614,1.7756,1.7758,1.20,6.00
2008.11.17 09:23:55.704,1.7755,1.7758,1.20,6.00
2008.11.17 09:23:57.614,1.77535,1.7758,1.90,6.00
2008.11.17 09:23:57.864,1.7753,1.7758,1.20,6.00
2008.11.17 09:23:58.854,1.7752,1.7758,2.10,6.00
2008.11.17 09:23:59.073,1.77525,1.7758,1.00,6.00
2008.11.17 09:23:59.293,1.7753,1.7758,1.20,6.00
2008.11.17 09:24:00.223,1.7752,1.7758,3.40,6.00
2008.11.17 09:24:00.503,1.7752,1.7758,3.00,6.00
2008.11.17 09:24:00.783,1.77545,1.7758,1.20,6.00
2008.11.17 09:24:01.773,1.77555,1.7758,1.20,6.00
2008.11.17 09:24:02.113,1.77565,1.7758,1.00,6.00
2008.11.17 09:24:02.403,1.7756,1.7758,1.20,6.00
2008.11.17 09:24:04.722,1.7755,1.7758,1.20,6.00
2008.11.17 09:24:06.392,1.7756,1.7758,1.20,6.00
2008.11.17 09:24:07.941,1.7756,1.7758,1.90,6.00
2008.11.17 09:24:08.181,1.7757,1.7758,1.20,6.00
2008.11.17 09:24:08.461,1.7758,1.7761,1.20,8.40
2008.11.17 09:24:09.081,1.7758,1.7768,1.20,1.50
2008.11.17 09:24:09.361,1.7757,1.7767,1.20,1.50
2008.11.17 09:24:09.811,1.7759,1.7768,1.20,1.50
2008.11.17 09:24:10.151,1.776,1.7767,1.20,1.50
2008.11.17 09:24:10.981,1.77615,1.7768,1.00,1.50
2008.11.17 09:24:11.270,1.7762,1.77684,1.20,1.00
2008.11.17 09:24:11.561,1.7761,1.7768,1.20,3.30
2008.11.17 09:24:11.740,1.77595,1.7766,1.00,1.50
2008.11.17 09:24:12.270,1.776,1.7768,1.20,1.50
2008.11.17 09:24:12.510,1.7759,1.7767,1.20,1.50
2008.11.17 09:24:14.399,1.7758,1.7765,1.20,1.50
2008.11.17 09:24:15.169,1.7758,1.7765,1.20,2.80
2008.11.17 09:24:15.879,1.77565,1.7764,1.00,2.70
2008.11.17 09:24:16.219,1.7756,1.7763,1.90,1.50
2008.11.17 09:24:16.619,1.7756,1.7763,1.20,1.50
2008.11.17 09:24:16.899,1.7755,1.7762,1.00,1.50
2008.11.17 09:24:17.189,1.77545,1.7762,1.00,1.50
2008.11.17 09:24:17.529,1.77565,1.7762,1.00,2.80
2008.11.17 09:24:17.809,1.77565,1.7762,1.00,1.50
2008.11.17 09:24:18.159,1.7756,1.77665,3.10,2.80
2008.11.17 09:24:18.499,1.7758,1.7767,1.00,1.20
2008.11.17 09:24:18.789,1.77585,1.7768,1.90,2.80
2008.11.17 09:24:19.249,1.77615,1.77675,1.00,1.20
2008.11.17 09:24:19.689,1.77615,1.7769,1.00,1.50
2008.11.17 09:24:20.358,1.77635,1.77705,1.00,1.20
2008.11.17 09:24:20.658,1.77635,1.7771,1.00,1.50
2008.11.17 09:24:21.058,1.7763,1.77714,3.10,1.00
2008.11.17 09:24:21.468,1.7763,1.7771,1.20,1.20
2008.11.17 09:24:21.878,1.77655,1.7771,1.00,1.50
2008.11.17 09:24:22.208,1.77675,1.7771,1.00,1.50
2008.11.17 09:24:22.958,1.77695,1.7771,1.00,1.50
2008.11.17 09:24:23.247,1.7769,1.7771,1.00,1.50
2008.11.17 09:24:23.947,1.7768,1.777,1.00,1.50
2008.11.17 09:24:24.637,1.7768,1.7769,1.00,1.50
2008.11.17 09:24:24.987,1.7772,1.77745,1.00,1.50
2008.11.17 09:24:25.687,1.77705,1.77765,1.00,1.50
2008.11.17 09:24:25.967,1.7772,1.77775,1.00,1.50
2008.11.17 09:24:26.697,1.7769,1.7776,1.90,1.50
2008.11.17 09:24:27.097,1.7768,1.77765,1.20,2.40
2008.11.17 09:24:27.336,1.7768,1.77765,1.20,1.20
2008.11.17 09:24:27.806,1.7768,1.77765,1.20,1.60
2008.11.17 09:24:27.976,1.77685,1.77765,1.00,1.00
2008.11.17 09:24:28.326,1.77685,1.7776,1.00,1.50
2008.11.17 09:24:28.826,1.77685,1.7776,1.00,1.50
2008.11.17 09:24:29.216,1.7769,1.7777,1.90,2.40
2008.11.17 09:24:29.496,1.777,1.77765,1.00,1.00
2008.11.17 09:24:29.896,1.77725,1.77755,1.20,1.00
2008.11.17 09:24:30.376,1.77725,1.77765,1.20,1.00
2008.11.17 09:24:30.896,1.7774,1.77765,1.20,2.70
2008.11.17 09:24:31.226,1.77675,1.7776,1.20,3.30
2008.11.17 09:24:31.675,1.77665,1.7776,1.20,4.50
2008.11.17 09:24:32.015,1.77665,1.7775,1.20,1.00
2008.11.17 09:24:32.195,1.77665,1.77745,1.20,1.20
2008.11.17 09:24:32.426,1.7768,1.77745,1.20,1.00
2008.11.17 09:24:32.845,1.7768,1.77755,1.20,1.00
2008.11.17 09:24:33.135,1.7768,1.77764,1.20,1.00
2008.11.17 09:24:33.425,1.77685,1.7774,1.00,1.20
2008.11.17 09:24:33.725,1.7769,1.77734,1.20,1.00
2008.11.17 09:24:34.075,1.777,1.7775,1.20,2.80
2008.11.17 09:24:34.485,1.7771,1.77744,1.20,1.00
2008.11.17 09:24:34.884,1.777,1.7774,1.20,1.20
2008.11.17 09:24:35.294,1.777,1.77744,1.20,1.00
2008.11.17 09:24:35.645,1.7769,1.77744,1.20,1.00
2008.11.17 09:24:35.984,1.7765,1.77744,1.90,1.00
2008.11.17 09:24:36.324,1.77695,1.7775,1.00,4.20
2008.11.17 09:24:36.605,1.77695,1.7775,1.00,1.80
2008.11.17 09:24:37.024,1.7771,1.7776,1.00,3.90
2008.11.17 09:24:37.364,1.7771,1.7775,4.20,1.50
2008.11.17 09:24:37.594,1.7773,1.7775,1.00,1.50
2008.11.17 09:24:37.874,1.77725,1.7775,1.00,1.50
2008.11.17 09:24:38.094,1.7774,1.7775,1.00,1.50
2008.11.17 09:24:38.394,1.7776,1.7779,1.00,6.00
2008.11.17 09:24:38.844,1.77755,1.7779,1.00,6.00
2008.11.17 09:24:39.183,1.7778,1.7779,1.00,6.00
2008.11.17 09:24:39.534,1.77785,1.7779,1.00,6.00
2008.11.17 09:24:39.984,1.7776,1.77765,2.40,2.00
2008.11.17 09:24:40.333,1.77775,1.7784,2.10,1.20
2008.11.17 09:24:40.683,1.7776,1.77805,1.90,6.00
2008.11.17 09:24:41.183,1.7773,1.77805,5.50,6.00
2008.11.17 09:24:41.623,1.7774,1.77755,1.00,1.50
2008.11.17 09:24:41.783,1.77755,1.7776,1.00,2.00
2008.11.17 09:24:42.183,1.7773,1.77755,5.50,1.50
2008.11.17 09:24:42.423,1.7773,1.77775,5.50,1.50
2008.11.17 09:24:42.763,1.7773,1.7775,3.60,1.50
2008.11.17 09:24:43.063,1.77735,1.7774,1.90,1.50
2008.11.17 09:24:43.293,1.7774,1.7779,4.30,6.00
2008.11.17 09:24:44.033,1.7774,1.7779,3.60,6.00
2008.11.17 09:24:45.042,1.7774,1.7777,3.60,1.50
2008.11.17 09:24:45.742,1.7774,1.7779,3.60,1.50
2008.11.17 09:24:46.692,1.7774,1.77774,3.60,1.00
2008.11.17 09:24:47.032,1.7774,1.7779,3.60,6.00
2008.11.17 09:24:47.772,1.7774,1.7778,3.60,1.20
2008.11.17 09:24:48.102,1.7776,1.77785,1.20,1.20
2008.11.17 09:24:48.401,1.7776,1.77785,1.20,4.00
2008.11.17 09:24:48.751,1.7777,1.77785,1.20,1.20
2008.11.17 09:24:49.111,1.7777,1.7778,1.20,1.20
2008.11.17 09:24:49.531,1.7776,1.77785,1.20,4.20
2008.11.17 09:24:49.881,1.7776,1.77785,1.20,2.80
2008.11.17 09:24:50.111,1.77785,1.7779,1.20,6.00
2008.11.17 09:24:50.691,1.77735,1.77775,1.20,1.20
2008.11.17 09:24:51.151,1.77695,1.77735,1.20,4.20
2008.11.17 09:24:51.481,1.7763,1.77749,2.80,1.00
2008.11.17 09:24:51.830,1.77625,1.7775,2.80,1.20
2008.11.17 09:24:52.061,1.77625,1.77735,1.90,1.20
2008.11.17 09:24:52.180,1.77612,1.77812,1.20,1.00
2008.11.17 09:24:53.260,1.77675,1.77714,1.20,1.00
2008.11.17 09:24:53.550,1.77675,1.77724,1.20,1.00
2008.11.17 09:24:53.890,1.7763,1.77714,1.00,1.00
2008.11.17 09:24:54.240,1.77709,1.77734,1.20,1.00
2008.11.17 09:24:55.520,1.77702,1.77782,1.20,1.00
2008.11.17 09:24:55.920,1.77735,1.7774,2.00,1.20
2008.11.17 09:24:56.430,1.7772,1.7774,1.20,1.20
2008.11.17 09:24:57.239,1.777,1.7774,1.20,1.20
2008.11.17 09:24:57.409,1.777,1.77734,1.20,1.00
2008.11.17 09:24:58.799,1.77725,1.77734,1.20,1.00
2008.11.17 09:24:59.079,1.77685,1.77734,1.20,1.00
2008.11.17 09:24:59.639,1.77695,1.77714,1.20,1.00
2008.11.17 09:24:59.929,1.77665,1.77714,1.20,1.00
2008.11.17 09:25:00.509,1.7767,1.77714,1.20,1.00
2008.11.17 09:25:00.799,1.7768,1.77714,1.20,1.00
2008.11.17 09:25:01.129,1.7767,1.77734,1.20,1.00
2008.11.17 09:25:01.478,1.7766,1.77734,1.20,1.00
2008.11.17 09:25:01.698,1.77695,1.77734,1.20,1.00
2008.11.17 09:25:01.938,1.7765,1.77734,1.00,1.00
2008.11.17 09:25:02.218,1.77645,1.77734,1.00,1.00
2008.11.17 09:25:02.388,1.77645,1.7772,1.00,1.50
2008.11.17 09:25:02.718,1.77645,1.7771,1.00,1.50
2008.11.17 09:25:03.238,1.7766,1.7771,1.00,1.50
2008.11.17 09:25:03.708,1.7766,1.7772,1.00,1.50
2008.11.17 09:25:03.997,1.77655,1.7772,3.00,1.50
2008.11.17 09:25:04.298,1.77675,1.7772,1.00,1.50
2008.11.17 09:25:04.927,1.77675,1.77734,1.00,1.00
2008.11.17 09:25:05.437,1.7766,1.77734,1.20,1.00
2008.11.17 09:25:05.877,1.7766,1.7773,1.00,1.50
2008.11.17 09:25:06.177,1.77665,1.7773,1.00,1.50
2008.11.17 09:25:06.937,1.77665,1.7772,1.00,1.50
2008.11.17 09:25:07.847,1.77665,1.7771,1.00,1.50
2008.11.17 09:25:08.207,1.77655,1.7771,1.00,1.50
2008.11.17 09:25:08.617,1.77655,1.77724,1.00,1.00
2008.11.17 09:25:08.966,1.7767,1.77724,1.20,1.00
2008.11.17 09:25:10.116,1.7768,1.77724,1.20,1.00
2008.11.17 09:25:10.646,1.7767,1.77714,1.20,1.00
2008.11.17 09:25:10.946,1.7766,1.77714,1.20,1.00
2008.11.17 09:25:11.586,1.7767,1.77714,1.20,1.00
2008.11.17 09:25:12.056,1.7767,1.777,1.20,1.20
2008.11.17 09:25:12.286,1.7766,1.77694,1.20,1.00
2008.11.17 09:25:12.576,1.7765,1.77694,1.20,1.00
2008.11.17 09:25:12.856,1.7765,1.77684,1.20,1.00
2008.11.17 09:25:13.145,1.7764,1.77684,1.20,1.00
2008.11.17 09:25:13.475,1.7764,1.77674,1.20,1.00
2008.11.17 09:25:14.315,1.77605,1.77674,1.00,1.00
2008.11.17 09:25:14.605,1.77615,1.7768,1.00,1.50
2008.11.17 09:25:16.185,1.77615,1.7768,1.00,1.50
2008.11.17 09:25:16.425,1.77625,1.7769,1.00,1.50
2008.11.17 09:25:16.765,1.77635,1.7769,1.00,1.50
2008.11.17 09:25:17.064,1.77635,1.777,1.00,1.50
2008.11.17 09:25:17.174,1.7762,1.777,1.20,1.50
2008.11.17 09:25:17.464,1.7764,1.77705,1.20,1.20
2008.11.17 09:25:17.764,1.7762,1.777,1.20,1.50
2008.11.17 09:25:18.964,1.7762,1.777,1.90,1.50
2008.11.17 09:25:19.354,1.7762,1.777,1.20,1.50
2008.11.17 09:25:19.574,1.7762,1.777,1.20,2.70
2008.11.17 09:25:19.794,1.7762,1.777,1.90,1.50
2008.11.17 09:25:20.434,1.7762,1.777,1.20,2.70
2008.11.17 09:25:20.904,1.7762,1.777,1.20,1.50
2008.11.17 09:25:21.703,1.7762,1.777,1.20,2.70
2008.11.17 09:25:21.993,1.7762,1.777,1.20,1.50
2008.11.17 09:25:23.033,1.7762,1.77694,1.20,1.00
2008.11.17 09:25:23.203,1.7762,1.7769,1.20,1.50
2008.11.17 09:25:27.162,1.7762,1.77684,1.20,1.00
2008.11.17 09:25:27.392,1.7761,1.7768,1.20,1.50
2008.11.17 09:25:27.673,1.7761,1.77674,1.20,1.00
2008.11.17 09:25:27.852,1.7761,1.7768,1.20,1.50
2008.11.17 09:25:28.312,1.7761,1.7769,1.20,1.50
2008.11.17 09:25:28.602,1.776,1.7767,1.20,1.50
2008.11.17 09:25:29.631,1.7761,1.77674,1.20,1.00
2008.11.17 09:25:30.031,1.7761,1.7769,1.90,1.00
2008.11.17 09:25:30.271,1.7762,1.77674,1.20,1.00
2008.11.17 09:25:30.511,1.7761,1.7769,1.20,1.50
2008.11.17 09:25:30.782,1.7762,1.777,1.90,1.00
2008.11.17 09:25:31.361,1.7761,1.7769,1.20,1.50
2008.11.17 09:25:32.621,1.7761,1.7769,1.20,2.70
2008.11.17 09:25:34.060,1.7761,1.7769,1.20,1.50
2008.11.17 09:25:34.290,1.7761,1.7768,1.20,1.50
2008.11.17 09:25:36.270,1.77625,1.7768,1.00,1.50
2008.11.17 09:25:36.510,1.7764,1.77704,1.20,1.00
2008.11.17 09:25:36.850,1.7762,1.7768,1.20,1.50
2008.11.17 09:25:37.140,1.7763,1.77699,1.20,1.00
2008.11.17 09:25:37.540,1.7762,1.7769,1.20,1.50
2008.11.17 09:25:37.829,1.7763,1.777,1.20,1.50
2008.11.17 09:25:38.469,1.7762,1.7769,1.20,1.50
2008.11.17 09:25:39.499,1.7762,1.77685,1.20,1.20
2008.11.17 09:25:39.839,1.7761,1.7767,3.10,1.50
2008.11.17 09:25:40.139,1.7762,1.7769,1.20,1.50
2008.11.17 09:25:41.369,1.7762,1.77705,1.20,1.20
2008.11.17 09:25:44.088,1.77625,1.77705,1.90,1.20
2008.11.17 09:25:44.438,1.7764,1.77724,1.20,1.00
2008.11.17 09:25:44.668,1.7764,1.7772,1.20,1.50
2008.11.17 09:25:46.527,1.77645,1.77704,1.00,1.00
2008.11.17 09:25:47.707,1.77655,1.77704,1.00,1.00
2008.11.17 09:25:47.757,1.77655,1.7769,1.00,1.50
2008.11.17 09:25:47.867,1.77635,1.7769,1.90,1.50
2008.11.17 09:25:47.977,1.7764,1.7771,2.40,1.50
2008.11.17 09:25:48.097,1.7764,1.7771,3.00,1.50
2008.11.17 09:25:48.327,1.7764,1.7771,2.40,1.50
2008.11.17 09:25:48.507,1.77635,1.7771,1.80,1.50
2008.11.17 09:25:48.727,1.7765,1.7772,1.20,2.80
2008.11.17 09:25:49.127,1.7765,1.7772,1.20,1.00
2008.11.17 09:25:49.297,1.7765,1.7773,1.20,2.80
2008.11.17 09:25:49.637,1.77635,1.7772,1.90,1.20
2008.11.17 09:25:50.028,1.77635,1.7772,1.90,4.20
2008.11.17 09:25:50.366,1.77645,1.7772,1.00,3.60
2008.11.17 09:25:50.646,1.77645,1.77724,1.00,1.00
2008.11.17 09:25:51.156,1.7764,1.7772,1.20,1.50
2008.11.17 09:25:51.686,1.7764,1.7772,3.10,1.50
2008.11.17 09:25:52.176,1.7764,1.7772,3.10,2.70
2008.11.17 09:25:52.336,1.7764,1.7771,1.90,1.50
2008.11.17 09:25:54.806,1.77635,1.7771,1.00,1.50
2008.11.17 09:25:59.004,1.77635,1.77694,1.00,1.00
2008.11.17 09:26:00.174,1.7762,1.7769,3.10,1.50
2008.11.17 09:26:00.344,1.7761,1.7768,3.10,1.50
2008.11.17 09:26:00.844,1.7761,1.7768,1.20,1.50
2008.11.17 09:26:04.193,1.7761,1.77674,1.20,1.00
2008.11.17 09:26:05.373,1.77565,1.7765,1.00,1.50
2008.11.17 09:26:05.723,1.7755,1.77649,1.20,1.00
2008.11.17 09:26:06.083,1.77545,1.7765,2.80,1.20
2008.11.17 09:26:06.373,1.77565,1.7765,1.00,4.20
2008.11.17 09:26:06.603,1.7756,1.77645,1.00,2.80
2008.11.17 09:26:07.422,1.77595,1.77645,1.20,2.80
2008.11.17 09:26:07.712,1.77605,1.77705,1.20,5.80
2008.11.17 09:26:07.882,1.77605,1.777,1.20,1.20
2008.11.17 09:26:08.103,1.776,1.777,1.00,1.20
2008.11.17 09:26:08.272,1.77585,1.77704,1.00,1.00
2008.11.17 09:26:08.682,1.776,1.7769,1.00,1.50
2008.11.17 09:26:09.312,1.7762,1.777,1.20,3.30
2008.11.17 09:26:09.492,1.7763,1.777,1.20,1.00
2008.11.17 09:26:09.652,1.7763,1.77705,1.20,1.20
2008.11.17 09:26:09.822,1.7763,1.7771,1.20,1.90
2008.11.17 09:26:10.172,1.7763,1.7771,1.20,3.10
2008.11.17 09:26:10.332,1.7763,1.77705,1.20,1.20
2008.11.17 09:26:10.682,1.7762,1.777,1.20,1.50
2008.11.17 09:26:10.971,1.7762,1.777,1.20,2.70
2008.11.17 09:26:11.931,1.7762,1.777,1.20,1.50
2008.11.17 09:26:16.950,1.7762,1.7769,1.20,1.50
2008.11.17 09:26:17.980,1.7763,1.777,1.20,1.50
2008.11.17 09:26:18.270,1.7762,1.7769,1.20,1.50
2008.11.17 09:26:18.730,1.7763,1.777,1.20,1.50
2008.11.17 09:26:19.130,1.7762,1.777,1.20,1.50
2008.11.17 09:26:19.880,1.7763,1.7771,1.20,2.70
2008.11.17 09:26:21.389,1.7765,1.77714,1.20,1.00
2008.11.17 09:26:21.719,1.77645,1.77714,1.00,1.00
2008.11.17 09:26:22.009,1.7763,1.777,1.20,1.50
2008.11.17 09:26:22.239,1.7762,1.777,1.20,1.50
2008.11.17 09:26:22.758,1.77645,1.77704,1.00,1.00
2008.11.17 09:26:23.678,1.7764,1.777,1.20,1.50
2008.11.17 09:26:25.048,1.7764,1.77704,1.20,1.00
2008.11.17 09:26:25.158,1.77645,1.77704,1.00,1.00
2008.11.17 09:26:26.378,1.7766,1.77714,1.20,1.00
2008.11.17 09:26:26.858,1.7766,1.77724,1.20,1.00
2008.11.17 09:26:27.847,1.77655,1.7772,1.00,1.50
2008.11.17 09:26:27.957,1.7765,1.7772,1.20,1.50
2008.11.17 09:26:28.927,1.7765,1.7772,1.20,2.70
2008.11.17 09:26:31.277,1.7765,1.77715,1.20,1.20
2008.11.17 09:26:31.507,1.7764,1.7771,1.20,1.50
2008.11.17 09:26:34.406,1.7765,1.7772,1.20,2.70
2008.11.17 09:26:35.036,1.7765,1.7772,1.20,1.50
2008.11.17 09:26:37.145,1.77645,1.7771,1.00,1.50
2008.11.17 09:26:37.655,1.7765,1.77714,1.20,1.00
2008.11.17 09:26:37.835,1.77655,1.77714,1.00,1.00
2008.11.17 09:26:38.525,1.77655,1.7771,1.00,1.50
2008.11.17 09:26:38.685,1.77645,1.7771,1.00,1.50
2008.11.17 09:26:39.315,1.7765,1.7772,1.20,1.50
2008.11.17 09:26:39.664,1.77645,1.7771,1.00,1.50
2008.11.17 09:26:40.125,1.7764,1.7771,1.20,1.50
2008.11.17 09:26:41.224,1.7763,1.7772,1.20,3.10
2008.11.17 09:26:41.574,1.7764,1.7772,1.20,1.50
2008.11.17 09:26:42.154,1.77655,1.77724,1.00,1.00
2008.11.17 09:26:42.324,1.77645,1.77714,1.00,1.00
2008.11.17 09:26:42.734,1.7761,1.777,4.20,1.50
2008.11.17 09:26:42.954,1.7761,1.7768,1.30,1.50
2008.11.17 09:26:43.244,1.77615,1.77684,1.00,1.00
2008.11.17 09:26:43.844,1.7763,1.777,1.20,1.50
2008.11.17 09:26:44.433,1.7763,1.7771,1.20,1.50
2008.11.17 09:26:45.603,1.77635,1.7771,1.00,1.50
2008.11.17 09:26:45.883,1.7763,1.7771,1.20,1.50
2008.11.17 09:26:46.793,1.7763,1.777,1.20,1.50
2008.11.17 09:26:49.272,1.7764,1.7771,1.20,1.50
2008.11.17 09:26:49.902,1.77635,1.777,1.00,1.50
2008.11.17 09:26:50.462,1.7763,1.777,1.20,1.50
2008.11.17 09:26:53.981,1.7763,1.777,1.90,1.50
2008.11.17 09:26:54.381,1.7764,1.777,1.20,1.50
2008.11.17 09:26:54.651,1.7764,1.7772,1.20,1.50
2008.11.17 09:26:55.181,1.7766,1.7773,1.20,1.50
2008.11.17 09:26:55.661,1.7766,1.77725,1.20,1.20
2008.11.17 09:26:56.111,1.7767,1.77744,1.20,1.00
2008.11.17 09:26:56.461,1.7768,1.77745,1.90,2.80
2008.11.17 09:26:56.921,1.7768,1.77745,1.20,2.40
2008.11.17 09:26:57.100,1.7767,1.77745,1.90,2.40
2008.11.17 09:26:57.391,1.7767,1.77755,1.90,1.20
2008.11.17 09:27:00.109,1.77665,1.77755,1.90,1.20
2008.11.17 09:27:00.990,1.7767,1.77755,1.90,1.20
2008.11.17 09:27:01.349,1.7769,1.7777,1.20,2.70
2008.11.17 09:27:03.009,1.7769,1.7776,1.20,1.50
2008.11.17 09:27:03.739,1.7769,1.7775,1.20,1.20
2008.11.17 09:27:04.029,1.77675,1.77735,1.00,1.20
2008.11.17 09:27:04.319,1.7764,1.7772,4.20,1.50
2008.11.17 09:27:04.669,1.7764,1.7772,3.10,1.50
2008.11.17 09:27:05.008,1.7765,1.7772,1.00,1.50
2008.11.17 09:27:05.238,1.7765,1.77765,1.90,1.50
2008.11.17 09:27:05.528,1.7766,1.77765,3.60,1.50
2008.11.17 09:27:05.868,1.7768,1.7778,1.90,1.90
2008.11.17 09:27:06.258,1.77685,1.77775,1.00,1.50
2008.11.17 09:27:06.548,1.77695,1.77774,1.00,1.00
2008.11.17 09:27:07.028,1.777,1.77774,1.90,1.00
2008.11.17 09:27:07.418,1.7771,1.7779,1.20,1.50
2008.11.17 09:27:07.528,1.7773,1.7779,1.20,1.50
2008.11.17 09:27:07.988,1.7772,1.7779,1.20,1.50
2008.11.17 09:27:08.228,1.77705,1.77794,1.00,1.00
2008.11.17 09:27:08.348,1.777,1.77795,1.90,1.50
2008.11.17 09:27:08.518,1.777,1.77785,1.20,1.20
2008.11.17 09:27:08.867,1.7769,1.77775,5.10,1.20
2008.11.17 09:27:09.258,1.7769,1.77779,2.50,1.00
2008.11.17 09:27:09.597,1.7769,1.7778,3.10,1.20
2008.11.17 09:27:09.827,1.777,1.77774,3.10,1.00
2008.11.17 09:27:10.577,1.7771,1.77785,1.20,1.20
2008.11.17 09:27:10.907,1.7772,1.77774,1.20,1.00
2008.11.17 09:27:11.267,1.7771,1.7778,1.20,1.50
2008.11.17 09:27:11.617,1.77705,1.7777,1.00,1.50
2008.11.17 09:27:11.847,1.7772,1.7779,1.20,1.50
2008.11.17 09:27:12.197,1.7771,1.7778,3.10,1.50
2008.11.17 09:27:12.407,1.7772,1.7779,1.20,1.50
2008.11.17 09:27:13.346,1.7771,1.7778,1.20,1.50
2008.11.17 09:27:15.256,1.7771,1.77794,1.20,1.00
2008.11.17 09:27:15.426,1.7771,1.7778,1.20,1.20
2008.11.17 09:27:15.666,1.777,1.7777,3.10,1.50
2008.11.17 09:27:15.846,1.777,1.7777,1.20,1.50
2008.11.17 09:27:16.136,1.777,1.7776,1.20,1.20
2008.11.17 09:27:16.596,1.777,1.7777,1.20,1.50
2008.11.17 09:27:17.386,1.777,1.7778,1.20,4.50
2008.11.17 09:27:17.675,1.777,1.7778,1.20,1.50
2008.11.17 09:27:17.965,1.77705,1.7778,1.00,1.50
2008.11.17 09:27:18.185,1.7772,1.7779,1.20,1.50
2008.11.17 09:27:19.115,1.77715,1.7778,1.00,1.50
2008.11.17 09:27:19.915,1.7771,1.7778,1.20,1.50
2008.11.17 09:27:22.065,1.77705,1.7777,1.00,1.50
2008.11.17 09:27:22.424,1.7771,1.7778,1.90,1.50
2008.11.17 09:27:22.764,1.7772,1.7779,1.20,1.50
2008.11.17 09:27:23.104,1.7771,1.7778,1.20,1.50
2008.11.17 09:27:23.334,1.7772,1.7778,1.20,1.50
2008.11.17 09:27:24.814,1.7772,1.7779,1.20,1.50
2008.11.17 09:27:25.503,1.7772,1.7779,1.20,2.70
2008.11.17 09:27:25.784,1.7771,1.7778,1.20,1.50
2008.11.17 09:27:26.133,1.7772,1.7778,1.20,1.50
2008.11.17 09:27:26.863,1.777,1.7778,3.10,1.50
2008.11.17 09:27:27.093,1.777,1.7777,3.10,1.50
2008.11.17 09:27:27.263,1.777,1.7777,1.90,1.50
2008.11.17 09:27:27.443,1.77705,1.7777,1.90,1.50
2008.11.17 09:27:27.613,1.7771,1.7778,1.20,1.50
2008.11.17 09:27:28.063,1.7772,1.7779,1.20,1.50
2008.11.17 09:27:28.463,1.77715,1.7778,1.00,1.50
2008.11.17 09:27:28.683,1.7771,1.7778,1.20,1.50
2008.11.17 09:27:31.672,1.77705,1.77764,1.00,1.00
2008.11.17 09:27:32.562,1.7769,1.7776,1.20,1.50
2008.11.17 09:27:36.211,1.7768,1.7775,1.20,1.50
2008.11.17 09:27:41.040,1.7769,1.7775,1.20,1.50
2008.11.17 09:27:41.380,1.7768,1.77755,1.20,4.00
2008.11.17 09:27:41.769,1.7766,1.7775,1.00,4.20
2008.11.17 09:27:42.069,1.77655,1.7774,3.00,2.80
2008.11.17 09:27:42.520,1.7766,1.77744,1.90,1.00
2008.11.17 09:27:42.859,1.77675,1.7773,1.00,4.50
2008.11.17 09:27:43.149,1.7766,1.7774,1.20,1.50
2008.11.17 09:27:43.499,1.7766,1.7774,4.20,1.50
2008.11.17 09:27:43.899,1.7766,1.7775,3.00,1.50
2008.11.17 09:27:44.239,1.7769,1.7774,1.00,1.50
2008.11.17 09:27:44.639,1.7766,1.77759,1.90,1.00
2008.11.17 09:27:44.939,1.7766,1.77755,1.90,2.40
2008.11.17 09:27:45.319,1.77675,1.77745,1.90,1.20
2008.11.17 09:27:45.649,1.7769,1.77765,1.00,1.00
2008.11.17 09:27:46.159,1.7771,1.7778,1.00,1.00
2008.11.17 09:27:46.549,1.77705,1.7776,1.00,1.20
2008.11.17 09:27:46.728,1.77695,1.7777,1.00,1.20
2008.11.17 09:27:47.008,1.77675,1.7777,1.00,1.50
2008.11.17 09:27:47.229,1.77665,1.77755,2.10,1.20
2008.11.17 09:27:47.518,1.7768,1.77759,1.20,1.00
2008.11.17 09:27:48.108,1.77665,1.77755,1.90,1.80
2008.11.17 09:27:48.628,1.7767,1.7775,1.20,2.40
2008.11.17 09:27:48.928,1.77665,1.77745,1.90,1.20
2008.11.17 09:27:49.278,1.7768,1.77735,1.20,1.20
2008.11.17 09:27:49.718,1.7766,1.77735,1.20,1.20
2008.11.17 09:27:50.118,1.7766,1.77745,1.20,1.20
2008.11.17 09:27:50.467,1.77655,1.7774,1.90,1.20
2008.11.17 09:27:50.738,1.7765,1.7775,1.20,1.00
2008.11.17 09:27:51.127,1.7765,1.7774,1.20,1.00
2008.11.17 09:27:51.957,1.7764,1.7774,1.20,1.00
2008.11.17 09:27:52.177,1.77645,1.77745,1.90,1.00
2008.11.17 09:27:52.407,1.7765,1.77745,1.00,1.50
2008.11.17 09:27:52.817,1.777,1.77749,1.00,1.00
2008.11.17 09:27:53.037,1.7768,1.7776,1.90,2.80
2008.11.17 09:27:53.257,1.7764,1.7776,6.00,1.90
2008.11.17 09:27:53.487,1.77645,1.77755,1.00,1.20
2008.11.17 09:27:53.707,1.7764,1.7775,1.00,1.20
2008.11.17 09:27:54.127,1.7768,1.77785,1.00,1.00
2008.11.17 09:27:54.476,1.7768,1.7779,1.00,1.50
2008.11.17 09:27:55.326,1.77695,1.7778,3.40,1.50
2008.11.17 09:27:55.556,1.77695,1.7778,4.00,1.50
2008.11.17 09:27:55.906,1.77695,1.7778,3.90,1.50
2008.11.17 09:27:56.336,1.77695,1.7777,1.00,1.50
2008.11.17 09:27:56.736,1.7769,1.7777,1.00,1.50
2008.11.17 09:27:56.956,1.7771,1.77785,1.20,1.50
2008.11.17 09:27:57.196,1.7772,1.7777,1.20,1.20
2008.11.17 09:27:57.586,1.7766,1.7777,2.80,2.70
2008.11.17 09:27:57.806,1.7767,1.7777,1.00,1.50
2008.11.17 09:27:58.076,1.77675,1.7777,1.00,1.50
2008.11.17 09:27:58.366,1.7767,1.7777,1.00,1.50
2008.11.17 09:27:58.716,1.777,1.77775,1.20,4.00
2008.11.17 09:27:59.465,1.7768,1.77765,1.20,4.80
2008.11.17 09:27:59.865,1.777,1.77739,1.20,1.00
2008.11.17 09:28:00.215,1.777,1.7777,1.20,1.20
2008.11.17 09:28:00.515,1.777,1.77765,1.20,2.80
2008.11.17 09:28:00.875,1.7768,1.7776,1.20,4.20
2008.11.17 09:28:01.615,1.777,1.7775,1.20,1.20
2008.11.17 09:28:02.145,1.777,1.77745,1.20,1.20
2008.11.17 09:28:02.375,1.777,1.77745,1.20,3.00
2008.11.17 09:28:02.657,1.777,1.77729,1.20,1.00
2008.11.17 09:28:02.994,1.777,1.7771,1.20,4.20
2008.11.17 09:28:03.294,1.7768,1.77695,1.20,1.20
2008.11.17 09:28:03.774,1.7768,1.7769,1.20,2.80
2008.11.17 09:28:04.075,1.7768,1.77695,1.20,2.40
2008.11.17 09:28:04.444,1.7768,1.7774,1.20,1.00
2008.11.17 09:28:04.844,1.7767,1.7774,1.20,1.90
2008.11.17 09:28:05.174,1.7767,1.7772,1.20,1.20
2008.11.17 09:28:05.504,1.7769,1.77705,1.20,1.20
2008.11.17 09:28:05.854,1.7769,1.77705,1.20,4.20
2008.11.17 09:28:06.144,1.7768,1.77705,1.20,2.80
2008.11.17 09:28:06.553,1.7767,1.7772,1.20,2.80
2008.11.17 09:28:06.893,1.7768,1.77725,1.20,2.80
2008.11.17 09:28:07.183,1.7766,1.7773,1.20,1.20
2008.11.17 09:28:07.823,1.7766,1.7772,1.20,1.20
2008.11.17 09:28:08.103,1.7762,1.77705,1.20,1.20
2008.11.17 09:28:08.393,1.77615,1.777,1.00,1.20
2008.11.17 09:28:08.643,1.77615,1.7769,1.00,4.20
2008.11.17 09:28:09.023,1.77615,1.7769,1.00,4.20
2008.11.17 09:28:09.293,1.77625,1.7773,1.00,7.00
2008.11.17 09:28:09.623,1.77625,1.7773,1.00,2.70
2008.11.17 09:28:09.923,1.7764,1.77725,1.20,1.20
2008.11.17 09:28:10.383,1.7764,1.7773,1.20,2.70
2008.11.17 09:28:10.663,1.7764,1.7771,1.20,1.00
2008.11.17 09:28:11.123,1.7765,1.77694,1.20,1.00
2008.11.17 09:28:11.522,1.7764,1.77715,1.20,4.20
2008.11.17 09:28:11.862,1.77645,1.7773,1.00,1.50
2008.11.17 09:28:12.532,1.7765,1.7772,1.00,1.50
2008.11.17 09:28:12.762,1.77645,1.7772,1.00,1.50
2008.11.17 09:28:12.982,1.7764,1.7772,1.20,1.50
2008.11.17 09:28:13.312,1.7764,1.77715,3.10,1.20
2008.11.17 09:28:13.542,1.7764,1.77694,1.20,1.00
2008.11.17 09:28:13.952,1.7765,1.7773,1.00,5.80
2008.11.17 09:28:14.402,1.77645,1.7773,2.80,4.50
2008.11.17 09:28:14.872,1.77645,1.7773,2.80,1.50
2008.11.17 09:28:15.152,1.7765,1.7772,1.90,1.50
2008.11.17 09:28:15.502,1.7765,1.7772,2.80,1.50
2008.11.17 09:28:15.681,1.77655,1.7772,1.00,1.50
2008.11.17 09:28:16.041,1.77665,1.7772,1.00,1.50
2008.11.17 09:28:16.441,1.77665,1.77685,1.00,1.50
2008.11.17 09:28:16.791,1.7766,1.77685,2.80,1.50
2008.11.17 09:28:17.021,1.7766,1.77745,2.80,1.50
2008.11.17 09:28:17.371,1.7766,1.77735,1.90,1.50
2008.11.17 09:28:17.891,1.7766,1.77745,1.90,1.50
2008.11.17 09:28:18.261,1.7766,1.7772,2.80,1.50
2008.11.17 09:28:19.170,1.7765,1.7772,1.90,1.50
2008.11.17 09:28:19.520,1.7765,1.7773,3.10,1.50
2008.11.17 09:28:20.360,1.7765,1.7772,1.20,1.50
2008.11.17 09:28:20.990,1.7765,1.77725,1.20,1.20
2008.11.17 09:28:21.410,1.7766,1.77725,1.20,1.20
2008.11.17 09:28:21.920,1.7767,1.77729,1.20,1.00
2008.11.17 09:28:22.310,1.7767,1.77724,1.20,1.00
2008.11.17 09:28:23.350,1.7767,1.7772,1.20,1.20
2008.11.17 09:28:23.630,1.7766,1.7772,1.20,1.20
2008.11.17 09:28:24.379,1.7765,1.7772,1.20,1.20
2008.11.17 09:28:24.829,1.7765,1.7772,1.20,1.50
2008.11.17 09:28:25.659,1.7765,1.7772,1.20,3.10
2008.11.17 09:28:26.529,1.7765,1.777,1.20,1.20
2008.11.17 09:28:26.889,1.7765,1.77695,1.20,5.40
2008.11.17 09:28:27.249,1.7764,1.77695,1.20,2.80
2008.11.17 09:28:27.418,1.7764,1.7771,1.20,1.50
2008.11.17 09:28:29.528,1.7764,1.777,1.20,1.50
2008.11.17 09:28:30.838,1.77625,1.7769,3.00,1.50
2008.11.17 09:28:31.127,1.77625,1.7768,3.00,1.50
2008.11.17 09:28:31.488,1.7764,1.777,1.20,1.50
2008.11.17 09:28:31.828,1.7765,1.7772,1.20,2.70
2008.11.17 09:28:32.227,1.7764,1.7771,1.20,1.50
2008.11.17 09:28:35.627,1.7764,1.777,1.20,1.50
2008.11.17 09:28:36.076,1.7764,1.7771,1.20,1.50
2008.11.17 09:28:36.407,1.7765,1.7772,1.20,1.50
2008.11.17 09:28:37.206,1.7765,1.7772,1.20,2.70
2008.11.17 09:28:37.656,1.7764,1.7771,1.20,1.50
2008.11.17 09:28:39.226,1.7765,1.7772,1.20,1.50
2008.11.17 09:28:41.975,1.7767,1.77755,1.20,2.80
2008.11.17 09:28:42.325,1.7767,1.7776,1.20,1.50
2008.11.17 09:28:44.245,1.7769,1.77745,1.20,1.20
2008.11.17 09:28:44.594,1.77675,1.77734,1.00,1.00
2008.11.17 09:28:45.054,1.7768,1.7774,1.20,1.50
2008.11.17 09:28:45.464,1.77685,1.77744,1.00,1.00
2008.11.17 09:28:45.865,1.7769,1.7776,1.20,1.50
2008.11.17 09:28:46.454,1.777,1.7777,1.90,1.00
2008.11.17 09:28:46.844,1.77705,1.7777,1.00,1.00
2008.11.17 09:28:47.194,1.7772,1.7777,1.00,2.10
2008.11.17 09:28:47.534,1.77715,1.7777,1.00,2.10
2008.11.17 09:28:47.704,1.77715,1.7777,1.00,1.00
2008.11.17 09:28:49.063,1.7773,1.7777,1.00,1.00
2008.11.17 09:28:49.404,1.7773,1.7777,1.90,1.00
2008.11.17 09:28:49.743,1.7774,1.7777,1.20,1.00
2008.11.17 09:28:50.423,1.7773,1.7777,1.20,1.00
2008.11.17 09:28:52.683,1.77735,1.7777,1.90,1.00
2008.11.17 09:28:53.112,1.7775,1.7777,1.00,1.00
2008.11.17 09:28:53.452,1.77775,1.77874,1.20,1.00
2008.11.17 09:28:53.792,1.77775,1.7787,1.20,6.00
2008.11.17 09:28:54.082,1.77775,1.77874,1.20,1.00
2008.11.17 09:28:54.492,1.7778,1.7788,1.00,1.50
2008.11.17 09:28:57.511,1.77805,1.7786,1.00,1.50
2008.11.17 09:28:57.931,1.7782,1.7787,1.20,1.00
2008.11.17 09:28:58.091,1.7781,1.7787,1.20,1.00
2008.11.17 09:28:59.101,1.778,1.7787,1.20,3.30
2008.11.17 09:28:59.481,1.7781,1.7787,3.10,1.00
2008.11.17 09:28:59.981,1.7781,1.7787,1.20,1.00
2008.11.17 09:29:00.271,1.77805,1.7787,1.90,1.00
2008.11.17 09:29:00.741,1.778,1.7787,1.20,1.00
2008.11.17 09:29:01.150,1.7779,1.7786,1.20,2.80
2008.11.17 09:29:01.541,1.7781,1.77845,1.20,1.20
2008.11.17 09:29:01.930,1.7781,1.77835,1.20,2.80
2008.11.17 09:29:02.271,1.7778,1.77815,1.20,1.20
2008.11.17 09:29:02.600,1.7778,1.778,1.20,1.20
2008.11.17 09:29:02.950,1.7778,1.77799,1.20,1.00
2008.11.17 09:29:03.340,1.7779,1.77795,1.20,1.20
2008.11.17 09:29:03.750,1.77735,1.77795,4.80,1.20
2008.11.17 09:29:04.110,1.77735,1.77805,4.80,2.80
2008.11.17 09:29:05.099,1.7775,1.77805,3.60,2.80
2008.11.17 09:29:05.450,1.7776,1.7781,1.00,1.20
2008.11.17 09:29:05.739,1.7776,1.77865,1.00,4.50
2008.11.17 09:29:06.129,1.7776,1.77835,1.00,1.50
2008.11.17 09:29:06.529,1.7776,1.77845,1.00,1.50
2008.11.17 09:29:07.179,1.7776,1.7782,1.00,1.50
2008.11.17 09:29:07.449,1.7776,1.7781,1.00,1.50
2008.11.17 09:29:07.909,1.7776,1.7782,1.00,1.50
2008.11.17 09:29:09.048,1.7777,1.77855,1.20,1.20
2008.11.17 09:29:09.459,1.7777,1.7786,1.20,3.10
2008.11.17 09:29:10.178,1.7777,1.7785,1.20,5.10
2008.11.17 09:29:10.418,1.7777,1.7785,1.20,2.70
2008.11.17 09:29:10.708,1.7777,1.77849,1.20,1.00
2008.11.17 09:29:10.988,1.7777,1.7785,1.20,8.70
2008.11.17 09:29:11.508,1.7777,1.7785,1.20,2.70
2008.11.17 09:29:11.978,1.7777,1.77845,1.20,1.20
2008.11.17 09:29:12.328,1.7776,1.7784,1.20,1.50
2008.11.17 09:29:12.618,1.7777,1.77845,1.20,1.20
2008.11.17 09:29:13.317,1.7776,1.7784,1.20,1.50
2008.11.17 09:29:14.038,1.7777,1.77845,1.20,1.20
2008.11.17 09:29:14.327,1.7777,1.77824,1.20,1.00
2008.11.17 09:29:14.938,1.7775,1.77824,4.80,1.00
2008.11.17 09:29:15.397,1.7775,1.7782,3.60,1.50
2008.11.17 09:29:15.957,1.7775,1.7782,3.60,2.70
2008.11.17 09:29:16.307,1.7775,1.77804,3.60,1.00
2008.11.17 09:29:16.867,1.7775,1.7782,3.60,2.70
2008.11.17 09:29:18.116,1.7775,1.7782,4.80,1.50
2008.11.17 09:29:18.277,1.7775,1.7781,4.80,1.50
2008.11.17 09:29:20.276,1.7775,1.77794,4.80,1.00
2008.11.17 09:29:20.616,1.7775,1.77794,3.60,1.00
2008.11.17 09:29:20.736,1.7775,1.7781,3.60,1.50
2008.11.17 09:29:22.195,1.7775,1.77784,3.60,1.00
2008.11.17 09:29:23.125,1.7775,1.7779,3.60,1.50
2008.11.17 09:29:23.425,1.7775,1.77784,3.60,1.00
2008.11.17 09:29:24.355,1.7775,1.77774,3.60,1.00
2008.11.17 09:29:25.375,1.7775,1.77784,3.60,1.00
2008.11.17 09:29:25.555,1.7775,1.7778,3.60,1.50
2008.11.17 09:29:25.954,1.7775,1.77774,3.60,1.00
2008.11.17 09:29:27.104,1.7775,1.7779,3.60,1.50
2008.11.17 09:29:33.942,1.7775,1.778,3.60,1.50
2008.11.17 09:29:38.432,1.7775,1.77814,3.60,1.00
2008.11.17 09:29:38.601,1.7775,1.778,3.60,1.50
2008.11.17 09:29:38.762,1.7775,1.7781,3.60,1.50
2008.11.17 09:29:39.221,1.7775,1.778,3.60,1.50
2008.11.17 09:29:43.020,1.77775,1.778,1.00,1.50
2008.11.17 09:29:43.310,1.7777,1.77835,1.00,2.80
2008.11.17 09:29:43.561,1.7779,1.77835,1.90,2.80
2008.11.17 09:29:43.730,1.778,1.7785,1.90,6.00
2008.11.17 09:29:44.030,1.77815,1.7787,2.80,10.80
2008.11.17 09:29:44.270,1.7783,1.7787,1.00,10.80
2008.11.17 09:29:44.780,1.7783,1.7786,1.90,10.80
2008.11.17 09:29:45.820,1.7783,1.7786,4.00,10.80
2008.11.17 09:29:46.730,1.7783,1.7786,3.10,10.80
2008.11.17 09:29:47.009,1.7783,1.7786,1.20,10.80
2008.11.17 09:29:47.589,1.77815,1.7786,1.90,10.80
2008.11.17 09:29:48.609,1.7782,1.7786,1.20,10.80
2008.11.17 09:29:49.179,1.77815,1.7786,1.00,10.80
2008.11.17 09:29:49.519,1.7782,1.7786,1.00,10.80
2008.11.17 09:29:50.159,1.7781,1.7786,4.00,10.80
2008.11.17 09:29:52.718,1.77815,1.7786,2.80,10.80
2008.11.17 09:29:53.048,1.7782,1.7786,1.20,10.80
2008.11.17 09:29:54.467,1.7783,1.7786,1.20,10.80
2008.11.17 09:29:54.748,1.7782,1.7786,1.20,10.80
2008.11.17 09:29:55.079,1.7782,1.7786,1.90,10.80
2008.11.17 09:29:55.898,1.7783,1.7786,1.20,10.80
2008.11.17 09:29:58.607,1.77815,1.7786,1.00,10.80
2008.11.17 09:29:59.067,1.7782,1.7786,1.00,10.80
2008.11.17 09:29:59.466,1.7781,1.7786,1.90,10.80
2008.11.17 09:30:00.806,1.7782,1.7786,1.20,10.80
2008.11.17 09:30:01.326,1.7783,1.7786,1.20,10.80
2008.11.17 09:30:02.706,1.7784,1.7786,1.20,10.80
2008.11.17 09:30:03.066,1.778,1.7786,1.00,10.80
2008.11.17 09:30:03.236,1.77795,1.7786,1.90,10.80
2008.11.17 09:30:03.635,1.77785,1.7786,1.90,10.80
2008.11.17 09:30:04.025,1.7778,1.7786,1.90,10.80
2008.11.17 09:30:04.205,1.7777,1.7786,5.50,10.80
2008.11.17 09:30:05.435,1.7777,1.77855,3.60,4.20
2008.11.17 09:30:05.665,1.77785,1.77855,1.00,2.80
2008.11.17 09:30:05.885,1.778,1.77855,1.20,2.40
2008.11.17 09:30:06.105,1.778,1.7786,1.20,10.80
2008.11.17 09:30:06.515,1.7782,1.7786,1.20,10.80
2008.11.17 09:30:06.955,1.7781,1.7786,1.20,10.80
2008.11.17 09:30:07.694,1.7779,1.77854,4.00,1.00
2008.11.17 09:30:07.974,1.7779,1.77854,3.10,1.00
2008.11.17 09:30:08.674,1.7779,1.77854,1.20,1.00
2008.11.17 09:30:09.724,1.7779,1.77844,1.20,1.00
2008.11.17 09:30:09.954,1.77785,1.77844,2.10,1.00
2008.11.17 09:30:10.464,1.7778,1.77855,1.90,1.20
2008.11.17 09:30:10.704,1.77785,1.7786,1.00,10.80
2008.11.17 09:30:11.053,1.77775,1.77859,1.90,1.00
2008.11.17 09:30:11.504,1.77775,1.7786,1.90,10.80
2008.11.17 09:30:11.733,1.77775,1.7786,1.00,10.80
2008.11.17 09:30:12.013,1.7779,1.7786,1.20,13.20
2008.11.17 09:30:12.363,1.7778,1.7786,1.20,12.00
2008.11.17 09:30:12.663,1.7779,1.7786,1.20,12.00
2008.11.17 09:30:13.003,1.7778,1.77845,1.20,1.20
2008.11.17 09:30:14.633,1.7778,1.77849,1.20,1.00
2008.11.17 09:30:14.872,1.7777,1.77845,1.20,1.20
2008.11.17 09:30:15.913,1.7777,1.7784,1.20,1.20
2008.11.17 09:30:16.302,1.7777,1.77845,1.20,1.20
2008.11.17 09:30:17.032,1.7776,1.77835,1.20,1.20
2008.11.17 09:30:17.322,1.7776,1.7784,1.20,2.70
2008.11.17 09:30:17.612,1.7777,1.77844,1.20,1.00
2008.11.17 09:30:17.962,1.7777,1.77845,1.20,1.20
2008.11.17 09:30:18.132,1.7776,1.77835,1.20,1.20
2008.11.17 09:30:18.362,1.77755,1.77834,2.10,1.00
2008.11.17 09:30:18.542,1.77765,1.77834,1.00,1.00
2008.11.17 09:30:19.721,1.77755,1.7783,1.00,1.20
2008.11.17 09:30:20.231,1.7775,1.77815,1.20,1.20
2008.11.17 09:30:20.351,1.77745,1.77815,1.90,1.20
2008.11.17 09:30:20.681,1.7774,1.77815,3.10,1.20
2008.11.17 09:30:21.251,1.7774,1.77819,3.10,1.00
2008.11.17 09:30:21.591,1.7775,1.7783,1.20,2.70
2008.11.17 09:30:21.991,1.7776,1.7783,1.20,2.70
2008.11.17 09:30:22.471,1.77765,1.7783,1.00,1.50
2008.11.17 09:30:22.701,1.77765,1.77834,1.00,1.00
2008.11.17 09:30:22.921,1.77765,1.77835,1.00,1.20
2008.11.17 09:30:23.221,1.7777,1.7784,1.20,1.20
2008.11.17 09:30:23.460,1.7777,1.77844,1.20,1.00
2008.11.17 09:30:23.741,1.7777,1.77845,1.20,1.20
2008.11.17 09:30:23.970,1.7777,1.77834,1.20,1.00
2008.11.17 09:30:24.310,1.77765,1.77834,1.00,1.00
2008.11.17 09:30:24.950,1.77785,1.7785,1.00,1.50
2008.11.17 09:30:25.240,1.77785,1.77844,1.00,1.00
2008.11.17 09:30:27.550,1.77795,1.77854,1.00,1.00
2008.11.17 09:30:27.660,1.77795,1.77844,1.00,1.00
2008.11.17 09:30:27.830,1.77795,1.7785,1.00,1.50
2008.11.17 09:30:27.990,1.77795,1.77844,1.00,1.00
2008.11.17 09:30:28.409,1.7779,1.77844,1.00,1.00
2008.11.17 09:30:28.739,1.77735,1.7784,9.60,1.50
2008.11.17 09:30:29.079,1.7779,1.7783,1.00,1.50
2008.11.17 09:30:29.309,1.778,1.77835,1.00,2.80
2008.11.17 09:30:29.659,1.7776,1.7784,1.00,1.50
2008.11.17 09:30:30.009,1.7773,1.7784,1.90,1.50
2008.11.17 09:30:30.359,1.7772,1.7783,1.90,1.50
2008.11.17 09:30:30.589,1.7772,1.7783,2.10,2.80
2008.11.17 09:30:30.819,1.77735,1.7783,2.10,4.50
2008.11.17 09:30:31.229,1.77785,1.7783,1.00,1.20
2008.11.17 09:30:31.449,1.77785,1.77844,1.00,1.00
2008.11.17 09:30:31.849,1.7778,1.7784,1.00,1.50
2008.11.17 09:30:32.189,1.77795,1.77844,1.00,1.00
2008.11.17 09:30:32.698,1.77735,1.77835,10.80,1.20
2008.11.17 09:30:32.979,1.7774,1.77835,1.90,2.80
2008.11.17 09:30:33.208,1.7774,1.7784,1.90,2.80
2008.11.17 09:30:33.558,1.7774,1.7784,1.00,1.50
2008.11.17 09:30:33.918,1.77765,1.77844,1.00,1.00
2008.11.17 09:30:34.258,1.7777,1.7785,1.20,1.00
2008.11.17 09:30:34.548,1.77795,1.7785,1.20,1.00
2008.11.17 09:30:34.898,1.778,1.7786,1.00,3.60
2008.11.17 09:30:35.498,1.7781,1.7786,2.80,3.60
2008.11.17 09:30:35.827,1.7784,1.7786,1.00,3.60
2008.11.17 09:30:36.268,1.77835,1.7786,1.90,3.60
2008.11.17 09:30:36.667,1.7784,1.7786,1.20,3.60
2008.11.17 09:30:36.957,1.77825,1.7786,3.90,3.60
2008.11.17 09:30:37.307,1.77825,1.7786,2.80,3.60
2008.11.17 09:30:37.597,1.77825,1.7786,1.90,3.60
2008.11.17 09:30:37.937,1.7782,1.7786,3.10,3.60
2008.11.17 09:30:38.217,1.77845,1.7786,1.00,3.60
2008.11.17 09:30:38.447,1.77845,1.7786,1.00,3.60
2008.11.17 09:30:38.797,1.77845,1.7786,2.10,3.60
2008.11.17 09:30:39.197,1.77845,1.77939,1.00,1.00
2008.11.17 09:30:39.607,1.77855,1.77935,1.00,1.50
2008.11.17 09:30:39.877,1.77835,1.77909,1.00,1.00
2008.11.17 09:30:40.166,1.77845,1.77919,1.00,1.00
2008.11.17 09:30:40.397,1.7785,1.77904,1.20,1.00
2008.11.17 09:30:40.966,1.7787,1.77904,1.20,1.00
2008.11.17 09:30:41.376,1.7786,1.77904,1.20,1.00
2008.11.17 09:30:41.956,1.7782,1.779,1.20,1.50
2008.11.17 09:30:42.246,1.77805,1.779,1.00,1.20
2008.11.17 09:30:42.636,1.778,1.77894,1.20,1.00
2008.11.17 09:30:43.336,1.7781,1.7789,1.20,1.50
2008.11.17 09:30:43.616,1.7781,1.7789,3.10,1.50
2008.11.17 09:30:44.236,1.7782,1.7789,1.00,1.50
2008.11.17 09:30:44.695,1.77845,1.7789,1.00,1.50
2008.11.17 09:30:45.106,1.7786,1.77914,1.20,1.00
2008.11.17 09:30:45.515,1.7786,1.77924,1.20,1.00
2008.11.17 09:30:45.795,1.7787,1.77944,1.20,1.00
2008.11.17 09:30:46.215,1.7787,1.7794,1.20,1.50
2008.11.17 09:30:47.715,1.7788,1.7795,1.20,1.50
2008.11.17 09:30:47.885,1.77885,1.7795,1.00,1.50
2008.11.17 09:30:48.125,1.77905,1.77954,1.00,1.00
2008.11.17 09:30:49.964,1.77905,1.7797,1.00,1.50
2008.11.17 09:30:50.184,1.779,1.7797,1.20,1.50
2008.11.17 09:30:50.744,1.77885,1.7797,1.90,1.50
2008.11.17 09:30:51.764,1.77895,1.77985,1.00,4.00
2008.11.17 09:30:52.104,1.779,1.77985,1.20,4.00
2008.11.17 09:30:52.404,1.779,1.77985,1.20,1.20
2008.11.17 09:30:53.024,1.779,1.77989,1.90,1.00
2008.11.17 09:30:53.204,1.779,1.7799,1.90,1.90
2008.11.17 09:30:53.383,1.7789,1.77975,1.20,1.00
2008.11.17 09:30:53.663,1.77885,1.7799,4.90,3.30
2008.11.17 09:30:53.773,1.7789,1.77975,2.10,1.00
2008.11.17 09:30:53.953,1.7789,1.77975,1.20,1.50
2008.11.17 09:30:54.353,1.77915,1.77984,1.20,1.00
2008.11.17 09:30:54.693,1.7792,1.7799,1.00,1.50
2008.11.17 09:30:55.053,1.77905,1.7799,1.20,1.50
2008.11.17 09:30:56.163,1.77935,1.77994,1.00,1.00
2008.11.17 09:30:56.383,1.77925,1.77984,1.00,1.00
2008.11.17 09:30:56.893,1.77935,1.77994,1.00,1.00
2008.11.17 09:30:57.242,1.7792,1.7798,1.20,1.20
2008.11.17 09:30:57.532,1.7791,1.7798,1.20,1.50
2008.11.17 09:30:57.872,1.7793,1.7799,1.20,2.40
2008.11.17 09:30:58.152,1.7791,1.7798,1.20,1.20
2008.11.17 09:30:58.712,1.779,1.7797,1.20,1.90
2008.11.17 09:30:59.012,1.779,1.7797,1.20,1.50
2008.11.17 09:30:59.652,1.77905,1.7797,1.00,1.50
2008.11.17 09:31:00.062,1.779,1.7797,1.20,1.50
2008.11.17 09:31:00.622,1.7791,1.7798,1.20,1.50
2008.11.17 09:31:01.312,1.77915,1.7798,1.90,1.50
2008.11.17 09:31:01.671,1.7794,1.78015,1.20,2.40
2008.11.17 09:31:02.001,1.7793,1.7802,1.20,1.50
2008.11.17 09:31:02.561,1.77925,1.7801,1.00,1.50
2008.11.17 09:31:06.330,1.7794,1.7801,1.20,1.50
2008.11.17 09:31:06.970,1.77935,1.78,1.00,1.50
2008.11.17 09:31:07.380,1.77935,1.77994,1.00,1.00
2008.11.17 09:31:07.730,1.77935,1.78,1.00,1.50
2008.11.17 09:31:08.370,1.7794,1.78004,1.20,1.00
2008.11.17 09:31:08.660,1.7794,1.77985,1.20,1.20
2008.11.17 09:31:08.960,1.7793,1.77985,1.20,1.20
2008.11.17 09:31:09.299,1.7793,1.77969,1.20,1.00
2008.11.17 09:31:09.630,1.77895,1.77969,1.90,1.00
2008.11.17 09:31:09.910,1.7788,1.7799,1.20,1.00
2008.11.17 09:31:10.240,1.77875,1.7799,4.00,1.00
2008.11.17 09:31:10.589,1.7791,1.7798,1.00,1.00
2008.11.17 09:31:10.920,1.77895,1.77984,1.00,1.00
2008.11.17 09:31:11.959,1.7792,1.77984,1.20,1.00
2008.11.17 09:31:12.359,1.77915,1.7798,1.00,1.50
2008.11.17 09:31:13.169,1.7792,1.78,1.20,1.50
2008.11.17 09:31:13.448,1.77935,1.78,1.00,1.50
2008.11.17 09:31:13.679,1.7794,1.78005,1.20,1.20
2008.11.17 09:31:14.818,1.7792,1.7799,1.20,1.20
2008.11.17 09:31:15.048,1.7791,1.7799,3.10,1.20
2008.11.17 09:31:15.228,1.7791,1.7799,1.20,1.20
2008.11.17 09:31:16.728,1.7791,1.7799,3.10,1.20
2008.11.17 09:31:17.077,1.7791,1.7799,1.20,1.20
2008.11.17 09:31:17.598,1.7791,1.77985,1.20,1.20
2008.11.17 09:31:18.517,1.7791,1.7799,1.20,1.20
2008.11.17 09:31:18.987,1.7791,1.7799,1.20,2.70
2008.11.17 09:31:19.437,1.7791,1.7797,1.20,1.20
2008.11.17 09:31:19.717,1.77895,1.7797,1.00,2.70
2008.11.17 09:31:20.067,1.77895,1.7797,1.90,2.70
2008.11.17 09:31:20.467,1.7788,1.7795,3.10,1.50
2008.11.17 09:31:20.867,1.77895,1.7796,1.90,1.50
2008.11.17 09:31:21.157,1.779,1.7797,1.20,2.70
2008.11.17 09:31:22.546,1.779,1.77965,1.20,1.20
2008.11.17 09:31:24.106,1.7789,1.7796,3.10,1.50
2008.11.17 09:31:25.356,1.7789,1.77955,1.20,1.20
2008.11.17 09:31:25.536,1.7789,1.77959,1.20,1.00
2008.11.17 09:31:25.816,1.7789,1.77955,1.20,1.20
2008.11.17 09:31:27.615,1.7789,1.7795,1.20,1.20
2008.11.17 09:31:27.795,1.7789,1.7795,1.20,2.70
2008.11.17 09:31:28.475,1.7788,1.7794,1.20,1.50
2008.11.17 09:31:29.115,1.77875,1.77925,1.00,1.20
2008.11.17 09:31:29.345,1.77865,1.7793,1.00,1.50
2008.11.17 09:31:29.525,1.7787,1.7793,3.10,1.20
2008.11.17 09:31:29.925,1.7788,1.77944,1.20,1.00
2008.11.17 09:31:30.334,1.7787,1.7794,3.10,1.50
2008.11.17 09:31:30.624,1.7788,1.7795,1.20,2.70
2008.11.17 09:31:31.354,1.7788,1.77945,1.20,1.20
2008.11.17 09:31:32.094,1.77875,1.7794,1.90,1.50
2008.11.17 09:31:32.394,1.7787,1.7794,3.10,1.50
2008.11.17 09:31:32.674,1.7787,1.7793,3.10,2.70
2008.11.17 09:31:32.954,1.7787,1.7793,1.20,2.70
2008.11.17 09:31:34.134,1.77865,1.7791,1.00,1.20
2008.11.17 09:31:34.434,1.77855,1.77914,1.00,1.00
2008.11.17 09:31:34.714,1.7784,1.77914,1.20,1.00
2008.11.17 09:31:34.984,1.7786,1.7792,1.20,1.20
2008.11.17 09:31:35.343,1.7784,1.7791,3.60,1.20
2008.11.17 09:31:35.773,1.7784,1.7791,1.20,1.20
2008.11.17 09:31:36.413,1.77835,1.77894,1.00,1.00
2008.11.17 09:31:36.753,1.7785,1.7793,1.20,2.70
2008.11.17 09:31:37.373,1.7785,1.77934,1.20,1.00
2008.11.17 09:31:37.783,1.7786,1.7792,1.20,2.70
2008.11.17 09:31:38.083,1.7786,1.7793,3.10,2.70
2008.11.17 09:31:38.483,1.7786,1.77925,3.10,1.20
2008.11.17 09:31:39.122,1.7786,1.77915,1.20,1.20
2008.11.17 09:31:39.342,1.7785,1.77915,3.10,1.20
2008.11.17 09:31:41.722,1.77865,1.77935,1.00,1.20
2008.11.17 09:31:44.611,1.7785,1.77919,3.10,1.00
2008.11.17 09:31:45.121,1.77855,1.7792,1.00,2.70
2008.11.17 09:31:45.461,1.7785,1.77915,1.20,1.20
2008.11.17 09:31:45.631,1.7785,1.77915,3.10,1.20
2008.11.17 09:31:46.740,1.77855,1.77919,2.10,1.00
2008.11.17 09:31:47.020,1.7786,1.7792,1.20,1.20
2008.11.17 09:31:47.670,1.7786,1.77915,1.20,1.20
2008.11.17 09:31:47.850,1.77855,1.77915,1.00,1.20
2008.11.17 09:31:48.020,1.77855,1.7792,1.00,1.50
2008.11.17 09:31:48.250,1.7786,1.77924,1.20,1.00
2008.11.17 09:31:49.180,1.77845,1.7791,1.00,2.70
2008.11.17 09:31:49.570,1.7784,1.7791,1.20,2.70
2008.11.17 09:31:51.109,1.7784,1.77905,1.20,1.20
2008.11.17 09:31:57.368,1.7783,1.779,1.20,1.50
2008.11.17 09:31:57.588,1.7783,1.77895,1.20,1.20
2008.11.17 09:32:00.007,1.77845,1.77895,1.00,1.20
2008.11.17 09:32:00.477,1.7783,1.77895,1.20,1.20
2008.11.17 09:32:00.887,1.7783,1.7789,1.20,1.20
2008.11.17 09:32:01.167,1.7782,1.7789,1.20,2.70
2008.11.17 09:32:02.597,1.77825,1.7789,1.90,2.70
2008.11.17 09:32:02.947,1.7784,1.77894,1.20,1.00
2008.11.17 09:32:03.127,1.77835,1.77895,1.00,1.20
2008.11.17 09:32:03.417,1.7783,1.77895,1.20,1.20
2008.11.17 09:32:03.766,1.7784,1.77884,1.20,1.00
2008.11.17 09:32:04.106,1.7783,1.77899,1.20,1.00
2008.11.17 09:32:04.436,1.77855,1.779,1.00,1.50
2008.11.17 09:32:04.826,1.7781,1.7789,2.10,1.50
2008.11.17 09:32:05.166,1.77815,1.779,1.20,1.50
2008.11.17 09:32:06.336,1.7785,1.77895,1.20,1.20
2008.11.17 09:32:06.956,1.7783,1.77895,1.20,1.20
2008.11.17 09:32:07.766,1.77845,1.7791,1.00,1.50
2008.11.17 09:32:08.625,1.7784,1.779,1.20,1.20
2008.11.17 09:32:08.965,1.77805,1.7789,1.00,1.50
2008.11.17 09:32:09.255,1.7781,1.77895,6.00,1.20
2008.11.17 09:32:09.605,1.7784,1.77895,1.20,1.20
2008.11.17 09:32:09.885,1.7784,1.7791,1.20,1.20
2008.11.17 09:32:10.285,1.7784,1.77905,1.20,1.20
2008.11.17 09:32:10.685,1.7785,1.77895,1.20,1.20
2008.11.17 09:32:11.095,1.7783,1.77895,1.20,1.20
2008.11.17 09:32:11.325,1.77845,1.779,1.00,1.50
2008.11.17 09:32:11.665,1.77845,1.7791,1.00,1.50
2008.11.17 09:32:12.014,1.77845,1.779,1.00,1.50
2008.11.17 09:32:12.764,1.7787,1.779,1.00,1.50
2008.11.17 09:32:13.174,1.7788,1.779,1.00,1.50
2008.11.17 09:32:13.414,1.7788,1.7792,1.00,1.50
2008.11.17 09:32:13.584,1.7787,1.7793,1.00,5.10
2008.11.17 09:32:13.874,1.77875,1.7793,1.00,5.10
2008.11.17 09:32:14.284,1.7786,1.7793,6.00,5.10
2008.11.17 09:32:14.794,1.7786,1.7791,6.00,1.50
2008.11.17 09:32:15.254,1.7789,1.7793,1.00,5.10
2008.11.17 09:32:15.873,1.77865,1.7793,6.00,5.10
2008.11.17 09:32:16.533,1.77875,1.7793,1.00,5.10
2008.11.17 09:32:17.193,1.77885,1.7793,1.00,5.10
2008.11.17 09:32:17.543,1.7787,1.7793,6.00,5.10
2008.11.17 09:32:17.893,1.7789,1.7793,1.20,4.80
2008.11.17 09:32:18.243,1.7787,1.7793,1.20,4.80
2008.11.17 09:32:18.593,1.7787,1.77915,1.20,1.20
2008.11.17 09:32:18.943,1.7787,1.77919,1.20,1.00
2008.11.17 09:32:19.273,1.7785,1.77929,9.60,1.00
2008.11.17 09:32:19.613,1.77875,1.7793,1.20,3.60
2008.11.17 09:32:20.073,1.77865,1.7793,1.20,3.60
2008.11.17 09:32:20.482,1.7786,1.77925,1.90,1.20
2008.11.17 09:32:20.942,1.7787,1.7793,1.20,3.60
2008.11.17 09:32:21.282,1.7789,1.7793,1.20,3.60
2008.11.17 09:32:21.982,1.7788,1.7793,1.20,3.60
2008.11.17 09:32:22.382,1.7787,1.7793,1.90,3.60
2008.11.17 09:32:22.612,1.7788,1.7793,1.90,3.60
2008.11.17 09:32:23.862,1.7789,1.7793,1.00,3.60
2008.11.17 09:32:24.202,1.7787,1.7793,6.90,5.10
2008.11.17 09:32:24.481,1.7787,1.7793,2.50,5.10
2008.11.17 09:32:24.831,1.77875,1.7793,1.90,3.60
2008.11.17 09:32:25.231,1.7786,1.7793,4.00,3.60
2008.11.17 09:32:25.611,1.7787,1.7793,3.10,3.60
2008.11.17 09:32:26.071,1.7788,1.7793,1.20,3.60
2008.11.17 09:32:26.401,1.7789,1.7793,1.20,3.60
2008.11.17 09:32:26.801,1.77855,1.7793,1.90,3.60
2008.11.17 09:32:27.481,1.7788,1.7793,1.20,3.60
2008.11.17 09:32:27.831,1.7786,1.7793,1.20,3.60
2008.11.17 09:32:28.230,1.7787,1.7793,1.20,3.60
2008.11.17 09:32:28.690,1.7787,1.7793,3.10,3.60
2008.11.17 09:32:28.970,1.7789,1.7793,1.00,3.60
2008.11.17 09:32:29.200,1.7789,1.7793,1.20,3.60
2008.11.17 09:32:29.431,1.77885,1.7793,3.00,3.60
2008.11.17 09:32:29.900,1.7788,1.7793,1.20,3.60
2008.11.17 09:32:30.360,1.77895,1.7793,1.90,3.60
2008.11.17 09:32:30.750,1.7788,1.7793,1.20,3.60
2008.11.17 09:32:31.030,1.7787,1.7793,1.20,3.60
2008.11.17 09:32:31.620,1.7788,1.7793,1.20,3.60
2008.11.17 09:32:31.970,1.7786,1.7793,1.20,4.80
2008.11.17 09:32:32.499,1.7787,1.7792,1.20,1.20
2008.11.17 09:32:33.059,1.7783,1.77895,1.20,1.20
2008.11.17 09:32:33.359,1.7783,1.7788,1.20,1.20
2008.11.17 09:32:33.599,1.7785,1.7788,1.20,1.20
2008.11.17 09:32:33.989,1.7784,1.779,1.20,1.20
2008.11.17 09:32:34.329,1.7784,1.77895,1.20,1.20
2008.11.17 09:32:34.679,1.77865,1.77895,1.20,1.20
2008.11.17 09:32:35.139,1.77855,1.7791,1.90,3.60
2008.11.17 09:32:35.409,1.7789,1.7791,1.00,3.60
2008.11.17 09:32:35.979,1.77885,1.7802,1.90,1.00
2008.11.17 09:32:36.938,1.77885,1.78,1.90,1.20
2008.11.17 09:32:37.439,1.7791,1.7797,1.00,1.20
2008.11.17 09:32:37.778,1.7789,1.77969,4.90,1.00
2008.11.17 09:32:38.008,1.7791,1.77985,1.00,2.80
2008.11.17 09:32:38.278,1.7791,1.77985,1.00,1.00
2008.11.17 09:32:38.758,1.7788,1.77985,1.00,1.20
2008.11.17 09:32:38.988,1.77895,1.77975,1.00,1.20
2008.11.17 09:32:39.318,1.77885,1.7797,1.90,1.50
2008.11.17 09:32:39.658,1.77885,1.7796,1.00,1.50
2008.11.17 09:32:40.018,1.7789,1.77945,3.00,1.20
2008.11.17 09:32:40.358,1.77875,1.7794,1.00,1.50
2008.11.17 09:32:40.758,1.7787,1.77934,2.80,1.00
2008.11.17 09:32:41.147,1.77865,1.7794,2.10,1.50
2008.11.17 09:32:41.477,1.77865,1.7792,1.00,1.50
2008.11.17 09:32:41.947,1.77855,1.7792,2.80,1.50
2008.11.17 09:32:42.357,1.77865,1.7791,1.00,1.50
2008.11.17 09:32:42.657,1.77865,1.779,1.00,1.50
2008.11.17 09:32:42.897,1.77865,1.7788,1.00,1.50
2008.11.17 09:32:43.247,1.77865,1.7792,1.00,1.50
2008.11.17 09:32:43.547,1.77885,1.7792,1.00,1.50
2008.11.17 09:32:43.957,1.77875,1.7792,1.00,1.50
2008.11.17 09:32:44.297,1.7787,1.77965,1.90,1.50
2008.11.17 09:32:44.646,1.7788,1.77985,1.00,5.80
2008.11.17 09:32:45.007,1.77885,1.7798,1.00,1.20
2008.11.17 09:32:45.527,1.77885,1.77965,1.00,4.00
2008.11.17 09:32:45.976,1.7789,1.77949,1.20,1.00
2008.11.17 09:32:46.376,1.7789,1.77964,1.20,1.00
2008.11.17 09:32:46.716,1.77885,1.7796,1.00,1.00
2008.11.17 09:32:47.076,1.77885,1.7795,1.00,1.20
2008.11.17 09:32:47.396,1.77885,1.77965,1.00,1.20
2008.11.17 09:32:47.686,1.7789,1.77965,1.20,1.20
2008.11.17 09:32:48.096,1.7791,1.7797,1.20,2.80
2008.11.17 09:32:48.546,1.779,1.7797,1.00,1.50
2008.11.17 09:32:48.835,1.77905,1.77975,1.00,4.20
2008.11.17 09:32:49.125,1.77905,1.77975,1.00,2.80
2008.11.17 09:32:49.465,1.77925,1.7802,1.00,1.50
2008.11.17 09:32:49.865,1.7792,1.7801,1.00,2.80
2008.11.17 09:32:50.315,1.77915,1.7801,1.90,4.50
2008.11.17 09:32:50.605,1.77915,1.77975,1.90,3.60
2008.11.17 09:32:50.955,1.77915,1.77975,1.90,4.20
2008.11.17 09:32:51.185,1.77905,1.77975,1.90,4.20
2008.11.17 09:32:51.595,1.77905,1.7798,1.90,4.20
2008.11.17 09:32:52.365,1.77905,1.77965,1.90,2.80
2008.11.17 09:32:52.635,1.77925,1.77965,1.00,2.80
2008.11.17 09:32:52.815,1.77915,1.7801,1.00,4.90
2008.11.17 09:32:52.925,1.77915,1.7799,1.00,1.50
2008.11.17 09:32:53.215,1.77915,1.7797,1.00,1.50
2008.11.17 09:32:53.725,1.7791,1.7797,1.00,1.50
2008.11.17 09:32:54.144,1.779,1.7796,1.90,1.50
2008.11.17 09:32:54.494,1.7789,1.7796,7.90,1.50
2008.11.17 09:32:54.954,1.77905,1.7794,1.00,1.50
2008.11.17 09:32:55.294,1.77915,1.7795,1.00,1.50
2008.11.17 09:32:55.714,1.77905,1.7796,1.00,1.50
2008.11.17 09:32:56.064,1.77915,1.7796,1.00,1.50
2008.11.17 09:32:56.584,1.77895,1.7795,4.90,1.50
2008.11.17 09:32:56.993,1.77885,1.7796,2.80,1.50
2008.11.17 09:32:57.433,1.77895,1.7796,1.00,1.50
2008.11.17 09:32:58.064,1.77905,1.7797,1.00,1.50
2008.11.17 09:32:59.033,1.77905,1.7796,1.00,1.50
2008.11.17 09:33:00.283,1.77905,1.7795,1.00,1.50
2008.11.17 09:33:00.623,1.77915,1.7793,1.00,1.50
2008.11.17 09:33:01.413,1.7791,1.7794,2.80,1.50
2008.11.17 09:33:01.702,1.7791,1.7796,1.90,1.50
2008.11.17 09:33:02.153,1.7791,1.7795,1.90,1.50
2008.11.17 09:33:02.672,1.7787,1.7795,2.40,3.40
2008.11.17 09:33:02.912,1.7788,1.7795,1.20,1.20
2008.11.17 09:33:03.132,1.7786,1.77945,3.10,1.00
2008.11.17 09:33:03.342,1.77895,1.77945,1.00,2.80
2008.11.17 09:33:03.922,1.77895,1.7796,1.00,1.50
2008.11.17 09:33:04.342,1.77895,1.77964,1.00,1.00
2008.11.17 09:33:04.912,1.7791,1.77964,1.20,1.00
2008.11.17 09:33:05.262,1.7792,1.77964,1.20,1.00
2008.11.17 09:33:05.681,1.7792,1.77974,1.20,1.00
2008.11.17 09:33:06.031,1.7791,1.77994,1.20,1.00
2008.11.17 09:33:06.241,1.7791,1.77975,1.20,1.20
2008.11.17 09:33:06.471,1.77905,1.7797,1.00,2.80
2008.11.17 09:33:06.821,1.77905,1.77975,1.00,2.80
2008.11.17 09:33:07.171,1.77905,1.7799,1.00,6.30
2008.11.17 09:33:07.571,1.7791,1.77999,1.00,1.00
2008.11.17 09:33:08.031,1.7792,1.78,1.20,1.20
2008.11.17 09:33:08.601,1.77915,1.78,1.00,7.20
2008.11.17 09:33:08.891,1.77895,1.7798,3.00,1.20
2008.11.17 09:33:09.211,1.7789,1.7798,3.10,2.70
2008.11.17 09:33:09.441,1.779,1.7798,1.20,1.20
2008.11.17 09:33:09.721,1.779,1.7798,1.20,2.40
2008.11.17 09:33:10.001,1.7792,1.7797,1.20,1.20
2008.11.17 09:33:10.300,1.7792,1.77985,1.20,1.50
2008.11.17 09:33:10.710,1.779,1.77985,1.20,1.00
2008.11.17 09:33:11.050,1.779,1.7798,1.20,1.50
2008.11.17 09:33:11.740,1.779,1.77965,1.20,1.20
2008.11.17 09:33:12.090,1.7792,1.77975,1.20,2.40
2008.11.17 09:33:12.330,1.7792,1.7797,1.20,1.20
2008.11.17 09:33:12.620,1.7792,1.7797,1.20,4.20
2008.11.17 09:33:12.910,1.7792,1.77965,1.20,2.80
2008.11.17 09:33:13.140,1.7791,1.77965,1.20,2.80
2008.11.17 09:33:13.440,1.779,1.77965,1.00,2.40
2008.11.17 09:33:13.740,1.77885,1.7797,2.40,1.20
2008.11.17 09:33:14.079,1.7788,1.7796,3.10,2.80
2008.11.17 09:33:14.439,1.77895,1.7796,1.00,2.80
2008.11.17 09:33:14.779,1.77895,1.7796,1.00,1.50
2008.11.17 09:33:15.189,1.77895,1.7797,1.00,1.50
2008.11.17 09:33:15.569,1.779,1.7798,1.00,1.50
2008.11.17 09:33:15.859,1.779,1.7797,1.90,1.50
2008.11.17 09:33:16.419,1.7791,1.7799,1.20,1.00
2008.11.17 09:33:16.699,1.779,1.77965,1.00,1.50
2008.11.17 09:33:17.089,1.779,1.77975,1.00,1.50
2008.11.17 09:33:17.449,1.7792,1.78005,1.20,1.90
2008.11.17 09:33:18.389,1.7792,1.77995,1.20,1.00
2008.11.17 09:33:18.618,1.7792,1.78,1.20,1.50
2008.11.17 09:33:18.788,1.77915,1.7798,1.00,1.50
2008.11.17 09:33:18.958,1.7793,1.7798,1.00,1.50
2008.11.17 09:33:19.248,1.77945,1.7798,1.00,1.50
2008.11.17 09:33:19.838,1.77945,1.7797,1.00,1.50
2008.11.17 09:33:20.198,1.77945,1.7799,1.00,1.50
2008.11.17 09:33:20.778,1.7791,1.7799,3.00,1.50
2008.11.17 09:33:21.108,1.7791,1.7798,1.00,1.50
2008.11.17 09:33:21.388,1.77905,1.7797,2.80,1.50
2008.11.17 09:33:21.788,1.77915,1.78005,1.90,1.20
2008.11.17 09:33:22.118,1.77915,1.7801,1.90,1.50
2008.11.17 09:33:22.458,1.77935,1.78015,1.00,1.20
2008.11.17 09:33:22.687,1.77935,1.78,1.00,1.50
2008.11.17 09:33:23.027,1.77925,1.7799,2.50,1.50
2008.11.17 09:33:23.247,1.77925,1.78,1.90,1.50
2008.11.17 09:33:23.467,1.7792,1.78,3.00,1.50
2008.11.17 09:33:23.738,1.77915,1.78005,3.00,1.60
2008.11.17 09:33:24.067,1.7788,1.77995,3.10,1.00
2008.11.17 09:33:24.407,1.7788,1.77995,9.10,1.00
2008.11.17 09:33:24.687,1.7791,1.77995,1.00,2.80
2008.11.17 09:33:25.027,1.7791,1.78,1.90,2.80
2008.11.17 09:33:25.367,1.77895,1.77985,3.00,1.20
2008.11.17 09:33:25.717,1.7791,1.78,1.20,1.20
2008.11.17 09:33:26.007,1.7791,1.78004,1.90,1.00
2008.11.17 09:33:26.237,1.7793,1.78005,1.20,1.20
2008.11.17 09:33:26.806,1.779,1.78005,1.90,1.20
2008.11.17 09:33:27.556,1.779,1.78005,4.00,1.20
2008.11.17 09:33:27.836,1.77905,1.78,1.00,1.20
2008.11.17 09:33:28.076,1.77905,1.77999,1.00,1.00
2008.11.17 09:33:28.356,1.7791,1.77995,1.20,1.00
2008.11.17 09:33:28.586,1.77905,1.77995,1.00,1.00
2008.11.17 09:33:28.766,1.77905,1.77999,1.00,1.00
2008.11.17 09:33:29.246,1.779,1.77995,1.00,1.20
2008.11.17 09:33:29.466,1.779,1.77994,1.90,1.00
2008.11.17 09:33:30.096,1.7792,1.77995,1.20,1.20
2008.11.17 09:33:30.436,1.7789,1.77995,5.80,1.20
2008.11.17 09:33:30.836,1.779,1.77999,1.00,1.00
2008.11.17 09:33:31.175,1.77905,1.78004,1.00,1.00
2008.11.17 09:33:31.715,1.7792,1.7801,1.00,1.00
2008.11.17 09:33:32.015,1.7792,1.78015,1.00,1.20
2008.11.17 09:33:32.315,1.7792,1.7802,1.00,1.90
2008.11.17 09:33:32.655,1.7793,1.78025,1.00,1.00
2008.11.17 09:33:32.995,1.7794,1.7801,4.00,1.50
2008.11.17 09:33:33.386,1.7795,1.7802,9.40,1.50
2008.11.17 09:33:33.675,1.7797,1.7802,1.90,1.50
2008.11.17 09:33:33.925,1.7797,1.7802,2.50,1.50
2008.11.17 09:33:34.395,1.7798,1.7802,1.90,1.50
2008.11.17 09:33:34.745,1.78,1.7802,1.00,1.50
2008.11.17 09:33:35.084,1.77995,1.7802,1.00,1.50
2008.11.17 09:33:35.434,1.77995,1.7801,1.00,1.50
2008.11.17 09:33:35.784,1.78,1.7801,1.00,1.50
2008.11.17 09:33:36.074,1.77985,1.78,1.00,1.50
2008.11.17 09:33:36.424,1.7798,1.78,3.90,1.50
2008.11.17 09:33:36.894,1.7797,1.78,1.90,1.50
2008.11.17 09:33:38.214,1.77955,1.7801,1.90,1.50
2008.11.17 09:33:38.784,1.77945,1.78025,1.90,1.20
2008.11.17 09:33:39.423,1.7794,1.7802,3.60,1.20
2008.11.17 09:33:40.973,1.7796,1.7802,1.20,1.20
2008.11.17 09:33:41.263,1.7796,1.78024,1.20,1.00
2008.11.17 09:33:41.593,1.7796,1.7803,1.20,1.20
2008.11.17 09:33:41.993,1.7797,1.7803,1.20,1.20
2008.11.17 09:33:42.293,1.7799,1.7803,1.20,1.20
2008.11.17 09:33:42.592,1.78,1.7803,1.20,3.60
2008.11.17 09:33:43.022,1.78,1.7803,1.20,1.20
2008.11.17 09:33:43.242,1.7799,1.7803,1.20,1.20
2008.11.17 09:33:43.592,1.7799,1.78025,1.20,1.20
2008.11.17 09:33:44.172,1.7799,1.78025,1.20,4.80
2008.11.17 09:33:44.412,1.7798,1.78025,1.20,2.70
2008.11.17 09:33:44.742,1.7797,1.78034,1.20,1.00
2008.11.17 09:33:45.082,1.77935,1.78035,1.00,1.00
2008.11.17 09:33:45.432,1.7793,1.78025,4.80,1.20
2008.11.17 09:33:45.782,1.7793,1.78015,4.80,1.20
2008.11.17 09:33:46.062,1.7794,1.7802,1.20,1.20
2008.11.17 09:33:47.032,1.7794,1.7802,3.60,1.20
2008.11.17 09:33:49.051,1.7794,1.78015,3.60,1.20
2008.11.17 09:33:49.401,1.7794,1.78004,3.60,1.00
2008.11.17 09:33:50.271,1.7794,1.78004,4.80,1.00
2008.11.17 09:33:51.190,1.7794,1.78,4.80,1.20
2008.11.17 09:33:51.710,1.7794,1.78,3.60,1.20
2008.11.17 09:33:52.330,1.7794,1.78,4.80,1.20
2008.11.17 09:33:52.790,1.7794,1.78004,4.80,1.00
2008.11.17 09:33:53.840,1.7794,1.78,3.60,1.50
2008.11.17 09:33:54.530,1.77955,1.78,1.00,1.50
2008.11.17 09:33:54.810,1.77955,1.7799,1.00,1.50
2008.11.17 09:33:55.050,1.77955,1.7799,1.00,1.50
2008.11.17 09:33:55.450,1.77935,1.78,1.90,1.50
2008.11.17 09:33:55.859,1.7794,1.78,1.90,1.50
2008.11.17 09:33:56.729,1.7794,1.7798,1.20,2.40
2008.11.17 09:33:57.029,1.7795,1.7798,1.20,2.80
2008.11.17 09:33:57.369,1.7796,1.7799,1.20,1.20
2008.11.17 09:33:57.769,1.7797,1.78,1.20,2.40
2008.11.17 09:33:58.179,1.7795,1.78005,1.20,1.00
2008.11.17 09:33:58.459,1.7793,1.7801,1.20,1.00
2008.11.17 09:33:58.738,1.77925,1.7801,1.00,1.00
2008.11.17 09:33:59.438,1.77925,1.7802,1.00,1.50
2008.11.17 09:33:59.798,1.7793,1.7801,1.00,1.50
2008.11.17 09:34:00.318,1.7793,1.7802,1.00,1.50
2008.11.17 09:34:00.658,1.77925,1.7802,3.00,2.70
2008.11.17 09:34:00.939,1.77935,1.7802,1.00,1.50
2008.11.17 09:34:01.328,1.77935,1.7802,1.00,2.70
2008.11.17 09:34:01.718,1.77925,1.78,3.00,1.20
2008.11.17 09:34:02.058,1.7794,1.78015,2.40,1.80
2008.11.17 09:34:02.408,1.7792,1.78015,1.20,2.80
2008.11.17 09:34:02.758,1.7792,1.7802,3.10,1.20
2008.11.17 09:34:02.998,1.77925,1.7801,1.00,1.20
2008.11.17 09:34:03.518,1.77925,1.7801,1.00,2.70
2008.11.17 09:34:03.937,1.77925,1.78,1.00,1.50
2008.11.17 09:34:04.168,1.77925,1.7801,1.00,2.70
2008.11.17 09:34:04.457,1.77925,1.7801,1.00,1.50
2008.11.17 09:34:04.877,1.77925,1.7801,1.00,1.50
2008.11.17 09:34:05.217,1.77925,1.7801,1.00,2.70
2008.11.17 09:34:05.687,1.7792,1.7801,1.20,2.70
2008.11.17 09:34:06.087,1.77915,1.78,2.80,1.50
2008.11.17 09:34:06.847,1.77925,1.7801,1.00,1.50
2008.11.17 09:34:07.147,1.7792,1.78,1.20,1.50
2008.11.17 09:34:07.796,1.77915,1.7799,2.80,1.50
2008.11.17 09:34:08.206,1.7792,1.78,1.20,1.50
2008.11.17 09:34:08.666,1.7792,1.78,1.20,2.70
2008.11.17 09:34:08.786,1.7792,1.7799,1.20,1.50
2008.11.17 09:34:09.076,1.7792,1.77984,1.20,1.00
2008.11.17 09:34:09.296,1.7791,1.7798,1.20,1.50
2008.11.17 09:34:10.756,1.7789,1.7797,1.20,1.50
2008.11.17 09:34:11.836,1.7789,1.7796,1.20,1.50
2008.11.17 09:34:13.085,1.7789,1.7797,1.90,1.50
2008.11.17 09:34:13.386,1.779,1.7797,1.20,1.50
2008.11.17 09:34:13.676,1.779,1.7796,1.20,1.50
2008.11.17 09:34:14.145,1.779,1.7796,3.10,1.50
2008.11.17 09:34:14.425,1.77915,1.7796,1.00,1.50
2008.11.17 09:34:15.165,1.77925,1.78004,1.00,1.00
2008.11.17 09:34:15.565,1.77935,1.7801,1.00,1.50
2008.11.17 09:34:18.444,1.7793,1.78,1.20,1.50
2008.11.17 09:34:18.724,1.7792,1.7799,1.20,1.50
2008.11.17 09:34:19.014,1.7791,1.7798,1.20,1.50
2008.11.17 09:34:19.704,1.7791,1.7798,1.90,1.50
2008.11.17 09:34:19.764,1.7792,1.77994,1.20,1.00
2008.11.17 09:34:20.104,1.7792,1.78,1.20,3.30
2008.11.17 09:34:20.454,1.7792,1.7799,1.20,1.50
2008.11.17 09:34:21.083,1.7792,1.78,1.20,1.50
2008.11.17 09:34:23.573,1.7793,1.78,1.20,1.50
2008.11.17 09:34:24.033,1.7793,1.78,1.90,1.50
2008.11.17 09:34:25.972,1.7794,1.7801,1.20,1.50
2008.11.17 09:34:28.772,1.7794,1.7801,1.20,1.90
2008.11.17 09:34:29.042,1.7793,1.78,1.20,1.50
2008.11.17 09:34:29.551,1.7793,1.78,1.20,1.90
2008.11.17 09:34:29.831,1.7791,1.7799,1.90,1.50
2008.11.17 09:34:30.161,1.7791,1.7798,1.90,1.50
2008.11.17 09:34:30.951,1.7791,1.7798,1.20,1.50
2008.11.17 09:34:35.760,1.779,1.7797,6.60,1.50
2008.11.17 09:34:36.050,1.7792,1.7801,1.20,1.50
2008.11.17 09:34:38.319,1.7792,1.7799,1.20,1.50
2008.11.17 09:34:39.279,1.7792,1.7799,1.90,1.50
2008.11.17 09:34:39.569,1.7793,1.78,1.20,1.50
2008.11.17 09:34:43.978,1.7795,1.78004,1.20,1.00
2008.11.17 09:34:44.218,1.77955,1.78014,1.00,1.00
2008.11.17 09:34:44.438,1.7794,1.7801,1.20,1.50
2008.11.17 09:34:45.148,1.7794,1.7801,1.20,1.90
2008.11.17 09:34:46.567,1.7794,1.78004,1.20,1.00
2008.11.17 09:34:48.507,1.7794,1.7801,1.20,1.50
2008.11.17 09:34:49.296,1.7794,1.7801,1.20,1.90
2008.11.17 09:34:50.596,1.7796,1.7802,1.20,1.50
2008.11.17 09:34:50.926,1.7797,1.7803,1.00,2.70
2008.11.17 09:34:51.216,1.7797,1.7803,1.00,1.20
2008.11.17 09:34:51.386,1.7797,1.7803,3.70,1.20
2008.11.17 09:34:51.736,1.7797,1.7803,4.80,1.20
2008.11.17 09:34:52.246,1.7797,1.7803,3.70,1.20
2008.11.17 09:34:52.716,1.77965,1.7803,1.00,2.40
2008.11.17 09:34:53.046,1.7793,1.7801,7.20,1.50
2008.11.17 09:34:53.805,1.7793,1.7801,1.20,1.50
2008.11.17 09:34:54.736,1.7795,1.7802,1.20,1.50
2008.11.17 09:34:55.155,1.78005,1.7804,1.20,2.80
2008.11.17 09:34:55.505,1.78025,1.78099,1.00,1.00
2008.11.17 09:34:55.805,1.7803,1.78135,4.00,1.00
2008.11.17 09:34:56.155,1.7804,1.78135,3.00,1.00
2008.11.17 09:34:56.605,1.78075,1.7813,1.00,1.00
2008.11.17 09:34:56.895,1.78105,1.78125,3.40,1.20
2008.11.17 09:34:57.175,1.78105,1.78125,3.00,1.20
2008.11.17 09:34:57.575,1.78075,1.78115,4.00,1.00
2008.11.17 09:34:57.905,1.78075,1.7816,3.40,1.00
2008.11.17 09:34:58.394,1.7809,1.7817,1.00,1.00
2008.11.17 09:34:58.804,1.781,1.78175,4.00,1.00
2008.11.17 09:34:59.124,1.78115,1.78245,1.90,6.30
2008.11.17 09:34:59.464,1.7812,1.78225,1.00,1.50
2008.11.17 09:34:59.864,1.78105,1.7818,6.00,1.20
2008.11.17 09:35:00.244,1.78075,1.78169,1.90,1.00
2008.11.17 09:35:00.584,1.7811,1.7824,1.90,1.00
2008.11.17 09:35:00.934,1.78125,1.7824,1.00,1.00
2008.11.17 09:35:01.273,1.7813,1.78255,1.90,1.00
2008.11.17 09:35:01.663,1.7814,1.782,1.90,1.20
2008.11.17 09:35:02.003,1.7813,1.782,1.00,1.20
2008.11.17 09:35:02.393,1.7814,1.78155,1.00,1.50
2008.11.17 09:35:02.733,1.78125,1.78165,1.90,1.50
2008.11.17 09:35:03.113,1.7813,1.7825,1.90,3.60
2008.11.17 09:35:03.623,1.7813,1.7825,3.00,3.60
2008.11.17 09:35:03.893,1.7814,1.7825,1.20,3.60
2008.11.17 09:35:04.363,1.78155,1.7823,1.00,3.60
2008.11.17 09:35:04.713,1.78155,1.78195,1.00,1.50
2008.11.17 09:35:05.163,1.78155,1.78245,1.00,3.60
2008.11.17 09:35:05.513,1.78155,1.78245,1.90,3.60
2008.11.17 09:35:05.923,1.78155,1.78245,1.00,3.60
2008.11.17 09:35:06.882,1.78165,1.7823,1.00,3.60
2008.11.17 09:35:07.563,1.7817,1.7823,1.20,3.60
2008.11.17 09:35:08.312,1.7817,1.7823,1.20,4.80
2008.11.17 09:35:08.532,1.7817,1.7823,1.20,5.10
2008.11.17 09:35:09.052,1.7818,1.7823,1.20,3.60
2008.11.17 09:35:09.332,1.7818,1.7823,1.20,4.80
2008.11.17 09:35:09.612,1.7817,1.7823,1.20,4.80
2008.11.17 09:35:10.002,1.7816,1.7823,1.20,3.60
2008.11.17 09:35:10.691,1.78155,1.7823,1.00,5.10
2008.11.17 09:35:11.151,1.78155,1.7823,1.00,3.60
2008.11.17 09:35:11.631,1.78155,1.7823,1.00,5.10
2008.11.17 09:35:11.971,1.78165,1.7823,1.00,5.10
2008.11.17 09:35:12.202,1.78175,1.7823,1.00,3.60
2008.11.17 09:35:12.381,1.7819,1.7823,1.20,3.60
2008.11.17 09:35:12.601,1.78195,1.7823,1.00,3.60
2008.11.17 09:35:13.751,1.782,1.7823,1.20,3.60
2008.11.17 09:35:13.990,1.7822,1.7823,1.00,3.60
2008.11.17 09:35:14.271,1.78225,1.7823,1.00,3.60
2008.11.17 09:35:14.441,1.78225,1.7833,1.00,1.50
2008.11.17 09:35:14.671,1.78235,1.78349,1.00,1.00
2008.11.17 09:35:14.910,1.7825,1.7835,1.90,2.80
2008.11.17 09:35:15.310,1.783,1.78355,1.00,2.80
2008.11.17 09:35:15.710,1.7828,1.78375,1.90,2.40
2008.11.17 09:35:16.080,1.7831,1.7839,1.00,6.00
2008.11.17 09:35:16.430,1.7834,1.78435,1.00,7.90
2008.11.17 09:35:16.790,1.78335,1.78435,1.00,1.00
2008.11.17 09:35:17.550,1.78345,1.7843,1.00,7.50
2008.11.17 09:35:17.899,1.78335,1.7843,1.00,8.70
2008.11.17 09:35:18.290,1.7833,1.78425,4.20,1.20
2008.11.17 09:35:18.510,1.7833,1.78414,4.00,1.00
2008.11.17 09:35:18.899,1.7834,1.78414,1.00,1.00
2008.11.17 09:35:19.189,1.78345,1.7843,1.00,6.00
2008.11.17 09:35:19.639,1.7836,1.78414,1.00,1.00
2008.11.17 09:35:19.979,1.7835,1.7842,1.00,1.50
2008.11.17 09:35:20.559,1.7834,1.7841,1.20,1.50
2008.11.17 09:35:20.909,1.7834,1.784,1.20,1.20
2008.11.17 09:35:21.239,1.7835,1.78384,1.20,1.00
2008.11.17 09:35:22.109,1.7834,1.78374,1.20,1.00
2008.11.17 09:35:22.459,1.7833,1.78365,1.20,1.20
2008.11.17 09:35:22.918,1.7833,1.78339,1.20,1.00
2008.11.17 09:35:23.329,1.78245,1.7831,2.10,1.20
2008.11.17 09:35:23.668,1.78257,1.78367,1.20,1.90
2008.11.17 09:35:23.918,1.78225,1.7828,6.00,2.40
2008.11.17 09:35:24.258,1.78225,1.7828,5.80,2.40
2008.11.17 09:35:24.558,1.78225,1.78265,5.80,1.00
2008.11.17 09:35:24.998,1.78225,1.7828,5.80,1.00
2008.11.17 09:35:25.288,1.7823,1.78265,9.60,1.00
2008.11.17 09:35:25.668,1.78255,1.78285,1.20,1.00
2008.11.17 09:35:26.028,1.78265,1.78285,1.20,1.00
2008.11.17 09:35:26.368,1.78265,1.78304,1.20,1.00
2008.11.17 09:35:26.669,1.7826,1.7831,1.20,1.00
2008.11.17 09:35:26.967,1.7825,1.78304,1.20,1.00
2008.11.17 09:35:27.377,1.7823,1.783,9.60,1.50
2008.11.17 09:35:27.707,1.7823,1.78285,9.60,1.20
2008.11.17 09:35:28.117,1.7823,1.7829,9.60,1.50
2008.11.17 09:35:28.917,1.7823,1.7828,9.60,1.00
2008.11.17 09:35:29.277,1.7823,1.78285,9.60,1.00
2008.11.17 09:35:29.617,1.7823,1.78285,10.80,1.00
2008.11.17 09:35:29.917,1.7823,1.78295,10.80,4.60
2008.11.17 09:35:30.206,1.7824,1.78245,1.20,1.40
2008.11.17 09:35:30.537,1.7823,1.78235,1.20,2.90
2008.11.17 09:35:30.827,1.7823,1.78235,1.20,2.40
2008.11.17 09:35:32.176,1.7823,1.7827,1.20,1.20
2008.11.17 09:35:32.806,1.7823,1.7827,1.20,2.80
2008.11.17 09:35:33.276,1.7821,1.7826,1.20,1.00
2008.11.17 09:35:33.756,1.7819,1.78255,1.20,1.20
2008.11.17 09:35:34.046,1.782,1.7825,1.20,1.50
2008.11.17 09:35:34.286,1.782,1.78245,1.20,1.20
2008.11.17 09:35:34.635,1.782,1.7824,1.20,2.40
2008.11.17 09:35:34.915,1.782,1.7822,1.20,1.20
2008.11.17 09:35:35.325,1.7821,1.78215,1.20,3.60
2008.11.17 09:35:35.795,1.78105,1.7819,1.00,1.50
2008.11.17 09:35:36.075,1.7815,1.78205,1.20,1.20
2008.11.17 09:35:36.295,1.7814,1.782,1.20,4.20
2008.11.17 09:35:36.575,1.7813,1.782,1.20,4.20
2008.11.17 09:35:36.925,1.7816,1.78195,1.20,2.80
2008.11.17 09:35:37.275,1.7816,1.7819,1.20,1.20
2008.11.17 09:35:37.665,1.7816,1.78185,1.20,1.20
2008.11.17 09:35:38.045,1.7816,1.7817,1.20,1.20
2008.11.17 09:35:38.325,1.7815,1.7817,1.20,1.20
2008.11.17 09:35:39.084,1.78132,1.78212,1.20,1.00
2008.11.17 09:35:39.354,1.7817,1.7818,1.20,2.80
2008.11.17 09:35:39.804,1.7816,1.7819,1.20,1.20
2008.11.17 09:35:40.724,1.7814,1.7819,1.20,1.20
2008.11.17 09:35:41.074,1.7815,1.7819,1.20,1.20
2008.11.17 09:35:41.424,1.7816,1.7819,1.20,1.20
2008.11.17 09:35:41.874,1.78095,1.7819,10.80,1.20
2008.11.17 09:35:42.504,1.78095,1.78195,10.80,1.20
2008.11.17 09:35:42.784,1.78095,1.78195,12.70,1.20
2008.11.17 09:35:43.123,1.7811,1.78195,11.50,1.20
2008.11.17 09:35:44.163,1.7811,1.78199,12.40,1.00
2008.11.17 09:35:44.393,1.78115,1.782,1.00,1.50
2008.11.17 09:35:44.673,1.7812,1.782,1.00,1.50
2008.11.17 09:35:44.953,1.78115,1.78175,4.90,1.50
2008.11.17 09:35:45.243,1.7812,1.78175,1.90,1.50
2008.11.17 09:35:45.523,1.78125,1.78175,3.00,1.50
2008.11.17 09:35:45.863,1.7811,1.78215,13.60,1.50
2008.11.17 09:35:46.163,1.7811,1.78215,10.00,1.50
2008.11.17 09:35:46.443,1.78105,1.7821,3.00,1.20
2008.11.17 09:35:46.793,1.78115,1.7821,4.00,1.20
2008.11.17 09:35:47.262,1.78115,1.78195,3.00,1.20
2008.11.17 09:35:47.663,1.78115,1.782,1.00,1.50
2008.11.17 09:35:48.412,1.78125,1.782,1.00,1.50
2008.11.17 09:35:48.902,1.7812,1.782,1.90,1.50
2008.11.17 09:35:49.122,1.78115,1.78184,1.00,1.00
2008.11.17 09:35:49.582,1.78115,1.78184,2.10,1.00
2008.11.17 09:35:49.922,1.78125,1.7821,1.00,1.50
2008.11.17 09:35:50.322,1.78115,1.7821,1.90,1.50
2008.11.17 09:35:50.722,1.7813,1.7821,1.20,1.50
2008.11.17 09:35:51.062,1.7813,1.7821,1.20,6.00
2008.11.17 09:35:51.462,1.78115,1.7821,2.10,6.00
2008.11.17 09:35:51.881,1.78125,1.7821,1.90,6.00
2008.11.17 09:35:52.331,1.7813,1.7821,1.90,6.00
2008.11.17 09:35:52.861,1.78135,1.7821,1.90,6.00
2008.11.17 09:35:53.151,1.78135,1.7821,2.10,6.00
2008.11.17 09:35:53.511,1.78135,1.7821,1.90,6.00
2008.11.17 09:35:53.751,1.7812,1.7821,1.90,6.00
2008.11.17 09:35:54.141,1.7814,1.7821,1.00,6.00
2008.11.17 09:35:54.471,1.7814,1.78185,1.00,1.50
2008.11.17 09:35:54.821,1.7815,1.78185,1.00,1.50
2008.11.17 09:35:55.210,1.7815,1.78225,1.00,6.00
2008.11.17 09:35:55.570,1.7815,1.78225,1.00,7.50
2008.11.17 09:35:56.021,1.7815,1.78225,1.00,6.00
2008.11.17 09:35:56.650,1.78155,1.7821,1.00,6.00
2008.11.17 09:35:57.380,1.78155,1.7821,3.00,6.00
2008.11.17 09:35:58.310,1.78165,1.7821,1.00,6.00
2008.11.17 09:35:58.550,1.78155,1.7821,3.00,6.00
2008.11.17 09:35:58.850,1.78155,1.7821,1.00,6.00
2008.11.17 09:35:59.370,1.78155,1.7821,1.00,7.50
2008.11.17 09:35:59.599,1.78165,1.7821,1.00,6.00
2008.11.17 09:36:00.549,1.7817,1.7821,1.00,6.00
2008.11.17 09:36:00.899,1.7817,1.7821,1.00,6.00
2008.11.17 09:36:01.139,1.78175,1.7821,1.00,6.00
2008.11.17 09:36:01.369,1.7817,1.7821,1.00,6.00
2008.11.17 09:36:01.539,1.7819,1.7821,1.00,6.00
2008.11.17 09:36:02.279,1.7818,1.7821,1.90,6.00
2008.11.17 09:36:02.629,1.7818,1.7821,1.00,6.00
2008.11.17 09:36:02.969,1.7818,1.7821,1.90,6.00
2008.11.17 09:36:03.778,1.7818,1.7821,1.20,6.00
2008.11.17 09:36:04.489,1.78175,1.7821,1.90,6.00
2008.11.17 09:36:04.958,1.7818,1.7821,1.20,6.00
2008.11.17 09:36:05.308,1.78175,1.7821,1.90,6.00
2008.11.17 09:36:07.298,1.7818,1.7821,3.10,6.00
2008.11.17 09:36:07.468,1.78195,1.7821,1.00,6.00
2008.11.17 09:36:08.617,1.782,1.7821,1.20,6.00
2008.11.17 09:36:08.937,1.78195,1.7821,1.00,6.00
2008.11.17 09:36:09.117,1.7819,1.7821,1.20,6.00
2008.11.17 09:36:09.287,1.78185,1.7821,1.00,6.00
2008.11.17 09:36:09.977,1.78215,1.78284,1.20,6.70
2008.11.17 09:36:10.407,1.7818,1.7821,1.00,6.00
2008.11.17 09:36:10.577,1.7818,1.7821,3.00,6.00
2008.11.17 09:36:10.807,1.78165,1.7821,1.90,6.00
2008.11.17 09:36:11.097,1.78185,1.7821,3.00,6.00
2008.11.17 09:36:11.447,1.7818,1.7821,1.90,6.00
2008.11.17 09:36:11.867,1.782,1.7821,1.00,6.00
2008.11.17 09:36:12.376,1.7822,1.78295,1.20,1.20
2008.11.17 09:36:12.726,1.7817,1.78275,1.00,2.80
2008.11.17 09:36:13.057,1.78195,1.7828,1.20,2.80
2008.11.17 09:36:13.356,1.78195,1.78295,1.20,2.40
2008.11.17 09:36:13.576,1.78195,1.7829,1.20,1.50
2008.11.17 09:36:14.196,1.78215,1.7829,1.00,1.50
2008.11.17 09:36:14.546,1.7822,1.783,1.20,4.50
2008.11.17 09:36:14.836,1.78175,1.78255,1.00,1.50
2008.11.17 09:36:15.176,1.7817,1.7827,1.20,2.80
2008.11.17 09:36:15.466,1.78145,1.7827,1.90,2.40
2008.11.17 09:36:15.766,1.78145,1.7827,1.90,1.20
2008.11.17 09:36:16.055,1.7814,1.78255,1.90,4.60
2008.11.17 09:36:16.325,1.7814,1.7824,1.90,1.20
2008.11.17 09:36:16.736,1.7815,1.78225,1.90,3.60
2008.11.17 09:36:17.135,1.7814,1.78215,9.60,4.20
2008.11.17 09:36:17.535,1.78165,1.78215,1.00,2.80
2008.11.17 09:36:17.885,1.7818,1.7827,1.20,1.00
2008.11.17 09:36:18.175,1.7818,1.78275,1.20,1.50
2008.11.17 09:36:18.475,1.7818,1.78279,1.20,1.00
2008.11.17 09:36:18.705,1.7819,1.7828,1.20,1.00
2008.11.17 09:36:18.995,1.782,1.7823,1.20,1.20
2008.11.17 09:36:19.395,1.7818,1.7823,1.20,1.20
2008.11.17 09:36:19.735,1.7816,1.78235,1.00,1.50
2008.11.17 09:36:20.134,1.7817,1.78214,1.00,1.00
2008.11.17 09:36:20.474,1.7818,1.7826,1.00,2.80
2008.11.17 09:36:20.884,1.78175,1.7827,1.00,3.60
2008.11.17 09:36:21.234,1.78175,1.7826,1.00,1.50
2008.11.17 09:36:21.514,1.7818,1.7826,1.20,3.60
2008.11.17 09:36:21.854,1.7817,1.78245,1.20,1.20
2008.11.17 09:36:22.134,1.7817,1.78239,1.20,1.00
2008.11.17 09:36:22.534,1.7818,1.78225,1.20,1.20
2008.11.17 09:36:23.004,1.7818,1.78234,1.20,1.00
2008.11.17 09:36:23.514,1.78165,1.7825,1.00,1.50
2008.11.17 09:36:23.794,1.7818,1.7823,1.00,1.50
2008.11.17 09:36:24.074,1.78185,1.7823,3.00,1.50
2008.11.17 09:36:24.253,1.78185,1.7826,3.00,1.50
2008.11.17 09:36:24.814,1.782,1.7827,1.00,5.10
2008.11.17 09:36:25.143,1.782,1.7827,1.20,3.60
2008.11.17 09:36:25.433,1.7822,1.7826,1.00,3.60
2008.11.17 09:36:25.733,1.78215,1.7826,2.80,3.60
2008.11.17 09:36:26.073,1.78215,1.7826,1.00,3.60
2008.11.17 09:36:26.414,1.78225,1.7826,1.00,3.60
2008.11.17 09:36:26.793,1.78235,1.7826,1.00,3.60
2008.11.17 09:36:27.143,1.78225,1.7826,3.00,3.60
2008.11.17 09:36:27.433,1.78225,1.7826,1.00,3.60
2008.11.17 09:36:27.783,1.7822,1.7826,3.10,3.60
2008.11.17 09:36:28.133,1.7822,1.7826,1.20,3.60
2008.11.17 09:36:28.892,1.7822,1.7826,1.20,4.80
2008.11.17 09:36:29.393,1.7821,1.7826,1.20,5.20
2008.11.17 09:36:29.622,1.7821,1.78245,1.20,1.20
2008.11.17 09:36:30.252,1.7821,1.78234,1.20,1.00
2008.11.17 09:36:30.932,1.7819,1.7823,8.40,1.20
2008.11.17 09:36:31.572,1.782,1.78224,1.20,1.00
2008.11.17 09:36:31.923,1.7819,1.78224,7.20,1.00
2008.11.17 09:36:32.621,1.7819,1.78234,7.20,1.00
2008.11.17 09:36:34.671,1.7819,1.78224,7.20,1.00
2008.11.17 09:36:34.911,1.7819,1.7824,7.20,1.50
2008.11.17 09:36:35.301,1.7819,1.7823,7.20,1.50
2008.11.17 09:36:36.001,1.7819,1.7825,7.20,1.50
2008.11.17 09:36:38.140,1.7819,1.7823,7.20,1.50
2008.11.17 09:36:39.280,1.7819,1.7822,7.20,1.50
2008.11.17 09:36:40.090,1.78195,1.7826,1.00,1.50
2008.11.17 09:36:40.270,1.78255,1.7826,3.60,1.50
2008.11.17 09:36:41.140,1.78255,1.7829,3.60,3.00
2008.11.17 09:36:41.539,1.7827,1.7828,3.60,1.50
2008.11.17 09:36:41.959,1.7827,1.7829,3.60,1.50
2008.11.17 09:36:43.149,1.7827,1.78275,3.60,3.20
2008.11.17 09:36:43.789,1.78207,1.78337,3.60,2.90
2008.11.17 09:36:44.909,1.7819,1.7826,8.40,1.50
2008.11.17 09:36:45.488,1.7821,1.78269,4.40,1.90
2008.11.17 09:36:47.358,1.78195,1.78265,1.20,1.20
2008.11.17 09:36:47.708,1.78185,1.78265,1.20,1.20
2008.11.17 09:36:50.757,1.7819,1.78254,7.20,1.00
2008.11.17 09:36:51.327,1.7819,1.7826,7.20,1.20
2008.11.17 09:36:53.267,1.782,1.7826,1.20,1.20
2008.11.17 09:36:54.157,1.782,1.7826,1.20,2.40
2008.11.17 09:36:55.566,1.7819,1.7826,8.40,4.00
2008.11.17 09:36:55.736,1.7819,1.78255,8.40,1.20
2008.11.17 09:36:55.916,1.7819,1.78255,8.40,2.40
2008.11.17 09:36:56.376,1.7819,1.78255,7.20,2.40
2008.11.17 09:36:56.726,1.7819,1.78245,7.20,1.20
2008.11.17 09:36:57.556,1.7819,1.7824,7.20,1.20
2008.11.17 09:36:58.055,1.7819,1.78245,7.20,1.20
2008.11.17 09:36:58.625,1.7819,1.7824,7.20,1.20
2008.11.17 09:36:59.185,1.7819,1.7824,8.40,1.20
2008.11.17 09:36:59.465,1.7819,1.78255,8.40,2.40
2008.11.17 09:36:59.755,1.7821,1.7824,1.20,1.20
2008.11.17 09:37:00.035,1.7819,1.78255,8.40,2.40
2008.11.17 09:37:00.595,1.7819,1.78245,7.20,1.20
2008.11.17 09:37:00.835,1.7819,1.78235,7.20,1.20
2008.11.17 09:37:01.285,1.7819,1.7822,7.20,1.20
2008.11.17 09:37:02.024,1.78115,1.782,1.90,1.20
2008.11.17 09:37:02.364,1.7811,1.78195,1.90,1.20
2008.11.17 09:37:03.544,1.7813,1.78185,1.90,1.20
2008.11.17 09:37:03.894,1.78135,1.78185,1.90,1.20
2008.11.17 09:37:04.464,1.78135,1.78189,1.90,1.00
2008.11.17 09:37:04.674,1.78135,1.7819,1.90,1.20
2008.11.17 09:37:04.904,1.7813,1.7818,1.90,1.50
2008.11.17 09:37:05.484,1.7813,1.7818,1.90,2.70
2008.11.17 09:37:05.943,1.7813,1.78175,1.90,1.20
2008.11.17 09:37:06.053,1.7812,1.78175,1.90,1.20
2008.11.17 09:37:07.503,1.7812,1.7817,1.90,1.20
2008.11.17 09:37:07.833,1.78075,1.7816,1.90,1.50
2008.11.17 09:37:08.053,1.7808,1.7817,3.10,2.70
2008.11.17 09:37:08.293,1.7808,1.7818,3.10,2.70
2008.11.17 09:37:08.513,1.78095,1.78184,1.00,1.00
2008.11.17 09:37:08.753,1.7809,1.7819,1.90,1.20
2008.11.17 09:37:09.033,1.781,1.78195,1.90,2.80
2008.11.17 09:37:10.472,1.781,1.78195,1.90,1.20
2008.11.17 09:37:10.812,1.78105,1.78195,1.00,1.20
2008.11.17 09:37:11.162,1.78105,1.78195,1.00,2.40
2008.11.17 09:37:11.632,1.78105,1.7819,1.00,1.20
2008.11.17 09:37:12.032,1.78105,1.78195,1.00,2.40
2008.11.17 09:37:12.382,1.7811,1.78195,1.00,1.20
2008.11.17 09:37:12.672,1.781,1.78185,1.20,2.40
2008.11.17 09:37:13.012,1.781,1.78175,1.20,1.20
2008.11.17 09:37:14.651,1.781,1.78155,1.20,1.20
2008.11.17 09:37:14.891,1.78065,1.78154,1.90,1.00
2008.11.17 09:37:15.221,1.78055,1.78135,3.00,1.20
2008.11.17 09:37:15.571,1.7803,1.7813,1.20,1.20
2008.11.17 09:37:16.201,1.7803,1.7812,1.20,1.50
2008.11.17 09:37:16.651,1.78045,1.7813,1.00,1.50
2008.11.17 09:37:16.881,1.7805,1.78145,1.90,2.40
2008.11.17 09:37:17.121,1.7805,1.78145,1.90,1.20
2008.11.17 09:37:18.031,1.7805,1.7814,4.90,1.20
2008.11.17 09:37:18.361,1.78055,1.7814,1.00,1.20
2008.11.17 09:37:18.790,1.7807,1.78145,1.20,1.20
2008.11.17 09:37:19.300,1.7806,1.78135,1.20,1.20
2008.11.17 09:37:19.850,1.7806,1.7813,1.20,1.50
2008.11.17 09:37:20.650,1.78045,1.7811,1.00,1.50
2008.11.17 09:37:21.000,1.78045,1.78104,1.00,1.00
2008.11.17 09:37:21.280,1.7804,1.78085,1.20,1.20
2008.11.17 09:37:21.630,1.78005,1.78085,1.00,1.20
2008.11.17 09:37:22.010,1.78005,1.78075,1.00,1.20
2008.11.17 09:37:22.339,1.77995,1.7807,1.00,1.20
2008.11.17 09:37:22.799,1.78005,1.7807,1.00,1.50
2008.11.17 09:37:23.130,1.78025,1.7808,1.00,1.50
2008.11.17 09:37:23.540,1.7802,1.78084,1.20,1.00
2008.11.17 09:37:23.959,1.78025,1.7807,1.00,1.20
2008.11.17 09:37:24.189,1.7802,1.78065,1.20,1.20
2008.11.17 09:37:24.469,1.7802,1.78074,1.20,1.00
2008.11.17 09:37:24.749,1.78,1.78064,1.20,1.00
2008.11.17 09:37:25.029,1.78005,1.7806,1.00,1.50
2008.11.17 09:37:25.359,1.77995,1.7806,1.00,1.50
2008.11.17 09:37:26.039,1.78,1.78064,1.20,1.00
2008.11.17 09:37:26.338,1.77995,1.7806,1.00,1.50
2008.11.17 09:37:26.678,1.7799,1.7806,1.20,1.50
2008.11.17 09:37:27.029,1.77995,1.78054,1.00,1.00
2008.11.17 09:37:29.838,1.77995,1.7806,1.00,1.50
2008.11.17 09:37:33.167,1.77995,1.7806,1.00,1.50
2008.11.17 09:37:33.407,1.7801,1.7807,1.00,1.50
2008.11.17 09:37:33.737,1.7801,1.78105,1.90,2.40
2008.11.17 09:37:33.977,1.7801,1.7812,1.90,1.00
2008.11.17 09:37:34.357,1.7801,1.7812,1.90,1.50
2008.11.17 09:37:35.007,1.7802,1.7809,1.20,1.50
2008.11.17 09:37:35.806,1.7802,1.7809,3.10,1.50
2008.11.17 09:37:36.146,1.7803,1.7809,1.00,1.50
2008.11.17 09:37:36.446,1.7803,1.7813,2.10,1.50
2008.11.17 09:37:36.766,1.7803,1.7812,1.20,1.50
2008.11.17 09:37:37.006,1.7804,1.7812,2.80,1.50
2008.11.17 09:37:37.306,1.7804,1.7814,2.80,2.80
2008.11.17 09:37:37.776,1.78035,1.78115,1.00,1.20
2008.11.17 09:37:38.116,1.78025,1.781,2.40,1.50
2008.11.17 09:37:38.516,1.78025,1.781,1.00,1.50
2008.11.17 09:37:39.036,1.7802,1.781,1.20,1.50
2008.11.17 09:37:40.175,1.78025,1.7809,1.00,1.50
2008.11.17 09:37:40.975,1.7803,1.78094,1.20,1.00
2008.11.17 09:37:41.315,1.7803,1.781,1.20,1.50
2008.11.17 09:37:41.965,1.78025,1.7809,1.00,1.50
2008.11.17 09:37:43.834,1.78025,1.7808,1.00,1.50
2008.11.17 09:37:44.184,1.78025,1.7809,1.00,1.50
2008.11.17 09:37:44.994,1.7803,1.781,1.20,1.50
2008.11.17 09:37:45.214,1.7802,1.781,1.20,6.40
2008.11.17 09:37:45.444,1.7802,1.781,1.20,5.80
2008.11.17 09:37:45.724,1.7802,1.78094,1.20,1.00
2008.11.17 09:37:46.644,1.7802,1.78094,3.10,1.00
2008.11.17 09:37:47.224,1.7802,1.78094,5.50,1.00
2008.11.17 09:37:47.464,1.78035,1.78094,1.90,1.00
2008.11.17 09:37:47.814,1.78045,1.78099,1.90,1.00
2008.11.17 09:37:48.323,1.78045,1.7811,1.90,2.70
2008.11.17 09:37:48.833,1.7804,1.781,1.90,1.50
2008.11.17 09:37:49.003,1.7804,1.781,1.90,2.70
2008.11.17 09:37:50.213,1.78035,1.78094,1.90,1.00
2008.11.17 09:37:50.893,1.78025,1.78094,1.90,1.00
2008.11.17 09:37:51.633,1.7803,1.78099,1.20,1.00
2008.11.17 09:37:51.743,1.7803,1.781,1.20,2.70
2008.11.17 09:37:52.782,1.7803,1.781,1.20,1.50
2008.11.17 09:37:53.142,1.7803,1.7808,1.20,1.20
2008.11.17 09:37:53.322,1.7802,1.78074,1.20,1.00
2008.11.17 09:37:53.662,1.7801,1.78074,1.20,1.00
2008.11.17 09:37:53.832,1.78015,1.78074,1.00,1.00
2008.11.17 09:37:55.791,1.78015,1.7808,1.00,1.50
2008.11.17 09:37:56.012,1.78045,1.78099,1.20,1.00
2008.11.17 09:37:56.181,1.7805,1.78105,1.00,1.20
2008.11.17 09:37:56.412,1.7805,1.7812,1.00,2.80
2008.11.17 09:37:56.531,1.7805,1.78124,1.00,1.00
2008.11.17 09:37:57.861,1.78065,1.7811,1.00,1.20
2008.11.17 09:37:58.251,1.78025,1.781,1.60,1.50
2008.11.17 09:37:58.541,1.78025,1.781,4.00,1.50
2008.11.17 09:37:58.821,1.7802,1.781,1.20,1.50
2008.11.17 09:38:00.800,1.78025,1.7809,1.00,2.70
2008.11.17 09:38:01.210,1.7803,1.78095,1.20,1.20
2008.11.17 09:38:01.440,1.7803,1.781,1.20,1.50
2008.11.17 09:38:02.080,1.7803,1.78095,1.20,1.20
2008.11.17 09:38:03.920,1.7803,1.78099,1.20,1.00
2008.11.17 09:38:04.100,1.78035,1.78099,1.90,1.00
2008.11.17 09:38:04.450,1.78035,1.781,1.90,1.50
2008.11.17 09:38:04.919,1.78055,1.78114,1.00,1.00
2008.11.17 09:38:05.249,1.78065,1.78114,1.90,1.00
2008.11.17 09:38:05.589,1.7808,1.7816,1.20,6.00
2008.11.17 09:38:05.879,1.7808,1.7817,3.60,6.00
2008.11.17 09:38:06.219,1.7808,1.7818,5.20,7.20
2008.11.17 09:38:06.609,1.7808,1.7817,3.00,7.20
2008.11.17 09:38:06.990,1.78095,1.7817,1.90,6.00
2008.11.17 09:38:07.269,1.7811,1.7817,1.20,1.20
2008.11.17 09:38:07.549,1.7811,1.78155,1.20,1.20
2008.11.17 09:38:07.889,1.78065,1.78145,3.10,1.20
2008.11.17 09:38:08.179,1.78055,1.7814,1.20,1.20
2008.11.17 09:38:08.908,1.7805,1.7814,3.10,1.20
2008.11.17 09:38:09.188,1.7805,1.7812,3.10,1.20
2008.11.17 09:38:09.418,1.7805,1.7812,1.90,1.20
2008.11.17 09:38:09.588,1.78045,1.7812,1.90,1.20
2008.11.17 09:38:09.878,1.78045,1.78115,1.90,1.20
2008.11.17 09:38:10.228,1.7804,1.7811,4.20,1.20
2008.11.17 09:38:10.578,1.7804,1.7811,6.10,1.20
2008.11.17 09:38:10.878,1.78045,1.7811,1.90,1.20
2008.11.17 09:38:11.168,1.78045,1.78105,1.90,1.20
2008.11.17 09:38:11.518,1.7804,1.78105,1.20,1.20
2008.11.17 09:38:13.017,1.7804,1.78109,1.20,1.00
2008.11.17 09:38:13.417,1.7805,1.7812,1.20,2.70
2008.11.17 09:38:15.667,1.7805,1.78119,1.20,1.00
2008.11.17 09:38:16.177,1.7804,1.7811,1.20,1.50
2008.11.17 09:38:16.567,1.7806,1.78119,1.20,1.00
2008.11.17 09:38:16.746,1.7804,1.7812,1.20,2.70
2008.11.17 09:38:17.017,1.7804,1.78115,1.20,1.20
2008.11.17 09:38:17.176,1.7806,1.78119,1.20,1.00
2008.11.17 09:38:17.556,1.7806,1.7812,1.20,1.50
2008.11.17 09:38:18.006,1.7804,1.78115,4.20,1.20
2008.11.17 09:38:18.456,1.7806,1.78119,1.20,1.00
2008.11.17 09:38:18.626,1.7806,1.7813,1.20,1.50
2008.11.17 09:38:20.055,1.7806,1.7812,1.20,1.50
2008.11.17 09:38:21.675,1.7804,1.78104,3.00,1.00
2008.11.17 09:38:21.955,1.7804,1.7812,1.20,1.50
2008.11.17 09:38:22.635,1.7806,1.7812,1.20,1.50
2008.11.17 09:38:24.075,1.7806,1.7813,1.20,1.50
2008.11.17 09:38:24.305,1.7805,1.78114,1.20,1.00
2008.11.17 09:38:25.724,1.7806,1.7813,1.20,1.50
2008.11.17 09:38:25.964,1.78055,1.78114,1.00,1.00
2008.11.17 09:38:26.254,1.7806,1.78114,1.20,1.00
2008.11.17 09:38:26.614,1.7806,1.7814,1.20,1.50
2008.11.17 09:38:26.974,1.78065,1.7814,1.00,1.50
2008.11.17 09:38:27.264,1.7807,1.7815,1.20,1.50
2008.11.17 09:38:27.954,1.7806,1.78124,1.20,1.00
2008.11.17 09:38:29.333,1.7805,1.7812,1.20,1.50
2008.11.17 09:38:29.613,1.7805,1.7812,1.20,1.50
2008.11.17 09:38:30.423,1.7806,1.7812,1.90,1.50
2008.11.17 09:38:30.723,1.7808,1.78155,1.20,1.00
2008.11.17 09:38:30.953,1.7807,1.7815,1.20,1.50
2008.11.17 09:38:32.762,1.78065,1.7812,1.00,1.50
2008.11.17 09:38:33.143,1.7805,1.78104,3.10,1.00
2008.11.17 09:38:33.432,1.78035,1.781,1.00,1.50
2008.11.17 09:38:33.652,1.78035,1.78094,1.00,1.00
2008.11.17 09:38:36.182,1.78035,1.781,1.00,1.50
2008.11.17 09:38:37.521,1.7803,1.781,1.20,2.70
2008.11.17 09:38:37.851,1.7803,1.781,1.20,1.50
2008.11.17 09:38:39.901,1.78035,1.781,1.00,1.50
2008.11.17 09:38:43.080,1.78045,1.78104,1.00,1.00
2008.11.17 09:38:43.310,1.78035,1.781,1.00,1.50
2008.11.17 09:38:45.720,1.7803,1.781,1.20,1.50
2008.11.17 09:38:45.950,1.7802,1.7809,1.20,1.50
2008.11.17 09:38:47.999,1.7803,1.7809,1.20,1.50
2008.11.17 09:38:48.429,1.7803,1.781,1.20,1.50
2008.11.17 09:38:48.789,1.78015,1.78084,1.00,1.00
2008.11.17 09:38:49.359,1.78005,1.7808,1.00,1.50
2008.11.17 09:38:50.318,1.78,1.7807,1.20,1.50
2008.11.17 09:38:50.708,1.7798,1.78055,3.10,1.20
2008.11.17 09:38:51.008,1.7799,1.78059,1.00,1.00
2008.11.17 09:38:51.238,1.77995,1.78059,1.00,1.00
2008.11.17 09:38:51.468,1.78,1.7807,1.20,1.50
2008.11.17 09:38:51.698,1.7799,1.7807,3.30,1.50
2008.11.17 09:38:51.939,1.7799,1.7807,3.10,1.50
2008.11.17 09:38:53.457,1.7799,1.7806,1.20,1.50
2008.11.17 09:38:53.578,1.7798,1.7806,1.20,1.50
2008.11.17 09:38:53.688,1.77975,1.78055,1.90,1.20
2008.11.17 09:38:53.908,1.78,1.78055,1.20,1.20
2008.11.17 09:38:54.077,1.78005,1.78074,1.00,1.00
2008.11.17 09:38:54.487,1.77995,1.7807,1.00,1.50
2008.11.17 09:38:55.127,1.78005,1.78065,1.00,1.20
2008.11.17 09:38:55.417,1.78005,1.7805,1.00,1.20
2008.11.17 09:38:55.757,1.77935,1.7804,9.60,1.50
2008.11.17 09:38:56.107,1.77925,1.7804,2.40,1.20
2008.11.17 09:38:56.437,1.7792,1.7803,3.00,1.20
2008.11.17 09:38:56.777,1.7797,1.78034,1.00,1.00
2008.11.17 09:38:57.067,1.7798,1.7807,1.00,1.50
2008.11.17 09:38:57.347,1.77995,1.7809,1.20,5.10
2008.11.17 09:38:57.687,1.78005,1.7809,1.20,3.60
2008.11.17 09:38:58.036,1.78005,1.7808,1.00,5.10
2008.11.17 09:38:58.447,1.7799,1.7808,4.00,4.80
2008.11.17 09:38:58.846,1.7799,1.78075,3.10,2.40
2008.11.17 09:38:59.186,1.7798,1.7806,1.90,1.50
2008.11.17 09:38:59.716,1.77985,1.7806,1.00,1.50
2008.11.17 09:39:00.006,1.7799,1.78064,1.20,1.00
2008.11.17 09:39:01.486,1.7799,1.7807,1.90,1.50
2008.11.17 09:39:02.635,1.7799,1.7808,1.90,8.50
2008.11.17 09:39:07.634,1.77985,1.78075,1.00,1.20
2008.11.17 09:39:07.984,1.77985,1.78075,1.00,1.80
2008.11.17 09:39:08.344,1.77985,1.78075,1.00,4.20
2008.11.17 09:39:08.924,1.77985,1.78075,1.00,4.20
2008.11.17 09:39:09.144,1.7799,1.7807,1.20,1.50
2008.11.17 09:39:10.034,1.7798,1.7807,1.90,1.50
2008.11.17 09:39:12.493,1.7798,1.7807,1.90,1.90
2008.11.17 09:39:12.723,1.7798,1.78055,1.90,2.40
2008.11.17 09:39:13.023,1.7798,1.78055,1.90,2.80
2008.11.17 09:39:13.543,1.77985,1.78055,1.00,2.80
2008.11.17 09:39:13.833,1.7798,1.78055,1.90,2.80
2008.11.17 09:39:14.343,1.7798,1.78055,1.20,2.80
2008.11.17 09:39:16.862,1.7798,1.78055,1.20,2.40
2008.11.17 09:39:17.332,1.7798,1.7806,1.20,1.50
2008.11.17 09:39:18.312,1.77965,1.7804,2.10,1.50
2008.11.17 09:39:19.431,1.77965,1.7804,1.00,1.50
2008.11.17 09:39:19.601,1.77965,1.7803,1.00,1.50
2008.11.17 09:39:21.211,1.7796,1.7803,1.20,1.50
2008.11.17 09:39:27.309,1.7796,1.7803,1.20,2.70
2008.11.17 09:39:27.489,1.7796,1.7803,1.20,1.50
2008.11.17 09:39:29.939,1.7796,1.78014,1.20,1.00
2008.11.17 09:39:31.339,1.77955,1.78004,1.00,1.00
2008.11.17 09:39:33.618,1.7796,1.78024,1.20,1.00
2008.11.17 09:39:33.738,1.7796,1.78034,1.20,1.00
2008.11.17 09:39:34.558,1.7797,1.78034,1.20,1.00
2008.11.17 09:39:35.308,1.7796,1.7803,1.20,1.50
2008.11.17 09:39:35.987,1.7798,1.7804,1.20,1.50
2008.11.17 09:39:36.607,1.77985,1.7805,1.00,1.50
2008.11.17 09:39:37.417,1.7798,1.78034,3.10,1.00
2008.11.17 09:39:37.757,1.77985,1.7805,1.00,1.50
2008.11.17 09:39:38.087,1.7799,1.78055,1.20,1.20
2008.11.17 09:39:38.437,1.77985,1.7805,1.00,1.50
2008.11.17 09:39:38.657,1.7799,1.78054,1.20,1.00
2008.11.17 09:39:39.007,1.77985,1.7805,1.00,2.70
2008.11.17 09:39:39.246,1.7798,1.7805,1.20,2.70
2008.11.17 09:39:39.537,1.7798,1.78034,1.20,1.00
2008.11.17 09:39:40.007,1.7799,1.78054,1.20,1.00
2008.11.17 09:39:40.296,1.78,1.78064,1.20,1.00
2008.11.17 09:39:40.526,1.78,1.7805,1.20,1.20
2008.11.17 09:39:40.866,1.7798,1.78034,1.20,1.00
2008.11.17 09:39:41.206,1.7797,1.78034,1.20,1.00
2008.11.17 09:39:42.076,1.7798,1.78034,1.20,1.00
2008.11.17 09:39:42.576,1.7798,1.7803,1.20,1.20
2008.11.17 09:39:42.756,1.7797,1.78024,1.20,1.00
2008.11.17 09:39:43.566,1.7796,1.78024,1.20,1.00
2008.11.17 09:39:46.035,1.7797,1.78024,1.20,1.00
2008.11.17 09:39:46.355,1.7798,1.7803,1.20,1.20
2008.11.17 09:39:46.595,1.77965,1.78024,1.00,1.00
2008.11.17 09:39:51.974,1.7797,1.78024,1.20,1.00
2008.11.17 09:39:52.203,1.77975,1.78034,1.00,1.00
2008.11.17 09:39:52.434,1.77975,1.7801,1.00,1.50
2008.11.17 09:39:52.783,1.7792,1.77994,5.10,1.00
2008.11.17 09:39:53.123,1.77915,1.77994,1.20,1.00
2008.11.17 09:39:55.213,1.7792,1.7799,3.10,1.50
2008.11.17 09:39:55.933,1.77935,1.77994,1.00,1.00
2008.11.17 09:39:57.182,1.7794,1.7801,1.20,1.50
2008.11.17 09:39:57.462,1.7794,1.7802,1.20,1.50
2008.11.17 09:40:00.831,1.7794,1.78004,1.20,1.00
2008.11.17 09:40:01.191,1.7794,1.7803,3.10,1.50
2008.11.17 09:40:01.561,1.7796,1.7804,1.20,2.70
2008.11.17 09:40:02.601,1.7796,1.78024,1.20,1.00
2008.11.17 09:40:11.689,1.7796,1.7802,1.20,1.20
2008.11.17 09:40:12.199,1.7794,1.7801,1.20,1.50
2008.11.17 09:40:13.358,1.77935,1.78,1.00,1.50
2008.11.17 09:40:16.548,1.7794,1.7801,1.20,1.50
2008.11.17 09:40:18.997,1.77935,1.78,1.00,1.50
2008.11.17 09:40:20.877,1.7793,1.7799,1.20,1.50
2008.11.17 09:40:21.217,1.7792,1.7799,1.20,1.50
2008.11.17 09:40:22.696,1.7792,1.7799,1.90,1.50
2008.11.17 09:40:22.966,1.7793,1.7799,1.20,1.50
2008.11.17 09:40:24.156,1.7793,1.78,1.20,1.50
2008.11.17 09:40:27.135,1.7793,1.7799,1.20,1.50
2008.11.17 09:40:27.375,1.7793,1.78,1.20,1.50
2008.11.17 09:40:28.405,1.7791,1.7798,1.20,1.50
2008.11.17 09:40:28.635,1.77915,1.7799,1.00,1.50
2008.11.17 09:40:28.805,1.7791,1.7799,7.90,1.50
2008.11.17 09:40:29.214,1.7793,1.78,1.20,1.50
2008.11.17 09:40:29.664,1.7793,1.7801,1.20,1.50
2008.11.17 09:40:29.894,1.77945,1.7801,1.00,1.50
2008.11.17 09:40:30.184,1.77945,1.7803,1.00,1.00
2008.11.17 09:40:30.364,1.77955,1.7804,1.00,2.50
2008.11.17 09:40:30.864,1.77965,1.7804,1.00,1.00
2008.11.17 09:40:31.394,1.77975,1.7804,1.00,1.00
2008.11.17 09:40:32.084,1.77985,1.7804,1.00,1.00
2008.11.17 09:40:32.264,1.7798,1.7804,1.00,1.00
2008.11.17 09:40:32.664,1.7797,1.7804,3.10,1.00
2008.11.17 09:40:33.014,1.7797,1.7804,6.10,1.00
2008.11.17 09:40:33.413,1.77975,1.7804,1.90,1.00
2008.11.17 09:40:34.883,1.7799,1.7804,2.80,1.00
2008.11.17 09:40:35.003,1.7799,1.7804,4.00,1.00
2008.11.17 09:40:35.303,1.77995,1.7804,1.00,1.00
2008.11.17 09:40:35.423,1.77995,1.7804,1.00,1.00
2008.11.17 09:40:35.783,1.77995,1.7804,1.00,1.00
2008.11.17 09:40:36.183,1.77995,1.7804,1.80,1.00
2008.11.17 09:40:37.233,1.78,1.7804,1.00,1.00
2008.11.17 09:40:39.402,1.77995,1.7804,3.90,1.00
2008.11.17 09:40:39.522,1.77995,1.7804,1.00,1.00
2008.11.17 09:40:40.262,1.77995,1.7804,2.10,1.00
2008.11.17 09:40:40.662,1.77995,1.7804,3.00,1.00
2008.11.17 09:40:41.002,1.77995,1.7804,1.00,1.00
2008.11.17 09:40:42.251,1.77985,1.7804,1.00,1.00
2008.11.17 09:40:42.541,1.77975,1.7804,1.90,1.00
2008.11.17 09:40:42.781,1.7797,1.7804,1.20,1.00
2008.11.17 09:40:43.361,1.77965,1.7804,1.00,2.10
2008.11.17 09:40:43.751,1.7796,1.7804,1.20,3.30
2008.11.17 09:40:44.212,1.7796,1.7802,1.20,1.20
2008.11.17 09:40:44.451,1.7796,1.78015,1.20,1.20
2008.11.17 09:40:44.801,1.7796,1.78029,1.20,1.00
2008.11.17 09:40:45.021,1.7794,1.7801,4.20,1.20
2008.11.17 09:40:45.361,1.7794,1.78014,1.20,1.00
2008.11.17 09:40:45.711,1.77945,1.7801,1.00,1.50
2008.11.17 09:40:46.061,1.77965,1.7801,1.00,1.50
2008.11.17 09:40:46.510,1.7796,1.7802,1.00,1.50
2008.11.17 09:40:46.970,1.7797,1.7802,1.00,1.50
2008.11.17 09:40:47.320,1.77985,1.7801,1.00,1.50
2008.11.17 09:40:48.130,1.77985,1.78,1.00,1.50
2008.11.17 09:40:48.470,1.7799,1.7802,1.00,1.50
2008.11.17 09:40:49.120,1.77985,1.7804,1.00,2.10
2008.11.17 09:40:49.470,1.7798,1.7804,2.80,2.10
2008.11.17 09:40:49.770,1.7798,1.7804,1.00,1.00
2008.11.17 09:40:50.550,1.77975,1.7804,1.00,1.00
2008.11.17 09:40:50.989,1.7798,1.7804,1.20,1.00
2008.11.17 09:40:54.198,1.7796,1.7804,1.90,1.00
2008.11.17 09:40:54.778,1.7796,1.7804,1.20,1.00
2008.11.17 09:40:55.068,1.7796,1.7802,1.20,1.20
2008.11.17 09:40:55.358,1.7796,1.78024,1.20,1.00
2008.11.17 09:40:55.768,1.7796,1.7804,1.20,1.80
2008.11.17 09:40:56.068,1.7796,1.78035,1.20,1.20
2008.11.17 09:40:56.418,1.7796,1.78039,1.20,1.00
2008.11.17 09:40:56.818,1.7796,1.7804,1.20,1.00
2008.11.17 09:40:57.178,1.7796,1.7804,1.90,1.00
2008.11.17 09:40:57.528,1.77965,1.7804,1.00,1.00
2008.11.17 09:40:57.807,1.77965,1.7804,2.10,1.00
2008.11.17 09:40:58.428,1.77965,1.7804,1.90,1.00
2008.11.17 09:40:58.757,1.77975,1.7802,1.90,1.50
2008.11.17 09:40:58.997,1.7798,1.7804,3.00,1.00
2008.11.17 09:40:59.517,1.7798,1.7804,6.00,1.00
2008.11.17 09:41:00.327,1.77985,1.7804,2.40,1.00
2008.11.17 09:41:00.567,1.7799,1.7804,1.60,1.00
2008.11.17 09:41:01.097,1.77995,1.7804,3.00,1.00
2008.11.17 09:41:01.447,1.7798,1.7804,3.00,1.00
2008.11.17 09:41:01.837,1.77975,1.7804,4.90,1.00
2008.11.17 09:41:02.397,1.7798,1.7804,1.90,1.00
2008.11.17 09:41:03.106,1.77975,1.7804,4.90,1.00
2008.11.17 09:41:03.506,1.77975,1.7804,1.90,1.00
2008.11.17 09:41:03.916,1.77985,1.7804,1.00,1.00
2008.11.17 09:41:04.206,1.77995,1.7804,1.00,1.00
2008.11.17 09:41:04.476,1.78005,1.7804,1.00,1.00
2008.11.17 09:41:04.756,1.78005,1.78085,1.00,1.00
2008.11.17 09:41:05.256,1.78015,1.78109,1.00,1.00
2008.11.17 09:41:05.706,1.78005,1.7811,5.80,2.70
2008.11.17 09:41:05.986,1.78,1.7809,1.00,2.70
2008.11.17 09:41:06.255,1.78,1.7809,1.00,1.50
2008.11.17 09:41:06.485,1.78005,1.7809,1.00,1.50
2008.11.17 09:41:07.285,1.78015,1.7808,1.00,1.50
2008.11.17 09:41:07.855,1.78015,1.7809,1.00,1.50
2008.11.17 09:41:08.195,1.78,1.7808,3.10,1.50
2008.11.17 09:41:08.595,1.78,1.7808,4.30,1.50
2008.11.17 09:41:09.095,1.78015,1.7807,1.00,1.50
2008.11.17 09:41:09.265,1.7802,1.7811,1.00,1.90
2008.11.17 09:41:09.425,1.78025,1.7811,1.00,1.90
2008.11.17 09:41:09.605,1.78025,1.7811,1.00,1.00
2008.11.17 09:41:10.455,1.78025,1.78095,1.00,1.00
2008.11.17 09:41:10.735,1.7801,1.7809,1.90,1.50
2008.11.17 09:41:11.075,1.78015,1.7809,1.00,1.50
2008.11.17 09:41:11.414,1.78015,1.7809,1.80,1.50
2008.11.17 09:41:11.885,1.7802,1.7809,3.00,1.50
2008.11.17 09:41:12.244,1.7801,1.781,1.20,2.70
2008.11.17 09:41:12.874,1.78005,1.7809,3.70,1.50
2008.11.17 09:41:13.164,1.7801,1.7809,1.00,1.50
2008.11.17 09:41:13.394,1.78015,1.7809,1.00,1.50
2008.11.17 09:41:13.674,1.7801,1.7807,4.00,1.20
2008.11.17 09:41:13.894,1.7801,1.78074,4.20,1.00
2008.11.17 09:41:14.124,1.7801,1.78094,1.20,1.00
2008.11.17 09:41:14.354,1.7801,1.7809,1.20,1.00
2008.11.17 09:41:14.854,1.7801,1.7809,1.20,1.00
2008.11.17 09:41:15.134,1.78015,1.7809,1.00,1.90
2008.11.17 09:41:15.434,1.7801,1.78085,1.20,1.00
2008.11.17 09:41:16.083,1.7801,1.78064,1.20,1.00
2008.11.17 09:41:16.303,1.7802,1.78074,1.20,1.00
2008.11.17 09:41:16.533,1.7802,1.78065,1.20,1.20
2008.11.17 09:41:16.813,1.7802,1.78075,1.20,2.40
2008.11.17 09:41:17.213,1.7802,1.7808,1.00,3.30
2008.11.17 09:41:17.563,1.7801,1.7808,1.00,1.80
2008.11.17 09:41:17.953,1.7801,1.7808,1.20,1.00
2008.11.17 09:41:18.293,1.7801,1.7809,1.20,1.20
2008.11.17 09:41:18.583,1.7801,1.78085,1.20,1.20
2008.11.17 09:41:18.882,1.7801,1.78075,1.20,1.20
2008.11.17 09:41:19.282,1.7799,1.7807,4.20,2.80
2008.11.17 09:41:19.573,1.78,1.7807,1.20,2.80
2008.11.17 09:41:20.262,1.78,1.78065,1.20,1.20
2008.11.17 09:41:20.662,1.77995,1.78065,1.00,2.80
2008.11.17 09:41:20.952,1.77995,1.7807,1.00,2.80
2008.11.17 09:41:21.342,1.77995,1.78045,1.00,2.80
2008.11.17 09:41:21.672,1.7799,1.78045,1.00,2.80
2008.11.17 09:41:21.892,1.7799,1.7804,1.00,2.40
2008.11.17 09:41:22.062,1.7799,1.7804,1.00,4.20
2008.11.17 09:41:22.232,1.7799,1.7804,1.00,2.40
2008.11.17 09:41:22.582,1.7801,1.7802,1.20,2.40
2008.11.17 09:41:23.042,1.7797,1.78005,1.20,1.20
2008.11.17 09:41:23.331,1.78005,1.78055,1.20,4.40
2008.11.17 09:41:23.672,1.77975,1.78,1.20,2.40
2008.11.17 09:41:23.971,1.77975,1.7802,1.20,2.80
2008.11.17 09:41:24.271,1.77975,1.78035,1.20,2.40
2008.11.17 09:41:24.611,1.7799,1.78035,1.20,2.80
2008.11.17 09:41:24.891,1.7799,1.78015,1.20,2.80
2008.11.17 09:41:25.801,1.78,1.78015,1.20,2.80
2008.11.17 09:41:26.201,1.78,1.7802,1.20,1.00
2008.11.17 09:41:26.671,1.7799,1.7803,1.20,4.00
2008.11.17 09:41:26.971,1.77975,1.7803,1.00,2.40
2008.11.17 09:41:27.201,1.77965,1.78035,1.00,1.00
2008.11.17 09:41:27.421,1.77965,1.78055,1.00,5.40
2008.11.17 09:41:27.661,1.7797,1.78055,1.20,5.40
2008.11.17 09:41:28.060,1.7797,1.78055,1.20,1.20
2008.11.17 09:41:28.340,1.77965,1.78054,2.10,1.00
2008.11.17 09:41:28.790,1.77965,1.7803,1.00,1.50
2008.11.17 09:41:30.450,1.7797,1.78044,1.20,1.00
2008.11.17 09:41:30.900,1.77985,1.78044,1.00,1.00
2008.11.17 09:41:31.429,1.77975,1.7804,1.00,1.50
2008.11.17 09:41:33.199,1.7798,1.78035,1.20,1.20
2008.11.17 09:41:33.589,1.7798,1.78039,1.20,1.00
2008.11.17 09:41:33.939,1.7798,1.7804,1.20,1.20
2008.11.17 09:41:34.109,1.7798,1.7803,1.20,1.20
2008.11.17 09:41:34.999,1.7797,1.7803,1.20,1.20
2008.11.17 09:41:35.898,1.7797,1.7803,1.20,2.70
2008.11.17 09:41:36.558,1.7797,1.7803,1.20,1.50
2008.11.17 09:41:36.948,1.7795,1.7803,1.20,2.70
2008.11.17 09:41:38.338,1.7795,1.7803,1.20,1.50
2008.11.17 09:41:38.868,1.7795,1.7803,2.20,1.50
2008.11.17 09:41:39.048,1.7797,1.7803,1.20,1.50
2008.11.17 09:41:39.678,1.7795,1.7803,7.20,1.50
2008.11.17 09:41:39.918,1.77965,1.7803,1.00,1.50
2008.11.17 09:41:40.337,1.7797,1.7803,1.20,1.50
2008.11.17 09:41:41.357,1.7797,1.7804,1.20,1.50
2008.11.17 09:41:41.697,1.7797,1.78035,1.20,1.20
2008.11.17 09:41:41.977,1.7797,1.7804,1.20,1.50
2008.11.17 09:41:42.257,1.77965,1.7803,1.00,1.50
2008.11.17 09:41:42.587,1.7797,1.7805,1.20,1.50
2008.11.17 09:41:43.906,1.77985,1.7803,1.00,1.50
2008.11.17 09:41:44.276,1.7797,1.7805,1.20,2.70
2008.11.17 09:41:44.627,1.7797,1.7805,1.90,1.50
2008.11.17 09:41:45.436,1.7798,1.78054,1.20,1.00
2008.11.17 09:41:45.786,1.77975,1.7804,1.00,1.50
2008.11.17 09:41:46.126,1.77985,1.7804,1.00,1.50
2008.11.17 09:41:46.466,1.77985,1.78045,1.00,1.20
2008.11.17 09:41:46.816,1.7798,1.78045,1.20,1.20
2008.11.17 09:41:47.395,1.7798,1.78029,1.20,1.00
2008.11.17 09:41:47.755,1.7798,1.78025,1.20,1.20
2008.11.17 09:41:48.735,1.7797,1.78025,1.20,1.20
2008.11.17 09:41:49.325,1.7796,1.78025,1.20,1.20
2008.11.17 09:41:50.985,1.77955,1.7802,1.00,1.50
2008.11.17 09:41:51.784,1.7795,1.7802,1.20,1.50
2008.11.17 09:41:53.044,1.7795,1.78015,1.20,1.20
2008.11.17 09:41:53.434,1.7795,1.78004,1.20,1.00
2008.11.17 09:41:53.944,1.7795,1.77985,1.20,1.20
2008.11.17 09:41:54.104,1.7796,1.77985,1.20,1.20
2008.11.17 09:41:54.805,1.7796,1.77995,1.20,1.00
2008.11.17 09:41:54.974,1.7796,1.78004,1.20,1.00
2008.11.17 09:41:55.364,1.7796,1.77999,1.20,1.00
2008.11.17 09:41:55.713,1.7795,1.77999,1.20,1.00
2008.11.17 09:41:56.303,1.7795,1.77994,1.20,1.00
2008.11.17 09:41:56.604,1.7794,1.7799,1.20,1.20
2008.11.17 09:41:56.883,1.7793,1.7799,1.20,1.20
2008.11.17 09:41:57.214,1.7794,1.7799,1.20,1.20
2008.11.17 09:41:58.243,1.77895,1.77989,1.00,1.00
2008.11.17 09:41:58.523,1.77895,1.7799,1.00,2.70
2008.11.17 09:41:58.863,1.77925,1.7799,1.00,1.50
2008.11.17 09:41:59.213,1.77925,1.7798,1.00,1.50
2008.11.17 09:41:59.443,1.7793,1.77989,1.20,1.00
2008.11.17 09:41:59.603,1.7793,1.7799,1.20,1.20
2008.11.17 09:42:00.902,1.7792,1.77974,1.20,1.00
2008.11.17 09:42:01.512,1.77915,1.77974,1.00,1.00
2008.11.17 09:42:02.142,1.7791,1.77964,1.20,1.00
2008.11.17 09:42:02.562,1.7791,1.77974,1.20,1.00
2008.11.17 09:42:03.822,1.7792,1.77974,1.20,1.00
2008.11.17 09:42:04.482,1.7791,1.77974,1.20,1.00
2008.11.17 09:42:04.712,1.7792,1.77985,1.20,1.20
2008.11.17 09:42:04.941,1.7791,1.7798,1.20,1.50
2008.11.17 09:42:05.181,1.7793,1.7798,1.20,1.20
2008.11.17 09:42:05.581,1.779,1.7798,1.20,2.70
2008.11.17 09:42:05.941,1.77905,1.7798,1.00,1.50
2008.11.17 09:42:06.871,1.77915,1.77974,1.00,1.00
2008.11.17 09:42:07.551,1.77915,1.7797,1.00,1.20
2008.11.17 09:42:07.771,1.779,1.7797,1.20,2.70
2008.11.17 09:42:08.211,1.779,1.77965,1.20,1.20
2008.11.17 09:42:08.671,1.779,1.77964,1.20,1.00
2008.11.17 09:42:09.071,1.77905,1.7797,1.00,1.50
2008.11.17 09:42:09.990,1.7791,1.77984,1.20,1.00
2008.11.17 09:42:10.290,1.7791,1.7798,1.20,1.50
2008.11.17 09:42:10.460,1.77905,1.7797,1.00,1.50
2008.11.17 09:42:10.640,1.7792,1.7799,1.20,1.50
2008.11.17 09:42:10.810,1.77935,1.7799,1.00,1.50
2008.11.17 09:42:11.850,1.77935,1.7798,1.00,1.50
2008.11.17 09:42:12.620,1.77935,1.7797,1.00,1.50
2008.11.17 09:42:12.850,1.77935,1.7796,1.00,1.50
2008.11.17 09:42:13.649,1.77935,1.7798,1.00,1.50
2008.11.17 09:42:14.439,1.77935,1.77994,1.00,1.00
2008.11.17 09:42:15.019,1.7793,1.7798,1.20,1.20
2008.11.17 09:42:15.669,1.7793,1.77974,1.20,1.00
2008.11.17 09:42:15.909,1.7793,1.7796,1.20,1.20
2008.11.17 09:42:16.609,1.7793,1.77955,1.20,1.20
2008.11.17 09:42:16.848,1.7791,1.77954,1.20,1.00
2008.11.17 09:42:17.118,1.779,1.77954,1.20,1.00
2008.11.17 09:42:17.588,1.7789,1.77954,1.20,1.00
2008.11.17 09:42:21.008,1.77905,1.77974,1.00,1.00
2008.11.17 09:42:23.587,1.7788,1.7796,1.20,2.70
2008.11.17 09:42:23.747,1.7788,1.77935,1.20,1.20
2008.11.17 09:42:23.927,1.77855,1.77934,3.00,1.00
2008.11.17 09:42:24.267,1.77855,1.77934,2.40,1.00
2008.11.17 09:42:24.547,1.7785,1.77934,1.20,1.00
2008.11.17 09:42:24.717,1.7787,1.7794,1.20,1.20
2008.11.17 09:42:24.947,1.7786,1.7793,1.20,2.70
2008.11.17 09:42:25.466,1.7786,1.7793,1.20,1.50
2008.11.17 09:42:25.627,1.7788,1.77934,1.20,1.00
2008.11.17 09:42:25.966,1.7788,1.77925,1.20,1.20
2008.11.17 09:42:26.466,1.7786,1.77924,1.20,1.00
2008.11.17 09:42:29.756,1.7786,1.77905,1.20,1.20
2008.11.17 09:42:30.035,1.77855,1.77905,1.00,1.20
2008.11.17 09:42:30.145,1.7784,1.77905,1.20,1.20
2008.11.17 09:42:31.895,1.7784,1.779,1.20,1.20
2008.11.17 09:42:32.235,1.77835,1.77894,1.00,1.00
2008.11.17 09:42:33.124,1.77845,1.77904,1.00,1.00
2008.11.17 09:42:34.104,1.77845,1.7791,1.00,2.70
2008.11.17 09:42:34.284,1.7784,1.779,1.20,1.20
2008.11.17 09:42:34.474,1.7784,1.77904,1.20,1.00
2008.11.17 09:42:34.744,1.7784,1.77905,1.20,1.20
2008.11.17 09:42:34.914,1.7784,1.779,1.20,1.20
2008.11.17 09:42:35.854,1.7782,1.7789,1.20,2.70
2008.11.17 09:42:36.444,1.7782,1.7789,1.20,1.50
2008.11.17 09:42:36.784,1.7783,1.7791,1.20,2.70
2008.11.17 09:42:38.183,1.7783,1.779,1.20,1.50
2008.11.17 09:42:38.533,1.7783,1.7789,1.20,1.50
2008.11.17 09:42:39.693,1.7783,1.77899,1.20,1.00
2008.11.17 09:42:39.973,1.7784,1.77909,1.20,1.00
2008.11.17 09:42:40.253,1.7784,1.7791,1.20,2.70
2008.11.17 09:42:40.983,1.7785,1.7792,1.20,2.70
2008.11.17 09:42:41.932,1.7785,1.7792,1.20,1.50
2008.11.17 09:42:42.432,1.7786,1.77925,1.20,1.20
2008.11.17 09:42:42.952,1.7786,1.7793,1.20,1.50
2008.11.17 09:42:43.393,1.7786,1.77925,1.20,1.20
2008.11.17 09:42:43.752,1.7785,1.7792,1.20,1.50
2008.11.17 09:42:44.662,1.7784,1.779,1.20,1.50
2008.11.17 09:42:44.982,1.7785,1.77914,1.20,1.00
2008.11.17 09:42:46.201,1.7786,1.77914,1.20,1.00
2008.11.17 09:42:46.532,1.7785,1.77914,1.20,1.00
2008.11.17 09:42:46.871,1.7785,1.7792,1.20,1.50
2008.11.17 09:42:47.541,1.7786,1.7793,1.20,26.70
2008.11.17 09:42:47.891,1.7785,1.7792,1.20,1.50
2008.11.17 09:42:48.291,1.7785,1.7792,1.20,2.70
2008.11.17 09:42:48.691,1.7785,1.77914,1.20,1.00
2008.11.17 09:42:49.031,1.7784,1.7791,3.10,1.50
2008.11.17 09:42:50.241,1.7784,1.7791,1.20,1.50
2008.11.17 09:42:50.990,1.7784,1.779,1.20,1.50
2008.11.17 09:42:52.140,1.7783,1.77895,1.20,1.20
2008.11.17 09:42:57.589,1.7784,1.77904,1.20,1.00
2008.11.17 09:42:57.929,1.7784,1.7791,1.20,7.20
2008.11.17 09:42:58.279,1.7785,1.7791,1.20,6.00
2008.11.17 09:42:58.838,1.7786,1.7791,1.20,6.00
2008.11.17 09:42:59.858,1.7789,1.7791,1.00,6.00
2008.11.17 09:43:00.258,1.77895,1.7793,1.20,6.00
2008.11.17 09:43:00.948,1.77925,1.77995,1.00,1.50
2008.11.17 09:43:01.408,1.7791,1.77989,1.20,1.00
2008.11.17 09:43:01.868,1.7791,1.77985,1.20,1.20
2008.11.17 09:43:02.208,1.7792,1.7797,1.20,1.20
2008.11.17 09:43:02.609,1.7791,1.7797,1.20,2.70
2008.11.17 09:43:03.008,1.7791,1.7797,1.20,1.50
2008.11.17 09:43:03.347,1.77925,1.7798,1.00,7.50
2008.11.17 09:43:04.027,1.77935,1.7798,1.00,6.00
2008.11.17 09:43:04.617,1.77945,1.7798,1.00,6.00
2008.11.17 09:43:04.897,1.77935,1.7798,1.00,6.00
2008.11.17 09:43:05.287,1.77945,1.7798,1.00,6.00
2008.11.17 09:43:05.587,1.7795,1.7798,1.00,6.00
2008.11.17 09:43:06.757,1.7795,1.7798,3.00,6.00
2008.11.17 09:43:07.157,1.77955,1.7798,1.00,6.00
2008.11.17 09:43:07.446,1.7796,1.7798,1.20,6.00
2008.11.17 09:43:08.647,1.77955,1.7798,1.00,6.00
2008.11.17 09:43:09.156,1.7796,1.7798,1.20,6.00
2008.11.17 09:43:09.686,1.7795,1.7798,1.20,6.00
2008.11.17 09:43:11.206,1.77895,1.7798,1.20,7.20
2008.11.17 09:43:11.486,1.7789,1.7797,1.00,1.20
2008.11.17 09:43:11.765,1.7788,1.77965,1.90,1.20
2008.11.17 09:43:12.065,1.77875,1.77965,1.90,1.20
2008.11.17 09:43:12.355,1.77885,1.77965,1.90,1.20
2008.11.17 09:43:13.915,1.77885,1.7796,1.90,1.20
2008.11.17 09:43:14.315,1.7788,1.7796,1.90,1.20
2008.11.17 09:43:14.495,1.7787,1.7796,1.20,4.00
2008.11.17 09:43:14.735,1.77875,1.7796,1.00,2.80
2008.11.17 09:43:15.244,1.7789,1.7797,1.20,1.50
2008.11.17 09:43:15.465,1.7789,1.77965,1.20,1.20
2008.11.17 09:43:16.094,1.7788,1.77965,1.20,1.20
2008.11.17 09:43:17.204,1.7787,1.77965,4.00,1.20
2008.11.17 09:43:18.574,1.7787,1.7796,3.10,1.20
2008.11.17 09:43:18.934,1.7787,1.77965,4.00,1.20
2008.11.17 09:43:19.414,1.77875,1.77965,1.90,1.20
2008.11.17 09:43:19.763,1.7788,1.7797,1.20,1.20
2008.11.17 09:43:20.503,1.7788,1.7796,1.20,1.20
2008.11.17 09:43:21.913,1.7788,1.7797,3.10,1.20
2008.11.17 09:43:22.203,1.7788,1.77975,4.00,1.20
2008.11.17 09:43:22.553,1.7789,1.77955,1.20,1.20
2008.11.17 09:43:22.963,1.77875,1.77955,1.90,1.20
2008.11.17 09:43:23.312,1.7787,1.77955,3.10,1.20
2008.11.17 09:43:23.902,1.7787,1.77955,1.20,1.20
2008.11.17 09:43:27.171,1.7787,1.77954,1.20,1.00
2008.11.17 09:43:27.671,1.7787,1.77955,1.20,1.20
2008.11.17 09:43:28.941,1.7787,1.77954,1.20,1.00
2008.11.17 09:43:29.641,1.7786,1.77954,4.00,1.00
2008.11.17 09:43:29.921,1.7786,1.7793,1.20,1.20
2008.11.17 09:43:30.211,1.7785,1.77915,1.80,1.20
2008.11.17 09:43:30.391,1.77845,1.77915,3.00,1.20
2008.11.17 09:43:30.551,1.77835,1.77915,3.00,1.20
2008.11.17 09:43:30.721,1.77835,1.77915,1.90,1.20
2008.11.17 09:43:33.220,1.7783,1.7788,4.20,1.20
2008.11.17 09:43:33.680,1.7781,1.77884,6.00,1.00
2008.11.17 09:43:33.970,1.77815,1.77915,4.00,1.20
2008.11.17 09:43:34.330,1.7781,1.779,3.00,1.20
2008.11.17 09:43:34.620,1.77805,1.779,3.00,1.20
2008.11.17 09:43:34.980,1.77805,1.779,2.40,1.20
2008.11.17 09:43:35.260,1.778,1.779,4.90,1.20
2008.11.17 09:43:36.189,1.77805,1.779,3.00,1.20
2008.11.17 09:43:36.989,1.7781,1.779,1.00,1.20
2008.11.17 09:43:37.339,1.7781,1.779,1.60,1.20
2008.11.17 09:43:37.629,1.7781,1.779,4.00,1.20
2008.11.17 09:43:38.139,1.77815,1.779,3.00,2.40
2008.11.17 09:43:38.429,1.77815,1.779,6.00,1.20
2008.11.17 09:43:38.599,1.77815,1.779,4.90,1.20
2008.11.17 09:43:38.769,1.77815,1.779,1.90,2.40
2008.11.17 09:43:38.879,1.77815,1.779,3.60,2.40
2008.11.17 09:43:39.099,1.77815,1.779,6.00,2.40
2008.11.17 09:43:39.219,1.77815,1.779,6.00,1.20
2008.11.17 09:43:39.579,1.77825,1.779,3.00,1.20
2008.11.17 09:43:39.969,1.7783,1.779,3.60,1.20
2008.11.17 09:43:40.088,1.7783,1.779,4.20,1.20
2008.11.17 09:43:41.138,1.7783,1.77885,3.60,1.20
2008.11.17 09:43:41.418,1.7782,1.7789,3.00,1.20
2008.11.17 09:43:41.658,1.7781,1.7789,3.00,1.20
2008.11.17 09:43:41.889,1.77815,1.77894,1.00,1.00
2008.11.17 09:43:42.108,1.7783,1.779,1.20,1.20
2008.11.17 09:43:44.048,1.7784,1.779,1.20,1.20
2008.11.17 09:43:46.377,1.7785,1.779,1.20,1.20
2008.11.17 09:43:46.777,1.7786,1.779,1.20,1.20
2008.11.17 09:43:49.076,1.7785,1.779,1.20,1.20
2008.11.17 09:43:50.216,1.7786,1.779,1.20,1.20
2008.11.17 09:43:51.646,1.7785,1.779,1.20,1.20
2008.11.17 09:43:53.215,1.7786,1.779,1.20,1.20
2008.11.17 09:44:00.634,1.77855,1.779,1.00,1.20
2008.11.17 09:44:00.863,1.7786,1.779,1.20,1.20
2008.11.17 09:44:01.613,1.7787,1.779,1.20,1.20
2008.11.17 09:44:03.093,1.7788,1.779,1.20,1.20
2008.11.17 09:44:03.423,1.7784,1.779,3.00,3.90
2008.11.17 09:44:03.773,1.7783,1.779,1.20,1.20
2008.11.17 09:44:04.123,1.7783,1.77895,1.20,1.20
2008.11.17 09:44:04.303,1.77845,1.7789,1.00,1.50
2008.11.17 09:44:04.642,1.7787,1.779,1.20,1.20
2008.11.17 09:44:14.970,1.7787,1.779,1.20,1.20
2008.11.17 09:44:26.037,1.7786,1.779,1.20,1.20
2008.11.17 09:44:26.298,1.7787,1.779,1.20,1.20
2008.11.17 09:44:28.777,1.7786,1.779,1.20,1.20
2008.11.17 09:44:34.465,1.77845,1.779,1.00,1.20
2008.11.17 09:44:34.695,1.77835,1.779,1.90,2.70
2008.11.17 09:44:34.986,1.7783,1.77895,1.20,1.20
2008.11.17 09:44:35.455,1.7783,1.77899,1.20,1.00
2008.11.17 09:44:35.735,1.7784,1.779,1.20,2.40
2008.11.17 09:44:36.375,1.7784,1.779,1.20,1.20
2008.11.17 09:44:36.725,1.77865,1.779,1.00,1.20
2008.11.17 09:44:37.075,1.7787,1.779,1.20,1.20
2008.11.17 09:44:37.416,1.7786,1.779,1.20,1.20
2008.11.17 09:44:37.815,1.7785,1.779,1.20,1.20
2008.11.17 09:44:38.104,1.7784,1.7789,1.20,1.20
2008.11.17 09:44:38.374,1.77835,1.7789,4.00,1.50
2008.11.17 09:44:38.724,1.7783,1.7789,1.20,1.50
2008.11.17 09:44:39.005,1.77835,1.779,1.00,2.70
2008.11.17 09:44:39.234,1.7784,1.779,1.20,1.20
2008.11.17 09:44:39.474,1.7786,1.779,1.20,1.20
2008.11.17 09:44:41.384,1.7782,1.779,2.80,2.40
2008.11.17 09:44:41.674,1.77835,1.779,1.00,1.20
2008.11.17 09:44:42.014,1.7782,1.779,1.20,2.40
2008.11.17 09:44:42.533,1.7783,1.779,1.20,1.20
2008.11.17 09:44:42.763,1.7784,1.779,1.20,1.20
2008.11.17 09:44:43.743,1.7785,1.779,1.20,1.20
2008.11.17 09:44:44.663,1.7784,1.779,1.20,1.20
2008.11.17 09:44:45.083,1.77835,1.77885,2.40,1.20
2008.11.17 09:44:45.203,1.7783,1.77885,4.00,1.20
2008.11.17 09:44:45.443,1.7782,1.77885,1.20,1.20
2008.11.17 09:44:45.723,1.778,1.7788,3.10,1.50
2008.11.17 09:44:46.012,1.778,1.7787,1.20,1.20
2008.11.17 09:44:46.342,1.77805,1.77874,1.00,1.00
2008.11.17 09:44:46.572,1.7781,1.7789,1.20,1.50
2008.11.17 09:44:46.803,1.7781,1.7789,5.20,1.50
2008.11.17 09:44:47.032,1.7781,1.7789,7.20,1.50
2008.11.17 09:44:47.872,1.77815,1.7789,1.90,1.50
2008.11.17 09:44:48.212,1.7783,1.779,1.20,1.20
2008.11.17 09:44:48.552,1.7782,1.779,4.00,1.20
2008.11.17 09:44:48.842,1.77825,1.779,3.00,1.20
2008.11.17 09:44:49.242,1.7783,1.779,1.20,1.20
2008.11.17 09:44:50.442,1.77825,1.7788,3.00,1.50
2008.11.17 09:44:50.602,1.77825,1.77884,1.00,1.00
2008.11.17 09:44:50.892,1.77835,1.77894,1.00,1.00
2008.11.17 09:44:51.052,1.7783,1.779,1.20,3.90
2008.11.17 09:44:51.411,1.7784,1.779,1.20,1.20
2008.11.17 09:44:51.531,1.7783,1.779,1.20,1.20
2008.11.17 09:44:52.631,1.77825,1.7788,1.00,2.70
2008.11.17 09:44:52.961,1.7782,1.7788,1.20,1.20
2008.11.17 09:44:53.191,1.77825,1.77884,1.00,1.00
2008.11.17 09:44:54.660,1.77825,1.77885,1.00,1.20
2008.11.17 09:44:54.770,1.7783,1.77894,1.20,1.00
2008.11.17 09:44:55.060,1.7783,1.779,1.20,3.90
2008.11.17 09:44:56.140,1.7784,1.779,1.20,2.40
2008.11.17 09:44:56.480,1.7783,1.779,1.20,1.20
2008.11.17 09:44:56.900,1.7783,1.7788,1.20,1.20
2008.11.17 09:44:57.010,1.77825,1.7788,3.00,2.70
2008.11.17 09:44:57.340,1.7781,1.7788,1.20,2.70
2008.11.17 09:44:57.400,1.7781,1.7788,3.60,2.70
2008.11.17 09:44:57.520,1.7781,1.7788,4.20,2.70
2008.11.17 09:44:57.640,1.7781,1.7788,4.20,1.50
2008.11.17 09:44:57.750,1.7782,1.7789,1.20,2.70
2008.11.17 09:44:58.090,1.7783,1.77895,1.20,1.20
2008.11.17 09:44:58.840,1.7781,1.77874,3.00,1.00
2008.11.17 09:44:58.950,1.77805,1.77874,2.10,1.00
2008.11.17 09:44:59.529,1.77805,1.77874,1.00,1.00
2008.11.17 09:44:59.979,1.77805,1.77864,2.40,1.00
2008.11.17 09:45:00.200,1.77835,1.7791,1.20,1.20
2008.11.17 09:45:01.909,1.77835,1.77894,1.00,1.00
2008.11.17 09:45:06.518,1.7782,1.77885,1.20,1.20
2008.11.17 09:45:06.927,1.7783,1.77889,1.20,1.00
2008.11.17 09:45:07.047,1.77835,1.77894,1.00,1.00
2008.11.17 09:45:08.487,1.7784,1.779,1.20,1.20
2008.11.17 09:45:08.837,1.77825,1.77884,3.00,1.00
2008.11.17 09:45:09.287,1.7784,1.77894,1.20,1.00
2008.11.17 09:45:09.587,1.7784,1.779,1.20,1.20
2008.11.17 09:45:09.807,1.7785,1.779,1.20,1.20
2008.11.17 09:45:10.100,1.7786,1.779,1.20,1.20
2008.11.17 09:45:11.207,1.7785,1.779,1.20,1.20
2008.11.17 09:45:11.616,1.7786,1.779,1.20,1.20
2008.11.17 09:45:13.486,1.7785,1.779,1.20,1.20
2008.11.17 09:45:13.896,1.7786,1.779,1.20,1.20
2008.11.17 09:45:19.974,1.7785,1.779,1.20,1.20
2008.11.17 09:45:28.372,1.7785,1.779,3.10,1.20
2008.11.17 09:45:28.543,1.77875,1.779,1.00,1.20
2008.11.17 09:45:28.772,1.7787,1.779,1.20,1.20
2008.11.17 09:45:29.012,1.7785,1.779,1.20,1.20
2008.11.17 09:45:32.421,1.7785,1.779,1.20,1.20
2008.11.17 09:45:35.341,1.7786,1.779,1.20,1.20
2008.11.17 09:45:35.621,1.7784,1.779,1.20,1.20
2008.11.17 09:45:36.250,1.7785,1.779,1.20,1.20
2008.11.17 09:45:37.330,1.7785,1.779,1.20,2.40
2008.11.17 09:45:37.661,1.7784,1.779,1.20,1.20
2008.11.17 09:45:42.550,1.7785,1.779,1.20,1.20
2008.11.17 09:45:47.068,1.77845,1.779,1.00,2.40
2008.11.17 09:45:47.478,1.77845,1.779,1.00,1.20
2008.11.17 09:45:48.747,1.77845,1.77894,1.00,1.00
2008.11.17 09:45:48.967,1.77845,1.779,1.00,1.20
2008.11.17 09:45:49.187,1.7785,1.779,1.20,1.20
2008.11.17 09:45:51.037,1.77855,1.779,1.00,1.20
2008.11.17 09:45:51.337,1.77845,1.7789,1.00,1.20
2008.11.17 09:45:51.557,1.77865,1.779,1.00,1.20
2008.11.17 09:45:51.837,1.7783,1.779,1.00,1.20
2008.11.17 09:45:52.117,1.77835,1.779,1.00,1.20
2008.11.17 09:45:52.517,1.77815,1.779,1.90,1.20
2008.11.17 09:45:52.977,1.7783,1.779,1.90,1.20
2008.11.17 09:45:53.327,1.7783,1.779,1.80,1.20
2008.11.17 09:45:53.756,1.7783,1.779,4.20,1.20
2008.11.17 09:45:53.986,1.7783,1.779,1.20,1.20
2008.11.17 09:45:55.086,1.7785,1.779,1.20,1.20
2008.11.17 09:45:55.436,1.7785,1.77885,1.20,1.20
2008.11.17 09:45:55.706,1.7783,1.7788,3.00,1.20
2008.11.17 09:45:56.106,1.7784,1.7788,2.40,1.20
2008.11.17 09:45:56.456,1.7782,1.7788,1.20,1.20
2008.11.17 09:45:57.205,1.7782,1.77885,1.20,1.20
2008.11.17 09:45:58.365,1.7782,1.7788,1.20,1.20
2008.11.17 09:45:58.705,1.7782,1.77884,1.20,1.00
2008.11.17 09:45:58.945,1.77825,1.77884,1.00,1.00
2008.11.17 09:45:59.575,1.7783,1.77884,1.20,1.00
2008.11.17 09:45:59.985,1.77835,1.77894,1.00,1.00
2008.11.17 09:46:02.384,1.7782,1.77885,1.20,1.20
2008.11.17 09:46:02.734,1.7781,1.77875,1.20,1.20
2008.11.17 09:46:06.344,1.7781,1.7786,1.20,1.20
2008.11.17 09:46:06.623,1.77795,1.7786,3.00,1.20
2008.11.17 09:46:06.853,1.7779,1.77845,1.20,1.20
2008.11.17 09:46:07.333,1.77795,1.77849,1.00,1.00
2008.11.17 09:46:07.603,1.77795,1.77854,1.00,1.00
2008.11.17 09:46:07.953,1.77795,1.7786,1.00,2.70
2008.11.17 09:46:09.162,1.77795,1.7786,1.00,1.50
2008.11.17 09:46:09.433,1.77815,1.77879,1.00,1.00
2008.11.17 09:46:09.832,1.77815,1.77884,1.00,1.00
2008.11.17 09:46:10.642,1.77825,1.7788,1.00,1.20
2008.11.17 09:46:11.052,1.77825,1.77879,1.00,1.00
2008.11.17 09:46:13.561,1.77835,1.7789,1.00,1.20
2008.11.17 09:46:13.951,1.7784,1.7789,1.20,1.20
2008.11.17 09:46:14.332,1.7785,1.7789,1.20,1.20
2008.11.17 09:46:16.711,1.7784,1.7789,1.20,1.20
2008.11.17 09:46:19.550,1.7783,1.7789,1.20,1.20
2008.11.17 09:46:19.730,1.7784,1.7789,1.20,1.20
2008.11.17 09:46:22.779,1.7784,1.77885,1.20,1.20
2008.11.17 09:46:23.179,1.7782,1.77885,1.20,1.20
2008.11.17 09:46:23.599,1.7781,1.7788,1.20,1.20
2008.11.17 09:46:26.478,1.7781,1.77885,1.20,1.20
2008.11.17 09:46:27.638,1.7781,1.77884,1.20,1.00
2008.11.17 09:46:27.938,1.7781,1.7788,1.20,1.20
2008.11.17 09:46:28.048,1.7783,1.77884,1.20,1.00
2008.11.17 09:46:28.388,1.7783,1.7789,1.20,2.40
2008.11.17 09:46:29.527,1.7783,1.7789,1.20,1.20
2008.11.17 09:46:30.357,1.7783,1.7789,1.20,2.40
2008.11.17 09:46:30.647,1.7783,1.77885,1.20,1.20
2008.11.17 09:46:30.758,1.77825,1.77885,1.00,1.20
2008.11.17 09:46:30.927,1.7782,1.7788,1.20,1.20
2008.11.17 09:46:35.716,1.7781,1.77875,1.20,1.20
2008.11.17 09:46:38.775,1.7781,1.77865,1.20,1.20
2008.11.17 09:46:39.065,1.778,1.77865,1.20,1.20
2008.11.17 09:46:41.675,1.778,1.77869,1.20,1.00
2008.11.17 09:46:42.115,1.7781,1.77869,1.20,1.00
2008.11.17 09:46:42.404,1.7781,1.7787,1.20,2.70
2008.11.17 09:46:42.754,1.7781,1.77865,1.20,1.20
2008.11.17 09:46:43.044,1.778,1.77865,1.20,1.20
2008.11.17 09:46:43.794,1.7779,1.7786,1.20,1.50
2008.11.17 09:46:44.024,1.7779,1.7786,1.20,2.70
2008.11.17 09:46:44.314,1.7779,1.7786,1.20,1.50
2008.11.17 09:46:44.824,1.778,1.7787,1.20,2.70
2008.11.17 09:46:45.464,1.7781,1.7787,1.20,2.70
2008.11.17 09:46:45.974,1.778,1.7787,1.20,2.70
2008.11.17 09:46:47.234,1.7781,1.7787,1.20,2.70
2008.11.17 09:46:47.593,1.778,1.77865,1.20,1.20
2008.11.17 09:46:48.053,1.7782,1.77869,1.20,1.00
2008.11.17 09:46:48.463,1.778,1.7789,5.20,2.40
2008.11.17 09:46:48.803,1.778,1.7789,1.20,2.40
2008.11.17 09:46:51.462,1.7781,1.7789,1.20,1.20
2008.11.17 09:46:51.752,1.7783,1.7789,1.20,1.20
2008.11.17 09:46:53.532,1.7784,1.7789,1.20,1.20
2008.11.17 09:46:59.920,1.77835,1.7789,1.00,1.20
2008.11.17 09:47:00.090,1.7783,1.7789,1.20,1.20
2008.11.17 09:47:00.490,1.7782,1.7789,1.20,3.90
2008.11.17 09:47:02.330,1.77815,1.7787,1.00,1.20
2008.11.17 09:47:02.500,1.778,1.7787,1.20,1.20
2008.11.17 09:47:04.099,1.7781,1.77875,1.20,1.20
2008.11.17 09:47:05.189,1.7781,1.77879,1.20,1.00
2008.11.17 09:47:05.359,1.7782,1.77884,1.20,1.00
2008.11.17 09:47:05.589,1.7781,1.7788,1.20,1.50
2008.11.17 09:47:07.688,1.778,1.7787,1.20,1.50
2008.11.17 09:47:09.148,1.7779,1.7786,1.20,1.50
2008.11.17 09:47:09.438,1.7779,1.77874,1.90,1.00
2008.11.17 09:47:09.708,1.7779,1.77885,6.00,1.50
2008.11.17 09:47:10.578,1.7779,1.77885,4.90,1.50
2008.11.17 09:47:10.768,1.77795,1.77885,1.90,1.20
2008.11.17 09:47:11.058,1.778,1.77889,1.20,1.00
2008.11.17 09:47:11.227,1.778,1.7789,1.20,2.40
2008.11.17 09:47:11.788,1.77805,1.7789,1.00,1.20
2008.11.17 09:47:12.017,1.7782,1.7789,1.20,1.20
2008.11.17 09:47:24.624,1.7784,1.7789,1.20,1.20
2008.11.17 09:47:26.914,1.7783,1.7789,1.20,1.20
2008.11.17 09:47:28.833,1.7783,1.7789,1.90,1.20
2008.11.17 09:47:29.063,1.77845,1.7789,1.00,1.20
2008.11.17 09:47:29.713,1.7784,1.7789,1.20,1.20
2008.11.17 09:47:30.103,1.7786,1.7789,1.20,1.20
2008.11.17 09:47:30.223,1.77845,1.7789,1.00,1.20
2008.11.17 09:47:31.103,1.7786,1.7789,1.20,1.20
2008.11.17 09:47:31.563,1.7787,1.7789,1.20,1.20
2008.11.17 09:47:31.953,1.7787,1.7789,2.20,1.20
2008.11.17 09:47:32.232,1.7787,1.7789,1.20,1.20
2008.11.17 09:47:35.672,1.7788,1.7789,1.20,1.20
2008.11.17 09:47:37.281,1.7788,1.7798,1.20,1.50
2008.11.17 09:47:37.601,1.77885,1.77985,1.00,2.80
2008.11.17 09:47:37.901,1.7789,1.77955,1.00,1.50
2008.11.17 09:47:38.201,1.7788,1.77955,1.00,1.50
2008.11.17 09:47:38.441,1.7788,1.7794,1.00,1.50
2008.11.17 09:47:39.031,1.7788,1.77984,1.90,1.00
2008.11.17 09:47:39.321,1.7788,1.77985,1.90,1.20
2008.11.17 09:47:40.590,1.7788,1.7797,1.20,1.20
2008.11.17 09:47:44.310,1.7789,1.77975,1.20,1.20
2008.11.17 09:47:45.939,1.7789,1.7797,1.20,1.20
2008.11.17 09:47:53.597,1.7789,1.77965,1.20,1.20
2008.11.17 09:47:53.827,1.7789,1.7796,1.20,1.20
2008.11.17 09:47:55.217,1.7788,1.7796,1.20,2.70
2008.11.17 09:47:55.387,1.7788,1.7796,1.20,1.50
2008.11.17 09:47:57.176,1.7788,1.77955,1.20,1.20
2008.11.17 09:47:57.517,1.7789,1.77955,1.20,1.20
2008.11.17 09:47:57.756,1.779,1.77955,1.20,1.20
2008.11.17 09:47:58.036,1.77885,1.77944,1.00,1.00
2008.11.17 09:47:58.796,1.77895,1.77954,1.00,1.00
2008.11.17 09:47:59.216,1.77895,1.7796,1.00,1.50
2008.11.17 09:47:59.436,1.77905,1.7796,1.00,1.50
2008.11.17 09:47:59.836,1.7791,1.77965,1.20,1.20
2008.11.17 09:48:00.066,1.7793,1.77969,1.20,1.00
2008.11.17 09:48:00.286,1.7793,1.7797,1.20,1.20
2008.11.17 09:48:00.576,1.77875,1.7797,1.20,2.70
2008.11.17 09:48:00.876,1.77875,1.77965,1.20,1.20
2008.11.17 09:48:01.225,1.77865,1.77955,1.20,1.20
2008.11.17 09:48:02.115,1.7788,1.7795,1.20,1.20
2008.11.17 09:48:02.845,1.7788,1.7795,1.20,1.50
2008.11.17 09:48:03.076,1.7788,1.7796,1.20,7.00
2008.11.17 09:48:03.405,1.7788,1.7795,1.20,2.70
2008.11.17 09:48:03.865,1.7788,1.7795,1.20,1.50
2008.11.17 09:48:04.325,1.7788,1.77955,1.20,1.20
2008.11.17 09:48:04.495,1.779,1.77959,1.00,1.00
2008.11.17 09:48:04.675,1.7792,1.7797,1.20,2.80
2008.11.17 09:48:05.005,1.7792,1.7797,1.20,1.00
2008.11.17 09:48:05.294,1.7793,1.7799,1.20,6.00
2008.11.17 09:48:05.764,1.7793,1.78,2.10,10.80
2008.11.17 09:48:06.054,1.7794,1.78,1.20,10.80
2008.11.17 09:48:06.335,1.7793,1.78,1.20,10.80
2008.11.17 09:48:06.614,1.7794,1.78,1.20,10.80
2008.11.17 09:48:07.654,1.7793,1.78,1.20,10.80
2008.11.17 09:48:07.874,1.77935,1.78,1.00,10.80
2008.11.17 09:48:08.224,1.7794,1.78,2.10,10.80
2008.11.17 09:48:08.564,1.7793,1.78,1.20,10.80
2008.11.17 09:48:10.064,1.7795,1.78,1.20,10.80
2008.11.17 09:48:10.353,1.7795,1.78,1.90,10.80
2008.11.17 09:48:10.593,1.77945,1.78,1.00,10.80
2008.11.17 09:48:10.813,1.7794,1.78,1.20,12.00
2008.11.17 09:48:10.923,1.7793,1.7799,1.20,1.50
2008.11.17 09:48:11.333,1.77935,1.7799,1.00,1.50
2008.11.17 09:48:11.573,1.77935,1.78,1.00,10.80
2008.11.17 09:48:11.913,1.7793,1.78,1.20,10.80
2008.11.17 09:48:12.923,1.7793,1.78,7.20,10.80
2008.11.17 09:48:13.752,1.7798,1.78,1.00,10.80
2008.11.17 09:48:14.032,1.77995,1.78,1.20,10.80
2008.11.17 09:48:14.322,1.77965,1.78,3.00,10.80
2008.11.17 09:48:14.652,1.77965,1.78,2.40,10.80
2008.11.17 09:48:14.872,1.77945,1.78,1.00,10.80
2008.11.17 09:48:15.052,1.77945,1.78,1.00,10.80
2008.11.17 09:48:16.182,1.7795,1.78,9.60,10.80
2008.11.17 09:48:16.822,1.7795,1.78,15.60,10.80
2008.11.17 09:48:18.701,1.7795,1.78,15.60,11.10
2008.11.17 09:48:19.521,1.7795,1.78,15.60,13.90
2008.11.17 09:48:19.801,1.7795,1.78,15.60,12.70
2008.11.17 09:48:19.921,1.7795,1.78,15.60,11.10
2008.11.17 09:48:20.891,1.7795,1.78,15.60,12.30
2008.11.17 09:48:21.121,1.7795,1.78,15.60,13.90
2008.11.17 09:48:21.301,1.7795,1.78,15.60,11.10
2008.11.17 09:48:21.871,1.7795,1.78,15.60,10.80
2008.11.17 09:48:22.841,1.7795,1.77995,15.60,1.00
2008.11.17 09:48:23.460,1.7795,1.78,15.60,10.80
2008.11.17 09:48:24.110,1.77955,1.78,1.00,10.80
2008.11.17 09:48:24.650,1.77955,1.78,1.00,12.00
2008.11.17 09:48:24.820,1.7795,1.78,15.60,10.80
2008.11.17 09:48:26.289,1.77955,1.78,1.00,10.80
2008.11.17 09:48:26.929,1.7795,1.78,15.60,10.80
2008.11.17 09:48:28.329,1.77955,1.78,1.00,10.80
2008.11.17 09:48:29.809,1.7795,1.78,16.30,10.80
2008.11.17 09:48:30.398,1.7795,1.78,15.60,10.80
2008.11.17 09:48:30.688,1.7795,1.78,16.30,10.80
2008.11.17 09:48:31.378,1.7795,1.78,15.60,10.80
2008.11.17 09:48:32.638,1.77955,1.78,1.00,10.80
2008.11.17 09:48:32.868,1.7795,1.78,15.60,10.80
2008.11.17 09:48:34.078,1.7795,1.78,16.80,10.80
2008.11.17 09:48:34.378,1.7796,1.78,1.00,10.80
2008.11.17 09:48:34.777,1.77975,1.78,1.00,10.80
2008.11.17 09:48:35.187,1.7797,1.78,1.20,10.80
2008.11.17 09:48:36.707,1.7795,1.78,15.60,10.80
2008.11.17 09:48:37.227,1.7797,1.78,1.20,10.80
2008.11.17 09:48:37.457,1.77965,1.78,1.00,10.80
2008.11.17 09:48:40.966,1.7797,1.78,1.20,10.80
2008.11.17 09:48:41.186,1.77965,1.78,1.00,10.80
2008.11.17 09:48:41.526,1.77965,1.77995,1.00,1.20
2008.11.17 09:48:41.886,1.7792,1.78,2.40,10.80
2008.11.17 09:48:42.236,1.7791,1.78,11.50,10.80
2008.11.17 09:48:42.735,1.77925,1.78,1.00,10.80
2008.11.17 09:48:44.785,1.7793,1.78,1.20,10.80
2008.11.17 09:48:45.375,1.7793,1.77995,1.20,1.20
2008.11.17 09:48:45.485,1.7793,1.77995,3.60,1.20
2008.11.17 09:48:45.645,1.7793,1.77995,2.40,1.20
2008.11.17 09:48:45.925,1.7792,1.77995,9.60,1.20
2008.11.17 09:48:46.664,1.77925,1.77995,1.00,1.20
2008.11.17 09:48:47.314,1.77925,1.7799,1.00,1.20
2008.11.17 09:48:47.794,1.7792,1.7799,1.20,1.20
2008.11.17 09:48:48.294,1.77915,1.7799,1.00,1.20
2008.11.17 09:48:48.514,1.7792,1.7799,1.20,1.20
2008.11.17 09:48:48.924,1.7792,1.77985,1.20,1.20
2008.11.17 09:48:49.824,1.77915,1.77985,1.00,1.20
2008.11.17 09:48:50.064,1.77925,1.77985,1.00,1.20
2008.11.17 09:48:51.813,1.7792,1.7799,1.20,1.20
2008.11.17 09:48:52.103,1.77925,1.7799,1.00,1.20
2008.11.17 09:48:53.663,1.7792,1.7799,7.20,1.20
2008.11.17 09:48:54.313,1.7792,1.7799,1.20,1.20
2008.11.17 09:48:54.543,1.7792,1.7799,1.20,2.70
2008.11.17 09:48:54.783,1.7792,1.77995,1.20,1.20
2008.11.17 09:48:55.063,1.7792,1.7799,1.20,1.20
2008.11.17 09:48:55.293,1.7792,1.7799,7.20,1.20
2008.11.17 09:48:55.583,1.7792,1.7799,1.20,1.20
2008.11.17 09:48:57.472,1.7792,1.7798,1.20,1.20
2008.11.17 09:48:57.942,1.7791,1.77989,3.60,1.00
2008.11.17 09:48:58.162,1.7791,1.7799,5.50,1.20
2008.11.17 09:48:58.342,1.77925,1.7799,1.00,1.20
2008.11.17 09:48:59.052,1.77945,1.78,1.00,12.30
2008.11.17 09:48:59.691,1.77945,1.78,1.00,10.80
2008.11.17 09:48:59.921,1.7793,1.78,1.20,10.80
2008.11.17 09:49:00.151,1.77945,1.78,1.00,10.80
2008.11.17 09:49:00.612,1.77925,1.77999,1.00,1.00
2008.11.17 09:49:00.831,1.7791,1.78,9.60,13.50
2008.11.17 09:49:01.121,1.7792,1.78,2.40,13.50
2008.11.17 09:49:01.411,1.7792,1.78,3.60,13.50
2008.11.17 09:49:01.651,1.77935,1.78,1.00,13.50
2008.11.17 09:49:02.051,1.77935,1.77995,1.00,1.20
2008.11.17 09:49:02.461,1.77925,1.77995,1.00,1.20
2008.11.17 09:49:04.830,1.77945,1.77995,1.00,1.20
2008.11.17 09:49:05.000,1.77945,1.77985,1.00,1.20
2008.11.17 09:49:05.230,1.77925,1.77985,1.00,1.20
2008.11.17 09:49:05.400,1.7792,1.77985,9.10,1.20
2008.11.17 09:49:05.620,1.7793,1.77989,1.20,1.00
2008.11.17 09:49:05.790,1.7793,1.7799,1.20,1.20
2008.11.17 09:49:06.320,1.7793,1.7799,7.20,1.20
2008.11.17 09:49:06.710,1.7793,1.7799,1.20,1.20
2008.11.17 09:49:07.680,1.7793,1.77985,1.20,1.20
2008.11.17 09:49:07.910,1.7792,1.77985,3.10,1.20
2008.11.17 09:49:08.989,1.7792,1.77989,3.10,1.00
2008.11.17 09:49:09.349,1.7792,1.7799,3.10,1.20
2008.11.17 09:49:09.699,1.77925,1.7799,1.00,1.20
2008.11.17 09:49:10.029,1.7792,1.7799,3.10,1.20
2008.11.17 09:49:10.709,1.7792,1.77994,3.10,1.00
2008.11.17 09:49:10.889,1.77935,1.78,1.00,13.50
2008.11.17 09:49:11.928,1.77935,1.77994,1.00,1.00
2008.11.17 09:49:12.359,1.77935,1.78,2.10,12.30
2008.11.17 09:49:12.588,1.7795,1.78,1.90,10.80
2008.11.17 09:49:12.708,1.77955,1.78,1.00,10.80
2008.11.17 09:49:13.428,1.77955,1.78,1.00,10.80
2008.11.17 09:49:13.768,1.7797,1.78,1.00,10.80
2008.11.17 09:49:14.188,1.77975,1.78,1.00,10.80
2008.11.17 09:49:14.768,1.77965,1.78065,3.70,1.50
2008.11.17 09:49:15.098,1.7797,1.78075,1.00,1.90
2008.11.17 09:49:15.318,1.7798,1.78075,1.90,1.50
2008.11.17 09:49:16.817,1.7798,1.7806,4.00,1.50
2008.11.17 09:49:17.377,1.77975,1.7805,3.00,1.50
2008.11.17 09:49:17.617,1.7798,1.78054,1.20,1.00
2008.11.17 09:49:17.907,1.7798,1.7806,1.20,2.70
2008.11.17 09:49:18.197,1.7798,1.7806,3.10,1.50
2008.11.17 09:49:19.296,1.7798,1.7806,4.00,1.50
2008.11.17 09:49:19.816,1.7798,1.7806,1.90,1.50
2008.11.17 09:49:20.486,1.7798,1.7805,1.20,1.20
2008.11.17 09:49:20.597,1.7798,1.7805,1.20,2.70
2008.11.17 09:49:21.766,1.7798,1.7805,1.20,1.50
2008.11.17 09:49:22.106,1.7799,1.78065,1.20,1.20
2008.11.17 09:49:28.404,1.7798,1.78055,1.20,1.20
2008.11.17 09:49:28.754,1.77975,1.7804,1.00,2.70
2008.11.17 09:49:29.114,1.7796,1.78035,3.10,1.20
2008.11.17 09:49:29.405,1.7797,1.78044,1.00,1.00
2008.11.17 09:49:29.634,1.7797,1.7805,1.00,1.50
2008.11.17 09:49:29.874,1.7799,1.78065,1.20,1.50
2008.11.17 09:49:30.104,1.78,1.7806,1.20,1.20
2008.11.17 09:49:30.394,1.78,1.78064,1.20,1.00
2008.11.17 09:49:30.674,1.78,1.7807,1.20,3.10
2008.11.17 09:49:30.954,1.78,1.7807,1.20,2.70
2008.11.17 09:49:31.174,1.7799,1.78065,1.20,1.20
2008.11.17 09:49:31.394,1.7799,1.78054,1.20,1.00
2008.11.17 09:49:31.624,1.77985,1.78054,1.00,1.00
2008.11.17 09:49:31.924,1.77985,1.7805,1.00,2.70
2008.11.17 09:49:32.274,1.7797,1.7804,6.00,1.50
2008.11.17 09:49:32.823,1.7798,1.7806,1.20,1.50
2008.11.17 09:49:33.343,1.7798,1.7806,1.20,2.70
2008.11.17 09:49:34.143,1.78005,1.7806,1.00,1.50
2008.11.17 09:49:34.483,1.7802,1.7808,1.20,3.60
2008.11.17 09:49:35.163,1.7803,1.7808,1.20,3.60
2008.11.17 09:49:36.173,1.7805,1.7808,1.20,3.60
2008.11.17 09:49:37.642,1.7805,1.7808,1.90,3.60
2008.11.17 09:49:37.912,1.7806,1.7808,1.20,3.60
2008.11.17 09:49:39.332,1.7804,1.7808,1.20,3.60
2008.11.17 09:49:40.022,1.7803,1.7808,1.20,3.60
2008.11.17 09:49:40.311,1.7802,1.7808,1.90,3.60
2008.11.17 09:49:40.542,1.7802,1.7808,1.20,3.60
2008.11.17 09:49:40.831,1.7802,1.7807,1.20,1.00
2008.11.17 09:49:41.112,1.7801,1.7808,1.90,3.60
2008.11.17 09:49:41.511,1.7801,1.7808,1.20,3.60
2008.11.17 09:49:41.801,1.7803,1.7808,1.20,3.60
2008.11.17 09:49:42.711,1.7803,1.78075,1.20,1.20
2008.11.17 09:49:43.141,1.7803,1.7808,1.20,4.80
2008.11.17 09:49:43.421,1.77995,1.78075,2.40,1.20
2008.11.17 09:49:43.651,1.77995,1.78065,2.40,1.20
2008.11.17 09:49:44.171,1.7799,1.78075,9.60,1.60
2008.11.17 09:49:44.501,1.78,1.7807,9.60,1.50
2008.11.17 09:49:45.240,1.78,1.7806,9.60,1.50
2008.11.17 09:49:45.710,1.78,1.7805,9.60,1.20
2008.11.17 09:49:46.040,1.78,1.7806,9.60,1.50
2008.11.17 09:49:46.270,1.78,1.7806,9.60,3.30
2008.11.17 09:49:46.690,1.78,1.7806,9.60,1.00
2008.11.17 09:49:47.370,1.78,1.7806,9.60,2.70
2008.11.17 09:49:47.540,1.78,1.78064,9.60,1.00
2008.11.17 09:49:47.710,1.78,1.78074,9.60,1.00
2008.11.17 09:49:48.170,1.78,1.78075,9.60,1.50
2008.11.17 09:49:48.850,1.78,1.78075,9.60,1.20
2008.11.17 09:49:49.220,1.78,1.7808,9.60,3.60
2008.11.17 09:49:49.669,1.78,1.7808,10.80,4.80
2008.11.17 09:49:50.029,1.78,1.78079,9.60,1.00
2008.11.17 09:49:50.259,1.78,1.78075,9.60,1.20
2008.11.17 09:49:51.619,1.78,1.78079,9.60,1.00
2008.11.17 09:49:51.909,1.78,1.7808,10.80,5.10
2008.11.17 09:49:52.369,1.7801,1.7808,1.20,5.10
2008.11.17 09:49:53.588,1.7801,1.7808,1.20,3.60
2008.11.17 09:49:54.158,1.78,1.7808,13.60,3.60
2008.11.17 09:49:54.498,1.7801,1.7808,1.20,3.60
2008.11.17 09:49:54.788,1.7802,1.7808,1.20,3.60
2008.11.17 09:49:55.538,1.78015,1.7808,1.00,3.60
2008.11.17 09:49:55.648,1.78,1.7808,15.70,3.60
2008.11.17 09:49:55.878,1.78005,1.7808,1.00,3.60
2008.11.17 09:49:55.998,1.78005,1.7808,2.10,3.60
2008.11.17 09:49:56.338,1.7801,1.7808,1.20,3.60
2008.11.17 09:49:57.607,1.78005,1.7808,2.10,3.60
2008.11.17 09:49:58.747,1.7802,1.7808,1.20,3.60
2008.11.17 09:49:59.197,1.78015,1.7808,1.00,3.60
2008.11.17 09:49:59.597,1.78005,1.7808,1.00,3.60
2008.11.17 09:49:59.997,1.78,1.7808,3.10,3.60
2008.11.17 09:50:00.167,1.7801,1.7808,1.20,3.60
2008.11.17 09:50:00.387,1.7799,1.7808,5.80,3.60
2008.11.17 09:50:00.677,1.7799,1.7808,2.80,3.60
2008.11.17 09:50:01.027,1.7799,1.7808,1.90,4.80
2008.11.17 09:50:01.726,1.7799,1.7808,4.00,3.60
2008.11.17 09:50:02.066,1.77995,1.7808,1.90,3.60
2008.11.17 09:50:03.036,1.7799,1.7808,1.90,4.80
2008.11.17 09:50:03.326,1.7799,1.7807,1.90,1.20
2008.11.17 09:50:03.716,1.7799,1.78074,1.90,1.00
2008.11.17 09:50:06.895,1.7799,1.7808,1.00,3.90
2008.11.17 09:50:11.274,1.78,1.7808,1.00,3.60
2008.11.17 09:50:11.564,1.78,1.7808,1.90,3.60
2008.11.17 09:50:13.824,1.77995,1.78075,3.00,1.20
2008.11.17 09:50:14.043,1.77995,1.78079,3.00,1.00
2008.11.17 09:50:14.274,1.77975,1.78075,3.00,1.00
2008.11.17 09:50:14.563,1.77975,1.78075,2.40,1.00
2008.11.17 09:50:14.893,1.77975,1.7807,3.10,1.20
2008.11.17 09:50:15.064,1.77975,1.7806,2.40,1.20
2008.11.17 09:50:15.243,1.77975,1.78064,3.10,1.00
2008.11.17 09:50:15.363,1.77975,1.7807,1.00,1.20
2008.11.17 09:50:15.653,1.7797,1.7806,1.00,1.00
2008.11.17 09:50:15.883,1.7797,1.7805,3.40,1.00
2008.11.17 09:50:16.053,1.7796,1.7805,1.20,1.00
2008.11.17 09:50:16.613,1.77945,1.7805,1.90,1.90
2008.11.17 09:50:18.612,1.77945,1.7805,1.90,1.00
2008.11.17 09:50:19.432,1.7796,1.7805,1.00,1.00
2008.11.17 09:50:19.772,1.77965,1.78055,1.90,1.20
2008.11.17 09:50:19.992,1.77965,1.78055,4.30,1.20
2008.11.17 09:50:20.102,1.77975,1.7806,1.90,1.20
2008.11.17 09:50:20.462,1.77975,1.78065,1.90,1.20
2008.11.17 09:50:20.582,1.77975,1.78065,2.10,1.20
2008.11.17 09:50:20.752,1.7798,1.78065,1.90,1.20
2008.11.17 09:50:20.862,1.7798,1.7807,2.80,1.20
2008.11.17 09:50:21.092,1.7798,1.7808,1.90,5.10
2008.11.17 09:50:21.272,1.7798,1.7808,1.90,3.60
2008.11.17 09:50:21.961,1.7798,1.7807,2.80,1.20
2008.11.17 09:50:22.182,1.7798,1.78065,1.90,1.20
2008.11.17 09:50:22.412,1.7798,1.78069,2.80,1.00
2008.11.17 09:50:23.041,1.7798,1.7807,2.80,1.20
2008.11.17 09:50:23.571,1.7798,1.78069,1.90,1.00
2008.11.17 09:50:23.841,1.77975,1.78075,1.90,1.00
2008.11.17 09:50:24.131,1.77975,1.78075,2.50,1.00
2008.11.17 09:50:24.361,1.77975,1.78075,4.90,1.00
2008.11.17 09:50:26.970,1.77975,1.7804,4.90,1.20
2008.11.17 09:50:27.200,1.77975,1.78039,3.00,1.00
2008.11.17 09:50:27.310,1.77975,1.7807,3.00,1.20
2008.11.17 09:50:27.480,1.77975,1.7807,1.00,3.60
2008.11.17 09:50:27.540,1.7797,1.7807,1.00,4.20
2008.11.17 09:50:27.720,1.7797,1.7807,1.00,1.00
2008.11.17 09:50:27.780,1.7797,1.7808,1.00,1.20
2008.11.17 09:50:27.890,1.7797,1.7808,2.80,1.20
2008.11.17 09:50:28.710,1.7798,1.7807,1.90,3.60
2008.11.17 09:50:29.050,1.7798,1.7807,4.90,4.80
2008.11.17 09:50:29.399,1.7798,1.7807,4.90,3.60
2008.11.17 09:50:29.790,1.7798,1.7807,3.70,4.80
2008.11.17 09:50:29.900,1.7798,1.7807,5.80,4.80
2008.11.17 09:50:30.010,1.7798,1.7807,5.20,3.60
2008.11.17 09:50:30.190,1.7798,1.7807,6.40,3.60
2008.11.17 09:50:30.310,1.7798,1.78065,3.10,1.20
2008.11.17 09:50:30.369,1.7798,1.7807,2.80,4.80
2008.11.17 09:50:30.479,1.7798,1.7807,3.40,4.80
2008.11.17 09:50:30.819,1.7798,1.7807,2.80,4.80
2008.11.17 09:50:31.039,1.7798,1.7807,3.40,4.80
2008.11.17 09:50:31.259,1.7799,1.7807,1.90,3.60
2008.11.17 09:50:33.169,1.77985,1.7807,1.90,3.60
2008.11.17 09:50:33.409,1.77985,1.7807,1.90,4.80
2008.11.17 09:50:33.739,1.7799,1.7807,1.90,4.80
2008.11.17 09:50:34.099,1.7799,1.78065,1.90,1.20
2008.11.17 09:50:36.978,1.77985,1.78065,1.90,1.20
2008.11.17 09:50:38.408,1.7799,1.78065,1.90,1.20
2008.11.17 09:50:39.197,1.77995,1.78069,1.90,1.00
2008.11.17 09:50:39.357,1.77995,1.7807,1.90,4.80
2008.11.17 09:50:43.916,1.7799,1.7807,1.90,4.80
2008.11.17 09:50:44.336,1.7798,1.7806,1.90,1.20
2008.11.17 09:50:44.676,1.7799,1.7806,1.90,1.20
2008.11.17 09:50:44.896,1.7799,1.78065,1.90,1.20
2008.11.17 09:50:45.226,1.7799,1.7806,1.90,1.20
2008.11.17 09:50:45.507,1.7798,1.78064,1.90,1.00
2008.11.17 09:50:45.626,1.7798,1.78065,1.90,1.20
2008.11.17 09:50:46.956,1.7797,1.78065,6.90,1.20
2008.11.17 09:50:47.195,1.7797,1.78045,2.50,1.20
2008.11.17 09:50:47.466,1.77975,1.7805,1.90,2.70
2008.11.17 09:50:48.455,1.7797,1.78045,1.90,1.20
2008.11.17 09:50:50.255,1.77975,1.78045,1.90,1.20
2008.11.17 09:50:50.365,1.7798,1.78049,1.20,1.00
2008.11.17 09:50:50.605,1.7798,1.78064,1.20,1.00
2008.11.17 09:50:50.885,1.77985,1.78064,1.90,1.00
2008.11.17 09:50:51.115,1.77985,1.7807,1.90,2.70
2008.11.17 09:50:51.465,1.7799,1.7807,3.10,1.20
2008.11.17 09:50:51.644,1.78005,1.78074,1.90,1.00
2008.11.17 09:50:51.874,1.7801,1.7809,1.20,1.20
2008.11.17 09:50:52.234,1.7802,1.78104,1.20,1.00
2008.11.17 09:50:52.644,1.7803,1.78115,1.20,1.20
2008.11.17 09:50:53.004,1.7805,1.7813,1.20,1.20
2008.11.17 09:50:53.174,1.7805,1.7813,2.20,1.20
2008.11.17 09:50:53.464,1.7805,1.7813,1.20,1.20
2008.11.17 09:50:53.694,1.7806,1.78134,1.90,1.00
2008.11.17 09:50:53.874,1.7807,1.78145,1.20,1.20
2008.11.17 09:50:54.164,1.7807,1.7815,1.20,1.20
2008.11.17 09:50:54.494,1.7807,1.78144,1.20,1.00
2008.11.17 09:50:55.604,1.7807,1.78135,1.20,1.20
2008.11.17 09:50:55.783,1.7807,1.78134,1.20,1.00
2008.11.17 09:50:56.183,1.7807,1.7813,1.20,1.20
2008.11.17 09:50:56.583,1.7805,1.78115,1.20,1.20
2008.11.17 09:50:56.934,1.78035,1.7811,1.00,1.50
2008.11.17 09:50:57.333,1.7803,1.7811,3.10,1.50
2008.11.17 09:50:58.433,1.7803,1.7809,1.20,1.20
2008.11.17 09:50:58.773,1.7801,1.7807,1.00,1.50
2008.11.17 09:50:59.173,1.78005,1.78064,1.00,1.00
2008.11.17 09:51:00.102,1.77995,1.78064,1.00,1.00
2008.11.17 09:51:00.802,1.78,1.78064,1.20,1.00
2008.11.17 09:51:01.022,1.7799,1.7806,1.20,2.70
2008.11.17 09:51:01.312,1.77985,1.7805,1.00,1.20
2008.11.17 09:51:01.602,1.77985,1.7805,1.00,2.70
2008.11.17 09:51:02.052,1.77985,1.78054,1.00,1.00
2008.11.17 09:51:03.411,1.7799,1.78054,1.20,1.00
2008.11.17 09:51:03.751,1.7799,1.7806,1.20,1.50
2008.11.17 09:51:04.091,1.7797,1.7805,1.20,1.50
2008.11.17 09:51:04.421,1.7797,1.7805,4.90,1.50
2008.11.17 09:51:04.652,1.7798,1.78035,1.20,1.20
2008.11.17 09:51:04.941,1.7798,1.7803,2.40,1.50
2008.11.17 09:51:05.221,1.7798,1.7805,2.40,2.70
2008.11.17 09:51:05.441,1.7798,1.7806,1.20,1.50
2008.11.17 09:51:05.661,1.7798,1.78065,1.00,2.70
2008.11.17 09:51:05.951,1.7799,1.78065,1.00,1.00
2008.11.17 09:51:06.171,1.77995,1.7806,4.00,1.50
2008.11.17 09:51:06.501,1.77995,1.7807,1.00,1.50
2008.11.17 09:51:06.791,1.7798,1.7807,3.00,1.20
2008.11.17 09:51:07.230,1.7799,1.7807,4.00,1.20
2008.11.17 09:51:07.661,1.78,1.7805,3.00,1.50
2008.11.17 09:51:08.010,1.77965,1.7805,1.90,1.50
2008.11.17 09:51:08.650,1.77965,1.78045,1.90,1.20
2008.11.17 09:51:08.940,1.77955,1.7803,4.00,1.50
2008.11.17 09:51:09.170,1.77965,1.7803,2.40,1.50
2008.11.17 09:51:09.400,1.7796,1.7803,3.10,1.50
2008.11.17 09:51:09.730,1.7798,1.78044,1.20,1.00
2008.11.17 09:51:09.960,1.77985,1.78044,1.00,1.00
2008.11.17 09:51:10.230,1.77985,1.7804,1.00,1.50
2008.11.17 09:51:10.510,1.7799,1.78044,1.20,1.00
2008.11.17 09:51:10.740,1.77995,1.78054,1.00,1.00
2008.11.17 09:51:10.980,1.7798,1.7805,3.10,1.50
2008.11.17 09:51:11.280,1.7798,1.7806,9.10,1.50
2008.11.17 09:51:11.510,1.7798,1.7806,3.10,1.50
2008.11.17 09:51:11.739,1.7798,1.7806,1.20,1.50
2008.11.17 09:51:12.359,1.7798,1.7806,4.20,1.50
2008.11.17 09:51:12.639,1.7798,1.7806,5.20,1.50
2008.11.17 09:51:13.899,1.7798,1.7806,4.20,1.50
2008.11.17 09:51:15.599,1.7798,1.7806,3.60,1.50
2008.11.17 09:51:15.879,1.7798,1.7806,1.20,1.50
2008.11.17 09:51:16.509,1.7799,1.7806,1.20,1.50
2008.11.17 09:51:17.688,1.7799,1.7806,3.60,1.50
2008.11.17 09:51:17.918,1.78,1.7807,1.20,2.70
2008.11.17 09:51:18.158,1.77995,1.78054,1.00,1.00
2008.11.17 09:51:23.217,1.78,1.78069,1.20,1.00
2008.11.17 09:51:23.487,1.78,1.7807,1.20,2.70
2008.11.17 09:51:31.465,1.78015,1.78074,1.00,1.00
2008.11.17 09:51:35.474,1.78015,1.7807,1.00,1.20
2008.11.17 09:51:35.714,1.7801,1.7807,1.20,1.20
2008.11.17 09:51:36.004,1.78,1.7807,1.20,2.70
2008.11.17 09:51:40.672,1.78,1.7806,1.20,1.50
2008.11.17 09:51:42.412,1.78,1.7807,1.20,2.70
2008.11.17 09:51:42.822,1.78,1.7806,1.20,1.50
2008.11.17 09:51:43.202,1.7799,1.78055,1.20,1.20
2008.11.17 09:51:43.482,1.78,1.78064,1.20,1.00
2008.11.17 09:51:52.820,1.7799,1.7806,1.20,1.50
2008.11.17 09:51:53.160,1.7798,1.7805,1.00,1.50
2008.11.17 09:51:53.439,1.7797,1.78045,6.00,1.20
2008.11.17 09:51:53.779,1.77935,1.7803,1.90,1.50
2008.11.17 09:51:54.179,1.7793,1.7803,1.20,1.50
2008.11.17 09:51:54.359,1.7793,1.7803,3.10,1.50
2008.11.17 09:51:54.659,1.7793,1.7802,1.20,1.50
2008.11.17 09:52:01.538,1.7794,1.78005,1.20,1.20
2008.11.17 09:52:01.767,1.77935,1.78,3.00,1.50
2008.11.17 09:52:02.057,1.7793,1.78,7.20,1.50
2008.11.17 09:52:02.297,1.7793,1.78,1.20,1.50
2008.11.17 09:52:02.867,1.7794,1.7801,1.20,1.50
2008.11.17 09:52:04.487,1.7794,1.78005,1.20,1.20
2008.11.17 09:52:04.847,1.7794,1.78004,1.20,1.00
2008.11.17 09:52:05.187,1.7793,1.78,1.20,1.50
2008.11.17 09:52:05.886,1.77945,1.78004,1.00,1.00
2008.11.17 09:52:08.476,1.77945,1.7801,1.00,1.50
2008.11.17 09:52:09.006,1.7795,1.78014,1.20,1.00
2008.11.17 09:52:10.435,1.7796,1.78055,1.90,1.00
2008.11.17 09:52:10.736,1.7796,1.78019,3.00,1.00
2008.11.17 09:52:10.975,1.7795,1.78019,1.20,1.00
2008.11.17 09:52:11.226,1.7795,1.78029,1.20,1.00
2008.11.17 09:52:12.765,1.7797,1.7805,1.20,1.50
2008.11.17 09:52:13.045,1.7797,1.7804,1.20,1.20
2008.11.17 09:52:13.325,1.7797,1.7805,1.20,1.50
2008.11.17 09:52:14.604,1.78025,1.78044,1.20,1.00
2008.11.17 09:52:14.944,1.7804,1.7809,1.00,3.60
2008.11.17 09:52:15.344,1.78055,1.7809,1.00,3.60
2008.11.17 09:52:15.524,1.78065,1.7809,1.20,3.60
2008.11.17 09:52:15.864,1.7808,1.7809,1.90,3.60
2008.11.17 09:52:16.084,1.7809,1.78185,1.20,1.00
2008.11.17 09:52:17.064,1.78055,1.7818,1.00,1.20
2008.11.17 09:52:17.574,1.7806,1.7816,1.90,1.20
2008.11.17 09:52:18.403,1.7807,1.78164,1.90,1.00
2008.11.17 09:52:18.693,1.7807,1.78165,1.90,1.50
2008.11.17 09:52:19.043,1.7809,1.7817,1.20,1.50
2008.11.17 09:52:19.403,1.7809,1.7817,1.20,1.00
2008.11.17 09:52:20.263,1.7809,1.78165,1.20,1.00
2008.11.17 09:52:22.602,1.7809,1.78175,1.20,1.50
2008.11.17 09:52:23.102,1.781,1.7817,1.20,1.50
2008.11.17 09:52:23.642,1.7811,1.78174,1.20,1.00
2008.11.17 09:52:26.671,1.78115,1.78174,1.00,1.00
2008.11.17 09:52:30.521,1.7812,1.7819,1.20,1.50
2008.11.17 09:52:32.400,1.7812,1.7819,1.20,2.70
2008.11.17 09:52:32.450,1.78115,1.7818,1.00,1.50
2008.11.17 09:52:32.570,1.78115,1.78174,1.00,1.00
2008.11.17 09:52:35.549,1.78095,1.78154,1.00,1.00
2008.11.17 09:52:36.289,1.7809,1.78144,1.20,1.00
2008.11.17 09:52:37.309,1.781,1.7818,1.20,1.50
2008.11.17 09:52:37.489,1.7811,1.7818,1.20,1.50
2008.11.17 09:52:38.169,1.7811,1.7817,1.20,1.20
2008.11.17 09:52:38.339,1.7807,1.7816,4.00,1.50
2008.11.17 09:52:38.629,1.7807,1.7816,3.00,2.70
2008.11.17 09:52:38.808,1.7806,1.7816,1.20,2.70
2008.11.17 09:52:38.928,1.7806,1.7816,1.90,1.50
2008.11.17 09:52:39.568,1.78075,1.7816,1.00,1.50
2008.11.17 09:52:39.918,1.78075,1.7816,1.00,2.70
2008.11.17 09:52:40.148,1.78075,1.7816,1.00,3.10
2008.11.17 09:52:40.488,1.7808,1.7816,1.20,1.90
2008.11.17 09:52:40.768,1.78075,1.7816,1.00,1.90
2008.11.17 09:52:40.878,1.78075,1.78155,1.00,1.20
2008.11.17 09:52:41.508,1.78075,1.7816,1.00,1.90
2008.11.17 09:52:41.748,1.7807,1.7816,1.90,1.90
2008.11.17 09:52:41.998,1.7807,1.78155,1.20,1.20
2008.11.17 09:52:42.288,1.7807,1.7815,1.20,1.20
2008.11.17 09:52:42.578,1.78075,1.78144,1.00,1.00
2008.11.17 09:52:42.867,1.7807,1.7816,1.90,1.50
2008.11.17 09:52:43.137,1.7808,1.7816,1.20,1.50
2008.11.17 09:52:46.267,1.7808,1.7814,1.20,1.20
2008.11.17 09:52:46.377,1.78075,1.7813,1.00,1.50
2008.11.17 09:52:46.537,1.78065,1.7813,3.00,1.50
2008.11.17 09:52:46.597,1.78065,1.78124,3.00,1.00
2008.11.17 09:52:46.757,1.78055,1.78124,1.00,1.00
2008.11.17 09:52:46.927,1.7805,1.78124,1.20,1.00
2008.11.17 09:52:47.147,1.7804,1.7812,1.20,1.50
2008.11.17 09:52:48.006,1.7803,1.7811,1.20,2.70
2008.11.17 09:52:49.177,1.7803,1.78115,1.20,1.20
2008.11.17 09:52:50.276,1.7804,1.7812,1.20,1.50
2008.11.17 09:52:50.636,1.7803,1.78115,1.20,1.20
2008.11.17 09:52:52.495,1.78045,1.78119,1.00,1.00
2008.11.17 09:52:52.655,1.78065,1.7812,1.00,1.50
2008.11.17 09:52:52.816,1.78065,1.78134,1.00,1.00
2008.11.17 09:52:52.935,1.78065,1.78115,1.00,1.20
2008.11.17 09:52:53.165,1.7803,1.78115,3.00,1.20
2008.11.17 09:52:53.335,1.7803,1.78115,1.00,1.20
2008.11.17 09:52:53.695,1.7803,1.78119,1.20,1.00
2008.11.17 09:52:54.035,1.7803,1.7812,1.20,1.50
2008.11.17 09:53:01.253,1.78045,1.7812,1.00,1.50
2008.11.17 09:53:01.483,1.7805,1.7813,1.20,2.70
2008.11.17 09:53:10.511,1.78035,1.7811,1.00,1.50
2008.11.17 09:53:10.621,1.7803,1.7811,1.20,1.50
2008.11.17 09:53:11.091,1.7804,1.78124,1.20,1.00
2008.11.17 09:53:11.211,1.7804,1.7812,1.20,1.50
2008.11.17 09:53:11.381,1.7804,1.7812,1.20,2.70
2008.11.17 09:53:13.700,1.7804,1.7811,1.20,1.50
2008.11.17 09:53:16.369,1.7804,1.78119,1.20,1.00
2008.11.17 09:53:16.480,1.7804,1.7812,1.20,2.70
2008.11.17 09:53:20.648,1.7802,1.78105,12.40,1.20
2008.11.17 09:53:20.888,1.7802,1.781,2.40,1.20
2008.11.17 09:53:21.228,1.7802,1.781,2.40,1.80
2008.11.17 09:53:21.338,1.7802,1.781,2.40,4.20
2008.11.17 09:53:21.648,1.7802,1.781,2.40,2.80
2008.11.17 09:53:21.948,1.7802,1.78105,2.40,1.20
2008.11.17 09:53:23.828,1.7802,1.781,2.40,1.20
2008.11.17 09:53:24.748,1.7802,1.7809,2.40,1.20
2008.11.17 09:53:25.087,1.7802,1.78094,2.40,1.00
2008.11.17 09:53:25.267,1.7802,1.78105,2.40,1.20
2008.11.17 09:53:29.906,1.7803,1.78109,1.00,1.00
2008.11.17 09:53:30.186,1.7803,1.7811,1.00,1.50
2008.11.17 09:53:30.506,1.7804,1.7812,1.20,1.50
2008.11.17 09:53:30.856,1.7805,1.7813,1.20,3.10
2008.11.17 09:53:33.915,1.7806,1.7813,1.20,1.50
2008.11.17 09:53:34.095,1.7804,1.7812,1.20,1.50
2008.11.17 09:53:34.485,1.7805,1.7813,1.20,2.70
2008.11.17 09:53:36.804,1.7806,1.7813,1.20,1.90
2008.11.17 09:53:37.334,1.7807,1.78134,1.20,1.00
2008.11.17 09:53:37.694,1.7808,1.7814,1.20,3.60
2008.11.17 09:53:38.094,1.7807,1.7814,1.20,3.60
2008.11.17 09:53:43.153,1.7807,1.78135,1.20,1.20
2008.11.17 09:53:43.673,1.7803,1.78135,4.00,1.20
2008.11.17 09:53:43.973,1.7803,1.78125,1.20,1.20
2008.11.17 09:53:46.273,1.7804,1.7812,1.20,1.20
2008.11.17 09:53:46.562,1.78025,1.7812,2.80,1.20
2008.11.17 09:53:46.862,1.78025,1.7811,1.90,1.20
2008.11.17 09:53:47.092,1.7802,1.7811,2.80,1.20
2008.11.17 09:53:47.602,1.7803,1.7811,1.20,4.00
2008.11.17 09:53:47.882,1.78035,1.78125,1.00,4.60
2008.11.17 09:53:50.351,1.78035,1.78125,2.80,4.60
2008.11.17 09:53:50.531,1.7806,1.78125,1.20,2.80
2008.11.17 09:53:50.751,1.7806,1.7814,1.20,6.70
2008.11.17 09:53:51.051,1.7806,1.7814,1.20,5.50
2008.11.17 09:53:53.201,1.7807,1.7813,1.20,1.00
2008.11.17 09:53:53.380,1.7805,1.7813,1.20,1.00
2008.11.17 09:53:54.120,1.78075,1.7813,1.00,1.00
2008.11.17 09:53:54.400,1.78095,1.7814,1.00,3.60
2008.11.17 09:53:54.680,1.7807,1.7814,1.20,3.60
2008.11.17 09:53:58.449,1.7808,1.7814,2.20,3.60
2008.11.17 09:53:58.619,1.781,1.7814,1.20,3.60
2008.11.17 09:54:00.719,1.7809,1.7814,1.20,3.60
2008.11.17 09:54:01.259,1.781,1.7814,1.20,3.60
2008.11.17 09:54:01.669,1.78105,1.7814,1.00,3.60
2008.11.17 09:54:02.859,1.78105,1.7814,1.00,3.60
2008.11.17 09:54:03.128,1.7811,1.7814,1.20,3.60
2008.11.17 09:54:04.038,1.781,1.7814,1.20,3.60
2008.11.17 09:54:09.597,1.7809,1.7814,1.20,3.60
2008.11.17 09:54:09.766,1.7808,1.7814,1.20,3.60
2008.11.17 09:54:09.927,1.78085,1.7814,1.00,3.60
2008.11.17 09:54:10.856,1.7808,1.7814,1.20,3.60
2008.11.17 09:54:14.096,1.7807,1.7814,1.20,3.60
2008.11.17 09:54:14.495,1.7807,1.7814,1.20,5.10
2008.11.17 09:54:17.605,1.7807,1.7814,1.20,6.30
2008.11.17 09:54:17.835,1.7807,1.7813,1.20,1.50
2008.11.17 09:54:22.333,1.7807,1.7814,1.20,5.10
2008.11.17 09:54:29.092,1.7808,1.7814,1.20,3.60
2008.11.17 09:54:29.312,1.7808,1.7814,1.90,3.60
2008.11.17 09:54:29.542,1.7809,1.7814,1.20,3.60
2008.11.17 09:54:30.752,1.7809,1.7814,1.00,3.60
2008.11.17 09:54:31.281,1.781,1.7814,1.00,3.60
2008.11.17 09:54:31.622,1.78095,1.7814,1.00,3.60
2008.11.17 09:54:31.851,1.7809,1.7814,1.20,3.60
2008.11.17 09:54:32.091,1.7808,1.7814,1.90,3.60
2008.11.17 09:54:32.571,1.7807,1.7814,1.20,5.10
2008.11.17 09:54:32.811,1.7808,1.7814,1.90,3.60
2008.11.17 09:54:33.601,1.7808,1.7814,1.20,3.60
2008.11.17 09:54:33.891,1.78065,1.7814,1.00,3.60
2008.11.17 09:54:34.241,1.7806,1.7814,1.00,3.60
2008.11.17 09:54:34.890,1.78045,1.7813,1.00,1.50
2008.11.17 09:54:35.180,1.7804,1.78115,6.00,1.20
2008.11.17 09:54:35.580,1.7803,1.7811,1.00,1.50
2008.11.17 09:54:35.760,1.7803,1.78115,1.00,1.00
2008.11.17 09:54:35.980,1.78025,1.7811,1.00,1.20
2008.11.17 09:54:36.150,1.7802,1.7811,29.50,5.80
2008.11.17 09:54:37.680,1.7803,1.7811,1.00,4.20
2008.11.17 09:54:38.020,1.78025,1.781,1.00,1.50
2008.11.17 09:54:38.260,1.7802,1.78105,29.50,2.80
2008.11.17 09:54:38.549,1.7803,1.7811,1.00,4.20
2008.11.17 09:54:39.250,1.78025,1.7811,1.00,4.20
2008.11.17 09:54:39.539,1.7802,1.7811,30.70,2.80
2008.11.17 09:54:39.950,1.7802,1.7812,31.80,3.30
2008.11.17 09:54:40.280,1.7803,1.78125,4.20,1.00
2008.11.17 09:54:40.629,1.7803,1.78135,6.10,1.00
2008.11.17 09:54:40.929,1.7805,1.78135,1.00,1.00
2008.11.17 09:54:41.219,1.7805,1.7814,1.00,1.00
2008.11.17 09:54:41.389,1.7806,1.7814,1.00,1.00
2008.11.17 09:54:41.629,1.7806,1.78145,1.90,1.00
2008.11.17 09:54:41.849,1.78065,1.78145,1.00,1.00
2008.11.17 09:54:42.069,1.7807,1.78145,1.20,1.00
2008.11.17 09:54:42.249,1.7807,1.78155,1.20,1.00
2008.11.17 09:54:42.489,1.7806,1.78155,2.10,1.50
2008.11.17 09:54:42.708,1.7806,1.78145,1.20,1.20
2008.11.17 09:54:42.999,1.7805,1.7815,1.20,1.00
2008.11.17 09:54:43.868,1.7805,1.7814,1.20,1.00
2008.11.17 09:54:44.158,1.7804,1.7814,1.20,1.00
2008.11.17 09:54:45.658,1.7804,1.78135,1.20,1.00
2008.11.17 09:54:46.008,1.7805,1.78135,1.00,1.00
2008.11.17 09:54:46.468,1.78045,1.78135,1.00,1.50
2008.11.17 09:54:46.528,1.7804,1.78135,1.00,1.50
2008.11.17 09:54:48.807,1.7804,1.78135,1.00,1.20
2008.11.17 09:54:48.917,1.78055,1.78139,1.00,1.00
2008.11.17 09:54:49.277,1.78065,1.7815,1.00,2.80
2008.11.17 09:54:49.737,1.78065,1.78155,1.00,3.60
2008.11.17 09:54:50.077,1.78065,1.78155,1.00,1.20
2008.11.17 09:54:50.707,1.7806,1.78145,1.20,1.20
2008.11.17 09:54:50.996,1.7806,1.7814,1.20,1.50
2008.11.17 09:54:51.167,1.7805,1.7814,1.90,1.50
2008.11.17 09:54:51.287,1.7805,1.7814,1.20,2.70
2008.11.17 09:54:54.006,1.7804,1.78125,1.00,1.20
2008.11.17 09:54:54.356,1.7803,1.7812,1.20,1.20
2008.11.17 09:54:54.746,1.7803,1.78125,1.90,1.00
2008.11.17 09:54:55.206,1.7803,1.7812,1.90,1.00
2008.11.17 09:54:55.556,1.7804,1.7812,1.00,1.00
2008.11.17 09:54:55.706,1.78045,1.7813,1.00,4.50
2008.11.17 09:54:55.945,1.7805,1.78125,1.20,1.20
2008.11.17 09:54:56.175,1.7805,1.78135,1.20,1.00
2008.11.17 09:54:56.475,1.7805,1.7814,1.20,7.00
2008.11.17 09:54:57.525,1.7805,1.78124,1.20,1.00
2008.11.17 09:54:57.875,1.7804,1.7812,3.10,1.50
2008.11.17 09:54:58.635,1.7805,1.7812,1.20,2.80
2008.11.17 09:54:58.975,1.78035,1.7811,1.00,2.70
2008.11.17 09:54:59.275,1.7802,1.78095,1.90,1.20
2008.11.17 09:54:59.615,1.7802,1.78095,1.90,4.20
2008.11.17 09:55:00.014,1.7802,1.7811,1.20,1.20
2008.11.17 09:55:00.424,1.7802,1.781,1.90,1.20
2008.11.17 09:55:00.544,1.7802,1.78105,1.90,2.80
2008.11.17 09:55:01.005,1.7802,1.78105,1.90,4.20
2008.11.17 09:55:01.294,1.7802,1.78105,1.90,1.20
2008.11.17 09:55:01.864,1.7802,1.781,1.90,1.20
2008.11.17 09:55:02.374,1.78035,1.781,1.00,1.20
2008.11.17 09:55:02.604,1.7805,1.78105,1.20,2.80
2008.11.17 09:55:03.064,1.7805,1.7812,1.20,1.50
2008.11.17 09:55:04.004,1.7805,1.78114,1.20,1.00
2008.11.17 09:55:04.303,1.7805,1.7812,1.20,1.50
2008.11.17 09:55:04.593,1.7806,1.7812,1.20,1.50
2008.11.17 09:55:04.933,1.7806,1.7812,1.20,5.10
2008.11.17 09:55:05.233,1.7802,1.781,1.90,1.50
2008.11.17 09:55:05.563,1.7803,1.7811,1.20,1.90
2008.11.17 09:55:05.943,1.7803,1.7809,1.20,1.20
2008.11.17 09:55:06.123,1.77995,1.7808,1.00,1.50
2008.11.17 09:55:06.413,1.7799,1.7808,1.20,1.50
2008.11.17 09:55:08.152,1.78,1.7807,1.90,1.50
2008.11.17 09:55:08.443,1.7801,1.7808,1.20,1.50
2008.11.17 09:55:11.972,1.7802,1.7809,1.20,1.50
2008.11.17 09:55:14.011,1.78025,1.7809,1.00,1.50
2008.11.17 09:55:14.471,1.7803,1.7811,1.20,1.50
2008.11.17 09:55:15.811,1.7802,1.7809,1.20,1.50
2008.11.17 09:55:18.470,1.7802,1.781,1.20,1.50
2008.11.17 09:55:18.750,1.7803,1.7811,1.90,1.50
2008.11.17 09:55:20.359,1.7803,1.781,1.20,1.50
2008.11.17 09:55:20.770,1.7804,1.7811,1.20,1.50
2008.11.17 09:55:20.949,1.7805,1.78114,1.20,1.00
2008.11.17 09:55:21.069,1.7805,1.7812,1.20,1.50
2008.11.17 09:55:21.410,1.7805,1.78115,1.20,1.20
2008.11.17 09:55:21.809,1.7804,1.7811,1.20,1.50
2008.11.17 09:55:22.439,1.7804,1.781,1.20,1.50
2008.11.17 09:55:23.409,1.7803,1.781,1.20,1.50
2008.11.17 09:55:23.579,1.7804,1.781,1.20,1.50
2008.11.17 09:55:24.878,1.7804,1.7811,1.20,1.50
2008.11.17 09:55:28.188,1.7805,1.7811,1.90,1.50
2008.11.17 09:55:28.308,1.78065,1.78124,1.00,1.00
2008.11.17 09:55:30.377,1.7806,1.78124,1.20,1.00
2008.11.17 09:55:30.437,1.78055,1.7812,1.00,1.50
2008.11.17 09:55:30.848,1.78055,1.78114,1.00,1.00
2008.11.17 09:55:31.597,1.7805,1.78114,1.20,1.00
2008.11.17 09:55:34.416,1.7804,1.7811,1.20,1.50
2008.11.17 09:55:42.164,1.7804,1.78094,1.20,1.00
2008.11.17 09:55:42.504,1.7803,1.78094,1.20,1.00
2008.11.17 09:55:42.874,1.7805,1.781,1.00,1.50
2008.11.17 09:55:43.664,1.7805,1.78104,1.90,1.00
2008.11.17 09:55:45.153,1.7806,1.78084,1.20,1.00
2008.11.17 09:55:45.333,1.78055,1.78084,1.00,1.00
2008.11.17 09:55:45.513,1.7804,1.78084,4.20,1.00
2008.11.17 09:55:45.803,1.7804,1.78084,1.20,1.00
2008.11.17 09:55:47.993,1.7804,1.78084,1.90,1.00
2008.11.17 09:55:48.273,1.7804,1.78084,1.20,1.00
2008.11.17 09:55:48.573,1.7803,1.78084,1.20,1.00
2008.11.17 09:55:48.803,1.78035,1.78084,1.00,1.00
2008.11.17 09:55:50.772,1.78025,1.78084,1.00,1.00
2008.11.17 09:55:56.741,1.7802,1.78074,1.20,1.00
2008.11.17 09:55:58.750,1.7803,1.78074,1.20,1.00
2008.11.17 09:55:59.100,1.78045,1.78084,1.00,1.00
2008.11.17 09:55:59.940,1.7804,1.78084,1.20,1.00
2008.11.17 09:56:00.230,1.7803,1.78084,1.20,1.00
2008.11.17 09:56:02.169,1.78035,1.78084,1.00,1.00
2008.11.17 09:56:04.299,1.7803,1.78084,1.20,1.00
2008.11.17 09:56:12.807,1.7802,1.78074,1.20,1.00
2008.11.17 09:56:14.177,1.7801,1.78074,1.20,1.00
2008.11.17 09:56:14.566,1.7801,1.78064,1.20,1.00
2008.11.17 09:56:16.316,1.78005,1.78054,1.00,1.00
2008.11.17 09:56:16.527,1.78005,1.7807,1.00,1.50
2008.11.17 09:56:16.816,1.78005,1.78085,1.00,1.20
2008.11.17 09:56:17.166,1.78005,1.78085,1.00,2.80
2008.11.17 09:56:17.466,1.78005,1.7809,1.00,1.50
2008.11.17 09:56:17.866,1.7802,1.78095,1.00,1.00
2008.11.17 09:56:18.205,1.78025,1.78095,1.00,1.00
2008.11.17 09:56:18.485,1.7803,1.781,1.00,4.60
2008.11.17 09:56:18.775,1.78025,1.781,1.00,3.30
2008.11.17 09:56:19.015,1.78025,1.781,1.00,1.00
2008.11.17 09:56:19.475,1.7802,1.78105,1.00,1.00
2008.11.17 09:56:19.825,1.78015,1.78105,1.00,1.20
2008.11.17 09:56:20.215,1.78015,1.781,1.00,4.20
2008.11.17 09:56:20.715,1.7801,1.781,2.10,4.20
2008.11.17 09:56:20.945,1.7801,1.781,1.00,5.80
2008.11.17 09:56:21.365,1.7802,1.781,1.00,5.80
2008.11.17 09:56:21.595,1.7802,1.781,1.90,4.20
2008.11.17 09:56:21.875,1.78015,1.781,1.90,1.50
2008.11.17 09:56:21.995,1.7801,1.781,4.00,1.50
2008.11.17 09:56:22.455,1.7802,1.7811,4.00,8.70
2008.11.17 09:56:22.965,1.7802,1.78105,3.10,1.20
2008.11.17 09:56:23.384,1.7802,1.78109,4.00,1.00
2008.11.17 09:56:23.504,1.7803,1.7811,1.20,6.00
2008.11.17 09:56:23.785,1.7802,1.78105,1.20,1.20
2008.11.17 09:56:24.024,1.7803,1.7811,1.20,2.40
2008.11.17 09:56:24.414,1.7802,1.78105,1.20,1.20
2008.11.17 09:56:24.764,1.7803,1.78115,1.20,1.20
2008.11.17 09:56:25.174,1.7803,1.7811,1.20,1.20
2008.11.17 09:56:26.184,1.7803,1.78114,1.20,1.00
2008.11.17 09:56:26.364,1.7802,1.78105,1.20,1.20
2008.11.17 09:56:28.813,1.7803,1.78105,1.20,1.20
2008.11.17 09:56:28.923,1.7803,1.78114,1.20,1.00
2008.11.17 09:56:29.313,1.7803,1.78115,1.20,1.20
2008.11.17 09:56:30.273,1.7803,1.7811,1.20,2.40
2008.11.17 09:56:30.503,1.7803,1.78105,1.20,1.20
2008.11.17 09:56:30.683,1.7803,1.781,1.20,1.20
2008.11.17 09:56:30.953,1.7802,1.781,3.10,1.20
2008.11.17 09:56:31.342,1.7803,1.78115,1.20,1.20
2008.11.17 09:56:31.853,1.7803,1.78115,1.20,4.00
2008.11.17 09:56:33.112,1.7803,1.78115,1.20,1.20
2008.11.17 09:56:33.332,1.7803,1.78115,3.10,1.20
2008.11.17 09:56:33.672,1.7803,1.78104,1.90,1.00
2008.11.17 09:56:34.082,1.7802,1.781,1.90,1.50
2008.11.17 09:56:34.462,1.7803,1.78115,1.20,1.20
2008.11.17 09:56:34.812,1.7802,1.781,1.20,2.70
2008.11.17 09:56:36.241,1.7802,1.7808,1.20,1.20
2008.11.17 09:56:36.411,1.7801,1.7808,3.10,2.70
2008.11.17 09:56:37.121,1.7801,1.7808,1.20,2.70
2008.11.17 09:56:39.710,1.7801,1.78075,1.20,1.20
2008.11.17 09:56:42.860,1.7801,1.78079,1.20,1.00
2008.11.17 09:56:43.150,1.7801,1.7808,1.20,2.70
2008.11.17 09:56:44.799,1.7802,1.7808,1.20,1.50
2008.11.17 09:56:46.219,1.7801,1.7808,1.20,1.50
2008.11.17 09:56:46.389,1.7801,1.7808,1.20,2.70
2008.11.17 09:56:47.029,1.7802,1.7808,1.20,1.50
2008.11.17 09:56:47.489,1.7801,1.7808,1.20,1.50
2008.11.17 09:56:49.278,1.7801,1.7808,1.20,2.70
2008.11.17 09:56:50.998,1.7801,1.7808,1.20,1.50
2008.11.17 09:56:52.157,1.7801,1.7808,1.20,2.70
2008.11.17 09:56:53.957,1.7801,1.78065,1.20,1.20
2008.11.17 09:56:54.177,1.7801,1.78064,1.20,1.00
2008.11.17 09:56:56.487,1.78,1.78054,1.20,1.00
2008.11.17 09:56:56.666,1.7801,1.78054,1.20,1.00
2008.11.17 09:56:57.006,1.7795,1.78039,3.10,1.00
2008.11.17 09:56:57.296,1.7795,1.78015,1.90,1.20
2008.11.17 09:56:57.686,1.7795,1.7801,4.30,1.20
2008.11.17 09:56:58.026,1.77955,1.7802,1.90,1.20
2008.11.17 09:56:58.726,1.7796,1.7802,6.00,1.20
2008.11.17 09:56:59.066,1.77985,1.78075,1.20,4.80
2008.11.17 09:56:59.646,1.77975,1.78049,1.20,1.00
2008.11.17 09:57:00.226,1.7799,1.78044,1.20,1.00
2008.11.17 09:57:00.516,1.7799,1.78054,1.20,1.00
2008.11.17 09:57:01.045,1.78,1.78059,1.20,1.00
2008.11.17 09:57:01.225,1.78,1.7806,1.20,3.60
2008.11.17 09:57:02.625,1.77985,1.78044,1.00,1.00
2008.11.17 09:57:02.985,1.78,1.7806,1.20,3.60
2008.11.17 09:57:04.434,1.78,1.78055,1.20,1.20
2008.11.17 09:57:04.945,1.78,1.7806,1.20,3.60
2008.11.17 09:57:06.374,1.78,1.78054,1.20,1.00
2008.11.17 09:57:06.594,1.7799,1.78054,1.20,1.00
2008.11.17 09:57:07.974,1.7799,1.78054,1.90,1.00
2008.11.17 09:57:08.313,1.7799,1.7806,1.90,5.10
2008.11.17 09:57:08.544,1.78,1.7806,1.20,3.60
2008.11.17 09:57:08.594,1.7801,1.7806,1.20,3.60
2008.11.17 09:57:09.503,1.7801,1.7806,1.20,4.80
2008.11.17 09:57:09.793,1.7801,1.7806,1.20,3.60
2008.11.17 09:57:11.213,1.78,1.7806,1.20,3.60
2008.11.17 09:57:11.463,1.7799,1.7806,1.20,5.10
2008.11.17 09:57:11.583,1.7798,1.7805,3.10,1.50
2008.11.17 09:57:11.973,1.7798,1.7805,1.20,1.50
2008.11.17 09:57:12.793,1.7798,1.7805,1.20,2.70
2008.11.17 09:57:13.032,1.7797,1.7804,3.10,1.50
2008.11.17 09:57:13.822,1.7797,1.7804,1.20,1.50
2008.11.17 09:57:15.022,1.7796,1.7803,3.10,1.50
2008.11.17 09:57:16.272,1.7796,1.7803,1.20,1.50
2008.11.17 09:57:20.631,1.7796,1.78024,1.20,1.00
2008.11.17 09:57:20.861,1.77955,1.7802,1.90,1.50
2008.11.17 09:57:20.921,1.7796,1.78024,1.20,1.00
2008.11.17 09:57:21.041,1.7796,1.7803,1.20,1.50
2008.11.17 09:57:25.060,1.7797,1.7805,1.20,1.50
2008.11.17 09:57:25.849,1.77965,1.78055,1.00,4.20
2008.11.17 09:57:26.739,1.7796,1.78034,1.20,1.00
2008.11.17 09:57:26.979,1.7795,1.7803,3.10,1.50
2008.11.17 09:57:34.057,1.7796,1.7802,1.90,1.50
2008.11.17 09:57:34.637,1.7797,1.78055,1.20,2.80
2008.11.17 09:57:35.077,1.7799,1.7808,1.20,5.10
2008.11.17 09:57:35.427,1.7799,1.7808,1.20,2.70
2008.11.17 09:57:35.667,1.7799,1.7807,1.20,1.20
2008.11.17 09:57:35.997,1.7798,1.7806,1.20,1.50
2008.11.17 09:57:36.577,1.78,1.7807,1.20,2.70
2008.11.17 09:57:38.676,1.78,1.7807,1.20,1.50
2008.11.17 09:57:39.516,1.78,1.7806,1.20,1.50
2008.11.17 09:57:39.746,1.78,1.7807,1.20,1.50
2008.11.17 09:57:43.575,1.78,1.7807,1.20,2.70
2008.11.17 09:57:44.655,1.78,1.7806,1.20,1.20
2008.11.17 09:57:44.885,1.7798,1.7806,1.20,2.70
2008.11.17 09:57:45.635,1.7799,1.7806,1.20,2.70
2008.11.17 09:57:46.204,1.7799,1.7805,1.20,1.50
2008.11.17 09:57:47.754,1.77995,1.7805,1.00,1.50
2008.11.17 09:57:47.934,1.78,1.7807,1.20,2.70
2008.11.17 09:57:48.224,1.7799,1.7807,1.20,2.70
2008.11.17 09:57:50.263,1.7799,1.7807,1.20,1.50
2008.11.17 09:57:50.433,1.78,1.7807,1.20,1.50
2008.11.17 09:57:51.993,1.7801,1.7808,1.20,1.50
2008.11.17 09:57:52.863,1.7802,1.78084,1.20,1.00
2008.11.17 09:57:53.253,1.7801,1.7808,1.20,1.50
2008.11.17 09:57:53.473,1.78015,1.7807,1.00,1.50
2008.11.17 09:57:53.993,1.78015,1.78074,1.00,1.00
2008.11.17 09:57:54.223,1.78,1.7807,1.20,1.50
2008.11.17 09:57:55.252,1.7801,1.7808,1.20,2.70
2008.11.17 09:57:55.642,1.78,1.7807,1.20,1.50
2008.11.17 09:57:56.262,1.77995,1.78065,1.00,1.20
2008.11.17 09:57:56.492,1.7798,1.7806,3.10,1.50
2008.11.17 09:57:57.222,1.7798,1.7806,1.20,1.50
2008.11.17 09:57:57.632,1.7798,1.7806,1.20,2.70
2008.11.17 09:57:58.561,1.7798,1.7805,1.20,1.50
2008.11.17 09:57:58.671,1.77995,1.78054,1.00,1.00
2008.11.17 09:57:59.161,1.77995,1.7805,1.00,1.50
2008.11.17 09:57:59.341,1.77985,1.7805,1.00,1.50
2008.11.17 09:57:59.631,1.77985,1.78044,1.00,1.00
2008.11.17 09:58:00.592,1.77985,1.7805,1.00,1.50
2008.11.17 09:58:00.931,1.7799,1.7805,1.20,1.50
2008.11.17 09:58:03.350,1.7799,1.78044,1.20,1.00
2008.11.17 09:58:03.650,1.77985,1.78044,1.00,1.00
2008.11.17 09:58:04.560,1.7799,1.78044,1.20,1.00
2008.11.17 09:58:04.620,1.7799,1.7805,1.20,1.50
2008.11.17 09:58:10.438,1.77985,1.7805,1.00,1.50
2008.11.17 09:58:10.659,1.7798,1.7805,1.20,1.50
2008.11.17 09:58:11.349,1.7799,1.7805,1.20,1.50
2008.11.17 09:58:19.107,1.7799,1.7806,1.20,2.70
2008.11.17 09:58:19.397,1.78,1.7807,1.20,2.70
2008.11.17 09:58:36.132,1.78,1.7807,1.20,8.70
2008.11.17 09:58:36.552,1.78,1.78065,1.20,1.20
2008.11.17 09:58:36.852,1.7799,1.7806,1.20,1.50
2008.11.17 09:58:40.481,1.7798,1.7805,1.20,1.50
2008.11.17 09:58:48.469,1.7798,1.78035,1.20,1.20
2008.11.17 09:58:48.699,1.7794,1.7803,4.60,1.50
2008.11.17 09:58:48.929,1.77945,1.7802,1.90,1.50
2008.11.17 09:58:49.149,1.7795,1.7805,1.20,4.50
2008.11.17 09:58:49.329,1.7795,1.7805,1.90,1.50
2008.11.17 09:58:50.429,1.77965,1.7804,1.00,1.50
2008.11.17 09:58:50.669,1.77965,1.7805,1.00,4.20
2008.11.17 09:58:52.458,1.7796,1.7805,1.00,4.20
2008.11.17 09:58:52.638,1.7796,1.7804,1.00,2.40
2008.11.17 09:58:52.878,1.77955,1.7803,2.10,1.50
2008.11.17 09:58:53.168,1.77955,1.7803,1.90,1.50
2008.11.17 09:58:53.738,1.7796,1.7803,1.00,1.50
2008.11.17 09:58:53.968,1.7796,1.78045,1.00,2.80
2008.11.17 09:58:54.168,1.7796,1.78045,1.00,2.40
2008.11.17 09:58:54.398,1.7796,1.7805,1.00,5.80
2008.11.17 09:58:54.808,1.77955,1.78025,1.00,1.50
2008.11.17 09:58:54.988,1.7795,1.78025,1.20,1.50
2008.11.17 09:59:01.536,1.7795,1.7801,1.20,1.90
2008.11.17 09:59:01.706,1.7791,1.77994,6.60,1.00
2008.11.17 09:59:02.046,1.7791,1.7796,6.60,1.50
2008.11.17 09:59:02.396,1.7791,1.7796,3.60,1.20
2008.11.17 09:59:02.746,1.7792,1.77974,3.60,1.00
2008.11.17 09:59:03.086,1.7792,1.77945,3.60,1.20
2008.11.17 09:59:03.486,1.7792,1.77949,3.60,1.00
2008.11.17 09:59:03.956,1.7792,1.7795,3.60,1.20
2008.11.17 09:59:04.246,1.7792,1.77954,3.60,1.00
2008.11.17 09:59:04.535,1.7792,1.77974,3.60,1.00
2008.11.17 09:59:04.765,1.7792,1.7798,4.80,1.50
2008.11.17 09:59:05.845,1.7792,1.77974,3.60,1.00
2008.11.17 09:59:06.195,1.7792,1.7798,4.80,1.50
2008.11.17 09:59:06.375,1.7793,1.77984,1.20,1.00
2008.11.17 09:59:06.595,1.7793,1.78,1.20,1.50
2008.11.17 09:59:06.825,1.7793,1.78005,1.20,1.20
2008.11.17 09:59:08.744,1.7793,1.78009,1.20,1.00
2008.11.17 09:59:08.864,1.7793,1.7801,1.20,2.70
2008.11.17 09:59:09.535,1.7793,1.78005,1.20,1.20
2008.11.17 09:59:11.744,1.7793,1.77995,1.20,1.20
2008.11.17 09:59:12.324,1.7792,1.7799,4.80,1.50
2008.11.17 09:59:13.583,1.7792,1.77985,4.80,1.20
2008.11.17 09:59:13.873,1.7792,1.7798,4.80,1.50
2008.11.17 09:59:16.143,1.77935,1.7799,1.00,1.20
2008.11.17 09:59:16.373,1.7792,1.7799,4.80,2.70
2008.11.17 09:59:16.893,1.7794,1.77994,1.20,1.00
2008.11.17 09:59:17.072,1.7792,1.7799,4.80,1.50
2008.11.17 09:59:17.693,1.7792,1.7798,4.80,1.50
2008.11.17 09:59:18.092,1.7792,1.77984,4.80,1.00
2008.11.17 09:59:18.262,1.77925,1.77984,1.00,1.00
2008.11.17 09:59:20.132,1.77925,1.77974,1.00,1.00
2008.11.17 09:59:21.062,1.77925,1.7799,1.00,1.50
2008.11.17 09:59:21.401,1.7793,1.77995,1.20,1.20
2008.11.17 09:59:21.692,1.7797,1.78,1.00,1.50
2008.11.17 09:59:22.141,1.7793,1.78,1.00,1.50
2008.11.17 09:59:22.491,1.77965,1.77995,1.20,1.20
2008.11.17 09:59:22.891,1.77935,1.77994,1.20,1.00
2008.11.17 09:59:23.291,1.77935,1.7799,1.00,4.20
2008.11.17 09:59:23.521,1.77935,1.7799,1.00,2.80
2008.11.17 09:59:23.871,1.77935,1.77994,1.00,1.00
2008.11.17 09:59:24.851,1.7793,1.77974,1.20,1.00
2008.11.17 09:59:25.710,1.7793,1.7796,1.20,1.20
2008.11.17 09:59:26.010,1.7793,1.77944,1.20,1.00
2008.11.17 09:59:26.290,1.7793,1.77954,1.20,1.00
2008.11.17 09:59:26.640,1.7793,1.77964,1.20,1.00
2008.11.17 09:59:27.280,1.7792,1.77964,4.80,1.00
2008.11.17 09:59:27.630,1.7792,1.7797,3.60,1.50
2008.11.17 09:59:27.980,1.7792,1.7795,3.60,1.50
2008.11.17 09:59:28.640,1.77925,1.7795,1.00,1.50
2008.11.17 09:59:29.090,1.77925,1.7798,1.00,1.50
2008.11.17 09:59:29.371,1.77925,1.7799,1.00,1.50
2008.11.17 09:59:29.659,1.77925,1.77994,1.00,1.00
2008.11.17 09:59:30.010,1.7792,1.77984,4.80,1.00
2008.11.17 09:59:30.349,1.7792,1.77974,3.60,1.00
2008.11.17 09:59:31.209,1.77935,1.77994,1.00,1.00
2008.11.17 09:59:31.389,1.77935,1.77995,1.00,1.20
2008.11.17 09:59:31.620,1.77935,1.7799,1.00,1.20
2008.11.17 09:59:32.789,1.7792,1.77974,3.60,1.00
2008.11.17 09:59:33.089,1.7792,1.7796,3.60,1.20
2008.11.17 09:59:33.388,1.7792,1.77954,3.60,1.00
2008.11.17 09:59:33.780,1.7792,1.77935,3.60,1.20
2008.11.17 09:59:34.069,1.7786,1.7793,1.00,2.40
2008.11.17 09:59:34.408,1.7783,1.7793,1.00,1.20
2008.11.17 09:59:35.199,1.7787,1.77925,1.00,1.20
2008.11.17 09:59:35.548,1.7788,1.7793,1.00,1.50
2008.11.17 09:59:35.888,1.7789,1.7797,1.00,2.80
2008.11.17 09:59:36.178,1.77905,1.7797,1.00,4.00
2008.11.17 09:59:36.518,1.779,1.7797,1.20,1.20
2008.11.17 09:59:36.798,1.779,1.77955,1.20,1.20
2008.11.17 09:59:37.298,1.7789,1.77945,1.20,1.20
2008.11.17 09:59:37.648,1.7789,1.77949,1.20,1.00
2008.11.17 09:59:37.878,1.77875,1.7794,1.00,1.50
2008.11.17 09:59:38.167,1.7788,1.7794,1.20,1.50
2008.11.17 09:59:38.497,1.7788,1.7795,1.20,2.70
2008.11.17 09:59:38.777,1.7788,1.77934,1.20,1.00
2008.11.17 09:59:40.057,1.7789,1.77934,1.20,1.00
2008.11.17 09:59:40.297,1.7788,1.77924,1.20,1.00
2008.11.17 09:59:40.537,1.7788,1.77944,1.20,1.00
2008.11.17 09:59:40.977,1.77885,1.77944,1.00,1.00
2008.11.17 09:59:42.776,1.7788,1.77944,1.20,1.00
2008.11.17 09:59:43.426,1.7788,1.7794,1.20,1.20
2008.11.17 09:59:43.706,1.7788,1.77924,1.20,1.00
2008.11.17 09:59:47.565,1.7786,1.77924,1.20,1.00
2008.11.17 09:59:48.865,1.7787,1.77924,1.20,1.00
2008.11.17 09:59:52.214,1.7788,1.77924,1.00,1.00
2008.11.17 09:59:52.554,1.7788,1.77924,4.00,1.00
2008.11.17 09:59:52.904,1.77885,1.77924,3.00,1.00
2008.11.17 09:59:53.304,1.77875,1.77924,1.80,1.00
2008.11.17 09:59:53.864,1.77865,1.77924,5.40,1.00
2008.11.17 09:59:54.094,1.77865,1.77924,6.00,1.00
2008.11.17 09:59:54.693,1.77865,1.77924,3.00,1.00
2008.11.17 09:59:55.043,1.7786,1.77924,1.20,1.00
2008.11.17 09:59:56.953,1.7787,1.77924,1.20,1.00
2008.11.17 09:59:57.183,1.7786,1.77924,1.20,1.00
2008.11.17 09:59:59.362,1.7787,1.77924,1.20,1.00
