2008.08.12 10:00:00.935,2.0736,2.0738,3.20,1.00
2008.08.12 10:00:01.220,2.0735,2.0738,1.00,1.00
2008.08.12 10:00:01.504,2.07345,2.0737,3.10,1.00
2008.08.12 10:00:01.788,2.07335,2.0737,1.60,1.00
2008.08.12 10:00:02.372,2.07335,2.0737,4.80,1.00
2008.08.12 10:00:02.808,2.0734,2.0737,3.20,1.00
2008.08.12 10:00:04.281,2.0733,2.0737,2.00,1.00
2008.08.12 10:00:04.402,2.0734,2.0737,1.00,1.00
2008.08.12 10:00:04.520,2.0734,2.0738,1.00,7.20
2008.08.12 10:00:04.640,2.0733,2.0738,3.10,5.10
2008.08.12 10:00:04.760,2.0734,2.0738,1.00,2.40
2008.08.12 10:00:04.880,2.0734,2.07385,3.30,2.50
2008.08.12 10:00:05.000,2.07345,2.07385,3.10,2.50
2008.08.12 10:00:05.324,2.07345,2.07385,3.10,2.00
2008.08.12 10:00:05.648,2.0734,2.07385,3.10,5.20
2008.08.12 10:00:05.973,2.0733,2.07375,3.30,2.00
2008.08.12 10:00:06.248,2.0733,2.07375,3.10,4.70
2008.08.12 10:00:06.524,2.0733,2.0737,1.00,2.00
2008.08.12 10:00:07.072,2.0732,2.0737,4.00,2.00
2008.08.12 10:00:07.540,2.07325,2.0737,1.00,2.00
2008.08.12 10:00:07.928,2.07325,2.0737,1.00,2.00
2008.08.12 10:00:08.124,2.07325,2.0737,3.90,2.00
2008.08.12 10:00:08.630,2.07325,2.0736,3.90,2.00
2008.08.12 10:00:08.870,2.07325,2.0736,3.30,2.00
2008.08.12 10:00:09.336,2.07315,2.0736,3.30,2.00
2008.08.12 10:00:09.492,2.07315,2.0736,3.10,2.00
2008.08.12 10:00:11.500,2.07315,2.0736,3.10,2.00
2008.08.12 10:00:11.798,2.07315,2.0736,3.10,3.20
2008.08.12 10:00:12.092,2.0732,2.0736,1.00,3.20
2008.08.12 10:00:12.388,2.07315,2.07365,1.00,7.20
2008.08.12 10:00:12.488,2.0732,2.07355,1.00,2.00
2008.08.12 10:00:12.684,2.0732,2.07355,1.00,2.00
2008.08.12 10:00:12.884,2.0732,2.07355,1.00,2.00
2008.08.12 10:00:13.080,2.0732,2.07355,1.00,4.50
2008.08.12 10:00:13.540,2.0731,2.07355,1.00,7.80
2008.08.12 10:00:15.256,2.0731,2.07355,1.00,4.50
2008.08.12 10:00:15.484,2.0732,2.07355,1.00,4.50
2008.08.12 10:00:15.736,2.0732,2.07355,1.00,2.00
2008.08.12 10:00:17.672,2.0731,2.07355,3.30,2.50
2008.08.12 10:00:19.972,2.07315,2.0735,1.00,1.00
2008.08.12 10:00:20.235,2.07315,2.0735,1.00,1.00
2008.08.12 10:00:20.797,2.0732,2.07355,3.10,2.50
2008.08.12 10:00:21.107,2.0731,2.07355,3.60,5.80
2008.08.12 10:00:21.413,2.0731,2.07355,1.00,5.80
2008.08.12 10:00:21.723,2.0731,2.07355,3.90,5.80
2008.08.12 10:00:22.018,2.0731,2.07355,3.30,5.80
2008.08.12 10:00:22.296,2.0731,2.07355,4.80,5.80
2008.08.12 10:00:22.859,2.0731,2.0734,4.80,1.00
2008.08.12 10:00:23.008,2.0731,2.0734,3.30,1.00
2008.08.12 10:00:23.156,2.0731,2.0734,3.30,1.80
2008.08.12 10:00:23.304,2.0731,2.07335,3.30,2.00
2008.08.12 10:00:23.596,2.0731,2.07335,1.00,2.00
2008.08.12 10:00:23.744,2.0731,2.07335,1.00,6.40
2008.08.12 10:00:24.084,2.0729,2.07325,3.20,2.00
2008.08.12 10:00:24.424,2.07285,2.07325,2.70,2.00
2008.08.12 10:00:24.764,2.07285,2.07325,3.60,2.00
2008.08.12 10:00:25.272,2.07285,2.07325,3.10,2.00
2008.08.12 10:00:26.531,2.07285,2.0733,3.10,2.00
2008.08.12 10:00:27.088,2.07295,2.07335,1.00,2.90
2008.08.12 10:00:27.385,2.07295,2.0733,3.60,1.00
2008.08.12 10:00:28.098,2.07295,2.0733,3.90,1.00
2008.08.12 10:00:28.304,2.07305,2.0733,1.00,1.00
2008.08.12 10:00:28.508,2.07305,2.0733,1.00,1.00
2008.08.12 10:00:28.712,2.07305,2.0733,3.30,1.00
2008.08.12 10:00:29.057,2.07295,2.0732,1.00,1.00
2008.08.12 10:00:29.396,2.0729,2.0732,4.40,1.00
2008.08.12 10:00:30.121,2.0729,2.0732,4.10,1.00
2008.08.12 10:00:30.316,2.07285,2.0732,4.70,1.00
2008.08.12 10:00:30.704,2.0729,2.0733,1.00,2.70
2008.08.12 10:00:31.145,2.0729,2.0733,1.60,2.70
2008.08.12 10:00:31.388,2.07305,2.0733,3.10,2.70
2008.08.12 10:00:31.644,2.07305,2.0733,3.10,1.00
2008.08.12 10:00:32.204,2.07295,2.0733,3.90,1.00
2008.08.12 10:00:32.525,2.07295,2.07345,3.90,2.50
2008.08.12 10:00:32.844,2.073,2.07345,3.10,2.50
2008.08.12 10:00:33.124,2.073,2.07345,3.30,2.50
2008.08.12 10:00:35.678,2.073,2.0734,3.30,2.00
2008.08.12 10:00:36.917,2.073,2.07345,3.30,2.50
2008.08.12 10:00:39.270,2.07305,2.07345,1.00,2.50
2008.08.12 10:00:39.384,2.07305,2.07345,3.30,2.50
2008.08.12 10:00:39.678,2.07305,2.07345,3.10,2.50
2008.08.12 10:00:39.828,2.073,2.07345,3.10,2.50
2008.08.12 10:00:40.696,2.07295,2.07335,3.30,2.00
2008.08.12 10:00:40.916,2.07295,2.0733,3.30,1.00
2008.08.12 10:00:41.124,2.07295,2.07325,3.30,2.00
2008.08.12 10:00:42.020,2.07275,2.0733,4.90,7.20
2008.08.12 10:00:42.320,2.07285,2.0733,1.00,4.50
2008.08.12 10:00:42.504,2.0728,2.0731,3.30,1.00
2008.08.12 10:00:42.688,2.0728,2.0731,3.90,1.00
2008.08.12 10:00:42.872,2.0728,2.0731,3.10,1.00
2008.08.12 10:00:43.056,2.07285,2.0731,1.00,1.00
2008.08.12 10:00:43.240,2.07275,2.0731,3.10,1.00
2008.08.12 10:00:43.556,2.07285,2.0731,3.10,1.00
2008.08.12 10:00:43.872,2.0727,2.0731,3.30,1.00
2008.08.12 10:00:44.188,2.0727,2.0731,3.90,1.00
2008.08.12 10:00:44.664,2.07275,2.0731,1.00,1.00
2008.08.12 10:00:44.948,2.07275,2.0732,1.00,2.00
2008.08.12 10:00:45.093,2.07275,2.0732,3.30,2.00
2008.08.12 10:00:45.237,2.07275,2.0732,3.10,2.00
2008.08.12 10:00:45.610,2.07265,2.07315,4.10,2.70
2008.08.12 10:00:45.788,2.07265,2.07315,4.10,3.20
2008.08.12 10:00:45.977,2.07265,2.0731,1.00,2.70
2008.08.12 10:00:46.157,2.07265,2.0731,1.00,2.70
2008.08.12 10:00:46.336,2.07265,2.0731,1.60,5.10
2008.08.12 10:00:46.678,2.0727,2.0731,3.10,2.40
2008.08.12 10:00:47.016,2.0727,2.0732,3.10,2.70
2008.08.12 10:00:48.896,2.07275,2.0732,1.00,2.70
2008.08.12 10:00:49.380,2.0728,2.0732,1.00,2.70
2008.08.12 10:00:50.324,2.0728,2.07325,1.00,7.20
2008.08.12 10:00:52.128,2.07275,2.07325,1.00,5.10
2008.08.12 10:00:52.364,2.0728,2.07325,1.00,5.10
2008.08.12 10:00:52.720,2.0728,2.07325,1.00,2.40
2008.08.12 10:00:52.786,2.0728,2.07325,1.80,2.40
2008.08.12 10:00:52.936,2.0728,2.07325,1.30,2.40
2008.08.12 10:00:53.060,2.0728,2.0733,4.40,2.00
2008.08.12 10:00:53.264,2.07285,2.0733,1.00,2.00
2008.08.12 10:00:53.739,2.07285,2.0733,3.30,2.00
2008.08.12 10:00:54.093,2.07285,2.0731,3.30,1.00
2008.08.12 10:00:54.434,2.07275,2.0731,1.60,1.00
2008.08.12 10:00:55.184,2.07275,2.0731,1.00,1.00
2008.08.12 10:00:57.080,2.0727,2.0731,2.50,1.00
2008.08.12 10:00:57.356,2.07265,2.07315,4.40,2.50
2008.08.12 10:00:57.821,2.07265,2.07305,3.10,2.50
2008.08.12 10:00:58.176,2.07255,2.07305,4.40,2.50
2008.08.12 10:00:58.356,2.07255,2.073,4.10,2.70
2008.08.12 10:00:58.536,2.07255,2.073,1.00,5.10
2008.08.12 10:00:58.876,2.0726,2.073,1.00,5.60
2008.08.12 10:00:59.216,2.0726,2.073,1.00,2.00
2008.08.12 10:00:59.556,2.0726,2.07305,1.00,7.20
2008.08.12 10:00:59.896,2.0726,2.07295,1.00,2.40
2008.08.12 10:01:00.180,2.0726,2.073,1.00,2.40
2008.08.12 10:01:00.610,2.07255,2.073,1.80,2.40
2008.08.12 10:01:00.853,2.07255,2.073,2.10,2.40
2008.08.12 10:01:01.092,2.0726,2.0731,3.20,4.70
2008.08.12 10:01:01.331,2.07265,2.0731,1.00,7.20
2008.08.12 10:01:01.572,2.07255,2.0731,4.90,7.20
2008.08.12 10:01:01.812,2.07265,2.0731,1.00,7.20
2008.08.12 10:01:02.152,2.0726,2.0731,3.90,2.00
2008.08.12 10:01:02.492,2.0726,2.07315,4.90,7.80
2008.08.12 10:01:02.832,2.0726,2.07315,4.70,7.80
2008.08.12 10:01:02.957,2.07265,2.07315,1.00,7.80
2008.08.12 10:01:03.080,2.07265,2.07315,1.00,7.80
2008.08.12 10:01:03.568,2.07265,2.07315,1.00,5.10
2008.08.12 10:01:03.694,2.07265,2.07315,3.90,2.50
2008.08.12 10:01:04.032,2.0727,2.0731,3.30,1.00
2008.08.12 10:01:04.708,2.07275,2.0731,3.10,1.00
2008.08.12 10:01:04.864,2.07265,2.07315,3.10,5.10
2008.08.12 10:01:05.336,2.07265,2.07315,3.30,5.10
2008.08.12 10:01:05.492,2.0727,2.07315,3.10,2.50
2008.08.12 10:01:05.801,2.0727,2.07315,3.10,2.00
2008.08.12 10:01:07.204,2.0727,2.0732,3.10,4.50
2008.08.12 10:01:07.807,2.0727,2.0732,3.30,2.00
2008.08.12 10:01:10.272,2.0727,2.07325,4.40,5.10
2008.08.12 10:01:10.328,2.07275,2.07325,3.10,5.10
2008.08.12 10:01:10.500,2.0728,2.07325,1.00,5.10
2008.08.12 10:01:10.784,2.0728,2.0732,4.70,1.00
2008.08.12 10:01:11.244,2.0728,2.0732,4.90,1.00
2008.08.12 10:01:11.472,2.07285,2.0732,3.10,1.00
2008.08.12 10:01:12.837,2.07285,2.07315,3.10,1.30
2008.08.12 10:01:13.152,2.07285,2.0732,3.10,4.00
2008.08.12 10:01:13.288,2.0728,2.0732,1.00,6.40
2008.08.12 10:01:13.364,2.0728,2.073,1.00,1.00
2008.08.12 10:01:13.656,2.07275,2.073,1.00,1.00
2008.08.12 10:01:14.292,2.0727,2.073,1.60,1.00
2008.08.12 10:01:14.841,2.0728,2.073,1.00,1.00
2008.08.12 10:01:15.608,2.0728,2.073,1.60,1.00
2008.08.12 10:01:16.760,2.0728,2.073,1.00,1.00
2008.08.12 10:01:16.880,2.0727,2.073,4.40,1.00
2008.08.12 10:01:17.000,2.0727,2.073,4.10,1.00
2008.08.12 10:01:17.281,2.07265,2.073,1.60,1.00
2008.08.12 10:01:17.560,2.0729,2.073,1.00,1.00
2008.08.12 10:01:17.841,2.07275,2.073,4.00,1.00
2008.08.12 10:01:18.120,2.07275,2.073,6.30,1.00
2008.08.12 10:01:18.256,2.07275,2.073,5.20,1.00
2008.08.12 10:01:18.684,2.0729,2.073,2.10,1.00
2008.08.12 10:01:18.820,2.0728,2.073,1.00,1.00
2008.08.12 10:01:19.516,2.0727,2.0731,1.00,1.00
2008.08.12 10:01:19.802,2.07265,2.07315,3.30,2.50
2008.08.12 10:01:20.106,2.0727,2.0731,3.10,2.70
2008.08.12 10:01:20.268,2.0726,2.0731,1.60,5.10
2008.08.12 10:01:20.432,2.0727,2.073,1.00,1.00
2008.08.12 10:01:20.597,2.0727,2.07305,1.00,2.90
2008.08.12 10:01:20.940,2.0727,2.073,1.00,1.00
2008.08.12 10:01:23.087,2.07275,2.073,1.00,1.00
2008.08.12 10:01:23.797,2.07275,2.073,1.60,1.00
2008.08.12 10:01:24.612,2.07275,2.073,4.70,1.00
2008.08.12 10:01:25.049,2.07275,2.073,4.10,1.00
2008.08.12 10:01:25.218,2.07275,2.073,3.10,1.00
2008.08.12 10:01:25.363,2.07275,2.073,3.60,1.00
2008.08.12 10:01:25.660,2.07275,2.073,4.70,1.00
2008.08.12 10:01:25.811,2.07275,2.073,1.60,1.00
2008.08.12 10:01:25.959,2.07275,2.073,4.70,1.00
2008.08.12 10:01:26.916,2.0728,2.073,1.00,1.00
2008.08.12 10:01:27.140,2.0728,2.0731,1.00,1.00
2008.08.12 10:01:27.577,2.0728,2.0731,1.60,1.00
2008.08.12 10:01:30.364,2.0728,2.0731,1.00,1.00
2008.08.12 10:01:30.500,2.07275,2.0731,1.00,1.00
2008.08.12 10:01:30.901,2.07275,2.0731,1.60,1.00
2008.08.12 10:01:31.039,2.0728,2.0731,1.00,1.00
2008.08.12 10:01:31.645,2.07275,2.0731,1.00,2.40
2008.08.12 10:01:33.006,2.07265,2.0731,1.00,2.40
2008.08.12 10:01:35.448,2.07265,2.07305,1.00,2.70
2008.08.12 10:01:35.780,2.07275,2.073,1.00,2.40
2008.08.12 10:01:36.092,2.07275,2.07305,1.00,2.90
2008.08.12 10:01:36.400,2.07275,2.073,1.00,1.00
2008.08.12 10:01:37.844,2.07275,2.07305,1.00,3.20
2008.08.12 10:01:37.969,2.07275,2.073,1.00,2.40
2008.08.12 10:01:38.436,2.07275,2.073,1.00,1.00
2008.08.12 10:01:39.229,2.0726,2.073,1.00,1.00
2008.08.12 10:01:39.567,2.0726,2.07305,1.60,3.20
2008.08.12 10:01:39.700,2.0726,2.07305,1.60,2.90
2008.08.12 10:01:39.823,2.0726,2.073,1.00,1.00
2008.08.12 10:01:39.943,2.0726,2.073,1.60,1.00
2008.08.12 10:01:40.063,2.0726,2.07305,1.60,2.90
2008.08.12 10:01:40.531,2.0726,2.07305,1.60,5.60
2008.08.12 10:01:40.651,2.0726,2.0729,1.60,1.00
2008.08.12 10:01:40.813,2.07255,2.0729,1.00,1.00
2008.08.12 10:01:42.121,2.0725,2.0729,1.60,1.00
2008.08.12 10:01:43.002,2.07255,2.0729,1.00,1.00
2008.08.12 10:01:45.044,2.07255,2.073,1.00,5.10
2008.08.12 10:01:45.298,2.07255,2.073,1.00,2.40
2008.08.12 10:01:45.456,2.07255,2.07305,1.00,5.60
2008.08.12 10:01:45.612,2.0726,2.07305,1.00,5.60
2008.08.12 10:01:45.692,2.0726,2.07305,1.60,5.60
2008.08.12 10:01:51.941,2.07255,2.07305,1.00,5.10
2008.08.12 10:01:52.275,2.0725,2.0729,4.10,3.20
2008.08.12 10:01:52.612,2.0725,2.0729,1.00,1.00
2008.08.12 10:01:54.516,2.0725,2.0729,1.30,1.00
2008.08.12 10:01:54.727,2.07255,2.0729,1.00,1.00
2008.08.12 10:01:55.147,2.0725,2.0729,3.10,1.00
2008.08.12 10:01:55.789,2.0725,2.0729,1.00,1.00
2008.08.12 10:01:56.419,2.0725,2.0729,1.00,1.00
2008.08.12 10:01:56.625,2.07245,2.0729,4.40,1.00
2008.08.12 10:01:56.964,2.07245,2.07295,4.10,3.20
2008.08.12 10:01:57.304,2.07245,2.07295,1.00,5.60
2008.08.12 10:01:58.807,2.07245,2.0729,1.00,2.40
2008.08.12 10:02:00.792,2.07245,2.0729,1.00,3.60
2008.08.12 10:02:00.952,2.07255,2.0729,1.00,3.60
2008.08.12 10:02:01.267,2.0726,2.0729,1.00,2.40
2008.08.12 10:02:01.427,2.07265,2.0729,1.00,1.00
2008.08.12 10:02:02.416,2.0727,2.073,1.00,2.40
2008.08.12 10:02:03.079,2.0727,2.07305,1.00,2.90
2008.08.12 10:02:03.867,2.0727,2.07305,1.60,2.90
2008.08.12 10:02:04.605,2.07275,2.07305,1.00,2.90
2008.08.12 10:02:04.853,2.07275,2.073,1.00,1.00
2008.08.12 10:02:05.528,2.07275,2.073,4.30,1.00
2008.08.12 10:02:05.709,2.07275,2.073,1.00,1.00
2008.08.12 10:02:06.691,2.0729,2.07315,1.00,5.60
2008.08.12 10:02:07.212,2.07295,2.07315,1.00,2.90
2008.08.12 10:02:07.552,2.073,2.0731,3.10,1.00
2008.08.12 10:02:07.892,2.07295,2.0731,3.30,1.00
2008.08.12 10:02:08.816,2.07295,2.0731,3.10,1.00
2008.08.12 10:02:09.068,2.0729,2.0731,3.60,1.00
2008.08.12 10:02:09.275,2.0729,2.0731,1.00,1.00
2008.08.12 10:02:10.615,2.0729,2.0732,1.00,1.00
2008.08.12 10:02:11.486,2.07295,2.0732,1.00,1.00
2008.08.12 10:02:11.719,2.073,2.0732,1.00,1.00
2008.08.12 10:02:12.155,2.07295,2.0732,1.00,1.00
2008.08.12 10:02:12.479,2.073,2.0732,1.00,1.00
2008.08.12 10:02:12.804,2.073,2.0732,1.00,1.00
2008.08.12 10:02:13.950,2.07295,2.0732,1.00,1.00
2008.08.12 10:02:15.933,2.073,2.0732,1.00,1.00
2008.08.12 10:02:16.080,2.073,2.0732,1.60,1.00
2008.08.12 10:02:16.576,2.073,2.0732,1.00,1.00
2008.08.12 10:02:17.507,2.073,2.0733,1.00,1.00
2008.08.12 10:02:18.032,2.073,2.0733,1.80,1.00
2008.08.12 10:02:18.292,2.073,2.0733,4.90,1.00
2008.08.12 10:02:18.607,2.073,2.0733,4.70,1.00
2008.08.12 10:02:18.923,2.073,2.0733,1.60,1.00
2008.08.12 10:02:19.240,2.073,2.0733,1.00,1.00
2008.08.12 10:02:20.135,2.073,2.07335,1.00,2.90
2008.08.12 10:02:20.283,2.07295,2.07335,1.00,2.90
2008.08.12 10:02:23.682,2.073,2.07335,1.00,5.60
2008.08.12 10:02:23.914,2.073,2.07335,3.20,5.60
2008.08.12 10:02:24.140,2.073,2.07335,1.40,2.90
2008.08.12 10:02:24.369,2.0731,2.0733,1.00,1.00
2008.08.12 10:02:24.580,2.07315,2.0733,1.00,1.00
2008.08.12 10:02:25.196,2.0731,2.0733,1.00,1.00
2008.08.12 10:02:25.405,2.073,2.0733,3.60,1.00
2008.08.12 10:02:25.610,2.073,2.0733,3.10,1.00
2008.08.12 10:02:25.713,2.07315,2.0733,1.00,1.00
2008.08.12 10:02:26.015,2.07305,2.0733,1.60,1.00
2008.08.12 10:02:26.120,2.07305,2.0733,1.80,1.00
2008.08.12 10:02:26.327,2.073,2.0733,5.40,1.00
2008.08.12 10:02:26.431,2.0731,2.0733,1.00,1.00
2008.08.12 10:02:26.995,2.07315,2.0733,1.00,1.00
2008.08.12 10:02:27.279,2.0731,2.0733,2.00,1.00
2008.08.12 10:02:27.564,2.07325,2.0733,1.00,1.00
2008.08.12 10:02:27.849,2.0731,2.0733,2.80,1.00
2008.08.12 10:02:28.066,2.07315,2.0733,3.10,1.00
2008.08.12 10:02:28.280,2.07305,2.0733,1.00,1.00
2008.08.12 10:02:28.707,2.0731,2.0733,1.00,1.00
2008.08.12 10:02:29.322,2.0731,2.0735,1.00,1.00
2008.08.12 10:02:29.759,2.07315,2.0735,1.00,1.00
2008.08.12 10:02:30.043,2.07325,2.0735,1.00,1.00
2008.08.12 10:02:30.449,2.07315,2.0735,1.80,1.00
2008.08.12 10:02:30.583,2.07315,2.0735,1.60,1.00
2008.08.12 10:02:30.944,2.07315,2.0735,1.00,1.00
2008.08.12 10:02:33.631,2.07315,2.07355,1.00,3.20
2008.08.12 10:02:33.835,2.07315,2.07355,1.00,5.60
2008.08.12 10:02:34.559,2.07315,2.07355,1.00,2.90
2008.08.12 10:02:34.948,2.0731,2.07345,1.00,2.70
2008.08.12 10:02:35.013,2.0731,2.07345,1.00,5.10
2008.08.12 10:02:35.338,2.073,2.07345,1.60,5.10
2008.08.12 10:02:35.645,2.073,2.07345,1.00,5.10
2008.08.12 10:02:36.067,2.07295,2.0734,1.00,2.70
2008.08.12 10:02:36.251,2.07295,2.0734,1.60,5.10
2008.08.12 10:02:40.869,2.07305,2.0734,1.00,5.10
2008.08.12 10:02:41.108,2.073,2.0734,1.60,2.40
2008.08.12 10:02:41.339,2.07305,2.07345,1.00,2.40
2008.08.12 10:02:41.515,2.07305,2.0734,1.00,1.00
2008.08.12 10:02:41.575,2.073,2.0734,1.60,1.00
2008.08.12 10:02:42.150,2.07305,2.0734,1.00,1.00
2008.08.12 10:02:43.158,2.07305,2.07355,1.00,6.40
2008.08.12 10:02:43.596,2.07305,2.07355,1.60,6.40
2008.08.12 10:02:43.706,2.07305,2.07355,1.60,4.30
2008.08.12 10:02:48.621,2.07305,2.07355,1.00,4.30
2008.08.12 10:02:51.816,2.07305,2.07355,1.00,2.90
2008.08.12 10:02:52.032,2.07305,2.07355,1.00,5.60
2008.08.12 10:02:55.653,2.07305,2.0735,1.00,2.40
2008.08.12 10:03:00.524,2.073,2.0735,4.70,2.40
2008.08.12 10:03:00.687,2.073,2.0735,1.00,2.40
2008.08.12 10:03:00.920,2.073,2.0734,1.00,1.00
2008.08.12 10:03:01.000,2.07295,2.0734,3.30,1.00
2008.08.12 10:03:01.576,2.07295,2.0734,3.10,2.70
2008.08.12 10:03:01.915,2.073,2.0734,1.00,5.10
2008.08.12 10:03:02.591,2.073,2.07335,1.00,2.40
2008.08.12 10:03:02.820,2.07315,2.07335,1.60,2.40
2008.08.12 10:03:03.049,2.07335,2.07355,1.00,4.40
2008.08.12 10:03:03.277,2.07335,2.0735,1.00,2.40
2008.08.12 10:03:03.504,2.07345,2.0735,1.00,2.40
2008.08.12 10:03:03.971,2.07345,2.07395,1.00,2.90
2008.08.12 10:03:04.440,2.07345,2.07395,1.00,3.20
2008.08.12 10:03:04.601,2.07345,2.07395,1.00,5.60
2008.08.12 10:03:05.943,2.07345,2.07385,1.00,5.10
2008.08.12 10:03:06.060,2.07345,2.07385,1.00,5.60
2008.08.12 10:03:06.243,2.0734,2.07385,1.00,5.60
2008.08.12 10:03:06.359,2.0734,2.07375,1.00,1.30
2008.08.12 10:03:06.475,2.0734,2.0738,1.00,4.00
2008.08.12 10:03:06.591,2.0734,2.0737,1.00,2.70
2008.08.12 10:03:06.783,2.0733,2.0737,1.00,5.10
2008.08.12 10:03:06.843,2.0733,2.0737,1.60,5.10
2008.08.12 10:03:07.855,2.0733,2.0738,1.60,5.10
2008.08.12 10:03:08.429,2.0733,2.0738,1.60,2.40
2008.08.12 10:03:08.761,2.0733,2.0737,1.60,1.00
2008.08.12 10:03:08.827,2.0733,2.0737,4.70,1.00
2008.08.12 10:03:09.095,2.0733,2.0737,1.00,1.00
2008.08.12 10:03:09.309,2.0733,2.0737,1.00,1.80
2008.08.12 10:03:09.511,2.0733,2.0738,1.00,6.30
2008.08.12 10:03:09.715,2.0733,2.07375,1.00,5.60
2008.08.12 10:03:09.919,2.07325,2.0737,1.60,2.40
2008.08.12 10:03:10.308,2.07325,2.0737,1.00,2.40
2008.08.12 10:03:10.435,2.0732,2.0737,3.10,4.50
2008.08.12 10:03:10.688,2.0733,2.0737,1.00,4.50
2008.08.12 10:03:10.815,2.0733,2.07365,1.00,2.40
2008.08.12 10:03:10.943,2.0733,2.07365,1.00,4.50
2008.08.12 10:03:11.131,2.07315,2.0736,3.30,1.00
2008.08.12 10:03:11.319,2.0732,2.0736,3.10,1.00
2008.08.12 10:03:11.691,2.07315,2.0736,3.30,3.20
2008.08.12 10:03:12.065,2.07315,2.0736,3.10,3.20
2008.08.12 10:03:12.403,2.07315,2.0735,3.10,2.00
2008.08.12 10:03:12.744,2.0732,2.0735,1.00,2.00
2008.08.12 10:03:13.631,2.0733,2.0735,1.00,2.00
2008.08.12 10:03:14.057,2.0732,2.0735,1.00,2.00
2008.08.12 10:03:14.275,2.0732,2.0735,1.00,3.20
2008.08.12 10:03:14.483,2.0732,2.0735,1.00,1.00
2008.08.12 10:03:14.895,2.07315,2.0735,3.10,1.00
2008.08.12 10:03:15.103,2.0732,2.0735,1.00,1.00
2008.08.12 10:03:15.247,2.0732,2.0735,1.00,1.00
2008.08.12 10:03:15.391,2.0732,2.0735,1.00,1.00
2008.08.12 10:03:15.676,2.0732,2.0736,1.60,2.40
2008.08.12 10:03:15.959,2.07325,2.0736,1.00,2.40
2008.08.12 10:03:16.103,2.0733,2.0736,1.00,2.40
2008.08.12 10:03:16.327,2.0734,2.07375,1.00,5.60
2008.08.12 10:03:16.551,2.0733,2.07375,1.80,5.60
2008.08.12 10:03:16.783,2.0733,2.0736,1.60,1.00
2008.08.12 10:03:17.008,2.0732,2.0736,4.70,1.00
2008.08.12 10:03:18.355,2.0732,2.0736,1.60,1.00
2008.08.12 10:03:18.891,2.07335,2.0736,3.20,1.00
2008.08.12 10:03:19.011,2.0735,2.0737,1.60,5.10
2008.08.12 10:03:19.247,2.0735,2.0737,1.60,2.40
2008.08.12 10:03:19.705,2.07355,2.0738,1.00,1.00
2008.08.12 10:03:20.444,2.0736,2.0738,1.00,1.00
2008.08.12 10:03:20.707,2.07355,2.0738,1.00,1.00
2008.08.12 10:03:20.904,2.07365,2.0738,1.00,1.00
2008.08.12 10:03:21.443,2.0736,2.0738,1.60,1.00
2008.08.12 10:03:22.291,2.07365,2.0738,1.00,1.00
2008.08.12 10:03:23.416,2.0736,2.0738,1.60,1.00
2008.08.12 10:03:23.555,2.0736,2.0738,1.00,1.00
2008.08.12 10:03:24.211,2.07355,2.0738,1.60,1.00
2008.08.12 10:03:29.595,2.07355,2.0738,1.00,1.00
2008.08.12 10:03:29.711,2.0735,2.0738,3.10,1.00
2008.08.12 10:03:29.941,2.0735,2.07375,3.10,2.00
2008.08.12 10:03:30.057,2.0735,2.0736,3.10,1.00
2008.08.12 10:03:30.284,2.07335,2.0736,3.10,1.00
2008.08.12 10:03:30.887,2.07325,2.0736,1.00,1.00
2008.08.12 10:03:31.023,2.07325,2.0736,1.00,1.00
2008.08.12 10:03:31.159,2.07325,2.0736,1.00,2.70
2008.08.12 10:03:31.295,2.0732,2.0736,1.00,5.10
2008.08.12 10:03:31.494,2.0732,2.0736,1.00,5.10
2008.08.12 10:03:32.534,2.07325,2.07355,1.00,2.90
2008.08.12 10:03:33.091,2.07325,2.0735,1.00,1.00
2008.08.12 10:03:33.359,2.07325,2.07365,1.00,4.30
2008.08.12 10:03:38.931,2.07315,2.07365,4.90,4.30
2008.08.12 10:03:39.136,2.07315,2.0735,4.70,1.00
2008.08.12 10:03:39.459,2.0731,2.0735,1.00,1.00
2008.08.12 10:03:39.943,2.07305,2.0735,1.60,1.00
2008.08.12 10:03:46.887,2.07305,2.0735,1.60,3.70
2008.08.12 10:03:48.167,2.07305,2.07345,1.60,1.30
2008.08.12 10:03:48.228,2.07305,2.07355,1.60,7.00
2008.08.12 10:03:48.583,2.07305,2.07355,1.60,4.30
2008.08.12 10:03:48.647,2.07305,2.07355,4.70,4.30
2008.08.12 10:03:50.631,2.07305,2.07355,4.70,3.70
2008.08.12 10:03:50.787,2.07305,2.07355,4.70,2.40
2008.08.12 10:03:50.887,2.07305,2.0735,1.60,2.40
2008.08.12 10:03:51.628,2.07305,2.07355,1.60,5.10
2008.08.12 10:03:52.018,2.07305,2.0735,1.60,2.40
2008.08.12 10:03:52.212,2.0731,2.0735,1.00,2.40
2008.08.12 10:03:52.467,2.07305,2.0735,1.00,2.40
2008.08.12 10:03:52.975,2.07305,2.0736,4.10,8.30
2008.08.12 10:03:53.231,2.07305,2.0735,1.00,5.10
2008.08.12 10:03:53.799,2.07305,2.0735,1.00,2.40
2008.08.12 10:03:54.115,2.07305,2.07345,1.00,2.40
2008.08.12 10:03:54.547,2.07305,2.0735,1.00,2.40
2008.08.12 10:03:55.103,2.07315,2.0735,1.00,2.40
2008.08.12 10:03:55.379,2.07305,2.0735,1.60,2.40
2008.08.12 10:03:56.183,2.0731,2.0735,1.00,2.40
2008.08.12 10:03:56.272,2.07315,2.0735,1.00,2.40
2008.08.12 10:03:56.735,2.07325,2.0735,1.00,1.00
2008.08.12 10:03:57.035,2.07325,2.07365,1.00,5.60
2008.08.12 10:03:57.335,2.0733,2.07365,1.00,5.60
2008.08.12 10:03:57.635,2.07325,2.07365,1.30,2.90
2008.08.12 10:03:57.855,2.07325,2.0736,1.30,1.00
2008.08.12 10:03:58.090,2.07325,2.0736,1.00,1.00
2008.08.12 10:03:59.257,2.07325,2.07375,1.00,5.60
2008.08.12 10:03:59.455,2.0734,2.07375,3.20,5.60
2008.08.12 10:03:59.656,2.0734,2.07375,1.00,2.90
2008.08.12 10:03:59.791,2.0734,2.0737,1.00,1.00
2008.08.12 10:04:00.059,2.0734,2.0737,1.80,1.00
2008.08.12 10:04:00.195,2.0735,2.0737,3.20,1.00
2008.08.12 10:04:00.463,2.07345,2.07375,1.00,2.90
2008.08.12 10:04:00.599,2.07345,2.07375,1.00,2.40
2008.08.12 10:04:00.875,2.0735,2.07375,1.00,2.40
2008.08.12 10:04:01.423,2.0734,2.07385,2.20,5.60
2008.08.12 10:04:01.699,2.07335,2.07385,1.60,5.60
2008.08.12 10:04:01.915,2.0734,2.07385,1.00,5.60
2008.08.12 10:04:02.343,2.0734,2.0737,1.00,2.70
2008.08.12 10:04:02.771,2.0734,2.0737,2.00,5.10
2008.08.12 10:04:03.095,2.0734,2.0738,2.00,5.10
2008.08.12 10:04:03.419,2.0734,2.0738,1.00,5.10
2008.08.12 10:04:04.647,2.0734,2.0738,1.00,5.10
2008.08.12 10:04:04.928,2.0734,2.0737,1.00,2.70
2008.08.12 10:04:05.067,2.0734,2.0737,1.00,5.10
2008.08.12 10:04:07.616,2.0735,2.0737,1.00,5.10
2008.08.12 10:04:08.285,2.0735,2.0737,1.00,2.40
2008.08.12 10:04:08.584,2.0735,2.0738,1.00,2.40
2008.08.12 10:04:08.886,2.0735,2.07385,1.00,5.10
2008.08.12 10:04:09.899,2.0735,2.0738,1.00,2.70
2008.08.12 10:04:10.188,2.0735,2.0738,1.00,5.10
2008.08.12 10:04:13.693,2.0735,2.07375,1.00,2.70
2008.08.12 10:04:14.015,2.0735,2.07375,1.00,2.40
2008.08.12 10:04:14.339,2.0735,2.0738,1.00,5.10
2008.08.12 10:04:16.177,2.0735,2.07375,1.00,2.40
2008.08.12 10:04:17.403,2.0735,2.0738,1.00,5.10
2008.08.12 10:04:18.175,2.0735,2.07375,1.00,5.10
2008.08.12 10:04:18.564,2.0735,2.07375,1.00,2.40
2008.08.12 10:04:18.743,2.0735,2.0738,1.00,5.10
2008.08.12 10:04:19.847,2.0736,2.0738,1.00,5.10
2008.08.12 10:04:20.489,2.07375,2.0738,1.00,5.10
2008.08.12 10:04:20.703,2.07375,2.074,1.00,5.10
2008.08.12 10:04:20.995,2.07375,2.07405,1.00,2.90
2008.08.12 10:04:21.095,2.0738,2.07405,1.00,2.90
2008.08.12 10:04:21.291,2.07385,2.074,1.00,1.00
2008.08.12 10:04:21.391,2.07385,2.0741,1.00,1.00
2008.08.12 10:04:21.587,2.07395,2.07425,1.00,2.40
2008.08.12 10:04:21.699,2.07395,2.07425,1.00,2.90
2008.08.12 10:04:22.035,2.07405,2.0743,1.00,2.40
2008.08.12 10:04:22.371,2.07405,2.0743,1.60,2.40
2008.08.12 10:04:22.709,2.0742,2.0743,1.00,2.40
2008.08.12 10:04:22.953,2.0742,2.0743,1.00,1.00
2008.08.12 10:04:23.197,2.0742,2.0744,1.00,1.00
2008.08.12 10:04:23.439,2.0742,2.0744,2.50,1.00
2008.08.12 10:04:23.976,2.0741,2.0744,2.50,1.00
2008.08.12 10:04:24.565,2.0741,2.0744,1.00,1.00
2008.08.12 10:04:24.859,2.07405,2.0743,1.00,1.00
2008.08.12 10:04:25.015,2.07405,2.07445,1.00,2.90
2008.08.12 10:04:25.171,2.07405,2.0744,1.00,2.70
2008.08.12 10:04:25.327,2.07405,2.0744,1.00,5.10
2008.08.12 10:04:25.635,2.074,2.0743,2.50,1.00
2008.08.12 10:04:25.977,2.074,2.07445,2.50,8.90
2008.08.12 10:04:26.163,2.07395,2.0743,1.00,1.00
2008.08.12 10:04:26.547,2.07395,2.07435,1.00,3.20
2008.08.12 10:04:26.735,2.07395,2.07435,1.00,5.60
2008.08.12 10:04:27.507,2.0739,2.07435,2.50,5.60
2008.08.12 10:04:28.268,2.0739,2.07435,2.50,5.10
2008.08.12 10:04:28.443,2.0739,2.07435,1.40,5.60
2008.08.12 10:04:29.355,2.0739,2.07435,1.40,2.90
2008.08.12 10:04:29.555,2.0739,2.0743,1.40,1.00
2008.08.12 10:04:29.755,2.0739,2.07435,1.40,5.60
2008.08.12 10:04:31.613,2.07395,2.07435,1.00,5.60
2008.08.12 10:04:31.672,2.07395,2.07435,1.00,3.20
2008.08.12 10:04:31.731,2.07395,2.0743,1.00,1.00
2008.08.12 10:04:33.050,2.074,2.0743,1.00,1.00
2008.08.12 10:04:33.231,2.074,2.0743,3.10,1.00
2008.08.12 10:04:33.775,2.07405,2.0743,1.00,1.00
2008.08.12 10:04:36.117,2.0741,2.0743,1.00,1.00
2008.08.12 10:04:36.224,2.0741,2.0743,1.60,1.00
2008.08.12 10:04:36.559,2.0741,2.0743,1.00,1.00
2008.08.12 10:04:36.821,2.0741,2.0742,1.00,1.00
2008.08.12 10:04:37.335,2.07405,2.0742,1.00,1.00
2008.08.12 10:04:39.502,2.07405,2.0743,1.00,1.00
2008.08.12 10:04:40.766,2.074,2.0743,2.00,1.00
2008.08.12 10:04:41.491,2.074,2.0743,1.00,2.00
2008.08.12 10:04:41.761,2.0739,2.0743,3.30,2.00
2008.08.12 10:04:42.027,2.0738,2.0742,1.00,5.10
2008.08.12 10:04:42.310,2.07365,2.07405,10.60,4.70
2008.08.12 10:04:42.579,2.0737,2.07405,9.70,7.20
2008.08.12 10:04:42.795,2.0737,2.07395,9.70,2.00
2008.08.12 10:04:43.013,2.0737,2.07395,9.70,4.70
2008.08.12 10:04:43.229,2.0737,2.07395,7.50,4.70
2008.08.12 10:04:43.443,2.0737,2.0739,7.50,2.40
2008.08.12 10:04:43.995,2.0737,2.0739,1.00,2.40
2008.08.12 10:04:44.336,2.0735,2.07385,2.10,2.70
2008.08.12 10:04:44.675,2.0735,2.0737,2.10,2.70
2008.08.12 10:04:44.779,2.0735,2.0738,1.00,2.70
2008.08.12 10:04:44.883,2.0735,2.0737,1.00,2.40
2008.08.12 10:04:44.987,2.0735,2.0738,1.00,5.10
2008.08.12 10:04:45.603,2.0735,2.0737,1.00,2.70
2008.08.12 10:04:45.933,2.0735,2.0737,1.00,5.10
2008.08.12 10:04:46.164,2.0735,2.0737,1.00,2.40
2008.08.12 10:04:46.392,2.07315,2.0737,8.70,2.00
2008.08.12 10:04:46.621,2.07315,2.0736,8.50,2.70
2008.08.12 10:04:46.849,2.0732,2.0736,1.00,2.70
2008.08.12 10:04:47.189,2.0732,2.0736,1.00,5.10
2008.08.12 10:04:47.527,2.0733,2.0735,1.00,2.70
2008.08.12 10:04:48.157,2.07315,2.0735,2.70,2.70
2008.08.12 10:04:48.309,2.07315,2.07345,2.70,2.70
2008.08.12 10:04:48.451,2.07315,2.07345,1.00,2.70
2008.08.12 10:04:48.599,2.0731,2.07345,1.00,5.10
2008.08.12 10:04:49.092,2.07305,2.07355,4.00,5.10
2008.08.12 10:04:49.432,2.07305,2.07345,3.50,2.70
2008.08.12 10:04:49.771,2.07305,2.0734,3.50,5.10
2008.08.12 10:04:50.103,2.07305,2.0734,1.30,5.10
2008.08.12 10:04:52.084,2.07305,2.0734,1.80,5.10
2008.08.12 10:04:52.379,2.0731,2.0734,1.00,5.10
2008.08.12 10:04:52.984,2.07315,2.07345,1.30,5.10
2008.08.12 10:04:53.291,2.07325,2.07345,1.00,5.10
2008.08.12 10:04:53.599,2.07325,2.0735,1.00,2.40
2008.08.12 10:04:53.907,2.0733,2.0736,1.00,5.10
2008.08.12 10:04:54.140,2.07325,2.0736,1.00,5.10
2008.08.12 10:04:54.604,2.0732,2.0736,1.60,5.10
2008.08.12 10:04:54.827,2.0732,2.07355,1.00,2.40
2008.08.12 10:04:55.051,2.0732,2.07345,1.00,2.40
2008.08.12 10:04:55.415,2.07315,2.07355,1.80,2.40
2008.08.12 10:04:56.028,2.07315,2.07355,1.60,2.40
2008.08.12 10:04:56.155,2.07315,2.07355,1.60,2.90
2008.08.12 10:04:56.283,2.07315,2.07355,1.00,6.20
2008.08.12 10:04:56.411,2.0731,2.07345,1.00,2.40
2008.08.12 10:04:57.767,2.0731,2.07345,1.30,2.40
2008.08.12 10:04:58.312,2.0731,2.0735,1.30,5.10
2008.08.12 10:04:58.723,2.0731,2.0735,1.00,5.10
2008.08.12 10:05:00.780,2.0731,2.0735,1.60,5.10
2008.08.12 10:05:01.015,2.0731,2.0735,3.10,5.10
2008.08.12 10:05:01.252,2.07315,2.07345,1.00,2.40
2008.08.12 10:05:01.919,2.0731,2.07345,1.00,2.70
2008.08.12 10:05:02.143,2.0731,2.07345,1.60,2.70
2008.08.12 10:05:02.367,2.0731,2.07345,1.60,5.10
2008.08.12 10:05:02.707,2.0732,2.0735,1.00,2.40
2008.08.12 10:05:03.047,2.0732,2.07355,1.00,5.10
2008.08.12 10:05:03.387,2.07315,2.07355,1.00,5.10
2008.08.12 10:05:03.607,2.07315,2.07355,1.00,5.10
2008.08.12 10:05:03.827,2.07315,2.0735,1.00,2.70
2008.08.12 10:05:04.047,2.07315,2.0735,1.00,5.10
2008.08.12 10:05:04.267,2.0731,2.0735,1.60,5.10
2008.08.12 10:05:04.751,2.0731,2.0735,1.00,5.10
2008.08.12 10:05:04.994,2.0731,2.0735,1.00,5.10
2008.08.12 10:05:05.240,2.0731,2.07355,1.00,5.10
2008.08.12 10:05:06.139,2.0731,2.07355,1.00,4.50
2008.08.12 10:05:06.395,2.0732,2.07355,1.00,4.50
2008.08.12 10:05:06.555,2.0732,2.07355,1.00,2.40
2008.08.12 10:05:06.692,2.07315,2.07355,1.00,2.40
2008.08.12 10:05:06.915,2.07315,2.07355,1.00,2.40
2008.08.12 10:05:06.963,2.07315,2.0736,1.00,2.00
2008.08.12 10:05:07.147,2.0731,2.0736,4.10,2.00
2008.08.12 10:05:07.199,2.0731,2.07355,3.10,2.00
2008.08.12 10:05:07.658,2.07315,2.07365,1.00,9.10
2008.08.12 10:05:07.934,2.0731,2.0735,1.00,2.40
2008.08.12 10:05:08.200,2.0732,2.0736,1.00,3.30
2008.08.12 10:05:08.480,2.0732,2.0735,1.00,2.70
2008.08.12 10:05:08.709,2.0732,2.07365,1.00,9.10
2008.08.12 10:05:10.292,2.0732,2.07365,1.00,7.80
2008.08.12 10:05:10.809,2.0732,2.07365,1.00,9.10
2008.08.12 10:05:11.559,2.07315,2.07365,1.00,9.10
2008.08.12 10:05:11.802,2.07315,2.07365,1.00,9.10
2008.08.12 10:05:12.111,2.0731,2.07365,4.70,9.10
2008.08.12 10:05:12.299,2.0731,2.0736,4.70,2.70
2008.08.12 10:05:12.487,2.0731,2.0736,4.10,2.70
2008.08.12 10:05:12.675,2.0731,2.0736,1.00,2.40
2008.08.12 10:05:12.863,2.0731,2.07355,4.40,2.00
2008.08.12 10:05:13.063,2.0732,2.0736,1.00,2.50
2008.08.12 10:05:13.263,2.0732,2.07355,1.00,2.40
2008.08.12 10:05:13.855,2.0733,2.07365,1.00,2.50
2008.08.12 10:05:14.071,2.0733,2.0736,1.00,1.00
2008.08.12 10:05:14.287,2.07325,2.0736,1.00,1.00
2008.08.12 10:05:14.503,2.07325,2.07365,1.00,3.20
2008.08.12 10:05:14.719,2.07325,2.07365,1.00,4.50
2008.08.12 10:05:14.935,2.07325,2.07365,1.00,7.00
2008.08.12 10:05:15.090,2.07325,2.0736,1.00,2.70
2008.08.12 10:05:15.246,2.07325,2.0736,1.00,5.10
2008.08.12 10:05:15.406,2.0732,2.0736,1.00,5.10
2008.08.12 10:05:15.562,2.07315,2.0736,1.80,5.10
2008.08.12 10:05:15.715,2.07315,2.0736,1.60,5.10
2008.08.12 10:05:22.543,2.07305,2.0736,5.20,5.10
2008.08.12 10:05:22.650,2.07305,2.0736,5.20,7.20
2008.08.12 10:05:22.758,2.0731,2.0736,1.00,7.20
2008.08.12 10:05:23.235,2.0731,2.07355,1.00,2.40
2008.08.12 10:05:23.559,2.07305,2.07355,1.60,2.40
2008.08.12 10:05:24.042,2.07305,2.07355,1.60,4.50
2008.08.12 10:05:24.369,2.07305,2.07355,1.00,4.50
2008.08.12 10:05:24.531,2.0731,2.0735,1.00,2.70
2008.08.12 10:05:24.706,2.0731,2.0735,1.00,5.10
2008.08.12 10:05:24.871,2.0731,2.0735,1.00,2.40
2008.08.12 10:05:25.035,2.07305,2.07355,4.70,4.50
2008.08.12 10:05:25.332,2.0731,2.07355,1.00,4.50
2008.08.12 10:05:28.203,2.0731,2.07355,1.60,2.40
2008.08.12 10:05:31.074,2.0731,2.07355,1.60,5.10
2008.08.12 10:05:31.303,2.0731,2.07355,1.00,5.10
2008.08.12 10:05:31.535,2.0731,2.07355,1.00,7.20
2008.08.12 10:05:32.393,2.07305,2.07355,1.00,7.80
2008.08.12 10:05:34.130,2.073,2.07355,1.80,7.80
2008.08.12 10:05:35.013,2.0731,2.07355,1.00,7.80
2008.08.12 10:05:35.079,2.0731,2.07355,1.60,5.60
2008.08.12 10:05:35.298,2.0731,2.07355,1.00,5.60
2008.08.12 10:05:35.366,2.073,2.07355,2.10,7.80
2008.08.12 10:05:35.499,2.073,2.07355,1.80,7.80
2008.08.12 10:05:36.104,2.073,2.07355,1.80,5.10
2008.08.12 10:05:36.322,2.073,2.07355,4.90,5.10
2008.08.12 10:05:36.543,2.07305,2.07355,1.60,2.90
2008.08.12 10:05:38.404,2.07305,2.07355,1.60,5.60
2008.08.12 10:05:40.246,2.07305,2.07355,1.60,2.90
2008.08.12 10:05:43.299,2.0732,2.07355,1.00,2.90
2008.08.12 10:05:44.210,2.0732,2.07355,1.60,2.90
2008.08.12 10:05:44.481,2.07325,2.0735,1.60,1.00
2008.08.12 10:05:51.828,2.07325,2.0735,1.00,1.00
2008.08.12 10:05:52.183,2.07315,2.0735,1.60,1.00
2008.08.12 10:05:52.759,2.0732,2.0735,1.00,1.00
2008.08.12 10:05:54.058,2.07325,2.0735,1.00,1.00
2008.08.12 10:05:54.911,2.0733,2.0735,1.60,1.00
2008.08.12 10:05:55.236,2.07335,2.0735,1.00,1.00
2008.08.12 10:05:56.471,2.07345,2.0735,1.00,1.00
2008.08.12 10:05:56.731,2.07345,2.0736,3.60,1.00
2008.08.12 10:05:56.991,2.07355,2.0736,1.00,1.00
2008.08.12 10:05:57.251,2.07345,2.0736,2.10,1.00
2008.08.12 10:05:57.512,2.07345,2.0736,4.90,1.00
2008.08.12 10:05:57.799,2.07345,2.0737,1.60,1.00
2008.08.12 10:05:58.087,2.07345,2.0736,1.60,1.00
2008.08.12 10:05:58.959,2.07355,2.0736,1.00,1.00
2008.08.12 10:05:59.547,2.0735,2.0736,1.00,1.00
2008.08.12 10:06:00.075,2.07345,2.0736,1.60,1.00
2008.08.12 10:06:00.311,2.0735,2.0736,1.60,1.00
2008.08.12 10:06:00.546,2.0735,2.0736,1.00,1.00
2008.08.12 10:06:00.971,2.0735,2.0736,4.10,1.00
2008.08.12 10:06:01.505,2.0735,2.0736,3.10,1.00
2008.08.12 10:06:01.684,2.07345,2.0735,1.00,1.00
2008.08.12 10:06:01.969,2.07335,2.0735,2.10,1.00
2008.08.12 10:06:02.251,2.07335,2.0736,2.10,1.00
2008.08.12 10:06:02.547,2.07335,2.0735,2.10,1.00
2008.08.12 10:06:02.831,2.07335,2.0735,5.20,1.00
2008.08.12 10:06:03.039,2.07335,2.0736,5.20,1.00
2008.08.12 10:06:03.656,2.07335,2.0736,2.10,1.00
2008.08.12 10:06:07.903,2.0734,2.07375,1.00,2.90
2008.08.12 10:06:08.934,2.0734,2.07375,1.00,2.40
2008.08.12 10:06:09.610,2.0734,2.0738,1.00,7.20
2008.08.12 10:06:09.951,2.0734,2.0738,1.60,7.20
2008.08.12 10:06:10.514,2.0734,2.0738,1.60,4.50
2008.08.12 10:06:10.799,2.0734,2.0738,1.60,2.00
2008.08.12 10:06:11.250,2.0734,2.07385,1.60,5.60
2008.08.12 10:06:12.005,2.0734,2.07385,1.60,5.10
2008.08.12 10:06:12.250,2.0734,2.07385,1.60,5.60
2008.08.12 10:06:12.498,2.0734,2.07385,1.60,7.00
2008.08.12 10:06:12.746,2.0734,2.0738,1.60,2.70
2008.08.12 10:06:12.994,2.0734,2.0738,1.60,5.10
2008.08.12 10:06:13.511,2.0734,2.0737,1.00,1.00
2008.08.12 10:06:13.772,2.0734,2.07375,1.00,2.90
2008.08.12 10:06:18.937,2.07335,2.07375,1.00,2.90
2008.08.12 10:06:19.558,2.07335,2.0737,1.00,1.00
2008.08.12 10:06:20.460,2.07335,2.07385,1.00,9.10
2008.08.12 10:06:20.687,2.07335,2.07385,1.60,5.60
2008.08.12 10:06:21.139,2.07335,2.0737,1.60,1.00
2008.08.12 10:06:21.846,2.07335,2.0737,4.70,1.00
2008.08.12 10:06:22.058,2.07335,2.0737,1.60,1.00
2008.08.12 10:06:22.622,2.07345,2.0737,1.00,1.00
2008.08.12 10:06:24.578,2.07335,2.0737,1.80,1.00
2008.08.12 10:06:25.034,2.07335,2.0737,1.80,1.00
2008.08.12 10:06:25.247,2.07335,2.0737,4.70,1.00
2008.08.12 10:06:25.674,2.07335,2.0737,1.60,1.00
2008.08.12 10:06:29.043,2.07335,2.0737,1.00,1.00
2008.08.12 10:06:29.562,2.07335,2.0737,1.60,1.00
2008.08.12 10:06:30.410,2.07345,2.0737,1.00,1.00
2008.08.12 10:06:31.915,2.07335,2.0737,1.80,1.00
2008.08.12 10:06:32.118,2.07335,2.07385,1.60,5.60
2008.08.12 10:06:33.657,2.07335,2.0737,1.60,1.00
2008.08.12 10:06:33.877,2.07335,2.07385,1.60,5.60
2008.08.12 10:06:34.194,2.07335,2.0737,1.60,1.00
2008.08.12 10:06:34.874,2.07335,2.0737,1.00,1.00
2008.08.12 10:06:37.091,2.07335,2.0737,1.00,1.00
2008.08.12 10:06:37.246,2.0733,2.0737,3.10,3.20
2008.08.12 10:06:37.402,2.0733,2.0737,3.10,4.50
2008.08.12 10:06:37.559,2.0733,2.0737,3.10,3.20
2008.08.12 10:06:37.714,2.0733,2.07365,3.10,2.00
2008.08.12 10:06:38.175,2.07315,2.0736,3.10,4.70
2008.08.12 10:06:38.516,2.0731,2.07355,1.00,5.10
2008.08.12 10:06:38.855,2.0731,2.0735,1.00,2.40
2008.08.12 10:06:39.194,2.0732,2.07355,1.00,2.40
2008.08.12 10:06:40.170,2.0732,2.07355,1.00,4.50
2008.08.12 10:06:42.019,2.0732,2.07355,1.00,2.40
2008.08.12 10:06:42.574,2.0732,2.0736,1.00,5.10
2008.08.12 10:06:43.046,2.0732,2.0736,1.00,2.40
2008.08.12 10:06:43.530,2.0732,2.07355,1.00,2.00
2008.08.12 10:06:43.939,2.0732,2.07355,1.00,4.50
2008.08.12 10:06:44.486,2.0732,2.07355,1.00,2.00
2008.08.12 10:06:44.762,2.0732,2.0736,1.00,7.20
2008.08.12 10:06:45.899,2.0732,2.0736,1.00,4.70
2008.08.12 10:06:46.218,2.0732,2.0736,1.00,2.00
2008.08.12 10:06:49.910,2.0732,2.0736,1.00,4.70
2008.08.12 10:06:50.231,2.0732,2.0736,1.00,7.20
2008.08.12 10:06:50.694,2.0732,2.0736,1.00,4.50
2008.08.12 10:06:50.791,2.0732,2.07355,1.00,2.00
2008.08.12 10:06:50.886,2.07315,2.07355,3.10,2.00
2008.08.12 10:06:50.983,2.0732,2.07355,1.00,2.00
2008.08.12 10:06:52.871,2.0732,2.07355,1.00,4.70
2008.08.12 10:06:53.130,2.0732,2.07355,1.00,7.20
2008.08.12 10:06:53.654,2.0732,2.0735,1.00,2.40
2008.08.12 10:06:53.941,2.0732,2.07355,1.00,2.00
2008.08.12 10:06:54.182,2.0732,2.0736,1.00,7.20
2008.08.12 10:06:54.666,2.0732,2.07355,1.00,2.40
2008.08.12 10:06:54.910,2.0732,2.0736,1.00,4.70
2008.08.12 10:06:55.154,2.0732,2.07355,1.00,2.70
2008.08.12 10:06:55.303,2.0732,2.07355,1.00,5.10
2008.08.12 10:06:57.042,2.0732,2.07355,1.00,5.10
2008.08.12 10:06:57.414,2.0732,2.0735,1.00,2.70
2008.08.12 10:06:57.713,2.0732,2.0735,1.00,5.10
2008.08.12 10:06:58.009,2.0731,2.0735,1.40,5.10
2008.08.12 10:06:59.118,2.0731,2.07345,1.40,2.00
2008.08.12 10:06:59.383,2.073,2.07345,1.00,2.00
2008.08.12 10:06:59.652,2.073,2.0734,1.00,2.70
2008.08.12 10:06:59.859,2.073,2.0734,1.60,2.70
2008.08.12 10:07:00.271,2.073,2.0734,1.00,2.70
2008.08.12 10:07:00.685,2.073,2.0734,1.00,5.10
2008.08.12 10:07:01.938,2.07295,2.0734,1.00,5.10
2008.08.12 10:07:02.151,2.073,2.07335,1.00,2.70
2008.08.12 10:07:02.558,2.073,2.07335,1.00,5.10
2008.08.12 10:07:03.942,2.073,2.07335,3.20,5.10
2008.08.12 10:07:04.566,2.073,2.07335,1.00,5.10
2008.08.12 10:07:05.102,2.073,2.0733,1.00,2.00
2008.08.12 10:07:05.766,2.073,2.0733,1.00,2.40
2008.08.12 10:07:06.182,2.073,2.0733,1.00,5.10
2008.08.12 10:07:09.308,2.0729,2.0733,1.00,5.10
2008.08.12 10:07:09.649,2.0729,2.07325,1.00,2.70
2008.08.12 10:07:09.987,2.0729,2.07325,1.00,2.40
2008.08.12 10:07:10.734,2.0729,2.0733,1.00,2.40
2008.08.12 10:07:11.538,2.0729,2.0732,1.00,2.00
2008.08.12 10:07:11.962,2.0729,2.0732,1.00,3.70
2008.08.12 10:07:12.438,2.0729,2.0732,1.00,6.30
2008.08.12 10:07:12.779,2.0729,2.0732,1.00,1.00
2008.08.12 10:07:13.830,2.0729,2.0732,1.00,3.20
2008.08.12 10:07:14.451,2.0729,2.0731,1.00,5.10
2008.08.12 10:07:14.795,2.0729,2.07305,1.00,2.70
2008.08.12 10:07:15.130,2.0729,2.07315,1.00,2.40
2008.08.12 10:07:15.254,2.0729,2.0732,1.00,8.30
2008.08.12 10:07:16.594,2.0729,2.07315,1.00,2.70
2008.08.12 10:07:16.778,2.0729,2.07315,1.00,5.10
2008.08.12 10:07:16.962,2.0729,2.07315,1.00,2.40
2008.08.12 10:07:17.146,2.0729,2.0732,1.00,8.30
2008.08.12 10:07:17.330,2.0729,2.0732,1.00,6.30
2008.08.12 10:07:18.182,2.07255,2.0731,3.10,2.70
2008.08.12 10:07:18.409,2.0726,2.0731,1.00,5.10
2008.08.12 10:07:18.643,2.0727,2.0731,1.00,5.10
2008.08.12 10:07:18.879,2.0727,2.07305,1.00,2.70
2008.08.12 10:07:19.114,2.0727,2.07305,1.00,5.10
2008.08.12 10:07:19.350,2.0727,2.073,1.00,2.40
2008.08.12 10:07:19.690,2.0727,2.0731,1.00,4.50
2008.08.12 10:07:20.031,2.0727,2.073,1.00,2.00
2008.08.12 10:07:20.510,2.0727,2.07295,1.00,2.00
2008.08.12 10:07:21.214,2.0727,2.073,1.00,2.00
2008.08.12 10:07:21.354,2.0727,2.073,1.00,4.50
2008.08.12 10:07:21.521,2.0727,2.073,1.00,2.40
2008.08.12 10:07:22.242,2.0727,2.0731,1.00,7.20
2008.08.12 10:07:24.602,2.0728,2.0731,1.00,7.20
2008.08.12 10:07:25.163,2.0728,2.0731,1.00,2.40
2008.08.12 10:07:25.446,2.07265,2.0732,4.90,7.20
2008.08.12 10:07:25.549,2.07265,2.0732,4.90,8.60
2008.08.12 10:07:26.096,2.07265,2.0732,4.90,7.20
2008.08.12 10:07:26.998,2.07265,2.0731,3.60,4.70
2008.08.12 10:07:27.382,2.0727,2.0731,1.00,7.20
2008.08.12 10:07:27.923,2.07265,2.0731,1.60,5.10
2008.08.12 10:07:31.071,2.07265,2.0731,1.00,5.10
2008.08.12 10:07:31.414,2.0727,2.0731,1.00,7.20
2008.08.12 10:07:33.175,2.0727,2.07305,1.00,2.00
2008.08.12 10:07:33.747,2.0727,2.0731,1.00,7.20
2008.08.12 10:07:33.858,2.0727,2.0729,1.00,2.00
2008.08.12 10:07:35.010,2.0727,2.0728,1.00,2.40
2008.08.12 10:07:35.190,2.0726,2.0728,1.00,2.40
2008.08.12 10:07:35.722,2.0726,2.0728,1.00,5.10
2008.08.12 10:07:38.176,2.0726,2.0728,1.00,2.40
2008.08.12 10:07:38.414,2.0726,2.07285,1.00,7.20
2008.08.12 10:07:39.133,2.0726,2.07285,1.00,4.70
2008.08.12 10:07:40.010,2.0726,2.07285,1.00,7.20
2008.08.12 10:07:40.306,2.0726,2.07285,1.00,2.00
2008.08.12 10:07:46.002,2.0726,2.0729,1.00,7.20
2008.08.12 10:07:46.628,2.0726,2.07285,1.00,4.70
2008.08.12 10:07:46.782,2.0726,2.07285,1.00,7.20
2008.08.12 10:07:47.381,2.0726,2.07285,1.00,5.10
2008.08.12 10:07:47.594,2.0726,2.0728,1.00,2.70
2008.08.12 10:07:47.813,2.0726,2.07275,1.00,2.40
2008.08.12 10:07:48.031,2.0726,2.0728,1.00,2.40
2008.08.12 10:07:48.242,2.0726,2.07285,1.00,7.20
2008.08.12 10:07:48.740,2.0726,2.07275,1.00,2.40
2008.08.12 10:07:49.559,2.0726,2.07285,1.00,5.10
2008.08.12 10:07:49.898,2.0726,2.07295,1.00,2.00
2008.08.12 10:07:50.238,2.0726,2.07295,1.00,4.70
2008.08.12 10:07:50.399,2.0726,2.07295,1.00,7.20
2008.08.12 10:07:51.734,2.0726,2.07295,1.00,4.50
2008.08.12 10:07:52.893,2.0726,2.07295,1.00,2.40
2008.08.12 10:07:53.158,2.0726,2.073,1.00,7.20
2008.08.12 10:07:54.024,2.0727,2.073,1.00,7.20
2008.08.12 10:07:54.574,2.07255,2.073,1.00,7.20
2008.08.12 10:07:54.698,2.0726,2.073,1.00,7.20
2008.08.12 10:07:54.986,2.0727,2.07295,1.00,2.40
2008.08.12 10:07:55.110,2.0727,2.07295,1.00,4.50
2008.08.12 10:07:55.358,2.0727,2.073,1.00,5.10
2008.08.12 10:07:55.482,2.0727,2.073,1.00,2.40
2008.08.12 10:07:55.694,2.07255,2.073,3.10,2.40
2008.08.12 10:07:55.906,2.07255,2.07305,6.00,2.00
2008.08.12 10:07:56.120,2.07255,2.07305,5.80,2.00
2008.08.12 10:07:56.334,2.07255,2.07305,3.60,4.50
2008.08.12 10:07:57.646,2.0727,2.07305,1.00,4.50
2008.08.12 10:07:58.158,2.0727,2.07305,1.00,2.00
2008.08.12 10:07:58.414,2.0727,2.07305,1.00,4.70
2008.08.12 10:07:58.670,2.0727,2.07305,1.00,7.20
2008.08.12 10:07:59.975,2.0727,2.073,1.00,2.00
2008.08.12 10:08:00.206,2.0727,2.073,1.00,4.70
2008.08.12 10:08:00.442,2.0727,2.073,1.00,4.50
2008.08.12 10:08:00.791,2.0727,2.073,1.00,2.00
2008.08.12 10:08:01.890,2.0727,2.07305,1.00,5.10
2008.08.12 10:08:02.094,2.0727,2.07305,1.00,5.10
2008.08.12 10:08:02.379,2.0727,2.073,1.00,2.70
2008.08.12 10:08:02.662,2.0727,2.07305,1.00,2.40
2008.08.12 10:08:02.946,2.0727,2.0731,1.00,7.20
2008.08.12 10:08:04.616,2.0727,2.0731,1.00,7.20
2008.08.12 10:08:04.835,2.0728,2.0731,1.00,7.20
2008.08.12 10:08:05.050,2.0728,2.0731,1.00,2.40
2008.08.12 10:08:05.270,2.0728,2.07315,1.00,7.20
2008.08.12 10:08:05.654,2.0728,2.0731,1.00,2.40
2008.08.12 10:08:05.822,2.0728,2.07305,1.00,2.40
2008.08.12 10:08:06.154,2.0728,2.07305,1.00,2.40
2008.08.12 10:08:06.322,2.0728,2.0731,1.00,2.40
2008.08.12 10:08:06.487,2.0728,2.07305,1.00,2.70
2008.08.12 10:08:06.671,2.0728,2.0731,1.00,5.10
2008.08.12 10:08:07.035,2.0728,2.0731,1.00,2.40
2008.08.12 10:08:07.218,2.0728,2.0732,1.00,2.40
2008.08.12 10:08:07.579,2.0728,2.07325,3.90,2.00
2008.08.12 10:08:08.062,2.0729,2.07325,1.00,2.00
2008.08.12 10:08:08.573,2.0729,2.0733,1.00,2.00
2008.08.12 10:08:09.726,2.0729,2.07325,1.00,2.00
2008.08.12 10:08:10.082,2.0729,2.0732,1.00,6.30
2008.08.12 10:08:10.644,2.0729,2.0732,1.00,5.10
2008.08.12 10:08:10.818,2.0729,2.0733,1.00,4.50
2008.08.12 10:08:11.282,2.0729,2.0733,1.00,2.00
2008.08.12 10:08:11.403,2.07295,2.0733,1.00,2.00
2008.08.12 10:08:11.519,2.07295,2.07335,1.00,7.20
2008.08.12 10:08:11.990,2.07295,2.07335,1.00,2.70
2008.08.12 10:08:12.286,2.07295,2.07345,1.00,7.80
2008.08.12 10:08:13.338,2.073,2.07345,1.00,7.80
2008.08.12 10:08:13.570,2.073,2.07345,1.00,5.60
2008.08.12 10:08:13.802,2.073,2.07345,1.00,2.90
2008.08.12 10:08:14.034,2.073,2.0734,2.00,1.00
2008.08.12 10:08:15.838,2.07315,2.0734,1.00,1.00
2008.08.12 10:08:16.019,2.0732,2.0734,1.00,1.00
2008.08.12 10:08:16.231,2.0732,2.0735,1.00,2.40
2008.08.12 10:08:17.430,2.0731,2.0735,3.30,1.00
2008.08.12 10:08:17.608,2.0731,2.0735,3.10,1.80
2008.08.12 10:08:17.782,2.0731,2.0735,2.00,1.80
2008.08.12 10:08:17.955,2.0731,2.0735,1.40,1.80
2008.08.12 10:08:18.131,2.07305,2.0735,4.70,1.80
2008.08.12 10:08:22.281,2.07305,2.07345,4.70,1.30
2008.08.12 10:08:22.576,2.07305,2.0734,4.70,1.00
2008.08.12 10:08:22.872,2.07305,2.0735,4.70,1.80
2008.08.12 10:08:23.750,2.07305,2.0735,4.10,1.80
2008.08.12 10:08:23.955,2.07305,2.0735,4.10,5.10
2008.08.12 10:08:24.158,2.07305,2.0735,4.10,3.70
2008.08.12 10:08:24.362,2.07305,2.0734,4.70,1.00
2008.08.12 10:08:25.078,2.07305,2.0734,1.60,1.00
2008.08.12 10:08:25.591,2.0731,2.0734,1.60,1.00
2008.08.12 10:08:26.394,2.0731,2.0734,4.70,1.00
2008.08.12 10:08:28.338,2.0732,2.0734,1.00,1.00
2008.08.12 10:08:28.586,2.0732,2.0735,1.00,1.00
2008.08.12 10:08:28.710,2.07335,2.0735,1.00,1.00
2008.08.12 10:08:28.834,2.07325,2.0735,1.60,1.00
2008.08.12 10:08:29.082,2.07325,2.0735,1.00,1.00
2008.08.12 10:08:29.418,2.07325,2.0735,1.60,1.00
2008.08.12 10:08:31.322,2.07325,2.0736,1.60,1.00
2008.08.12 10:08:34.366,2.07325,2.0736,1.00,1.00
2008.08.12 10:08:34.506,2.07325,2.0736,1.00,1.00
2008.08.12 10:08:35.106,2.07325,2.0736,1.60,1.00
2008.08.12 10:08:35.786,2.07325,2.0736,4.70,1.00
2008.08.12 10:08:36.214,2.0733,2.0736,1.00,1.00
2008.08.12 10:08:36.503,2.0733,2.0737,1.00,1.00
2008.08.12 10:08:36.910,2.07325,2.07375,3.10,2.50
2008.08.12 10:08:37.046,2.07325,2.07375,3.10,5.80
2008.08.12 10:08:37.458,2.07325,2.0737,3.10,2.00
2008.08.12 10:08:37.613,2.07325,2.0737,3.10,4.70
2008.08.12 10:08:38.094,2.07325,2.0737,1.00,7.20
2008.08.12 10:08:38.338,2.0732,2.07365,4.70,2.70
2008.08.12 10:08:38.582,2.0732,2.07365,1.60,5.10
2008.08.12 10:08:38.854,2.0731,2.07365,1.30,9.10
2008.08.12 10:08:39.130,2.0731,2.07345,1.00,2.70
2008.08.12 10:08:39.402,2.07315,2.07345,1.00,2.70
2008.08.12 10:08:39.678,2.07315,2.07345,1.00,5.10
2008.08.12 10:08:40.144,2.07315,2.07345,1.00,2.70
2008.08.12 10:08:40.379,2.0731,2.07355,1.00,5.10
2008.08.12 10:08:40.614,2.0731,2.0735,1.00,2.40
2008.08.12 10:08:40.846,2.0731,2.07345,1.00,2.70
2008.08.12 10:08:41.448,2.07305,2.0734,1.00,2.70
2008.08.12 10:08:41.966,2.07305,2.07345,1.00,5.10
2008.08.12 10:08:42.135,2.0732,2.07345,1.00,5.10
2008.08.12 10:08:42.564,2.07305,2.07345,1.00,5.10
2008.08.12 10:08:43.370,2.07305,2.07345,1.60,5.10
2008.08.12 10:08:43.570,2.0733,2.07345,1.00,5.10
2008.08.12 10:08:43.774,2.0733,2.07345,1.00,2.40
2008.08.12 10:08:44.258,2.0732,2.0735,1.00,2.40
2008.08.12 10:08:44.542,2.0732,2.07365,1.00,2.70
2008.08.12 10:08:44.823,2.0733,2.07365,1.00,5.10
2008.08.12 10:08:46.204,2.0733,2.07365,1.00,2.40
2008.08.12 10:08:46.450,2.0733,2.07365,1.00,5.10
2008.08.12 10:08:46.727,2.07325,2.0735,1.00,1.00
2008.08.12 10:08:46.914,2.0733,2.07365,1.00,5.10
2008.08.12 10:08:47.006,2.0734,2.07365,3.20,5.10
2008.08.12 10:08:47.098,2.0734,2.0736,3.20,2.70
2008.08.12 10:08:47.190,2.07325,2.0736,4.80,2.70
2008.08.12 10:08:47.619,2.07335,2.07375,4.30,3.20
2008.08.12 10:08:47.971,2.07325,2.07375,1.00,5.60
2008.08.12 10:08:48.311,2.07325,2.0737,1.30,1.00
2008.08.12 10:08:48.575,2.07325,2.07355,3.10,2.70
2008.08.12 10:08:48.831,2.07315,2.07355,1.00,5.10
2008.08.12 10:08:49.099,2.0731,2.07355,1.00,5.10
2008.08.12 10:08:49.594,2.07305,2.07355,1.00,5.10
2008.08.12 10:08:50.074,2.0731,2.0735,1.00,2.40
2008.08.12 10:08:50.316,2.0731,2.0735,1.00,5.10
2008.08.12 10:08:52.052,2.07315,2.0735,1.00,5.10
2008.08.12 10:08:52.170,2.0732,2.0735,1.00,2.40
2008.08.12 10:08:52.290,2.07315,2.0735,1.00,2.40
2008.08.12 10:08:52.682,2.07315,2.07355,1.00,5.10
2008.08.12 10:08:53.870,2.0732,2.07355,1.00,5.10
2008.08.12 10:08:54.234,2.07315,2.07355,1.00,2.40
2008.08.12 10:08:54.594,2.07315,2.0736,1.00,2.40
2008.08.12 10:08:54.871,2.07315,2.0736,1.00,5.10
2008.08.12 10:08:55.426,2.0732,2.07355,1.60,2.40
2008.08.12 10:08:55.702,2.0732,2.07365,3.10,5.60
2008.08.12 10:08:55.978,2.07325,2.07365,1.00,5.60
2008.08.12 10:08:57.569,2.07325,2.07355,1.00,1.30
2008.08.12 10:08:57.681,2.0731,2.0735,4.70,1.00
2008.08.12 10:08:57.797,2.0731,2.0735,4.40,1.00
2008.08.12 10:08:57.838,2.0731,2.0735,4.10,1.00
2008.08.12 10:08:57.914,2.0731,2.0735,4.70,1.00
2008.08.12 10:08:58.318,2.0732,2.0736,1.00,5.10
2008.08.12 10:08:58.654,2.0732,2.07355,1.00,2.70
2008.08.12 10:08:58.990,2.0731,2.07355,1.00,7.20
2008.08.12 10:08:59.190,2.07305,2.07355,1.00,7.20
2008.08.12 10:08:59.590,2.0731,2.07345,1.00,2.70
2008.08.12 10:08:59.791,2.0731,2.07345,1.00,2.40
2008.08.12 10:09:00.006,2.0731,2.0735,1.00,5.10
2008.08.12 10:09:00.205,2.0731,2.07345,1.00,2.40
2008.08.12 10:09:00.606,2.0731,2.0735,1.00,2.40
2008.08.12 10:09:01.007,2.0731,2.07345,1.00,5.10
2008.08.12 10:09:01.570,2.0732,2.07345,1.00,5.10
2008.08.12 10:09:03.950,2.0732,2.07345,1.00,2.40
2008.08.12 10:09:04.190,2.0732,2.07345,1.00,5.10
2008.08.12 10:09:04.310,2.0732,2.07345,1.00,5.10
2008.08.12 10:09:04.646,2.07325,2.07345,1.00,2.40
2008.08.12 10:09:04.982,2.07315,2.0735,1.80,2.40
2008.08.12 10:09:05.318,2.07315,2.0736,1.60,2.70
2008.08.12 10:09:05.557,2.07315,2.0736,1.60,3.70
2008.08.12 10:09:05.679,2.07315,2.0736,1.60,1.00
2008.08.12 10:09:07.730,2.07315,2.0736,1.80,1.00
2008.08.12 10:09:08.126,2.0733,2.0736,1.00,1.00
2008.08.12 10:09:08.258,2.0733,2.0736,1.00,3.60
2008.08.12 10:09:09.013,2.0733,2.0736,1.00,5.60
2008.08.12 10:09:09.234,2.0733,2.0736,1.00,3.20
2008.08.12 10:09:09.454,2.0733,2.0735,1.00,2.70
2008.08.12 10:09:09.675,2.0733,2.0735,1.00,2.40
2008.08.12 10:09:10.220,2.0733,2.07355,1.00,5.10
2008.08.12 10:09:10.862,2.0733,2.07355,1.00,2.40
2008.08.12 10:09:12.095,2.0732,2.07355,1.00,2.40
2008.08.12 10:09:12.459,2.0732,2.0735,1.00,2.70
2008.08.12 10:09:12.645,2.0732,2.0735,1.00,6.30
2008.08.12 10:09:13.158,2.0732,2.0735,1.00,5.10
2008.08.12 10:09:13.498,2.0732,2.07355,1.00,5.10
2008.08.12 10:09:13.834,2.0732,2.0736,1.00,5.10
2008.08.12 10:09:16.349,2.0733,2.0736,1.00,5.10
2008.08.12 10:09:16.466,2.07345,2.0736,1.00,5.10
2008.08.12 10:09:16.540,2.07345,2.0736,1.60,5.10
2008.08.12 10:09:16.810,2.07345,2.0736,1.60,2.40
2008.08.12 10:09:17.048,2.07345,2.07415,1.60,2.70
2008.08.12 10:09:17.190,2.0735,2.07415,1.00,2.70
2008.08.12 10:09:17.482,2.0736,2.07415,1.00,5.10
2008.08.12 10:09:18.806,2.0736,2.074,1.60,5.10
2008.08.12 10:09:18.982,2.0736,2.074,1.00,5.10
2008.08.12 10:09:19.510,2.0736,2.0739,1.00,1.00
2008.08.12 10:09:20.118,2.0735,2.0739,1.60,1.00
2008.08.12 10:09:20.550,2.07355,2.07395,1.00,3.20
2008.08.12 10:09:20.766,2.07355,2.07395,1.60,5.60
2008.08.12 10:09:21.014,2.07355,2.07395,1.00,5.60
2008.08.12 10:09:21.138,2.0735,2.07395,1.60,5.60
2008.08.12 10:09:21.278,2.0735,2.07395,1.60,2.90
2008.08.12 10:09:21.402,2.07355,2.07395,1.00,5.60
2008.08.12 10:09:21.526,2.07355,2.07395,1.60,5.60
2008.08.12 10:09:21.650,2.07355,2.07395,1.00,5.60
2008.08.12 10:09:21.775,2.07355,2.0739,1.00,2.40
2008.08.12 10:09:22.062,2.0735,2.0739,1.00,2.40
2008.08.12 10:09:22.346,2.0735,2.07395,1.00,2.50
2008.08.12 10:09:22.634,2.07365,2.0739,1.00,2.70
2008.08.12 10:09:22.922,2.07355,2.07385,1.30,2.90
2008.08.12 10:09:23.170,2.07355,2.07385,1.00,2.90
2008.08.12 10:09:23.415,2.07355,2.0738,1.00,1.00
2008.08.12 10:09:23.906,2.0735,2.0738,1.00,1.00
2008.08.12 10:09:24.394,2.0735,2.0738,1.60,1.00
2008.08.12 10:09:25.670,2.07355,2.0738,1.00,1.00
2008.08.12 10:09:25.876,2.0736,2.07385,1.00,3.20
2008.08.12 10:09:26.326,2.0736,2.0738,1.00,2.40
2008.08.12 10:09:26.716,2.07355,2.0738,1.00,2.40
2008.08.12 10:09:27.102,2.07355,2.07385,1.00,2.90
2008.08.12 10:09:27.262,2.07355,2.07385,1.00,5.60
2008.08.12 10:09:27.426,2.0735,2.07385,1.60,5.60
2008.08.12 10:09:27.586,2.0735,2.0738,1.60,2.40
2008.08.12 10:09:29.234,2.0735,2.07385,1.60,5.60
2008.08.12 10:09:29.719,2.07355,2.07385,1.00,5.60
2008.08.12 10:09:30.646,2.0736,2.07385,1.00,5.60
2008.08.12 10:09:31.678,2.0736,2.07385,1.00,2.90
2008.08.12 10:09:31.794,2.0736,2.0738,1.00,1.00
2008.08.12 10:09:32.026,2.07355,2.07385,1.00,3.20
2008.08.12 10:09:32.447,2.07355,2.07385,1.00,5.60
2008.08.12 10:09:32.871,2.0735,2.07385,1.00,5.60
2008.08.12 10:09:33.014,2.07345,2.07385,1.60,5.60
2008.08.12 10:09:33.154,2.07345,2.07385,1.60,2.90
2008.08.12 10:09:34.754,2.07345,2.0738,1.60,1.00
2008.08.12 10:09:35.234,2.07355,2.0738,1.60,1.00
2008.08.12 10:09:35.658,2.07365,2.0738,1.00,1.00
2008.08.12 10:09:35.878,2.07365,2.07385,1.00,2.90
2008.08.12 10:09:36.115,2.0736,2.0738,1.00,1.00
2008.08.12 10:09:36.314,2.07355,2.0738,1.00,1.00
2008.08.12 10:09:36.708,2.0736,2.0738,3.10,1.00
2008.08.12 10:09:37.116,2.07355,2.0738,1.00,1.00
2008.08.12 10:09:38.434,2.07355,2.0738,1.60,1.00
2008.08.12 10:09:39.022,2.0736,2.0738,1.00,1.00
2008.08.12 10:09:39.454,2.0735,2.0738,4.40,1.00
2008.08.12 10:09:40.163,2.0735,2.0738,4.10,1.00
2008.08.12 10:09:40.434,2.0735,2.0738,3.10,1.00
2008.08.12 10:09:40.630,2.07345,2.0738,1.60,1.00
2008.08.12 10:09:41.503,2.0735,2.0738,1.00,1.00
2008.08.12 10:09:41.606,2.0735,2.0738,1.60,1.00
2008.08.12 10:09:42.341,2.0735,2.0738,1.00,1.00
2008.08.12 10:09:42.907,2.0735,2.0738,3.70,1.00
2008.08.12 10:09:43.294,2.07355,2.0738,1.00,1.00
2008.08.12 10:09:43.654,2.07355,2.07395,1.00,5.60
2008.08.12 10:09:43.808,2.0736,2.07395,1.60,5.60
2008.08.12 10:09:44.116,2.0736,2.0738,1.60,1.00
2008.08.12 10:09:44.422,2.07365,2.0738,1.00,1.00
2008.08.12 10:09:45.047,2.07365,2.07395,1.60,5.60
2008.08.12 10:09:45.562,2.07375,2.07395,1.00,5.60
2008.08.12 10:09:45.763,2.0738,2.07395,1.00,5.60
2008.08.12 10:09:45.962,2.0738,2.07395,1.00,2.90
2008.08.12 10:09:46.162,2.0737,2.0739,1.80,1.00
2008.08.12 10:09:46.361,2.07365,2.0739,1.60,1.00
2008.08.12 10:09:46.755,2.07365,2.0739,1.00,1.00
2008.08.12 10:09:46.854,2.07355,2.0739,3.30,1.00
2008.08.12 10:09:47.141,2.07355,2.0738,3.30,1.00
2008.08.12 10:09:47.430,2.07355,2.0738,3.10,1.00
2008.08.12 10:09:47.982,2.0734,2.07385,3.10,3.20
2008.08.12 10:09:48.257,2.07335,2.07385,1.60,5.60
2008.08.12 10:09:48.809,2.07335,2.07385,1.00,7.80
2008.08.12 10:09:49.241,2.07335,2.07385,1.00,5.10
2008.08.12 10:09:49.386,2.07335,2.07385,1.00,5.10
2008.08.12 10:09:49.666,2.07345,2.07385,1.00,5.10
2008.08.12 10:09:49.950,2.07345,2.0736,1.00,1.00
2008.08.12 10:09:50.234,2.07345,2.0738,1.00,1.00
2008.08.12 10:09:50.516,2.07335,2.0738,1.00,2.70
2008.08.12 10:09:50.778,2.07325,2.0738,1.60,2.40
2008.08.12 10:09:51.557,2.07335,2.0737,1.00,2.40
2008.08.12 10:09:51.798,2.0733,2.0737,1.60,2.40
2008.08.12 10:09:51.917,2.07335,2.0737,1.00,2.40
2008.08.12 10:09:52.277,2.07335,2.07375,1.00,2.90
2008.08.12 10:09:52.397,2.07335,2.07375,1.00,5.60
2008.08.12 10:09:52.974,2.07325,2.0737,1.00,2.00
2008.08.12 10:09:53.271,2.07325,2.0737,1.00,4.50
2008.08.12 10:09:53.566,2.07325,2.0736,1.60,2.70
2008.08.12 10:09:53.862,2.07325,2.0736,1.60,5.10
2008.08.12 10:09:54.270,2.07335,2.0736,1.00,5.10
2008.08.12 10:09:54.677,2.0733,2.0736,1.00,5.10
2008.08.12 10:09:55.063,2.0733,2.0736,1.00,5.10
2008.08.12 10:09:55.246,2.0733,2.0736,1.60,5.10
2008.08.12 10:09:55.637,2.0733,2.0736,1.60,2.40
2008.08.12 10:09:55.818,2.0733,2.07375,1.60,2.90
2008.08.12 10:09:55.970,2.0733,2.0736,1.60,1.00
2008.08.12 10:09:56.122,2.0733,2.0736,3.70,1.00
2008.08.12 10:09:56.426,2.0734,2.0736,1.00,1.00
2008.08.12 10:09:56.730,2.0733,2.0736,3.70,1.00
2008.08.12 10:09:57.045,2.0733,2.0736,1.60,1.00
2008.08.12 10:09:58.314,2.07335,2.0737,1.00,2.40
2008.08.12 10:09:58.902,2.07335,2.07375,1.00,5.60
2008.08.12 10:09:59.462,2.07335,2.0736,1.60,1.00
2008.08.12 10:09:59.742,2.07335,2.0736,1.00,1.00
2008.08.12 10:10:00.022,2.07345,2.0736,1.00,1.00
2008.08.12 10:10:00.876,2.07345,2.07375,1.00,2.90
2008.08.12 10:10:03.018,2.0735,2.07375,1.00,2.90
2008.08.12 10:10:03.098,2.0735,2.07375,1.60,2.90
2008.08.12 10:10:03.300,2.0735,2.0737,1.60,1.00
2008.08.12 10:10:03.498,2.07355,2.0736,1.00,1.00
2008.08.12 10:10:04.329,2.0735,2.0737,1.60,1.00
2008.08.12 10:10:04.561,2.0735,2.0738,1.60,1.00
2008.08.12 10:10:04.794,2.0734,2.0738,4.90,1.00
2008.08.12 10:10:05.026,2.0734,2.0739,4.70,2.70
2008.08.12 10:10:05.257,2.07345,2.07385,1.00,2.40
2008.08.12 10:10:05.514,2.07345,2.07385,1.00,2.90
2008.08.12 10:10:07.037,2.07345,2.0738,1.00,1.00
2008.08.12 10:10:07.237,2.07345,2.07385,1.00,2.90
2008.08.12 10:10:07.848,2.0735,2.07385,1.00,2.90
2008.08.12 10:10:08.018,2.0735,2.07385,3.70,2.90
2008.08.12 10:10:08.354,2.07355,2.07385,1.00,2.90
2008.08.12 10:10:08.550,2.07355,2.0738,1.00,1.00
2008.08.12 10:10:08.746,2.07345,2.0738,1.60,1.00
2008.08.12 10:10:08.943,2.0735,2.0738,1.00,1.00
2008.08.12 10:10:09.141,2.07345,2.0738,4.70,1.00
2008.08.12 10:10:09.338,2.07345,2.0738,1.60,1.00
2008.08.12 10:10:09.574,2.07345,2.0736,1.60,1.00
2008.08.12 10:10:09.809,2.07345,2.0737,1.60,1.00
2008.08.12 10:10:10.775,2.0735,2.0737,1.00,1.00
2008.08.12 10:10:11.213,2.07345,2.0737,1.60,1.00
2008.08.12 10:10:13.433,2.07345,2.0738,1.60,1.00
2008.08.12 10:10:15.564,2.07345,2.0738,1.00,1.00
2008.08.12 10:10:15.670,2.0734,2.0738,5.60,1.00
2008.08.12 10:10:15.993,2.0734,2.0738,2.50,1.00
2008.08.12 10:10:16.231,2.0734,2.0738,1.00,1.00
2008.08.12 10:10:17.617,2.0735,2.0738,1.00,1.00
2008.08.12 10:10:17.697,2.07345,2.0738,2.70,1.00
2008.08.12 10:10:17.858,2.07345,2.0738,1.00,1.00
2008.08.12 10:10:18.021,2.07345,2.0738,1.30,1.00
2008.08.12 10:10:18.181,2.07345,2.0738,1.80,1.00
2008.08.12 10:10:18.262,2.07345,2.0738,4.90,1.00
2008.08.12 10:10:18.342,2.07345,2.0738,4.70,1.00
2008.08.12 10:10:18.598,2.07355,2.0738,1.00,1.00
2008.08.12 10:10:19.355,2.07355,2.0737,1.00,1.00
2008.08.12 10:10:20.298,2.0735,2.0737,1.00,1.00
2008.08.12 10:10:20.917,2.07355,2.0737,1.00,1.00
2008.08.12 10:10:21.101,2.07355,2.0738,1.00,1.00
2008.08.12 10:10:21.293,2.07355,2.0739,1.00,2.40
2008.08.12 10:10:21.478,2.07355,2.0738,1.00,1.00
2008.08.12 10:10:22.197,2.07345,2.0738,3.90,1.00
2008.08.12 10:10:22.378,2.07345,2.0738,3.60,1.00
2008.08.12 10:10:22.825,2.0735,2.0738,1.00,1.00
2008.08.12 10:10:23.275,2.07365,2.0738,1.00,1.00
2008.08.12 10:10:23.498,2.07365,2.0739,1.00,1.00
2008.08.12 10:10:23.866,2.0736,2.074,1.00,2.40
2008.08.12 10:10:23.985,2.0736,2.074,1.00,5.10
2008.08.12 10:10:24.230,2.07355,2.074,3.10,2.70
2008.08.12 10:10:24.352,2.0736,2.07395,1.00,2.40
2008.08.12 10:10:24.811,2.0735,2.07385,2.50,2.70
2008.08.12 10:10:25.151,2.0735,2.07385,1.00,2.40
2008.08.12 10:10:25.490,2.0735,2.0739,1.00,2.40
2008.08.12 10:10:25.734,2.0734,2.0737,1.00,1.00
2008.08.12 10:10:25.978,2.07335,2.0737,1.00,1.00
2008.08.12 10:10:26.223,2.07335,2.0737,1.00,1.80
2008.08.12 10:10:26.472,2.07345,2.0737,1.00,1.00
2008.08.12 10:10:26.818,2.07335,2.0737,1.30,1.00
2008.08.12 10:10:26.991,2.0733,2.0737,3.30,1.00
2008.08.12 10:10:27.165,2.0733,2.0737,3.10,1.80
2008.08.12 10:10:27.338,2.07325,2.07375,4.10,4.30
2008.08.12 10:10:27.522,2.0733,2.07375,1.00,4.30
2008.08.12 10:10:27.694,2.0733,2.0737,1.60,2.70
2008.08.12 10:10:28.030,2.0733,2.07365,1.60,2.70
2008.08.12 10:10:28.378,2.0734,2.0737,1.60,5.10
2008.08.12 10:10:28.714,2.0734,2.07375,1.00,5.10
2008.08.12 10:10:29.741,2.07335,2.07375,1.60,5.10
2008.08.12 10:10:32.113,2.0734,2.07375,1.00,5.10
2008.08.12 10:10:33.326,2.0735,2.07375,1.00,5.10
2008.08.12 10:10:33.698,2.0735,2.07375,1.00,2.40
2008.08.12 10:10:33.969,2.0734,2.0738,1.00,1.00
2008.08.12 10:10:34.217,2.0734,2.0738,1.00,2.70
2008.08.12 10:10:34.553,2.0734,2.07375,1.00,2.70
2008.08.12 10:10:34.765,2.0734,2.07375,1.00,5.10
2008.08.12 10:10:35.430,2.07335,2.07375,1.00,5.10
2008.08.12 10:10:35.566,2.07325,2.07375,1.60,5.10
2008.08.12 10:10:36.110,2.07325,2.07365,1.60,5.10
2008.08.12 10:10:36.247,2.07325,2.07365,1.00,5.10
2008.08.12 10:10:36.667,2.07325,2.0736,1.00,2.70
2008.08.12 10:10:36.790,2.07325,2.0736,1.60,5.10
2008.08.12 10:10:37.525,2.07325,2.0736,1.60,2.40
2008.08.12 10:10:37.869,2.07325,2.07365,1.60,5.10
2008.08.12 10:10:42.677,2.07325,2.07365,1.00,5.10
2008.08.12 10:10:42.796,2.0733,2.07365,1.00,5.10
2008.08.12 10:10:43.264,2.0733,2.0736,1.00,2.70
2008.08.12 10:10:43.738,2.07315,2.07355,1.60,2.40
2008.08.12 10:10:44.457,2.07315,2.0735,1.60,2.40
2008.08.12 10:10:46.497,2.0732,2.0735,1.00,2.40
2008.08.12 10:10:46.870,2.07315,2.0735,1.60,2.40
2008.08.12 10:10:47.962,2.0733,2.0735,1.00,2.40
2008.08.12 10:10:48.594,2.07325,2.0735,1.60,2.40
2008.08.12 10:10:49.290,2.0733,2.0736,1.00,2.40
2008.08.12 10:10:49.514,2.0733,2.07365,1.00,5.10
2008.08.12 10:10:52.285,2.0733,2.07365,1.00,2.40
2008.08.12 10:10:52.517,2.0733,2.07375,1.00,5.10
2008.08.12 10:10:55.529,2.0733,2.07375,1.00,2.40
2008.08.12 10:10:55.651,2.0733,2.07375,1.60,2.40
2008.08.12 10:10:55.845,2.0733,2.0738,1.60,4.50
2008.08.12 10:10:56.041,2.0733,2.0738,1.60,7.20
2008.08.12 10:10:56.237,2.0733,2.07375,1.60,2.40
2008.08.12 10:10:57.157,2.07325,2.07375,3.10,4.50
2008.08.12 10:10:57.229,2.0733,2.07375,1.00,2.40
2008.08.12 10:10:57.395,2.0733,2.07375,1.60,2.40
2008.08.12 10:10:58.419,2.0734,2.07375,1.00,2.40
2008.08.12 10:10:58.641,2.07335,2.07375,1.00,2.40
2008.08.12 10:10:59.505,2.07335,2.07385,4.10,2.90
2008.08.12 10:10:59.682,2.07335,2.07385,4.10,5.60
2008.08.12 10:10:59.857,2.07335,2.0738,1.00,2.40
2008.08.12 10:11:00.033,2.07335,2.0738,1.00,2.40
2008.08.12 10:11:00.209,2.07335,2.0738,1.00,2.40
2008.08.12 10:11:00.385,2.07335,2.07385,4.10,5.60
2008.08.12 10:11:00.610,2.07335,2.07385,4.10,2.90
2008.08.12 10:11:01.397,2.07335,2.0738,4.10,2.70
2008.08.12 10:11:01.443,2.07335,2.0738,1.00,5.10
2008.08.12 10:11:01.766,2.07335,2.07375,1.00,2.40
2008.08.12 10:11:02.562,2.07335,2.0738,1.00,5.10
2008.08.12 10:11:03.822,2.0733,2.0738,1.00,5.10
2008.08.12 10:11:04.145,2.0734,2.0738,1.00,5.10
2008.08.12 10:11:04.621,2.0734,2.0737,1.00,2.70
2008.08.12 10:11:05.093,2.0734,2.07365,1.00,2.40
2008.08.12 10:11:08.422,2.0734,2.0737,1.00,2.40
2008.08.12 10:11:10.777,2.0734,2.0737,1.00,4.50
2008.08.12 10:11:11.218,2.0734,2.0736,1.00,2.40
2008.08.12 10:11:11.438,2.0734,2.0736,1.00,5.10
2008.08.12 10:11:11.877,2.0734,2.0736,1.00,7.20
2008.08.12 10:11:12.717,2.0733,2.0736,1.00,7.20
2008.08.12 10:11:12.997,2.0733,2.07355,1.00,2.70
2008.08.12 10:11:13.429,2.0733,2.07355,1.00,5.10
2008.08.12 10:11:13.862,2.0733,2.0735,1.00,1.00
2008.08.12 10:11:14.077,2.0733,2.07345,1.00,2.70
2008.08.12 10:11:14.261,2.0733,2.07345,1.00,5.10
2008.08.12 10:11:14.446,2.0733,2.07345,1.00,7.20
2008.08.12 10:11:15.181,2.0731,2.07345,2.10,5.10
2008.08.12 10:11:15.439,2.0731,2.07345,1.00,5.10
2008.08.12 10:11:15.694,2.0731,2.0734,1.00,2.40
2008.08.12 10:11:16.205,2.0731,2.07345,1.00,4.50
2008.08.12 10:11:17.401,2.0731,2.07345,1.00,2.00
2008.08.12 10:11:19.857,2.0731,2.0734,1.00,2.00
2008.08.12 10:11:21.701,2.07305,2.0734,3.10,2.00
2008.08.12 10:11:21.864,2.0731,2.0734,1.00,2.00
2008.08.12 10:11:22.089,2.0731,2.0734,2.10,2.00
2008.08.12 10:11:22.578,2.0732,2.0734,1.00,2.00
2008.08.12 10:11:23.277,2.0732,2.07345,1.00,2.00
2008.08.12 10:11:26.005,2.0732,2.0735,1.00,2.00
2008.08.12 10:11:27.633,2.0731,2.0735,3.10,2.00
2008.08.12 10:11:27.857,2.0732,2.0735,1.00,2.00
2008.08.12 10:11:28.044,2.0732,2.07345,1.00,2.70
2008.08.12 10:11:28.241,2.0732,2.0735,1.00,2.00
2008.08.12 10:11:28.277,2.0732,2.07345,1.00,2.40
2008.08.12 10:11:28.609,2.0732,2.0735,1.00,2.00
2008.08.12 10:11:39.897,2.0732,2.0735,1.00,2.00
2008.08.12 10:11:40.030,2.0732,2.0735,2.20,2.00
2008.08.12 10:11:40.213,2.0733,2.0735,1.00,2.00
2008.08.12 10:11:41.106,2.0732,2.0735,1.00,2.00
2008.08.12 10:11:43.698,2.0732,2.0736,1.00,2.00
2008.08.12 10:11:46.021,2.07315,2.07365,3.30,2.00
2008.08.12 10:11:46.489,2.07315,2.07355,3.30,2.00
2008.08.12 10:11:46.841,2.07315,2.07355,3.10,2.00
2008.08.12 10:11:47.017,2.07315,2.0736,3.10,2.00
2008.08.12 10:11:47.193,2.07315,2.0736,3.30,2.00
2008.08.12 10:11:50.517,2.07315,2.0737,4.40,4.50
2008.08.12 10:11:50.701,2.07335,2.0737,1.00,2.40
2008.08.12 10:11:50.885,2.0734,2.07365,1.00,2.70
2008.08.12 10:11:51.070,2.0735,2.07365,2.50,2.40
2008.08.12 10:11:51.253,2.0735,2.0737,2.50,1.00
2008.08.12 10:11:51.469,2.0734,2.0739,4.90,3.70
2008.08.12 10:11:51.685,2.0736,2.0738,3.30,1.00
2008.08.12 10:11:51.902,2.0736,2.07385,3.10,1.30
2008.08.12 10:11:52.118,2.0735,2.0738,3.30,1.00
2008.08.12 10:11:52.333,2.0735,2.0738,3.10,2.70
2008.08.12 10:11:52.605,2.07345,2.0738,1.00,2.40
2008.08.12 10:11:52.877,2.07345,2.0739,4.70,5.90
2008.08.12 10:11:53.151,2.0735,2.0739,3.10,5.90
2008.08.12 10:11:53.425,2.0735,2.0739,3.30,5.90
2008.08.12 10:11:53.709,2.0735,2.07395,3.30,2.50
2008.08.12 10:11:54.930,2.0735,2.0738,3.30,1.00
2008.08.12 10:11:55.425,2.0735,2.0739,3.10,6.00
2008.08.12 10:11:55.589,2.0734,2.0739,3.60,4.70
2008.08.12 10:11:55.754,2.07345,2.0739,1.00,4.50
2008.08.12 10:11:56.117,2.0735,2.07395,1.00,2.40
2008.08.12 10:11:56.318,2.07355,2.0739,3.30,1.00
2008.08.12 10:11:56.717,2.07355,2.07395,1.00,2.90
2008.08.12 10:11:56.917,2.0735,2.07395,1.60,2.90
2008.08.12 10:11:57.277,2.0735,2.0739,1.60,1.00
2008.08.12 10:11:57.517,2.0735,2.0739,1.00,1.00
2008.08.12 10:11:57.637,2.07345,2.07395,3.30,2.50
2008.08.12 10:11:57.877,2.07345,2.07395,3.10,5.20
2008.08.12 10:11:58.177,2.0734,2.07395,6.30,7.80
2008.08.12 10:11:58.477,2.07345,2.0739,1.00,1.00
2008.08.12 10:11:59.180,2.0734,2.0739,4.90,1.00
2008.08.12 10:11:59.281,2.07345,2.0739,3.10,1.00
2008.08.12 10:11:59.768,2.07345,2.0738,3.10,3.20
2008.08.12 10:12:00.069,2.0734,2.0738,1.00,3.20
2008.08.12 10:12:00.521,2.07345,2.0739,1.00,2.40
2008.08.12 10:12:00.857,2.07345,2.07395,1.00,7.80
2008.08.12 10:12:01.193,2.0735,2.07395,4.10,4.50
2008.08.12 10:12:01.968,2.0735,2.0739,4.40,1.80
2008.08.12 10:12:02.269,2.0735,2.0739,3.30,1.80
2008.08.12 10:12:05.085,2.0735,2.0739,3.30,1.00
2008.08.12 10:12:05.185,2.0735,2.0739,4.40,1.00
2008.08.12 10:12:05.314,2.0735,2.0739,4.40,1.80
2008.08.12 10:12:05.941,2.0735,2.0739,4.40,1.00
2008.08.12 10:12:06.253,2.0735,2.0739,4.40,1.80
2008.08.12 10:12:06.365,2.07355,2.0739,3.10,1.80
2008.08.12 10:12:06.589,2.0735,2.0739,4.10,1.30
2008.08.12 10:12:06.701,2.07355,2.07405,1.00,6.40
2008.08.12 10:12:06.813,2.07355,2.074,1.00,2.40
2008.08.12 10:12:07.039,2.07355,2.07395,3.30,1.30
2008.08.12 10:12:07.153,2.07355,2.074,3.30,3.30
2008.08.12 10:12:07.377,2.07355,2.074,3.10,3.30
2008.08.12 10:12:07.553,2.0735,2.074,3.30,3.30
2008.08.12 10:12:07.905,2.0735,2.0739,3.30,1.30
2008.08.12 10:12:09.076,2.0735,2.0739,3.30,3.30
2008.08.12 10:12:09.350,2.0735,2.0739,3.10,2.00
2008.08.12 10:12:09.625,2.07345,2.07395,1.60,3.70
2008.08.12 10:12:09.821,2.07345,2.0739,3.10,2.00
2008.08.12 10:12:10.017,2.07345,2.0739,3.10,3.30
2008.08.12 10:12:10.213,2.07345,2.0739,6.30,3.30
2008.08.12 10:12:10.409,2.07345,2.0739,3.10,3.20
2008.08.12 10:12:10.605,2.0734,2.0738,3.30,4.50
2008.08.12 10:12:10.861,2.07345,2.0738,3.10,1.30
2008.08.12 10:12:11.373,2.0734,2.0738,1.00,1.30
2008.08.12 10:12:11.629,2.0734,2.0739,3.10,6.40
2008.08.12 10:12:11.773,2.07345,2.0739,1.00,3.70
2008.08.12 10:12:11.917,2.07345,2.0739,1.30,2.40
2008.08.12 10:12:12.061,2.07345,2.07395,4.40,4.30
2008.08.12 10:12:12.205,2.0735,2.07395,1.00,2.90
2008.08.12 10:12:12.349,2.0735,2.0739,1.60,1.00
2008.08.12 10:12:15.201,2.07355,2.0739,1.00,1.00
2008.08.12 10:12:16.373,2.0736,2.0739,1.00,1.00
2008.08.12 10:12:17.100,2.07355,2.0739,1.00,1.00
2008.08.12 10:12:17.325,2.07355,2.0739,1.30,1.00
2008.08.12 10:12:17.601,2.07355,2.0739,4.40,1.00
2008.08.12 10:12:17.782,2.0736,2.0739,4.10,1.00
2008.08.12 10:12:20.261,2.0736,2.0739,3.10,1.00
2008.08.12 10:12:20.397,2.07355,2.0739,4.40,1.00
2008.08.12 10:12:26.235,2.0736,2.0739,1.00,1.00
2008.08.12 10:12:26.798,2.0736,2.0739,1.60,1.00
2008.08.12 10:12:27.090,2.0736,2.0739,4.90,1.00
2008.08.12 10:12:28.280,2.07365,2.0739,1.00,1.00
2008.08.12 10:12:28.601,2.07365,2.0739,3.30,1.00
2008.08.12 10:12:30.397,2.07365,2.074,3.30,1.80
2008.08.12 10:12:30.733,2.07365,2.07395,3.30,1.30
2008.08.12 10:12:31.070,2.0736,2.07395,4.10,1.30
2008.08.12 10:12:32.106,2.0736,2.07415,4.70,9.10
2008.08.12 10:12:33.853,2.0736,2.0741,1.60,2.40
2008.08.12 10:12:34.193,2.07355,2.0741,4.40,2.40
2008.08.12 10:12:34.268,2.07355,2.0741,4.40,4.50
2008.08.12 10:12:34.411,2.0736,2.0741,1.00,4.50
2008.08.12 10:12:34.629,2.07355,2.0741,4.40,4.50
2008.08.12 10:12:34.757,2.07355,2.0741,4.40,5.60
2008.08.12 10:12:34.821,2.0736,2.0741,3.10,3.20
2008.08.12 10:12:34.984,2.0736,2.0741,3.10,5.60
2008.08.12 10:12:36.916,2.0738,2.0741,1.00,5.60
2008.08.12 10:12:37.161,2.0738,2.0741,1.00,4.50
2008.08.12 10:12:37.721,2.0738,2.0741,1.00,2.00
2008.08.12 10:12:38.057,2.07375,2.0741,3.10,2.00
2008.08.12 10:12:44.193,2.07375,2.07415,3.10,2.00
2008.08.12 10:12:44.585,2.07375,2.07415,3.10,3.30
2008.08.12 10:12:44.661,2.07375,2.07415,3.10,3.30
2008.08.12 10:12:44.825,2.07375,2.07415,3.10,4.70
2008.08.12 10:12:44.989,2.07385,2.0741,1.00,2.40
2008.08.12 10:12:45.317,2.0738,2.07425,1.60,2.40
2008.08.12 10:12:45.481,2.0739,2.0743,3.30,2.00
2008.08.12 10:12:45.965,2.0739,2.07425,1.00,1.30
2008.08.12 10:12:46.290,2.0738,2.07425,3.10,2.00
2008.08.12 10:12:46.611,2.07375,2.07425,3.30,2.00
2008.08.12 10:12:46.790,2.07375,2.07425,3.10,2.00
2008.08.12 10:12:46.965,2.07375,2.07425,3.10,3.30
2008.08.12 10:12:47.669,2.07375,2.07425,3.10,2.00
2008.08.12 10:12:47.957,2.0738,2.07425,1.00,2.00
2008.08.12 10:12:48.103,2.0738,2.0743,1.00,8.30
2008.08.12 10:12:48.249,2.0738,2.0743,1.00,5.60
2008.08.12 10:12:48.393,2.0738,2.0743,3.90,3.20
2008.08.12 10:12:48.537,2.0738,2.07425,3.30,2.00
2008.08.12 10:12:49.078,2.0738,2.07425,1.00,2.00
2008.08.12 10:12:49.328,2.07375,2.07425,3.10,2.00
2008.08.12 10:12:49.582,2.07375,2.0743,4.10,8.60
2008.08.12 10:12:49.833,2.0738,2.0743,1.00,7.20
2008.08.12 10:12:50.002,2.0738,2.0743,1.00,4.50
2008.08.12 10:12:50.245,2.0738,2.0743,3.90,2.00
2008.08.12 10:12:51.564,2.0738,2.0743,3.30,2.00
2008.08.12 10:12:51.989,2.0738,2.0742,3.30,1.00
2008.08.12 10:12:52.086,2.0738,2.0742,3.30,1.80
2008.08.12 10:12:52.177,2.07385,2.0742,3.10,1.80
2008.08.12 10:12:52.269,2.07385,2.07425,3.10,3.90
2008.08.12 10:12:52.453,2.07385,2.0742,3.10,1.80
2008.08.12 10:12:52.545,2.0738,2.0742,1.00,1.80
2008.08.12 10:12:52.973,2.0738,2.0742,2.50,1.80
2008.08.12 10:12:53.217,2.0738,2.0742,2.50,1.00
2008.08.12 10:12:53.461,2.07385,2.0742,1.00,1.00
2008.08.12 10:12:53.705,2.0739,2.0742,3.30,1.00
2008.08.12 10:12:54.346,2.0739,2.07415,1.00,1.30
2008.08.12 10:12:54.611,2.07385,2.07415,3.10,1.30
2008.08.12 10:12:54.877,2.0738,2.07415,3.10,1.30
2008.08.12 10:12:55.637,2.0738,2.07415,3.10,2.00
2008.08.12 10:12:56.197,2.07375,2.07415,3.10,2.00
2008.08.12 10:12:56.629,2.07375,2.07415,3.10,2.50
2008.08.12 10:12:57.061,2.0737,2.07415,3.30,2.50
2008.08.12 10:12:57.277,2.0737,2.07415,3.30,2.00
2008.08.12 10:12:57.626,2.07375,2.07415,1.00,2.00
2008.08.12 10:12:57.757,2.0738,2.07415,3.10,2.00
2008.08.12 10:12:57.889,2.0738,2.07425,3.10,3.90
2008.08.12 10:12:58.021,2.07375,2.07425,3.30,3.90
2008.08.12 10:12:58.618,2.0738,2.07425,3.10,3.30
2008.08.12 10:12:58.953,2.0738,2.07425,3.10,2.50
2008.08.12 10:12:59.604,2.0738,2.07425,3.10,3.90
2008.08.12 10:13:01.011,2.0738,2.0741,3.10,1.00
2008.08.12 10:13:02.678,2.0738,2.0741,3.10,1.80
2008.08.12 10:13:02.897,2.0737,2.0741,4.40,1.80
2008.08.12 10:13:02.941,2.0737,2.0741,3.30,1.80
2008.08.12 10:13:03.037,2.0737,2.07415,3.30,3.90
2008.08.12 10:13:04.562,2.0737,2.074,3.30,1.00
2008.08.12 10:13:04.850,2.0737,2.074,3.10,1.80
2008.08.12 10:13:05.077,2.07365,2.074,1.00,1.80
2008.08.12 10:13:05.154,2.07365,2.074,3.30,1.80
2008.08.12 10:13:05.326,2.07365,2.074,3.10,1.80
2008.08.12 10:13:05.485,2.0736,2.074,4.90,1.80
2008.08.12 10:13:06.168,2.0736,2.0739,4.90,1.00
2008.08.12 10:13:06.585,2.0736,2.07395,1.00,1.30
2008.08.12 10:13:06.793,2.0736,2.074,1.00,1.80
2008.08.12 10:13:07.001,2.07365,2.074,1.00,1.80
2008.08.12 10:13:07.185,2.07365,2.074,3.30,1.80
2008.08.12 10:13:09.101,2.07365,2.0739,4.40,1.80
2008.08.12 10:13:09.350,2.07365,2.07405,4.10,2.70
2008.08.12 10:13:09.600,2.07365,2.07405,1.30,4.30
2008.08.12 10:13:09.849,2.07365,2.074,4.40,1.80
2008.08.12 10:13:10.097,2.07365,2.074,4.40,1.00
2008.08.12 10:13:11.006,2.07365,2.0739,4.40,1.00
2008.08.12 10:13:11.205,2.07365,2.0739,3.30,1.00
2008.08.12 10:13:11.805,2.07365,2.074,3.30,1.80
2008.08.12 10:13:12.006,2.07365,2.0739,3.30,1.00
2008.08.12 10:13:12.181,2.07365,2.07395,3.30,1.30
2008.08.12 10:13:12.269,2.07365,2.074,3.10,1.80
2008.08.12 10:13:12.446,2.07365,2.074,3.30,1.80
2008.08.12 10:13:12.533,2.07365,2.074,1.00,1.80
2008.08.12 10:13:12.749,2.07365,2.074,3.30,1.80
2008.08.12 10:13:13.261,2.0737,2.074,1.00,1.80
2008.08.12 10:13:13.503,2.07365,2.074,3.30,1.00
2008.08.12 10:13:13.746,2.0737,2.074,1.00,1.80
2008.08.12 10:13:14.109,2.07375,2.074,3.10,1.00
2008.08.12 10:13:14.234,2.07365,2.074,3.30,1.00
2008.08.12 10:13:14.741,2.0737,2.074,3.10,1.00
2008.08.12 10:13:15.769,2.0737,2.074,4.70,1.00
2008.08.12 10:13:16.065,2.0737,2.0741,1.60,1.80
2008.08.12 10:13:16.321,2.07375,2.0741,3.10,1.80
2008.08.12 10:13:16.577,2.07375,2.0741,3.10,1.00
2008.08.12 10:13:18.774,2.07375,2.07425,3.10,3.90
2008.08.12 10:13:22.415,2.07375,2.0742,3.10,2.00
2008.08.12 10:13:22.526,2.07375,2.0742,3.10,3.30
2008.08.12 10:13:22.901,2.07375,2.07415,3.10,2.00
2008.08.12 10:13:23.013,2.0737,2.07415,3.10,2.00
2008.08.12 10:13:23.133,2.0737,2.07405,3.10,2.00
2008.08.12 10:13:23.377,2.07365,2.07405,3.30,2.00
2008.08.12 10:13:27.593,2.07365,2.0741,3.30,2.00
2008.08.12 10:13:28.189,2.07365,2.074,3.30,2.00
2008.08.12 10:13:28.489,2.07365,2.074,3.30,2.00
2008.08.12 10:13:29.129,2.0736,2.074,1.00,2.00
2008.08.12 10:13:29.449,2.0736,2.074,3.30,2.00
2008.08.12 10:13:30.421,2.0736,2.07405,3.30,2.00
2008.08.12 10:13:32.239,2.0736,2.07405,3.30,3.30
2008.08.12 10:13:32.381,2.0736,2.07405,3.30,3.90
2008.08.12 10:13:32.442,2.0736,2.07405,3.10,6.60
2008.08.12 10:13:32.710,2.0735,2.074,4.10,2.40
2008.08.12 10:13:32.776,2.0735,2.074,3.10,4.50
2008.08.12 10:13:32.924,2.0736,2.074,1.00,4.50
2008.08.12 10:13:33.033,2.0736,2.074,1.00,5.60
2008.08.12 10:13:33.091,2.0736,2.0739,1.00,2.00
2008.08.12 10:13:33.499,2.0736,2.0739,1.00,4.50
2008.08.12 10:13:33.841,2.0735,2.0738,1.00,3.20
2008.08.12 10:13:34.189,2.0735,2.0738,1.00,2.00
2008.08.12 10:13:34.329,2.0735,2.0738,1.00,4.70
2008.08.12 10:13:34.617,2.0735,2.0738,1.00,7.20
2008.08.12 10:13:34.757,2.0735,2.07375,1.00,2.00
2008.08.12 10:13:34.897,2.0734,2.07375,2.10,2.00
2008.08.12 10:13:35.037,2.0734,2.07375,1.00,2.00
2008.08.12 10:13:35.401,2.0734,2.0738,1.00,8.30
2008.08.12 10:13:35.849,2.0734,2.0738,1.00,7.20
2008.08.12 10:13:36.950,2.0734,2.07375,1.00,2.00
2008.08.12 10:13:37.242,2.0735,2.07375,1.00,2.00
2008.08.12 10:13:37.681,2.0735,2.07365,1.00,2.00
2008.08.12 10:13:38.209,2.0734,2.07365,2.10,2.00
2008.08.12 10:13:38.532,2.0734,2.07365,1.00,4.70
2008.08.12 10:13:38.841,2.0733,2.07365,1.00,4.50
2008.08.12 10:13:39.149,2.0733,2.07365,1.00,2.00
2008.08.12 10:13:39.458,2.0733,2.07365,1.00,4.70
2008.08.12 10:13:39.573,2.0734,2.07365,1.00,7.20
2008.08.12 10:13:40.365,2.0734,2.07365,1.00,5.10
2008.08.12 10:13:40.749,2.0734,2.07365,1.00,2.70
2008.08.12 10:13:40.845,2.0734,2.0737,1.00,2.00
2008.08.12 10:13:41.325,2.0734,2.0737,1.00,4.70
2008.08.12 10:13:41.645,2.0734,2.07365,1.00,2.40
2008.08.12 10:13:41.965,2.0734,2.0737,1.00,2.40
2008.08.12 10:13:42.285,2.0734,2.07375,1.00,4.50
2008.08.12 10:13:42.765,2.0734,2.07375,1.00,2.00
2008.08.12 10:13:43.722,2.0733,2.07375,3.10,4.70
2008.08.12 10:13:44.049,2.0733,2.0737,1.00,2.40
2008.08.12 10:13:45.247,2.0733,2.0737,1.00,3.70
2008.08.12 10:13:45.338,2.0732,2.0737,1.00,3.70
2008.08.12 10:13:45.425,2.07315,2.07365,4.40,2.00
2008.08.12 10:13:45.649,2.0733,2.07365,1.00,2.00
2008.08.12 10:13:45.991,2.0733,2.07365,1.00,2.70
2008.08.12 10:13:46.333,2.0733,2.0737,1.00,7.20
2008.08.12 10:13:46.672,2.0733,2.0737,1.00,4.50
2008.08.12 10:13:47.081,2.0732,2.0737,1.60,4.50
2008.08.12 10:13:47.241,2.0732,2.0737,1.60,5.90
2008.08.12 10:13:47.401,2.0732,2.0737,1.00,5.90
2008.08.12 10:13:47.480,2.0732,2.0737,1.00,8.60
2008.08.12 10:13:47.800,2.0732,2.07365,1.00,2.40
2008.08.12 10:13:48.166,2.0733,2.07365,1.00,2.40
2008.08.12 10:13:48.489,2.07325,2.07365,1.00,2.40
2008.08.12 10:13:48.989,2.07325,2.07375,1.00,7.00
2008.08.12 10:13:49.349,2.07325,2.07365,1.00,1.30
2008.08.12 10:13:49.992,2.0732,2.0737,4.50,3.30
2008.08.12 10:13:50.218,2.0732,2.0737,3.10,3.30
2008.08.12 10:13:50.272,2.0732,2.0737,3.10,6.00
2008.08.12 10:13:50.477,2.0732,2.0736,3.10,1.00
2008.08.12 10:13:50.532,2.07315,2.0736,4.40,1.00
2008.08.12 10:13:50.590,2.07315,2.0737,4.40,8.60
2008.08.12 10:13:50.816,2.07315,2.0737,4.40,7.20
2008.08.12 10:13:50.872,2.0732,2.0737,1.00,7.20
2008.08.12 10:13:51.040,2.0732,2.0737,1.00,4.50
2008.08.12 10:13:51.418,2.0732,2.0737,1.60,2.40
2008.08.12 10:13:51.728,2.0732,2.0737,4.70,2.40
2008.08.12 10:13:52.346,2.0732,2.0737,4.90,2.40
2008.08.12 10:13:52.446,2.0732,2.07375,4.90,7.80
2008.08.12 10:13:52.493,2.0732,2.07375,4.90,5.10
2008.08.12 10:13:52.588,2.07325,2.07375,1.00,5.10
2008.08.12 10:13:52.647,2.07325,2.07375,1.30,2.90
2008.08.12 10:13:52.772,2.07325,2.0737,4.40,1.00
2008.08.12 10:13:52.978,2.0733,2.0737,3.10,1.00
2008.08.12 10:13:56.224,2.0733,2.0738,3.10,5.60
2008.08.12 10:14:01.582,2.0733,2.07375,3.10,2.00
2008.08.12 10:14:01.845,2.0733,2.07375,1.00,4.50
2008.08.12 10:14:05.684,2.0733,2.07375,3.10,2.00
2008.08.12 10:14:05.705,2.0733,2.07375,3.10,3.30
2008.08.12 10:14:05.834,2.0733,2.0737,3.10,2.00
2008.08.12 10:14:06.121,2.0733,2.0737,3.60,2.00
2008.08.12 10:14:06.463,2.0734,2.07375,1.00,4.50
2008.08.12 10:14:06.807,2.07335,2.07375,3.30,2.00
2008.08.12 10:14:07.145,2.07335,2.0737,1.00,2.00
2008.08.12 10:14:07.485,2.0733,2.0737,3.30,2.00
2008.08.12 10:14:07.908,2.0733,2.0737,3.10,2.00
2008.08.12 10:14:08.043,2.0733,2.0737,3.10,4.70
2008.08.12 10:14:08.104,2.0733,2.0737,1.00,7.20
2008.08.12 10:14:08.461,2.0733,2.07365,1.00,2.00
2008.08.12 10:14:08.697,2.0733,2.07365,1.00,4.70
2008.08.12 10:14:08.933,2.0733,2.07365,1.00,7.20
2008.08.12 10:14:18.945,2.0733,2.07365,1.00,5.10
2008.08.12 10:14:19.201,2.0733,2.07365,1.00,2.40
2008.08.12 10:14:19.525,2.0733,2.0737,1.00,4.50
2008.08.12 10:14:19.728,2.0733,2.0737,1.00,5.90
2008.08.12 10:14:19.796,2.07325,2.0737,3.10,3.30
2008.08.12 10:14:19.937,2.07325,2.0737,3.10,3.30
2008.08.12 10:14:20.161,2.07325,2.0735,3.10,1.00
2008.08.12 10:14:20.366,2.07325,2.0736,3.10,3.20
2008.08.12 10:14:20.773,2.07315,2.0736,3.10,3.20
2008.08.12 10:14:21.113,2.0731,2.0735,4.40,1.30
2008.08.12 10:14:21.453,2.0731,2.0735,4.40,3.20
2008.08.12 10:14:21.792,2.0731,2.0735,3.30,3.20
2008.08.12 10:14:22.009,2.0731,2.0736,3.30,3.20
2008.08.12 10:14:22.347,2.0731,2.0735,3.30,1.00
2008.08.12 10:14:22.561,2.0731,2.0735,3.10,1.00
2008.08.12 10:14:22.762,2.07305,2.0735,4.90,1.00
2008.08.12 10:14:23.141,2.0731,2.0735,3.10,1.00
2008.08.12 10:14:27.161,2.0731,2.07355,3.10,2.50
2008.08.12 10:14:27.642,2.07305,2.07355,3.10,5.10
2008.08.12 10:14:28.066,2.07305,2.0734,3.10,1.00
2008.08.12 10:14:28.893,2.07305,2.0734,3.30,1.00
2008.08.12 10:14:30.465,2.07305,2.0735,4.40,1.00
2008.08.12 10:14:31.947,2.0731,2.0735,3.10,1.00
2008.08.12 10:14:32.452,2.0731,2.0735,3.10,2.00
2008.08.12 10:14:32.822,2.0731,2.0735,4.10,1.00
2008.08.12 10:14:32.945,2.0731,2.0734,3.10,1.00
2008.08.12 10:14:33.286,2.07315,2.0735,1.00,2.70
2008.08.12 10:14:33.625,2.07315,2.0735,1.30,2.40
2008.08.12 10:14:33.965,2.0731,2.0735,4.40,1.00
2008.08.12 10:14:34.488,2.0731,2.0734,4.40,1.00
2008.08.12 10:14:34.749,2.07315,2.0734,3.10,1.00
2008.08.12 10:14:35.977,2.0731,2.0734,4.40,1.00
2008.08.12 10:14:36.833,2.07315,2.0734,3.10,1.00
2008.08.12 10:14:37.393,2.0731,2.0734,4.40,1.00
2008.08.12 10:14:38.029,2.07315,2.0734,3.10,1.00
2008.08.12 10:14:38.757,2.07305,2.0734,3.60,1.00
2008.08.12 10:14:39.084,2.07305,2.0733,3.10,1.00
2008.08.12 10:14:39.325,2.073,2.0733,4.50,1.00
2008.08.12 10:14:39.684,2.073,2.0733,2.00,1.00
2008.08.12 10:14:39.927,2.073,2.0733,3.10,1.00
2008.08.12 10:14:40.049,2.07305,2.0733,1.00,1.00
2008.08.12 10:14:40.601,2.0731,2.0733,1.40,1.00
2008.08.12 10:14:41.033,2.0731,2.0734,1.40,1.00
2008.08.12 10:14:42.461,2.0731,2.0734,4.80,1.00
2008.08.12 10:14:42.589,2.0731,2.0734,5.60,1.00
2008.08.12 10:14:42.717,2.0731,2.0734,2.50,1.00
2008.08.12 10:14:42.868,2.0731,2.0734,1.00,1.00
2008.08.12 10:14:43.577,2.07315,2.0734,1.00,1.00
2008.08.12 10:14:44.065,2.07325,2.0734,1.00,1.00
2008.08.12 10:14:44.309,2.07325,2.0735,1.00,5.90
2008.08.12 10:14:44.388,2.07325,2.07365,1.00,5.60
2008.08.12 10:14:44.468,2.07325,2.07365,1.00,3.20
2008.08.12 10:14:44.800,2.07325,2.07365,1.00,5.60
2008.08.12 10:14:44.961,2.07325,2.07365,1.00,3.20
2008.08.12 10:14:45.040,2.07325,2.0736,1.00,1.00
2008.08.12 10:14:46.020,2.07325,2.0736,1.60,1.00
2008.08.12 10:14:46.350,2.07325,2.0735,1.60,1.00
2008.08.12 10:14:46.565,2.07325,2.0736,1.60,1.00
2008.08.12 10:14:47.213,2.0733,2.0736,1.00,1.00
2008.08.12 10:14:47.709,2.0733,2.0736,4.10,1.00
2008.08.12 10:14:47.849,2.0733,2.0736,1.00,1.00
2008.08.12 10:14:48.865,2.0733,2.0735,1.00,1.00
2008.08.12 10:14:49.041,2.07325,2.0736,3.10,2.70
2008.08.12 10:14:49.393,2.07325,2.0736,1.00,2.40
2008.08.12 10:14:49.569,2.07325,2.0736,1.00,1.00
2008.08.12 10:14:49.745,2.0732,2.0737,3.30,2.00
2008.08.12 10:14:49.873,2.07325,2.0737,3.10,2.00
2008.08.12 10:14:50.012,2.0734,2.0737,1.00,2.00
2008.08.12 10:14:50.271,2.0734,2.0737,1.00,1.00
2008.08.12 10:14:50.401,2.0732,2.0737,4.90,1.00
2008.08.12 10:14:50.529,2.0732,2.0737,5.20,3.60
2008.08.12 10:14:50.656,2.0732,2.0737,4.90,3.60
2008.08.12 10:14:50.998,2.07325,2.07365,1.00,5.10
2008.08.12 10:14:51.337,2.07325,2.0736,1.60,2.40
2008.08.12 10:14:51.801,2.0733,2.07375,1.00,2.90
2008.08.12 10:14:52.048,2.0733,2.0737,1.60,1.00
2008.08.12 10:14:52.544,2.0733,2.07375,1.60,2.90
2008.08.12 10:14:52.921,2.0734,2.07375,1.00,2.90
2008.08.12 10:14:53.244,2.0734,2.0737,1.00,1.00
2008.08.12 10:14:56.432,2.07335,2.0737,1.00,1.00
2008.08.12 10:14:56.705,2.07345,2.0737,1.00,1.00
2008.08.12 10:14:57.258,2.07345,2.0737,1.60,1.00
2008.08.12 10:14:57.535,2.07345,2.0737,1.00,1.00
2008.08.12 10:14:58.169,2.07345,2.0737,1.60,1.00
2008.08.12 10:14:58.374,2.07345,2.0737,1.00,1.00
2008.08.12 10:14:59.768,2.0735,2.0737,1.00,1.00
2008.08.12 10:15:00.025,2.07335,2.0737,1.30,1.00
2008.08.12 10:15:00.164,2.07335,2.0737,1.00,1.00
2008.08.12 10:15:00.421,2.07335,2.0737,4.10,1.00
2008.08.12 10:15:00.684,2.0734,2.0737,1.00,1.00
2008.08.12 10:15:02.076,2.07335,2.0737,1.00,1.00
2008.08.12 10:15:03.621,2.07335,2.0737,1.60,1.00
2008.08.12 10:15:03.836,2.07335,2.0737,1.00,1.00
2008.08.12 10:15:04.277,2.0734,2.0737,1.40,1.00
2008.08.12 10:15:04.926,2.0734,2.0736,1.40,1.00
2008.08.12 10:15:05.140,2.0734,2.0738,1.40,2.40
2008.08.12 10:15:08.436,2.07335,2.0738,1.00,2.40
2008.08.12 10:15:09.321,2.07335,2.0738,1.60,2.40
2008.08.12 10:15:09.822,2.07335,2.07385,1.60,5.60
2008.08.12 10:15:09.916,2.0734,2.07385,1.40,5.60
2008.08.12 10:15:11.824,2.0734,2.07385,1.40,7.00
2008.08.12 10:15:12.113,2.0734,2.07385,1.40,5.60
2008.08.12 10:15:14.636,2.0734,2.07385,2.50,5.60
2008.08.12 10:15:14.667,2.07345,2.07385,1.00,5.60
2008.08.12 10:15:15.009,2.07345,2.07385,1.00,2.90
2008.08.12 10:15:15.224,2.07345,2.0738,4.90,1.00
2008.08.12 10:15:19.966,2.07345,2.0737,3.90,1.00
2008.08.12 10:15:20.176,2.07345,2.0738,3.90,1.00
2008.08.12 10:15:20.227,2.0735,2.0738,1.00,1.00
2008.08.12 10:15:20.435,2.0735,2.0738,3.30,1.00
2008.08.12 10:15:20.455,2.0735,2.0738,3.10,1.00
2008.08.12 10:15:20.751,2.07345,2.0738,3.30,1.00
2008.08.12 10:15:22.287,2.07345,2.0738,3.10,1.00
2008.08.12 10:15:22.491,2.0734,2.0738,1.40,1.00
2008.08.12 10:15:23.248,2.0734,2.07385,1.40,3.20
2008.08.12 10:15:23.445,2.07345,2.07385,1.60,5.60
2008.08.12 10:15:23.798,2.07345,2.07385,1.80,2.90
2008.08.12 10:15:24.132,2.07345,2.0738,4.90,1.00
2008.08.12 10:15:25.485,2.0735,2.0738,1.00,1.00
2008.08.12 10:15:25.508,2.0735,2.0738,1.60,1.00
2008.08.12 10:15:25.745,2.0735,2.0738,1.00,1.00
2008.08.12 10:15:25.868,2.0735,2.0738,1.30,1.00
2008.08.12 10:15:26.224,2.0735,2.0738,1.00,1.00
2008.08.12 10:15:26.372,2.0735,2.0738,4.10,1.00
2008.08.12 10:15:26.482,2.0735,2.0738,1.00,1.00
2008.08.12 10:15:27.303,2.0735,2.0737,1.00,1.00
2008.08.12 10:15:27.856,2.07345,2.0737,4.90,1.00
2008.08.12 10:15:28.632,2.0735,2.0737,1.00,1.00
2008.08.12 10:15:29.581,2.07345,2.0737,4.90,1.00
2008.08.12 10:15:29.897,2.07345,2.0737,1.60,1.00
2008.08.12 10:15:30.882,2.07345,2.0737,1.00,1.00
2008.08.12 10:15:31.048,2.07345,2.0737,1.00,1.00
2008.08.12 10:15:31.888,2.0734,2.0737,1.00,1.00
2008.08.12 10:15:33.693,2.0734,2.0738,1.00,1.00
2008.08.12 10:15:35.208,2.0734,2.0738,2.50,1.00
2008.08.12 10:15:35.392,2.0735,2.0738,1.00,1.00
2008.08.12 10:15:36.360,2.0734,2.0738,4.50,1.00
2008.08.12 10:15:36.537,2.0734,2.0738,3.10,1.00
2008.08.12 10:15:37.064,2.0733,2.0738,1.80,2.40
2008.08.12 10:15:37.240,2.0733,2.0738,1.30,2.40
2008.08.12 10:15:37.416,2.0733,2.0738,3.10,7.20
2008.08.12 10:15:37.712,2.07325,2.0738,4.90,7.20
2008.08.12 10:15:37.833,2.07325,2.0738,4.70,7.20
2008.08.12 10:15:38.072,2.07325,2.07375,1.60,2.40
2008.08.12 10:15:38.192,2.07325,2.07375,1.60,5.10
2008.08.12 10:15:38.312,2.07325,2.07375,4.70,5.10
2008.08.12 10:15:38.548,2.0733,2.07375,1.00,2.40
2008.08.12 10:15:38.805,2.0733,2.07375,1.60,2.40
2008.08.12 10:15:39.612,2.0733,2.07375,1.00,2.40
2008.08.12 10:15:39.684,2.0733,2.07375,1.00,5.10
2008.08.12 10:15:39.840,2.0733,2.07375,1.00,5.60
2008.08.12 10:15:40.203,2.0733,2.07375,1.00,2.90
2008.08.12 10:15:40.340,2.0733,2.0737,1.00,1.00
2008.08.12 10:15:40.822,2.0733,2.0737,1.60,1.00
2008.08.12 10:15:41.936,2.07335,2.0737,1.00,1.00
2008.08.12 10:15:42.184,2.07325,2.07375,4.40,1.40
2008.08.12 10:15:42.300,2.07325,2.07365,3.30,2.00
2008.08.12 10:15:42.417,2.07325,2.07365,3.10,5.20
2008.08.12 10:15:42.764,2.07315,2.0736,1.00,2.40
2008.08.12 10:15:42.880,2.0732,2.07365,3.10,2.00
2008.08.12 10:15:43.664,2.0732,2.07365,4.10,2.00
2008.08.12 10:15:43.804,2.0732,2.07375,4.10,7.80
2008.08.12 10:15:44.316,2.07315,2.0737,4.40,4.50
2008.08.12 10:15:47.433,2.07315,2.0737,4.40,7.20
2008.08.12 10:15:47.906,2.07315,2.0737,4.40,4.50
2008.08.12 10:15:48.240,2.0732,2.0737,1.00,2.40
2008.08.12 10:15:48.364,2.0732,2.07375,4.10,7.80
2008.08.12 10:15:48.490,2.0732,2.07375,4.40,7.80
2008.08.12 10:15:48.988,2.0732,2.07375,4.90,7.80
2008.08.12 10:15:49.361,2.07325,2.07375,3.10,5.20
2008.08.12 10:15:49.520,2.07325,2.07375,3.10,2.50
2008.08.12 10:15:49.680,2.07325,2.07375,3.10,5.10
2008.08.12 10:15:50.024,2.07325,2.0736,3.10,2.00
2008.08.12 10:15:50.505,2.0732,2.0736,1.00,5.10
2008.08.12 10:15:50.705,2.0732,2.0736,1.00,2.40
2008.08.12 10:15:51.020,2.0732,2.07375,4.10,7.80
2008.08.12 10:15:51.088,2.0732,2.07375,4.70,7.80
2008.08.12 10:15:51.361,2.0732,2.07375,4.90,5.10
2008.08.12 10:15:51.825,2.07325,2.07375,3.10,5.10
2008.08.12 10:15:52.251,2.07325,2.07365,3.10,2.00
2008.08.12 10:15:52.616,2.07325,2.07365,3.10,4.70
2008.08.12 10:15:52.744,2.0732,2.0736,1.00,2.40
2008.08.12 10:15:52.792,2.0732,2.0736,1.00,5.10
2008.08.12 10:15:53.385,2.07315,2.0736,1.00,5.10
2008.08.12 10:15:53.480,2.07315,2.0736,1.30,2.40
2008.08.12 10:15:53.896,2.0732,2.0737,3.10,2.00
2008.08.12 10:15:54.452,2.0732,2.0736,3.10,1.00
2008.08.12 10:15:54.828,2.0732,2.07365,3.10,2.50
2008.08.12 10:15:55.631,2.0732,2.0736,3.10,1.00
2008.08.12 10:15:55.672,2.0732,2.0736,3.30,1.00
2008.08.12 10:15:55.996,2.0732,2.0736,4.40,1.00
2008.08.12 10:15:56.040,2.07325,2.0736,3.10,1.00
2008.08.12 10:15:57.424,2.07325,2.0736,4.10,1.00
2008.08.12 10:15:57.452,2.07325,2.0736,4.70,1.00
2008.08.12 10:15:57.686,2.07325,2.0736,4.90,1.00
2008.08.12 10:15:58.097,2.07325,2.0736,4.40,1.00
2008.08.12 10:15:58.414,2.07325,2.0736,3.30,1.00
2008.08.12 10:15:58.752,2.07325,2.0736,3.10,1.00
2008.08.12 10:15:59.257,2.07325,2.07375,3.10,11.80
2008.08.12 10:15:59.424,2.07325,2.07375,3.10,5.10
2008.08.12 10:15:59.908,2.07325,2.0736,3.10,1.00
2008.08.12 10:16:00.470,2.0732,2.0736,4.10,1.00
2008.08.12 10:16:00.711,2.07325,2.0736,1.00,1.00
2008.08.12 10:16:00.944,2.07325,2.0736,1.00,1.00
2008.08.12 10:16:01.124,2.07325,2.07375,1.00,5.10
2008.08.12 10:16:01.184,2.07325,2.07375,1.80,2.90
2008.08.12 10:16:01.244,2.07325,2.0737,4.90,1.00
2008.08.12 10:16:01.572,2.07325,2.0737,4.40,1.00
2008.08.12 10:16:01.849,2.07325,2.07375,3.30,2.50
2008.08.12 10:16:02.126,2.07325,2.07375,3.10,5.10
2008.08.12 10:16:03.942,2.0732,2.07375,4.40,5.10
2008.08.12 10:16:04.157,2.0732,2.07375,4.90,5.10
2008.08.12 10:16:04.384,2.0732,2.07375,4.70,7.80
2008.08.12 10:16:04.613,2.0732,2.07375,4.90,5.10
2008.08.12 10:16:05.342,2.07325,2.07375,1.00,2.90
2008.08.12 10:16:05.568,2.0733,2.07375,1.00,2.90
2008.08.12 10:16:05.677,2.0733,2.07375,1.00,2.90
2008.08.12 10:16:05.991,2.0733,2.0737,3.90,1.00
2008.08.12 10:16:06.164,2.0733,2.0737,3.30,1.00
2008.08.12 10:16:06.272,2.0733,2.07375,3.30,2.50
2008.08.12 10:16:06.638,2.0733,2.07375,3.10,2.50
2008.08.12 10:16:06.880,2.07325,2.07375,3.10,2.50
2008.08.12 10:16:07.588,2.07325,2.07375,3.10,5.20
2008.08.12 10:16:07.761,2.0732,2.0737,4.80,2.40
2008.08.12 10:16:08.236,2.0733,2.0737,1.00,2.40
2008.08.12 10:16:08.324,2.0732,2.0737,5.10,2.40
2008.08.12 10:16:08.412,2.0733,2.07375,3.10,2.50
2008.08.12 10:16:08.892,2.0733,2.07375,3.10,5.20
2008.08.12 10:16:09.132,2.0732,2.0737,3.20,4.50
2008.08.12 10:16:09.372,2.0732,2.0737,3.20,7.20
2008.08.12 10:16:09.612,2.0732,2.0737,1.00,8.30
2008.08.12 10:16:09.857,2.0732,2.0737,1.00,8.30
2008.08.12 10:16:10.173,2.0732,2.0737,1.70,6.30
2008.08.12 10:16:10.281,2.0732,2.0737,1.70,2.40
2008.08.12 10:16:10.492,2.0732,2.0737,4.80,2.40
2008.08.12 10:16:14.405,2.0732,2.0736,4.80,1.00
2008.08.12 10:16:14.513,2.0732,2.0737,4.80,2.40
2008.08.12 10:16:17.360,2.0732,2.0737,4.30,2.40
2008.08.12 10:16:17.728,2.0732,2.07365,3.20,2.00
2008.08.12 10:16:21.851,2.0732,2.07365,3.20,2.50
2008.08.12 10:16:22.016,2.0732,2.07365,3.70,2.50
2008.08.12 10:16:22.184,2.0732,2.07365,3.20,2.00
2008.08.12 10:16:22.520,2.0732,2.07365,1.00,2.00
2008.08.12 10:16:23.440,2.0732,2.07365,1.00,2.50
2008.08.12 10:16:26.252,2.0732,2.07365,1.00,2.00
2008.08.12 10:16:27.021,2.0732,2.0736,1.00,2.00
2008.08.12 10:16:27.453,2.0732,2.0737,1.20,5.10
2008.08.12 10:16:27.776,2.0732,2.07365,1.00,2.00
2008.08.12 10:16:28.168,2.0732,2.07365,3.20,2.00
2008.08.12 10:16:28.505,2.0732,2.07365,1.00,4.50
2008.08.12 10:16:28.817,2.0732,2.07365,1.00,2.00
2008.08.12 10:16:28.972,2.0732,2.07365,1.00,2.50
2008.08.12 10:16:29.448,2.0732,2.07365,1.00,7.80
2008.08.12 10:16:29.770,2.0732,2.07355,1.00,2.00
2008.08.12 10:16:30.099,2.0732,2.07365,1.00,7.80
2008.08.12 10:16:31.035,2.0732,2.07365,1.00,9.10
2008.08.12 10:16:31.404,2.0732,2.07355,1.00,3.20
2008.08.12 10:16:31.692,2.0732,2.07355,1.00,5.60
2008.08.12 10:16:34.925,2.0732,2.07355,1.00,5.10
2008.08.12 10:16:35.152,2.0732,2.07355,1.00,5.10
2008.08.12 10:16:35.272,2.0732,2.07355,1.00,2.40
2008.08.12 10:16:35.388,2.0732,2.07355,1.70,2.40
2008.08.12 10:16:35.505,2.0732,2.0737,1.70,3.60
2008.08.12 10:16:35.624,2.0732,2.0737,1.20,3.60
2008.08.12 10:16:35.684,2.0732,2.0737,1.20,7.60
2008.08.12 10:16:35.744,2.0732,2.0736,1.00,2.00
2008.08.12 10:16:36.161,2.0732,2.0736,1.00,2.00
2008.08.12 10:16:36.501,2.0732,2.0736,1.00,2.00
2008.08.12 10:16:36.864,2.0732,2.0736,1.00,2.00
2008.08.12 10:16:36.981,2.07325,2.0736,1.00,2.00
2008.08.12 10:16:37.256,2.07325,2.07365,1.00,2.00
2008.08.12 10:16:37.536,2.0732,2.07365,1.00,2.00
2008.08.12 10:16:37.676,2.0732,2.07365,3.20,2.00
2008.08.12 10:16:37.952,2.0732,2.07365,1.00,2.00
2008.08.12 10:16:38.656,2.0732,2.07365,1.00,2.00
2008.08.12 10:16:38.940,2.07325,2.07365,1.00,2.00
2008.08.12 10:16:39.518,2.07325,2.07365,1.00,2.00
2008.08.12 10:16:39.909,2.07325,2.07365,3.90,2.00
2008.08.12 10:16:41.021,2.07325,2.07365,3.30,2.00
2008.08.12 10:16:41.503,2.07325,2.0737,3.10,2.00
2008.08.12 10:16:41.664,2.0732,2.0737,1.00,4.50
2008.08.12 10:16:42.148,2.0732,2.0737,1.00,5.90
2008.08.12 10:16:42.253,2.0732,2.0737,1.00,7.10
2008.08.12 10:16:42.358,2.0732,2.0737,1.00,7.10
2008.08.12 10:16:42.560,2.0732,2.0737,1.00,5.60
2008.08.12 10:16:42.664,2.0732,2.0737,1.00,4.50
2008.08.12 10:16:43.642,2.07325,2.0737,1.00,4.50
2008.08.12 10:16:43.899,2.0732,2.0737,1.00,4.50
2008.08.12 10:16:44.077,2.0732,2.0737,1.00,4.50
2008.08.12 10:16:44.277,2.07325,2.0737,3.10,4.70
2008.08.12 10:16:44.477,2.0732,2.0737,1.00,4.50
2008.08.12 10:16:46.874,2.07325,2.0737,1.00,4.50
2008.08.12 10:16:48.552,2.0733,2.0737,1.00,4.50
2008.08.12 10:16:48.764,2.0733,2.07375,1.60,2.40
2008.08.12 10:16:49.226,2.0733,2.07375,2.00,4.50
2008.08.12 10:16:49.749,2.0733,2.07375,5.10,2.00
2008.08.12 10:16:57.333,2.0733,2.0737,3.60,2.00
2008.08.12 10:16:57.536,2.07325,2.0737,3.10,2.00
2008.08.12 10:16:58.104,2.0733,2.0737,1.00,2.00
2008.08.12 10:16:59.152,2.07325,2.0737,3.10,2.00
2008.08.12 10:16:59.488,2.0733,2.0737,1.00,2.00
2008.08.12 10:16:59.656,2.07325,2.0737,3.10,2.00
2008.08.12 10:17:02.644,2.0733,2.0737,1.00,2.00
2008.08.12 10:17:02.968,2.07325,2.0737,3.10,2.00
2008.08.12 10:17:03.133,2.0733,2.0737,1.00,2.00
2008.08.12 10:17:03.268,2.0733,2.07375,1.00,5.10
2008.08.12 10:17:03.404,2.0733,2.07375,1.00,3.70
2008.08.12 10:17:03.542,2.0733,2.07375,1.00,2.40
2008.08.12 10:17:03.809,2.0733,2.07375,1.00,4.50
2008.08.12 10:17:04.492,2.0733,2.07375,1.00,2.00
2008.08.12 10:17:07.569,2.0733,2.07375,1.00,2.00
2008.08.12 10:17:09.571,2.0733,2.07375,1.00,2.00
2008.08.12 10:17:10.889,2.0733,2.07375,1.00,2.00
2008.08.12 10:17:11.086,2.0733,2.07375,1.00,2.00
2008.08.12 10:17:13.121,2.0734,2.07375,1.00,2.00
2008.08.12 10:17:13.882,2.0733,2.07375,2.40,2.00
2008.08.12 10:17:14.485,2.0733,2.07375,2.10,4.50
2008.08.12 10:17:14.895,2.0733,2.07375,2.10,2.00
2008.08.12 10:17:18.219,2.0733,2.07375,1.00,2.00
2008.08.12 10:17:19.048,2.0733,2.07375,1.00,2.50
2008.08.12 10:17:21.165,2.0733,2.07365,1.00,1.30
2008.08.12 10:17:21.423,2.0733,2.0737,1.00,2.50
2008.08.12 10:17:21.619,2.0733,2.0737,1.00,1.00
2008.08.12 10:17:21.716,2.0733,2.0737,1.00,1.00
2008.08.12 10:17:22.194,2.0733,2.0737,1.00,2.40
2008.08.12 10:17:22.761,2.0733,2.07375,1.00,9.10
2008.08.12 10:17:23.044,2.0733,2.07375,1.00,14.50
2008.08.12 10:17:23.258,2.0733,2.0737,1.00,2.40
2008.08.12 10:17:23.442,2.0733,2.0737,1.00,2.40
2008.08.12 10:17:24.016,2.0733,2.0737,1.00,3.60
2008.08.12 10:17:25.316,2.0733,2.0736,1.00,1.30
2008.08.12 10:17:25.412,2.0733,2.07365,1.00,4.40
2008.08.12 10:17:25.508,2.0733,2.07355,1.00,1.00
2008.08.12 10:17:26.092,2.0733,2.0736,1.00,2.40
2008.08.12 10:17:27.200,2.0733,2.0737,1.00,5.60
2008.08.12 10:17:31.933,2.0733,2.0736,1.00,1.00
2008.08.12 10:17:32.029,2.0733,2.07365,1.00,3.60
2008.08.12 10:17:32.144,2.0733,2.07365,1.00,4.90
2008.08.12 10:17:32.532,2.0733,2.0736,1.00,2.40
2008.08.12 10:17:32.928,2.0733,2.0735,1.00,3.20
2008.08.12 10:17:32.984,2.0733,2.0735,1.00,1.00
2008.08.12 10:17:33.204,2.0733,2.0735,1.00,3.20
2008.08.12 10:17:34.893,2.0733,2.0735,1.00,2.00
2008.08.12 10:17:35.436,2.0733,2.07355,1.00,2.00
2008.08.12 10:17:38.122,2.0733,2.07355,1.00,2.50
2008.08.12 10:17:38.460,2.0733,2.0735,1.00,2.00
2008.08.12 10:17:38.892,2.0733,2.07355,1.00,5.20
2008.08.12 10:17:39.112,2.0733,2.07355,1.00,2.00
2008.08.12 10:17:39.549,2.0733,2.0735,1.00,2.00
2008.08.12 10:17:48.337,2.0733,2.0735,1.00,3.20
2008.08.12 10:17:49.578,2.0733,2.0735,1.00,2.00
2008.08.12 10:17:55.257,2.0733,2.0735,1.00,3.20
2008.08.12 10:17:55.449,2.0733,2.0734,1.00,1.00
2008.08.12 10:17:55.563,2.0733,2.0735,1.00,3.20
2008.08.12 10:17:58.109,2.0733,2.07335,1.00,1.30
2008.08.12 10:17:58.305,2.0733,2.0735,1.00,4.50
2008.08.12 10:17:58.382,2.0733,2.0735,1.00,7.20
2008.08.12 10:17:58.504,2.07285,2.07335,1.80,2.20
2008.08.12 10:17:58.709,2.07285,2.0736,4.90,9.70
2008.08.12 10:17:58.840,2.07285,2.0736,4.90,8.20
2008.08.12 10:17:58.918,2.07285,2.0736,4.90,5.50
2008.08.12 10:17:59.384,2.0729,2.0736,3.10,3.20
2008.08.12 10:18:00.096,2.073,2.0734,3.10,2.00
2008.08.12 10:18:00.371,2.073,2.0733,3.10,3.70
2008.08.12 10:18:00.449,2.073,2.07325,1.00,2.20
2008.08.12 10:18:00.778,2.073,2.0733,1.00,1.00
2008.08.12 10:18:00.806,2.073,2.0734,1.00,2.20
2008.08.12 10:18:00.972,2.07295,2.07345,3.90,2.00
2008.08.12 10:18:01.490,2.073,2.07345,3.10,2.00
2008.08.12 10:18:01.883,2.0731,2.07345,1.00,2.00
2008.08.12 10:18:03.482,2.0731,2.0735,1.00,3.20
2008.08.12 10:18:03.696,2.0731,2.0734,1.00,1.30
2008.08.12 10:18:04.012,2.0731,2.07345,1.00,3.30
2008.08.12 10:18:04.688,2.0731,2.07345,1.00,6.00
2008.08.12 10:18:04.850,2.0731,2.0734,1.00,3.50
2008.08.12 10:18:05.010,2.0731,2.0734,1.00,4.00
2008.08.12 10:18:05.172,2.0731,2.0734,1.00,6.70
2008.08.12 10:18:05.332,2.0731,2.0734,1.00,8.70
2008.08.12 10:18:06.124,2.0731,2.0734,1.00,9.80
2008.08.12 10:18:06.270,2.0731,2.0733,1.00,1.00
2008.08.12 10:18:07.734,2.0731,2.0733,1.00,3.20
2008.08.12 10:18:07.779,2.0731,2.0732,1.00,1.30
2008.08.12 10:18:07.997,2.0731,2.0732,1.00,1.00
2008.08.12 10:18:08.040,2.0731,2.0732,1.00,2.20
2008.08.12 10:18:08.466,2.0731,2.0733,1.00,3.50
2008.08.12 10:18:08.805,2.0731,2.0733,1.00,1.00
2008.08.12 10:18:09.117,2.0731,2.0734,1.00,4.90
2008.08.12 10:18:09.704,2.0731,2.0735,1.00,2.20
2008.08.12 10:18:10.567,2.0731,2.0735,1.00,2.20
2008.08.12 10:18:12.165,2.0731,2.0735,1.00,2.20
2008.08.12 10:18:12.340,2.0731,2.07345,1.00,4.00
2008.08.12 10:18:12.516,2.0731,2.0734,1.00,2.20
2008.08.12 10:18:12.691,2.0731,2.0734,1.00,4.90
2008.08.12 10:18:14.020,2.07305,2.0734,1.00,4.90
2008.08.12 10:18:14.239,2.0731,2.0734,1.00,4.90
2008.08.12 10:18:14.390,2.0731,2.0734,1.00,2.20
2008.08.12 10:18:14.684,2.07305,2.0734,1.60,2.20
2008.08.12 10:18:14.980,2.0731,2.0735,3.70,2.20
2008.08.12 10:18:15.276,2.0731,2.0735,2.00,4.90
2008.08.12 10:18:15.572,2.0731,2.0735,2.00,2.70
2008.08.12 10:18:15.868,2.07315,2.0735,1.00,2.00
2008.08.12 10:18:16.054,2.07315,2.0736,1.00,4.40
2008.08.12 10:18:16.776,2.07315,2.0736,3.60,2.00
2008.08.12 10:18:17.012,2.07315,2.0736,3.60,3.20
2008.08.12 10:18:17.247,2.07315,2.0735,3.10,1.00
2008.08.12 10:18:17.484,2.07315,2.0736,3.10,4.50
2008.08.12 10:18:17.720,2.0731,2.0736,3.30,3.20
2008.08.12 10:18:17.856,2.0731,2.0736,3.10,3.20
2008.08.12 10:18:17.996,2.0731,2.0735,3.10,1.00
2008.08.12 10:18:18.412,2.0731,2.0735,3.30,1.00
2008.08.12 10:18:18.944,2.0731,2.0736,3.30,4.50
2008.08.12 10:18:19.260,2.07315,2.0736,3.10,2.00
2008.08.12 10:18:19.576,2.07315,2.0736,3.30,2.00
2008.08.12 10:18:19.904,2.0732,2.07365,3.10,2.50
2008.08.12 10:18:20.792,2.0732,2.07365,3.10,3.60
2008.08.12 10:18:20.908,2.0732,2.0735,3.10,1.30
2008.08.12 10:18:21.024,2.0732,2.07355,3.10,3.90
2008.08.12 10:18:21.188,2.0732,2.07345,3.10,1.30
2008.08.12 10:18:21.512,2.07315,2.07345,1.00,1.30
2008.08.12 10:18:21.676,2.0731,2.07355,1.00,10.90
2008.08.12 10:18:21.840,2.0731,2.07355,1.00,5.50
2008.08.12 10:18:22.003,2.0731,2.07355,4.10,3.20
2008.08.12 10:18:22.344,2.07315,2.07355,3.10,3.20
2008.08.12 10:18:23.019,2.0732,2.07355,3.10,3.20
2008.08.12 10:18:23.484,2.0732,2.0735,3.10,1.00
2008.08.12 10:18:23.609,2.0732,2.0735,3.30,1.00
2008.08.12 10:18:24.980,2.0732,2.07355,3.30,2.00
2008.08.12 10:18:25.308,2.0732,2.07345,3.30,2.00
2008.08.12 10:18:25.464,2.0732,2.07345,3.10,2.00
2008.08.12 10:18:25.696,2.0732,2.0734,3.10,2.00
2008.08.12 10:18:25.776,2.0731,2.0734,1.00,2.00
2008.08.12 10:18:26.349,2.0731,2.07335,1.00,2.00
2008.08.12 10:18:26.878,2.0731,2.0733,1.00,2.00
2008.08.12 10:18:27.664,2.073,2.0733,1.00,4.70
2008.08.12 10:18:27.924,2.073,2.0733,1.00,7.10
2008.08.12 10:18:28.652,2.073,2.0733,1.00,4.40
2008.08.12 10:18:28.812,2.073,2.0733,1.00,2.00
2008.08.12 10:18:31.272,2.07295,2.0733,1.00,2.00
2008.08.12 10:18:31.576,2.0728,2.0733,2.90,2.00
2008.08.12 10:18:31.841,2.0728,2.07325,3.30,2.00
2008.08.12 10:18:32.105,2.0728,2.07325,3.10,4.70
2008.08.12 10:18:32.628,2.0728,2.07325,1.00,4.40
2008.08.12 10:18:33.648,2.0728,2.07315,1.00,2.00
2008.08.12 10:18:33.888,2.07275,2.07325,1.60,2.20
2008.08.12 10:18:34.129,2.0728,2.07325,1.00,2.20
2008.08.12 10:18:34.368,2.07285,2.0733,3.10,2.00
2008.08.12 10:18:34.608,2.07285,2.07335,3.10,11.70
2008.08.12 10:18:34.868,2.07295,2.07335,1.00,4.90
2008.08.12 10:18:35.128,2.07295,2.07335,3.30,2.50
2008.08.12 10:18:36.372,2.07295,2.0733,3.30,2.00
2008.08.12 10:18:36.741,2.07295,2.0733,3.10,1.00
2008.08.12 10:18:36.840,2.07285,2.07335,4.10,2.80
2008.08.12 10:18:36.946,2.07285,2.07335,4.10,2.20
2008.08.12 10:18:37.051,2.07285,2.07335,4.40,2.20
2008.08.12 10:18:37.246,2.0729,2.0734,3.10,2.00
2008.08.12 10:18:37.872,2.07295,2.0734,3.10,2.00
2008.08.12 10:18:38.547,2.0729,2.0734,3.10,2.00
2008.08.12 10:18:40.011,2.07295,2.07345,1.00,7.60
2008.08.12 10:18:40.625,2.07295,2.07345,1.30,4.90
2008.08.12 10:18:40.712,2.07295,2.07345,4.40,2.50
2008.08.12 10:18:41.414,2.073,2.0734,1.30,1.00
2008.08.12 10:18:41.673,2.073,2.0734,1.30,1.80
2008.08.12 10:18:41.843,2.073,2.0734,4.40,7.20
2008.08.12 10:18:42.008,2.07305,2.0734,3.10,7.20
2008.08.12 10:18:42.888,2.073,2.0734,4.40,7.20
2008.08.12 10:18:44.329,2.07305,2.0734,3.30,1.00
2008.08.12 10:18:45.904,2.07305,2.0734,3.10,1.00
2008.08.12 10:18:46.435,2.07305,2.0734,3.30,1.00
2008.08.12 10:18:47.028,2.07305,2.07335,3.30,2.00
2008.08.12 10:18:47.616,2.07305,2.07345,3.10,2.50
2008.08.12 10:18:47.912,2.0731,2.07345,3.10,2.50
2008.08.12 10:18:50.224,2.0731,2.0734,3.10,1.00
2008.08.12 10:18:52.088,2.0731,2.0734,4.10,1.00
2008.08.12 10:18:52.161,2.0731,2.0734,3.10,1.00
2008.08.12 10:18:52.652,2.0731,2.07355,3.10,2.50
2008.08.12 10:18:52.944,2.0731,2.07345,3.10,2.00
2008.08.12 10:18:53.232,2.07305,2.07345,3.30,2.00
2008.08.12 10:18:54.452,2.07295,2.07345,3.90,2.00
2008.08.12 10:18:54.875,2.07295,2.0735,4.90,4.40
2008.08.12 10:18:55.320,2.073,2.0735,1.00,4.40
2008.08.12 10:18:55.544,2.073,2.0735,3.30,2.00
2008.08.12 10:18:56.306,2.073,2.0735,3.30,3.30
2008.08.12 10:18:56.675,2.073,2.0735,3.10,3.30
2008.08.12 10:18:56.760,2.073,2.07345,3.10,2.00
2008.08.12 10:18:56.861,2.073,2.07345,3.60,2.00
2008.08.12 10:18:57.195,2.073,2.0735,3.60,4.40
2008.08.12 10:18:57.280,2.073,2.0735,1.00,4.40
2008.08.12 10:18:57.453,2.073,2.0735,3.60,2.00
2008.08.12 10:18:57.535,2.073,2.0735,3.90,2.00
2008.08.12 10:18:58.339,2.073,2.07345,3.90,2.00
2008.08.12 10:19:00.121,2.073,2.07345,3.60,4.70
2008.08.12 10:19:00.184,2.073,2.0734,3.60,2.00
2008.08.12 10:19:00.247,2.073,2.0734,3.10,2.00
2008.08.12 10:19:00.311,2.073,2.0734,1.00,2.00
2008.08.12 10:19:00.555,2.073,2.0734,1.00,3.30
2008.08.12 10:19:00.619,2.073,2.0734,1.00,6.00
2008.08.12 10:19:00.744,2.073,2.07325,1.00,2.00
2008.08.12 10:19:02.271,2.073,2.0732,1.00,2.00
2008.08.12 10:19:04.165,2.073,2.0732,1.00,3.20
2008.08.12 10:19:05.020,2.073,2.07305,1.00,2.00
2008.08.12 10:19:05.696,2.0728,2.073,1.64,2.00
2008.08.12 10:19:06.383,2.073,2.07305,1.00,2.00
2008.08.12 10:19:08.512,2.0728,2.073,1.64,2.00
2008.08.12 10:19:09.364,2.073,2.0731,1.00,2.00
2008.08.12 10:19:09.728,2.073,2.0731,1.00,4.40
2008.08.12 10:19:10.867,2.0728,2.073,1.64,2.00
2008.08.12 10:19:12.498,2.0729,2.073,1.00,2.00
2008.08.12 10:19:13.938,2.0729,2.07305,1.00,2.00
2008.08.12 10:19:15.180,2.0727,2.0729,1.64,2.00
2008.08.12 10:19:15.704,2.0728,2.0729,1.00,2.00
2008.08.12 10:19:17.535,2.0727,2.0729,1.00,2.00
2008.08.12 10:19:20.020,2.0727,2.07285,1.00,2.00
2008.08.12 10:19:20.644,2.0727,2.07295,1.00,4.90
2008.08.12 10:19:20.968,2.0727,2.07295,1.00,2.20
2008.08.12 10:19:21.295,2.0727,2.073,1.00,1.00
2008.08.12 10:19:25.093,2.07255,2.073,3.30,1.00
2008.08.12 10:19:25.580,2.0726,2.073,1.00,1.00
2008.08.12 10:19:26.241,2.0726,2.073,1.00,1.00
2008.08.12 10:19:26.304,2.0726,2.073,1.00,1.00
2008.08.12 10:19:26.369,2.07255,2.073,3.30,1.00
2008.08.12 10:19:26.775,2.0726,2.073,3.10,1.00
2008.08.12 10:19:29.340,2.0726,2.073,4.10,1.00
2008.08.12 10:19:29.752,2.0726,2.0731,4.10,2.00
2008.08.12 10:19:30.779,2.0726,2.0731,4.40,2.00
2008.08.12 10:19:31.260,2.0726,2.0731,4.10,2.00
2008.08.12 10:19:32.537,2.0726,2.0731,4.10,4.70
2008.08.12 10:19:32.821,2.0727,2.0731,1.00,7.10
2008.08.12 10:19:34.324,2.0727,2.073,1.00,2.00
2008.08.12 10:19:34.872,2.0728,2.073,1.00,2.00
2008.08.12 10:19:36.302,2.0727,2.073,1.00,2.00
2008.08.12 10:19:38.041,2.0727,2.0728,1.00,2.00
2008.08.12 10:19:38.512,2.0726,2.0728,1.00,2.00
2008.08.12 10:19:38.762,2.0727,2.0729,1.00,2.00
2008.08.12 10:19:39.272,2.0727,2.07295,1.00,4.40
2008.08.12 10:19:39.551,2.0727,2.07295,1.00,2.00
2008.08.12 10:19:39.831,2.0727,2.0729,1.00,2.00
2008.08.12 10:19:41.844,2.0727,2.07295,1.00,2.00
2008.08.12 10:19:46.268,2.0727,2.07285,1.00,2.00
2008.08.12 10:19:47.756,2.0727,2.0728,1.00,2.00
2008.08.12 10:19:48.349,2.0727,2.07285,1.00,2.00
2008.08.12 10:19:49.503,2.0727,2.0729,1.00,2.00
2008.08.12 10:19:50.663,2.0726,2.0729,1.00,2.00
2008.08.12 10:19:52.123,2.0727,2.0729,1.00,2.00
2008.08.12 10:19:52.607,2.0726,2.07295,1.00,2.00
2008.08.12 10:19:52.731,2.07255,2.07295,3.10,2.00
2008.08.12 10:19:53.079,2.0726,2.07295,1.00,4.40
2008.08.12 10:19:53.255,2.0726,2.07295,1.00,2.00
2008.08.12 10:19:54.296,2.07255,2.07295,3.10,2.00
2008.08.12 10:19:54.875,2.07255,2.07295,3.10,2.00
2008.08.12 10:19:55.204,2.07255,2.07295,3.30,2.00
2008.08.12 10:19:55.651,2.07255,2.07295,3.30,3.30
2008.08.12 10:19:55.877,2.07255,2.0729,3.10,1.00
2008.08.12 10:19:56.041,2.07245,2.0729,3.10,1.00
2008.08.12 10:19:56.355,2.0725,2.07285,1.00,2.00
2008.08.12 10:19:56.835,2.0725,2.07285,3.30,2.00
2008.08.12 10:19:57.824,2.0725,2.0729,3.30,2.00
2008.08.12 10:19:58.004,2.07255,2.0729,1.00,2.00
2008.08.12 10:19:58.205,2.07255,2.0729,3.30,2.00
2008.08.12 10:19:58.403,2.07255,2.0729,3.10,2.00
2008.08.12 10:19:58.799,2.07255,2.07285,3.10,2.00
2008.08.12 10:19:58.999,2.07245,2.07285,3.10,2.00
2008.08.12 10:20:03.639,2.07245,2.07285,3.10,2.00
2008.08.12 10:20:15.431,2.0724,2.07285,3.30,2.00
2008.08.12 10:20:18.012,2.0724,2.0729,3.30,2.00
2008.08.12 10:20:18.268,2.07245,2.0729,3.10,2.00
2008.08.12 10:20:18.848,2.0724,2.0729,3.30,2.00
2008.08.12 10:20:21.751,2.07245,2.0729,3.10,2.00
2008.08.12 10:20:22.515,2.07245,2.07295,3.10,2.50
2008.08.12 10:20:22.756,2.0725,2.07295,3.10,2.50
2008.08.12 10:20:26.197,2.0725,2.07295,3.10,5.80
2008.08.12 10:20:26.678,2.07245,2.07295,3.10,5.80
2008.08.12 10:20:27.761,2.07245,2.07295,3.10,2.50
2008.08.12 10:20:28.003,2.07245,2.07295,3.10,5.80
2008.08.12 10:20:28.755,2.0724,2.07295,4.40,10.90
2008.08.12 10:20:29.043,2.0724,2.07295,4.40,7.60
2008.08.12 10:20:31.775,2.0724,2.0728,4.40,1.30
2008.08.12 10:20:31.860,2.0724,2.0728,4.40,1.80
2008.08.12 10:20:31.908,2.0724,2.0728,3.30,1.80
2008.08.12 10:20:31.999,2.0724,2.07285,3.30,3.90
2008.08.12 10:20:32.047,2.0724,2.07285,3.10,6.60
2008.08.12 10:20:32.203,2.0723,2.07285,4.40,9.00
2008.08.12 10:20:32.251,2.0723,2.07285,4.10,9.00
2008.08.12 10:20:33.132,2.0723,2.0727,4.10,1.00
2008.08.12 10:20:34.111,2.0723,2.0728,4.10,1.00
2008.08.12 10:20:34.380,2.07235,2.0727,3.10,1.00
2008.08.12 10:20:37.327,2.07235,2.07285,3.10,4.90
2008.08.12 10:20:38.409,2.07235,2.07285,3.30,4.90
2008.08.12 10:20:38.819,2.07235,2.07285,3.30,2.50
2008.08.12 10:20:42.714,2.0723,2.07275,1.00,2.20
2008.08.12 10:20:43.052,2.0723,2.0726,1.00,1.00
2008.08.12 10:20:43.391,2.0723,2.0726,1.30,1.00
2008.08.12 10:20:43.469,2.0723,2.0726,4.40,1.00
2008.08.12 10:20:44.027,2.0723,2.0726,3.30,1.00
2008.08.12 10:20:45.476,2.0724,2.0726,3.30,1.00
2008.08.12 10:20:45.791,2.0724,2.07265,3.10,2.50
2008.08.12 10:20:46.108,2.07225,2.07265,3.10,2.50
2008.08.12 10:20:46.320,2.07215,2.07265,1.00,2.50
2008.08.12 10:20:46.660,2.07215,2.07265,3.30,2.50
2008.08.12 10:20:47.603,2.0722,2.07265,1.00,2.50
2008.08.12 10:20:48.099,2.0722,2.07265,3.30,2.50
2008.08.12 10:20:49.527,2.0722,2.07265,3.30,2.00
2008.08.12 10:20:51.052,2.0723,2.07265,1.00,2.00
2008.08.12 10:20:52.905,2.0723,2.0726,1.00,2.00
2008.08.12 10:20:53.303,2.0722,2.0726,3.30,2.00
2008.08.12 10:21:04.423,2.0722,2.0726,3.10,2.00
2008.08.12 10:21:04.659,2.0722,2.0726,1.00,4.40
2008.08.12 10:21:04.895,2.0722,2.0726,3.30,2.00
2008.08.12 10:21:15.431,2.0722,2.0726,3.30,1.00
2008.08.12 10:21:15.691,2.0722,2.0726,3.30,2.00
2008.08.12 10:21:20.671,2.07225,2.0726,3.10,2.00
2008.08.12 10:21:20.987,2.07225,2.0725,3.10,1.00
2008.08.12 10:21:21.855,2.0722,2.0725,3.30,1.00
2008.08.12 10:21:22.835,2.0722,2.07255,3.30,2.50
2008.08.12 10:21:23.293,2.07215,2.07255,3.30,2.50
2008.08.12 10:21:25.468,2.07215,2.0725,3.30,2.00
2008.08.12 10:21:26.084,2.07215,2.07255,3.30,2.00
2008.08.12 10:21:26.279,2.0722,2.07255,1.00,2.00
2008.08.12 10:21:26.524,2.0722,2.07255,3.30,2.00
2008.08.12 10:21:27.415,2.0722,2.07255,3.10,2.00
2008.08.12 10:21:27.575,2.07215,2.07255,3.30,2.00
2008.08.12 10:21:28.815,2.0722,2.07255,1.00,2.00
2008.08.12 10:21:29.219,2.0722,2.07255,3.30,2.00
2008.08.12 10:21:33.095,2.07225,2.07255,3.10,2.00
2008.08.12 10:21:35.323,2.0721,2.07255,3.30,2.00
2008.08.12 10:21:35.659,2.07215,2.07255,1.00,2.00
2008.08.12 10:21:35.783,2.0722,2.07255,3.10,2.00
2008.08.12 10:21:42.956,2.0723,2.07255,1.00,2.00
2008.08.12 10:21:43.211,2.0723,2.07265,1.00,2.00
2008.08.12 10:21:43.810,2.0723,2.07265,2.10,2.00
2008.08.12 10:21:44.147,2.07225,2.07265,5.50,2.00
2008.08.12 10:21:44.487,2.07225,2.07265,5.20,2.00
2008.08.12 10:21:47.252,2.07225,2.07265,5.50,2.00
2008.08.12 10:21:48.225,2.07225,2.0726,5.50,2.00
2008.08.12 10:21:48.286,2.0724,2.0726,1.00,2.00
2008.08.12 10:21:56.506,2.0724,2.07265,1.00,2.00
2008.08.12 10:21:56.602,2.0725,2.07265,1.00,2.00
2008.08.12 10:21:57.099,2.0725,2.0727,1.00,3.20
2008.08.12 10:22:01.823,2.0725,2.0727,1.00,2.00
2008.08.12 10:22:04.427,2.0725,2.0728,1.00,2.00
2008.08.12 10:22:05.875,2.0726,2.0728,1.00,2.00
2008.08.12 10:22:10.189,2.0726,2.0729,1.00,3.20
2008.08.12 10:22:13.616,2.0726,2.0729,1.00,4.30
2008.08.12 10:22:14.228,2.0726,2.0729,1.00,3.20
2008.08.12 10:22:15.852,2.0726,2.0729,1.00,4.30
2008.08.12 10:22:16.335,2.0726,2.0729,1.00,3.20
2008.08.12 10:22:16.622,2.0726,2.0729,1.00,4.30
2008.08.12 10:22:19.187,2.0725,2.0729,1.00,4.30
2008.08.12 10:22:19.475,2.0725,2.0729,1.00,4.30
2008.08.12 10:22:19.763,2.0725,2.07295,1.00,7.10
2008.08.12 10:22:20.051,2.07255,2.07295,1.00,7.10
2008.08.12 10:22:20.232,2.0725,2.07295,3.20,2.00
2008.08.12 10:22:21.895,2.0726,2.07295,1.00,2.00
2008.08.12 10:22:21.955,2.07255,2.07295,3.30,2.00
2008.08.12 10:22:22.641,2.07255,2.07295,3.10,2.00
2008.08.12 10:22:22.896,2.0726,2.07295,1.00,2.00
2008.08.12 10:22:24.223,2.0727,2.07295,1.00,2.00
2008.08.12 10:22:24.351,2.0727,2.073,1.00,2.00
2008.08.12 10:22:24.975,2.0727,2.07295,1.00,1.00
2008.08.12 10:22:25.255,2.0727,2.073,1.00,4.70
2008.08.12 10:22:25.536,2.0727,2.073,1.00,4.40
2008.08.12 10:22:25.814,2.0727,2.073,1.00,2.00
2008.08.12 10:22:27.795,2.0727,2.07305,1.00,7.10
2008.08.12 10:22:27.902,2.0727,2.07305,1.00,4.40
2008.08.12 10:22:28.186,2.0727,2.07305,1.00,2.00
2008.08.12 10:22:28.771,2.0727,2.073,1.00,2.00
2008.08.12 10:22:28.929,2.07255,2.073,3.50,2.00
2008.08.12 10:22:29.079,2.07255,2.073,3.20,2.00
2008.08.12 10:22:29.399,2.0725,2.073,3.10,3.10
2008.08.12 10:22:29.719,2.0725,2.073,3.10,2.00
2008.08.12 10:22:32.673,2.07255,2.073,1.00,2.00
2008.08.12 10:22:33.078,2.07255,2.073,3.30,2.00
2008.08.12 10:22:33.797,2.07255,2.07305,3.30,2.50
2008.08.12 10:22:33.964,2.0726,2.07305,1.00,2.50
2008.08.12 10:22:34.295,2.0726,2.073,4.40,1.00
2008.08.12 10:22:34.798,2.07265,2.073,3.10,1.00
2008.08.12 10:22:35.475,2.07265,2.073,3.30,1.00
2008.08.12 10:22:35.923,2.07265,2.073,4.40,1.00
2008.08.12 10:22:36.267,2.07275,2.073,1.00,1.00
2008.08.12 10:22:36.443,2.07275,2.073,3.30,1.00
2008.08.12 10:22:36.659,2.07275,2.073,3.10,1.00
2008.08.12 10:22:36.879,2.07265,2.073,4.40,1.00
2008.08.12 10:22:37.315,2.07275,2.073,1.00,1.00
2008.08.12 10:22:37.750,2.0728,2.0731,3.10,1.00
2008.08.12 10:22:39.559,2.0728,2.07315,3.10,2.50
2008.08.12 10:22:40.211,2.07275,2.07315,3.30,2.50
2008.08.12 10:22:40.467,2.07275,2.07315,3.10,2.50
2008.08.12 10:22:40.723,2.0727,2.07315,3.10,2.50
2008.08.12 10:22:42.311,2.0727,2.07315,3.30,2.50
2008.08.12 10:22:43.639,2.0727,2.07315,4.80,2.50
2008.08.12 10:22:44.019,2.0727,2.07315,4.50,2.50
2008.08.12 10:22:44.356,2.0727,2.07315,1.70,2.50
2008.08.12 10:22:44.515,2.0727,2.07315,4.80,2.50
2008.08.12 10:22:44.831,2.0727,2.07315,4.50,2.50
2008.08.12 10:22:45.160,2.0727,2.07315,1.40,2.50
2008.08.12 10:22:49.679,2.0727,2.07315,1.40,4.90
2008.08.12 10:22:51.500,2.0727,2.07315,1.40,4.40
2008.08.12 10:22:52.198,2.0727,2.0731,1.40,2.00
2008.08.12 10:22:53.229,2.07265,2.0731,3.10,2.00
2008.08.12 10:22:53.445,2.07265,2.0731,3.10,4.70
2008.08.12 10:22:53.852,2.0727,2.07305,1.00,2.00
2008.08.12 10:23:00.666,2.0726,2.07305,3.50,2.00
2008.08.12 10:23:00.894,2.0726,2.07305,3.30,2.00
2008.08.12 10:23:01.122,2.0727,2.07305,1.00,2.00
2008.08.12 10:23:01.307,2.0726,2.07305,3.30,2.00
2008.08.12 10:23:01.770,2.0727,2.07305,1.00,2.00
2008.08.12 10:23:02.100,2.0726,2.07305,3.30,2.00
2008.08.12 10:23:02.620,2.0727,2.07305,1.00,2.00
2008.08.12 10:23:03.139,2.0726,2.07305,3.10,2.00
2008.08.12 10:23:03.958,2.0726,2.073,3.10,2.00
2008.08.12 10:23:04.099,2.07255,2.073,3.10,2.00
2008.08.12 10:23:04.439,2.07255,2.073,3.10,2.00
2008.08.12 10:23:04.779,2.0726,2.07295,1.00,2.00
2008.08.12 10:23:05.334,2.0726,2.073,1.00,2.00
2008.08.12 10:23:05.780,2.0726,2.073,3.20,2.00
2008.08.12 10:23:06.659,2.0726,2.0729,3.20,1.00
2008.08.12 10:23:06.935,2.0726,2.07295,3.20,2.50
2008.08.12 10:23:07.507,2.0726,2.07295,1.00,2.50
2008.08.12 10:23:08.258,2.0726,2.07295,1.00,2.00
2008.08.12 10:23:14.775,2.0726,2.07305,1.00,7.10
2008.08.12 10:23:15.051,2.0726,2.0731,1.70,4.90
2008.08.12 10:23:15.327,2.0728,2.0731,1.00,2.20
2008.08.12 10:23:15.602,2.0728,2.07315,1.00,4.90
2008.08.12 10:23:16.054,2.0728,2.07315,1.00,2.50
2008.08.12 10:23:18.647,2.0728,2.0731,1.00,1.00
2008.08.12 10:23:19.276,2.0728,2.07325,3.20,2.50
2008.08.12 10:23:19.950,2.0728,2.0731,3.20,1.00
2008.08.12 10:23:20.611,2.0728,2.0731,1.00,1.00
2008.08.12 10:23:20.944,2.0728,2.0732,1.00,5.90
2008.08.12 10:23:21.111,2.0728,2.0731,1.00,3.20
2008.08.12 10:23:21.805,2.0728,2.0731,1.00,5.50
2008.08.12 10:23:22.399,2.0728,2.0731,1.00,3.20
2008.08.12 10:23:23.718,2.0728,2.07305,1.00,2.00
2008.08.12 10:23:29.835,2.0728,2.0731,1.00,1.00
2008.08.12 10:23:30.175,2.07265,2.07315,4.70,2.00
2008.08.12 10:23:30.514,2.0728,2.07315,1.00,2.00
2008.08.12 10:23:32.008,2.0729,2.0732,1.00,4.70
2008.08.12 10:23:32.259,2.0729,2.0732,1.00,2.00
2008.08.12 10:23:32.991,2.0729,2.07315,1.00,2.00
2008.08.12 10:23:33.475,2.0729,2.07325,1.00,2.50
2008.08.12 10:23:33.920,2.0729,2.0732,1.00,1.00
2008.08.12 10:23:35.751,2.0729,2.07325,1.00,2.50
2008.08.12 10:23:37.207,2.0729,2.0731,1.00,1.00
2008.08.12 10:23:37.845,2.0729,2.07325,1.00,7.90
2008.08.12 10:23:37.989,2.0729,2.07325,1.00,2.50
2008.08.12 10:23:38.094,2.0729,2.0732,1.00,1.00
2008.08.12 10:23:38.309,2.0729,2.0732,1.00,1.00
2008.08.12 10:23:38.542,2.0729,2.0732,3.50,1.00
2008.08.12 10:23:39.306,2.0729,2.0732,3.20,1.00
2008.08.12 10:23:39.646,2.0729,2.0732,1.00,1.00
2008.08.12 10:23:40.631,2.0729,2.0732,1.00,1.00
2008.08.12 10:23:40.951,2.073,2.07325,1.00,2.50
2008.08.12 10:23:42.034,2.073,2.0732,1.00,1.00
2008.08.12 10:23:42.724,2.073,2.07325,1.00,2.50
2008.08.12 10:23:49.259,2.073,2.0732,1.00,1.00
2008.08.12 10:23:50.083,2.073,2.07325,1.00,2.50
2008.08.12 10:23:50.423,2.073,2.07325,1.00,2.00
2008.08.12 10:23:53.434,2.073,2.07335,1.00,2.50
2008.08.12 10:23:53.938,2.073,2.0733,1.00,2.00
2008.08.12 10:23:54.222,2.073,2.0733,1.00,1.00
2008.08.12 10:23:54.367,2.073,2.07335,1.00,2.80
2008.08.12 10:23:54.664,2.073,2.0734,1.00,3.20
2008.08.12 10:23:54.795,2.073,2.0734,1.00,2.00
2008.08.12 10:23:54.938,2.073,2.07345,1.00,13.00
2008.08.12 10:23:55.279,2.073,2.07345,1.00,11.70
2008.08.12 10:23:55.619,2.073,2.07345,1.00,14.40
2008.08.12 10:23:55.960,2.073,2.07345,1.00,10.30
2008.08.12 10:23:56.078,2.073,2.07345,1.00,7.90
2008.08.12 10:23:56.950,2.073,2.07345,1.00,9.30
2008.08.12 10:23:57.256,2.073,2.07345,1.00,12.00
2008.08.12 10:23:57.319,2.073,2.07345,1.00,10.60
2008.08.12 10:23:57.382,2.073,2.07345,1.00,7.90
2008.08.12 10:23:57.448,2.073,2.07345,1.00,10.60
2008.08.12 10:23:57.765,2.073,2.07345,1.00,13.00
2008.08.12 10:23:59.899,2.073,2.07345,1.00,17.60
2008.08.12 10:24:00.109,2.073,2.0734,1.00,2.70
2008.08.12 10:24:00.329,2.073,2.0734,1.00,2.20
2008.08.12 10:24:00.494,2.073,2.07345,1.00,13.00
2008.08.12 10:24:02.291,2.073,2.0733,1.00,1.00
2008.08.12 10:24:02.439,2.073,2.07335,1.00,2.50
2008.08.12 10:24:02.786,2.073,2.0732,1.00,1.00
2008.08.12 10:24:03.023,2.0728,2.0732,4.40,1.00
2008.08.12 10:24:03.258,2.0728,2.0733,3.10,4.70
2008.08.12 10:24:03.494,2.073,2.0733,1.00,4.70
2008.08.12 10:24:03.731,2.073,2.0733,1.00,4.40
2008.08.12 10:24:03.994,2.073,2.0733,1.00,2.00
2008.08.12 10:24:18.946,2.0731,2.07335,1.00,2.50
2008.08.12 10:24:22.246,2.0731,2.0733,1.00,1.00
2008.08.12 10:24:22.417,2.0731,2.0734,1.00,2.00
2008.08.12 10:24:29.582,2.0731,2.07335,1.00,2.00
2008.08.12 10:24:34.850,2.0731,2.0734,1.00,2.00
2008.08.12 10:24:39.061,2.0731,2.07335,1.00,2.00
2008.08.12 10:24:41.811,2.0731,2.07345,1.00,7.90
2008.08.12 10:24:42.114,2.0731,2.07345,1.00,9.30
2008.08.12 10:24:42.294,2.0731,2.07345,1.00,12.00
2008.08.12 10:24:42.502,2.0731,2.07345,1.00,9.30
2008.08.12 10:24:42.562,2.0731,2.07345,1.00,11.70
2008.08.12 10:24:43.495,2.0731,2.07345,1.00,6.30
2008.08.12 10:24:44.018,2.0731,2.07345,1.00,4.90
2008.08.12 10:24:44.217,2.0731,2.07345,1.00,2.50
2008.08.12 10:24:45.648,2.0731,2.07335,1.00,2.00
2008.08.12 10:24:48.856,2.0731,2.07335,1.00,5.20
2008.08.12 10:24:48.936,2.0731,2.0733,1.00,1.00
2008.08.12 10:24:49.787,2.0731,2.07335,1.00,2.00
2008.08.12 10:24:52.310,2.0731,2.07335,1.00,4.40
2008.08.12 10:24:53.034,2.0731,2.07335,1.00,2.00
2008.08.12 10:24:53.159,2.0731,2.0733,1.00,3.30
2008.08.12 10:24:53.282,2.0731,2.0732,1.00,1.00
2008.08.12 10:24:53.647,2.0731,2.07325,1.00,2.80
2008.08.12 10:24:54.130,2.0731,2.07325,1.00,4.90
2008.08.12 10:24:54.374,2.0731,2.07325,1.00,2.50
2008.08.12 10:24:56.851,2.0731,2.0732,1.00,1.00
2008.08.12 10:25:05.483,2.0731,2.07325,1.00,3.90
2008.08.12 10:25:06.132,2.0731,2.0732,1.00,1.00
2008.08.12 10:25:06.304,2.0731,2.07315,1.00,2.00
2008.08.12 10:25:07.407,2.0731,2.0732,1.00,2.00
2008.08.12 10:25:09.689,2.0731,2.07315,1.00,2.00
2008.08.12 10:25:11.873,2.0731,2.0732,1.00,4.50
2008.08.12 10:25:11.963,2.0731,2.0732,1.00,3.20
2008.08.12 10:25:12.167,2.0731,2.0732,1.00,4.50
2008.08.12 10:25:12.254,2.0731,2.0732,1.00,7.20
2008.08.12 10:25:12.403,2.0731,2.0732,1.00,9.70
2008.08.12 10:25:13.521,2.0731,2.0732,1.00,4.50
2008.08.12 10:25:14.082,2.0731,2.07315,1.00,2.00
2008.08.12 10:25:14.614,2.07255,2.07305,3.30,1.30
2008.08.12 10:25:14.795,2.07255,2.07305,3.10,2.00
2008.08.12 10:25:14.974,2.0724,2.07305,6.60,2.00
2008.08.12 10:25:15.315,2.0724,2.073,6.60,3.20
2008.08.12 10:25:15.656,2.07255,2.073,3.30,3.20
2008.08.12 10:25:16.156,2.07255,2.0729,3.30,1.30
2008.08.12 10:25:16.321,2.07255,2.07295,3.10,3.30
2008.08.12 10:25:16.483,2.07255,2.07295,3.10,6.00
2008.08.12 10:25:16.648,2.07255,2.07295,3.10,4.00
2008.08.12 10:25:16.810,2.0725,2.07295,1.00,4.80
2008.08.12 10:25:17.298,2.0725,2.073,3.30,3.20
2008.08.12 10:25:17.462,2.0726,2.073,1.00,3.20
2008.08.12 10:25:17.962,2.0726,2.07295,1.00,2.00
2008.08.12 10:25:18.550,2.0726,2.07285,1.00,2.00
2008.08.12 10:25:23.114,2.0726,2.0729,1.00,2.00
2008.08.12 10:25:23.209,2.0726,2.0729,1.00,4.70
2008.08.12 10:25:23.350,2.0726,2.0729,1.00,7.00
2008.08.12 10:25:23.913,2.0726,2.0729,1.00,2.00
2008.08.12 10:25:24.056,2.0726,2.07285,1.00,2.00
2008.08.12 10:25:27.282,2.0726,2.0729,1.00,2.00
2008.08.12 10:25:28.222,2.0726,2.07285,1.00,2.00
2008.08.12 10:25:29.922,2.0726,2.0729,1.00,4.30
2008.08.12 10:25:30.164,2.0725,2.0728,1.00,1.30
2008.08.12 10:25:30.407,2.0725,2.07275,1.00,2.00
2008.08.12 10:25:31.253,2.0725,2.0727,1.00,3.20
2008.08.12 10:25:31.536,2.0725,2.0728,1.00,2.00
2008.08.12 10:25:31.711,2.07245,2.07275,3.10,2.00
2008.08.12 10:25:31.874,2.0725,2.07275,1.00,2.00
2008.08.12 10:25:34.427,2.0725,2.07265,1.00,2.00
2008.08.12 10:25:35.438,2.0725,2.0727,1.00,2.00
2008.08.12 10:25:37.086,2.0725,2.0727,1.00,4.30
2008.08.12 10:25:37.186,2.0725,2.0727,1.00,3.20
2008.08.12 10:25:39.314,2.0725,2.07265,1.00,2.00
2008.08.12 10:25:39.514,2.0724,2.07265,1.00,4.70
2008.08.12 10:25:39.623,2.0723,2.07265,3.10,4.70
2008.08.12 10:25:39.727,2.0723,2.07255,2.10,2.00
2008.08.12 10:25:40.367,2.0723,2.0725,2.10,1.00
2008.08.12 10:25:40.706,2.0723,2.0725,1.00,1.00
2008.08.12 10:25:41.378,2.0723,2.07255,1.00,2.00
2008.08.12 10:25:42.542,2.0723,2.07255,1.00,5.20
2008.08.12 10:25:42.839,2.0723,2.07255,1.00,2.00
2008.08.12 10:25:42.982,2.0723,2.07245,1.00,2.00
2008.08.12 10:25:43.262,2.0723,2.07255,1.00,5.20
2008.08.12 10:25:43.734,2.0723,2.0725,1.00,3.20
2008.08.12 10:25:44.526,2.0723,2.07245,1.00,2.00
2008.08.12 10:25:44.844,2.0723,2.0725,1.00,8.20
2008.08.12 10:25:45.162,2.0722,2.0724,1.00,1.00
2008.08.12 10:25:45.479,2.0722,2.0725,1.00,8.20
2008.08.12 10:25:45.758,2.0722,2.0725,1.00,3.30
2008.08.12 10:25:46.038,2.0722,2.0725,1.00,1.00
2008.08.12 10:25:46.318,2.0722,2.07245,1.00,2.00
2008.08.12 10:25:47.898,2.0722,2.0724,1.00,2.00
2008.08.12 10:25:48.600,2.0722,2.0724,1.00,4.30
2008.08.12 10:25:48.814,2.0722,2.0723,1.00,1.00
2008.08.12 10:25:49.031,2.0721,2.0723,2.10,1.00
2008.08.12 10:25:49.246,2.072,2.0721,2.13,2.00
2008.08.12 10:25:49.571,2.072,2.0721,1.00,3.20
2008.08.12 10:25:49.894,2.0719,2.0721,2.10,3.20
2008.08.12 10:25:50.218,2.0719,2.072,2.10,2.00
2008.08.12 10:25:50.547,2.0718,2.072,2.10,2.00
2008.08.12 10:25:50.843,2.0718,2.0719,2.10,2.40
2008.08.12 10:25:51.141,2.0718,2.0719,2.10,2.70
2008.08.12 10:25:51.683,2.0716,2.0717,8.50,3.20
2008.08.12 10:25:51.926,2.0716,2.0717,8.50,3.20
2008.08.12 10:25:52.410,2.0716,2.0717,8.50,2.00
2008.08.12 10:25:53.083,2.0716,2.07175,5.40,2.00
2008.08.12 10:25:53.516,2.0716,2.0718,5.40,1.30
2008.08.12 10:25:53.718,2.0716,2.07165,5.40,2.00
2008.08.12 10:25:53.918,2.0716,2.07165,5.40,2.70
2008.08.12 10:25:54.122,2.0716,2.07165,5.40,4.80
2008.08.12 10:25:54.322,2.0716,2.07165,5.40,2.90
2008.08.12 10:25:54.663,2.07145,2.0715,5.90,2.10
2008.08.12 10:25:55.002,2.0716,2.0717,5.40,2.00
2008.08.12 10:25:55.338,2.0716,2.0718,1.00,2.00
2008.08.12 10:25:55.642,2.0716,2.07185,1.00,2.00
2008.08.12 10:25:55.943,2.0717,2.07185,1.00,2.00
2008.08.12 10:25:56.260,2.0717,2.0719,1.00,2.00
2008.08.12 10:25:57.034,2.0717,2.0719,1.00,4.70
2008.08.12 10:25:57.270,2.0717,2.07185,1.00,2.10
2008.08.12 10:25:57.507,2.0717,2.07185,1.00,4.30
2008.08.12 10:25:58.742,2.0717,2.07185,1.00,2.00
2008.08.12 10:25:59.502,2.0717,2.0719,1.00,4.80
2008.08.12 10:25:59.690,2.0717,2.07185,1.00,2.70
2008.08.12 10:25:59.874,2.0717,2.0719,1.00,2.10
2008.08.12 10:26:00.076,2.0717,2.0718,1.00,2.10
2008.08.12 10:26:00.262,2.0717,2.072,1.00,2.00
2008.08.12 10:26:00.910,2.0717,2.072,1.00,2.00
2008.08.12 10:26:01.190,2.0717,2.0719,1.00,2.00
2008.08.12 10:26:02.022,2.0718,2.0719,1.00,2.00
2008.08.12 10:26:03.842,2.0717,2.0719,2.10,2.00
2008.08.12 10:26:04.222,2.0717,2.0719,1.00,2.00
2008.08.12 10:26:04.454,2.0717,2.07185,1.00,2.00
2008.08.12 10:26:07.074,2.0717,2.0718,1.00,2.00
2008.08.12 10:26:09.219,2.0717,2.07185,1.00,2.00
2008.08.12 10:26:09.850,2.0717,2.0719,1.00,2.00
2008.08.12 10:26:10.332,2.0717,2.0718,1.00,2.00
2008.08.12 10:26:10.671,2.07155,2.0718,3.30,2.00
2008.08.12 10:26:11.011,2.0717,2.0719,1.00,2.00
2008.08.12 10:26:11.118,2.0717,2.072,1.00,2.00
2008.08.12 10:26:11.222,2.0717,2.07185,1.00,2.10
2008.08.12 10:26:11.742,2.0717,2.07205,1.00,2.10
2008.08.12 10:26:12.058,2.0717,2.07205,1.00,4.80
2008.08.12 10:26:12.544,2.0717,2.07205,1.00,2.10
2008.08.12 10:26:12.786,2.07165,2.07215,3.10,4.30
2008.08.12 10:26:13.030,2.07165,2.072,3.30,2.00
2008.08.12 10:26:14.484,2.07165,2.072,3.10,2.00
2008.08.12 10:26:15.038,2.0717,2.072,1.00,2.00
2008.08.12 10:26:15.222,2.0717,2.0721,1.00,2.00
2008.08.12 10:26:16.249,2.0717,2.07215,1.00,4.30
2008.08.12 10:26:16.710,2.0717,2.07215,1.00,2.10
2008.08.12 10:26:16.894,2.0717,2.07215,1.00,2.10
2008.08.12 10:26:16.998,2.0717,2.0722,3.90,2.00
2008.08.12 10:26:17.570,2.0717,2.0722,3.30,2.00
2008.08.12 10:26:17.731,2.0717,2.0721,3.10,2.00
2008.08.12 10:26:17.895,2.07165,2.0721,3.10,2.00
2008.08.12 10:26:18.742,2.07165,2.0721,3.30,2.00
2008.08.12 10:26:18.902,2.07165,2.07205,3.30,2.00
2008.08.12 10:26:19.142,2.07165,2.07205,3.10,2.00
2008.08.12 10:26:19.742,2.07165,2.072,3.10,2.00
2008.08.12 10:26:20.562,2.0717,2.07195,1.00,2.00
2008.08.12 10:26:22.347,2.0718,2.07195,1.00,2.00
2008.08.12 10:26:23.911,2.0719,2.072,1.00,2.10
2008.08.12 10:26:24.958,2.0719,2.07215,1.00,2.00
2008.08.12 10:26:25.384,2.0719,2.0722,1.00,4.80
2008.08.12 10:26:25.903,2.0719,2.0722,1.00,3.20
2008.08.12 10:26:26.078,2.0719,2.07225,1.00,2.00
2008.08.12 10:26:26.250,2.0719,2.0723,1.00,7.00
2008.08.12 10:26:26.422,2.0719,2.07225,1.00,2.70
2008.08.12 10:26:26.618,2.0719,2.0722,1.00,2.10
2008.08.12 10:26:26.814,2.0719,2.0722,1.00,2.10
2008.08.12 10:26:27.012,2.0719,2.07225,1.00,4.80
2008.08.12 10:26:27.218,2.0719,2.0723,1.00,2.10
2008.08.12 10:26:27.414,2.0719,2.07235,1.00,7.00
2008.08.12 10:26:27.598,2.0719,2.07225,1.00,2.70
2008.08.12 10:26:27.782,2.0719,2.0722,1.00,4.80
2008.08.12 10:26:27.966,2.0719,2.0722,1.00,2.10
2008.08.12 10:26:28.150,2.0719,2.07225,1.00,4.80
2008.08.12 10:26:28.335,2.0719,2.0723,1.00,2.10
2008.08.12 10:26:28.522,2.0719,2.07235,1.00,2.00
2008.08.12 10:26:29.982,2.07195,2.0724,1.00,7.00
2008.08.12 10:26:30.738,2.07185,2.0724,4.40,7.00
2008.08.12 10:26:31.187,2.0719,2.0724,1.00,7.00
2008.08.12 10:26:31.410,2.07195,2.0723,1.00,2.70
2008.08.12 10:26:31.634,2.07195,2.0723,1.00,2.10
2008.08.12 10:26:31.858,2.07195,2.0724,3.90,2.00
2008.08.12 10:26:31.998,2.07195,2.0724,3.90,2.00
2008.08.12 10:26:32.278,2.072,2.0724,3.10,2.00
2008.08.12 10:26:32.938,2.072,2.0725,3.10,4.30
2008.08.12 10:26:33.554,2.07205,2.0725,1.00,4.30
2008.08.12 10:26:33.670,2.07205,2.0725,3.30,2.00
2008.08.12 10:26:35.501,2.07205,2.07255,3.30,2.50
2008.08.12 10:26:35.990,2.07215,2.07255,3.10,2.50
2008.08.12 10:26:36.161,2.07215,2.07255,3.10,5.20
2008.08.12 10:26:36.246,2.07215,2.07255,3.10,2.50
2008.08.12 10:26:36.330,2.07205,2.07255,3.90,2.50
2008.08.12 10:26:36.414,2.07205,2.07255,3.30,2.50
2008.08.12 10:26:36.498,2.07205,2.07255,3.10,2.50
2008.08.12 10:26:36.582,2.07205,2.07255,3.10,5.20
2008.08.12 10:26:36.671,2.072,2.07255,4.40,7.50
2008.08.12 10:26:36.770,2.072,2.0725,3.30,2.00
2008.08.12 10:26:37.042,2.07195,2.0725,4.40,7.00
2008.08.12 10:26:37.321,2.072,2.0725,1.00,4.30
2008.08.12 10:26:37.594,2.072,2.07245,1.00,2.00
2008.08.12 10:26:37.866,2.072,2.07245,3.30,2.00
2008.08.12 10:26:38.934,2.072,2.0725,3.30,2.00
2008.08.12 10:26:39.502,2.07205,2.0725,3.10,2.00
2008.08.12 10:26:40.330,2.07205,2.07255,3.10,7.90
2008.08.12 10:26:40.670,2.07205,2.07255,3.10,2.50
2008.08.12 10:26:41.010,2.07205,2.07245,3.10,2.00
2008.08.12 10:26:41.290,2.07205,2.0725,3.10,2.00
2008.08.12 10:26:41.722,2.07205,2.0725,3.30,2.00
2008.08.12 10:26:42.002,2.07205,2.0725,3.10,2.00
2008.08.12 10:26:43.355,2.07205,2.0724,3.10,2.00
2008.08.12 10:26:43.983,2.07205,2.0724,3.10,4.70
2008.08.12 10:26:44.111,2.072,2.07235,1.00,4.30
2008.08.12 10:26:44.870,2.072,2.0723,1.00,2.00
2008.08.12 10:26:45.122,2.072,2.07235,1.00,2.10
2008.08.12 10:26:45.458,2.0721,2.07235,1.00,2.10
2008.08.12 10:26:45.798,2.0721,2.07245,1.00,4.30
2008.08.12 10:26:46.138,2.0721,2.07245,1.00,2.00
2008.08.12 10:26:46.384,2.0721,2.07245,1.00,2.00
2008.08.12 10:26:46.611,2.0721,2.07245,1.00,2.00
2008.08.12 10:26:46.722,2.0721,2.0725,1.00,2.00
2008.08.12 10:26:46.835,2.0721,2.0725,1.00,4.70
2008.08.12 10:26:46.946,2.0721,2.0725,1.00,2.00
2008.08.12 10:26:47.057,2.0721,2.0725,1.00,4.30
2008.08.12 10:26:47.169,2.0721,2.0725,1.00,4.30
2008.08.12 10:26:47.282,2.07215,2.0725,1.00,2.00
2008.08.12 10:26:47.374,2.07215,2.0725,1.00,2.00
2008.08.12 10:26:47.467,2.07215,2.07245,1.00,2.00
2008.08.12 10:26:47.559,2.07215,2.07255,1.00,4.30
2008.08.12 10:26:47.654,2.07215,2.07255,1.00,4.30
2008.08.12 10:26:47.748,2.07215,2.07255,1.00,2.00
2008.08.12 10:26:47.842,2.07215,2.07255,1.00,4.70
2008.08.12 10:26:48.036,2.07215,2.07255,1.00,4.30
2008.08.12 10:26:48.130,2.07215,2.07255,1.00,2.00
2008.08.12 10:26:48.477,2.07215,2.07255,1.00,2.00
2008.08.12 10:26:48.822,2.07215,2.07255,1.00,2.00
2008.08.12 10:26:49.514,2.07215,2.0725,1.00,2.00
2008.08.12 10:26:49.866,2.07215,2.07255,1.00,2.00
2008.08.12 10:26:50.332,2.0721,2.07255,3.20,2.00
2008.08.12 10:26:50.509,2.0721,2.07255,3.10,2.00
2008.08.12 10:26:50.754,2.07215,2.07255,1.00,2.00
2008.08.12 10:26:50.997,2.07215,2.07255,1.00,4.30
2008.08.12 10:26:51.248,2.07215,2.07255,1.00,2.00
2008.08.12 10:26:51.505,2.0721,2.0725,3.90,2.00
2008.08.12 10:26:51.625,2.0721,2.0725,3.60,2.00
2008.08.12 10:26:51.666,2.0722,2.0725,1.00,2.00
2008.08.12 10:26:51.709,2.0722,2.0725,1.00,2.00
2008.08.12 10:26:51.910,2.0722,2.0726,1.00,2.00
2008.08.12 10:26:52.414,2.0722,2.0726,1.00,2.00
2008.08.12 10:26:52.668,2.0722,2.0726,3.90,2.00
2008.08.12 10:26:52.882,2.0722,2.0726,3.60,2.00
2008.08.12 10:26:53.105,2.0722,2.0726,1.00,2.00
2008.08.12 10:26:53.318,2.0722,2.0726,3.90,2.00
2008.08.12 10:26:54.162,2.0722,2.0726,4.00,2.00
2008.08.12 10:26:54.254,2.0722,2.07265,4.00,2.00
2008.08.12 10:26:54.346,2.0722,2.07265,3.90,2.00
2008.08.12 10:26:54.634,2.0722,2.07265,3.60,2.00
2008.08.12 10:26:54.726,2.07215,2.07265,3.30,4.30
2008.08.12 10:26:55.154,2.07225,2.0726,1.00,2.10
2008.08.12 10:26:55.490,2.0722,2.0726,1.00,2.00
2008.08.12 10:26:56.772,2.0721,2.0726,5.60,2.00
2008.08.12 10:26:57.010,2.0722,2.0726,1.00,2.00
2008.08.12 10:26:58.929,2.0722,2.0726,3.70,2.00
2008.08.12 10:26:59.034,2.0722,2.0726,3.90,2.00
2008.08.12 10:26:59.466,2.0722,2.0726,3.30,2.00
2008.08.12 10:26:59.570,2.07215,2.0726,3.20,2.00
2008.08.12 10:26:59.675,2.07215,2.0726,3.30,2.00
2008.08.12 10:26:59.886,2.0722,2.0726,1.00,2.00
2008.08.12 10:27:00.222,2.0722,2.07245,1.00,2.00
2008.08.12 10:27:00.558,2.07215,2.07245,3.10,2.00
2008.08.12 10:27:00.903,2.0722,2.0724,1.00,2.00
2008.08.12 10:27:01.150,2.0722,2.07235,1.00,2.00
2008.08.12 10:27:01.714,2.0722,2.0723,1.00,2.00
2008.08.12 10:27:03.017,2.072,2.0723,3.10,2.00
2008.08.12 10:27:03.294,2.0721,2.07235,1.00,2.00
2008.08.12 10:27:03.846,2.0721,2.0723,1.00,2.00
2008.08.12 10:27:04.510,2.072,2.0723,1.00,2.00
2008.08.12 10:27:05.006,2.072,2.07225,1.00,2.00
2008.08.12 10:27:05.507,2.072,2.0722,1.00,2.70
2008.08.12 10:27:05.847,2.072,2.0722,1.00,7.00
2008.08.12 10:27:06.186,2.072,2.0722,1.00,4.30
2008.08.12 10:27:06.350,2.072,2.0722,1.00,2.00
2008.08.12 10:27:07.006,2.0719,2.0722,1.00,2.00
2008.08.12 10:27:07.891,2.0719,2.07225,1.00,4.30
2008.08.12 10:27:08.134,2.0719,2.07225,1.00,2.00
2008.08.12 10:27:08.951,2.0719,2.0722,1.00,2.00
2008.08.12 10:27:09.158,2.072,2.0722,1.00,2.00
2008.08.12 10:27:09.979,2.072,2.0722,1.00,4.30
2008.08.12 10:27:10.854,2.072,2.0722,1.00,2.00
2008.08.12 10:27:13.738,2.072,2.07215,1.00,2.00
2008.08.12 10:27:16.106,2.072,2.0722,1.00,2.00
2008.08.12 10:27:16.618,2.0719,2.0722,1.00,2.00
2008.08.12 10:27:16.762,2.0719,2.07225,1.00,4.30
2008.08.12 10:27:17.228,2.07185,2.07225,3.10,2.00
2008.08.12 10:27:17.472,2.072,2.07225,1.00,2.00
2008.08.12 10:27:18.887,2.072,2.0722,1.00,2.00
2008.08.12 10:27:19.390,2.072,2.0723,1.00,4.30
2008.08.12 10:27:19.613,2.072,2.0723,1.00,2.00
2008.08.12 10:27:21.188,2.072,2.07235,1.00,2.00
2008.08.12 10:27:21.382,2.072,2.07225,1.00,2.00
2008.08.12 10:27:21.768,2.0719,2.07225,3.10,2.00
2008.08.12 10:27:21.967,2.0719,2.0722,3.10,2.00
2008.08.12 10:27:22.134,2.0719,2.0722,1.00,2.00
2008.08.12 10:27:22.790,2.0719,2.0722,1.00,4.30
2008.08.12 10:27:23.658,2.0719,2.0722,1.00,7.00
2008.08.12 10:27:23.751,2.0719,2.07215,1.00,2.10
2008.08.12 10:27:24.174,2.0719,2.0722,1.00,4.30
2008.08.12 10:27:25.642,2.0719,2.07215,1.00,2.00
2008.08.12 10:27:25.983,2.0719,2.0722,1.00,4.80
2008.08.12 10:27:26.322,2.0719,2.07215,1.00,2.10
2008.08.12 10:27:26.463,2.0719,2.0722,1.00,2.00
2008.08.12 10:27:29.020,2.0719,2.07225,1.00,2.00
2008.08.12 10:27:29.465,2.072,2.07225,1.00,2.00
2008.08.12 10:27:30.438,2.072,2.0723,1.00,2.00
2008.08.12 10:27:39.658,2.0721,2.0723,1.00,2.00
2008.08.12 10:27:53.738,2.072,2.0723,1.00,2.00
2008.08.12 10:27:54.220,2.072,2.0723,1.00,7.00
2008.08.12 10:27:54.385,2.072,2.07225,1.00,2.70
2008.08.12 10:27:54.785,2.072,2.07225,1.00,4.80
2008.08.12 10:27:57.256,2.072,2.07225,1.00,2.10
2008.08.12 10:27:57.413,2.072,2.07225,1.00,4.30
2008.08.12 10:27:57.570,2.072,2.07225,1.00,2.00
2008.08.12 10:27:59.113,2.072,2.0723,1.00,2.00
2008.08.12 10:28:00.757,2.0719,2.0723,3.30,2.00
2008.08.12 10:28:01.047,2.07185,2.0723,3.30,2.00
2008.08.12 10:28:02.506,2.07185,2.0722,3.30,2.00
2008.08.12 10:28:02.778,2.0719,2.07235,3.10,2.00
2008.08.12 10:28:03.328,2.072,2.0723,1.00,2.00
2008.08.12 10:28:04.131,2.072,2.07225,1.00,2.00
2008.08.12 10:28:05.944,2.072,2.07235,1.00,7.00
2008.08.12 10:28:06.282,2.07195,2.07235,1.00,4.30
2008.08.12 10:28:06.618,2.0719,2.07235,3.50,2.00
2008.08.12 10:28:07.709,2.0719,2.07235,3.30,2.00
2008.08.12 10:28:07.829,2.0719,2.07235,3.10,2.00
2008.08.12 10:28:07.930,2.07185,2.07235,3.50,2.00
2008.08.12 10:28:08.148,2.07185,2.0723,3.50,2.00
2008.08.12 10:28:08.725,2.07185,2.07225,3.50,2.00
2008.08.12 10:28:08.821,2.07185,2.07225,3.30,2.00
2008.08.12 10:28:16.033,2.07185,2.07225,3.50,2.00
2008.08.12 10:28:17.704,2.07185,2.07225,4.10,2.00
2008.08.12 10:28:18.882,2.07185,2.07225,3.50,2.00
2008.08.12 10:28:19.010,2.07185,2.07225,3.30,2.00
2008.08.12 10:28:19.235,2.0719,2.07225,1.00,2.00
2008.08.12 10:28:20.267,2.07185,2.07225,3.30,2.00
2008.08.12 10:28:20.888,2.07185,2.07225,3.90,2.00
2008.08.12 10:28:21.222,2.07185,2.0723,3.90,2.00
2008.08.12 10:28:21.557,2.07195,2.0723,3.30,2.00
2008.08.12 10:28:22.449,2.07195,2.07225,3.30,2.00
2008.08.12 10:28:22.897,2.0719,2.07225,3.10,2.00
2008.08.12 10:28:23.186,2.07185,2.07225,3.50,2.00
2008.08.12 10:28:23.451,2.07185,2.07225,3.30,2.00
2008.08.12 10:28:30.690,2.0719,2.07225,1.00,2.00
2008.08.12 10:28:33.913,2.0719,2.07225,1.00,2.00
2008.08.12 10:28:38.394,2.0719,2.0723,1.00,2.00
2008.08.12 10:28:38.597,2.0719,2.0723,1.00,2.00
2008.08.12 10:28:39.381,2.07185,2.0723,3.30,2.00
2008.08.12 10:28:59.020,2.0719,2.0723,1.00,2.00
2008.08.12 10:28:59.813,2.0719,2.07225,1.00,2.00
2008.08.12 10:29:00.147,2.0719,2.07225,1.00,2.00
2008.08.12 10:29:00.364,2.0719,2.0722,1.00,2.00
2008.08.12 10:29:01.497,2.0719,2.0723,1.00,4.30
2008.08.12 10:29:02.126,2.0719,2.07225,1.00,2.00
2008.08.12 10:29:03.237,2.0719,2.0721,1.00,2.00
2008.08.12 10:29:06.009,2.0719,2.07205,1.00,2.00
2008.08.12 10:29:06.482,2.0718,2.07205,1.00,2.00
2008.08.12 10:29:09.296,2.0718,2.07215,1.00,2.00
2008.08.12 10:29:09.807,2.07175,2.07215,3.50,2.00
2008.08.12 10:29:21.381,2.07175,2.07215,3.20,2.00
2008.08.12 10:29:21.718,2.0718,2.07215,1.00,2.00
2008.08.12 10:29:22.222,2.07175,2.07215,3.20,2.00
2008.08.12 10:29:22.261,2.07175,2.07215,3.50,2.00
2008.08.12 10:29:23.688,2.0718,2.07215,1.00,2.00
2008.08.12 10:29:23.841,2.0718,2.0722,1.00,2.00
2008.08.12 10:29:25.939,2.0718,2.07215,1.00,2.00
2008.08.12 10:29:26.841,2.07175,2.07225,1.30,4.80
2008.08.12 10:29:29.369,2.0718,2.07225,1.00,4.80
2008.08.12 10:29:29.717,2.0718,2.07225,1.00,2.70
2008.08.12 10:29:29.753,2.0718,2.0723,1.30,2.10
2008.08.12 10:29:30.241,2.07185,2.07235,3.10,4.30
2008.08.12 10:29:30.849,2.07185,2.0723,3.10,2.00
2008.08.12 10:29:31.389,2.07185,2.0723,1.00,2.00
2008.08.12 10:29:31.625,2.07185,2.0723,3.30,2.00
2008.08.12 10:29:33.747,2.07185,2.07235,4.40,2.00
2008.08.12 10:29:34.651,2.0719,2.0724,1.00,4.30
2008.08.12 10:29:34.874,2.0719,2.0724,1.30,4.30
2008.08.12 10:29:35.098,2.0719,2.0724,4.40,2.00
2008.08.12 10:29:35.994,2.0719,2.07235,1.00,2.10
2008.08.12 10:29:39.305,2.07185,2.07235,4.10,4.30
2008.08.12 10:29:39.606,2.072,2.07235,1.00,4.30
2008.08.12 10:29:42.857,2.07185,2.07235,4.10,4.30
2008.08.12 10:29:43.270,2.07185,2.07235,4.10,7.00
2008.08.12 10:29:43.530,2.07185,2.07235,1.00,7.00
2008.08.12 10:29:44.789,2.072,2.07235,1.00,7.00
2008.08.12 10:29:46.025,2.072,2.0723,1.00,2.00
2008.08.12 10:29:53.861,2.072,2.0724,1.00,7.00
2008.08.12 10:29:54.181,2.072,2.0724,1.00,4.30
2008.08.12 10:29:54.877,2.072,2.0724,1.00,2.00
2008.08.12 10:29:57.131,2.072,2.07245,1.40,7.00
2008.08.12 10:29:57.149,2.072,2.07245,2.00,7.00
2008.08.12 10:29:57.174,2.072,2.07245,3.10,4.80
2008.08.12 10:29:57.381,2.072,2.07235,2.00,2.00
2008.08.12 10:29:57.443,2.0721,2.07235,1.00,2.00
2008.08.12 10:29:57.622,2.0721,2.0722,1.00,2.00
2008.08.12 10:29:57.672,2.072,2.0722,2.00,2.00
2008.08.12 10:29:57.693,2.072,2.0722,1.00,2.00
2008.08.12 10:29:57.785,2.072,2.0722,1.00,2.00
2008.08.12 10:29:59.650,2.072,2.0722,1.00,7.00
2008.08.12 10:30:00.462,2.072,2.0721,1.00,2.00
2008.08.12 10:30:00.813,2.0719,2.0721,1.00,2.00
2008.08.12 10:30:01.485,2.0719,2.07215,1.00,4.30
2008.08.12 10:30:02.157,2.0719,2.07215,1.00,2.00
2008.08.12 10:30:02.301,2.0719,2.0721,1.00,4.30
2008.08.12 10:30:03.026,2.0719,2.07205,1.00,2.00
2008.08.12 10:30:03.650,2.0719,2.0721,1.00,7.00
2008.08.12 10:30:03.907,2.0718,2.0721,1.00,7.00
2008.08.12 10:30:04.153,2.0718,2.0721,1.00,4.30
2008.08.12 10:30:04.354,2.0718,2.0721,1.00,7.00
2008.08.12 10:30:04.564,2.0718,2.07205,1.00,2.10
2008.08.12 10:30:05.154,2.0718,2.07215,1.00,2.00
2008.08.12 10:30:05.785,2.0718,2.07205,1.00,2.00
2008.08.12 10:30:06.102,2.0717,2.07205,3.10,2.00
2008.08.12 10:30:06.418,2.0717,2.072,3.10,2.70
2008.08.12 10:30:06.717,2.0717,2.072,1.00,4.80
2008.08.12 10:30:07.613,2.0717,2.072,1.00,4.30
2008.08.12 10:30:08.425,2.0717,2.072,1.00,2.10
2008.08.12 10:30:08.565,2.0717,2.07195,1.00,2.10
2008.08.12 10:30:09.127,2.0717,2.072,1.00,2.10
2008.08.12 10:30:09.266,2.0717,2.07205,1.00,4.70
2008.08.12 10:30:09.828,2.0717,2.07195,1.00,2.70
2008.08.12 10:30:09.935,2.0717,2.07205,1.00,2.00
2008.08.12 10:30:11.457,2.07165,2.07205,3.10,2.00
2008.08.12 10:30:12.469,2.07165,2.072,3.10,2.00
2008.08.12 10:30:12.750,2.0717,2.072,1.00,2.00
2008.08.12 10:30:13.021,2.0717,2.07205,1.00,2.00
2008.08.12 10:30:13.847,2.0717,2.072,1.00,2.00
2008.08.12 10:30:14.045,2.0717,2.072,1.00,3.20
2008.08.12 10:30:14.241,2.07165,2.072,3.10,3.20
2008.08.12 10:30:14.437,2.0717,2.0719,1.00,2.00
2008.08.12 10:30:14.709,2.07165,2.0719,3.10,2.00
2008.08.12 10:30:14.855,2.07165,2.0718,3.10,2.00
2008.08.12 10:30:14.993,2.07165,2.0718,3.10,2.00
2008.08.12 10:30:15.129,2.0716,2.0718,1.00,2.00
2008.08.12 10:30:15.265,2.0716,2.0718,1.00,3.20
2008.08.12 10:30:15.401,2.0715,2.07175,3.10,2.00
2008.08.12 10:30:15.737,2.0715,2.07175,2.10,2.00
2008.08.12 10:30:16.413,2.0715,2.07175,1.00,2.00
2008.08.12 10:30:16.673,2.0715,2.07175,1.00,4.30
2008.08.12 10:30:16.937,2.0715,2.07175,1.00,5.40
2008.08.12 10:30:17.201,2.0714,2.07165,2.10,4.70
2008.08.12 10:30:17.465,2.0714,2.07165,2.10,7.00
2008.08.12 10:30:17.897,2.0714,2.07165,2.10,4.30
2008.08.12 10:30:18.545,2.0714,2.07155,1.00,2.00
2008.08.12 10:30:19.345,2.0714,2.07165,1.00,7.00
2008.08.12 10:30:19.545,2.0714,2.07165,1.00,4.30
2008.08.12 10:30:19.809,2.0714,2.07165,1.00,2.10
2008.08.12 10:30:20.941,2.0714,2.07175,1.00,7.00
2008.08.12 10:30:21.621,2.0714,2.0717,1.00,2.00
2008.08.12 10:30:22.089,2.0714,2.07175,1.00,2.10
2008.08.12 10:30:22.245,2.0714,2.0718,1.00,2.00
2008.08.12 10:30:22.997,2.0714,2.07185,1.60,4.80
2008.08.12 10:30:23.281,2.0714,2.07185,1.40,4.80
2008.08.12 10:30:23.565,2.0715,2.07185,1.00,4.80
2008.08.12 10:30:23.861,2.0714,2.07185,2.50,4.80
2008.08.12 10:30:24.049,2.0714,2.07185,1.00,4.80
2008.08.12 10:30:24.237,2.0714,2.07185,1.30,2.10
2008.08.12 10:30:24.425,2.07145,2.07195,3.10,7.90
2008.08.12 10:30:24.817,2.07145,2.07195,3.10,10.60
2008.08.12 10:30:25.013,2.0714,2.0719,4.70,2.10
2008.08.12 10:30:25.405,2.0715,2.0719,1.00,2.10
2008.08.12 10:30:25.941,2.0715,2.0719,2.50,2.10
2008.08.12 10:30:26.281,2.0715,2.072,5.60,2.00
2008.08.12 10:30:27.961,2.0715,2.072,2.50,4.30
2008.08.12 10:30:29.630,2.0716,2.072,3.20,2.10
2008.08.12 10:30:29.949,2.0716,2.07205,3.20,4.80
2008.08.12 10:30:30.279,2.07155,2.07205,6.30,2.50
2008.08.12 10:30:30.350,2.07155,2.07205,6.60,2.50
2008.08.12 10:30:31.277,2.0716,2.072,1.30,1.00
2008.08.12 10:30:31.617,2.0716,2.072,4.10,1.00
2008.08.12 10:30:32.297,2.0716,2.072,1.00,1.00
2008.08.12 10:30:32.447,2.0716,2.072,4.10,1.00
2008.08.12 10:30:35.102,2.07165,2.072,1.00,1.00
2008.08.12 10:30:35.555,2.07165,2.072,1.60,1.00
2008.08.12 10:30:35.781,2.07165,2.0721,7.90,1.00
2008.08.12 10:30:36.105,2.0717,2.0721,3.10,1.00
2008.08.12 10:30:36.429,2.07165,2.0721,7.40,1.00
2008.08.12 10:30:36.753,2.07165,2.07215,3.10,3.90
2008.08.12 10:30:37.078,2.07165,2.07205,3.10,2.00
2008.08.12 10:30:37.737,2.0716,2.07205,4.80,2.00
2008.08.12 10:30:42.205,2.0716,2.07215,5.90,7.50
2008.08.12 10:30:43.032,2.0716,2.07215,6.20,7.50
2008.08.12 10:30:43.183,2.07165,2.07215,1.00,5.40
2008.08.12 10:30:43.329,2.0717,2.07215,1.00,2.70
2008.08.12 10:30:43.625,2.0718,2.0721,1.00,1.00
2008.08.12 10:30:43.773,2.0719,2.0721,1.00,1.00
2008.08.12 10:30:44.069,2.0719,2.0721,3.10,1.00
2008.08.12 10:30:44.277,2.07195,2.0722,1.00,1.00
2008.08.12 10:30:44.696,2.072,2.0723,1.30,1.00
2008.08.12 10:30:44.905,2.072,2.0724,1.30,2.10
2008.08.12 10:30:45.113,2.07205,2.0724,3.10,8.10
2008.08.12 10:30:45.397,2.072,2.0724,5.90,8.10
2008.08.12 10:30:45.692,2.072,2.0724,5.60,7.50
2008.08.12 10:30:45.977,2.07205,2.0724,1.00,5.40
2008.08.12 10:30:46.261,2.07205,2.0724,4.10,5.40
2008.08.12 10:30:46.601,2.0721,2.0724,1.00,5.40
2008.08.12 10:30:46.941,2.0721,2.07255,1.30,2.10
2008.08.12 10:30:47.281,2.0721,2.07255,3.30,2.00
2008.08.12 10:30:47.449,2.0721,2.07255,1.00,2.00
2008.08.12 10:30:47.953,2.07205,2.07255,4.40,2.50
2008.08.12 10:30:48.121,2.07205,2.07255,4.10,2.50
2008.08.12 10:30:48.289,2.07205,2.07255,4.10,4.80
2008.08.12 10:30:48.465,2.0721,2.07255,3.10,2.50
2008.08.12 10:30:48.641,2.0721,2.0725,4.10,1.00
2008.08.12 10:30:48.817,2.0721,2.0725,1.30,1.00
2008.08.12 10:30:49.169,2.07215,2.0725,1.00,1.00
2008.08.12 10:30:49.609,2.07215,2.0725,3.30,1.00
2008.08.12 10:30:49.829,2.07215,2.0725,1.00,1.00
2008.08.12 10:30:50.873,2.0721,2.0725,4.40,1.00
2008.08.12 10:30:51.610,2.0721,2.0725,4.10,1.00
2008.08.12 10:30:51.949,2.0721,2.07265,4.10,14.30
2008.08.12 10:30:52.289,2.0721,2.07265,4.40,11.60
2008.08.12 10:30:53.133,2.07215,2.07265,1.00,11.60
2008.08.12 10:30:53.233,2.07215,2.07265,3.30,9.30
2008.08.12 10:30:55.565,2.07215,2.07265,3.10,9.30
2008.08.12 10:30:56.237,2.0721,2.07265,4.40,11.60
2008.08.12 10:30:57.257,2.07215,2.07265,3.10,11.60
2008.08.12 10:30:57.597,2.07215,2.07265,3.10,4.80
2008.08.12 10:31:02.613,2.0721,2.07265,4.10,7.50
2008.08.12 10:31:02.966,2.0721,2.0726,4.10,2.10
2008.08.12 10:31:06.421,2.0721,2.0726,4.10,4.80
2008.08.12 10:31:06.761,2.0721,2.0726,1.00,4.80
2008.08.12 10:31:08.368,2.0721,2.0726,1.60,4.80
2008.08.12 10:31:08.425,2.0721,2.0726,1.80,2.10
2008.08.12 10:31:08.491,2.07215,2.07265,3.10,4.80
2008.08.12 10:31:08.642,2.07215,2.07265,3.30,4.80
2008.08.12 10:31:09.006,2.0722,2.07265,3.10,2.50
2008.08.12 10:31:09.873,2.07215,2.07265,3.10,4.80
2008.08.12 10:31:11.096,2.07215,2.07265,3.60,4.80
2008.08.12 10:31:11.165,2.07215,2.07265,4.70,4.80
2008.08.12 10:31:11.505,2.07215,2.07265,4.90,2.70
2008.08.12 10:31:11.845,2.0722,2.0726,3.10,1.00
2008.08.12 10:31:14.974,2.07215,2.07265,4.10,2.70
2008.08.12 10:31:16.741,2.07215,2.07265,4.10,5.40
2008.08.12 10:31:16.950,2.07215,2.0726,1.00,2.10
2008.08.12 10:31:19.727,2.07215,2.0725,1.00,1.00
2008.08.12 10:31:20.430,2.07215,2.0726,1.00,2.10
2008.08.12 10:31:26.229,2.07215,2.0726,1.00,6.30
2008.08.12 10:31:27.077,2.07215,2.0726,1.00,3.60
2008.08.12 10:31:27.417,2.07215,2.0726,1.00,6.30
2008.08.12 10:31:27.505,2.07215,2.0725,1.00,1.00
2008.08.12 10:31:28.116,2.07215,2.07255,1.00,2.70
2008.08.12 10:31:33.196,2.07215,2.0725,1.00,1.00
2008.08.12 10:31:33.489,2.07215,2.0725,1.30,1.00
2008.08.12 10:31:33.802,2.07215,2.0725,4.40,1.00
2008.08.12 10:31:34.209,2.07215,2.0725,4.10,1.00
2008.08.12 10:31:34.413,2.07215,2.0725,1.00,1.00
2008.08.12 10:31:34.801,2.07215,2.0725,4.10,1.00
2008.08.12 10:31:39.116,2.07215,2.0725,3.10,1.00
2008.08.12 10:31:39.260,2.0721,2.0725,1.00,1.00
2008.08.12 10:31:42.184,2.0721,2.0725,1.30,1.00
2008.08.12 10:31:42.525,2.0721,2.0725,4.40,1.00
2008.08.12 10:31:42.864,2.0721,2.0725,4.10,1.00
2008.08.12 10:31:44.529,2.07215,2.0725,3.10,1.00
2008.08.12 10:31:44.586,2.07215,2.0725,3.30,1.00
2008.08.12 10:31:44.805,2.07215,2.07265,3.30,2.50
2008.08.12 10:31:44.919,2.0722,2.07265,1.00,2.50
2008.08.12 10:31:45.304,2.0722,2.07265,3.30,2.50
2008.08.12 10:32:01.929,2.0722,2.0726,3.30,1.00
2008.08.12 10:32:02.506,2.0723,2.0727,3.10,2.00
2008.08.12 10:32:02.793,2.07235,2.0727,1.00,2.00
2008.08.12 10:32:03.081,2.07235,2.0727,3.10,2.00
2008.08.12 10:32:03.257,2.0723,2.0727,3.30,2.00
2008.08.12 10:32:03.526,2.0723,2.07275,3.30,2.50
2008.08.12 10:32:04.348,2.0724,2.0727,3.20,1.00
2008.08.12 10:32:04.869,2.0724,2.0727,1.40,1.00
2008.08.12 10:32:07.868,2.0724,2.07275,1.40,2.50
2008.08.12 10:32:08.189,2.0723,2.07275,3.30,2.50
2008.08.12 10:32:08.969,2.0723,2.07275,3.30,2.00
2008.08.12 10:32:11.493,2.0723,2.07275,3.10,2.00
2008.08.12 10:32:11.835,2.0723,2.0727,3.10,2.00
2008.08.12 10:32:15.009,2.0723,2.0727,3.30,2.00
2008.08.12 10:32:15.080,2.0723,2.0727,3.10,2.00
2008.08.12 10:32:15.418,2.07225,2.0725,3.30,1.00
2008.08.12 10:32:15.879,2.0723,2.0725,1.00,1.00
2008.08.12 10:32:16.197,2.0723,2.0725,3.30,1.00
2008.08.12 10:32:16.513,2.0723,2.0724,3.10,1.00
2008.08.12 10:32:24.241,2.07235,2.0724,1.00,1.00
2008.08.12 10:32:24.374,2.07235,2.0724,4.30,1.00
2008.08.12 10:32:24.417,2.07245,2.07275,1.00,1.50
2008.08.12 10:32:24.461,2.0726,2.07275,1.40,1.50
2008.08.12 10:32:24.778,2.0726,2.0728,1.40,1.00
2008.08.12 10:32:24.909,2.0725,2.0728,3.10,1.00
2008.08.12 10:32:25.322,2.0725,2.07295,3.10,10.80
2008.08.12 10:32:26.005,2.07255,2.0727,1.00,5.40
2008.08.12 10:32:26.333,2.07255,2.0728,3.30,1.00
2008.08.12 10:32:26.657,2.07255,2.0729,3.90,1.00
2008.08.12 10:32:27.161,2.0727,2.07305,3.30,2.50
2008.08.12 10:32:27.521,2.0727,2.07305,3.30,2.00
2008.08.12 10:32:27.881,2.0727,2.0731,3.30,2.00
2008.08.12 10:32:28.436,2.07275,2.07315,1.00,2.50
2008.08.12 10:32:28.827,2.07275,2.07315,3.30,2.50
2008.08.12 10:32:30.014,2.07275,2.07315,3.30,2.00
2008.08.12 10:32:30.229,2.07275,2.0732,3.30,2.00
2008.08.12 10:32:30.445,2.0728,2.0732,1.00,2.00
2008.08.12 10:32:30.661,2.0728,2.0732,3.30,2.00
2008.08.12 10:32:32.525,2.0728,2.0732,3.10,2.00
2008.08.12 10:32:33.130,2.0728,2.0732,1.00,2.00
2008.08.12 10:32:34.712,2.0729,2.0732,2.10,2.00
2008.08.12 10:32:34.772,2.0729,2.0732,2.10,2.00
2008.08.12 10:32:36.524,2.0729,2.0732,1.00,2.00
2008.08.12 10:32:38.730,2.0731,2.0732,1.00,2.00
2008.08.12 10:32:38.837,2.0731,2.07325,1.00,2.00
2008.08.12 10:32:38.917,2.0731,2.07325,2.10,2.00
2008.08.12 10:32:39.056,2.0731,2.07335,2.10,4.30
2008.08.12 10:32:39.197,2.0731,2.07335,2.10,2.00
2008.08.12 10:32:39.381,2.07305,2.0735,2.40,5.50
2008.08.12 10:32:39.565,2.0731,2.0735,3.10,2.00
2008.08.12 10:32:39.749,2.07315,2.0734,3.10,2.00
2008.08.12 10:32:40.444,2.07315,2.0734,3.30,2.00
2008.08.12 10:32:40.588,2.07315,2.0734,5.50,2.00
2008.08.12 10:32:40.876,2.07315,2.0735,5.50,2.00
2008.08.12 10:32:41.020,2.07315,2.0735,3.30,2.00
2008.08.12 10:32:41.308,2.07315,2.0735,3.10,2.00
2008.08.12 10:32:41.452,2.0732,2.0735,1.00,2.00
2008.08.12 10:32:42.473,2.07315,2.0735,3.30,2.00
2008.08.12 10:32:42.560,2.07315,2.0735,3.10,2.00
2008.08.12 10:32:42.782,2.0732,2.0735,1.00,2.00
2008.08.12 10:32:43.240,2.0733,2.0735,1.00,2.00
2008.08.12 10:32:43.328,2.0733,2.0735,2.10,2.00
2008.08.12 10:32:45.453,2.0733,2.07345,2.10,2.00
2008.08.12 10:32:45.963,2.0733,2.07345,1.00,2.00
2008.08.12 10:32:46.808,2.0733,2.07355,1.00,2.00
2008.08.12 10:32:47.349,2.0733,2.0735,1.00,2.00
2008.08.12 10:32:49.748,2.0733,2.07335,1.00,2.00
2008.08.12 10:32:50.506,2.0733,2.0734,1.00,2.00
2008.08.12 10:32:52.202,2.07305,2.0733,2.34,2.00
2008.08.12 10:32:52.900,2.0732,2.07335,1.00,2.00
2008.08.12 10:32:54.721,2.0732,2.0733,1.00,2.00
2008.08.12 10:32:54.909,2.0732,2.0734,1.00,2.00
2008.08.12 10:32:55.638,2.07305,2.0734,3.10,2.00
2008.08.12 10:32:56.486,2.07295,2.0734,3.90,2.00
2008.08.12 10:32:56.828,2.07295,2.0734,3.30,2.00
2008.08.12 10:32:57.168,2.0731,2.07345,1.00,2.00
2008.08.12 10:32:57.514,2.0731,2.07345,1.00,4.70
2008.08.12 10:32:57.690,2.073,2.07345,2.10,4.70
2008.08.12 10:32:57.776,2.07295,2.07345,2.70,4.80
2008.08.12 10:32:57.867,2.07295,2.07345,2.90,2.10
2008.08.12 10:32:57.956,2.07295,2.0735,2.90,4.30
2008.08.12 10:32:58.044,2.07295,2.0735,2.20,4.30
2008.08.12 10:32:58.145,2.07295,2.0735,2.40,4.30
2008.08.12 10:32:58.235,2.0731,2.0735,1.00,4.30
2008.08.12 10:32:58.576,2.07305,2.07345,3.30,2.00
2008.08.12 10:32:58.917,2.0731,2.07345,1.00,2.00
2008.08.12 10:32:59.283,2.0731,2.07345,3.20,2.00
2008.08.12 10:32:59.452,2.0731,2.07345,3.20,2.00
2008.08.12 10:32:59.620,2.0731,2.0735,1.00,2.10
2008.08.12 10:32:59.956,2.0731,2.0735,1.00,4.80
2008.08.12 10:33:00.124,2.0731,2.0735,1.00,2.10
2008.08.12 10:33:00.293,2.0732,2.0735,1.40,2.10
2008.08.12 10:33:00.633,2.07315,2.0735,4.70,1.00
2008.08.12 10:33:00.978,2.07325,2.0735,3.10,1.80
2008.08.12 10:33:01.333,2.07325,2.0735,1.00,1.00
2008.08.12 10:33:02.016,2.07325,2.0735,1.00,2.10
2008.08.12 10:33:02.380,2.07325,2.0735,1.00,1.00
2008.08.12 10:33:03.020,2.0731,2.0735,3.30,1.00
2008.08.12 10:33:03.180,2.07315,2.0735,3.10,1.00
2008.08.12 10:33:03.589,2.0732,2.0735,1.00,1.00
2008.08.12 10:33:04.084,2.07315,2.0735,1.30,1.00
2008.08.12 10:33:04.581,2.07315,2.0735,1.00,1.00
2008.08.12 10:33:05.028,2.07315,2.0735,1.30,1.00
2008.08.12 10:33:05.932,2.07315,2.0735,1.00,1.00
2008.08.12 10:33:06.160,2.07315,2.0735,3.30,1.00
2008.08.12 10:33:06.389,2.07315,2.07355,3.30,2.50
2008.08.12 10:33:06.728,2.07315,2.0735,1.00,2.00
2008.08.12 10:33:07.408,2.0731,2.07345,3.30,2.00
2008.08.12 10:33:07.762,2.0731,2.07355,3.30,2.50
2008.08.12 10:33:07.940,2.0731,2.07355,3.10,5.20
2008.08.12 10:33:08.120,2.073,2.07355,6.30,7.50
2008.08.12 10:33:08.300,2.07305,2.07355,1.00,5.40
2008.08.12 10:33:08.896,2.07305,2.07355,4.10,5.40
2008.08.12 10:33:09.104,2.07305,2.07355,4.70,5.40
2008.08.12 10:33:09.312,2.07305,2.07355,4.70,4.80
2008.08.12 10:33:09.520,2.0731,2.0736,1.00,4.80
2008.08.12 10:33:09.688,2.0731,2.0736,1.30,2.10
2008.08.12 10:33:10.024,2.0731,2.07365,4.40,8.90
2008.08.12 10:33:10.193,2.07315,2.07365,1.00,4.80
2008.08.12 10:33:10.360,2.07315,2.07365,3.10,5.20
2008.08.12 10:33:10.531,2.07315,2.07365,3.30,2.50
2008.08.12 10:33:10.750,2.07315,2.0735,1.00,1.30
2008.08.12 10:33:10.966,2.07315,2.07365,3.30,2.50
2008.08.12 10:33:11.614,2.07315,2.07365,3.10,5.20
2008.08.12 10:33:11.956,2.07315,2.07365,1.00,12.90
2008.08.12 10:33:12.297,2.0732,2.07365,3.10,4.70
2008.08.12 10:33:12.636,2.0732,2.07365,3.10,2.00
2008.08.12 10:33:13.401,2.0732,2.07365,3.10,4.70
2008.08.12 10:33:13.520,2.0732,2.07365,1.00,7.00
2008.08.12 10:33:13.640,2.0732,2.07365,1.00,8.30
2008.08.12 10:33:13.904,2.0732,2.07365,1.00,7.00
2008.08.12 10:33:17.533,2.07315,2.07365,1.00,4.80
2008.08.12 10:33:18.020,2.07315,2.0736,3.10,2.00
2008.08.12 10:33:18.120,2.07315,2.0736,3.30,2.00
2008.08.12 10:33:19.553,2.07315,2.07365,3.30,2.00
2008.08.12 10:33:20.540,2.0732,2.07365,3.10,2.00
2008.08.12 10:33:20.696,2.0732,2.0736,3.10,2.00
2008.08.12 10:33:21.417,2.0732,2.0736,3.30,2.00
2008.08.12 10:33:24.092,2.0732,2.0736,3.10,2.00
2008.08.12 10:33:24.481,2.07315,2.0736,3.30,2.00
2008.08.12 10:33:27.380,2.07315,2.07365,3.90,2.00
2008.08.12 10:33:27.720,2.0732,2.07365,3.60,2.00
2008.08.12 10:33:28.061,2.07325,2.0737,3.10,2.00
2008.08.12 10:33:28.208,2.0733,2.0737,1.00,2.00
2008.08.12 10:33:28.504,2.0733,2.0737,3.10,2.00
2008.08.12 10:33:28.652,2.07325,2.0737,3.10,2.00
2008.08.12 10:33:29.218,2.0733,2.0737,3.10,2.00
2008.08.12 10:33:29.425,2.0733,2.07375,3.60,2.00
2008.08.12 10:33:29.633,2.0733,2.07375,3.90,2.00
2008.08.12 10:33:29.840,2.0733,2.07375,3.60,2.00
2008.08.12 10:33:30.049,2.0733,2.0738,5.10,4.70
2008.08.12 10:33:30.187,2.0733,2.0738,2.00,7.00
2008.08.12 10:33:30.460,2.07335,2.0738,1.00,4.80
2008.08.12 10:33:30.597,2.0735,2.0738,1.00,2.10
2008.08.12 10:33:30.869,2.07355,2.07385,1.00,2.10
2008.08.12 10:33:31.210,2.0736,2.0739,2.50,4.80
2008.08.12 10:33:31.550,2.0737,2.074,1.00,5.90
2008.08.12 10:33:31.889,2.0737,2.074,1.00,5.40
2008.08.12 10:33:32.149,2.07375,2.0741,1.00,1.00
2008.08.12 10:33:32.411,2.0738,2.0741,1.40,1.00
2008.08.12 10:33:32.670,2.0738,2.0741,5.60,1.00
2008.08.12 10:33:32.930,2.07385,2.0741,1.00,1.00
2008.08.12 10:33:33.116,2.07385,2.07425,1.60,3.20
2008.08.12 10:33:33.304,2.07395,2.0742,1.00,2.70
2008.08.12 10:33:33.493,2.07395,2.0742,1.00,1.00
2008.08.12 10:33:33.681,2.07395,2.07435,1.00,2.70
2008.08.12 10:33:33.868,2.074,2.0743,1.00,1.00
2008.08.12 10:33:34.056,2.074,2.0743,3.10,1.00
2008.08.12 10:33:34.632,2.07395,2.0743,3.10,1.00
2008.08.12 10:33:35.933,2.07395,2.0743,4.10,1.00
2008.08.12 10:33:36.500,2.07395,2.0743,4.40,1.00
2008.08.12 10:33:36.784,2.074,2.0743,3.10,1.00
2008.08.12 10:33:37.068,2.07395,2.0743,4.40,1.00
2008.08.12 10:33:37.304,2.07395,2.07435,3.10,2.50
2008.08.12 10:33:37.541,2.07395,2.07425,3.10,1.30
2008.08.12 10:33:37.776,2.07385,2.07425,1.00,1.30
2008.08.12 10:33:38.250,2.0738,2.07425,3.30,2.00
2008.08.12 10:33:38.392,2.0738,2.07425,3.30,3.30
2008.08.12 10:33:38.537,2.0738,2.07425,3.10,3.30
2008.08.12 10:33:38.680,2.0738,2.07425,3.30,3.30
2008.08.12 10:33:38.825,2.0738,2.07415,3.30,2.00
2008.08.12 10:33:38.968,2.0738,2.07415,3.10,3.30
2008.08.12 10:33:39.114,2.0738,2.07405,1.00,1.30
2008.08.12 10:33:39.417,2.0737,2.0739,1.40,2.00
2008.08.12 10:33:39.717,2.0737,2.0738,1.00,1.30
2008.08.12 10:33:40.023,2.0737,2.0738,1.00,2.00
2008.08.12 10:33:40.327,2.0737,2.07375,1.00,2.00
2008.08.12 10:33:41.676,2.0733,2.0737,2.54,2.00
2008.08.12 10:33:41.945,2.0736,2.07365,1.00,1.80
2008.08.12 10:33:42.214,2.0736,2.0737,1.00,2.00
2008.08.12 10:33:42.433,2.0736,2.07365,1.00,2.00
2008.08.12 10:33:42.872,2.0735,2.0737,1.00,3.30
2008.08.12 10:33:43.092,2.0735,2.0737,1.00,2.00
2008.08.12 10:33:44.256,2.0735,2.0736,1.00,2.00
2008.08.12 10:33:44.514,2.0735,2.07355,1.00,2.00
2008.08.12 10:33:44.650,2.0734,2.07355,1.00,2.00
2008.08.12 10:33:45.052,2.0734,2.07345,1.00,2.00
2008.08.12 10:33:45.591,2.0731,2.0734,2.54,2.00
2008.08.12 10:33:45.870,2.0731,2.0734,2.34,1.00
2008.08.12 10:33:46.146,2.073,2.0734,3.24,2.70
2008.08.12 10:33:46.737,2.073,2.0734,1.64,4.80
2008.08.12 10:33:47.376,2.0734,2.07345,1.00,2.10
2008.08.12 10:33:47.636,2.073,2.07335,1.64,2.00
2008.08.12 10:33:47.884,2.0733,2.0734,1.00,2.70
2008.08.12 10:33:48.133,2.0733,2.07335,1.00,4.80
2008.08.12 10:33:48.380,2.073,2.0733,1.64,2.10
2008.08.12 10:33:48.780,2.0733,2.0734,1.00,4.80
2008.08.12 10:33:49.372,2.0733,2.07335,1.00,4.80
2008.08.12 10:33:49.928,2.07295,2.0733,1.00,2.00
2008.08.12 10:33:50.480,2.0729,2.07325,1.74,2.00
2008.08.12 10:33:53.408,2.0732,2.07335,1.00,2.00
2008.08.12 10:33:54.144,2.0732,2.0734,1.00,2.00
2008.08.12 10:34:00.885,2.0731,2.0734,1.00,2.00
2008.08.12 10:34:03.275,2.073,2.0734,3.10,2.00
2008.08.12 10:34:03.370,2.073,2.07335,3.10,2.00
2008.08.12 10:34:04.002,2.0729,2.07325,3.10,2.00
2008.08.12 10:34:04.269,2.07285,2.07325,3.10,2.00
2008.08.12 10:34:04.525,2.07285,2.0732,5.20,2.00
2008.08.12 10:34:04.797,2.0729,2.0732,1.00,2.00
2008.08.12 10:34:05.218,2.0729,2.0731,1.00,2.00
2008.08.12 10:34:05.764,2.0729,2.0731,1.00,4.30
2008.08.12 10:34:05.904,2.0729,2.07305,1.00,2.00
2008.08.12 10:34:06.615,2.0729,2.07305,1.00,4.30
2008.08.12 10:34:06.851,2.0728,2.073,1.00,2.00
2008.08.12 10:34:07.193,2.0728,2.073,1.00,2.00
2008.08.12 10:34:07.532,2.0728,2.0729,1.00,3.20
2008.08.12 10:34:07.873,2.0727,2.0729,2.10,3.20
2008.08.12 10:34:08.235,2.0727,2.0729,1.00,3.20
2008.08.12 10:34:09.752,2.0727,2.0729,1.00,1.00
2008.08.12 10:34:10.532,2.0727,2.07295,1.00,2.70
2008.08.12 10:34:10.972,2.0727,2.0729,1.00,1.00
2008.08.12 10:34:11.593,2.0727,2.073,1.00,5.90
2008.08.12 10:34:11.801,2.0727,2.073,1.00,1.00
2008.08.12 10:34:12.020,2.0727,2.07305,1.00,4.30
2008.08.12 10:34:12.276,2.0727,2.073,1.00,2.00
2008.08.12 10:34:12.784,2.0728,2.073,1.00,2.00
2008.08.12 10:34:13.040,2.0728,2.073,1.00,2.70
2008.08.12 10:34:13.188,2.0728,2.073,1.00,4.80
2008.08.12 10:34:13.336,2.0728,2.073,1.00,2.10
2008.08.12 10:34:13.484,2.0728,2.07305,1.00,2.00
2008.08.12 10:34:14.440,2.0728,2.07305,1.00,4.30
2008.08.12 10:34:15.464,2.0727,2.07305,1.00,4.30
2008.08.12 10:34:15.662,2.0727,2.07305,1.00,4.30
2008.08.12 10:34:15.849,2.0727,2.07305,1.00,4.30
2008.08.12 10:34:15.944,2.0727,2.07305,1.00,4.30
2008.08.12 10:34:16.040,2.07265,2.07305,1.00,4.30
2008.08.12 10:34:16.816,2.07265,2.073,1.00,2.00
2008.08.12 10:34:17.156,2.0727,2.073,1.00,2.00
2008.08.12 10:34:17.344,2.0727,2.07305,1.00,4.30
2008.08.12 10:34:17.528,2.0727,2.07305,1.00,4.30
2008.08.12 10:34:18.653,2.0727,2.07305,1.00,4.30
2008.08.12 10:34:18.709,2.0727,2.07305,1.00,2.00
2008.08.12 10:34:18.764,2.0726,2.07305,3.10,2.00
2008.08.12 10:34:19.129,2.0726,2.073,3.10,2.00
2008.08.12 10:34:19.184,2.0726,2.073,3.30,2.00
2008.08.12 10:34:19.296,2.0726,2.073,3.10,2.00
2008.08.12 10:34:19.776,2.0726,2.07305,3.30,2.00
2008.08.12 10:34:20.154,2.07265,2.07305,3.10,2.00
2008.08.12 10:34:20.342,2.07265,2.0731,3.10,2.00
2008.08.12 10:34:20.797,2.07265,2.07305,3.10,2.00
2008.08.12 10:34:21.064,2.07255,2.07305,3.10,2.00
2008.08.12 10:34:22.038,2.07265,2.0731,1.00,5.50
2008.08.12 10:34:22.378,2.0726,2.0731,3.20,7.00
2008.08.12 10:34:22.717,2.0726,2.0731,3.20,4.70
2008.08.12 10:34:22.984,2.0727,2.0731,1.00,2.00
2008.08.12 10:34:23.252,2.0727,2.0731,1.00,2.00
2008.08.12 10:34:23.652,2.0727,2.0731,1.00,2.00
2008.08.12 10:34:23.788,2.07275,2.07315,1.00,4.30
2008.08.12 10:34:23.984,2.0727,2.07315,3.50,2.00
2008.08.12 10:34:24.182,2.0728,2.07315,1.00,2.00
2008.08.12 10:34:24.376,2.07275,2.07315,3.50,2.00
2008.08.12 10:34:24.924,2.0728,2.07315,1.00,2.00
2008.08.12 10:34:25.084,2.07285,2.07315,3.10,2.00
2008.08.12 10:34:25.244,2.0728,2.07315,3.30,2.00
2008.08.12 10:34:28.012,2.0728,2.07315,3.10,2.00
2008.08.12 10:34:28.240,2.07275,2.07315,3.30,2.00
2008.08.12 10:34:29.211,2.07275,2.07325,3.30,2.50
2008.08.12 10:34:29.524,2.07275,2.07325,3.10,5.20
2008.08.12 10:34:29.744,2.0727,2.07325,4.90,7.50
2008.08.12 10:34:29.820,2.0727,2.0732,3.90,2.00
2008.08.12 10:34:30.017,2.0727,2.0732,3.60,2.00
2008.08.12 10:34:30.219,2.0727,2.0732,3.60,4.30
2008.08.12 10:34:30.851,2.0727,2.0731,3.60,2.00
2008.08.12 10:34:30.968,2.0727,2.0731,3.10,2.00
2008.08.12 10:34:31.804,2.07265,2.0731,3.90,2.00
2008.08.12 10:34:32.380,2.07265,2.07315,3.90,4.30
2008.08.12 10:34:35.443,2.07265,2.073,3.90,1.00
2008.08.12 10:34:35.557,2.07265,2.073,3.60,1.00
2008.08.12 10:34:35.632,2.07265,2.073,3.10,1.00
2008.08.12 10:34:35.668,2.07265,2.07305,3.10,3.20
2008.08.12 10:34:36.000,2.0726,2.073,1.00,2.10
2008.08.12 10:34:36.723,2.0727,2.073,1.00,4.30
2008.08.12 10:34:37.066,2.07275,2.07285,1.00,4.80
2008.08.12 10:34:37.410,2.0726,2.07285,1.60,2.10
2008.08.12 10:34:37.629,2.07265,2.07285,1.00,2.10
2008.08.12 10:34:37.848,2.07275,2.0729,1.00,1.00
2008.08.12 10:34:38.069,2.07275,2.0729,3.10,1.00
2008.08.12 10:34:38.289,2.07265,2.0729,1.00,1.00
2008.08.12 10:34:38.508,2.0726,2.0729,1.00,1.00
2008.08.12 10:34:38.664,2.0726,2.0729,1.00,1.00
2008.08.12 10:34:41.579,2.07255,2.0729,3.10,1.00
2008.08.12 10:34:41.703,2.07255,2.07295,3.10,2.50
2008.08.12 10:34:41.812,2.0725,2.07295,1.00,2.50
2008.08.12 10:34:41.915,2.07245,2.07295,3.50,2.50
2008.08.12 10:34:42.253,2.07245,2.07295,3.30,2.50
2008.08.12 10:34:42.596,2.0724,2.07295,5.20,4.80
2008.08.12 10:34:48.973,2.0725,2.07295,1.00,4.80
2008.08.12 10:34:49.049,2.0725,2.07295,1.00,4.80
2008.08.12 10:34:49.124,2.0725,2.07295,1.60,2.70
2008.08.12 10:34:49.416,2.0726,2.07295,1.00,2.70
2008.08.12 10:34:49.784,2.0726,2.0729,1.00,1.00
2008.08.12 10:34:50.005,2.07255,2.0729,3.30,1.00
2008.08.12 10:34:50.444,2.07255,2.0729,3.10,1.00
2008.08.12 10:34:50.664,2.0725,2.07295,1.00,2.70
2008.08.12 10:34:51.159,2.0725,2.07295,1.00,4.80
2008.08.12 10:34:52.785,2.0726,2.07295,3.20,4.80
2008.08.12 10:34:52.923,2.0726,2.07295,3.70,2.70
2008.08.12 10:34:53.240,2.0726,2.07295,1.00,2.70
2008.08.12 10:34:53.556,2.0726,2.0729,1.00,1.00
2008.08.12 10:34:53.716,2.07255,2.0729,1.60,1.00
2008.08.12 10:34:53.876,2.07255,2.0729,1.00,1.00
2008.08.12 10:34:54.036,2.0725,2.0729,1.00,1.00
2008.08.12 10:34:54.240,2.07255,2.0729,1.00,1.00
2008.08.12 10:34:54.444,2.07255,2.07295,1.00,3.20
2008.08.12 10:34:54.648,2.07255,2.07295,1.00,2.70
2008.08.12 10:34:54.861,2.07255,2.0729,1.60,1.00
2008.08.12 10:34:55.393,2.0726,2.0729,1.00,1.00
2008.08.12 10:34:56.816,2.07265,2.0729,1.00,1.00
2008.08.12 10:34:58.008,2.0726,2.0729,3.60,1.00
2008.08.12 10:34:58.433,2.0726,2.07305,3.60,2.50
2008.08.12 10:34:58.569,2.0726,2.073,4.70,1.00
2008.08.12 10:34:58.968,2.0727,2.073,1.00,1.00
2008.08.12 10:35:00.409,2.07265,2.073,3.10,1.00
2008.08.12 10:35:00.620,2.0727,2.073,1.00,1.00
2008.08.12 10:35:03.262,2.0727,2.0729,1.00,1.00
2008.08.12 10:35:03.493,2.07265,2.0729,3.10,1.00
2008.08.12 10:35:03.620,2.07265,2.073,3.10,1.00
2008.08.12 10:35:04.244,2.0726,2.073,4.70,1.00
2008.08.12 10:35:05.316,2.0726,2.073,4.90,1.00
2008.08.12 10:35:05.452,2.07265,2.073,3.10,1.00
2008.08.12 10:35:06.401,2.0727,2.073,1.00,1.00
2008.08.12 10:35:07.032,2.0727,2.073,3.60,1.00
2008.08.12 10:35:08.690,2.0727,2.07295,3.10,2.00
2008.08.12 10:35:08.776,2.0727,2.07295,3.10,2.50
2008.08.12 10:35:09.032,2.07255,2.07295,3.10,2.50
2008.08.12 10:35:09.230,2.07245,2.07295,3.90,2.50
2008.08.12 10:35:09.320,2.07245,2.07295,3.30,2.50
2008.08.12 10:35:09.492,2.0725,2.07295,3.10,2.50
2008.08.12 10:35:09.899,2.07245,2.07295,3.30,2.50
2008.08.12 10:35:11.224,2.07245,2.07295,3.90,2.50
2008.08.12 10:35:11.640,2.0725,2.07295,1.00,2.50
2008.08.12 10:35:11.760,2.0725,2.07295,1.00,2.50
2008.08.12 10:35:11.909,2.0725,2.0729,1.00,1.00
2008.08.12 10:35:11.984,2.07255,2.0729,1.00,1.00
2008.08.12 10:35:12.533,2.0725,2.0729,1.00,1.00
2008.08.12 10:35:12.875,2.07255,2.0729,1.00,1.00
2008.08.12 10:35:13.217,2.0725,2.0729,3.90,1.00
2008.08.12 10:35:13.686,2.0725,2.073,4.00,2.00
2008.08.12 10:35:13.921,2.07255,2.07305,1.00,7.50
2008.08.12 10:35:14.157,2.0726,2.07305,1.00,4.80
2008.08.12 10:35:14.392,2.0726,2.07305,3.10,2.00
2008.08.12 10:35:14.592,2.07255,2.07305,3.90,2.00
2008.08.12 10:35:14.792,2.0726,2.07305,1.00,2.00
2008.08.12 10:35:15.188,2.0726,2.07305,3.30,2.00
2008.08.12 10:35:16.966,2.07265,2.07305,1.00,2.00
2008.08.12 10:35:17.184,2.0726,2.0731,5.20,2.00
2008.08.12 10:35:17.405,2.0726,2.0731,4.40,2.00
2008.08.12 10:35:17.592,2.07265,2.0731,3.10,2.00
2008.08.12 10:35:17.688,2.07265,2.07305,3.10,2.00
2008.08.12 10:35:17.786,2.07265,2.07305,3.30,2.00
2008.08.12 10:35:19.104,2.07265,2.0731,3.30,2.00
2008.08.12 10:35:19.300,2.0727,2.0731,1.00,2.00
2008.08.12 10:35:19.496,2.0727,2.0731,3.90,2.00
2008.08.12 10:35:19.640,2.0727,2.0731,3.60,2.00
2008.08.12 10:35:19.784,2.0727,2.0731,3.10,2.00
2008.08.12 10:35:19.928,2.0727,2.07315,3.10,2.50
2008.08.12 10:35:20.227,2.07265,2.07315,4.40,2.50
2008.08.12 10:35:21.244,2.0727,2.07315,1.00,2.50
2008.08.12 10:35:21.684,2.0727,2.07315,3.30,2.50
2008.08.12 10:35:22.504,2.0727,2.0731,3.30,2.00
2008.08.12 10:35:22.628,2.0727,2.0731,3.10,2.00
2008.08.12 10:35:22.872,2.0727,2.07315,3.10,2.50
2008.08.12 10:35:22.996,2.07275,2.07315,1.00,2.50
2008.08.12 10:35:23.120,2.07275,2.0731,1.00,1.00
2008.08.12 10:35:23.244,2.07275,2.0731,3.30,1.00
2008.08.12 10:35:24.245,2.07275,2.0731,4.40,1.00
2008.08.12 10:35:24.522,2.0728,2.073,1.00,1.00
2008.08.12 10:35:24.902,2.0729,2.073,1.00,1.00
2008.08.12 10:35:24.999,2.0729,2.073,3.10,1.00
2008.08.12 10:35:25.122,2.0729,2.07305,3.10,2.50
2008.08.12 10:35:25.312,2.0727,2.0729,1.20,1.00
2008.08.12 10:35:25.592,2.07265,2.0729,4.70,1.00
2008.08.12 10:35:25.932,2.0727,2.0729,3.10,1.00
2008.08.12 10:35:26.273,2.0727,2.0729,1.00,1.80
2008.08.12 10:35:26.633,2.0727,2.0729,2.10,1.00
2008.08.12 10:35:26.933,2.0726,2.0729,3.30,2.00
2008.08.12 10:35:27.238,2.07255,2.0729,6.60,2.00
2008.08.12 10:35:27.541,2.07255,2.0729,3.30,2.00
2008.08.12 10:35:27.852,2.0726,2.0729,3.20,2.00
2008.08.12 10:35:28.054,2.0725,2.0729,1.00,2.00
2008.08.12 10:35:28.253,2.0724,2.0729,3.30,2.00
2008.08.12 10:35:28.452,2.0724,2.0728,3.30,1.00
2008.08.12 10:35:28.653,2.0724,2.0728,3.30,2.00
2008.08.12 10:35:28.852,2.0724,2.0728,3.10,2.00
2008.08.12 10:35:29.194,2.07225,2.07275,5.50,2.00
2008.08.12 10:35:29.532,2.0723,2.07275,3.10,2.00
2008.08.12 10:35:29.882,2.0723,2.07275,3.20,4.70
2008.08.12 10:35:30.048,2.07235,2.07275,1.00,7.00
2008.08.12 10:35:30.214,2.0723,2.07275,1.00,7.00
2008.08.12 10:35:30.376,2.07235,2.07265,1.00,2.00
2008.08.12 10:35:30.705,2.07225,2.07265,3.30,2.00
2008.08.12 10:35:30.868,2.07235,2.07265,3.10,2.00
2008.08.12 10:35:31.110,2.07225,2.0727,3.30,2.00
2008.08.12 10:35:31.361,2.07225,2.0727,3.50,2.00
2008.08.12 10:35:31.600,2.07235,2.0727,1.00,1.00
2008.08.12 10:35:32.076,2.07235,2.0727,3.90,1.00
2008.08.12 10:35:32.404,2.07235,2.0727,4.90,1.00
2008.08.12 10:35:33.057,2.0724,2.0727,3.10,1.00
2008.08.12 10:35:33.795,2.07255,2.0727,1.00,1.00
2008.08.12 10:35:34.276,2.07245,2.07305,3.30,7.90
2008.08.12 10:35:34.596,2.07255,2.07305,1.00,7.90
2008.08.12 10:35:34.916,2.07255,2.073,1.30,5.90
2008.08.12 10:35:35.092,2.0726,2.073,3.10,1.00
2008.08.12 10:35:35.789,2.07255,2.0729,3.30,1.00
2008.08.12 10:35:36.093,2.07255,2.0728,3.30,1.00
2008.08.12 10:35:36.345,2.07255,2.0728,3.90,1.00
2008.08.12 10:35:36.716,2.07255,2.0728,1.00,1.00
2008.08.12 10:35:36.844,2.07255,2.0728,1.00,1.00
2008.08.12 10:35:37.556,2.0725,2.0728,4.90,1.00
2008.08.12 10:35:37.781,2.07255,2.0728,3.30,1.00
2008.08.12 10:35:38.004,2.07255,2.0727,3.10,2.00
2008.08.12 10:35:38.210,2.07245,2.0727,3.30,2.00
2008.08.12 10:35:38.313,2.0725,2.0727,1.00,2.00
2008.08.12 10:35:38.416,2.07245,2.0727,3.10,2.00
2008.08.12 10:35:38.620,2.0725,2.0727,3.10,2.00
2008.08.12 10:35:38.724,2.0723,2.0727,3.10,2.00
2008.08.12 10:35:39.048,2.07225,2.0727,3.50,2.00
2008.08.12 10:35:39.389,2.07225,2.0727,3.30,2.00
2008.08.12 10:35:42.577,2.07225,2.0727,3.10,2.00
2008.08.12 10:35:42.974,2.07225,2.0727,3.30,2.00
2008.08.12 10:35:45.343,2.07225,2.07265,3.30,2.00
2008.08.12 10:35:45.572,2.07225,2.07265,3.10,2.00
2008.08.12 10:35:45.748,2.0722,2.07265,3.30,2.00
2008.08.12 10:35:46.440,2.0722,2.07265,3.50,2.00
2008.08.12 10:35:46.948,2.0722,2.0726,3.50,2.00
2008.08.12 10:35:47.113,2.0722,2.0726,3.20,2.00
2008.08.12 10:35:47.741,2.07225,2.0726,1.00,2.00
2008.08.12 10:35:49.732,2.0722,2.0726,3.20,2.00
2008.08.12 10:35:49.800,2.0722,2.07265,3.20,2.00
2008.08.12 10:35:52.296,2.0722,2.0726,3.20,2.00
2008.08.12 10:36:01.630,2.0722,2.0727,3.20,2.00
2008.08.12 10:36:01.791,2.0722,2.0727,3.20,4.70
2008.08.12 10:36:01.971,2.07225,2.0727,1.00,7.00
2008.08.12 10:36:02.120,2.07225,2.0727,1.00,4.30
2008.08.12 10:36:02.402,2.0722,2.0727,3.20,2.00
2008.08.12 10:36:13.335,2.0722,2.0727,3.90,2.00
2008.08.12 10:36:13.644,2.0722,2.0727,3.60,2.00
2008.08.12 10:36:13.980,2.0722,2.0727,4.70,2.00
2008.08.12 10:36:14.344,2.0722,2.0727,4.90,2.00
2008.08.12 10:36:14.528,2.07225,2.0727,3.10,2.00
2008.08.12 10:36:16.354,2.0723,2.0727,3.10,2.00
2008.08.12 10:36:16.600,2.0723,2.0727,4.50,2.00
2008.08.12 10:36:17.927,2.0723,2.0727,1.40,2.00
2008.08.12 10:36:18.675,2.0723,2.07275,1.40,2.50
2008.08.12 10:36:20.147,2.0723,2.07275,4.50,2.50
2008.08.12 10:36:20.567,2.0723,2.0727,4.50,2.00
2008.08.12 10:36:23.577,2.0723,2.0727,1.40,2.00
2008.08.12 10:36:24.843,2.0723,2.07265,1.40,2.00
2008.08.12 10:36:25.819,2.0723,2.0727,1.40,2.00
2008.08.12 10:36:37.931,2.0723,2.07275,1.40,2.10
2008.08.12 10:36:38.548,2.0723,2.0728,1.40,7.00
2008.08.12 10:36:41.621,2.0723,2.0727,1.40,1.00
2008.08.12 10:36:42.828,2.0723,2.07275,1.40,2.50
2008.08.12 10:36:43.169,2.0723,2.0726,1.40,1.00
2008.08.12 10:37:03.624,2.07225,2.0726,3.10,1.00
2008.08.12 10:37:04.132,2.0722,2.0726,4.10,1.00
2008.08.12 10:37:04.300,2.0722,2.07275,4.10,7.50
2008.08.12 10:37:04.467,2.0722,2.0727,3.10,2.00
2008.08.12 10:37:05.224,2.0722,2.0726,3.10,1.00
2008.08.12 10:37:05.523,2.0722,2.0726,3.30,1.00
2008.08.12 10:37:08.288,2.0723,2.0727,1.00,2.00
2008.08.12 10:37:08.383,2.0723,2.0727,1.00,2.00
2008.08.12 10:37:09.506,2.0723,2.0727,1.00,2.00
2008.08.12 10:37:09.635,2.0722,2.0727,4.00,2.00
2008.08.12 10:37:09.763,2.0722,2.0727,3.90,2.00
2008.08.12 10:37:10.457,2.0723,2.0727,1.00,2.00
2008.08.12 10:37:10.512,2.0723,2.0727,1.00,2.00
2008.08.12 10:37:10.730,2.07235,2.0727,1.00,2.00
2008.08.12 10:37:10.991,2.07235,2.07275,1.00,4.30
2008.08.12 10:37:11.272,2.07235,2.07275,1.00,2.00
2008.08.12 10:37:13.919,2.07225,2.07275,3.30,2.00
2008.08.12 10:37:14.039,2.07225,2.07275,3.30,4.70
2008.08.12 10:37:14.275,2.0723,2.07275,1.00,7.00
2008.08.12 10:37:15.621,2.0723,2.07275,1.00,8.30
2008.08.12 10:37:15.655,2.0723,2.07265,1.00,2.00
2008.08.12 10:37:15.822,2.0723,2.07265,1.00,2.00
2008.08.12 10:37:16.047,2.0723,2.07265,1.00,4.70
2008.08.12 10:37:16.335,2.0723,2.07265,1.00,7.00
2008.08.12 10:37:16.513,2.0723,2.07265,1.00,7.00
2008.08.12 10:37:16.687,2.0723,2.07265,1.00,4.80
2008.08.12 10:37:17.371,2.0723,2.07265,1.00,2.10
2008.08.12 10:37:17.541,2.0723,2.0727,1.00,2.00
2008.08.12 10:37:19.479,2.0723,2.0727,1.00,2.00
2008.08.12 10:37:19.811,2.0723,2.07265,1.00,2.00
2008.08.12 10:37:20.714,2.0723,2.07265,1.00,4.70
2008.08.12 10:37:20.838,2.0723,2.0726,1.00,2.10
2008.08.12 10:37:21.995,2.0723,2.0726,1.00,2.10
2008.08.12 10:37:23.025,2.0723,2.0727,1.00,2.00
2008.08.12 10:37:23.959,2.0723,2.0727,1.00,2.00
2008.08.12 10:37:26.897,2.0722,2.0727,3.20,2.00
2008.08.12 10:37:26.983,2.0722,2.0727,3.20,4.70
2008.08.12 10:37:27.155,2.07225,2.0727,1.00,7.00
2008.08.12 10:37:31.947,2.07215,2.0727,4.40,7.00
2008.08.12 10:37:32.243,2.0722,2.0727,1.30,4.80
2008.08.12 10:37:32.540,2.0722,2.07275,4.90,7.50
2008.08.12 10:37:32.767,2.0722,2.07275,5.20,7.50
2008.08.12 10:37:32.995,2.0722,2.07275,4.90,7.50
2008.08.12 10:37:33.224,2.0722,2.0727,4.90,2.10
2008.08.12 10:37:33.739,2.0722,2.0727,5.20,2.10
2008.08.12 10:37:33.944,2.0722,2.07275,5.20,7.50
2008.08.12 10:37:34.176,2.0722,2.07275,4.90,7.50
2008.08.12 10:37:34.379,2.0722,2.07275,4.40,7.50
2008.08.12 10:37:34.919,2.0723,2.07275,1.00,4.80
2008.08.12 10:37:35.035,2.0723,2.07275,1.00,2.70
2008.08.12 10:37:35.375,2.07225,2.07275,4.70,2.70
2008.08.12 10:37:35.675,2.07225,2.07275,4.70,2.10
2008.08.12 10:37:35.793,2.07225,2.07275,4.90,2.10
2008.08.12 10:37:36.203,2.0723,2.0728,3.10,7.00
2008.08.12 10:37:36.524,2.07235,2.0728,1.00,2.10
2008.08.12 10:37:36.655,2.07235,2.0727,1.00,1.00
2008.08.12 10:37:37.068,2.07235,2.0728,4.10,1.00
2008.08.12 10:37:37.420,2.07235,2.07285,1.00,2.70
2008.08.12 10:37:37.759,2.07235,2.0728,4.10,1.00
2008.08.12 10:37:38.431,2.07235,2.0728,4.70,1.00
2008.08.12 10:37:39.059,2.0724,2.0728,3.10,1.00
2008.08.12 10:37:39.543,2.07235,2.0728,4.40,1.00
2008.08.12 10:37:40.591,2.07235,2.0728,4.90,1.00
2008.08.12 10:37:40.924,2.07235,2.0728,4.40,1.00
2008.08.12 10:37:41.957,2.07235,2.0728,4.40,1.60
2008.08.12 10:37:43.247,2.07235,2.07275,3.30,2.00
2008.08.12 10:37:43.728,2.07235,2.07275,3.10,2.00
2008.08.12 10:37:44.002,2.07225,2.07275,5.20,2.00
2008.08.12 10:37:46.813,2.07225,2.07275,4.70,2.00
2008.08.12 10:37:47.096,2.07225,2.07275,4.40,2.00
2008.08.12 10:37:47.236,2.07225,2.07275,4.90,2.00
2008.08.12 10:37:47.571,2.07225,2.07275,2.10,4.30
2008.08.12 10:37:47.907,2.07225,2.07275,5.20,2.00
2008.08.12 10:37:48.647,2.07235,2.07275,1.00,2.00
2008.08.12 10:37:48.911,2.0723,2.07275,1.00,2.00
2008.08.12 10:37:49.067,2.0723,2.0727,1.00,2.00
2008.08.12 10:37:49.235,2.07235,2.0727,3.10,2.00
2008.08.12 10:37:49.471,2.0723,2.0727,1.00,2.00
2008.08.12 10:37:49.707,2.0723,2.0727,1.00,2.00
2008.08.12 10:37:50.175,2.07225,2.0727,4.10,2.00
2008.08.12 10:37:50.412,2.07225,2.0727,5.20,2.00
2008.08.12 10:37:50.647,2.07225,2.07275,5.20,2.00
2008.08.12 10:37:52.749,2.0724,2.07275,1.00,2.00
2008.08.12 10:37:52.864,2.0724,2.07275,1.00,2.00
2008.08.12 10:37:52.999,2.0724,2.07275,1.00,2.00
2008.08.12 10:37:53.483,2.0724,2.0728,1.00,2.10
2008.08.12 10:37:53.607,2.0724,2.0728,1.00,2.10
2008.08.12 10:37:53.731,2.0724,2.0728,1.00,2.10
2008.08.12 10:37:53.855,2.0724,2.0728,1.00,2.10
2008.08.12 10:37:54.079,2.07235,2.0728,3.10,2.00
2008.08.12 10:37:54.303,2.0724,2.0728,1.00,4.30
2008.08.12 10:37:54.529,2.0724,2.0728,1.00,2.10
2008.08.12 10:37:54.753,2.0724,2.07285,1.00,7.00
2008.08.12 10:37:55.275,2.0724,2.0728,1.00,2.10
2008.08.12 10:37:55.864,2.0724,2.0728,1.00,2.10
2008.08.12 10:37:57.269,2.0725,2.0728,1.00,2.10
2008.08.12 10:37:57.943,2.0725,2.07285,1.00,4.80
2008.08.12 10:37:58.803,2.0725,2.0728,1.00,2.10
2008.08.12 10:37:59.351,2.0725,2.07285,1.00,2.10
2008.08.12 10:38:02.366,2.0725,2.07285,1.00,4.30
2008.08.12 10:38:02.797,2.0724,2.0728,4.10,2.70
2008.08.12 10:38:03.107,2.0724,2.0728,1.00,2.10
2008.08.12 10:38:03.408,2.0725,2.0729,1.00,2.10
2008.08.12 10:38:03.708,2.0725,2.07295,1.00,3.70
2008.08.12 10:38:03.893,2.0725,2.0729,1.00,2.10
2008.08.12 10:38:04.079,2.0725,2.07295,1.60,2.70
2008.08.12 10:38:04.260,2.0726,2.07295,1.00,2.70
2008.08.12 10:38:04.444,2.0726,2.0729,1.00,1.00
2008.08.12 10:38:04.759,2.0725,2.0728,4.90,1.00
2008.08.12 10:38:05.075,2.07255,2.0728,1.00,1.00
2008.08.12 10:38:05.408,2.07255,2.0728,1.60,1.00
2008.08.12 10:38:05.723,2.0725,2.073,4.10,3.30
2008.08.12 10:38:06.000,2.0725,2.0729,4.10,1.00
2008.08.12 10:38:06.555,2.0725,2.0729,4.10,5.90
2008.08.12 10:38:07.231,2.0725,2.0729,4.10,1.00
2008.08.12 10:38:07.571,2.0725,2.0728,1.00,1.00
2008.08.12 10:38:08.042,2.0725,2.07285,1.00,2.70
2008.08.12 10:38:08.511,2.0725,2.0728,1.00,1.00
2008.08.12 10:38:09.956,2.07245,2.0728,1.60,1.00
2008.08.12 10:38:13.897,2.07245,2.0729,4.70,1.00
2008.08.12 10:38:14.187,2.07245,2.0729,4.90,1.00
2008.08.12 10:38:15.263,2.07245,2.0729,3.30,1.00
2008.08.12 10:38:15.412,2.07245,2.0729,3.10,1.00
2008.08.12 10:38:15.589,2.0724,2.0729,4.40,1.00
2008.08.12 10:38:16.677,2.07245,2.0729,1.00,1.00
2008.08.12 10:38:16.915,2.07245,2.0729,1.00,1.00
2008.08.12 10:38:17.130,2.07245,2.0729,3.90,1.00
2008.08.12 10:38:17.971,2.07245,2.0729,4.90,1.00
2008.08.12 10:38:18.182,2.07245,2.0729,4.90,1.00
2008.08.12 10:38:18.405,2.07245,2.0729,4.70,1.00
2008.08.12 10:38:18.815,2.07245,2.0729,1.60,1.00
2008.08.12 10:38:19.025,2.07245,2.0729,4.70,1.00
2008.08.12 10:38:19.231,2.07245,2.0729,4.10,1.00
2008.08.12 10:38:19.439,2.07245,2.0729,4.70,1.00
2008.08.12 10:38:19.648,2.07245,2.0729,4.10,1.00
2008.08.12 10:38:20.314,2.07245,2.0729,4.10,1.00
2008.08.12 10:38:21.559,2.07245,2.0729,4.10,1.00
2008.08.12 10:38:21.624,2.07245,2.0729,4.40,1.00
2008.08.12 10:38:21.776,2.07245,2.0729,4.90,1.00
2008.08.12 10:38:21.893,2.0726,2.0729,1.00,1.00
2008.08.12 10:38:23.425,2.07245,2.0729,5.20,1.00
2008.08.12 10:38:24.691,2.07245,2.0729,4.70,1.00
2008.08.12 10:38:24.872,2.0726,2.0729,1.00,1.00
2008.08.12 10:38:32.635,2.0726,2.0729,1.00,1.00
2008.08.12 10:38:32.883,2.07255,2.0729,1.00,1.00
2008.08.12 10:38:33.088,2.07245,2.0729,4.90,1.00
2008.08.12 10:38:36.575,2.0726,2.0729,1.00,1.00
2008.08.12 10:38:36.764,2.0726,2.073,1.00,4.80
2008.08.12 10:38:36.951,2.0726,2.073,1.00,2.10
2008.08.12 10:38:37.047,2.0726,2.073,1.00,2.10
2008.08.12 10:38:37.235,2.07265,2.0731,3.10,3.20
2008.08.12 10:38:37.575,2.07265,2.0731,4.10,1.00
2008.08.12 10:38:37.926,2.0727,2.07315,3.60,2.50
2008.08.12 10:38:38.263,2.0727,2.07315,3.10,2.50
2008.08.12 10:38:38.560,2.0727,2.07315,3.10,5.20
2008.08.12 10:38:38.732,2.07265,2.07315,1.00,7.50
2008.08.12 10:38:39.903,2.0727,2.07315,1.00,4.80
2008.08.12 10:38:40.179,2.0727,2.07315,3.60,2.50
2008.08.12 10:38:40.455,2.0727,2.07315,3.60,2.00
2008.08.12 10:38:40.531,2.0727,2.07315,3.90,2.00
2008.08.12 10:38:40.751,2.0727,2.0732,4.90,2.00
2008.08.12 10:38:42.407,2.0728,2.0732,1.00,2.00
2008.08.12 10:38:42.895,2.0728,2.0732,1.00,4.70
2008.08.12 10:38:43.176,2.07275,2.0732,1.00,7.00
2008.08.12 10:38:43.456,2.07275,2.0732,1.30,4.80
2008.08.12 10:38:43.735,2.0728,2.0732,1.00,4.80
2008.08.12 10:38:43.851,2.0728,2.0732,1.00,2.70
2008.08.12 10:38:43.899,2.0728,2.07325,1.00,4.80
2008.08.12 10:38:44.206,2.07285,2.07325,1.00,4.80
2008.08.12 10:38:44.555,2.07285,2.07325,1.00,2.10
2008.08.12 10:38:45.715,2.0728,2.07325,1.00,4.80
2008.08.12 10:38:48.192,2.0729,2.07325,1.00,4.80
2008.08.12 10:38:48.315,2.0729,2.07325,1.00,7.00
2008.08.12 10:38:54.240,2.0729,2.07325,1.00,4.80
2008.08.12 10:38:54.469,2.07285,2.07325,1.60,4.80
2008.08.12 10:38:54.585,2.07285,2.07325,1.80,2.10
2008.08.12 10:38:54.706,2.0729,2.07325,1.40,2.10
2008.08.12 10:38:54.883,2.0729,2.07335,1.80,2.10
2008.08.12 10:38:55.064,2.07305,2.0734,1.00,2.00
2008.08.12 10:38:55.244,2.07305,2.07345,1.00,2.50
2008.08.12 10:38:55.601,2.07305,2.07345,1.00,2.50
2008.08.12 10:38:55.780,2.0731,2.07345,1.00,2.50
2008.08.12 10:38:58.124,2.0731,2.07345,1.00,2.00
2008.08.12 10:38:58.304,2.073,2.07345,5.60,2.00
2008.08.12 10:38:58.507,2.073,2.07345,4.00,2.00
2008.08.12 10:38:58.611,2.073,2.07345,3.90,2.00
2008.08.12 10:38:58.715,2.073,2.07345,3.60,2.00
2008.08.12 10:38:58.919,2.073,2.07345,1.00,2.00
2008.08.12 10:38:59.023,2.073,2.07345,1.00,4.70
2008.08.12 10:38:59.227,2.073,2.07345,1.00,7.00
2008.08.12 10:38:59.664,2.073,2.07345,1.00,7.00
2008.08.12 10:38:59.884,2.073,2.07345,1.00,7.00
2008.08.12 10:39:00.392,2.0731,2.07345,1.00,7.00
2008.08.12 10:39:00.835,2.0731,2.07345,1.00,4.30
2008.08.12 10:39:00.984,2.0731,2.07345,1.00,2.00
2008.08.12 10:39:01.679,2.07305,2.07345,1.00,2.00
2008.08.12 10:39:01.745,2.07305,2.07345,1.00,2.00
2008.08.12 10:39:01.876,2.073,2.07345,3.90,2.00
2008.08.12 10:39:01.943,2.073,2.07345,3.60,2.00
2008.08.12 10:39:02.012,2.073,2.07345,1.00,2.00
2008.08.12 10:39:02.079,2.073,2.07345,1.00,2.00
2008.08.12 10:39:07.571,2.073,2.07345,1.00,2.50
2008.08.12 10:39:16.073,2.07305,2.07345,1.00,2.50
2008.08.12 10:39:16.432,2.07305,2.0734,1.00,1.00
2008.08.12 10:39:16.656,2.0731,2.0734,1.00,1.00
2008.08.12 10:39:18.835,2.07315,2.0734,1.00,1.00
2008.08.12 10:39:20.660,2.07305,2.0734,3.90,1.00
2008.08.12 10:39:20.780,2.07305,2.0734,3.60,1.00
2008.08.12 10:39:23.403,2.07305,2.0734,3.10,1.00
2008.08.12 10:39:23.543,2.073,2.0734,3.30,1.00
2008.08.12 10:39:23.819,2.073,2.0734,3.10,1.00
2008.08.12 10:39:24.095,2.07295,2.0734,4.90,1.00
2008.08.12 10:39:24.967,2.07295,2.07345,3.90,2.50
2008.08.12 10:39:25.127,2.07295,2.07345,3.30,2.50
2008.08.12 10:39:25.680,2.07295,2.07345,4.70,3.20
2008.08.12 10:39:25.891,2.07295,2.0734,1.60,2.10
2008.08.12 10:39:26.276,2.07295,2.07345,1.60,5.40
2008.08.12 10:39:26.544,2.07295,2.07345,1.60,3.20
2008.08.12 10:39:26.919,2.073,2.07345,1.00,3.20
2008.08.12 10:39:27.047,2.07305,2.07345,1.00,3.20
2008.08.12 10:39:27.175,2.073,2.07345,1.00,3.20
2008.08.12 10:39:27.503,2.073,2.0734,1.00,1.00
2008.08.12 10:39:27.831,2.073,2.07345,1.00,3.20
2008.08.12 10:39:29.029,2.07295,2.07345,1.60,3.20
2008.08.12 10:39:29.751,2.07305,2.07345,1.00,3.20
2008.08.12 10:39:29.981,2.07305,2.0734,1.00,1.00
2008.08.12 10:39:31.211,2.073,2.0734,1.00,1.00
2008.08.12 10:39:32.959,2.07305,2.0734,1.00,1.00
2008.08.12 10:39:33.731,2.073,2.0734,1.60,1.00
2008.08.12 10:39:35.704,2.073,2.0734,1.80,1.00
2008.08.12 10:39:35.834,2.073,2.0734,1.60,1.00
2008.08.12 10:39:35.990,2.073,2.0734,4.70,1.00
2008.08.12 10:39:36.576,2.0731,2.07355,1.00,12.40
2008.08.12 10:39:36.883,2.0731,2.07355,1.00,7.00
2008.08.12 10:39:38.296,2.0731,2.07355,2.10,7.00
2008.08.12 10:39:38.421,2.0731,2.07355,1.00,7.00
2008.08.12 10:39:39.314,2.0732,2.07355,1.00,7.00
2008.08.12 10:39:39.745,2.0732,2.07355,1.00,4.30
2008.08.12 10:39:39.928,2.0733,2.07355,1.00,4.30
2008.08.12 10:39:40.571,2.0733,2.07355,1.00,2.00
2008.08.12 10:39:41.403,2.0732,2.07355,1.00,2.00
2008.08.12 10:39:41.890,2.0732,2.07345,1.00,2.00
2008.08.12 10:39:42.083,2.0734,2.07345,1.00,2.00
2008.08.12 10:39:42.328,2.0734,2.0735,1.00,1.00
2008.08.12 10:39:42.731,2.0732,2.07355,1.00,4.30
2008.08.12 10:39:43.071,2.07315,2.07355,3.30,2.00
2008.08.12 10:39:43.747,2.07315,2.07365,3.30,2.00
2008.08.12 10:39:44.407,2.07315,2.07365,3.30,2.50
2008.08.12 10:39:44.703,2.07315,2.07365,3.30,7.90
2008.08.12 10:39:44.903,2.0732,2.07365,3.10,7.90
2008.08.12 10:39:44.971,2.0732,2.07355,3.10,2.00
2008.08.12 10:39:45.235,2.07315,2.07355,1.00,2.00
2008.08.12 10:39:45.322,2.07315,2.0736,1.00,7.00
2008.08.12 10:39:45.500,2.07315,2.0736,1.00,4.30
2008.08.12 10:39:45.807,2.07305,2.0736,4.40,4.30
2008.08.12 10:39:46.115,2.0731,2.0736,3.10,2.00
2008.08.12 10:39:46.423,2.0731,2.0736,3.10,4.30
2008.08.12 10:39:46.731,2.0731,2.0736,4.10,2.10
2008.08.12 10:39:47.039,2.0731,2.0736,4.70,2.10
2008.08.12 10:39:47.195,2.0731,2.0736,3.10,2.10
2008.08.12 10:39:47.351,2.07315,2.0736,1.00,4.30
2008.08.12 10:39:47.659,2.07315,2.0736,3.30,2.00
2008.08.12 10:39:47.999,2.07315,2.0736,3.30,3.20
2008.08.12 10:39:48.339,2.07315,2.0736,3.10,3.20
2008.08.12 10:39:48.799,2.0731,2.0736,3.30,3.20
2008.08.12 10:39:49.783,2.0731,2.0736,3.10,5.90
2008.08.12 10:39:50.051,2.07305,2.0736,4.90,8.20
2008.08.12 10:39:51.575,2.07305,2.0735,4.90,1.00
2008.08.12 10:39:52.987,2.0731,2.0735,3.30,1.00
2008.08.12 10:39:54.012,2.07325,2.0735,1.00,1.00
2008.08.12 10:39:54.197,2.07315,2.0735,1.60,1.00
2008.08.12 10:39:54.328,2.07315,2.0735,1.00,1.00
2008.08.12 10:39:54.397,2.0733,2.0735,1.40,1.00
2008.08.12 10:39:54.947,2.07325,2.07365,3.30,2.50
2008.08.12 10:39:55.407,2.07325,2.07365,3.10,5.20
2008.08.12 10:39:55.749,2.0731,2.0736,3.30,2.00
2008.08.12 10:39:56.087,2.0731,2.0736,3.10,4.70
2008.08.12 10:39:56.299,2.07305,2.0736,4.70,7.00
2008.08.12 10:39:56.407,2.07305,2.0735,3.50,2.00
2008.08.12 10:39:56.964,2.07305,2.0735,3.10,2.00
2008.08.12 10:39:57.072,2.07305,2.07345,3.10,2.70
2008.08.12 10:39:57.499,2.0731,2.07345,1.00,2.10
2008.08.12 10:39:57.796,2.0731,2.0735,1.00,7.00
2008.08.12 10:39:58.094,2.0731,2.0735,1.00,4.30
2008.08.12 10:39:58.843,2.0731,2.0735,1.00,2.00
2008.08.12 10:39:59.071,2.0731,2.0735,1.00,2.00
2008.08.12 10:39:59.323,2.0731,2.0735,1.00,4.30
2008.08.12 10:39:59.480,2.0731,2.0735,1.00,4.30
2008.08.12 10:39:59.635,2.0731,2.0735,1.00,2.10
2008.08.12 10:39:59.791,2.0731,2.07355,1.00,7.00
2008.08.12 10:40:00.631,2.07315,2.07355,1.00,4.70
2008.08.12 10:40:00.974,2.07315,2.07355,1.00,2.00
2008.08.12 10:40:01.311,2.0731,2.07355,1.00,2.00
2008.08.12 10:40:01.492,2.07315,2.07355,1.00,2.00
2008.08.12 10:40:01.671,2.07325,2.07355,1.00,2.00
2008.08.12 10:40:01.851,2.0733,2.07355,1.00,2.00
2008.08.12 10:40:02.383,2.0733,2.0736,1.00,7.00
2008.08.12 10:40:03.059,2.0733,2.0736,1.00,2.10
2008.08.12 10:40:03.399,2.0733,2.07365,1.00,4.80
2008.08.12 10:40:03.895,2.0733,2.07365,1.00,2.10
2008.08.12 10:40:04.227,2.0734,2.0738,3.10,4.80
2008.08.12 10:40:04.671,2.07345,2.0738,1.00,2.10
2008.08.12 10:40:04.951,2.07345,2.0739,1.00,4.80
2008.08.12 10:40:05.231,2.07345,2.0739,1.60,4.80
2008.08.12 10:40:05.513,2.0735,2.0739,1.00,2.10
2008.08.12 10:40:05.787,2.0735,2.0739,1.00,5.90
2008.08.12 10:40:06.064,2.07345,2.0739,7.60,5.90
2008.08.12 10:40:06.339,2.07345,2.074,7.60,4.70
2008.08.12 10:40:07.047,2.07345,2.0739,4.50,2.10
2008.08.12 10:40:07.197,2.07345,2.0739,4.30,4.80
2008.08.12 10:40:07.823,2.07345,2.07385,4.30,4.80
2008.08.12 10:40:08.960,2.0735,2.07385,3.20,4.80
2008.08.12 10:40:09.125,2.0735,2.07385,3.70,4.80
2008.08.12 10:40:09.499,2.0735,2.07385,3.70,2.10
2008.08.12 10:40:09.730,2.0735,2.0739,3.70,4.80
2008.08.12 10:40:10.390,2.0735,2.0739,3.70,2.10
2008.08.12 10:40:10.871,2.0735,2.07395,3.70,4.80
2008.08.12 10:40:12.698,2.0735,2.07395,3.70,2.10
2008.08.12 10:40:13.202,2.0735,2.0739,3.70,2.10
2008.08.12 10:40:13.711,2.0736,2.0739,1.00,2.10
2008.08.12 10:40:14.223,2.0736,2.074,1.00,4.80
2008.08.12 10:40:14.386,2.0736,2.074,1.00,4.80
2008.08.12 10:40:14.640,2.0736,2.074,1.00,4.80
2008.08.12 10:40:14.810,2.07365,2.074,1.00,2.10
2008.08.12 10:40:15.091,2.0737,2.074,1.00,2.10
2008.08.12 10:40:15.186,2.07365,2.074,1.00,2.10
2008.08.12 10:40:15.375,2.07365,2.0741,1.00,7.00
2008.08.12 10:40:17.019,2.07355,2.0741,4.10,7.00
2008.08.12 10:40:17.304,2.07355,2.074,4.10,2.70
2008.08.12 10:40:17.448,2.07355,2.074,1.00,4.80
2008.08.12 10:40:18.351,2.07355,2.07395,1.00,2.10
2008.08.12 10:40:18.741,2.0736,2.07395,1.00,2.10
2008.08.12 10:40:19.443,2.0736,2.0739,1.00,2.00
2008.08.12 10:40:19.895,2.0736,2.0738,1.00,2.70
2008.08.12 10:40:20.231,2.0736,2.0738,1.00,4.80
2008.08.12 10:40:20.900,2.0736,2.0738,1.00,2.10
2008.08.12 10:40:21.139,2.0736,2.07385,1.00,4.80
2008.08.12 10:40:21.379,2.0735,2.07385,1.00,4.80
2008.08.12 10:40:21.855,2.0735,2.07385,1.00,2.10
2008.08.12 10:40:22.415,2.0735,2.0739,1.00,4.80
2008.08.12 10:40:22.603,2.0735,2.07385,1.00,2.70
2008.08.12 10:40:23.139,2.0735,2.07385,1.00,4.80
2008.08.12 10:40:23.815,2.0735,2.07385,1.40,4.80
2008.08.12 10:40:23.997,2.0736,2.07385,1.00,4.80
2008.08.12 10:40:24.480,2.0736,2.0738,1.00,4.80
2008.08.12 10:40:24.563,2.0736,2.0738,1.00,2.10
2008.08.12 10:40:24.808,2.0736,2.0739,1.00,4.80
2008.08.12 10:40:25.947,2.0736,2.0739,1.00,2.10
2008.08.12 10:40:26.127,2.0736,2.07395,1.00,7.00
2008.08.12 10:40:26.633,2.0736,2.0739,1.00,2.00
2008.08.12 10:40:26.987,2.0735,2.0739,1.00,2.00
2008.08.12 10:40:27.263,2.0735,2.0739,1.00,2.00
2008.08.12 10:40:27.539,2.0735,2.07395,1.00,10.20
2008.08.12 10:40:30.265,2.0735,2.0739,1.00,2.10
2008.08.12 10:40:33.723,2.0735,2.07395,1.00,10.20
2008.08.12 10:40:33.991,2.0736,2.07395,1.00,10.20
2008.08.12 10:40:34.391,2.0735,2.07395,1.00,7.50
2008.08.12 10:40:34.549,2.07345,2.07395,3.30,10.20
2008.08.12 10:40:34.704,2.07345,2.07395,3.10,10.20
2008.08.12 10:40:34.859,2.0735,2.07395,1.00,10.20
2008.08.12 10:40:35.167,2.07345,2.07395,1.00,4.80
2008.08.12 10:40:35.475,2.07345,2.07395,1.00,2.10
2008.08.12 10:40:35.886,2.07345,2.074,4.10,8.20
2008.08.12 10:40:36.302,2.07345,2.07395,3.10,5.20
2008.08.12 10:40:36.507,2.07345,2.07395,3.10,8.50
2008.08.12 10:40:36.631,2.07345,2.07395,3.10,5.20
2008.08.12 10:40:36.767,2.0734,2.07395,1.30,8.10
2008.08.12 10:40:37.010,2.07345,2.07395,3.10,5.80
2008.08.12 10:40:37.254,2.0734,2.07395,4.10,10.80
2008.08.12 10:40:37.514,2.0734,2.0739,4.10,2.10
2008.08.12 10:40:37.976,2.0734,2.07395,4.10,10.80
2008.08.12 10:40:38.831,2.0734,2.0738,4.10,1.00
2008.08.12 10:40:48.391,2.07335,2.07385,4.40,2.50
2008.08.12 10:40:48.819,2.0733,2.07375,1.40,2.00
2008.08.12 10:40:49.048,2.07325,2.07375,3.30,2.00
2008.08.12 10:40:49.159,2.07325,2.07375,3.10,2.00
2008.08.12 10:40:49.284,2.0734,2.07375,1.00,4.30
2008.08.12 10:40:49.648,2.0734,2.07375,1.00,2.00
2008.08.12 10:40:50.535,2.0734,2.07375,1.00,4.30
2008.08.12 10:40:51.474,2.0734,2.07375,1.00,2.10
2008.08.12 10:40:51.959,2.0734,2.07375,1.00,2.70
2008.08.12 10:40:52.499,2.0734,2.07375,1.00,2.10
2008.08.12 10:40:52.799,2.0734,2.07375,1.00,2.00
2008.08.12 10:40:53.683,2.0734,2.0737,1.00,2.00
2008.08.12 10:40:54.455,2.0734,2.07375,1.00,4.30
2008.08.12 10:40:54.578,2.0734,2.07375,1.00,2.00
2008.08.12 10:40:56.015,2.0734,2.0737,1.00,2.00
2008.08.12 10:40:57.731,2.0734,2.0737,1.00,2.10
2008.08.12 10:40:58.114,2.0734,2.07375,1.00,4.30
2008.08.12 10:41:00.715,2.0733,2.07375,2.10,7.50
2008.08.12 10:41:01.091,2.07325,2.07375,5.20,7.50
2008.08.12 10:41:01.342,2.07325,2.07375,3.10,10.20
2008.08.12 10:41:01.470,2.0733,2.07375,1.00,10.20
2008.08.12 10:41:01.882,2.0734,2.0737,1.00,2.10
2008.08.12 10:41:02.454,2.0734,2.07375,1.00,7.50
2008.08.12 10:41:03.312,2.0733,2.07375,2.10,4.30
2008.08.12 10:41:03.666,2.07325,2.07375,5.20,2.00
2008.08.12 10:41:04.322,2.07325,2.07375,5.20,4.30
2008.08.12 10:41:05.144,2.0734,2.07375,1.00,4.30
2008.08.12 10:41:05.502,2.07325,2.07375,5.20,4.30
2008.08.12 10:41:05.604,2.0733,2.07375,2.10,4.30
2008.08.12 10:41:05.671,2.0733,2.07375,1.00,4.30
2008.08.12 10:41:05.893,2.0733,2.0737,1.00,2.70
2008.08.12 10:41:06.006,2.0733,2.07375,1.00,4.30
2008.08.12 10:41:07.660,2.0732,2.07375,5.20,4.80
2008.08.12 10:41:07.915,2.0732,2.07375,4.90,8.10
2008.08.12 10:41:09.310,2.0733,2.07375,1.00,7.50
2008.08.12 10:41:09.426,2.0733,2.07375,1.00,4.30
2008.08.12 10:41:10.080,2.0732,2.07375,5.20,4.80
2008.08.12 10:41:10.192,2.0732,2.07375,5.20,8.10
2008.08.12 10:41:10.362,2.0732,2.07375,4.90,8.10
2008.08.12 10:41:12.578,2.0732,2.07375,4.40,8.10
2008.08.12 10:41:12.827,2.0733,2.0737,1.00,2.00
2008.08.12 10:41:13.079,2.0733,2.0737,1.00,4.70
2008.08.12 10:41:13.207,2.0733,2.07365,1.00,2.00
2008.08.12 10:41:13.849,2.0733,2.0737,1.00,4.30
2008.08.12 10:41:14.471,2.07325,2.0737,3.10,2.00
2008.08.12 10:41:14.599,2.0733,2.0737,1.00,2.00
2008.08.12 10:41:18.730,2.0732,2.0737,3.50,2.00
2008.08.12 10:41:18.962,2.0732,2.0737,3.30,2.00
2008.08.12 10:41:20.739,2.0734,2.0737,1.00,2.00
2008.08.12 10:41:20.979,2.0733,2.0737,2.20,2.00
2008.08.12 10:41:21.046,2.0733,2.0737,1.00,2.00
2008.08.12 10:41:21.174,2.0733,2.0737,1.00,2.00
2008.08.12 10:41:21.450,2.07325,2.0737,1.60,2.00
2008.08.12 10:41:21.566,2.07325,2.07375,1.60,5.40
2008.08.12 10:41:21.710,2.07325,2.07375,1.60,2.10
2008.08.12 10:41:21.928,2.07325,2.0738,4.90,8.20
2008.08.12 10:41:23.655,2.0734,2.0738,3.20,8.20
2008.08.12 10:41:25.117,2.07325,2.0738,4.90,8.20
2008.08.12 10:41:26.434,2.0734,2.0738,3.20,8.20
2008.08.12 10:41:27.177,2.07335,2.0738,3.70,8.20
2008.08.12 10:41:27.375,2.07335,2.0738,3.70,7.00
2008.08.12 10:41:27.587,2.07335,2.0738,3.70,4.80
2008.08.12 10:41:28.050,2.0735,2.0738,3.20,4.80
2008.08.12 10:41:28.318,2.0735,2.0738,3.20,2.10
2008.08.12 10:41:28.587,2.0735,2.07385,3.20,2.50
2008.08.12 10:41:29.219,2.07335,2.07385,3.30,2.50
2008.08.12 10:41:29.351,2.07335,2.0737,3.30,1.00
2008.08.12 10:41:29.571,2.0735,2.07385,3.20,2.50
2008.08.12 10:41:29.831,2.07335,2.07385,3.30,2.50
2008.08.12 10:41:29.998,2.0735,2.07385,3.20,2.50
2008.08.12 10:41:32.711,2.0734,2.0738,3.10,3.20
2008.08.12 10:41:33.117,2.07335,2.0738,6.70,1.00
2008.08.12 10:41:33.539,2.0734,2.0738,3.60,1.00
2008.08.12 10:41:33.766,2.0735,2.0739,3.20,5.90
2008.08.12 10:41:33.996,2.07345,2.0739,6.30,5.90
2008.08.12 10:41:34.223,2.07345,2.0739,6.30,3.70
2008.08.12 10:41:35.198,2.07345,2.0739,6.30,1.00
2008.08.12 10:41:36.076,2.07345,2.0739,3.10,1.00
2008.08.12 10:41:36.318,2.07345,2.07395,3.10,5.80
2008.08.12 10:41:36.351,2.07345,2.07395,3.60,5.80
2008.08.12 10:41:36.677,2.0735,2.07395,1.00,5.80
2008.08.12 10:41:36.823,2.0735,2.07395,1.00,2.50
2008.08.12 10:41:37.194,2.0735,2.07395,1.00,2.50
2008.08.12 10:41:37.530,2.07355,2.07395,3.10,2.50
2008.08.12 10:41:37.866,2.07355,2.0739,3.10,1.00
2008.08.12 10:41:38.475,2.07355,2.0739,6.30,1.00
2008.08.12 10:41:39.362,2.07355,2.0739,6.60,1.00
2008.08.12 10:41:39.910,2.07355,2.0739,6.30,1.00
2008.08.12 10:41:41.424,2.07355,2.0739,3.10,1.00
2008.08.12 10:41:41.570,2.07345,2.0739,8.50,1.00
2008.08.12 10:41:41.722,2.07345,2.0739,8.20,1.00
2008.08.12 10:41:42.150,2.07345,2.0739,5.10,1.00
2008.08.12 10:41:42.414,2.07345,2.0739,1.80,1.00
2008.08.12 10:41:42.682,2.07345,2.07395,1.00,2.50
2008.08.12 10:41:42.946,2.07345,2.07395,1.00,5.20
2008.08.12 10:41:43.275,2.07345,2.07395,1.00,7.50
2008.08.12 10:41:44.543,2.07345,2.07385,1.00,2.00
2008.08.12 10:41:44.652,2.0734,2.07385,1.00,2.00
2008.08.12 10:41:45.379,2.0734,2.07385,1.00,2.00
2008.08.12 10:41:46.254,2.0734,2.07385,1.00,2.00
2008.08.12 10:41:46.427,2.0734,2.07385,3.90,2.00
2008.08.12 10:41:46.774,2.0734,2.07385,3.60,2.00
2008.08.12 10:41:46.946,2.0734,2.0738,3.10,2.00
2008.08.12 10:41:47.538,2.0734,2.07375,1.00,2.00
2008.08.12 10:41:49.950,2.0734,2.07365,1.00,2.00
2008.08.12 10:41:50.435,2.0735,2.07365,3.20,2.00
2008.08.12 10:41:50.623,2.0734,2.07355,1.00,2.00
2008.08.12 10:41:51.167,2.0734,2.0736,1.00,1.00
2008.08.12 10:41:51.867,2.0734,2.07365,1.00,7.00
2008.08.12 10:41:52.204,2.0734,2.07365,1.00,4.80
2008.08.12 10:41:52.859,2.07325,2.07365,3.10,2.70
2008.08.12 10:41:53.179,2.0732,2.0737,3.50,2.00
2008.08.12 10:41:54.224,2.0733,2.0737,1.00,2.00
2008.08.12 10:41:54.467,2.0733,2.0737,1.00,2.00
2008.08.12 10:41:54.814,2.07325,2.0737,3.50,2.00
2008.08.12 10:41:54.986,2.07325,2.07375,3.50,2.00
2008.08.12 10:41:55.334,2.07325,2.07375,3.30,2.00
2008.08.12 10:41:55.830,2.0733,2.07375,1.00,2.00
2008.08.12 10:41:56.428,2.0733,2.07375,1.00,2.00
2008.08.12 10:41:56.583,2.0733,2.07375,3.30,2.00
2008.08.12 10:41:56.806,2.0733,2.07375,3.10,2.00
2008.08.12 10:41:57.034,2.07325,2.07375,3.50,2.00
2008.08.12 10:41:57.652,2.07335,2.07375,1.00,2.00
2008.08.12 10:41:57.991,2.0733,2.07375,3.10,2.00
2008.08.12 10:41:58.331,2.07325,2.07375,7.10,2.00
2008.08.12 10:41:58.684,2.07325,2.07375,7.40,2.00
2008.08.12 10:42:02.079,2.07325,2.07375,7.10,2.50
2008.08.12 10:42:05.847,2.07325,2.0736,7.10,1.00
2008.08.12 10:42:06.350,2.07325,2.0736,6.60,1.00
2008.08.12 10:42:06.446,2.07325,2.0736,3.30,1.00
2008.08.12 10:42:06.530,2.07325,2.07365,3.30,2.50
2008.08.12 10:42:06.967,2.0732,2.07365,3.10,2.50
2008.08.12 10:42:07.362,2.07315,2.07365,4.10,2.50
2008.08.12 10:42:07.563,2.07315,2.0736,3.10,3.20
2008.08.12 10:42:08.150,2.0731,2.0736,3.10,8.20
2008.08.12 10:42:08.450,2.07305,2.07355,3.10,4.70
2008.08.12 10:42:08.744,2.073,2.0735,3.10,2.00
2008.08.12 10:42:09.098,2.073,2.0735,3.10,4.70
2008.08.12 10:42:09.291,2.07295,2.07345,4.90,2.10
2008.08.12 10:42:10.676,2.07295,2.0734,3.90,2.00
2008.08.12 10:42:10.774,2.07295,2.0734,3.60,2.00
2008.08.12 10:42:10.880,2.07295,2.0734,3.60,3.20
2008.08.12 10:42:10.933,2.07295,2.0734,3.10,3.20
2008.08.12 10:42:11.155,2.073,2.0734,1.00,3.20
2008.08.12 10:42:11.253,2.073,2.07335,1.00,2.00
2008.08.12 10:42:11.722,2.073,2.0733,1.00,1.00
2008.08.12 10:42:18.382,2.0729,2.0733,3.30,1.00
2008.08.12 10:42:27.411,2.0729,2.0733,4.40,1.00
2008.08.12 10:42:29.864,2.0729,2.0733,4.40,1.00
2008.08.12 10:42:31.742,2.0729,2.0733,3.30,1.00
2008.08.12 10:42:31.873,2.07295,2.0733,3.10,1.00
2008.08.12 10:42:32.570,2.0729,2.0733,3.30,1.00
2008.08.12 10:42:32.982,2.07295,2.0733,1.00,1.00
2008.08.12 10:42:33.251,2.07295,2.0733,1.00,1.00
2008.08.12 10:42:33.536,2.07295,2.07335,3.30,2.50
2008.08.12 10:42:34.098,2.0729,2.07335,3.30,2.50
2008.08.12 10:42:37.421,2.0729,2.07335,3.90,2.50
2008.08.12 10:42:37.982,2.07295,2.07335,3.10,2.50
2008.08.12 10:42:42.942,2.0729,2.07335,3.90,2.50
2008.08.12 10:42:44.887,2.0729,2.0733,4.90,1.00
2008.08.12 10:42:45.025,2.0729,2.0733,5.20,1.00
2008.08.12 10:42:45.254,2.0729,2.0733,4.90,1.00
2008.08.12 10:42:45.430,2.0729,2.07335,3.90,2.50
2008.08.12 10:42:45.490,2.0729,2.07335,3.30,2.50
2008.08.12 10:42:45.948,2.07285,2.07335,3.10,4.80
2008.08.12 10:42:46.125,2.07285,2.0733,3.10,2.00
2008.08.12 10:42:46.959,2.0728,2.0733,4.00,4.30
2008.08.12 10:42:47.280,2.07285,2.0733,1.00,4.30
2008.08.12 10:42:47.598,2.07285,2.0733,3.10,2.00
2008.08.12 10:42:48.250,2.0729,2.07335,1.00,2.50
2008.08.12 10:42:48.586,2.0729,2.07335,1.00,2.50
2008.08.12 10:42:48.922,2.07295,2.07335,3.10,2.50
2008.08.12 10:42:50.499,2.0729,2.07335,3.90,2.50
2008.08.12 10:42:50.606,2.0729,2.07335,3.30,2.50
2008.08.12 10:42:50.674,2.0729,2.0733,3.30,1.00
2008.08.12 10:42:50.951,2.07295,2.0733,1.00,3.20
2008.08.12 10:42:51.155,2.07295,2.07325,3.10,2.70
2008.08.12 10:42:51.359,2.0728,2.07325,5.40,7.00
2008.08.12 10:42:51.562,2.0728,2.07325,5.50,7.00
2008.08.12 10:42:51.763,2.0728,2.07325,1.00,7.00
2008.08.12 10:42:52.095,2.07285,2.07325,1.00,2.10
2008.08.12 10:42:52.419,2.07285,2.0733,1.60,4.80
2008.08.12 10:42:52.742,2.07285,2.0733,1.80,2.10
2008.08.12 10:42:53.082,2.07285,2.0733,1.80,3.70
2008.08.12 10:42:53.422,2.07285,2.0733,1.80,1.00
2008.08.12 10:42:53.760,2.07285,2.07335,1.00,2.50
2008.08.12 10:42:53.894,2.07285,2.07335,1.00,2.50
2008.08.12 10:42:54.290,2.07285,2.07335,1.00,2.50
2008.08.12 10:42:54.870,2.0729,2.07335,1.00,2.50
2008.08.12 10:42:55.282,2.0729,2.07335,1.00,7.50
2008.08.12 10:42:56.218,2.0728,2.07335,1.40,7.50
2008.08.12 10:42:56.696,2.07285,2.07335,1.00,7.50
2008.08.12 10:42:56.830,2.0729,2.07335,1.00,5.40
2008.08.12 10:42:57.218,2.0729,2.0733,1.00,1.00
2008.08.12 10:42:57.474,2.0729,2.0733,1.30,1.00
2008.08.12 10:42:57.730,2.0729,2.0733,3.30,1.00
2008.08.12 10:42:57.986,2.0729,2.0733,3.30,2.00
2008.08.12 10:42:59.252,2.07295,2.0733,3.10,2.00
2008.08.12 10:42:59.379,2.0729,2.0733,3.30,2.00
2008.08.12 10:43:02.431,2.0729,2.07335,3.30,2.50
2008.08.12 10:43:03.630,2.0729,2.07335,1.00,2.50
2008.08.12 10:43:03.930,2.0729,2.07335,3.30,2.50
2008.08.12 10:43:04.230,2.0729,2.07335,3.10,2.50
2008.08.12 10:43:04.532,2.07285,2.07335,3.50,2.50
2008.08.12 10:43:06.120,2.07285,2.07335,3.50,2.00
2008.08.12 10:43:09.240,2.07285,2.07335,3.50,2.50
2008.08.12 10:43:10.364,2.07285,2.07335,3.30,2.50
2008.08.12 10:43:10.559,2.07285,2.07335,3.30,2.00
2008.08.12 10:43:10.670,2.07285,2.07335,3.30,2.50
2008.08.12 10:43:10.726,2.07285,2.0733,4.90,1.00
2008.08.12 10:43:10.778,2.073,2.0733,3.20,1.00
2008.08.12 10:43:11.257,2.073,2.0734,3.20,5.50
2008.08.12 10:43:11.438,2.07295,2.0734,6.60,3.20
2008.08.12 10:43:12.895,2.073,2.0734,3.20,3.20
2008.08.12 10:43:13.162,2.07295,2.0734,3.30,3.20
2008.08.12 10:43:13.426,2.07295,2.0734,7.60,1.00
2008.08.12 10:43:15.042,2.07295,2.0734,7.40,1.00
2008.08.12 10:43:16.022,2.07295,2.0734,4.30,1.00
2008.08.12 10:43:18.409,2.07295,2.0734,4.50,1.00
2008.08.12 10:43:18.666,2.07295,2.07345,4.50,7.00
2008.08.12 10:43:18.923,2.0731,2.07345,1.00,7.00
2008.08.12 10:43:19.178,2.0731,2.07345,1.00,2.10
2008.08.12 10:43:19.266,2.07305,2.0735,3.30,2.00
2008.08.12 10:43:19.347,2.07305,2.0736,4.40,8.20
2008.08.12 10:43:19.518,2.07305,2.0736,4.70,5.50
2008.08.12 10:43:19.777,2.0731,2.0736,3.10,5.50
2008.08.12 10:43:19.969,2.0731,2.0736,3.10,4.30
2008.08.12 10:43:20.138,2.0731,2.0736,3.20,4.30
2008.08.12 10:43:20.327,2.0731,2.0736,3.50,4.30
2008.08.12 10:43:20.534,2.0731,2.0736,3.50,2.00
2008.08.12 10:43:25.126,2.0731,2.0736,3.50,3.10
2008.08.12 10:43:25.231,2.0731,2.0735,3.50,1.00
2008.08.12 10:43:25.387,2.0731,2.0735,3.30,1.00
2008.08.12 10:43:25.439,2.0731,2.0735,3.30,1.00
2008.08.12 10:43:25.684,2.0731,2.0736,3.30,3.20
2008.08.12 10:43:25.798,2.0731,2.07355,3.30,2.50
2008.08.12 10:43:26.582,2.0731,2.07355,3.10,2.50
2008.08.12 10:43:27.352,2.0731,2.07355,3.30,2.50
2008.08.12 10:43:29.966,2.0731,2.07355,3.10,2.50
2008.08.12 10:43:30.237,2.07305,2.07355,3.10,2.50
2008.08.12 10:43:33.182,2.073,2.07355,4.40,4.80
2008.08.12 10:43:33.454,2.073,2.0735,4.10,2.70
2008.08.12 10:43:33.635,2.073,2.07345,1.00,2.10
2008.08.12 10:43:33.814,2.07295,2.07345,3.30,2.10
2008.08.12 10:43:33.994,2.07295,2.07345,3.30,4.30
2008.08.12 10:43:34.174,2.07295,2.07345,3.10,7.00
2008.08.12 10:43:34.354,2.073,2.07345,1.00,7.00
2008.08.12 10:43:34.766,2.073,2.0734,1.00,2.10
2008.08.12 10:43:35.721,2.073,2.0734,1.00,2.10
2008.08.12 10:43:35.998,2.073,2.07345,1.00,2.70
2008.08.12 10:43:36.150,2.073,2.0735,1.00,4.80
2008.08.12 10:43:38.134,2.0731,2.0735,1.00,4.80
2008.08.12 10:43:38.602,2.073,2.0735,1.00,4.80
2008.08.12 10:43:40.082,2.0731,2.0735,1.00,4.80
2008.08.12 10:43:43.315,2.0731,2.07345,1.00,2.10
2008.08.12 10:43:45.321,2.07315,2.07345,1.00,2.10
2008.08.12 10:43:45.639,2.0731,2.07345,1.00,2.10
2008.08.12 10:43:45.739,2.07315,2.07345,1.00,2.10
2008.08.12 10:43:45.842,2.0731,2.07345,1.00,2.10
2008.08.12 10:43:46.081,2.0731,2.07355,1.00,7.00
2008.08.12 10:43:46.702,2.0731,2.07345,1.00,2.10
2008.08.12 10:43:47.570,2.0731,2.07345,1.00,2.10
2008.08.12 10:43:47.766,2.073,2.07345,1.30,4.80
2008.08.12 10:43:50.050,2.0731,2.07345,1.00,4.80
2008.08.12 10:43:50.247,2.07315,2.07345,1.00,4.80
2008.08.12 10:43:50.745,2.07315,2.07345,1.00,2.70
2008.08.12 10:43:50.931,2.07315,2.07355,1.00,4.30
2008.08.12 10:43:51.121,2.0731,2.07355,1.00,4.30
2008.08.12 10:43:51.318,2.0731,2.07355,1.00,7.00
2008.08.12 10:43:51.919,2.0731,2.0735,1.00,2.70
2008.08.12 10:43:52.155,2.0731,2.0735,1.00,4.80
2008.08.12 10:43:52.618,2.0731,2.07345,1.00,2.10
2008.08.12 10:43:54.270,2.0731,2.0735,1.00,2.10
2008.08.12 10:43:54.791,2.0731,2.0735,1.00,4.80
2008.08.12 10:43:55.071,2.0731,2.07345,1.00,2.10
2008.08.12 10:43:56.427,2.0731,2.07345,1.00,2.10
2008.08.12 10:43:56.706,2.07305,2.07345,1.00,2.10
2008.08.12 10:43:56.846,2.07305,2.0735,1.00,4.80
2008.08.12 10:43:57.230,2.073,2.0735,1.00,4.80
2008.08.12 10:43:57.478,2.073,2.07345,1.00,2.10
2008.08.12 10:43:58.302,2.07295,2.07345,4.40,2.10
2008.08.12 10:43:58.638,2.07295,2.0734,3.10,4.70
2008.08.12 10:43:58.974,2.073,2.07335,1.00,2.10
2008.08.12 10:43:59.312,2.073,2.07335,1.00,4.30
2008.08.12 10:43:59.446,2.073,2.0733,1.00,1.00
2008.08.12 10:43:59.718,2.07295,2.0733,1.00,3.30
2008.08.12 10:43:59.854,2.07285,2.0733,5.20,1.00
2008.08.12 10:43:59.990,2.07285,2.0733,3.10,1.00
2008.08.12 10:44:03.296,2.0729,2.0734,1.00,7.00
2008.08.12 10:44:03.539,2.0729,2.0734,1.00,4.30
2008.08.12 10:44:03.806,2.0729,2.0734,3.60,4.30
2008.08.12 10:44:05.122,2.0729,2.0734,3.90,4.30
2008.08.12 10:44:05.294,2.07295,2.0734,3.10,2.00
2008.08.12 10:44:05.839,2.0729,2.0734,3.60,4.30
2008.08.12 10:44:06.602,2.07295,2.0734,1.00,4.30
2008.08.12 10:44:06.798,2.07295,2.0734,3.30,2.00
2008.08.12 10:44:07.243,2.0729,2.0734,3.60,4.30
2008.08.12 10:44:09.406,2.0729,2.0734,3.90,4.30
2008.08.12 10:44:09.789,2.07295,2.0734,3.10,2.00
2008.08.12 10:44:10.190,2.07295,2.07335,3.10,2.00
2008.08.12 10:44:10.710,2.0729,2.07325,1.00,2.00
2008.08.12 10:44:11.302,2.0729,2.07315,1.00,2.00
2008.08.12 10:44:16.603,2.0728,2.07315,1.00,2.00
2008.08.12 10:44:17.682,2.0727,2.0731,3.30,1.00
2008.08.12 10:44:17.894,2.0727,2.0731,3.10,1.00
2008.08.12 10:44:18.106,2.0727,2.0731,3.10,3.20
2008.08.12 10:44:18.318,2.07265,2.0731,3.10,3.20
2008.08.12 10:44:18.990,2.0727,2.0731,1.00,5.50
2008.08.12 10:44:20.255,2.0727,2.0731,1.00,3.20
2008.08.12 10:44:20.708,2.0727,2.0731,1.00,5.50
2008.08.12 10:44:21.715,2.0727,2.07305,1.00,2.00
2008.08.12 10:44:22.379,2.0727,2.07305,1.00,4.30
2008.08.12 10:44:22.722,2.0727,2.0731,1.00,7.00
2008.08.12 10:44:23.071,2.0727,2.07305,1.00,2.10
2008.08.12 10:44:23.410,2.0727,2.0731,1.00,2.10
2008.08.12 10:44:23.650,2.0727,2.07305,1.00,2.70
2008.08.12 10:44:23.886,2.0727,2.07305,1.00,2.10
2008.08.12 10:44:24.122,2.07265,2.07305,1.30,2.10
2008.08.12 10:44:24.358,2.07265,2.07305,1.60,2.10
2008.08.12 10:44:24.594,2.07265,2.0732,4.70,4.30
2008.08.12 10:44:25.058,2.07265,2.07315,4.40,2.10
2008.08.12 10:44:25.290,2.0727,2.0732,3.30,2.00
2008.08.12 10:44:28.445,2.0727,2.0732,3.50,2.00
2008.08.12 10:44:29.118,2.0727,2.0732,3.30,2.00
2008.08.12 10:44:29.302,2.07265,2.07315,1.30,2.10
2008.08.12 10:44:29.938,2.07265,2.07315,4.40,2.10
2008.08.12 10:44:30.814,2.07265,2.07315,1.30,2.10
2008.08.12 10:44:31.109,2.0727,2.07315,1.00,4.30
2008.08.12 10:44:31.146,2.0727,2.07315,1.00,4.30
2008.08.12 10:44:31.254,2.0727,2.07305,1.00,2.00
2008.08.12 10:44:31.465,2.0727,2.07315,1.00,4.30
2008.08.12 10:44:31.799,2.0727,2.0731,1.00,2.70
2008.08.12 10:44:31.837,2.0727,2.0731,1.00,4.80
2008.08.12 10:44:32.510,2.07265,2.07315,3.50,4.30
2008.08.12 10:44:32.850,2.07265,2.07315,3.30,2.00
2008.08.12 10:44:33.069,2.0727,2.07315,1.00,4.30
2008.08.12 10:44:33.509,2.0727,2.07315,1.00,7.00
2008.08.12 10:44:33.729,2.0727,2.07315,1.00,4.30
2008.08.12 10:44:35.227,2.07265,2.07315,3.50,2.00
2008.08.12 10:44:35.341,2.07265,2.07315,3.30,2.00
2008.08.12 10:44:35.565,2.0727,2.07315,1.00,4.30
2008.08.12 10:44:38.375,2.07275,2.07315,1.00,4.30
2008.08.12 10:44:39.050,2.07265,2.07315,1.60,4.30
2008.08.12 10:44:39.386,2.07275,2.0731,1.00,4.70
2008.08.12 10:44:39.570,2.07275,2.073,1.00,2.00
2008.08.12 10:44:39.754,2.0727,2.073,1.00,2.00
2008.08.12 10:44:39.941,2.0726,2.073,3.10,2.00
2008.08.12 10:44:40.033,2.07255,2.073,1.00,2.00
2008.08.12 10:44:41.581,2.07255,2.07295,1.00,2.00
2008.08.12 10:44:41.934,2.0725,2.07285,3.10,2.00
2008.08.12 10:44:42.298,2.0725,2.07285,3.10,3.10
2008.08.12 10:44:42.342,2.0725,2.07285,1.00,3.10
2008.08.12 10:44:42.385,2.07235,2.07285,4.70,3.60
2008.08.12 10:44:42.474,2.07235,2.07275,3.50,2.00
2008.08.12 10:44:42.858,2.07235,2.07265,3.30,2.00
2008.08.12 10:44:43.200,2.0724,2.07255,1.00,2.00
2008.08.12 10:44:43.540,2.0724,2.0726,1.00,3.10
2008.08.12 10:44:43.883,2.0724,2.0726,1.00,2.00
2008.08.12 10:44:44.238,2.0724,2.0726,1.00,1.00
2008.08.12 10:44:44.577,2.0724,2.07255,1.00,2.00
2008.08.12 10:44:47.190,2.0724,2.0725,1.00,2.00
2008.08.12 10:44:47.322,2.0723,2.0725,1.00,2.00
2008.08.12 10:44:47.718,2.0723,2.07245,1.00,2.00
2008.08.12 10:44:48.714,2.0723,2.0724,1.00,2.00
2008.08.12 10:44:49.386,2.0722,2.0724,1.00,2.00
2008.08.12 10:44:49.722,2.0721,2.0724,1.00,2.00
2008.08.12 10:44:50.345,2.07195,2.0724,3.50,2.00
2008.08.12 10:44:50.921,2.07195,2.07245,3.50,2.00
2008.08.12 10:44:51.114,2.07195,2.07245,3.30,2.00
2008.08.12 10:44:51.806,2.07195,2.0724,3.30,2.00
2008.08.12 10:44:51.978,2.07195,2.0723,3.30,1.00
2008.08.12 10:44:52.138,2.07195,2.07225,3.10,2.00
2008.08.12 10:44:52.299,2.0719,2.07215,3.10,2.00
2008.08.12 10:44:52.622,2.0719,2.07215,1.00,2.00
2008.08.12 10:44:52.782,2.0719,2.0721,1.00,2.10
2008.08.12 10:44:53.118,2.0719,2.0722,1.00,2.00
2008.08.12 10:44:53.455,2.07175,2.0722,3.10,2.00
2008.08.12 10:44:53.793,2.0718,2.0722,1.00,2.00
2008.08.12 10:44:54.097,2.072,2.0722,1.00,2.00
2008.08.12 10:44:54.706,2.072,2.07225,1.00,4.30
2008.08.12 10:44:55.089,2.072,2.07225,1.00,2.00
2008.08.12 10:44:55.330,2.072,2.07225,1.00,4.30
2008.08.12 10:44:55.731,2.0719,2.07225,1.00,4.30
2008.08.12 10:44:56.126,2.0719,2.07225,1.00,4.70
2008.08.12 10:44:56.437,2.0719,2.07225,1.00,7.00
2008.08.12 10:44:57.515,2.0719,2.07225,1.00,4.30
2008.08.12 10:44:57.814,2.0719,2.07225,1.00,2.00
2008.08.12 10:44:57.910,2.0719,2.07225,1.00,2.00
2008.08.12 10:44:58.102,2.0719,2.07225,1.00,2.00
2008.08.12 10:44:58.438,2.07195,2.0723,3.70,4.80
2008.08.12 10:44:58.773,2.07195,2.0724,6.80,2.00
2008.08.12 10:44:59.110,2.07195,2.0724,3.10,2.00
2008.08.12 10:44:59.330,2.07195,2.07235,3.10,2.00
2008.08.12 10:44:59.777,2.0719,2.07235,3.30,2.00
2008.08.12 10:44:59.999,2.072,2.07235,1.00,2.00
2008.08.12 10:45:01.974,2.072,2.07235,1.00,4.30
2008.08.12 10:45:02.557,2.072,2.07235,1.00,2.00
2008.08.12 10:45:03.189,2.072,2.0723,1.00,2.00
2008.08.12 10:45:03.766,2.072,2.0723,1.00,6.00
2008.08.12 10:45:04.441,2.072,2.07215,1.00,2.00
2008.08.12 10:45:05.283,2.072,2.0723,1.00,3.20
2008.08.12 10:45:05.635,2.072,2.0723,1.00,1.00
2008.08.12 10:45:05.737,2.072,2.07235,1.00,2.10
2008.08.12 10:45:06.338,2.072,2.07245,1.00,7.00
2008.08.12 10:45:06.669,2.072,2.07245,1.00,7.00
2008.08.12 10:45:06.801,2.072,2.0724,1.00,2.00
2008.08.12 10:45:07.066,2.072,2.0724,1.00,2.00
2008.08.12 10:45:07.197,2.072,2.0724,1.00,2.00
2008.08.12 10:45:07.332,2.072,2.0724,3.10,2.00
2008.08.12 10:45:07.597,2.07195,2.07235,3.10,2.00
2008.08.12 10:45:07.890,2.072,2.07235,1.00,2.00
2008.08.12 10:45:08.184,2.07195,2.07235,3.10,2.00
2008.08.12 10:45:08.773,2.072,2.07235,1.00,2.00
2008.08.12 10:45:09.450,2.072,2.0724,1.00,8.10
2008.08.12 10:45:11.383,2.072,2.07235,1.00,2.70
2008.08.12 10:45:11.710,2.072,2.07235,1.00,4.80
2008.08.12 10:45:12.956,2.072,2.07235,1.00,8.10
2008.08.12 10:45:13.194,2.072,2.07225,1.00,3.10
2008.08.12 10:45:13.410,2.072,2.07225,1.00,4.70
2008.08.12 10:45:13.626,2.072,2.07225,1.00,5.80
2008.08.12 10:45:13.842,2.072,2.07225,1.00,5.90
2008.08.12 10:45:14.115,2.072,2.07225,1.00,4.80
2008.08.12 10:45:14.390,2.072,2.07225,1.00,7.00
2008.08.12 10:45:14.939,2.072,2.0722,1.00,2.70
2008.08.12 10:45:15.622,2.072,2.0722,1.00,2.70
2008.08.12 10:45:15.958,2.072,2.07225,1.00,2.70
2008.08.12 10:45:16.148,2.072,2.0724,1.00,7.00
2008.08.12 10:45:17.125,2.072,2.07235,1.00,2.00
2008.08.12 10:45:17.226,2.072,2.07235,1.00,2.00
2008.08.12 10:45:17.559,2.072,2.0723,1.00,2.00
2008.08.12 10:45:17.789,2.072,2.07225,1.00,2.70
2008.08.12 10:45:18.018,2.072,2.07225,1.00,4.80
2008.08.12 10:45:19.334,2.072,2.0722,1.00,2.10
2008.08.12 10:45:19.538,2.072,2.0721,1.00,2.10
2008.08.12 10:45:19.946,2.072,2.07215,1.00,2.70
2008.08.12 10:45:20.149,2.072,2.0722,1.00,4.80
2008.08.12 10:45:20.821,2.072,2.07215,1.00,2.00
2008.08.12 10:45:21.240,2.072,2.07225,1.00,7.00
2008.08.12 10:45:21.859,2.0721,2.07225,1.00,7.00
2008.08.12 10:45:22.473,2.072,2.07225,1.00,7.00
2008.08.12 10:45:22.682,2.072,2.07225,1.00,4.30
2008.08.12 10:45:22.774,2.072,2.07225,1.00,2.00
2008.08.12 10:45:23.813,2.072,2.07225,1.00,4.30
2008.08.12 10:45:24.114,2.072,2.07225,1.00,2.10
2008.08.12 10:45:24.414,2.072,2.0723,1.00,4.80
2008.08.12 10:45:26.098,2.072,2.0723,1.00,2.10
2008.08.12 10:45:27.962,2.072,2.0723,1.00,4.30
2008.08.12 10:45:28.064,2.0719,2.0723,1.00,4.30
2008.08.12 10:45:28.158,2.0719,2.07225,1.00,1.00
2008.08.12 10:45:28.587,2.0719,2.0722,1.00,2.00
2008.08.12 10:45:28.925,2.0719,2.07215,1.00,2.00
2008.08.12 10:45:29.262,2.0719,2.0721,1.00,2.70
2008.08.12 10:45:29.599,2.0719,2.07205,1.00,2.10
2008.08.12 10:45:29.803,2.0718,2.07205,1.00,2.10
2008.08.12 10:45:31.588,2.07165,2.07205,1.30,2.10
2008.08.12 10:45:31.695,2.07165,2.07205,1.00,2.10
2008.08.12 10:45:31.897,2.0718,2.07205,3.20,2.10
2008.08.12 10:45:32.265,2.07165,2.07205,1.00,2.10
2008.08.12 10:45:32.359,2.07165,2.0721,1.30,2.70
2008.08.12 10:45:32.566,2.07175,2.07215,1.00,4.80
2008.08.12 10:45:32.974,2.07175,2.07215,1.00,4.80
2008.08.12 10:45:33.177,2.07185,2.07215,1.00,2.10
2008.08.12 10:45:33.381,2.07185,2.0722,1.00,2.10
2008.08.12 10:45:33.921,2.0719,2.0723,3.10,2.00
2008.08.12 10:45:34.593,2.0719,2.0723,3.10,1.00
2008.08.12 10:45:34.812,2.07195,2.0723,1.00,1.00
2008.08.12 10:45:34.885,2.07195,2.0723,1.30,1.00
2008.08.12 10:45:35.041,2.072,2.0723,1.00,1.00
2008.08.12 10:45:35.115,2.0719,2.0723,3.20,1.00
2008.08.12 10:45:35.262,2.072,2.0724,3.10,2.00
2008.08.12 10:45:35.405,2.072,2.0724,3.10,3.10
2008.08.12 10:45:35.478,2.072,2.0724,1.00,3.10
2008.08.12 10:45:35.653,2.072,2.0724,1.00,1.40
2008.08.12 10:45:36.454,2.072,2.07245,1.00,4.80
2008.08.12 10:45:39.145,2.07205,2.07245,1.00,4.80
2008.08.12 10:45:39.650,2.072,2.07245,3.20,2.50
2008.08.12 10:45:39.902,2.072,2.07245,3.50,2.50
2008.08.12 10:45:44.477,2.072,2.0724,3.50,1.00
2008.08.12 10:45:49.815,2.0721,2.0724,1.00,1.00
2008.08.12 10:45:49.918,2.07205,2.0724,1.30,1.00
2008.08.12 10:45:50.152,2.07205,2.0724,4.50,1.00
2008.08.12 10:45:50.216,2.07205,2.0724,7.60,1.00
2008.08.12 10:45:50.322,2.07205,2.0725,7.60,1.00
2008.08.12 10:45:50.373,2.07215,2.0725,1.00,1.00
2008.08.12 10:45:50.637,2.07205,2.0725,7.90,1.00
2008.08.12 10:45:50.968,2.07205,2.0725,4.70,1.00
2008.08.12 10:45:51.881,2.07205,2.0725,4.40,1.00
2008.08.12 10:45:53.965,2.07205,2.0725,4.70,1.00
2008.08.12 10:45:54.661,2.0722,2.0725,3.10,1.00
2008.08.12 10:45:54.893,2.0722,2.07255,3.10,1.40
2008.08.12 10:45:55.037,2.0722,2.07255,3.10,4.10
2008.08.12 10:45:55.181,2.0722,2.0725,3.10,3.20
2008.08.12 10:45:55.471,2.0722,2.0723,3.10,3.20
2008.08.12 10:45:55.757,2.0721,2.07215,3.10,2.00
2008.08.12 10:45:56.142,2.0721,2.0722,3.10,1.00
2008.08.12 10:45:56.388,2.07215,2.0722,1.00,1.00
2008.08.12 10:45:56.630,2.0718,2.07215,1.80,2.00
2008.08.12 10:45:58.322,2.07205,2.0722,1.00,3.20
2008.08.12 10:45:58.633,2.0721,2.0722,1.00,3.20
2008.08.12 10:45:58.945,2.07165,2.0722,3.10,3.20
2008.08.12 10:45:59.257,2.07165,2.07215,3.10,2.00
2008.08.12 10:46:01.258,2.0718,2.07215,1.00,2.00
2008.08.12 10:46:03.165,2.0718,2.07215,1.00,3.10
2008.08.12 10:46:03.286,2.0718,2.07215,1.00,4.10
2008.08.12 10:46:03.326,2.0718,2.07205,1.00,2.00
2008.08.12 10:46:09.324,2.0718,2.0721,1.00,1.00
2008.08.12 10:46:10.085,2.0718,2.07215,1.00,5.40
2008.08.12 10:46:10.429,2.0718,2.07215,1.00,4.30
2008.08.12 10:46:10.602,2.0718,2.0721,1.00,2.00
2008.08.12 10:46:10.654,2.0718,2.07215,1.00,2.10
2008.08.12 10:46:10.945,2.07175,2.0722,3.10,2.00
2008.08.12 10:46:11.185,2.07175,2.0722,6.30,2.00
2008.08.12 10:46:11.401,2.0719,2.0722,1.00,2.00
2008.08.12 10:46:12.473,2.0719,2.07215,1.00,2.70
2008.08.12 10:46:12.748,2.0719,2.0723,1.00,4.80
2008.08.12 10:46:13.033,2.0719,2.07225,1.00,2.00
2008.08.12 10:46:13.601,2.0719,2.0722,1.00,2.00
2008.08.12 10:46:14.906,2.0719,2.07225,1.00,2.10
2008.08.12 10:46:15.242,2.07185,2.0723,3.30,2.70
2008.08.12 10:46:15.298,2.072,2.0723,1.00,2.70
2008.08.12 10:46:15.577,2.072,2.07235,1.00,2.00
2008.08.12 10:46:16.502,2.072,2.0723,1.00,2.00
2008.08.12 10:46:16.616,2.07195,2.0723,3.30,2.00
2008.08.12 10:46:16.729,2.07195,2.0724,3.30,2.00
2008.08.12 10:46:17.033,2.07195,2.0724,3.10,2.00
2008.08.12 10:46:18.541,2.07195,2.07235,3.10,2.00
2008.08.12 10:46:19.442,2.072,2.07235,1.00,2.00
2008.08.12 10:46:20.733,2.072,2.0724,1.00,2.00
2008.08.12 10:46:21.092,2.072,2.0724,1.00,2.00
2008.08.12 10:46:21.137,2.0721,2.0724,1.00,2.00
2008.08.12 10:46:21.181,2.0721,2.07245,1.00,4.80
2008.08.12 10:46:21.461,2.07215,2.07245,1.00,2.10
2008.08.12 10:46:21.758,2.07215,2.07255,3.30,2.00
2008.08.12 10:46:22.009,2.0722,2.07255,1.00,2.00
2008.08.12 10:46:22.514,2.07215,2.07265,3.30,2.50
2008.08.12 10:46:22.913,2.07215,2.07265,3.30,3.60
2008.08.12 10:46:23.213,2.07215,2.0726,3.30,2.00
2008.08.12 10:46:25.193,2.07215,2.0726,3.30,2.00
2008.08.12 10:46:25.465,2.07215,2.0726,3.10,2.00
2008.08.12 10:46:26.977,2.0722,2.07265,1.00,2.10
2008.08.12 10:46:27.055,2.0722,2.07265,3.70,2.10
2008.08.12 10:46:27.133,2.0723,2.07265,1.00,2.10
2008.08.12 10:46:27.517,2.07225,2.0727,1.30,2.70
2008.08.12 10:46:27.602,2.07225,2.0727,1.80,2.70
2008.08.12 10:46:27.683,2.07225,2.07275,1.30,7.50
2008.08.12 10:46:27.778,2.07235,2.07275,3.10,5.20
2008.08.12 10:46:28.114,2.0724,2.07275,1.00,2.70
2008.08.12 10:46:28.453,2.0725,2.07275,1.40,2.70
2008.08.12 10:46:28.789,2.0725,2.0728,1.40,1.00
2008.08.12 10:46:29.125,2.0725,2.0728,1.00,1.00
2008.08.12 10:46:29.461,2.07245,2.0729,2.10,2.70
2008.08.12 10:46:29.797,2.07245,2.07285,5.20,2.70
2008.08.12 10:46:29.997,2.0725,2.07285,3.10,2.70
2008.08.12 10:46:30.199,2.0725,2.07295,3.10,3.20
2008.08.12 10:46:30.302,2.07245,2.07295,2.10,5.40
2008.08.12 10:46:30.509,2.07245,2.0729,2.10,2.70
2008.08.12 10:46:30.809,2.0725,2.0729,1.00,7.00
2008.08.12 10:46:31.242,2.0725,2.0729,1.00,2.10
2008.08.12 10:46:31.685,2.0725,2.07295,1.00,7.50
2008.08.12 10:46:31.901,2.07245,2.07295,4.40,2.50
2008.08.12 10:46:32.190,2.07245,2.07295,1.20,4.80
2008.08.12 10:46:32.385,2.0725,2.07295,1.00,4.80
2008.08.12 10:46:33.301,2.07245,2.07295,4.10,2.50
2008.08.12 10:46:33.701,2.0725,2.07295,1.00,7.50
2008.08.12 10:46:33.903,2.0724,2.07285,3.50,2.00
2008.08.12 10:46:34.197,2.07245,2.07285,3.10,2.00
2008.08.12 10:46:34.489,2.07245,2.0728,3.10,2.00
2008.08.12 10:46:35.073,2.07245,2.0727,3.10,2.00
2008.08.12 10:46:35.227,2.07245,2.0728,3.10,2.00
2008.08.12 10:46:35.373,2.07245,2.0727,3.10,2.00
2008.08.12 10:46:35.656,2.07225,2.0727,3.30,2.00
2008.08.12 10:46:35.797,2.07225,2.07265,3.30,2.00
2008.08.12 10:46:36.077,2.0723,2.07265,1.00,2.00
2008.08.12 10:46:36.485,2.07215,2.07265,6.70,2.50
2008.08.12 10:46:36.690,2.07215,2.0726,6.60,2.00
2008.08.12 10:46:36.895,2.0722,2.0726,3.10,2.00
2008.08.12 10:46:38.030,2.0722,2.0726,1.00,2.00
2008.08.12 10:46:38.365,2.0722,2.0726,3.30,2.00
2008.08.12 10:46:38.697,2.0722,2.0726,3.10,2.00
2008.08.12 10:46:39.029,2.07215,2.0726,3.30,2.00
2008.08.12 10:46:43.170,2.07215,2.0726,3.50,2.00
2008.08.12 10:46:43.302,2.0722,2.07265,1.00,2.50
2008.08.12 10:46:43.541,2.0722,2.07265,3.10,2.50
2008.08.12 10:46:44.241,2.0722,2.0726,1.00,1.00
2008.08.12 10:46:44.913,2.07225,2.0726,3.10,1.00
2008.08.12 10:46:49.605,2.07225,2.07265,3.10,2.50
2008.08.12 10:46:49.800,2.07225,2.07265,3.10,2.00
2008.08.12 10:46:49.995,2.07225,2.07265,3.30,2.50
2008.08.12 10:46:50.681,2.07225,2.07265,1.00,2.50
2008.08.12 10:46:51.129,2.07225,2.07265,3.30,2.50
2008.08.12 10:46:51.851,2.07225,2.07265,3.10,2.50
2008.08.12 10:46:54.889,2.0722,2.07265,4.80,2.50
2008.08.12 10:46:55.820,2.0722,2.0726,4.80,1.00
2008.08.12 10:46:56.164,2.07225,2.0726,3.10,1.00
2008.08.12 10:46:57.101,2.0722,2.0726,4.80,1.00
2008.08.12 10:46:58.394,2.0722,2.0726,5.40,1.00
2008.08.12 10:46:58.949,2.07225,2.0726,3.10,1.00
2008.08.12 10:47:00.601,2.0722,2.0726,4.80,1.00
2008.08.12 10:47:02.929,2.0722,2.07265,4.80,2.50
2008.08.12 10:47:03.289,2.0722,2.07265,4.50,2.50
2008.08.12 10:47:03.730,2.0722,2.07255,3.10,2.00
2008.08.12 10:47:04.410,2.07205,2.07255,3.10,2.00
2008.08.12 10:47:04.849,2.07205,2.07255,3.30,2.00
2008.08.12 10:47:05.277,2.07205,2.0726,4.40,7.00
2008.08.12 10:47:05.685,2.0722,2.0726,3.20,7.00
2008.08.12 10:47:05.877,2.0722,2.0726,3.20,4.80
2008.08.12 10:47:06.069,2.0721,2.0726,1.80,2.10
2008.08.12 10:47:06.261,2.0722,2.0726,1.00,2.10
2008.08.12 10:47:06.453,2.0722,2.0726,1.00,2.10
2008.08.12 10:47:06.645,2.0722,2.07255,3.30,2.00
2008.08.12 10:47:07.125,2.0722,2.07255,3.30,5.20
2008.08.12 10:47:07.365,2.0722,2.0725,3.10,2.00
2008.08.12 10:47:07.605,2.0721,2.0725,1.00,2.00
2008.08.12 10:47:07.797,2.07205,2.0725,3.10,2.00
2008.08.12 10:47:07.999,2.0722,2.0725,1.00,2.00
2008.08.12 10:47:08.921,2.07205,2.0725,3.10,2.00
2008.08.12 10:47:09.257,2.0721,2.0725,1.00,2.00
2008.08.12 10:47:16.133,2.0722,2.0725,1.00,2.00
2008.08.12 10:47:16.693,2.0722,2.07245,1.00,2.00
2008.08.12 10:47:20.159,2.0722,2.0725,1.00,2.00
2008.08.12 10:47:20.489,2.0722,2.07255,1.00,5.40
2008.08.12 10:47:21.017,2.0722,2.0726,1.00,4.30
2008.08.12 10:47:21.685,2.0722,2.0726,1.00,2.00
2008.08.12 10:47:21.822,2.0722,2.0726,1.00,2.00
2008.08.12 10:47:22.501,2.0722,2.0726,3.10,2.00
2008.08.12 10:47:23.397,2.07215,2.0726,1.00,2.00
2008.08.12 10:47:24.531,2.07215,2.07255,1.00,2.00
2008.08.12 10:47:24.678,2.0721,2.07255,4.80,2.00
2008.08.12 10:47:25.110,2.0722,2.0726,1.00,2.00
2008.08.12 10:47:25.413,2.0722,2.0726,3.30,2.00
2008.08.12 10:47:26.082,2.0722,2.0726,1.00,2.00
2008.08.12 10:47:26.262,2.0722,2.0726,1.00,3.20
2008.08.12 10:47:26.437,2.07215,2.0726,3.30,3.20
2008.08.12 10:47:26.609,2.07215,2.07255,3.10,2.00
2008.08.12 10:47:26.881,2.07205,2.07255,3.30,2.00
2008.08.12 10:47:27.017,2.0721,2.07265,5.90,7.50
2008.08.12 10:47:27.154,2.0721,2.0725,5.90,1.00
2008.08.12 10:47:27.426,2.0722,2.0725,3.10,1.00
2008.08.12 10:47:27.868,2.07215,2.0725,3.30,1.00
2008.08.12 10:47:28.170,2.07205,2.0725,6.70,2.00
2008.08.12 10:47:28.469,2.07205,2.0725,4.70,1.00
2008.08.12 10:47:28.769,2.0721,2.0725,3.10,1.00
2008.08.12 10:47:29.093,2.0722,2.0725,3.10,1.00
2008.08.12 10:47:29.741,2.0722,2.0725,3.30,1.00
2008.08.12 10:47:30.205,2.0722,2.0726,3.30,2.00
2008.08.12 10:47:31.014,2.0722,2.0726,3.10,2.00
2008.08.12 10:47:31.216,2.0722,2.07265,3.10,2.50
2008.08.12 10:47:31.416,2.07215,2.07265,3.30,2.50
2008.08.12 10:47:31.519,2.0722,2.07265,3.10,2.50
2008.08.12 10:47:31.621,2.0722,2.07265,3.30,2.50
2008.08.12 10:47:31.969,2.0722,2.0726,3.30,2.00
2008.08.12 10:47:32.229,2.0722,2.0726,3.10,2.00
2008.08.12 10:47:32.973,2.0722,2.07265,3.30,2.50
2008.08.12 10:47:34.069,2.0722,2.0726,3.30,2.00
2008.08.12 10:47:34.389,2.0722,2.07255,3.30,2.00
2008.08.12 10:47:35.029,2.0722,2.07255,3.10,2.00
2008.08.12 10:47:35.269,2.07215,2.07255,3.30,2.00
2008.08.12 10:47:35.389,2.07215,2.07255,3.10,2.00
2008.08.12 10:47:35.749,2.07215,2.0726,3.10,2.00
2008.08.12 10:47:35.869,2.0721,2.0726,3.30,2.00
2008.08.12 10:47:36.129,2.0723,2.0726,1.00,2.00
2008.08.12 10:47:36.389,2.07225,2.0726,1.00,2.00
2008.08.12 10:47:36.650,2.0722,2.0726,3.50,2.00
2008.08.12 10:47:37.897,2.0722,2.0726,3.30,2.00
2008.08.12 10:47:39.625,2.07225,2.0726,3.10,2.00
2008.08.12 10:47:40.042,2.0722,2.0726,1.00,2.00
2008.08.12 10:47:40.201,2.0722,2.0725,1.00,2.00
2008.08.12 10:47:40.281,2.07225,2.0725,3.10,2.00
2008.08.12 10:47:40.761,2.0722,2.07245,1.00,2.00
2008.08.12 10:47:40.921,2.072,2.07245,3.10,2.00
2008.08.12 10:47:41.421,2.07195,2.07245,6.60,2.00
2008.08.12 10:47:41.761,2.07195,2.07245,6.80,4.70
2008.08.12 10:47:42.101,2.072,2.07245,3.60,4.30
2008.08.12 10:47:42.184,2.072,2.07245,3.60,2.10
2008.08.12 10:47:42.269,2.072,2.07245,3.30,2.00
2008.08.12 10:47:42.437,2.072,2.07245,3.10,4.70
2008.08.12 10:47:42.774,2.07195,2.07245,3.50,4.30
2008.08.12 10:47:42.941,2.07195,2.07245,4.50,4.30
2008.08.12 10:47:43.025,2.07195,2.07245,7.60,2.00
2008.08.12 10:47:43.193,2.07195,2.0725,7.60,7.00
2008.08.12 10:47:44.438,2.07195,2.0725,7.90,7.00
2008.08.12 10:47:44.517,2.07195,2.0725,7.90,4.30
2008.08.12 10:47:44.767,2.072,2.0725,3.10,4.30
2008.08.12 10:47:45.903,2.072,2.0725,3.20,4.30
2008.08.12 10:47:45.969,2.0721,2.0725,1.00,4.30
2008.08.12 10:47:46.445,2.0721,2.0725,1.00,2.10
2008.08.12 10:47:46.701,2.07215,2.0725,1.00,2.10
2008.08.12 10:47:47.085,2.0721,2.07255,3.10,4.70
2008.08.12 10:47:47.221,2.07215,2.07255,1.00,2.00
2008.08.12 10:47:47.357,2.0721,2.07255,3.50,2.00
2008.08.12 10:47:47.493,2.0721,2.0726,3.50,2.00
2008.08.12 10:47:47.629,2.0721,2.0726,3.30,2.00
2008.08.12 10:47:47.901,2.0721,2.0726,3.50,2.00
2008.08.12 10:47:48.037,2.0721,2.0726,5.10,2.00
2008.08.12 10:47:48.173,2.0721,2.0726,4.80,2.00
2008.08.12 10:47:48.413,2.0722,2.0725,1.00,2.00
2008.08.12 10:47:51.179,2.0722,2.0725,1.00,2.00
2008.08.12 10:47:51.694,2.0722,2.0726,1.00,4.30
2008.08.12 10:47:51.829,2.0721,2.0726,1.80,4.30
2008.08.12 10:47:52.101,2.0721,2.0726,4.80,2.00
2008.08.12 10:47:52.561,2.0721,2.0725,4.80,2.00
2008.08.12 10:47:52.749,2.0722,2.0725,1.00,2.00
2008.08.12 10:47:52.937,2.0722,2.0725,1.00,2.00
2008.08.12 10:47:53.501,2.07215,2.0725,3.30,2.00
2008.08.12 10:47:53.842,2.07215,2.0726,6.30,2.00
2008.08.12 10:47:54.185,2.0722,2.0726,3.20,2.00
2008.08.12 10:47:54.661,2.0722,2.0726,3.30,2.00
2008.08.12 10:47:55.081,2.07215,2.0726,6.60,2.00
2008.08.12 10:47:55.218,2.07215,2.0726,3.30,2.00
2008.08.12 10:47:55.365,2.07215,2.0725,3.30,2.00
2008.08.12 10:47:55.973,2.0722,2.0725,1.00,2.00
2008.08.12 10:47:58.798,2.0722,2.0725,1.00,2.00
2008.08.12 10:48:00.533,2.0722,2.0726,1.00,7.00
2008.08.12 10:48:00.653,2.0722,2.0726,1.00,4.30
2008.08.12 10:48:01.261,2.0722,2.07265,1.30,4.80
2008.08.12 10:48:01.509,2.0723,2.07265,1.00,2.10
2008.08.12 10:48:01.757,2.07235,2.0727,1.00,1.00
2008.08.12 10:48:02.253,2.07235,2.0727,6.60,1.00
2008.08.12 10:48:03.317,2.07235,2.07285,6.60,2.50
2008.08.12 10:48:03.551,2.07235,2.0728,7.60,1.00
2008.08.12 10:48:04.023,2.07245,2.0728,3.10,1.00
2008.08.12 10:48:04.761,2.07245,2.0727,3.10,1.00
2008.08.12 10:48:05.017,2.0725,2.0727,1.40,1.00
2008.08.12 10:48:05.273,2.0725,2.0727,4.50,1.00
2008.08.12 10:48:05.569,2.0724,2.0727,4.80,1.00
2008.08.12 10:48:05.717,2.0724,2.07285,4.80,2.50
2008.08.12 10:48:05.865,2.0724,2.0728,5.90,1.00
2008.08.12 10:48:06.013,2.07245,2.0728,1.00,1.00
2008.08.12 10:48:06.161,2.0724,2.0728,4.40,1.00
2008.08.12 10:48:06.501,2.0724,2.07285,3.30,2.50
2008.08.12 10:48:06.841,2.0724,2.07285,3.30,4.80
2008.08.12 10:48:07.181,2.0724,2.0728,4.30,3.10
2008.08.12 10:48:07.289,2.0724,2.0728,3.20,3.10
2008.08.12 10:48:07.397,2.0723,2.0728,3.30,3.10
2008.08.12 10:48:07.506,2.0723,2.0728,3.30,2.00
2008.08.12 10:48:07.613,2.0723,2.07275,3.30,2.00
2008.08.12 10:48:08.501,2.07235,2.07275,3.10,2.00
2008.08.12 10:48:08.841,2.07225,2.07275,3.30,2.00
2008.08.12 10:48:09.722,2.07225,2.07275,3.10,2.00
2008.08.12 10:48:10.121,2.07225,2.07275,3.30,4.30
2008.08.12 10:48:10.613,2.07225,2.07275,3.30,2.00
2008.08.12 10:48:14.178,2.07225,2.0727,3.30,2.00
2008.08.12 10:48:14.482,2.0724,2.07275,1.00,2.00
2008.08.12 10:48:15.081,2.0723,2.07275,3.50,2.00
2008.08.12 10:48:15.141,2.0723,2.07275,3.30,2.00
2008.08.12 10:48:15.200,2.0723,2.07275,3.30,2.50
2008.08.12 10:48:15.261,2.0723,2.0727,3.10,2.00
2008.08.12 10:48:15.561,2.0722,2.0727,3.30,2.00
2008.08.12 10:48:15.621,2.0722,2.0727,3.10,4.70
2008.08.12 10:48:15.747,2.07215,2.0727,4.40,7.00
2008.08.12 10:48:16.721,2.07215,2.07265,6.60,2.00
2008.08.12 10:48:16.990,2.07215,2.07265,3.50,4.30
2008.08.12 10:48:17.257,2.07215,2.07265,7.60,2.10
2008.08.12 10:48:17.717,2.07215,2.07265,7.40,2.70
2008.08.12 10:48:17.914,2.07215,2.0727,7.60,7.00
2008.08.12 10:48:18.201,2.07215,2.07265,6.60,2.00
2008.08.12 10:48:19.093,2.07215,2.0726,3.30,2.00
2008.08.12 10:48:19.432,2.07215,2.0726,3.10,2.00
2008.08.12 10:48:19.488,2.07215,2.0725,3.10,2.00
2008.08.12 10:48:19.956,2.0722,2.0725,1.00,7.00
2008.08.12 10:48:20.389,2.0722,2.0725,1.00,4.30
2008.08.12 10:48:20.609,2.0722,2.0725,1.00,2.00
2008.08.12 10:48:20.829,2.0722,2.07255,1.00,7.00
2008.08.12 10:48:21.769,2.0722,2.07255,1.00,4.80
2008.08.12 10:48:22.081,2.07205,2.07255,3.20,4.80
2008.08.12 10:48:22.238,2.07205,2.07255,1.00,4.80
2008.08.12 10:48:24.520,2.07205,2.07255,1.00,2.10
2008.08.12 10:48:26.617,2.0721,2.07255,1.00,2.10
2008.08.12 10:48:26.742,2.0721,2.07255,1.00,2.70
2008.08.12 10:48:26.989,2.0721,2.0725,1.00,1.00
2008.08.12 10:48:27.189,2.0721,2.07255,1.00,2.70
2008.08.12 10:48:28.568,2.0721,2.0725,1.00,1.00
2008.08.12 10:48:29.389,2.07215,2.0725,1.00,1.00
2008.08.12 10:48:29.613,2.07215,2.0726,1.00,4.80
2008.08.12 10:48:29.837,2.07215,2.0726,1.00,2.10
2008.08.12 10:48:30.061,2.07215,2.0726,1.00,2.70
2008.08.12 10:48:30.285,2.07215,2.07265,1.00,5.40
2008.08.12 10:48:30.509,2.07215,2.07265,1.30,2.70
2008.08.12 10:48:30.997,2.07215,2.0726,4.40,1.00
2008.08.12 10:48:42.072,2.07215,2.0726,4.10,1.00
2008.08.12 10:48:42.148,2.07215,2.07265,3.10,2.50
2008.08.12 10:48:42.300,2.0721,2.07265,5.60,7.50
2008.08.12 10:48:42.846,2.0721,2.0726,6.30,2.10
2008.08.12 10:48:43.169,2.07215,2.0726,1.00,2.10
2008.08.12 10:48:43.469,2.07215,2.07265,1.00,2.70
2008.08.12 10:48:44.549,2.0721,2.0726,4.80,2.00
2008.08.12 10:48:44.797,2.0721,2.0726,4.50,2.00
2008.08.12 10:48:44.976,2.0721,2.0726,4.50,4.30
2008.08.12 10:48:45.990,2.0721,2.07255,4.50,2.00
2008.08.12 10:48:46.273,2.07205,2.07255,3.10,2.00
2008.08.12 10:48:46.840,2.07205,2.07255,3.10,2.50
2008.08.12 10:48:52.968,2.07205,2.07255,3.30,2.50
2008.08.12 10:48:54.147,2.07205,2.07255,6.60,2.50
2008.08.12 10:48:54.336,2.07205,2.0725,8.20,1.00
2008.08.12 10:48:54.745,2.0721,2.0725,1.00,1.00
2008.08.12 10:48:54.948,2.0721,2.0725,4.10,1.00
2008.08.12 10:48:55.153,2.0721,2.0725,1.00,1.00
2008.08.12 10:48:55.673,2.07205,2.0725,4.90,1.00
2008.08.12 10:48:55.788,2.07205,2.0725,4.40,1.00
2008.08.12 10:48:56.020,2.07205,2.0725,8.20,1.00
2008.08.12 10:48:56.404,2.0721,2.0725,1.00,1.00
2008.08.12 10:48:57.209,2.0721,2.0725,4.10,1.00
2008.08.12 10:48:57.746,2.0721,2.0725,3.10,1.00
2008.08.12 10:48:58.208,2.07205,2.0725,4.40,1.00
2008.08.12 10:48:59.637,2.0721,2.0725,1.70,1.00
2008.08.12 10:48:59.826,2.0721,2.0725,4.80,1.00
2008.08.12 10:49:08.757,2.0721,2.07255,3.30,3.60
2008.08.12 10:49:09.033,2.0721,2.07245,3.30,2.00
2008.08.12 10:49:09.373,2.07195,2.07245,3.30,2.50
2008.08.12 10:49:09.714,2.0719,2.0724,3.10,2.00
2008.08.12 10:49:10.052,2.07185,2.07235,4.30,2.10
2008.08.12 10:49:10.336,2.07185,2.07235,7.40,2.10
2008.08.12 10:49:11.056,2.07185,2.0724,7.40,7.00
2008.08.12 10:49:12.404,2.07185,2.0724,7.60,7.00
2008.08.12 10:49:12.927,2.0719,2.0724,1.00,4.80
2008.08.12 10:49:15.154,2.0719,2.0723,1.00,1.00
2008.08.12 10:49:16.588,2.0719,2.0724,1.00,4.80
2008.08.12 10:49:16.746,2.07185,2.07235,6.60,2.00
2008.08.12 10:49:16.805,2.07185,2.07235,3.30,2.00
2008.08.12 10:49:16.984,2.0719,2.07235,1.00,2.00
2008.08.12 10:49:17.280,2.0719,2.07235,3.30,2.00
2008.08.12 10:49:18.965,2.0719,2.0724,3.10,3.10
2008.08.12 10:49:19.225,2.07195,2.0724,1.00,1.40
2008.08.12 10:49:19.485,2.07195,2.0724,1.00,5.90
2008.08.12 10:49:20.535,2.07195,2.0723,1.00,1.00
2008.08.12 10:49:21.792,2.07195,2.0724,1.00,5.90
2008.08.12 10:49:22.181,2.07195,2.0724,1.00,4.80
2008.08.12 10:49:22.490,2.07195,2.0724,1.00,5.90
2008.08.12 10:49:22.609,2.07195,2.0724,1.00,4.80
2008.08.12 10:49:23.013,2.07195,2.0724,1.00,2.70
2008.08.12 10:49:23.351,2.07195,2.0724,1.00,4.80
2008.08.12 10:49:23.536,2.07195,2.0723,1.00,2.10
2008.08.12 10:49:23.705,2.0719,2.0723,1.00,2.10
2008.08.12 10:49:23.883,2.0719,2.07235,1.00,2.10
2008.08.12 10:49:24.053,2.0719,2.07235,1.00,4.30
2008.08.12 10:49:24.393,2.0719,2.0722,1.00,2.00
2008.08.12 10:49:24.741,2.0719,2.0723,4.50,4.70
2008.08.12 10:49:25.080,2.0719,2.0723,1.00,7.00
2008.08.12 10:49:25.440,2.0719,2.0723,1.00,4.30
2008.08.12 10:49:25.620,2.0719,2.0723,1.00,2.00
2008.08.12 10:49:25.981,2.0719,2.07235,1.00,4.30
2008.08.12 10:49:26.469,2.0719,2.07235,1.00,7.00
2008.08.12 10:49:27.084,2.07185,2.07235,1.00,7.50
2008.08.12 10:49:27.393,2.07185,2.07235,4.70,2.70
2008.08.12 10:49:27.561,2.07185,2.07235,4.10,2.70
2008.08.12 10:49:27.730,2.07195,2.0723,1.00,2.00
2008.08.12 10:49:27.901,2.07195,2.0723,3.10,2.00
2008.08.12 10:49:28.083,2.07185,2.0723,3.10,2.00
2008.08.12 10:49:28.253,2.07185,2.07235,4.10,3.60
2008.08.12 10:49:28.577,2.07185,2.0723,1.00,2.10
2008.08.12 10:49:28.901,2.0719,2.07235,1.00,7.00
2008.08.12 10:49:29.472,2.0718,2.07235,5.90,7.50
2008.08.12 10:49:29.971,2.0718,2.07235,5.60,8.90
2008.08.12 10:49:30.216,2.0718,2.07235,5.90,7.50
2008.08.12 10:49:30.466,2.0718,2.07235,6.20,7.50
2008.08.12 10:49:32.124,2.0718,2.07235,6.70,7.50
2008.08.12 10:49:32.514,2.0718,2.07235,6.20,7.50
2008.08.12 10:49:36.765,2.0718,2.0723,5.10,2.00
2008.08.12 10:49:37.872,2.0718,2.0723,4.80,2.00
2008.08.12 10:49:38.001,2.0718,2.0723,1.60,4.30
2008.08.12 10:49:40.413,2.0718,2.0723,2.80,4.30
2008.08.12 10:49:40.470,2.0718,2.0723,2.80,2.10
2008.08.12 10:49:40.740,2.0718,2.0723,2.50,2.10
2008.08.12 10:49:40.815,2.0718,2.0723,2.80,2.10
2008.08.12 10:49:41.089,2.0718,2.0723,3.30,2.10
2008.08.12 10:49:41.440,2.0718,2.07235,6.40,7.50
2008.08.12 10:49:43.185,2.0718,2.07235,5.90,7.50
2008.08.12 10:49:43.976,2.0718,2.07235,5.60,7.50
2008.08.12 10:49:44.132,2.0718,2.0723,2.50,2.10
2008.08.12 10:49:44.288,2.0718,2.0723,1.40,2.10
2008.08.12 10:49:44.444,2.0718,2.07225,1.40,2.00
2008.08.12 10:49:45.536,2.0718,2.0723,1.40,4.30
2008.08.12 10:49:46.860,2.0718,2.0722,1.40,1.00
2008.08.12 10:49:49.320,2.0718,2.07225,1.40,2.50
2008.08.12 10:49:49.817,2.0718,2.0722,1.40,1.00
2008.08.12 10:49:50.233,2.0718,2.0723,1.40,4.30
2008.08.12 10:49:50.477,2.0719,2.0722,1.00,2.00
2008.08.12 10:49:50.722,2.07185,2.0723,1.00,2.10
2008.08.12 10:49:50.965,2.0719,2.07215,1.00,2.00
2008.08.12 10:49:51.211,2.07175,2.0723,4.10,2.70
2008.08.12 10:49:51.513,2.07175,2.07235,4.10,5.90
2008.08.12 10:49:51.813,2.07175,2.07235,1.00,9.10
2008.08.12 10:49:52.112,2.07175,2.07225,1.00,8.10
2008.08.12 10:49:52.413,2.0718,2.0722,1.00,2.00
2008.08.12 10:49:53.188,2.0718,2.07225,1.00,7.00
2008.08.12 10:49:53.308,2.0718,2.07225,1.00,7.00
2008.08.12 10:49:53.633,2.0719,2.07225,1.00,2.10
2008.08.12 10:49:53.836,2.0719,2.07225,1.00,4.80
2008.08.12 10:49:54.041,2.0719,2.07225,1.40,2.10
2008.08.12 10:49:54.449,2.07185,2.07235,3.10,4.30
2008.08.12 10:49:54.636,2.07185,2.0723,3.10,2.70
2008.08.12 10:49:54.824,2.0719,2.0723,1.00,2.10
2008.08.12 10:49:55.013,2.07185,2.0723,3.10,2.00
2008.08.12 10:49:55.200,2.07185,2.0723,3.10,4.70
2008.08.12 10:49:55.745,2.0719,2.0723,1.00,4.30
2008.08.12 10:49:56.084,2.07185,2.0723,3.10,2.00
2008.08.12 10:49:56.675,2.07185,2.07235,4.10,2.10
2008.08.12 10:49:56.978,2.07185,2.0723,4.10,2.70
2008.08.12 10:49:57.276,2.0719,2.0723,1.00,7.00
2008.08.12 10:49:59.596,2.0719,2.0723,1.00,4.80
2008.08.12 10:49:59.674,2.0719,2.0723,1.00,2.10
2008.08.12 10:49:59.920,2.0719,2.07235,1.00,7.00
2008.08.12 10:50:00.150,2.0719,2.07235,1.00,2.10
2008.08.12 10:50:00.300,2.0719,2.0724,3.30,2.00
2008.08.12 10:50:00.953,2.072,2.07245,3.10,2.50
2008.08.12 10:50:01.293,2.07195,2.07245,3.30,2.50
2008.08.12 10:50:01.633,2.072,2.0724,1.00,1.00
2008.08.12 10:50:01.782,2.072,2.0724,3.30,2.00
2008.08.12 10:50:01.917,2.072,2.0724,3.10,2.00
2008.08.12 10:50:02.324,2.07195,2.0724,3.30,2.00
2008.08.12 10:50:02.949,2.07195,2.0724,3.10,2.00
2008.08.12 10:50:03.428,2.07195,2.0724,1.00,2.00
2008.08.12 10:50:03.908,2.07195,2.0724,3.30,2.00
2008.08.12 10:50:04.150,2.07195,2.0724,3.10,2.00
2008.08.12 10:50:04.388,2.07195,2.0724,3.30,2.00
2008.08.12 10:50:04.628,2.072,2.0724,1.00,2.00
2008.08.12 10:50:05.012,2.07195,2.0724,3.30,2.00
2008.08.12 10:50:05.156,2.07195,2.0724,3.10,2.00
2008.08.12 10:50:06.122,2.07195,2.0724,3.30,2.00
2008.08.12 10:50:06.429,2.07195,2.0725,4.40,7.00
2008.08.12 10:50:06.737,2.07205,2.0724,6.30,1.00
2008.08.12 10:50:07.044,2.07205,2.0724,6.60,1.00
2008.08.12 10:50:07.400,2.07205,2.0724,6.30,1.00
2008.08.12 10:50:15.446,2.07205,2.0724,3.10,1.00
2008.08.12 10:50:16.513,2.072,2.0724,3.30,1.00
2008.08.12 10:50:17.308,2.072,2.07245,3.10,2.00
2008.08.12 10:50:17.456,2.07195,2.07245,3.50,2.00
2008.08.12 10:50:18.012,2.072,2.07245,3.30,2.00
2008.08.12 10:50:19.040,2.0721,2.07245,1.00,2.00
2008.08.12 10:50:22.535,2.0721,2.0725,1.00,2.10
2008.08.12 10:50:22.682,2.0721,2.0725,3.20,2.10
2008.08.12 10:50:22.840,2.0721,2.07255,3.20,4.30
2008.08.12 10:50:23.041,2.07205,2.07255,3.50,4.30
2008.08.12 10:50:23.240,2.07205,2.07255,6.60,2.00
2008.08.12 10:50:23.848,2.07205,2.07255,6.60,3.10
2008.08.12 10:50:24.306,2.07205,2.07255,3.30,3.10
2008.08.12 10:50:24.520,2.07205,2.07255,3.10,3.10
2008.08.12 10:50:25.768,2.07205,2.07255,3.10,5.40
2008.08.12 10:50:26.929,2.07205,2.07245,3.10,2.00
2008.08.12 10:50:28.023,2.0721,2.07245,1.00,2.00
2008.08.12 10:50:29.264,2.07205,2.07245,3.10,2.00
2008.08.12 10:50:30.812,2.0721,2.07245,1.00,2.00
2008.08.12 10:50:31.292,2.0721,2.0725,1.00,2.10
2008.08.12 10:50:31.533,2.07205,2.07255,3.10,4.30
2008.08.12 10:50:31.872,2.07205,2.07255,3.10,2.00
2008.08.12 10:50:33.720,2.07205,2.07255,6.30,2.00
2008.08.12 10:50:34.374,2.07205,2.07255,3.10,2.00
2008.08.12 10:50:34.576,2.07205,2.07255,3.30,2.50
2008.08.12 10:50:34.781,2.07205,2.07255,3.10,2.50
2008.08.12 10:50:34.985,2.07205,2.07255,3.10,5.20
2008.08.12 10:50:35.116,2.072,2.07255,4.40,7.50
2008.08.12 10:50:39.225,2.0721,2.07255,3.20,7.50
2008.08.12 10:50:39.600,2.0721,2.07255,3.20,4.80
2008.08.12 10:50:39.790,2.07205,2.07255,3.10,2.50
2008.08.12 10:50:39.977,2.07205,2.07255,3.10,5.20
2008.08.12 10:50:40.164,2.072,2.07255,4.40,4.80
2008.08.12 10:50:44.355,2.072,2.07255,4.40,5.90
2008.08.12 10:50:44.496,2.072,2.07245,3.30,2.00
2008.08.12 10:50:45.180,2.072,2.0725,4.40,2.00
2008.08.12 10:50:46.402,2.072,2.07245,4.10,2.70
2008.08.12 10:50:46.856,2.072,2.07245,1.30,2.10
2008.08.12 10:50:47.084,2.072,2.0725,4.40,2.00
2008.08.12 10:50:48.800,2.072,2.07245,3.30,2.00
2008.08.12 10:50:48.924,2.072,2.07245,3.10,2.00
2008.08.12 10:50:50.212,2.072,2.07245,3.30,2.00
2008.08.12 10:50:50.624,2.072,2.07245,3.10,2.00
2008.08.12 10:50:50.848,2.07195,2.07245,3.30,2.00
2008.08.12 10:50:51.592,2.07195,2.07245,3.30,2.50
2008.08.12 10:50:52.778,2.072,2.07245,1.00,2.50
2008.08.12 10:50:53.028,2.072,2.07245,3.10,2.50
2008.08.12 10:50:53.284,2.072,2.0724,4.10,1.00
2008.08.12 10:50:53.992,2.07205,2.0724,3.10,1.00
2008.08.12 10:50:54.662,2.07205,2.0724,3.30,1.00
2008.08.12 10:50:54.768,2.07205,2.07245,3.30,2.50
2008.08.12 10:50:55.109,2.07205,2.07245,3.10,2.50
2008.08.12 10:50:55.248,2.072,2.07245,3.30,2.50
2008.08.12 10:50:55.580,2.07205,2.07245,1.00,2.50
2008.08.12 10:50:56.031,2.07205,2.07245,3.30,2.50
2008.08.12 10:50:56.825,2.07205,2.0724,3.30,1.00
2008.08.12 10:50:57.041,2.07205,2.0724,3.10,1.00
2008.08.12 10:50:57.232,2.07205,2.07245,3.10,2.50
2008.08.12 10:50:58.700,2.07205,2.07245,3.30,2.50
2008.08.12 10:50:59.212,2.0721,2.07245,3.10,2.50
2008.08.12 10:50:59.492,2.07195,2.07245,4.40,2.50
2008.08.12 10:51:00.057,2.072,2.07245,3.30,2.50
2008.08.12 10:51:00.477,2.072,2.0723,3.30,1.00
2008.08.12 10:51:00.693,2.072,2.0724,3.30,1.00
2008.08.12 10:51:01.556,2.072,2.0723,3.10,1.00
2008.08.12 10:51:02.104,2.07195,2.0723,4.40,1.00
2008.08.12 10:51:02.800,2.072,2.0723,3.10,1.00
2008.08.12 10:51:03.316,2.072,2.07235,3.10,2.50
2008.08.12 10:51:03.512,2.072,2.07235,3.10,2.00
2008.08.12 10:51:03.904,2.07195,2.0724,1.00,2.10
2008.08.12 10:51:04.536,2.0719,2.0724,5.60,2.10
2008.08.12 10:51:04.776,2.0719,2.07245,5.90,7.50
2008.08.12 10:51:05.492,2.07195,2.07245,3.30,2.50
2008.08.12 10:51:06.764,2.07195,2.07245,3.10,5.20
2008.08.12 10:51:07.180,2.0719,2.07245,6.20,7.50
2008.08.12 10:51:07.757,2.07195,2.07245,1.60,5.40
2008.08.12 10:51:07.853,2.07195,2.07245,4.80,5.40
2008.08.12 10:51:08.040,2.072,2.07245,3.30,2.70
2008.08.12 10:51:08.136,2.072,2.07245,4.00,2.70
2008.08.12 10:51:08.232,2.072,2.07245,1.80,2.70
2008.08.12 10:51:08.328,2.07205,2.07245,1.00,2.70
2008.08.12 10:51:08.520,2.07205,2.0724,3.30,1.00
2008.08.12 10:51:08.956,2.0721,2.0724,3.10,1.00
2008.08.12 10:51:09.296,2.07205,2.0724,3.10,1.00
2008.08.12 10:51:09.636,2.07205,2.0724,5.20,1.00
2008.08.12 10:51:09.716,2.07205,2.0724,5.80,1.00
2008.08.12 10:51:09.872,2.07205,2.0724,4.70,1.00
2008.08.12 10:51:09.953,2.0721,2.0725,1.00,1.00
2008.08.12 10:51:10.127,2.0721,2.0725,1.00,2.10
2008.08.12 10:51:10.208,2.0721,2.0725,1.00,4.30
2008.08.12 10:51:10.288,2.072,2.0725,4.40,4.30
2008.08.12 10:51:11.030,2.07205,2.0725,1.60,2.10
2008.08.12 10:51:11.351,2.0721,2.0725,4.10,1.00
2008.08.12 10:51:12.064,2.0721,2.0725,1.00,1.00
2008.08.12 10:51:13.012,2.0721,2.0725,1.60,1.00
2008.08.12 10:51:13.216,2.0721,2.0725,1.00,1.00
2008.08.12 10:51:13.520,2.0721,2.0725,4.10,1.00
2008.08.12 10:51:13.724,2.0721,2.0724,4.10,1.00
2008.08.12 10:51:14.064,2.0721,2.0724,1.00,1.00
2008.08.12 10:51:14.740,2.0721,2.0725,1.00,1.00
2008.08.12 10:51:15.080,2.0721,2.07255,1.00,2.70
2008.08.12 10:51:15.208,2.07215,2.07255,1.00,2.70
2008.08.12 10:51:15.832,2.07215,2.0725,4.10,1.00
2008.08.12 10:51:16.112,2.0721,2.0724,1.00,1.00
2008.08.12 10:51:16.944,2.0721,2.0724,1.60,1.00
2008.08.12 10:51:17.108,2.0721,2.0725,1.60,2.10
2008.08.12 10:51:17.512,2.0722,2.0725,1.00,2.10
2008.08.12 10:51:17.764,2.0722,2.0725,1.00,1.00
2008.08.12 10:51:18.768,2.07225,2.0726,1.00,1.00
2008.08.12 10:51:19.264,2.0723,2.0726,1.00,1.00
2008.08.12 10:51:20.732,2.07215,2.0726,1.00,1.00
2008.08.12 10:51:21.384,2.0723,2.0726,1.60,2.10
2008.08.12 10:51:21.652,2.0723,2.07265,1.00,2.70
2008.08.12 10:51:21.921,2.0722,2.07265,1.00,4.80
2008.08.12 10:51:22.199,2.0721,2.0726,3.70,2.10
2008.08.12 10:51:22.368,2.0721,2.0726,1.60,7.00
2008.08.12 10:51:22.552,2.07215,2.0726,1.00,7.00
2008.08.12 10:51:22.704,2.0722,2.0726,1.00,4.80
2008.08.12 10:51:22.872,2.0722,2.0725,1.00,1.00
2008.08.12 10:51:23.821,2.0722,2.07265,1.40,4.80
2008.08.12 10:51:24.028,2.0722,2.07265,1.40,2.50
2008.08.12 10:51:24.236,2.0722,2.07265,1.40,4.80
2008.08.12 10:51:24.704,2.07215,2.07265,1.00,4.80
2008.08.12 10:51:24.970,2.07215,2.07265,3.30,2.50
2008.08.12 10:51:25.232,2.07215,2.07265,3.10,5.20
2008.08.12 10:51:25.496,2.0721,2.0726,1.00,4.80
2008.08.12 10:51:25.624,2.07205,2.0726,4.10,7.00
2008.08.12 10:51:25.752,2.07205,2.07255,4.10,2.10
2008.08.12 10:51:25.880,2.07205,2.07245,3.10,2.00
2008.08.12 10:51:26.008,2.0721,2.07245,1.00,2.00
2008.08.12 10:51:26.262,2.07205,2.07245,1.00,2.00
2008.08.12 10:51:26.388,2.07205,2.07235,1.00,2.00
2008.08.12 10:51:26.728,2.07205,2.0724,3.30,1.00
2008.08.12 10:51:27.070,2.072,2.0724,1.00,3.30
2008.08.12 10:51:27.408,2.072,2.0724,1.00,4.30
2008.08.12 10:51:27.620,2.0719,2.0724,3.10,4.30
2008.08.12 10:51:27.741,2.07185,2.07235,3.30,2.00
2008.08.12 10:51:27.848,2.07185,2.07235,3.10,2.00
2008.08.12 10:51:28.060,2.0719,2.07235,1.00,4.30
2008.08.12 10:51:28.380,2.0719,2.07235,1.00,7.00
2008.08.12 10:51:28.592,2.0719,2.0723,1.00,2.00
2008.08.12 10:51:28.869,2.0719,2.0723,1.00,3.10
2008.08.12 10:51:29.144,2.0719,2.07235,1.00,7.00
2008.08.12 10:51:29.420,2.07205,2.07235,1.00,4.80
2008.08.12 10:51:29.697,2.07205,2.07225,1.00,2.70
2008.08.12 10:51:29.832,2.07205,2.07225,1.00,2.10
2008.08.12 10:51:30.104,2.0721,2.0724,3.10,1.00
2008.08.12 10:51:30.372,2.0721,2.0724,3.30,1.00
2008.08.12 10:51:30.640,2.0721,2.0725,3.30,2.00
2008.08.12 10:51:30.896,2.0721,2.07255,3.30,2.50
2008.08.12 10:51:31.152,2.0721,2.0724,3.30,1.00
2008.08.12 10:51:31.409,2.0721,2.07255,3.30,2.50
2008.08.12 10:51:31.665,2.0721,2.0725,3.10,1.00
2008.08.12 10:51:31.840,2.072,2.0725,5.90,1.00
2008.08.12 10:51:32.004,2.07205,2.0725,1.00,1.00
2008.08.12 10:51:32.329,2.07205,2.0724,3.30,1.00
2008.08.12 10:51:32.492,2.07205,2.0724,3.10,1.00
2008.08.12 10:51:32.664,2.072,2.0724,4.40,1.00
2008.08.12 10:51:32.864,2.072,2.0724,4.40,1.80
2008.08.12 10:51:33.064,2.072,2.07245,1.30,4.10
2008.08.12 10:51:33.264,2.072,2.07245,1.00,4.10
2008.08.12 10:51:33.464,2.07195,2.07235,4.40,1.00
2008.08.12 10:51:33.664,2.07195,2.0722,4.40,1.80
2008.08.12 10:51:33.865,2.07195,2.0723,4.10,2.70
2008.08.12 10:51:34.180,2.072,2.0723,1.40,2.10
2008.08.12 10:51:34.497,2.07195,2.0723,3.30,1.00
2008.08.12 10:51:34.813,2.072,2.0723,3.10,1.00
2008.08.12 10:51:35.067,2.07205,2.0724,1.00,1.40
2008.08.12 10:51:35.190,2.07205,2.07225,4.10,1.30
2008.08.12 10:51:35.435,2.07205,2.0723,4.10,1.00
2008.08.12 10:51:35.676,2.07205,2.07235,1.00,2.70
2008.08.12 10:51:35.796,2.07205,2.0723,1.00,1.00
2008.08.12 10:51:36.139,2.0721,2.0723,1.00,1.00
2008.08.12 10:51:36.470,2.07215,2.0724,3.10,1.00
2008.08.12 10:51:37.199,2.07215,2.07235,3.10,1.30
2008.08.12 10:51:37.341,2.07215,2.0724,3.10,1.00
2008.08.12 10:51:37.584,2.072,2.0724,1.00,1.00
2008.08.12 10:51:37.709,2.07195,2.07245,6.60,2.50
2008.08.12 10:51:37.832,2.072,2.07235,1.00,1.30
2008.08.12 10:51:38.117,2.07195,2.0723,3.30,1.00
2008.08.12 10:51:38.400,2.072,2.0723,3.10,1.00
2008.08.12 10:51:38.686,2.07195,2.0723,3.30,1.00
2008.08.12 10:51:38.970,2.072,2.0723,3.10,1.00
2008.08.12 10:51:39.165,2.07195,2.0723,4.40,1.00
2008.08.12 10:51:39.746,2.072,2.0723,3.10,1.80
2008.08.12 10:51:40.132,2.0719,2.0723,3.30,1.80
2008.08.12 10:51:40.508,2.07185,2.07235,1.00,4.10
2008.08.12 10:51:40.696,2.07185,2.0723,1.00,2.00
2008.08.12 10:51:40.884,2.07185,2.0723,3.30,2.00
2008.08.12 10:51:41.072,2.07185,2.07215,3.30,1.30
2008.08.12 10:51:41.412,2.07185,2.0721,3.30,1.00
2008.08.12 10:51:41.752,2.07185,2.07225,1.00,2.70
2008.08.12 10:51:42.432,2.0718,2.07225,2.50,3.20
2008.08.12 10:51:42.572,2.0718,2.0722,2.50,1.00
2008.08.12 10:51:42.984,2.07185,2.0722,1.00,1.00
2008.08.12 10:51:43.708,2.0718,2.0722,2.50,1.00
2008.08.12 10:51:44.568,2.0718,2.0722,1.00,1.80
2008.08.12 10:51:44.790,2.0718,2.07225,1.00,4.50
2008.08.12 10:51:45.224,2.0718,2.07225,1.00,6.80
2008.08.12 10:51:45.972,2.0718,2.07225,1.00,5.40
2008.08.12 10:51:46.128,2.07185,2.07225,1.00,5.40
2008.08.12 10:51:46.284,2.07185,2.07225,1.00,2.70
2008.08.12 10:51:46.516,2.07185,2.07225,1.30,2.70
2008.08.12 10:51:46.596,2.07185,2.0722,1.30,1.00
2008.08.12 10:51:46.812,2.0719,2.0722,3.10,1.00
2008.08.12 10:51:47.028,2.0719,2.0722,3.30,1.00
2008.08.12 10:51:47.569,2.0719,2.0722,4.40,1.00
2008.08.12 10:51:48.844,2.0719,2.0722,3.30,1.00
2008.08.12 10:51:49.008,2.0719,2.0722,3.10,1.00
2008.08.12 10:51:49.332,2.07185,2.0722,1.00,1.00
2008.08.12 10:51:49.496,2.0719,2.0722,1.00,1.00
2008.08.12 10:51:50.344,2.0719,2.0722,1.30,1.00
2008.08.12 10:51:50.520,2.07195,2.0723,3.10,1.00
2008.08.12 10:51:50.696,2.07195,2.07235,3.10,1.40
2008.08.12 10:51:50.872,2.07195,2.0722,3.10,1.00
2008.08.12 10:51:51.176,2.0719,2.0722,3.10,1.00
2008.08.12 10:51:51.480,2.07185,2.0723,1.00,2.10
2008.08.12 10:51:51.784,2.07195,2.0723,1.00,2.10
2008.08.12 10:51:52.179,2.07195,2.07235,1.00,4.10
2008.08.12 10:51:52.924,2.0719,2.07235,1.00,7.80
2008.08.12 10:51:53.144,2.0719,2.07235,1.00,12.10
2008.08.12 10:51:53.364,2.0718,2.0723,4.50,4.70
2008.08.12 10:51:53.591,2.0718,2.0723,1.40,7.50
2008.08.12 10:51:53.812,2.07185,2.0723,1.00,2.70
2008.08.12 10:51:54.096,2.07185,2.0723,1.00,2.10
2008.08.12 10:51:54.380,2.0719,2.0723,1.00,2.10
2008.08.12 10:51:55.124,2.0719,2.07235,1.00,2.10
2008.08.12 10:51:55.731,2.0719,2.07235,1.00,3.20
2008.08.12 10:51:55.916,2.0719,2.07235,1.00,10.50
2008.08.12 10:51:56.268,2.0719,2.0723,1.00,4.80
2008.08.12 10:51:56.445,2.07185,2.0723,1.00,4.80
2008.08.12 10:51:56.964,2.0719,2.07225,1.00,2.00
2008.08.12 10:51:57.726,2.07175,2.0722,3.30,2.00
2008.08.12 10:51:57.916,2.07175,2.0722,3.30,3.10
2008.08.12 10:51:58.120,2.07185,2.0722,3.10,3.10
2008.08.12 10:51:58.324,2.0718,2.07215,3.10,2.00
2008.08.12 10:51:58.528,2.0718,2.07215,1.00,4.30
2008.08.12 10:51:58.932,2.0718,2.07215,1.00,2.00
2008.08.12 10:51:59.136,2.07165,2.0722,4.40,5.60
2008.08.12 10:51:59.588,2.0717,2.0722,3.10,3.30
2008.08.12 10:52:00.104,2.0717,2.0722,3.10,2.00
2008.08.12 10:52:00.373,2.0717,2.0722,3.10,3.30
2008.08.12 10:52:00.510,2.07175,2.07215,1.00,1.30
2008.08.12 10:52:00.644,2.07175,2.07215,1.30,1.30
2008.08.12 10:52:00.780,2.07175,2.07215,4.10,1.30
2008.08.12 10:52:01.050,2.07175,2.07215,1.00,1.30
2008.08.12 10:52:01.389,2.0718,2.07225,1.00,6.80
2008.08.12 10:52:01.728,2.0718,2.0722,1.00,2.70
2008.08.12 10:52:02.069,2.07175,2.07215,1.00,4.00
2008.08.12 10:52:02.168,2.07175,2.07215,1.00,2.70
2008.08.12 10:52:02.268,2.07175,2.0721,1.00,2.70
2008.08.12 10:52:02.476,2.07165,2.0721,1.00,4.80
2008.08.12 10:52:02.672,2.0718,2.0721,1.00,4.80
2008.08.12 10:52:02.885,2.0718,2.0721,3.20,2.10
2008.08.12 10:52:03.080,2.07175,2.07215,4.30,2.70
2008.08.12 10:52:03.361,2.07175,2.07225,7.60,2.00
2008.08.12 10:52:03.640,2.07175,2.07225,4.30,7.00
2008.08.12 10:52:03.920,2.07175,2.07225,4.50,4.30
2008.08.12 10:52:04.200,2.07175,2.07225,4.50,2.00
2008.08.12 10:52:04.435,2.07185,2.0723,1.00,4.80
2008.08.12 10:52:09.953,2.07185,2.07225,1.00,2.70
2008.08.12 10:52:10.236,2.07185,2.07225,1.00,4.80
2008.08.12 10:52:11.028,2.07185,2.07225,1.00,2.10
2008.08.12 10:52:11.536,2.07185,2.0723,1.00,2.10
2008.08.12 10:52:11.820,2.0718,2.0723,3.10,6.40
2008.08.12 10:52:12.109,2.07175,2.0722,1.00,4.80
2008.08.12 10:52:12.632,2.07175,2.07215,1.00,2.70
2008.08.12 10:52:12.717,2.07185,2.07215,1.00,2.70
2008.08.12 10:52:12.812,2.07185,2.07215,1.00,4.80
2008.08.12 10:52:12.897,2.07185,2.07215,1.00,2.10
2008.08.12 10:52:13.141,2.07185,2.07215,1.30,2.10
2008.08.12 10:52:13.224,2.0719,2.07215,1.00,2.10
2008.08.12 10:52:13.568,2.0719,2.0723,1.00,1.00
2008.08.12 10:52:13.832,2.0719,2.0723,2.50,1.00
2008.08.12 10:52:14.356,2.0719,2.0723,5.60,1.00
2008.08.12 10:52:15.988,2.0719,2.07235,2.50,2.70
2008.08.12 10:52:16.380,2.0719,2.07235,2.50,2.10
2008.08.12 10:52:16.721,2.07195,2.0724,1.00,4.80
2008.08.12 10:52:17.060,2.07195,2.07245,4.10,2.70
2008.08.12 10:52:17.400,2.07205,2.0724,1.00,1.00
2008.08.12 10:52:17.524,2.0721,2.0724,1.40,1.00
2008.08.12 10:52:17.888,2.07215,2.0724,1.00,1.00
2008.08.12 10:52:18.633,2.0723,2.0725,1.40,2.10
2008.08.12 10:52:18.888,2.0722,2.0725,4.90,1.00
2008.08.12 10:52:19.680,2.07225,2.0725,3.10,1.00
2008.08.12 10:52:20.252,2.07235,2.0725,1.00,1.00
2008.08.12 10:52:20.540,2.0723,2.0725,1.00,1.00
2008.08.12 10:52:20.668,2.07235,2.0725,1.00,1.00
2008.08.12 10:52:20.804,2.07235,2.0726,3.30,1.00
2008.08.12 10:52:20.932,2.07235,2.0726,3.10,1.00
2008.08.12 10:52:21.308,2.07235,2.0726,1.00,1.00
2008.08.12 10:52:21.560,2.07235,2.0726,1.30,1.00
2008.08.12 10:52:21.856,2.07235,2.0726,4.40,1.00
2008.08.12 10:52:23.268,2.07235,2.0726,1.00,1.00
2008.08.12 10:52:23.616,2.0723,2.0726,4.10,1.00
2008.08.12 10:52:24.241,2.0723,2.0725,1.00,1.00
2008.08.12 10:52:24.980,2.07225,2.0725,4.10,1.00
2008.08.12 10:52:25.126,2.0723,2.0725,1.00,1.00
2008.08.12 10:52:25.551,2.07225,2.0725,1.60,1.00
2008.08.12 10:52:25.693,2.0723,2.0725,1.00,1.00
2008.08.12 10:52:26.000,2.0723,2.0725,1.00,1.00
2008.08.12 10:52:26.300,2.0722,2.0725,5.90,1.00
2008.08.12 10:52:26.600,2.0723,2.0725,3.10,1.00
2008.08.12 10:52:26.900,2.0722,2.0725,3.30,1.00
2008.08.12 10:52:27.162,2.0722,2.0725,4.40,1.00
2008.08.12 10:52:27.796,2.0722,2.0725,3.10,1.00
2008.08.12 10:52:28.078,2.0721,2.0725,4.40,1.00
2008.08.12 10:52:28.673,2.07215,2.0725,1.30,1.00
2008.08.12 10:52:28.969,2.0722,2.0725,3.10,1.00
2008.08.12 10:52:29.283,2.07225,2.0725,3.10,1.00
2008.08.12 10:52:30.336,2.0722,2.0725,3.10,1.00
2008.08.12 10:52:30.904,2.0722,2.0725,3.90,1.00
2008.08.12 10:52:31.188,2.07225,2.0725,4.10,1.00
2008.08.12 10:52:32.710,2.07225,2.0725,4.40,1.00
2008.08.12 10:52:32.949,2.0723,2.0725,3.10,1.00
2008.08.12 10:52:33.814,2.0723,2.0725,4.50,1.00
2008.08.12 10:52:33.857,2.0723,2.0726,4.50,1.00
2008.08.12 10:52:34.120,2.07235,2.0726,1.00,1.00
2008.08.12 10:52:34.164,2.07235,2.0726,1.60,1.00
2008.08.12 10:52:34.407,2.07235,2.0726,1.00,1.00
2008.08.12 10:52:34.758,2.07235,2.0726,1.00,1.00
2008.08.12 10:52:35.100,2.07235,2.0726,3.10,1.00
2008.08.12 10:52:35.433,2.0723,2.0726,4.50,1.00
2008.08.12 10:52:35.540,2.0723,2.0726,1.40,1.00
2008.08.12 10:52:36.521,2.07225,2.0726,4.40,1.00
2008.08.12 10:52:36.758,2.07225,2.0726,4.10,1.00
2008.08.12 10:52:37.003,2.07225,2.07265,1.00,2.70
2008.08.12 10:52:37.473,2.07225,2.0725,1.00,1.00
2008.08.12 10:52:38.994,2.07225,2.0725,1.30,1.00
2008.08.12 10:52:39.194,2.0723,2.0725,3.10,1.00
2008.08.12 10:52:39.979,2.07225,2.0725,1.00,1.00
2008.08.12 10:52:41.866,2.0722,2.07255,3.30,2.50
2008.08.12 10:52:42.360,2.07215,2.0725,7.40,1.00
2008.08.12 10:52:42.593,2.07215,2.0725,1.00,1.00
2008.08.12 10:52:44.787,2.0721,2.0725,1.00,1.00
2008.08.12 10:52:44.906,2.0721,2.07255,1.00,1.40
2008.08.12 10:52:45.021,2.0721,2.07255,1.00,4.70
2008.08.12 10:52:45.140,2.0721,2.07245,1.00,1.30
2008.08.12 10:52:45.258,2.07205,2.0725,3.30,3.30
2008.08.12 10:52:45.373,2.07205,2.07245,3.10,2.70
2008.08.12 10:52:45.489,2.072,2.07245,1.00,4.80
2008.08.12 10:52:45.829,2.072,2.07245,1.30,2.10
2008.08.12 10:52:46.170,2.07205,2.07245,1.00,2.10
2008.08.12 10:52:46.511,2.0721,2.07255,3.10,4.90
2008.08.12 10:52:46.862,2.0721,2.07245,3.10,1.30
2008.08.12 10:52:47.020,2.072,2.0724,1.00,1.00
2008.08.12 10:52:47.341,2.07205,2.0724,1.00,1.00
2008.08.12 10:52:47.500,2.07205,2.0725,1.00,4.80
2008.08.12 10:52:47.673,2.0721,2.0725,1.00,4.80
2008.08.12 10:52:47.833,2.0721,2.0725,1.00,2.10
2008.08.12 10:52:48.028,2.0721,2.07255,1.00,4.10
2008.08.12 10:52:49.676,2.0721,2.07255,1.00,2.70
2008.08.12 10:52:50.085,2.0721,2.07255,1.00,4.10
2008.08.12 10:52:50.208,2.0721,2.0725,1.00,1.80
2008.08.12 10:52:50.770,2.0721,2.07255,1.00,4.10
2008.08.12 10:52:51.637,2.072,2.07255,4.40,6.20
2008.08.12 10:52:51.895,2.072,2.07255,4.40,7.20
2008.08.12 10:52:52.151,2.072,2.07245,4.40,1.30
2008.08.12 10:52:52.268,2.072,2.07245,4.10,2.70
2008.08.12 10:52:52.384,2.072,2.07255,4.40,8.90
2008.08.12 10:52:52.612,2.072,2.07245,1.30,2.10
2008.08.12 10:52:52.888,2.072,2.07255,4.40,8.90
2008.08.12 10:52:53.020,2.072,2.07255,4.40,6.20
2008.08.12 10:52:54.304,2.072,2.0725,3.30,2.00
2008.08.12 10:52:54.564,2.072,2.0725,3.10,6.00
2008.08.12 10:52:54.824,2.07195,2.0724,3.10,3.20
2008.08.12 10:52:56.336,2.072,2.0724,1.00,3.20
2008.08.12 10:52:57.012,2.07195,2.0724,3.10,3.20
2008.08.12 10:52:57.344,2.072,2.0724,1.00,3.20
2008.08.12 10:52:58.049,2.072,2.0724,1.00,4.50
2008.08.12 10:52:58.357,2.072,2.0724,1.00,6.80
2008.08.12 10:52:58.720,2.072,2.0724,1.00,5.50
2008.08.12 10:52:58.932,2.0719,2.0724,1.30,5.50
2008.08.12 10:52:59.252,2.0719,2.0724,1.30,4.30
2008.08.12 10:52:59.360,2.0719,2.0724,4.40,2.00
2008.08.12 10:52:59.684,2.07195,2.0724,1.00,2.00
2008.08.12 10:52:59.913,2.07195,2.07245,1.60,5.40
2008.08.12 10:53:00.132,2.072,2.07245,1.00,4.10
2008.08.12 10:53:00.568,2.072,2.0724,3.10,1.80
2008.08.12 10:53:00.768,2.072,2.07245,3.10,4.50
2008.08.12 10:53:00.969,2.072,2.0724,3.10,2.00
2008.08.12 10:53:01.182,2.0719,2.0724,4.40,2.00
2008.08.12 10:53:01.380,2.0719,2.07235,4.40,1.00
2008.08.12 10:53:01.580,2.0719,2.07235,3.10,2.00
2008.08.12 10:53:01.920,2.0719,2.07235,3.10,3.10
2008.08.12 10:53:02.597,2.07185,2.07235,4.10,3.10
2008.08.12 10:53:03.429,2.07185,2.07235,4.10,2.00
2008.08.12 10:53:03.840,2.07185,2.07235,4.40,2.00
2008.08.12 10:53:04.088,2.0719,2.0723,3.10,2.00
2008.08.12 10:53:06.631,2.07185,2.0723,3.10,2.00
2008.08.12 10:53:07.240,2.07185,2.0723,3.30,2.00
2008.08.12 10:53:09.072,2.07185,2.07235,3.30,2.00
2008.08.12 10:53:09.288,2.07185,2.07235,3.30,2.50
2008.08.12 10:53:09.504,2.0719,2.0723,3.30,1.00
2008.08.12 10:53:10.125,2.07195,2.0723,3.10,1.00
2008.08.12 10:53:11.148,2.07185,2.07235,4.10,3.20
2008.08.12 10:53:11.416,2.07185,2.07235,1.00,5.40
2008.08.12 10:53:12.187,2.0719,2.07235,1.40,5.40
2008.08.12 10:53:12.418,2.0719,2.07235,2.50,2.70
2008.08.12 10:53:12.868,2.0719,2.0723,2.50,1.00
2008.08.12 10:53:13.543,2.07195,2.0723,1.00,1.00
2008.08.12 10:53:19.878,2.0719,2.0723,5.60,1.00
2008.08.12 10:53:20.032,2.0719,2.0723,4.10,1.00
2008.08.12 10:53:20.646,2.0719,2.0723,1.00,1.00
2008.08.12 10:53:21.436,2.072,2.0723,1.00,1.00
2008.08.12 10:53:23.892,2.072,2.0723,2.50,1.00
2008.08.12 10:53:23.936,2.07205,2.0723,1.00,1.00
2008.08.12 10:53:24.340,2.07215,2.0723,1.00,1.00
2008.08.12 10:53:25.092,2.0721,2.0724,1.00,1.00
2008.08.12 10:53:28.363,2.07205,2.0724,4.10,1.00
2008.08.12 10:53:28.669,2.07205,2.07245,3.10,2.50
2008.08.12 10:53:29.297,2.07195,2.07245,4.40,2.50
2008.08.12 10:53:29.605,2.07195,2.07245,4.10,5.20
2008.08.12 10:53:29.913,2.07195,2.07245,1.00,7.50
2008.08.12 10:53:31.574,2.072,2.07245,1.00,5.40
2008.08.12 10:53:31.788,2.072,2.07245,1.00,2.70
2008.08.12 10:53:32.224,2.072,2.0724,1.00,1.00
2008.08.12 10:53:32.716,2.072,2.0725,1.00,7.00
2008.08.12 10:53:32.964,2.072,2.0725,1.00,9.40
2008.08.12 10:53:33.211,2.072,2.0725,1.00,10.60
2008.08.12 10:53:33.461,2.072,2.07245,1.00,2.10
2008.08.12 10:53:33.849,2.072,2.0725,1.00,10.60
2008.08.12 10:53:34.044,2.072,2.0725,1.00,9.50
2008.08.12 10:53:34.432,2.07195,2.07245,4.40,2.00
2008.08.12 10:53:35.625,2.072,2.07245,1.00,2.00
2008.08.12 10:53:35.652,2.072,2.0725,1.60,6.30
2008.08.12 10:53:37.252,2.07205,2.0725,1.00,4.80
2008.08.12 10:53:37.635,2.07205,2.0725,1.00,6.30
2008.08.12 10:53:37.744,2.072,2.0725,1.00,2.10
2008.08.12 10:53:37.843,2.072,2.0725,1.00,3.60
2008.08.12 10:53:37.900,2.072,2.0725,4.10,3.60
2008.08.12 10:53:38.053,2.072,2.0725,4.10,4.70
2008.08.12 10:53:39.536,2.072,2.07245,1.00,2.70
2008.08.12 10:53:42.681,2.07195,2.07245,1.00,2.70
2008.08.12 10:53:42.733,2.07195,2.07245,1.00,4.80
2008.08.12 10:53:45.401,2.07195,2.0724,1.00,1.00
2008.08.12 10:53:45.595,2.07195,2.0724,1.00,2.40
2008.08.12 10:53:45.707,2.07195,2.0723,1.00,2.70
2008.08.12 10:53:45.804,2.072,2.0723,1.00,2.70
2008.08.12 10:53:45.872,2.072,2.0723,2.50,2.70
2008.08.12 10:53:46.556,2.072,2.07235,1.00,2.10
2008.08.12 10:53:46.898,2.072,2.0725,1.00,6.30
2008.08.12 10:53:47.824,2.072,2.07245,1.00,2.70
2008.08.12 10:53:48.023,2.07205,2.07245,1.00,4.80
2008.08.12 10:53:48.226,2.07205,2.07245,1.00,2.10
2008.08.12 10:53:48.425,2.07215,2.07255,1.00,4.80
2008.08.12 10:53:48.660,2.07215,2.07255,1.30,2.70
2008.08.12 10:53:48.897,2.07215,2.0725,1.00,2.00
2008.08.12 10:53:49.132,2.07215,2.0725,3.10,2.00
2008.08.12 10:53:49.368,2.0721,2.0725,1.40,2.00
2008.08.12 10:53:49.696,2.07195,2.07245,5.40,4.80
2008.08.12 10:53:50.024,2.07195,2.07245,5.40,2.10
2008.08.12 10:53:50.352,2.0721,2.0725,1.00,7.00
2008.08.12 10:53:50.680,2.07195,2.0725,4.10,7.00
2008.08.12 10:53:51.008,2.07195,2.0725,7.40,7.00
2008.08.12 10:53:51.837,2.0721,2.07255,1.00,6.80
2008.08.12 10:53:52.177,2.07215,2.07255,1.00,2.70
2008.08.12 10:53:52.517,2.0722,2.0725,3.10,1.00
2008.08.12 10:53:53.320,2.07215,2.0725,3.30,1.00
2008.08.12 10:53:53.490,2.07215,2.0725,3.10,1.00
2008.08.12 10:53:53.820,2.0721,2.0725,4.10,1.00
2008.08.12 10:53:53.988,2.0721,2.0725,3.10,1.00
2008.08.12 10:53:54.156,2.0721,2.07255,3.10,1.40
2008.08.12 10:53:54.324,2.0721,2.0725,3.10,1.00
2008.08.12 10:53:54.492,2.0721,2.0725,1.80,1.00
2008.08.12 10:53:54.756,2.0721,2.07255,1.00,3.20
2008.08.12 10:53:55.020,2.07205,2.07255,1.30,2.70
2008.08.12 10:53:55.284,2.07215,2.0725,3.10,1.00
2008.08.12 10:53:57.556,2.07215,2.0725,3.30,1.00
2008.08.12 10:53:57.817,2.0722,2.0725,3.10,1.00
2008.08.12 10:53:57.964,2.07215,2.07255,1.30,2.70
2008.08.12 10:53:58.112,2.07215,2.0725,1.00,2.70
2008.08.12 10:53:58.261,2.07215,2.07255,4.10,3.20
2008.08.12 10:53:58.423,2.07215,2.07255,3.10,3.20
2008.08.12 10:53:58.496,2.0721,2.07255,1.00,5.40
2008.08.12 10:53:59.364,2.0721,2.07255,1.30,2.70
2008.08.12 10:53:59.604,2.07215,2.0725,3.10,1.00
2008.08.12 10:53:59.843,2.0722,2.0725,1.00,1.00
2008.08.12 10:54:00.131,2.07215,2.0725,3.10,1.00
2008.08.12 10:54:00.233,2.0722,2.0725,1.00,1.00
2008.08.12 10:54:00.424,2.07215,2.0725,3.10,1.00
2008.08.12 10:54:00.559,2.07225,2.0725,3.10,1.00
2008.08.12 10:54:00.743,2.07215,2.0725,3.30,1.00
2008.08.12 10:54:01.180,2.0722,2.0725,3.10,1.00
2008.08.12 10:54:03.163,2.0722,2.0725,4.10,1.00
2008.08.12 10:54:03.653,2.0722,2.0725,5.60,1.00
2008.08.12 10:54:03.738,2.0722,2.0725,6.30,1.00
2008.08.12 10:54:03.907,2.0722,2.0725,6.40,1.00
2008.08.12 10:54:04.009,2.0723,2.0725,1.00,1.00
2008.08.12 10:54:04.093,2.0723,2.0726,1.00,1.00
2008.08.12 10:54:04.515,2.0723,2.0726,1.60,1.00
2008.08.12 10:54:04.867,2.0724,2.0726,1.00,1.00
2008.08.12 10:54:05.208,2.0724,2.0726,5.60,1.00
2008.08.12 10:54:05.555,2.0724,2.0726,4.50,1.00
2008.08.12 10:54:05.692,2.07235,2.0726,1.00,1.00
2008.08.12 10:54:07.470,2.0724,2.0726,1.00,1.00
2008.08.12 10:54:07.889,2.0724,2.0726,1.30,1.00
2008.08.12 10:54:08.168,2.0724,2.0726,4.40,1.00
2008.08.12 10:54:08.960,2.07235,2.0726,4.10,1.00
2008.08.12 10:54:10.083,2.07235,2.0726,1.00,1.00
2008.08.12 10:54:10.940,2.0724,2.0726,1.00,1.00
2008.08.12 10:54:11.168,2.0724,2.0726,3.10,1.00
2008.08.12 10:54:11.508,2.0724,2.0726,6.30,1.00
2008.08.12 10:54:11.848,2.0724,2.0726,6.40,1.00
2008.08.12 10:54:12.189,2.0724,2.0726,3.30,1.00
2008.08.12 10:54:12.528,2.07245,2.0726,3.10,1.00
2008.08.12 10:54:12.656,2.0724,2.0726,4.10,1.00
2008.08.12 10:54:13.756,2.0724,2.0726,4.40,1.00
2008.08.12 10:54:14.969,2.0724,2.0727,4.40,1.00
2008.08.12 10:54:15.287,2.07245,2.0727,1.00,1.00
2008.08.12 10:54:15.771,2.07245,2.0727,4.10,1.00
2008.08.12 10:54:16.456,2.0725,2.0727,1.00,1.00
2008.08.12 10:54:19.320,2.07255,2.0727,1.00,1.00
2008.08.12 10:54:19.823,2.07255,2.0727,4.50,1.00
2008.08.12 10:54:19.991,2.07255,2.0728,3.30,1.00
2008.08.12 10:54:20.224,2.07255,2.0728,6.30,1.00
2008.08.12 10:54:20.453,2.0726,2.0728,3.20,1.00
2008.08.12 10:54:20.681,2.0725,2.0728,4.10,1.00
2008.08.12 10:54:21.132,2.07245,2.0728,3.10,1.00
2008.08.12 10:54:21.472,2.0724,2.0728,4.40,1.00
2008.08.12 10:54:22.150,2.0724,2.0728,4.10,1.00
2008.08.12 10:54:22.583,2.0724,2.07285,1.00,2.70
2008.08.12 10:54:23.688,2.07235,2.07285,4.10,2.70
2008.08.12 10:54:23.837,2.07235,2.07285,4.10,4.10
2008.08.12 10:54:23.912,2.07235,2.07285,4.10,9.50
2008.08.12 10:54:23.990,2.07235,2.0727,4.10,1.00
2008.08.12 10:54:24.468,2.0724,2.0727,4.10,1.00
2008.08.12 10:54:24.732,2.07245,2.0727,3.10,1.00
2008.08.12 10:54:24.996,2.07245,2.0727,3.30,1.00
2008.08.12 10:54:25.727,2.07245,2.0727,3.10,1.00
2008.08.12 10:54:25.835,2.07235,2.0727,4.40,1.00
2008.08.12 10:54:26.670,2.0724,2.0727,1.40,1.00
2008.08.12 10:54:27.265,2.0724,2.0728,1.40,1.00
2008.08.12 10:54:27.565,2.07245,2.0728,1.00,1.00
2008.08.12 10:54:27.781,2.0725,2.0728,1.00,1.00
2008.08.12 10:54:29.083,2.07245,2.0728,1.00,1.00
2008.08.12 10:54:30.064,2.0724,2.0728,2.50,1.00
2008.08.12 10:54:31.567,2.07255,2.0728,1.00,1.00
2008.08.12 10:54:31.712,2.0726,2.0728,1.40,1.00
2008.08.12 10:54:32.008,2.0726,2.0729,1.40,4.80
2008.08.12 10:54:32.304,2.07245,2.0729,1.00,4.80
2008.08.12 10:54:32.891,2.07245,2.0729,1.00,2.10
2008.08.12 10:54:33.188,2.07245,2.07295,4.10,2.70
2008.08.12 10:54:37.227,2.0726,2.07295,1.00,2.10
2008.08.12 10:54:37.709,2.07245,2.07295,4.10,2.10
2008.08.12 10:54:40.666,2.07255,2.07295,1.00,2.10
2008.08.12 10:54:40.887,2.0726,2.07295,1.40,2.10
2008.08.12 10:54:41.251,2.0726,2.07295,2.50,2.10
2008.08.12 10:54:41.812,2.0726,2.073,5.60,1.00
2008.08.12 10:54:42.899,2.0726,2.073,6.30,1.00
2008.08.12 10:54:42.976,2.07265,2.073,1.00,1.00
2008.08.12 10:54:43.360,2.07275,2.073,3.10,1.00
2008.08.12 10:54:43.799,2.07265,2.073,1.00,1.00
2008.08.12 10:54:43.907,2.0726,2.073,5.60,1.00
2008.08.12 10:54:44.397,2.0726,2.073,5.90,1.00
2008.08.12 10:54:44.834,2.07265,2.073,1.00,1.00
2008.08.12 10:54:46.542,2.07265,2.07315,1.00,4.10
2008.08.12 10:54:46.635,2.0727,2.07315,1.00,4.10
2008.08.12 10:54:47.072,2.0727,2.07315,1.00,5.10
2008.08.12 10:54:48.477,2.0727,2.07315,1.00,4.10
2008.08.12 10:54:49.009,2.0727,2.0731,1.00,1.80
2008.08.12 10:54:51.247,2.07265,2.07305,3.10,2.00
2008.08.12 10:54:51.685,2.0727,2.07315,1.00,2.90
2008.08.12 10:54:51.793,2.0727,2.07315,1.00,5.60
2008.08.12 10:54:51.807,2.0727,2.07315,1.00,7.80
2008.08.12 10:54:53.667,2.0727,2.07315,1.00,6.80
2008.08.12 10:54:53.724,2.0727,2.07315,1.00,5.40
2008.08.12 10:54:53.955,2.0727,2.07315,1.00,2.70
2008.08.12 10:54:54.347,2.0727,2.0731,1.00,1.00
2008.08.12 10:54:55.421,2.07275,2.0731,1.00,1.00
2008.08.12 10:54:55.710,2.07275,2.0731,4.30,1.00
2008.08.12 10:54:55.975,2.0727,2.0731,3.60,1.00
2008.08.12 10:54:56.013,2.0727,2.0731,3.10,1.00
2008.08.12 10:54:56.331,2.0727,2.0731,3.30,1.00
2008.08.12 10:54:56.673,2.07265,2.07315,4.10,3.20
2008.08.12 10:54:57.014,2.0726,2.0731,2.50,4.80
2008.08.12 10:54:58.011,2.0726,2.0731,2.50,2.10
2008.08.12 10:54:58.751,2.0726,2.0731,2.50,4.80
2008.08.12 10:54:58.876,2.0726,2.0731,2.50,2.10
2008.08.12 10:54:59.057,2.0726,2.07315,5.60,8.90
2008.08.12 10:54:59.792,2.0726,2.07315,5.90,8.90
2008.08.12 10:55:01.680,2.07275,2.07315,1.00,6.20
2008.08.12 10:55:01.769,2.0728,2.07315,3.10,3.90
2008.08.12 10:55:01.957,2.0728,2.0731,3.10,1.80
2008.08.12 10:55:01.983,2.07275,2.0731,3.30,1.80
2008.08.12 10:55:02.527,2.07275,2.0731,3.30,1.00
2008.08.12 10:55:02.856,2.0728,2.0731,3.10,1.00
2008.08.12 10:55:04.547,2.0728,2.0731,3.30,1.00
2008.08.12 10:55:04.756,2.07285,2.0731,3.10,1.00
2008.08.12 10:55:05.156,2.07285,2.0731,4.10,1.00
2008.08.12 10:55:05.484,2.07295,2.0731,1.00,1.00
2008.08.12 10:55:05.812,2.07295,2.0731,3.10,1.00
2008.08.12 10:55:06.143,2.07285,2.0731,4.40,1.00
2008.08.12 10:55:06.429,2.07285,2.0731,3.30,1.00
2008.08.12 10:55:06.713,2.0728,2.0731,1.30,1.00
2008.08.12 10:55:09.003,2.0728,2.0731,1.00,1.00
2008.08.12 10:55:09.317,2.07275,2.0731,3.30,1.00
2008.08.12 10:55:09.620,2.0727,2.0731,1.30,1.00
2008.08.12 10:55:10.254,2.0727,2.07315,1.30,1.40
2008.08.12 10:55:10.407,2.0727,2.07315,1.00,1.40
2008.08.12 10:55:10.543,2.0727,2.073,1.00,1.00
2008.08.12 10:55:10.679,2.07265,2.073,4.40,1.00
2008.08.12 10:55:10.815,2.07265,2.073,1.30,1.00
2008.08.12 10:55:10.951,2.07265,2.073,1.00,1.00
2008.08.12 10:55:11.536,2.0726,2.073,1.30,1.00
2008.08.12 10:55:11.763,2.0726,2.073,1.00,4.80
2008.08.12 10:55:11.991,2.0726,2.07295,1.00,2.10
2008.08.12 10:55:12.764,2.07265,2.07295,1.00,2.10
2008.08.12 10:55:13.639,2.07255,2.07295,1.00,2.10
2008.08.12 10:55:13.784,2.07255,2.073,1.00,4.80
2008.08.12 10:55:14.067,2.07255,2.073,1.00,2.10
2008.08.12 10:55:14.548,2.07255,2.0729,1.00,1.00
2008.08.12 10:55:15.223,2.07255,2.07305,1.00,5.40
2008.08.12 10:55:15.421,2.07265,2.07305,1.00,5.40
2008.08.12 10:55:15.915,2.07265,2.07305,1.00,2.70
2008.08.12 10:55:16.015,2.07265,2.073,4.10,1.00
2008.08.12 10:55:16.497,2.07265,2.073,1.00,1.00
2008.08.12 10:55:17.665,2.07265,2.07305,1.00,2.70
2008.08.12 10:55:18.301,2.07265,2.073,1.00,1.00
2008.08.12 10:55:18.583,2.07265,2.0729,1.00,1.00
2008.08.12 10:55:19.008,2.0726,2.0729,1.00,1.00
2008.08.12 10:55:19.592,2.07265,2.0729,1.30,1.00
2008.08.12 10:55:19.899,2.0727,2.0729,1.40,1.00
2008.08.12 10:55:20.204,2.0727,2.0729,3.10,1.00
2008.08.12 10:55:20.508,2.07265,2.0729,3.10,1.00
2008.08.12 10:55:21.065,2.0726,2.0729,5.60,1.00
2008.08.12 10:55:21.199,2.07265,2.0729,1.00,1.00
2008.08.12 10:55:21.467,2.0727,2.0729,1.40,1.00
2008.08.12 10:55:22.287,2.0727,2.073,1.40,1.00
2008.08.12 10:55:23.576,2.07275,2.073,1.00,1.00
2008.08.12 10:55:23.873,2.07275,2.07315,1.00,2.70
2008.08.12 10:55:24.091,2.07275,2.0731,1.00,1.00
2008.08.12 10:55:24.239,2.07275,2.07315,1.00,3.20
2008.08.12 10:55:24.535,2.07275,2.07305,1.00,2.70
2008.08.12 10:55:24.683,2.0727,2.07305,1.00,2.70
2008.08.12 10:55:25.360,2.0727,2.0731,1.00,4.80
2008.08.12 10:55:25.707,2.0727,2.0731,1.00,2.70
2008.08.12 10:55:26.979,2.07275,2.0731,1.00,2.70
2008.08.12 10:55:27.424,2.07275,2.07315,1.00,5.40
2008.08.12 10:55:27.647,2.07275,2.07315,1.00,3.20
2008.08.12 10:55:28.720,2.07285,2.07315,1.00,3.20
2008.08.12 10:55:28.940,2.07275,2.07315,4.30,3.20
2008.08.12 10:55:29.279,2.0728,2.07305,1.40,2.70
2008.08.12 10:55:29.843,2.0728,2.0731,1.40,1.00
2008.08.12 10:55:30.519,2.0728,2.07315,1.40,3.20
2008.08.12 10:55:30.804,2.0728,2.0731,1.40,1.00
2008.08.12 10:55:31.500,2.0728,2.0731,2.50,1.00
2008.08.12 10:55:31.575,2.0728,2.0732,2.50,2.70
2008.08.12 10:55:31.795,2.0728,2.07325,2.50,4.10
2008.08.12 10:55:31.871,2.0728,2.07325,2.50,3.20
2008.08.12 10:55:31.947,2.0728,2.07325,1.40,3.20
2008.08.12 10:55:32.293,2.07275,2.0732,1.00,2.70
2008.08.12 10:55:32.627,2.07275,2.0732,1.00,4.80
2008.08.12 10:55:32.977,2.07275,2.0732,1.00,2.70
2008.08.12 10:55:33.476,2.0728,2.0732,1.00,2.70
2008.08.12 10:55:33.617,2.0728,2.07325,1.00,2.70
2008.08.12 10:55:33.745,2.0728,2.0732,1.00,1.00
2008.08.12 10:55:33.873,2.0728,2.0732,1.30,1.00
2008.08.12 10:55:33.999,2.0729,2.0733,1.00,4.80
2008.08.12 10:55:34.515,2.07285,2.0733,1.00,3.30
2008.08.12 10:55:34.776,2.07285,2.0733,1.00,1.00
2008.08.12 10:55:35.035,2.07285,2.07335,1.00,7.50
2008.08.12 10:55:35.298,2.07285,2.07335,1.00,5.20
2008.08.12 10:55:35.484,2.07285,2.0733,1.00,2.70
2008.08.12 10:55:35.849,2.07285,2.0732,1.00,2.70
2008.08.12 10:55:36.211,2.07285,2.0732,1.00,4.80
2008.08.12 10:55:36.375,2.07275,2.0732,1.00,4.80
2008.08.12 10:55:36.699,2.07275,2.0732,4.10,2.70
2008.08.12 10:55:37.023,2.07275,2.0732,4.10,2.70
2008.08.12 10:55:37.187,2.07275,2.07325,4.10,2.70
2008.08.12 10:55:37.864,2.07275,2.0732,1.00,2.10
2008.08.12 10:55:43.586,2.07275,2.0732,1.60,2.10
2008.08.12 10:55:43.715,2.07275,2.0732,4.80,2.10
2008.08.12 10:55:43.783,2.07285,2.0732,1.00,2.10
2008.08.12 10:55:44.043,2.07285,2.0732,1.00,4.80
2008.08.12 10:55:44.176,2.07285,2.07315,1.00,2.10
2008.08.12 10:55:44.307,2.0728,2.07315,1.00,2.10
2008.08.12 10:55:44.503,2.0728,2.0732,4.10,1.00
2008.08.12 10:55:45.180,2.0728,2.07325,1.00,2.70
2008.08.12 10:55:45.519,2.0728,2.0732,1.00,1.00
2008.08.12 10:55:45.676,2.0728,2.0732,4.10,1.40
2008.08.12 10:55:45.756,2.0728,2.0732,3.10,1.40
2008.08.12 10:55:45.911,2.0728,2.0732,3.10,2.40
2008.08.12 10:55:46.067,2.0728,2.0732,3.10,3.60
2008.08.12 10:55:46.223,2.0727,2.0732,4.10,3.60
2008.08.12 10:55:46.304,2.0727,2.0732,3.10,3.60
2008.08.12 10:55:46.383,2.0727,2.0732,3.10,5.80
2008.08.12 10:55:46.520,2.07265,2.0732,4.40,8.10
2008.08.12 10:55:46.871,2.07265,2.0732,4.40,9.40
2008.08.12 10:55:47.147,2.07265,2.0732,4.10,9.40
2008.08.12 10:55:47.696,2.07265,2.07315,1.00,2.10
2008.08.12 10:55:48.665,2.0727,2.07315,1.00,2.10
2008.08.12 10:55:49.105,2.0727,2.0732,1.00,4.80
2008.08.12 10:55:49.536,2.0727,2.07315,1.00,2.10
2008.08.12 10:55:52.427,2.07265,2.07315,4.10,2.10
2008.08.12 10:55:52.627,2.07265,2.07315,4.10,4.80
2008.08.12 10:55:52.828,2.07265,2.0731,1.00,2.10
2008.08.12 10:55:54.283,2.07265,2.07315,1.00,2.10
2008.08.12 10:55:55.532,2.07265,2.07315,1.00,4.80
2008.08.12 10:55:55.727,2.07265,2.0731,1.00,2.10
2008.08.12 10:55:56.727,2.0727,2.0731,1.00,2.10
2008.08.12 10:55:57.061,2.0727,2.07305,1.00,2.70
2008.08.12 10:55:57.720,2.0727,2.0731,1.00,2.10
2008.08.12 10:55:59.767,2.0727,2.0731,1.00,4.80
2008.08.12 10:55:59.843,2.0726,2.0731,4.10,4.80
2008.08.12 10:55:59.991,2.0726,2.0731,1.00,4.80
2008.08.12 10:56:00.307,2.0726,2.07305,1.00,2.70
2008.08.12 10:56:00.467,2.0726,2.07305,1.00,3.60
2008.08.12 10:56:00.627,2.0726,2.073,1.00,2.10
2008.08.12 10:56:00.787,2.0726,2.07295,1.00,2.10
2008.08.12 10:56:01.287,2.0726,2.073,1.00,6.00
2008.08.12 10:56:08.460,2.0726,2.073,1.00,4.80
2008.08.12 10:56:08.483,2.0725,2.073,2.50,4.80
2008.08.12 10:56:08.929,2.0725,2.073,2.50,2.10
2008.08.12 10:56:09.019,2.0725,2.073,5.90,2.10
2008.08.12 10:56:09.323,2.07255,2.073,4.10,1.00
2008.08.12 10:56:09.567,2.0727,2.07305,1.40,3.20
2008.08.12 10:56:09.812,2.0727,2.07305,1.40,2.70
2008.08.12 10:56:10.056,2.0727,2.073,1.40,1.00
2008.08.12 10:56:10.299,2.07265,2.073,3.10,1.00
2008.08.12 10:56:12.736,2.0726,2.073,4.10,1.00
2008.08.12 10:56:13.172,2.0726,2.073,3.10,1.00
2008.08.12 10:56:14.042,2.0726,2.07305,3.10,3.20
2008.08.12 10:56:14.123,2.0726,2.07305,3.10,5.20
2008.08.12 10:56:14.287,2.0725,2.073,5.60,2.10
2008.08.12 10:56:14.451,2.0726,2.073,1.00,2.10
2008.08.12 10:56:15.257,2.0726,2.07305,1.00,7.00
2008.08.12 10:56:15.802,2.0726,2.07305,1.00,9.40
2008.08.12 10:56:15.967,2.0726,2.07305,1.00,7.00
2008.08.12 10:56:18.675,2.0726,2.07305,1.00,8.30
2008.08.12 10:56:18.943,2.0726,2.07305,1.00,7.00
2008.08.12 10:56:20.227,2.0726,2.07305,1.00,8.10
2008.08.12 10:56:20.411,2.0726,2.07305,1.00,9.40
2008.08.12 10:56:23.268,2.0726,2.07305,1.00,7.00
2008.08.12 10:56:24.018,2.0726,2.07305,1.00,4.30
2008.08.12 10:56:25.335,2.07255,2.07305,1.00,2.10
2008.08.12 10:56:26.883,2.0726,2.07305,1.00,2.10
2008.08.12 10:56:27.333,2.0726,2.0731,4.10,4.80
2008.08.12 10:56:27.396,2.07265,2.0731,1.00,4.80
2008.08.12 10:56:27.943,2.07265,2.0731,1.00,2.10
2008.08.12 10:56:29.895,2.07265,2.0731,1.00,4.80
2008.08.12 10:56:32.319,2.07265,2.07305,1.00,2.70
2008.08.12 10:56:32.535,2.07265,2.07305,1.00,4.80
2008.08.12 10:56:34.319,2.07265,2.073,1.00,2.10
2008.08.12 10:56:38.865,2.0726,2.073,1.00,2.10
2008.08.12 10:56:39.399,2.0726,2.07305,1.00,5.40
2008.08.12 10:56:43.140,2.07255,2.07305,1.00,5.40
2008.08.12 10:56:43.475,2.07255,2.073,1.00,2.10
2008.08.12 10:56:44.302,2.07255,2.07305,1.00,5.40
2008.08.12 10:56:45.700,2.07255,2.073,1.00,2.70
2008.08.12 10:56:46.168,2.07255,2.073,4.30,2.70
2008.08.12 10:56:46.315,2.07255,2.073,4.80,2.70
2008.08.12 10:56:46.463,2.07255,2.073,5.90,2.70
2008.08.12 10:56:46.612,2.07265,2.073,1.00,2.70
2008.08.12 10:56:46.760,2.0727,2.07305,1.40,2.70
2008.08.12 10:56:47.103,2.0727,2.073,1.40,1.00
2008.08.12 10:56:49.427,2.0727,2.073,2.50,1.00
2008.08.12 10:56:50.072,2.0727,2.07315,2.50,2.70
2008.08.12 10:56:50.351,2.07275,2.07315,1.00,2.70
2008.08.12 10:56:54.250,2.07275,2.073,4.30,1.00
2008.08.12 10:56:54.277,2.07275,2.073,1.00,1.00
2008.08.12 10:56:56.199,2.07275,2.07315,1.00,2.70
2008.08.12 10:57:00.011,2.0728,2.07315,1.00,2.70
2008.08.12 10:57:00.220,2.0728,2.0731,1.00,1.00
2008.08.12 10:57:00.535,2.0729,2.0731,1.00,1.00
2008.08.12 10:57:00.643,2.07295,2.0731,1.00,1.00
2008.08.12 10:57:01.407,2.07295,2.0732,1.00,1.00
2008.08.12 10:57:02.787,2.0729,2.0732,1.00,1.00
2008.08.12 10:57:03.447,2.073,2.0732,1.00,1.00
2008.08.12 10:57:03.859,2.07305,2.0732,1.00,1.00
2008.08.12 10:57:04.163,2.07305,2.0731,1.00,1.00
2008.08.12 10:57:04.331,2.07305,2.0732,1.00,1.00
2008.08.12 10:57:04.487,2.073,2.0732,1.00,1.00
2008.08.12 10:57:04.643,2.0731,2.0732,1.00,1.00
2008.08.12 10:57:04.911,2.0731,2.0732,1.00,1.00
2008.08.12 10:57:06.663,2.07305,2.0732,5.50,1.00
2008.08.12 10:57:06.751,2.07305,2.0732,4.40,1.00
2008.08.12 10:57:07.016,2.0731,2.0732,1.00,1.00
2008.08.12 10:57:08.075,2.0731,2.0732,4.10,1.00
2008.08.12 10:57:08.383,2.07315,2.0733,1.00,1.00
2008.08.12 10:57:09.000,2.07315,2.0734,1.00,1.00
2008.08.12 10:57:09.390,2.07325,2.0733,1.00,1.00
2008.08.12 10:57:09.887,2.07325,2.0734,1.00,1.00
2008.08.12 10:57:11.236,2.07325,2.0734,4.10,1.00
2008.08.12 10:57:12.241,2.07325,2.0734,1.00,1.00
2008.08.12 10:57:12.765,2.07325,2.0734,1.30,1.00
2008.08.12 10:57:13.027,2.07325,2.0734,4.40,1.00
2008.08.12 10:57:14.267,2.0733,2.0734,4.10,1.00
2008.08.12 10:57:14.583,2.0733,2.0734,1.00,1.00
2008.08.12 10:57:14.691,2.07335,2.0734,1.00,1.00
2008.08.12 10:57:15.111,2.07335,2.0736,1.00,1.30
2008.08.12 10:57:15.399,2.0735,2.0737,1.00,4.80
2008.08.12 10:57:15.688,2.0735,2.0738,1.60,2.10
2008.08.12 10:57:15.976,2.0736,2.0738,1.00,1.00
2008.08.12 10:57:16.264,2.0736,2.0739,1.00,1.00
2008.08.12 10:57:18.543,2.0736,2.0739,1.60,1.00
2008.08.12 10:57:18.630,2.0737,2.0739,3.20,1.00
2008.08.12 10:57:18.715,2.07365,2.0739,4.30,1.00
2008.08.12 10:57:19.375,2.0737,2.0739,1.00,1.00
2008.08.12 10:57:20.827,2.0737,2.074,1.00,1.00
2008.08.12 10:57:21.287,2.07365,2.074,1.00,1.00
2008.08.12 10:57:21.447,2.07365,2.074,4.30,1.00
2008.08.12 10:57:22.051,2.0737,2.074,1.00,1.00
2008.08.12 10:57:22.503,2.07365,2.074,1.00,1.00
2008.08.12 10:57:23.043,2.0736,2.074,1.00,2.10
2008.08.12 10:57:23.203,2.0736,2.074,1.00,4.80
2008.08.12 10:57:23.364,2.0736,2.07395,1.00,2.10
2008.08.12 10:57:23.678,2.07355,2.07395,1.00,2.10
2008.08.12 10:57:25.373,2.07355,2.07395,1.00,4.80
2008.08.12 10:57:25.587,2.0735,2.07395,2.50,5.40
2008.08.12 10:57:25.803,2.0734,2.07385,4.10,1.30
2008.08.12 10:57:26.127,2.0734,2.0738,1.00,2.10
2008.08.12 10:57:26.324,2.0734,2.0738,1.00,4.80
2008.08.12 10:57:27.495,2.0734,2.0738,1.00,2.10
2008.08.12 10:57:27.715,2.0734,2.07385,1.00,4.80
2008.08.12 10:57:28.151,2.0734,2.07375,1.00,2.70
2008.08.12 10:57:28.347,2.0734,2.0738,1.00,2.10
2008.08.12 10:57:28.555,2.0734,2.0739,1.00,2.10
2008.08.12 10:57:28.943,2.07335,2.0739,4.40,4.30
2008.08.12 10:57:29.139,2.0734,2.0739,1.00,5.40
2008.08.12 10:57:29.335,2.07335,2.0739,4.40,5.80
2008.08.12 10:57:29.511,2.07335,2.0738,1.00,2.70
2008.08.12 10:57:30.659,2.0734,2.07385,1.00,4.80
2008.08.12 10:57:30.999,2.0734,2.07385,1.00,2.10
2008.08.12 10:57:31.487,2.0734,2.0739,1.00,2.70
2008.08.12 10:57:32.275,2.07345,2.0739,3.10,2.70
2008.08.12 10:57:32.687,2.07345,2.0739,1.00,1.00
2008.08.12 10:57:32.987,2.0734,2.0739,1.00,1.00
2008.08.12 10:57:34.119,2.0734,2.0739,1.00,3.70
2008.08.12 10:57:34.404,2.0734,2.0739,1.00,6.00
2008.08.12 10:57:34.695,2.0734,2.0739,1.00,3.30
2008.08.12 10:57:34.891,2.0734,2.0739,1.30,3.30
2008.08.12 10:57:34.991,2.0734,2.0739,4.40,1.00
2008.08.12 10:57:35.439,2.0734,2.0739,4.10,1.00
2008.08.12 10:57:35.868,2.0734,2.0739,1.00,1.00
2008.08.12 10:57:37.871,2.07335,2.0739,4.40,3.20
2008.08.12 10:57:38.860,2.0734,2.0739,3.10,3.20
2008.08.12 10:57:39.151,2.0734,2.07385,3.10,2.70
2008.08.12 10:57:39.252,2.0734,2.07385,4.10,2.70
2008.08.12 10:57:39.351,2.0734,2.07385,1.00,4.80
2008.08.12 10:57:39.554,2.0734,2.07385,1.00,2.10
2008.08.12 10:57:39.651,2.07345,2.0739,1.00,2.10
2008.08.12 10:57:39.939,2.0735,2.0739,1.00,2.10
2008.08.12 10:57:40.228,2.0736,2.07395,1.00,2.70
2008.08.12 10:57:40.517,2.0736,2.074,1.00,1.00
2008.08.12 10:57:41.319,2.0736,2.074,4.10,1.00
2008.08.12 10:57:41.743,2.07365,2.074,1.00,1.00
2008.08.12 10:57:42.087,2.07365,2.074,1.00,1.00
2008.08.12 10:57:42.347,2.07365,2.074,1.00,1.00
2008.08.12 10:57:43.377,2.07355,2.074,4.10,1.00
2008.08.12 10:57:43.536,2.07355,2.07405,4.10,3.20
2008.08.12 10:57:43.850,2.07355,2.074,1.00,2.10
2008.08.12 10:57:45.085,2.07355,2.074,1.60,2.10
2008.08.12 10:57:45.216,2.07355,2.074,4.80,2.10
2008.08.12 10:57:45.314,2.07355,2.074,1.60,2.10
2008.08.12 10:57:46.004,2.07355,2.074,4.70,1.00
2008.08.12 10:57:46.409,2.0737,2.074,3.20,1.00
2008.08.12 10:57:46.571,2.07365,2.074,3.70,1.00
2008.08.12 10:57:47.007,2.0737,2.074,3.20,1.00
2008.08.12 10:57:47.155,2.0737,2.07405,3.20,2.50
2008.08.12 10:57:47.303,2.0736,2.07405,1.40,2.50
2008.08.12 10:57:47.596,2.07355,2.07405,3.60,2.50
2008.08.12 10:57:47.919,2.0736,2.074,3.10,2.70
2008.08.12 10:57:48.243,2.0735,2.074,1.00,4.80
2008.08.12 10:57:48.567,2.0735,2.07395,1.60,2.70
2008.08.12 10:57:48.891,2.0735,2.07395,1.00,2.70
2008.08.12 10:57:49.047,2.0735,2.07395,1.00,4.80
2008.08.12 10:57:51.541,2.0735,2.0739,1.00,2.10
2008.08.12 10:57:53.482,2.0735,2.0739,1.00,2.10
2008.08.12 10:57:53.747,2.07345,2.07395,3.30,2.00
2008.08.12 10:57:53.883,2.07345,2.07385,3.30,1.30
2008.08.12 10:57:54.020,2.07345,2.07385,3.10,2.70
2008.08.12 10:57:54.155,2.07345,2.07385,3.10,6.00
2008.08.12 10:57:54.291,2.0735,2.0738,1.00,2.70
2008.08.12 10:57:54.507,2.0735,2.0738,1.00,4.70
2008.08.12 10:57:54.727,2.0735,2.0737,1.00,2.70
2008.08.12 10:57:54.939,2.0734,2.0737,1.00,4.80
2008.08.12 10:57:55.155,2.0734,2.07365,1.00,2.70
2008.08.12 10:57:55.711,2.0734,2.07365,1.00,2.10
2008.08.12 10:57:56.035,2.0733,2.07365,1.00,3.60
2008.08.12 10:57:56.360,2.07325,2.07365,2.70,2.10
2008.08.12 10:57:56.459,2.07335,2.07365,1.00,2.10
2008.08.12 10:57:56.559,2.07335,2.0737,1.00,4.80
2008.08.12 10:57:56.947,2.07335,2.0737,1.00,2.10
2008.08.12 10:57:57.048,2.07335,2.07365,1.00,2.10
2008.08.12 10:57:57.260,2.07335,2.07385,4.10,4.10
2008.08.12 10:57:57.360,2.07335,2.0738,4.10,2.70
2008.08.12 10:57:57.699,2.07335,2.0738,1.60,4.80
2008.08.12 10:57:58.040,2.0734,2.0738,1.60,4.80
2008.08.12 10:57:58.380,2.0734,2.0738,1.60,1.00
2008.08.12 10:57:58.719,2.0735,2.0738,1.00,1.00
2008.08.12 10:58:01.488,2.0735,2.0739,1.00,2.10
2008.08.12 10:58:02.159,2.0735,2.0739,1.60,2.10
2008.08.12 10:58:05.196,2.0735,2.0739,1.60,4.80
2008.08.12 10:58:06.176,2.0735,2.0739,1.60,2.10
2008.08.12 10:58:06.275,2.0735,2.07395,1.60,5.40
2008.08.12 10:58:06.388,2.0735,2.07395,1.60,2.70
2008.08.12 10:58:06.763,2.07355,2.07395,1.00,2.70
2008.08.12 10:58:06.865,2.07355,2.07395,1.00,5.40
2008.08.12 10:58:07.563,2.07355,2.07395,1.60,5.40
2008.08.12 10:58:08.072,2.07355,2.07395,1.60,3.20
2008.08.12 10:58:08.327,2.07355,2.07405,1.60,5.40
2008.08.12 10:58:09.526,2.07355,2.07405,1.00,5.40
2008.08.12 10:58:09.583,2.07365,2.07405,1.00,5.40
2008.08.12 10:58:09.699,2.0736,2.07405,1.30,5.40
2008.08.12 10:58:09.815,2.0736,2.07405,1.00,5.40
2008.08.12 10:58:09.987,2.0736,2.07405,1.00,2.70
2008.08.12 10:58:10.050,2.0736,2.074,1.00,1.00
2008.08.12 10:58:10.172,2.0736,2.074,1.60,1.00
2008.08.12 10:58:10.233,2.07365,2.074,1.00,1.00
2008.08.12 10:58:10.574,2.0736,2.07405,3.90,3.20
2008.08.12 10:58:10.913,2.07375,2.07405,1.00,5.40
2008.08.12 10:58:11.252,2.07375,2.07405,1.00,3.20
2008.08.12 10:58:11.367,2.07375,2.074,2.90,1.00
2008.08.12 10:58:11.483,2.07385,2.074,1.00,1.00
2008.08.12 10:58:11.715,2.0738,2.074,1.40,1.00
2008.08.12 10:58:11.834,2.0738,2.0741,1.20,1.00
2008.08.12 10:58:11.947,2.0738,2.0741,1.30,1.00
2008.08.12 10:58:12.063,2.0738,2.0741,4.40,1.00
2008.08.12 10:58:12.183,2.0739,2.0741,1.00,1.00
2008.08.12 10:58:12.972,2.07405,2.0741,1.00,1.00
2008.08.12 10:58:13.311,2.07385,2.0741,1.30,1.00
2008.08.12 10:58:13.651,2.07385,2.0741,3.30,1.00
2008.08.12 10:58:13.804,2.07385,2.074,3.30,1.00
2008.08.12 10:58:14.102,2.07385,2.074,4.10,1.00
2008.08.12 10:58:14.252,2.07385,2.074,1.00,1.00
2008.08.12 10:58:15.230,2.0739,2.074,1.00,1.00
2008.08.12 10:58:15.532,2.0739,2.074,4.40,1.00
2008.08.12 10:58:15.753,2.0739,2.074,3.30,1.00
2008.08.12 10:58:16.403,2.0739,2.074,4.10,1.00
2008.08.12 10:58:16.623,2.0739,2.074,1.00,1.00
2008.08.12 10:58:17.099,2.0739,2.0741,1.00,1.00
2008.08.12 10:58:17.359,2.07395,2.0742,1.00,1.00
2008.08.12 10:58:17.875,2.07385,2.0742,1.00,1.00
2008.08.12 10:58:19.367,2.07385,2.0742,4.10,1.00
2008.08.12 10:58:20.131,2.07385,2.0742,1.00,1.00
2008.08.12 10:58:21.016,2.07395,2.0742,1.00,1.00
2008.08.12 10:58:21.399,2.074,2.0742,1.00,1.00
2008.08.12 10:58:21.690,2.074,2.0743,1.00,1.00
2008.08.12 10:58:22.556,2.07405,2.0743,1.00,1.00
2008.08.12 10:58:23.735,2.0741,2.0743,1.00,1.00
2008.08.12 10:58:25.131,2.0741,2.0744,1.00,1.00
2008.08.12 10:58:27.658,2.07405,2.0744,1.60,1.00
2008.08.12 10:58:27.814,2.07405,2.0744,1.00,1.00
2008.08.12 10:58:27.951,2.07405,2.0744,1.60,1.00
2008.08.12 10:58:28.227,2.07405,2.0742,1.60,1.00
2008.08.12 10:58:28.531,2.07405,2.0743,1.00,1.00
2008.08.12 10:58:29.445,2.074,2.0743,1.00,1.00
2008.08.12 10:58:31.912,2.074,2.0742,1.00,1.00
2008.08.12 10:58:31.948,2.07405,2.0742,1.00,1.00
2008.08.12 10:58:32.220,2.07405,2.0743,1.00,1.00
2008.08.12 10:58:32.668,2.0741,2.0743,1.00,1.00
2008.08.12 10:58:33.007,2.07405,2.0743,3.30,1.00
2008.08.12 10:58:33.350,2.0741,2.0743,1.00,1.00
2008.08.12 10:58:33.491,2.07405,2.0743,3.10,1.00
2008.08.12 10:58:33.649,2.0741,2.0743,3.10,1.00
2008.08.12 10:58:33.791,2.07395,2.0743,4.40,1.00
2008.08.12 10:58:35.095,2.074,2.0743,1.00,1.00
2008.08.12 10:58:36.516,2.074,2.0743,4.10,1.00
2008.08.12 10:58:37.575,2.074,2.0745,4.10,2.10
2008.08.12 10:58:37.917,2.0742,2.0745,1.00,2.10
2008.08.12 10:58:38.268,2.0742,2.0745,1.40,2.10
2008.08.12 10:58:38.609,2.07425,2.07455,4.10,2.70
2008.08.12 10:58:39.080,2.07435,2.0744,1.00,1.00
2008.08.12 10:58:39.240,2.07425,2.0744,4.10,1.00
2008.08.12 10:58:39.417,2.07425,2.0744,7.40,1.00
2008.08.12 10:58:39.575,2.0743,2.0744,3.30,1.00
2008.08.12 10:58:40.072,2.07425,2.0745,6.60,1.00
2008.08.12 10:58:40.411,2.07425,2.0745,4.40,1.00
2008.08.12 10:58:40.751,2.07425,2.0745,5.40,1.00
2008.08.12 10:58:41.122,2.07425,2.0745,4.30,1.00
2008.08.12 10:58:42.079,2.07425,2.0745,5.40,1.00
2008.08.12 10:58:42.407,2.07425,2.0745,1.00,1.00
2008.08.12 10:58:42.735,2.0742,2.0745,1.00,1.00
2008.08.12 10:58:43.530,2.07415,2.0745,7.40,1.00
2008.08.12 10:58:43.791,2.07415,2.0745,4.10,1.80
2008.08.12 10:58:43.991,2.07415,2.07455,1.00,4.10
2008.08.12 10:58:44.387,2.07415,2.07455,1.00,2.70
2008.08.12 10:58:44.783,2.07415,2.07455,1.00,4.10
2008.08.12 10:58:44.991,2.07415,2.07455,1.00,2.70
2008.08.12 10:58:45.199,2.07415,2.0745,1.00,1.00
2008.08.12 10:58:46.116,2.07425,2.0745,1.00,1.00
2008.08.12 10:58:48.119,2.07425,2.0746,1.00,1.00
2008.08.12 10:58:48.356,2.0742,2.0746,4.40,1.00
2008.08.12 10:58:48.591,2.0742,2.0745,4.40,1.00
2008.08.12 10:58:48.827,2.0742,2.0745,3.30,1.00
2008.08.12 10:58:49.390,2.0742,2.0745,4.40,1.00
2008.08.12 10:58:50.354,2.07425,2.0745,1.00,1.00
2008.08.12 10:58:50.611,2.07425,2.0745,1.30,1.00
2008.08.12 10:58:50.871,2.07425,2.0745,4.40,1.00
2008.08.12 10:58:51.130,2.07425,2.0746,4.40,1.00
2008.08.12 10:58:52.031,2.0743,2.0746,3.10,1.00
2008.08.12 10:58:53.773,2.07425,2.0746,1.00,1.00
2008.08.12 10:58:56.639,2.0742,2.0746,4.10,1.00
2008.08.12 10:58:56.761,2.0742,2.0746,1.00,1.00
2008.08.12 10:58:57.590,2.07425,2.0746,1.00,1.00
2008.08.12 10:58:57.929,2.0743,2.0746,1.40,1.00
2008.08.12 10:58:58.269,2.07435,2.0746,3.10,1.00
2008.08.12 10:58:58.530,2.0743,2.0746,3.10,1.00
2008.08.12 10:58:59.045,2.07425,2.0746,4.40,1.00
2008.08.12 10:58:59.694,2.0743,2.0746,1.00,1.00
2008.08.12 10:58:59.894,2.0743,2.0746,3.30,1.00
2008.08.12 10:59:00.291,2.0743,2.0746,4.40,1.00
2008.08.12 10:59:00.839,2.07435,2.0746,1.00,1.00
2008.08.12 10:59:01.115,2.0744,2.0746,3.10,1.00
2008.08.12 10:59:01.593,2.07435,2.0747,1.30,1.00
2008.08.12 10:59:01.806,2.07445,2.0747,3.10,1.00
2008.08.12 10:59:02.264,2.0744,2.0747,3.10,1.00
2008.08.12 10:59:02.703,2.07435,2.0747,1.00,1.00
2008.08.12 10:59:03.043,2.0743,2.0746,3.30,1.00
2008.08.12 10:59:06.224,2.0743,2.0746,3.90,1.00
2008.08.12 10:59:06.440,2.0743,2.0746,4.90,1.00
2008.08.12 10:59:06.598,2.0743,2.0746,4.10,1.00
2008.08.12 10:59:06.915,2.0743,2.0746,1.00,1.00
2008.08.12 10:59:07.231,2.0743,2.0746,1.30,1.00
2008.08.12 10:59:07.390,2.0743,2.0747,1.30,1.00
2008.08.12 10:59:07.730,2.0743,2.0747,4.40,1.00
2008.08.12 10:59:10.455,2.0743,2.0747,3.30,2.00
2008.08.12 10:59:10.639,2.0743,2.0747,3.30,1.00
2008.08.12 10:59:10.934,2.0743,2.0747,1.00,1.00
2008.08.12 10:59:11.230,2.07425,2.0747,4.40,1.00
2008.08.12 10:59:11.527,2.07425,2.0747,1.30,1.00
2008.08.12 10:59:11.818,2.07425,2.0747,4.90,1.00
2008.08.12 10:59:11.902,2.0743,2.0747,1.00,1.00
2008.08.12 10:59:12.482,2.0743,2.0747,1.30,1.00
2008.08.12 10:59:12.646,2.0743,2.0747,4.40,1.00
2008.08.12 10:59:14.234,2.0743,2.0747,4.90,1.00
2008.08.12 10:59:14.305,2.0744,2.0747,1.00,1.00
2008.08.12 10:59:16.708,2.0744,2.0747,4.10,1.00
2008.08.12 10:59:17.024,2.0744,2.0747,1.00,1.00
2008.08.12 10:59:17.678,2.0744,2.0746,1.00,1.00
2008.08.12 10:59:17.862,2.0744,2.0747,1.00,1.00
2008.08.12 10:59:18.046,2.07445,2.0747,1.60,1.00
2008.08.12 10:59:18.231,2.07445,2.0747,1.00,1.00
2008.08.12 10:59:18.630,2.07445,2.0748,1.30,1.00
2008.08.12 10:59:18.850,2.0744,2.0747,4.10,1.00
2008.08.12 10:59:19.941,2.0744,2.0747,4.70,1.00
2008.08.12 10:59:20.069,2.07445,2.0747,1.00,1.00
2008.08.12 10:59:20.486,2.0745,2.0747,1.00,1.00
2008.08.12 10:59:21.122,2.0745,2.0747,3.30,1.00
2008.08.12 10:59:22.423,2.07445,2.0747,3.10,1.00
2008.08.12 10:59:22.566,2.07435,2.0747,4.10,1.00
2008.08.12 10:59:23.242,2.07435,2.0747,1.00,1.00
2008.08.12 10:59:25.480,2.0743,2.0747,5.60,1.00
2008.08.12 10:59:26.108,2.0743,2.0747,5.90,1.00
2008.08.12 10:59:26.443,2.0743,2.0747,4.40,1.00
2008.08.12 10:59:26.783,2.0743,2.0747,4.10,1.00
2008.08.12 10:59:26.882,2.0743,2.0747,4.40,1.00
2008.08.12 10:59:27.182,2.07435,2.0747,1.00,1.00
2008.08.12 10:59:27.628,2.07435,2.0747,1.30,1.00
2008.08.12 10:59:27.822,2.07435,2.0747,4.40,1.00
2008.08.12 10:59:29.238,2.07435,2.0747,4.40,1.80
2008.08.12 10:59:29.286,2.07435,2.0746,4.40,1.00
2008.08.12 10:59:30.446,2.07435,2.0746,4.10,1.00
2008.08.12 10:59:30.507,2.07435,2.0746,1.00,1.00
2008.08.12 10:59:32.790,2.0743,2.0746,4.40,1.00
2008.08.12 10:59:33.214,2.0743,2.0746,3.10,1.00
2008.08.12 10:59:33.647,2.07425,2.0746,4.40,1.00
2008.08.12 10:59:34.082,2.07425,2.0745,4.40,1.00
2008.08.12 10:59:34.554,2.07425,2.0746,4.40,1.00
2008.08.12 10:59:35.039,2.07425,2.0745,4.40,1.00
2008.08.12 10:59:35.423,2.07425,2.0745,4.10,1.00
2008.08.12 10:59:35.611,2.07425,2.0745,1.00,1.00
2008.08.12 10:59:36.455,2.07425,2.0746,1.00,1.00
2008.08.12 10:59:41.154,2.0743,2.0746,1.00,1.00
2008.08.12 10:59:41.783,2.07425,2.0746,3.30,1.00
2008.08.12 10:59:41.990,2.07425,2.0746,3.10,1.00
2008.08.12 10:59:42.402,2.0742,2.0746,1.00,1.00
2008.08.12 10:59:42.947,2.07425,2.0746,4.10,1.00
2008.08.12 10:59:43.622,2.07425,2.0746,4.40,1.00
2008.08.12 10:59:44.011,2.07425,2.0747,4.40,1.00
2008.08.12 10:59:44.714,2.0743,2.0747,3.10,1.00
2008.08.12 10:59:44.955,2.0743,2.0747,4.10,1.00
2008.08.12 10:59:45.326,2.0743,2.0747,1.00,1.00
2008.08.12 10:59:45.422,2.0743,2.0747,1.30,1.00
2008.08.12 10:59:45.514,2.0743,2.0747,4.40,1.00
2008.08.12 10:59:46.518,2.0743,2.0747,3.30,1.00
2008.08.12 10:59:46.722,2.0743,2.0747,3.10,1.00
2008.08.12 10:59:46.971,2.07425,2.0747,4.40,1.00
2008.08.12 10:59:47.324,2.07425,2.07465,4.40,1.30
2008.08.12 10:59:47.458,2.07425,2.07465,3.30,2.00
2008.08.12 10:59:47.527,2.07425,2.07465,3.30,2.50
2008.08.12 10:59:47.678,2.07425,2.0746,3.30,1.00
2008.08.12 10:59:48.115,2.0742,2.0746,4.10,1.00
2008.08.12 10:59:48.451,2.0742,2.0746,1.00,1.00
2008.08.12 10:59:48.791,2.0742,2.0746,4.10,1.00
2008.08.12 10:59:52.354,2.07425,2.0746,1.00,1.00
2008.08.12 10:59:54.915,2.0743,2.0746,1.00,1.00
2008.08.12 10:59:55.123,2.0743,2.07475,1.00,5.40
2008.08.12 10:59:55.142,2.0742,2.07475,4.40,7.50
2008.08.12 10:59:55.208,2.0743,2.07475,3.20,7.50
2008.08.12 10:59:55.242,2.0743,2.07475,3.20,8.90
2008.08.12 10:59:55.717,2.0743,2.07475,3.90,5.40
2008.08.12 10:59:56.390,2.0743,2.07475,3.10,5.40
2008.08.12 10:59:56.731,2.0744,2.0747,3.10,1.00
2008.08.12 10:59:58.310,2.0744,2.0747,3.30,1.00
2008.08.12 10:59:59.087,2.0744,2.0747,3.10,1.00
2008.08.12 10:59:59.254,2.0744,2.0746,3.10,1.00
2008.08.12 10:59:59.570,2.0744,2.0745,3.10,1.00
