2009.01.02 05:00:22.248,1.5715,1.5741,1.00,1.60
2009.01.02 05:00:22.649,1.57155,1.5741,3.20,1.60
2009.01.02 05:00:23.169,1.57175,1.57455,1.00,1.60
2009.01.02 05:00:23.338,1.5718,1.5746,1.00,1.60
2009.01.02 05:00:23.968,1.5719,1.57465,1.00,1.60
2009.01.02 05:00:24.418,1.5721,1.57465,1.00,1.60
2009.01.02 05:00:24.768,1.57215,1.57475,1.00,1.60
2009.01.02 05:00:25.108,1.5722,1.5748,1.00,1.60
2009.01.02 05:00:25.278,1.57225,1.5748,1.00,1.60
2009.01.02 05:00:27.767,1.57205,1.57455,4.80,1.60
2009.01.02 05:00:28.237,1.57205,1.5742,1.60,1.60
2009.01.02 05:00:28.527,1.5713,1.5741,1.00,1.60
2009.01.02 05:00:28.637,1.57125,1.5741,1.00,1.60
2009.01.02 05:00:29.027,1.5713,1.57415,1.00,1.60
2009.01.02 05:00:29.377,1.5715,1.5741,1.00,1.60
2009.01.02 05:00:30.237,1.57155,1.57415,1.00,1.60
2009.01.02 05:00:30.716,1.57145,1.574,1.00,1.60
2009.01.02 05:00:31.156,1.57135,1.5739,1.00,1.60
2009.01.02 05:00:31.556,1.5714,1.574,1.00,1.60
2009.01.02 05:00:32.316,1.5715,1.5741,1.00,1.60
2009.01.02 05:00:32.856,1.57135,1.57395,1.00,1.60
2009.01.02 05:00:47.732,1.5716,1.57415,1.00,1.60
2009.01.02 05:00:48.762,1.57155,1.5741,1.00,1.60
2009.01.02 05:00:50.902,1.57135,1.5739,4.00,1.60
2009.01.02 05:00:52.751,1.57135,1.5739,4.60,1.60
2009.01.02 05:00:53.521,1.5714,1.574,3.00,1.60
2009.01.02 05:00:53.641,1.57145,1.574,1.00,1.60
2009.01.02 05:00:54.331,1.5715,1.57405,1.00,1.60
2009.01.02 05:00:54.921,1.5715,1.5741,1.00,1.60
2009.01.02 05:00:56.180,1.5716,1.57415,1.00,1.60
2009.01.02 05:00:57.060,1.5715,1.5741,1.00,1.60
2009.01.02 05:00:57.280,1.57145,1.57405,1.00,1.60
2009.01.02 05:01:04.028,1.57135,1.5739,4.60,1.60
2009.01.02 05:01:04.248,1.57145,1.57395,1.00,1.60
2009.01.02 05:01:06.038,1.57135,1.5739,1.00,1.60
2009.01.02 05:01:06.328,1.57125,1.5738,1.00,1.60
2009.01.02 05:01:09.747,1.5712,1.57375,1.00,1.60
2009.01.02 05:01:13.906,1.5713,1.5739,1.00,1.60
2009.01.02 05:01:15.916,1.57135,1.5739,1.00,1.60
2009.01.02 05:01:16.156,1.5714,1.574,1.00,1.60
2009.01.02 05:01:40.520,1.5714,1.574,3.00,1.60
2009.01.02 05:01:45.588,1.57215,1.574,1.60,1.60
2009.01.02 05:01:58.496,1.57235,1.5739,1.60,1.60
2009.01.02 05:01:58.615,1.57235,1.57385,1.60,1.60
2009.01.02 05:01:59.005,1.57235,1.5738,1.60,1.60
2009.01.02 05:02:02.064,1.57235,1.57385,1.60,1.60
2009.01.02 05:02:02.584,1.57235,1.5739,1.60,1.60
2009.01.02 05:02:02.805,1.57225,1.574,1.60,1.60
2009.01.02 05:02:35.737,1.57225,1.57395,1.60,1.60
2009.01.02 05:02:40.105,1.57225,1.57395,1.60,3.00
2009.01.02 05:02:40.165,1.57225,1.57375,1.60,1.60
2009.01.02 05:02:40.455,1.57225,1.5738,1.60,1.60
2009.01.02 05:02:40.925,1.57225,1.5739,1.60,1.60
2009.01.02 05:02:41.335,1.57225,1.57395,1.60,1.60
2009.01.02 05:02:56.542,1.5727,1.57395,1.60,1.00
2009.01.02 05:03:10.748,1.5728,1.57395,1.60,1.00
2009.01.02 05:03:10.858,1.5728,1.57435,1.60,1.60
2009.01.02 05:03:11.488,1.5728,1.5743,1.60,1.60
2009.01.02 05:03:11.718,1.572,1.57405,1.60,1.60
2009.01.02 05:03:12.938,1.57225,1.57395,1.60,1.60
2009.01.02 05:03:31.063,1.57185,1.57395,1.60,1.60
2009.01.02 05:03:31.243,1.57185,1.57275,1.60,1.00
2009.01.02 05:03:33.562,1.57215,1.5736,1.60,1.60
2009.01.02 05:03:33.732,1.57215,1.57415,1.60,1.60
2009.01.02 05:03:39.551,1.57225,1.574,1.60,1.60
2009.01.02 05:04:05.545,1.57245,1.574,1.60,1.60
2009.01.02 05:04:05.655,1.57245,1.5741,1.60,1.60
2009.01.02 05:04:12.233,1.57235,1.5741,1.60,1.60
2009.01.02 05:04:12.793,1.57245,1.5741,1.60,1.60
2009.01.02 05:04:18.511,1.57245,1.57415,1.60,1.60
2009.01.02 05:04:19.381,1.57245,1.5741,1.60,1.60
2009.01.02 05:04:51.764,1.5726,1.5741,1.60,1.60
2009.01.02 05:04:52.284,1.5726,1.5743,1.60,1.60
2009.01.02 05:04:55.493,1.5726,1.57425,1.60,1.60
2009.01.02 05:04:59.392,1.5726,1.57445,1.60,1.60
2009.01.02 05:05:00.072,1.5726,1.5743,1.60,1.60
2009.01.02 05:05:12.479,1.5725,1.5743,1.60,1.60
2009.01.02 05:05:13.628,1.5726,1.5743,1.60,1.60
2009.01.02 05:05:16.398,1.5726,1.57425,1.60,1.60
2009.01.02 05:06:17.163,1.5726,1.5744,1.60,1.40
2009.01.02 05:06:18.273,1.5726,1.5743,1.60,1.60
2009.01.02 05:06:23.781,1.5726,1.57425,1.60,1.60
2009.01.02 05:06:24.131,1.5726,1.5743,1.60,1.60
2009.01.02 05:06:24.311,1.5726,1.57425,1.60,1.60
2009.01.02 05:06:35.759,1.5725,1.57425,1.60,1.60
2009.01.02 05:06:36.788,1.5725,1.5743,1.60,1.60
2009.01.02 05:06:38.638,1.5725,1.57425,1.60,1.60
2009.01.02 05:06:49.985,1.5725,1.5743,1.60,1.60
2009.01.02 05:06:58.193,1.57245,1.5743,1.60,1.60
2009.01.02 05:07:01.402,1.57245,1.57435,1.60,2.20
2009.01.02 05:07:02.092,1.57245,1.5743,1.60,1.00
2009.01.02 05:07:12.660,1.57235,1.5743,1.60,1.00
2009.01.02 05:07:13.570,1.57245,1.5743,1.60,1.00
2009.01.02 05:07:35.804,1.5723,1.5743,1.60,1.00
2009.01.02 05:07:49.111,1.5722,1.5743,1.60,1.00
2009.01.02 05:07:49.691,1.5723,1.5743,1.60,1.00
2009.01.02 05:08:12.655,1.5723,1.57435,1.60,2.20
2009.01.02 05:08:16.924,1.5723,1.5743,1.60,1.00
2009.01.02 05:08:19.194,1.5723,1.57435,1.60,2.20
2009.01.02 05:08:21.153,1.5723,1.5743,1.60,1.00
2009.01.02 05:08:22.823,1.5723,1.57435,1.60,2.20
2009.01.02 05:08:25.782,1.5723,1.57425,1.60,1.60
2009.01.02 05:08:25.962,1.5723,1.5741,1.60,1.60
2009.01.02 05:08:28.631,1.57235,1.5741,1.60,1.60
2009.01.02 05:08:28.751,1.57235,1.5742,1.60,1.60
2009.01.02 05:08:56.915,1.57255,1.5742,1.60,1.60
2009.01.02 05:08:57.144,1.57255,1.5743,1.60,1.60
2009.01.02 05:09:27.017,1.57265,1.57425,1.60,1.60
2009.01.02 05:09:27.297,1.57265,1.5743,1.60,1.60
2009.01.02 05:09:30.426,1.57255,1.5743,1.60,1.60
2009.01.02 05:09:30.996,1.57215,1.57425,1.60,1.60
2009.01.02 05:09:31.166,1.57215,1.5742,1.60,1.60
2009.01.02 05:09:32.646,1.57235,1.5742,1.60,1.60
2009.01.02 05:10:03.288,1.5723,1.5742,1.60,1.60
2009.01.02 05:10:03.809,1.5723,1.5741,1.60,1.60
2009.01.02 05:10:18.145,1.5723,1.57405,1.60,1.60
2009.01.02 05:11:03.244,1.5723,1.5741,1.60,1.60
2009.01.02 05:11:05.154,1.5723,1.57405,1.60,1.60
2009.01.02 05:11:05.684,1.5723,1.574,1.60,1.60
2009.01.02 05:11:08.303,1.5723,1.57405,1.60,1.60
2009.01.02 05:11:15.191,1.5723,1.5741,1.60,1.60
2009.01.02 05:11:16.062,1.5723,1.57405,1.60,1.60
2009.01.02 05:11:16.521,1.5723,1.574,1.60,1.60
2009.01.02 05:11:16.801,1.5723,1.57405,1.60,1.60
2009.01.02 05:11:32.617,1.5722,1.57405,1.60,1.60
2009.01.02 05:11:33.067,1.5723,1.57405,1.60,1.60
2009.01.02 05:12:08.508,1.5723,1.574,1.60,1.60
2009.01.02 05:12:22.605,1.5723,1.5742,1.60,1.60
2009.01.02 05:12:22.785,1.5723,1.574,1.60,1.60
2009.01.02 05:12:32.762,1.5722,1.574,1.60,1.60
2009.01.02 05:12:33.053,1.5723,1.574,1.60,1.60
2009.01.02 05:13:04.005,1.57215,1.574,1.60,1.60
2009.01.02 05:13:16.372,1.57215,1.57395,1.60,1.60
2009.01.02 05:13:22.951,1.57215,1.574,1.60,1.00
2009.01.02 05:13:23.530,1.57215,1.57395,1.60,1.60
2009.01.02 05:13:23.940,1.57215,1.57405,1.60,2.20
2009.01.02 05:13:24.120,1.57215,1.574,1.60,1.00
2009.01.02 05:13:32.778,1.57205,1.574,1.60,1.00
2009.01.02 05:13:33.188,1.57215,1.574,1.60,1.00
2009.01.02 05:13:52.123,1.57215,1.5739,1.60,1.00
2009.01.02 05:13:52.303,1.57205,1.5739,1.60,1.00
2009.01.02 05:14:05.720,1.57225,1.5739,1.60,1.00
2009.01.02 05:14:11.999,1.57235,1.57435,1.60,1.60
2009.01.02 05:14:12.179,1.57235,1.5744,1.60,1.60
2009.01.02 05:14:16.408,1.57235,1.57425,1.60,1.60
2009.01.02 05:14:20.156,1.5726,1.57425,1.60,1.60
2009.01.02 05:14:20.327,1.5726,1.57405,1.60,1.00
2009.01.02 05:14:21.526,1.57275,1.574,1.60,1.00
2009.01.02 05:14:22.287,1.5728,1.57385,1.60,1.00
2009.01.02 05:14:26.575,1.57275,1.57365,1.60,1.00
2009.01.02 05:14:30.374,1.5729,1.57405,1.60,1.00
2009.01.02 05:14:45.090,1.57275,1.5738,3.20,1.00
2009.01.02 05:14:45.320,1.57275,1.57375,1.60,1.00
2009.01.02 05:14:45.711,1.57265,1.57375,1.60,1.00
2009.01.02 05:14:47.100,1.57225,1.574,1.60,1.00
2009.01.02 05:14:56.188,1.57245,1.5739,1.60,1.00
2009.01.02 05:15:01.827,1.57235,1.5739,1.60,1.00
2009.01.02 05:15:02.107,1.57235,1.57445,1.60,1.60
2009.01.02 05:15:02.336,1.57255,1.5745,1.60,1.60
2009.01.02 05:15:04.036,1.5728,1.57435,1.60,1.60
2009.01.02 05:15:04.256,1.5728,1.5744,1.60,1.60
2009.01.02 05:15:05.626,1.57275,1.5744,1.60,1.60
2009.01.02 05:15:05.736,1.57275,1.57435,1.60,1.60
2009.01.02 05:15:08.785,1.5728,1.5744,1.60,1.60
2009.01.02 05:15:09.635,1.5728,1.57435,1.60,1.60
2009.01.02 05:15:17.823,1.5728,1.57435,1.60,2.20
2009.01.02 05:15:18.283,1.5728,1.5742,1.60,1.00
2009.01.02 05:15:18.693,1.5728,1.5741,1.60,1.00
2009.01.02 05:15:19.432,1.5728,1.57455,1.60,1.60
2009.01.02 05:15:21.222,1.57285,1.5744,1.60,1.60
2009.01.02 05:15:21.612,1.57285,1.5736,1.60,1.00
2009.01.02 05:15:23.581,1.57285,1.57335,1.60,1.00
2009.01.02 05:15:25.291,1.57305,1.5746,1.60,1.60
2009.01.02 05:15:25.631,1.57305,1.57475,1.60,3.20
2009.01.02 05:15:25.751,1.57305,1.5756,1.60,11.20
2009.01.02 05:15:29.630,1.57315,1.57535,1.60,1.60
2009.01.02 05:15:32.709,1.57315,1.5753,1.60,1.60
2009.01.02 05:15:33.169,1.57315,1.5754,1.60,11.20
2009.01.02 05:15:33.799,1.57315,1.5753,1.60,1.60
2009.01.02 05:15:34.709,1.57315,1.5754,1.60,11.20
2009.01.02 05:15:34.988,1.57315,1.57525,1.60,1.60
2009.01.02 05:15:35.389,1.57335,1.57525,1.60,1.60
2009.01.02 05:15:35.669,1.57335,1.5754,1.60,11.20
2009.01.02 05:15:35.978,1.57335,1.5754,1.60,9.60
2009.01.02 05:15:36.208,1.57335,1.5754,1.60,11.20
2009.01.02 05:15:38.218,1.57335,1.5754,1.60,9.60
2009.01.02 05:15:38.548,1.57335,1.5754,1.60,11.20
2009.01.02 05:15:39.468,1.57335,1.5754,1.60,9.60
2009.01.02 05:15:43.806,1.57335,1.5754,1.60,9.60
2009.01.02 05:15:43.976,1.57325,1.5754,1.60,9.60
2009.01.02 05:15:44.256,1.57305,1.5754,1.60,9.60
2009.01.02 05:15:44.426,1.57305,1.57535,1.60,1.60
2009.01.02 05:15:46.336,1.57305,1.5754,1.60,11.20
2009.01.02 05:15:50.345,1.57305,1.5754,1.60,9.60
2009.01.02 05:15:50.575,1.57295,1.5754,1.00,9.60
2009.01.02 05:15:51.155,1.5731,1.5754,1.60,9.60
2009.01.02 05:16:00.443,1.5731,1.5754,1.60,9.60
2009.01.02 05:16:01.022,1.5729,1.57535,1.60,1.60
2009.01.02 05:16:01.962,1.57275,1.5752,1.00,1.40
2009.01.02 05:16:02.072,1.57275,1.5752,1.00,4.60
2009.01.02 05:16:02.662,1.5723,1.57505,5.60,1.60
2009.01.02 05:16:02.902,1.57225,1.57505,1.00,1.60
2009.01.02 05:16:09.560,1.5724,1.57495,1.00,1.60
2009.01.02 05:16:09.850,1.57225,1.5748,1.00,1.60
2009.01.02 05:16:15.619,1.5723,1.5748,1.60,1.60
2009.01.02 05:16:18.908,1.57225,1.5748,1.00,1.60
2009.01.02 05:16:19.198,1.5722,1.5745,1.60,1.60
2009.01.02 05:16:28.146,1.5722,1.57435,1.60,2.20
2009.01.02 05:16:28.836,1.5722,1.5742,1.60,1.00
2009.01.02 05:16:39.603,1.5723,1.57435,1.60,1.60
2009.01.02 05:16:39.723,1.5723,1.57495,1.60,1.60
2009.01.02 05:16:45.431,1.57235,1.57495,1.00,1.60
2009.01.02 05:16:45.542,1.57245,1.57495,1.60,1.60
2009.01.02 05:16:45.881,1.57245,1.5749,1.60,1.60
2009.01.02 05:16:50.392,1.5727,1.5749,1.60,1.60
2009.01.02 05:16:50.560,1.5727,1.57505,1.60,1.60
2009.01.02 05:16:51.320,1.57285,1.57515,1.60,1.60
2009.01.02 05:16:51.950,1.57285,1.5751,1.60,1.60
2009.01.02 05:16:52.640,1.57285,1.57505,1.60,1.60
2009.01.02 05:17:43.138,1.57285,1.57515,1.60,1.60
2009.01.02 05:17:47.227,1.57285,1.5752,1.60,1.60
2009.01.02 05:17:47.757,1.57285,1.57525,1.60,1.60
2009.01.02 05:17:48.337,1.57285,1.5752,1.60,1.60
2009.01.02 05:17:52.725,1.57285,1.57515,1.60,1.60
2009.01.02 05:17:54.505,1.57285,1.5752,1.60,1.60
2009.01.02 05:17:59.914,1.57285,1.5753,1.60,1.60
2009.01.02 05:18:11.542,1.57285,1.57525,1.60,1.60
2009.01.02 05:18:11.661,1.57285,1.5752,1.60,1.60
2009.01.02 05:18:14.430,1.57285,1.57525,1.60,1.60
2009.01.02 05:18:15.060,1.57285,1.5753,1.60,1.60
2009.01.02 05:18:16.170,1.57315,1.5753,1.60,1.60
2009.01.02 05:18:16.650,1.57315,1.5754,1.60,9.60
2009.01.02 05:18:19.879,1.57325,1.5754,1.60,9.60
2009.01.02 05:18:20.099,1.57325,1.57535,1.60,1.60
2009.01.02 05:18:41.544,1.57345,1.5754,1.60,9.60
2009.01.02 05:18:47.672,1.57365,1.5754,1.60,9.60
2009.01.02 05:18:54.200,1.57395,1.5754,1.60,9.60
2009.01.02 05:18:58.639,1.57335,1.5754,1.60,9.60
2009.01.02 05:18:58.759,1.5727,1.5753,1.60,1.60
2009.01.02 05:19:01.189,1.5736,1.5754,1.60,9.60
2009.01.02 05:19:02.978,1.57375,1.5754,1.60,9.60
2009.01.02 05:19:12.106,1.57395,1.5754,1.60,9.60
2009.01.02 05:19:16.665,1.57395,1.5754,1.60,12.80
2009.01.02 05:19:16.775,1.5736,1.5754,1.60,12.80
2009.01.02 05:19:20.974,1.5737,1.5753,1.60,1.00
2009.01.02 05:19:23.163,1.5737,1.5752,1.60,1.00
2009.01.02 05:19:24.613,1.5737,1.5751,1.60,1.00
2009.01.02 05:19:25.583,1.5737,1.575,1.60,1.00
2009.01.02 05:19:29.542,1.5736,1.575,1.60,1.00
2009.01.02 05:19:45.469,1.57305,1.575,1.60,2.20
2009.01.02 05:19:48.447,1.57325,1.57545,1.60,1.60
2009.01.02 05:19:49.327,1.5733,1.5755,1.60,9.60
2009.01.02 05:20:28.668,1.5735,1.5754,1.60,9.60
2009.01.02 05:20:36.246,1.57335,1.5754,1.00,9.60
2009.01.02 05:20:36.356,1.5733,1.5754,1.60,9.60
2009.01.02 05:21:03.955,1.57262,1.57346,1.60,1.00
2009.01.02 05:21:06.255,1.57281,1.57361,1.60,2.80
2009.01.02 05:21:11.464,1.57281,1.57396,1.60,1.00
2009.01.02 05:21:12.274,1.57312,1.57392,1.60,1.00
2009.01.02 05:21:12.733,1.5732,1.57395,1.60,1.00
2009.01.02 05:21:15.042,1.57317,1.57397,1.60,1.20
2009.01.02 05:21:15.093,1.57307,1.57397,7.20,1.00
2009.01.02 05:21:20.801,1.57299,1.57394,1.60,1.20
2009.01.02 05:21:21.031,1.57299,1.57389,1.60,4.60
2009.01.02 05:21:21.320,1.573,1.5739,1.60,2.80
2009.01.02 05:21:21.601,1.57311,1.57401,1.60,1.00
2009.01.02 05:21:23.771,1.57331,1.57421,1.60,1.00
2009.01.02 05:21:24.171,1.5735,1.57445,1.60,4.60
2009.01.02 05:21:30.109,1.5736,1.57444,1.60,1.00
2009.01.02 05:21:36.188,1.57347,1.57432,1.60,1.00
2009.01.02 05:21:40.807,1.57339,1.57429,1.60,1.00
2009.01.02 05:21:40.857,1.5734,1.5743,3.40,4.80
2009.01.02 05:21:41.267,1.57337,1.57432,4.00,1.00
2009.01.02 05:21:41.887,1.57334,1.57424,1.60,1.00
2009.01.02 05:21:50.334,1.57318,1.57418,1.60,1.20
2009.01.02 05:21:50.444,1.57309,1.57409,1.60,4.60
2009.01.02 05:21:50.504,1.57303,1.57403,5.60,1.00
2009.01.02 05:21:50.614,1.57304,1.57404,1.60,1.00
2009.01.02 05:21:50.964,1.57312,1.57407,1.60,3.40
2009.01.02 05:21:51.204,1.57312,1.57412,5.60,1.00
2009.01.02 05:21:51.884,1.57306,1.57421,1.60,1.00
2009.01.02 05:21:53.804,1.57309,1.57414,1.60,1.00
2009.01.02 05:21:54.493,1.57302,1.57417,7.20,1.00
2009.01.02 05:21:54.613,1.57306,1.57411,1.60,1.00
2009.01.02 05:21:54.783,1.57314,1.57414,1.60,1.00
2009.01.02 05:21:55.633,1.57335,1.57415,1.60,1.00
2009.01.02 05:21:56.033,1.57348,1.57428,1.60,1.20
2009.01.02 05:21:56.273,1.57358,1.57438,1.60,2.80
2009.01.02 05:21:56.573,1.57367,1.57442,1.60,1.00
2009.01.02 05:21:56.923,1.57367,1.57447,1.60,3.80
2009.01.02 05:22:05.368,1.57346,1.5743,1.60,1.00
2009.01.02 05:22:11.456,1.57323,1.57403,3.40,1.00
2009.01.02 05:22:11.686,1.57301,1.57386,1.60,1.00
2009.01.02 05:22:17.475,1.57278,1.57383,1.60,1.00
2009.01.02 05:22:17.945,1.5728,1.5739,1.60,1.00
2009.01.02 05:22:18.234,1.57314,1.57414,3.40,1.00
2009.01.02 05:22:18.345,1.57348,1.57443,1.60,1.00
2009.01.02 05:22:38.720,1.57366,1.57446,1.60,1.00
2009.01.02 05:22:39.120,1.57356,1.57436,1.60,1.00
2009.01.02 05:22:40.569,1.57342,1.57427,1.60,1.20
2009.01.02 05:22:41.209,1.57338,1.57428,1.60,1.00
2009.01.02 05:22:41.489,1.5734,1.5743,1.60,1.00
2009.01.02 05:22:41.669,1.57348,1.57428,1.60,1.00
2009.01.02 05:22:44.778,1.57349,1.57429,4.80,1.00
2009.01.02 05:22:47.278,1.57339,1.57439,1.60,1.00
2009.01.02 05:23:29.794,1.57355,1.5754,1.60,9.60
2009.01.02 05:23:30.994,1.57365,1.5754,2.20,9.60
2009.01.02 05:23:31.444,1.5738,1.5754,1.00,9.60
2009.01.02 05:23:31.804,1.57385,1.5754,1.00,9.60
2009.01.02 05:23:32.213,1.574,1.5754,1.00,9.60
2009.01.02 05:23:32.614,1.5741,1.5754,1.00,9.60
2009.01.02 05:23:33.763,1.57415,1.5754,1.00,9.60
2009.01.02 05:23:34.095,1.5741,1.5754,1.00,9.60
2009.01.02 05:23:34.543,1.57415,1.5754,1.00,9.60
2009.01.02 05:23:35.103,1.5741,1.5754,1.00,9.60
2009.01.02 05:23:35.383,1.57415,1.5754,1.00,9.60
2009.01.02 05:23:36.243,1.5741,1.5754,1.00,9.60
2009.01.02 05:23:36.753,1.57415,1.5754,1.00,9.60
2009.01.02 05:23:38.302,1.5741,1.5754,1.00,9.60
2009.01.02 05:23:46.680,1.574,1.5754,1.00,9.60
2009.01.02 05:23:52.659,1.57405,1.5754,1.00,9.60
2009.01.02 05:23:52.948,1.5741,1.5754,1.00,9.60
2009.01.02 05:23:53.188,1.57415,1.5754,1.00,9.60
2009.01.02 05:24:09.425,1.5741,1.5754,1.00,9.60
2009.01.02 05:24:09.654,1.57405,1.5754,1.00,9.60
2009.01.02 05:24:13.124,1.5741,1.5754,1.00,9.60
2009.01.02 05:24:14.263,1.57415,1.5754,1.00,9.60
2009.01.02 05:24:25.611,1.5742,1.5754,1.00,9.60
2009.01.02 05:24:33.689,1.57415,1.5754,1.00,9.60
2009.01.02 05:24:41.337,1.5741,1.5754,1.00,9.60
2009.01.02 05:24:41.447,1.57405,1.5754,1.00,9.60
2009.01.02 05:24:42.886,1.57405,1.5754,2.20,9.60
2009.01.02 05:24:43.156,1.5741,1.5754,1.00,9.60
2009.01.02 05:24:43.716,1.57415,1.5754,1.00,9.60
2009.01.02 05:24:57.723,1.5741,1.5754,1.00,9.60
2009.01.02 05:24:57.844,1.57405,1.5754,2.20,9.60
2009.01.02 05:25:06.861,1.5741,1.5754,1.00,9.60
2009.01.02 05:25:07.381,1.57415,1.5754,1.00,9.60
2009.01.02 05:25:23.437,1.5741,1.5754,1.00,9.60
2009.01.02 05:25:45.391,1.57435,1.5754,1.60,9.60
2009.01.02 05:25:47.151,1.57445,1.5754,1.60,9.60
2009.01.02 05:26:15.814,1.57455,1.5754,1.60,9.60
2009.01.02 05:26:20.873,1.57475,1.5754,1.60,9.60
2009.01.02 05:26:21.153,1.5749,1.5754,1.60,9.60
2009.01.02 05:26:33.160,1.57485,1.5754,1.60,9.60
2009.01.02 05:26:34.720,1.5749,1.5754,1.60,9.60
2009.01.02 05:26:37.759,1.57475,1.5754,1.60,9.60
2009.01.02 05:26:40.288,1.5746,1.5754,1.60,9.60
2009.01.02 05:26:42.748,1.5747,1.5754,1.60,9.60
2009.01.02 05:27:12.790,1.57475,1.5754,1.60,9.60
2009.01.02 05:27:23.068,1.5747,1.5754,1.60,9.60
2009.01.02 05:27:23.298,1.5748,1.5754,1.60,9.60
2009.01.02 05:27:30.776,1.5744,1.5754,1.60,9.60
2009.01.02 05:27:33.096,1.5747,1.5754,1.60,9.60
2009.01.02 05:27:40.864,1.57435,1.5754,1.60,9.60
2009.01.02 05:27:43.223,1.5747,1.5754,1.60,9.60
2009.01.02 05:28:01.769,1.57475,1.5754,1.60,9.60
2009.01.02 05:28:05.658,1.5749,1.5754,1.60,9.60
2009.01.02 05:28:11.826,1.5748,1.5754,1.60,9.60
2009.01.02 05:28:13.896,1.5749,1.5754,1.60,9.60
2009.01.02 05:28:18.385,1.57485,1.5754,1.60,9.60
2009.01.02 05:28:21.854,1.57595,1.5769,1.60,10.40
2009.01.02 05:28:22.324,1.57595,1.5777,1.60,4.80
2009.01.02 05:28:27.592,1.57615,1.5774,1.60,5.40
2009.01.02 05:28:31.921,1.57615,1.57685,1.60,3.20
2009.01.02 05:28:34.451,1.57605,1.5776,1.60,5.40
2009.01.02 05:28:35.530,1.5761,1.5774,1.60,4.80
2009.01.02 05:28:36.860,1.5762,1.5774,1.60,4.80
2009.01.02 05:29:13.382,1.57625,1.5774,1.60,4.80
2009.01.02 05:29:13.842,1.57635,1.5777,1.60,12.00
2009.01.02 05:29:14.171,1.57635,1.5778,1.60,1.00
2009.01.02 05:29:23.599,1.57635,1.5777,1.60,1.00
2009.01.02 05:29:23.889,1.57635,1.57825,1.60,1.60
2009.01.02 05:29:24.169,1.57635,1.57835,1.60,1.60
2009.01.02 05:29:25.208,1.57575,1.57805,1.60,1.00
2009.01.02 05:29:25.318,1.57575,1.57765,1.60,1.40
2009.01.02 05:29:25.369,1.57575,1.5775,1.60,1.60
2009.01.02 05:29:29.508,1.5759,1.5774,1.60,1.60
2009.01.02 05:29:29.747,1.5759,1.57745,1.60,1.60
2009.01.02 05:29:31.987,1.57615,1.57745,1.60,1.60
2009.01.02 05:29:32.337,1.57615,1.5776,1.60,3.20
2009.01.02 05:29:32.927,1.57615,1.5783,1.60,1.60
2009.01.02 05:29:33.806,1.5763,1.57825,1.60,1.60
2009.01.02 05:29:35.076,1.5763,1.5782,1.60,1.60
2009.01.02 05:29:36.716,1.57645,1.5782,1.60,1.60
2009.01.02 05:29:36.886,1.5769,1.5782,1.60,1.60
2009.01.02 05:29:37.056,1.57715,1.5784,1.60,1.60
2009.01.02 05:29:37.566,1.57725,1.5784,1.60,3.20
2009.01.02 05:29:37.856,1.57725,1.5786,1.60,1.60
2009.01.02 05:29:38.155,1.5774,1.5787,1.60,1.60
2009.01.02 05:29:38.505,1.57745,1.5787,1.60,1.60
2009.01.02 05:29:38.745,1.57745,1.5788,1.60,3.20
2009.01.02 05:29:44.164,1.5758,1.5786,1.60,1.60
2009.01.02 05:29:44.564,1.5758,1.5785,1.60,1.60
2009.01.02 05:29:44.684,1.5758,1.57845,1.60,1.60
2009.01.02 05:29:48.393,1.57595,1.57835,1.60,1.60
2009.01.02 05:29:49.383,1.57595,1.5784,1.60,1.60
2009.01.02 05:29:50.282,1.57595,1.57835,1.60,1.60
2009.01.02 05:29:52.083,1.57595,1.57845,1.60,1.60
2009.01.02 05:29:52.302,1.57595,1.5784,1.60,1.60
2009.01.02 05:29:52.812,1.57595,1.57845,1.60,1.60
2009.01.02 05:29:53.882,1.57595,1.5784,1.60,1.60
2009.01.02 05:29:54.441,1.57595,1.57845,1.60,1.60
2009.01.02 05:29:55.771,1.57595,1.5784,1.60,1.60
2009.01.02 05:29:56.271,1.57595,1.5785,1.60,1.60
2009.01.02 05:29:56.682,1.57595,1.57855,2.20,1.60
2009.01.02 05:29:57.081,1.576,1.57855,1.00,1.60
2009.01.02 05:29:57.531,1.576,1.57855,1.00,2.20
2009.01.02 05:29:58.820,1.57595,1.57845,1.60,1.60
2009.01.02 05:30:00.250,1.57595,1.5785,1.60,1.60
2009.01.02 05:30:00.540,1.57595,1.5785,2.20,1.60
2009.01.02 05:30:01.010,1.57595,1.57855,2.20,2.20
2009.01.02 05:30:01.530,1.57605,1.5785,2.20,1.00
2009.01.02 05:30:02.110,1.5761,1.5785,1.00,1.00
2009.01.02 05:30:02.929,1.57605,1.5785,2.20,1.00
2009.01.02 05:30:04.679,1.5761,1.5785,1.00,1.00
2009.01.02 05:30:05.949,1.5759,1.57845,1.00,1.60
2009.01.02 05:30:06.229,1.57515,1.57805,1.00,1.60
2009.01.02 05:30:11.087,1.576,1.5779,1.60,1.60
2009.01.02 05:30:11.328,1.576,1.57865,1.60,1.00
2009.01.02 05:30:21.385,1.5763,1.5785,1.60,1.00
2009.01.02 05:30:21.675,1.57635,1.5785,1.00,1.00
2009.01.02 05:30:22.665,1.5763,1.5785,2.20,1.00
2009.01.02 05:30:22.885,1.5771,1.5787,1.60,1.00
2009.01.02 05:30:30.743,1.5773,1.5783,1.60,1.00
2009.01.02 05:30:39.041,1.57745,1.57815,1.60,1.00
2009.01.02 05:30:39.270,1.57745,1.57895,1.60,3.20
2009.01.02 05:30:39.441,1.57745,1.5783,1.60,1.00
2009.01.02 05:30:41.650,1.57745,1.57895,1.60,3.20
2009.01.02 05:30:42.000,1.57745,1.57895,1.60,4.80
2009.01.02 05:30:59.966,1.57745,1.57875,1.60,1.60
2009.01.02 05:31:00.555,1.57745,1.57855,1.60,1.40
2009.01.02 05:31:00.896,1.57745,1.57805,1.60,3.20
2009.01.02 05:31:01.745,1.57745,1.57875,1.60,1.60
2009.01.02 05:31:05.035,1.57735,1.57875,1.60,1.60
2009.01.02 05:31:07.364,1.577,1.57875,1.60,1.60
2009.01.02 05:31:10.423,1.5772,1.57835,1.60,1.00
2009.01.02 05:31:14.132,1.5771,1.5789,1.60,1.60
2009.01.02 05:31:20.071,1.5762,1.57875,1.60,1.60
2009.01.02 05:31:20.421,1.5757,1.57835,1.60,1.60
2009.01.02 05:31:20.841,1.5757,1.57845,1.60,1.60
2009.01.02 05:31:23.530,1.57585,1.57835,1.60,1.60
2009.01.02 05:31:24.160,1.5759,1.57845,1.00,1.60
2009.01.02 05:31:24.320,1.57595,1.57855,1.00,1.60
2009.01.02 05:31:27.999,1.576,1.57855,1.00,1.60
2009.01.02 05:31:28.449,1.5762,1.57875,1.00,1.60
2009.01.02 05:31:28.739,1.57635,1.57895,1.00,1.60
2009.01.02 05:31:28.919,1.57645,1.57905,1.00,1.60
2009.01.02 05:31:29.739,1.57645,1.57905,5.60,1.60
2009.01.02 05:31:30.269,1.5766,1.5794,1.00,1.60
2009.01.02 05:31:30.558,1.57675,1.57955,1.00,1.60
2009.01.02 05:31:30.898,1.5768,1.5796,1.00,1.60
2009.01.02 05:31:31.258,1.577,1.57975,1.00,1.60
2009.01.02 05:31:31.718,1.5769,1.5795,1.00,1.60
2009.01.02 05:31:32.738,1.57705,1.5796,1.00,1.60
2009.01.02 05:31:33.128,1.57725,1.57965,1.00,1.00
2009.01.02 05:31:33.767,1.5774,1.57965,1.00,1.00
2009.01.02 05:31:34.067,1.5761,1.57905,1.00,1.60
2009.01.02 05:31:34.707,1.57595,1.5787,4.80,1.60
2009.01.02 05:31:34.947,1.5757,1.57865,1.60,1.60
2009.01.02 05:31:40.826,1.5759,1.57845,2.20,1.60
2009.01.02 05:31:41.066,1.576,1.57855,1.00,1.60
2009.01.02 05:31:41.296,1.576,1.5786,1.00,1.60
2009.01.02 05:31:45.285,1.5759,1.5785,5.60,1.60
2009.01.02 05:31:45.575,1.5759,1.57845,1.00,1.60
2009.01.02 05:31:46.045,1.5758,1.5783,1.60,1.60
2009.01.02 05:31:49.274,1.5758,1.57835,1.60,1.60
2009.01.02 05:31:53.093,1.5758,1.57835,2.20,1.60
2009.01.02 05:31:53.323,1.5758,1.5784,2.20,1.60
2009.01.02 05:31:53.553,1.57585,1.57845,1.00,1.60
2009.01.02 05:31:56.332,1.5758,1.5784,2.20,1.60
2009.01.02 05:31:58.812,1.57585,1.5784,1.00,1.60
2009.01.02 05:31:59.451,1.57575,1.57835,2.20,1.60
2009.01.02 05:32:06.660,1.57575,1.5783,1.60,1.60
2009.01.02 05:32:07.399,1.57575,1.57825,1.60,1.60
2009.01.02 05:32:26.185,1.57575,1.5782,1.60,1.60
2009.01.02 05:32:26.915,1.57575,1.57815,1.60,1.60
2009.01.02 05:32:26.975,1.57575,1.5781,1.60,1.60
2009.01.02 05:32:30.464,1.57575,1.578,1.60,1.60
2009.01.02 05:32:30.814,1.57575,1.5778,1.60,1.60
2009.01.02 05:32:31.394,1.57575,1.57775,1.60,1.60
2009.01.02 05:32:32.134,1.57575,1.5776,1.60,1.60
2009.01.02 05:32:32.824,1.57575,1.57765,1.60,1.60
2009.01.02 05:32:33.243,1.57575,1.5777,1.60,1.60
2009.01.02 05:32:33.403,1.57575,1.57775,1.60,1.60
2009.01.02 05:32:34.283,1.57585,1.57775,1.60,1.60
2009.01.02 05:32:34.693,1.57585,1.5784,1.60,1.60
2009.01.02 05:32:35.393,1.57585,1.57845,1.60,1.60
2009.01.02 05:32:35.903,1.57585,1.57825,1.60,1.60
2009.01.02 05:32:36.522,1.57585,1.5782,1.60,1.60
2009.01.02 05:32:44.151,1.57585,1.5781,1.60,1.60
2009.01.02 05:32:45.550,1.57585,1.578,1.60,1.60
2009.01.02 05:32:46.800,1.57585,1.57805,1.60,1.60
2009.01.02 05:32:47.140,1.57585,1.5782,1.60,1.60
2009.01.02 05:32:47.240,1.57585,1.578,1.60,1.60
2009.01.02 05:32:47.820,1.57585,1.5781,1.60,1.60
2009.01.02 05:32:48.380,1.57585,1.578,1.60,1.60
2009.01.02 05:33:08.515,1.5759,1.5782,1.60,1.60
2009.01.02 05:33:42.956,1.576,1.5782,1.60,1.60
2009.01.02 05:33:43.366,1.57595,1.5782,1.60,1.60
2009.01.02 05:34:02.192,1.57595,1.57815,1.60,1.60
2009.01.02 05:34:10.340,1.57595,1.5782,1.60,1.60
2009.01.02 05:34:24.626,1.5761,1.57865,1.60,1.60
2009.01.02 05:34:42.682,1.5762,1.5785,1.60,1.60
2009.01.02 05:34:57.398,1.5762,1.57855,1.60,1.60
2009.01.02 05:34:58.888,1.5762,1.5785,1.60,1.60
2009.01.02 05:34:59.458,1.5762,1.57855,1.60,1.60
2009.01.02 05:35:04.237,1.5762,1.5785,1.60,1.60
2009.01.02 05:35:05.566,1.5762,1.57855,1.60,1.60
2009.01.02 05:35:05.867,1.5762,1.5785,1.60,1.60
2009.01.02 05:35:06.437,1.5762,1.57855,1.60,1.60
2009.01.02 05:35:06.836,1.5762,1.57865,1.60,1.60
2009.01.02 05:35:07.277,1.5762,1.5787,1.60,1.60
2009.01.02 05:35:08.036,1.5762,1.5786,1.60,1.60
2009.01.02 05:35:22.362,1.5762,1.57865,1.60,1.60
2009.01.02 05:35:26.881,1.5762,1.5787,1.60,1.60
2009.01.02 05:35:28.841,1.5762,1.57865,1.60,1.60
2009.01.02 05:35:29.081,1.5762,1.5787,1.60,1.60
2009.01.02 05:35:29.131,1.5762,1.57865,1.60,1.60
2009.01.02 05:35:29.811,1.5762,1.5786,1.60,1.60
2009.01.02 05:35:30.390,1.57615,1.57855,1.60,1.60
2009.01.02 05:35:31.610,1.57615,1.57845,1.60,1.60
2009.01.02 05:35:34.589,1.57635,1.57845,1.60,1.60
2009.01.02 05:35:40.078,1.57645,1.5785,1.60,1.60
2009.01.02 05:35:40.478,1.57645,1.57845,1.60,1.60
2009.01.02 05:35:41.068,1.57645,1.5784,1.60,1.60
2009.01.02 05:35:43.287,1.57605,1.5784,1.60,1.60
2009.01.02 05:35:46.717,1.57615,1.5785,1.60,1.60
2009.01.02 05:35:46.947,1.57605,1.57845,1.60,1.60
2009.01.02 05:35:47.507,1.57605,1.5784,1.60,1.60
2009.01.02 05:35:49.886,1.57605,1.57845,1.60,1.60
2009.01.02 05:35:55.235,1.576,1.57845,1.60,1.60
2009.01.02 05:35:55.405,1.576,1.5782,1.60,1.60
2009.01.02 05:36:18.939,1.57605,1.57805,1.60,1.60
2009.01.02 05:36:23.068,1.57605,1.57815,1.60,1.60
2009.01.02 05:36:32.745,1.5762,1.57815,1.60,1.60
2009.01.02 05:36:32.916,1.5762,1.5785,1.60,1.60
2009.01.02 05:36:46.642,1.5762,1.57835,1.60,1.60
2009.01.02 05:36:47.092,1.5762,1.57845,1.60,2.20
2009.01.02 05:36:47.392,1.5762,1.5784,1.60,1.60
2009.01.02 05:36:49.481,1.5765,1.5784,1.60,1.60
2009.01.02 05:36:50.561,1.57665,1.57845,1.60,1.60
2009.01.02 05:36:50.621,1.57665,1.5784,1.60,1.60
2009.01.02 05:36:52.461,1.57665,1.57845,1.60,1.60
2009.01.02 05:36:53.030,1.57665,1.5784,1.60,1.60
2009.01.02 05:36:55.380,1.57655,1.5784,1.60,1.60
2009.01.02 05:36:58.399,1.57655,1.57845,1.60,1.60
2009.01.02 05:36:59.009,1.57655,1.5784,1.60,1.60
2009.01.02 05:37:04.608,1.57655,1.57845,1.60,1.60
2009.01.02 05:37:06.268,1.57655,1.5784,1.60,1.60
2009.01.02 05:37:06.497,1.57655,1.57835,1.60,1.60
2009.01.02 05:37:09.386,1.57655,1.5784,1.60,1.60
2009.01.02 05:37:10.676,1.57655,1.57845,1.60,1.60
2009.01.02 05:37:19.034,1.57635,1.57845,1.60,1.60
2009.01.02 05:37:26.952,1.5763,1.57845,1.60,1.60
2009.01.02 05:37:37.980,1.5763,1.5785,1.60,1.60
2009.01.02 05:37:38.380,1.5763,1.5786,1.60,1.60
2009.01.02 05:37:38.729,1.57635,1.57865,1.60,1.60
2009.01.02 05:37:42.109,1.57635,1.5787,1.60,1.60
2009.01.02 05:37:45.098,1.57635,1.57865,1.60,1.60
2009.01.02 05:37:45.698,1.57635,1.5786,1.60,1.60
2009.01.02 05:37:46.148,1.57635,1.5785,1.60,1.60
2009.01.02 05:37:46.667,1.57725,1.57845,1.60,1.60
2009.01.02 05:37:47.127,1.57725,1.57915,1.60,3.20
2009.01.02 05:37:48.937,1.57705,1.579,1.00,3.20
2009.01.02 05:37:49.117,1.57695,1.57875,3.20,1.60
2009.01.02 05:37:49.457,1.5765,1.57875,1.60,1.60
2009.01.02 05:37:50.497,1.5765,1.57855,1.60,1.60
2009.01.02 05:37:55.125,1.57665,1.5786,1.60,1.60
2009.01.02 05:37:56.685,1.57665,1.57865,1.60,1.60
2009.01.02 05:38:00.214,1.57635,1.57855,1.60,1.60
2009.01.02 05:38:01.224,1.57635,1.5785,1.60,1.60
2009.01.02 05:38:02.754,1.57635,1.5784,1.60,1.60
2009.01.02 05:38:03.094,1.57645,1.5784,1.60,1.60
2009.01.02 05:38:03.324,1.57635,1.57835,1.60,1.60
2009.01.02 05:38:04.543,1.5763,1.57835,1.60,1.60
2009.01.02 05:38:06.153,1.5763,1.5784,1.60,1.60
2009.01.02 05:38:06.323,1.5763,1.57835,1.60,1.60
2009.01.02 05:38:08.132,1.57635,1.57835,1.60,1.60
2009.01.02 05:38:10.392,1.57635,1.5784,1.60,1.60
2009.01.02 05:38:12.471,1.57635,1.57845,1.60,1.60
2009.01.02 05:38:15.681,1.57635,1.5784,1.60,1.60
2009.01.02 05:38:16.281,1.57635,1.57845,1.60,1.60
2009.01.02 05:38:22.089,1.57635,1.5784,1.60,1.60
2009.01.02 05:38:24.479,1.5763,1.5784,1.60,1.60
2009.01.02 05:38:25.588,1.5763,1.57845,1.60,1.60
2009.01.02 05:38:31.917,1.57625,1.57825,1.60,1.60
2009.01.02 05:38:35.936,1.5763,1.57825,1.60,1.60
2009.01.02 05:38:39.705,1.5765,1.57825,1.60,1.60
2009.01.02 05:38:41.624,1.5766,1.5782,1.60,1.60
2009.01.02 05:38:43.224,1.5765,1.5782,1.60,1.60
2009.01.02 05:38:48.363,1.5765,1.57815,1.60,1.60
2009.01.02 05:38:49.943,1.5765,1.5781,1.60,1.60
2009.01.02 05:38:51.392,1.5765,1.57815,1.60,1.60
2009.01.02 05:38:51.722,1.5765,1.5782,1.60,1.60
2009.01.02 05:38:59.091,1.5763,1.5782,1.60,1.60
2009.01.02 05:39:09.158,1.57645,1.5782,1.60,1.60
2009.01.02 05:39:09.268,1.57645,1.5782,1.60,1.00
2009.01.02 05:39:10.138,1.5764,1.578,1.60,1.00
2009.01.02 05:39:10.438,1.57645,1.578,1.60,1.00
2009.01.02 05:39:10.557,1.57645,1.5779,1.60,1.00
2009.01.02 05:39:10.837,1.5765,1.578,1.60,1.00
2009.01.02 05:39:15.796,1.5768,1.57855,1.60,1.60
2009.01.02 05:39:19.116,1.577,1.5784,1.60,1.60
2009.01.02 05:39:19.235,1.577,1.57855,1.60,1.60
2009.01.02 05:39:21.015,1.577,1.5785,1.60,1.60
2009.01.02 05:39:21.245,1.577,1.57855,1.60,1.60
2009.01.02 05:39:25.094,1.577,1.5785,1.60,1.60
2009.01.02 05:39:27.343,1.577,1.57855,1.60,1.60
2009.01.02 05:39:28.903,1.577,1.5785,1.60,1.60
2009.01.02 05:39:29.013,1.577,1.57855,1.60,1.60
2009.01.02 05:39:35.651,1.577,1.5786,1.60,1.60
2009.01.02 05:39:41.150,1.577,1.57855,1.60,1.60
2009.01.02 05:39:45.999,1.57665,1.57855,1.60,1.60
2009.01.02 05:39:50.808,1.57675,1.57845,1.60,1.60
2009.01.02 05:39:55.177,1.57675,1.57855,1.60,1.60
2009.01.02 05:39:55.826,1.57705,1.57795,1.60,1.00
2009.01.02 05:40:00.515,1.57725,1.57785,1.60,1.00
2009.01.02 05:40:05.224,1.57715,1.57775,1.60,1.00
2009.01.02 05:40:15.592,1.5772,1.5779,1.60,1.00
2009.01.02 05:40:17.591,1.57725,1.57805,1.60,1.00
2009.01.02 05:40:18.001,1.57725,1.57805,1.60,1.00
2009.01.02 05:40:18.591,1.57725,1.5781,1.60,1.00
2009.01.02 05:40:18.941,1.57725,1.5782,1.60,1.00
2009.01.02 05:40:20.671,1.57725,1.5781,1.60,1.00
2009.01.02 05:40:21.071,1.57645,1.5783,1.60,1.00
2009.01.02 05:40:24.040,1.5768,1.5783,1.60,1.00
2009.01.02 05:40:29.718,1.57705,1.57895,1.60,1.60
2009.01.02 05:40:29.948,1.57705,1.579,1.60,1.60
2009.01.02 05:40:31.378,1.57655,1.5787,1.60,3.20
2009.01.02 05:40:38.656,1.57685,1.57835,1.60,1.00
2009.01.02 05:40:39.466,1.5766,1.57875,1.60,3.20
2009.01.02 05:40:40.346,1.5766,1.57865,1.60,1.00
2009.01.02 05:40:40.466,1.5767,1.5784,1.60,1.00
2009.01.02 05:40:41.165,1.5767,1.5783,1.60,1.00
2009.01.02 05:40:41.565,1.57685,1.57815,1.60,1.00
2009.01.02 05:40:53.632,1.5769,1.578,3.20,1.00
2009.01.02 05:40:53.743,1.57695,1.578,1.60,1.00
2009.01.02 05:40:55.242,1.5766,1.5782,1.60,1.00
2009.01.02 05:40:57.072,1.5769,1.578,1.60,1.00
2009.01.02 05:41:02.950,1.577,1.5781,1.60,1.00
2009.01.02 05:41:03.400,1.57705,1.5781,1.60,1.00
2009.01.02 05:41:03.510,1.57705,1.57805,1.60,1.00
2009.01.02 05:41:03.850,1.5771,1.57805,1.60,1.00
2009.01.02 05:41:04.240,1.5771,1.578,1.60,1.00
2009.01.02 05:41:04.600,1.57715,1.578,1.60,1.00
2009.01.02 05:41:05.410,1.57715,1.57795,1.60,1.00
2009.01.02 05:41:05.960,1.57725,1.5779,1.60,1.00
2009.01.02 05:41:06.350,1.57705,1.57775,1.60,1.00
2009.01.02 05:41:06.980,1.5771,1.5778,1.60,1.00
2009.01.02 05:41:08.699,1.57665,1.57745,1.60,1.00
2009.01.02 05:41:09.089,1.57655,1.5774,1.60,1.00
2009.01.02 05:41:12.918,1.57675,1.57735,1.60,1.00
2009.01.02 05:41:13.678,1.57675,1.5774,1.60,1.00
2009.01.02 05:41:14.538,1.5767,1.5773,1.60,1.00
2009.01.02 05:41:14.658,1.57675,1.57735,1.60,1.00
2009.01.02 05:41:15.817,1.57665,1.5774,1.60,1.00
2009.01.02 05:41:16.797,1.5767,1.57735,1.60,1.00
2009.01.02 05:41:17.317,1.57665,1.5773,1.60,1.00
2009.01.02 05:41:18.407,1.5767,1.57745,1.60,1.00
2009.01.02 05:41:18.527,1.5767,1.5774,1.60,1.00
2009.01.02 05:41:19.867,1.5767,1.5773,1.60,1.00
2009.01.02 05:41:21.126,1.5766,1.57735,1.60,1.00
2009.01.02 05:41:27.235,1.57665,1.5773,1.60,1.00
2009.01.02 05:41:34.713,1.5767,1.5774,1.60,1.00
2009.01.02 05:41:34.893,1.5767,1.57745,1.60,1.00
2009.01.02 05:41:35.142,1.57675,1.5774,1.60,1.00
2009.01.02 05:41:35.902,1.57675,1.57735,1.60,1.00
2009.01.02 05:41:36.192,1.57675,1.57745,1.60,1.00
2009.01.02 05:41:36.472,1.5768,1.57745,1.60,1.00
2009.01.02 05:41:37.132,1.5768,1.5774,1.60,1.00
2009.01.02 05:41:45.870,1.57685,1.57745,1.60,1.00
2009.01.02 05:41:57.287,1.5769,1.5775,1.60,1.00
2009.01.02 05:41:57.927,1.57695,1.57755,1.60,1.00
2009.01.02 05:42:01.336,1.57695,1.5775,1.60,1.00
2009.01.02 05:42:01.456,1.5766,1.57745,1.60,1.00
2009.01.02 05:42:01.856,1.5764,1.57745,1.60,1.00
2009.01.02 05:42:04.766,1.5761,1.57895,1.00,1.60
2009.01.02 05:42:05.046,1.57645,1.5783,1.60,1.00
2009.01.02 05:42:14.133,1.5765,1.579,1.60,2.40
2009.01.02 05:42:14.243,1.5764,1.5789,1.00,1.60
2009.01.02 05:42:14.473,1.5764,1.5789,1.00,3.00
2009.01.02 05:42:14.523,1.5763,1.57875,3.20,1.60
2009.01.02 05:42:14.873,1.5761,1.57875,3.20,1.60
2009.01.02 05:42:16.073,1.5761,1.57865,3.20,1.60
2009.01.02 05:42:16.893,1.5761,1.5786,3.20,1.60
2009.01.02 05:42:17.072,1.5761,1.57865,3.20,1.60
2009.01.02 05:42:17.232,1.5761,1.5786,3.20,1.60
2009.01.02 05:42:20.512,1.57635,1.5786,1.60,1.60
2009.01.02 05:42:20.801,1.57635,1.57895,1.60,2.40
2009.01.02 05:42:26.270,1.57665,1.57805,1.60,1.00
2009.01.02 05:42:35.278,1.5763,1.57905,2.20,2.40
2009.01.02 05:42:35.638,1.576,1.57885,3.20,1.60
2009.01.02 05:42:43.866,1.5761,1.57865,4.80,1.60
2009.01.02 05:42:43.986,1.5762,1.5788,1.00,1.60
2009.01.02 05:42:54.844,1.5762,1.57875,1.00,1.60
2009.01.02 05:43:31.894,1.57615,1.57875,1.00,1.60
2009.01.02 05:44:01.317,1.57645,1.57875,1.60,1.60
2009.01.02 05:44:08.715,1.57675,1.57815,1.60,1.00
2009.01.02 05:44:08.836,1.57675,1.5781,1.60,1.00
2009.01.02 05:44:09.605,1.5768,1.5781,1.60,1.00
2009.01.02 05:44:09.895,1.5768,1.57785,1.60,1.00
2009.01.02 05:44:29.581,1.5768,1.5779,1.60,1.00
2009.01.02 05:44:30.750,1.57685,1.57795,1.60,1.00
2009.01.02 05:44:31.160,1.5769,1.5779,1.60,1.00
2009.01.02 05:44:38.348,1.5769,1.57785,1.60,1.00
2009.01.02 05:44:38.528,1.5769,1.5778,1.60,1.00
2009.01.02 05:44:39.058,1.57695,1.57775,1.60,1.00
2009.01.02 05:44:46.986,1.5769,1.57775,1.60,1.00
2009.01.02 05:44:47.276,1.5769,1.5778,1.60,1.00
2009.01.02 05:44:47.866,1.5769,1.57775,1.60,1.00
2009.01.02 05:44:48.546,1.5769,1.5778,1.60,1.00
2009.01.02 05:44:49.276,1.5769,1.57775,1.60,1.00
2009.01.02 05:44:49.786,1.5769,1.5778,1.60,1.00
2009.01.02 05:44:50.416,1.5769,1.57775,1.60,1.00
2009.01.02 05:44:50.815,1.5769,1.5778,1.60,1.00
2009.01.02 05:44:51.255,1.5769,1.57775,1.60,1.00
2009.01.02 05:44:54.135,1.5769,1.5778,1.60,1.00
2009.01.02 05:44:54.665,1.5769,1.57775,1.60,1.00
2009.01.02 05:44:56.584,1.57695,1.5777,1.60,1.00
2009.01.02 05:44:57.144,1.5769,1.5775,1.60,1.00
2009.01.02 05:44:59.603,1.57685,1.5775,1.60,1.00
2009.01.02 05:45:00.474,1.5769,1.5775,1.60,1.00
2009.01.02 05:45:01.003,1.57685,1.5775,1.60,1.00
2009.01.02 05:45:01.633,1.5769,1.5775,1.60,1.00
2009.01.02 05:45:02.443,1.57685,1.5775,1.60,1.00
2009.01.02 05:45:03.942,1.5769,1.5775,1.60,1.00
2009.01.02 05:45:04.272,1.57685,1.5775,1.60,1.00
2009.01.02 05:45:05.472,1.5769,1.5775,1.60,1.00
2009.01.02 05:45:06.422,1.57685,1.5775,1.60,1.00
2009.01.02 05:45:06.542,1.57675,1.5776,1.60,1.00
2009.01.02 05:45:07.062,1.57675,1.5775,1.60,1.00
2009.01.02 05:45:07.611,1.5768,1.57755,1.60,1.00
2009.01.02 05:45:08.011,1.5768,1.5775,1.60,1.00
2009.01.02 05:45:08.181,1.57675,1.5775,1.60,1.00
2009.01.02 05:45:18.879,1.57675,1.57745,1.60,1.00
2009.01.02 05:45:20.438,1.57615,1.57725,3.20,1.00
2009.01.02 05:45:20.788,1.576,1.5779,1.60,1.00
2009.01.02 05:45:22.728,1.5761,1.57725,3.20,1.00
2009.01.02 05:45:22.968,1.57595,1.57725,1.60,1.00
2009.01.02 05:45:27.097,1.57605,1.57775,1.60,1.00
2009.01.02 05:45:27.656,1.57615,1.57775,1.60,1.00
2009.01.02 05:45:28.286,1.5762,1.57745,1.60,1.00
2009.01.02 05:45:28.526,1.57625,1.57755,1.60,1.00
2009.01.02 05:45:28.987,1.57625,1.57745,1.60,1.00
2009.01.02 05:45:29.346,1.5762,1.57735,1.60,1.00
2009.01.02 05:45:29.686,1.5762,1.57745,1.60,1.00
2009.01.02 05:45:29.796,1.5762,1.57735,1.60,1.00
2009.01.02 05:45:30.256,1.5762,1.57745,1.60,1.00
2009.01.02 05:45:31.646,1.5762,1.57735,1.60,1.00
2009.01.02 05:45:32.005,1.5762,1.57745,1.60,1.00
2009.01.02 05:45:32.725,1.5762,1.57735,1.60,1.00
2009.01.02 05:45:34.425,1.5762,1.57745,1.60,1.00
2009.01.02 05:45:35.065,1.5762,1.57735,1.60,1.00
2009.01.02 05:45:35.415,1.5762,1.57745,1.60,1.00
2009.01.02 05:45:36.065,1.5762,1.57735,1.60,1.00
2009.01.02 05:45:36.584,1.5762,1.57745,1.60,1.00
2009.01.02 05:45:37.104,1.5762,1.57735,1.60,1.00
2009.01.02 05:45:37.384,1.5762,1.57745,1.60,1.00
2009.01.02 05:45:37.954,1.5762,1.57735,1.60,1.00
2009.01.02 05:45:38.664,1.57625,1.57775,1.60,1.00
2009.01.02 05:45:39.074,1.57625,1.5776,1.60,1.00
2009.01.02 05:45:41.903,1.5762,1.57735,1.60,1.00
2009.01.02 05:45:42.023,1.5762,1.57745,1.60,1.00
2009.01.02 05:45:42.313,1.5762,1.57735,1.60,1.00
2009.01.02 05:45:44.942,1.5762,1.57745,1.60,1.00
2009.01.02 05:45:45.333,1.5762,1.57735,1.60,1.00
2009.01.02 05:45:45.972,1.5762,1.57745,1.60,1.00
2009.01.02 05:45:46.592,1.5762,1.57735,1.60,1.00
2009.01.02 05:45:47.292,1.5762,1.57745,1.60,1.00
2009.01.02 05:45:49.451,1.57625,1.5776,1.60,1.00
2009.01.02 05:45:49.781,1.5763,1.57765,1.60,1.00
2009.01.02 05:45:50.191,1.5763,1.5775,1.60,1.00
2009.01.02 05:45:50.531,1.57635,1.5776,1.60,1.00
2009.01.02 05:45:51.471,1.57635,1.5775,1.60,1.00
2009.01.02 05:45:51.811,1.5763,1.57745,1.60,1.00
2009.01.02 05:45:52.091,1.57625,1.5774,1.60,1.00
2009.01.02 05:45:53.381,1.57625,1.5775,1.60,1.00
2009.01.02 05:46:00.339,1.57645,1.5775,1.60,1.00
2009.01.02 05:46:00.459,1.57645,1.57755,1.60,1.00
2009.01.02 05:46:04.798,1.57645,1.5775,1.60,1.00
2009.01.02 05:46:06.707,1.57645,1.57755,1.60,1.00
2009.01.02 05:46:16.355,1.57645,1.5775,3.20,1.00
2009.01.02 05:46:40.339,1.57655,1.57745,1.60,1.00
2009.01.02 05:46:40.679,1.5766,1.5774,1.60,1.00
2009.01.02 05:46:54.006,1.5766,1.5776,1.60,1.00
2009.01.02 05:47:00.784,1.57665,1.57755,1.60,1.00
2009.01.02 05:47:08.442,1.57645,1.5787,1.60,2.20
2009.01.02 05:47:13.871,1.57665,1.578,1.60,1.00
2009.01.02 05:47:14.731,1.57685,1.57795,1.60,1.00
2009.01.02 05:47:18.740,1.57685,1.57815,1.60,1.00
2009.01.02 05:47:19.899,1.5769,1.57785,1.60,1.00
2009.01.02 05:47:20.189,1.57695,1.57795,1.60,1.00
2009.01.02 05:47:32.616,1.57695,1.5779,3.20,1.00
2009.01.02 05:47:34.956,1.57695,1.57785,3.20,1.00
2009.01.02 05:47:35.246,1.57695,1.5779,3.20,1.00
2009.01.02 05:47:37.935,1.57705,1.57785,1.60,1.00
2009.01.02 05:47:38.675,1.577,1.5778,1.60,1.00
2009.01.02 05:47:38.855,1.57705,1.57815,1.60,1.00
2009.01.02 05:47:39.085,1.57705,1.57865,1.60,1.00
2009.01.02 05:47:43.414,1.5773,1.57845,1.60,1.00
2009.01.02 05:47:50.482,1.577,1.57845,1.60,3.20
2009.01.02 05:47:50.602,1.5769,1.57845,4.00,3.20
2009.01.02 05:47:50.662,1.5769,1.57835,4.00,1.60
2009.01.02 05:47:51.072,1.5769,1.57835,3.20,1.60
2009.01.02 05:47:53.771,1.577,1.5785,3.20,1.00
2009.01.02 05:47:54.401,1.57735,1.57865,1.60,1.00
2009.01.02 05:47:54.631,1.57685,1.5788,3.20,1.00
2009.01.02 05:47:55.041,1.5772,1.5788,1.60,1.00
2009.01.02 05:48:04.489,1.57735,1.5788,1.60,2.20
2009.01.02 05:48:04.599,1.57735,1.5788,1.60,6.80
2009.01.02 05:48:05.009,1.57735,1.57865,1.60,1.60
2009.01.02 05:48:05.229,1.57735,1.5788,1.60,1.00
2009.01.02 05:48:10.537,1.5774,1.5788,1.60,1.00
2009.01.02 05:48:11.797,1.5776,1.5788,1.60,1.00
2009.01.02 05:48:12.837,1.57775,1.57875,1.60,1.00
2009.01.02 05:48:19.345,1.57735,1.5791,1.60,4.80
2009.01.02 05:48:19.815,1.5776,1.5791,1.00,4.80
2009.01.02 05:48:20.215,1.5777,1.5791,1.60,4.80
2009.01.02 05:48:22.374,1.5777,1.579,1.00,4.80
2009.01.02 05:48:23.204,1.57825,1.579,1.60,4.80
2009.01.02 05:48:25.004,1.5786,1.579,1.60,4.80
2009.01.02 05:48:32.952,1.5783,1.579,1.60,4.80
2009.01.02 05:48:33.722,1.57865,1.579,1.60,4.80
2009.01.02 05:48:33.932,1.57865,1.5805,1.60,1.00
2009.01.02 05:48:35.501,1.57895,1.5802,1.60,1.00
2009.01.02 05:48:36.201,1.579,1.58015,1.60,1.00
2009.01.02 05:48:36.662,1.57835,1.5803,3.20,1.00
2009.01.02 05:48:36.951,1.57835,1.57965,3.20,1.60
2009.01.02 05:48:37.521,1.57835,1.57865,3.20,1.60
2009.01.02 05:48:38.101,1.5755,1.57865,3.80,1.60
2009.01.02 05:48:38.501,1.5755,1.57855,3.20,1.60
2009.01.02 05:48:39.430,1.5758,1.57835,3.20,1.60
2009.01.02 05:48:40.030,1.5781,1.57835,3.20,1.60
2009.01.02 05:48:40.140,1.5781,1.5799,3.20,1.60
2009.01.02 05:48:42.560,1.5785,1.57965,3.20,1.60
2009.01.02 05:48:43.079,1.5785,1.58045,3.20,2.20
2009.01.02 05:48:43.899,1.5787,1.58045,3.20,2.20
2009.01.02 05:48:46.549,1.5787,1.5803,3.20,1.00
2009.01.02 05:48:55.036,1.5783,1.5803,1.00,1.00
2009.01.02 05:49:01.765,1.5782,1.57995,1.00,1.00
2009.01.02 05:49:02.235,1.5781,1.57995,3.20,1.00
2009.01.02 05:49:08.113,1.5781,1.5798,3.20,1.20
2009.01.02 05:49:09.124,1.5781,1.5797,3.20,1.00
2009.01.02 05:49:09.883,1.5779,1.5797,4.80,1.00
2009.01.02 05:49:10.003,1.5779,1.5796,4.80,1.00
2009.01.02 05:49:10.183,1.5779,1.5795,4.80,1.00
2009.01.02 05:49:10.643,1.5779,1.5794,4.80,1.00
2009.01.02 05:49:11.743,1.5779,1.5793,4.80,1.00
2009.01.02 05:49:12.033,1.5779,1.5793,1.60,1.00
2009.01.02 05:49:28.029,1.5779,1.57995,1.60,1.00
2009.01.02 05:49:28.269,1.5781,1.58045,1.60,2.20
2009.01.02 05:49:42.355,1.578,1.5803,3.80,2.20
2009.01.02 05:49:43.245,1.578,1.5799,3.20,1.60
2009.01.02 05:49:46.144,1.578,1.5801,3.20,1.60
2009.01.02 05:49:52.503,1.578,1.5804,3.20,1.60
2009.01.02 05:50:02.081,1.578,1.58025,3.20,1.60
2009.01.02 05:50:02.980,1.578,1.5802,3.20,1.60
2009.01.02 05:50:03.440,1.578,1.58035,3.20,2.20
2009.01.02 05:50:04.630,1.578,1.58035,3.20,2.40
2009.01.02 05:50:04.750,1.578,1.58015,3.20,1.60
2009.01.02 05:50:05.689,1.578,1.5801,3.20,1.60
2009.01.02 05:50:09.129,1.578,1.5804,3.20,1.60
2009.01.02 05:50:16.067,1.578,1.5803,4.80,1.60
2009.01.02 05:50:16.297,1.578,1.5803,5.40,2.20
2009.01.02 05:50:41.881,1.578,1.58005,3.80,1.00
2009.01.02 05:50:42.521,1.578,1.58005,3.20,1.00
2009.01.02 05:51:18.382,1.57825,1.5798,1.60,1.00
2009.01.02 05:51:20.512,1.57785,1.5799,3.20,1.00
2009.01.02 05:51:27.310,1.5782,1.5799,1.60,1.00
2009.01.02 05:51:27.720,1.5785,1.57975,1.60,1.00
2009.01.02 05:51:32.768,1.57875,1.57975,1.60,1.00
2009.01.02 05:51:33.109,1.57835,1.5801,1.60,1.00
2009.01.02 05:51:33.568,1.57835,1.5804,1.60,1.00
2009.01.02 05:51:44.586,1.57805,1.5803,1.00,1.00
2009.01.02 05:51:44.756,1.5779,1.5803,4.80,2.20
2009.01.02 05:51:45.835,1.5783,1.5803,1.60,2.20
2009.01.02 05:51:46.165,1.5783,1.5803,1.60,1.00
2009.01.02 05:51:47.765,1.57845,1.5803,1.60,2.20
2009.01.02 05:52:12.519,1.57845,1.58025,1.60,3.20
2009.01.02 05:52:12.799,1.5786,1.5799,1.60,1.00
2009.01.02 05:52:29.905,1.57855,1.5796,1.60,1.00
2009.01.02 05:52:30.475,1.5786,1.5799,1.60,1.00
2009.01.02 05:52:31.555,1.57845,1.58045,1.60,1.00
2009.01.02 05:52:39.482,1.57845,1.5802,1.60,1.00
2009.01.02 05:52:41.172,1.57845,1.5802,1.60,2.20
2009.01.02 05:52:42.032,1.5785,1.5802,1.60,1.00
2009.01.02 05:52:42.272,1.57865,1.58005,1.60,1.00
2009.01.02 05:52:43.731,1.5788,1.5801,1.60,1.00
2009.01.02 05:52:48.350,1.5789,1.5801,1.60,1.00
2009.01.02 05:52:52.249,1.57905,1.5803,1.60,1.00
2009.01.02 05:53:03.087,1.5794,1.5803,1.60,1.00
2009.01.02 05:53:03.147,1.5794,1.57995,1.60,1.00
2009.01.02 05:53:03.777,1.5793,1.57995,1.60,1.00
2009.01.02 05:53:04.057,1.57895,1.5813,1.60,1.60
2009.01.02 05:53:04.337,1.57895,1.58135,1.60,1.60
2009.01.02 05:53:04.637,1.57905,1.5807,1.60,1.00
2009.01.02 05:53:06.016,1.5792,1.5803,1.60,1.00
2009.01.02 05:53:06.636,1.57905,1.58105,1.60,1.60
2009.01.02 05:53:07.286,1.57895,1.58095,1.60,1.60
2009.01.02 05:53:08.156,1.57895,1.58075,1.60,1.60
2009.01.02 05:53:09.695,1.5784,1.5806,1.60,1.00
2009.01.02 05:53:11.245,1.57875,1.57985,1.60,1.00
2009.01.02 05:53:18.293,1.5787,1.5797,1.60,1.00
2009.01.02 05:53:19.113,1.57875,1.581,1.60,4.80
2009.01.02 05:53:19.583,1.57875,1.58115,1.60,1.60
2009.01.02 05:53:20.743,1.57885,1.58045,1.60,1.00
2009.01.02 05:53:22.782,1.57895,1.5799,1.60,1.00
2009.01.02 05:53:24.272,1.57875,1.58095,1.60,1.60
2009.01.02 05:53:24.902,1.57875,1.5808,1.60,4.80
2009.01.02 05:53:25.012,1.5782,1.5802,1.60,3.20
2009.01.02 05:53:34.459,1.57825,1.5799,2.40,3.20
2009.01.02 05:53:34.639,1.5783,1.5798,1.00,1.00
2009.01.02 05:53:35.119,1.5783,1.57975,1.00,3.20
2009.01.02 05:53:35.229,1.5781,1.57975,1.60,3.80
2009.01.02 05:53:38.608,1.5781,1.5797,1.60,3.20
2009.01.02 05:53:39.258,1.57805,1.5797,1.60,3.20
2009.01.02 05:53:40.648,1.57795,1.5796,1.60,3.20
2009.01.02 05:53:42.787,1.57785,1.5794,1.60,3.20
2009.01.02 05:53:42.907,1.57775,1.5794,1.60,3.20
2009.01.02 05:53:43.537,1.57775,1.57945,2.60,1.00
2009.01.02 05:53:44.297,1.5779,1.57955,1.60,3.80
2009.01.02 05:53:45.447,1.5783,1.5792,1.60,1.00
2009.01.02 05:53:46.137,1.57775,1.5797,1.60,3.80
2009.01.02 05:53:46.476,1.5776,1.57935,1.80,1.00
2009.01.02 05:53:47.006,1.57685,1.5792,4.80,1.60
2009.01.02 05:53:47.506,1.57685,1.57915,4.80,1.60
2009.01.02 05:53:47.746,1.57685,1.57855,4.80,1.00
2009.01.02 05:53:53.475,1.577,1.5782,4.80,1.00
2009.01.02 05:53:56.484,1.577,1.57815,4.80,3.20
2009.01.02 05:53:57.414,1.577,1.57815,4.80,3.80
2009.01.02 05:53:57.813,1.577,1.578,4.80,1.00
2009.01.02 05:54:03.972,1.577,1.5781,4.80,1.00
2009.01.02 05:54:04.262,1.577,1.5783,4.80,3.20
2009.01.02 05:54:07.991,1.577,1.5787,4.80,3.20
2009.01.02 05:54:09.381,1.577,1.57855,4.80,1.00
2009.01.02 05:54:09.731,1.577,1.5785,4.80,1.00
2009.01.02 05:54:09.851,1.577,1.57845,4.80,1.00
2009.01.02 05:54:10.311,1.577,1.5784,4.80,1.00
2009.01.02 05:54:11.340,1.577,1.57835,4.80,1.00
2009.01.02 05:54:15.919,1.577,1.57875,4.80,1.00
2009.01.02 05:54:17.749,1.577,1.5786,4.80,1.00
2009.01.02 05:54:26.137,1.577,1.5788,4.80,1.00
2009.01.02 05:54:26.467,1.577,1.57885,4.80,1.00
2009.01.02 05:54:26.587,1.57705,1.57925,1.60,1.60
2009.01.02 05:54:26.647,1.57705,1.5795,1.60,1.00
2009.01.02 05:54:28.736,1.57705,1.5792,1.60,3.20
2009.01.02 05:54:42.573,1.57705,1.57875,1.60,3.20
2009.01.02 05:54:58.619,1.57705,1.5783,6.40,1.00
2009.01.02 05:54:58.779,1.5772,1.5783,1.60,1.00
2009.01.02 05:55:02.548,1.5771,1.57815,1.60,1.00
2009.01.02 05:55:02.778,1.577,1.57775,5.60,1.00
2009.01.02 05:55:03.288,1.577,1.5788,4.80,4.80
2009.01.02 05:55:03.917,1.577,1.5788,4.80,3.20
2009.01.02 05:55:07.977,1.577,1.5787,4.80,3.20
2009.01.02 05:55:16.205,1.577,1.5784,4.80,1.00
2009.01.02 05:55:18.914,1.577,1.57805,4.80,1.00
2009.01.02 05:55:23.573,1.577,1.578,4.80,1.00
2009.01.02 05:55:23.973,1.577,1.57875,4.80,3.20
2009.01.02 05:55:24.153,1.577,1.57915,4.80,4.80
2009.01.02 05:55:26.172,1.577,1.579,4.80,1.60
2009.01.02 05:55:38.769,1.577,1.5791,4.80,3.20
2009.01.02 05:55:39.239,1.577,1.5793,4.80,1.60
2009.01.02 05:55:42.329,1.577,1.57935,4.80,1.60
2009.01.02 05:55:43.788,1.577,1.5792,4.80,1.60
2009.01.02 05:55:45.018,1.577,1.57915,4.80,1.60
2009.01.02 05:55:46.267,1.577,1.5792,4.80,1.60
2009.01.02 05:55:49.197,1.577,1.57905,4.80,1.60
2009.01.02 05:55:50.886,1.577,1.5791,4.80,1.60
2009.01.02 05:55:51.396,1.577,1.5792,4.80,1.60
2009.01.02 05:55:52.016,1.577,1.5793,4.80,1.60
2009.01.02 05:56:06.433,1.577,1.57915,4.80,1.60
2009.01.02 05:56:06.783,1.577,1.57905,4.80,1.60
2009.01.02 05:56:07.693,1.577,1.57915,4.80,1.60
2009.01.02 05:56:18.520,1.577,1.5791,4.80,1.60
2009.01.02 05:56:18.920,1.577,1.57915,4.80,1.60
2009.01.02 05:56:20.239,1.577,1.5791,4.80,1.60
2009.01.02 05:56:20.689,1.577,1.57915,4.80,1.60
2009.01.02 05:56:23.179,1.577,1.57905,4.80,1.60
2009.01.02 05:56:28.088,1.577,1.57925,4.80,1.60
2009.01.02 05:56:28.717,1.577,1.5792,4.80,1.60
2009.01.02 05:56:29.107,1.577,1.57915,4.80,1.60
2009.01.02 05:56:30.797,1.577,1.5793,4.80,1.60
2009.01.02 05:56:30.977,1.577,1.5788,4.80,1.60
2009.01.02 05:56:39.795,1.577,1.57835,6.40,1.00
2009.01.02 05:56:40.844,1.577,1.5783,6.40,1.00
2009.01.02 05:56:41.964,1.577,1.5782,6.40,1.00
2009.01.02 05:56:42.454,1.577,1.57815,6.40,1.00
2009.01.02 05:56:42.974,1.577,1.5782,6.40,1.00
2009.01.02 05:56:43.314,1.577,1.57815,6.40,1.00
2009.01.02 05:56:43.534,1.577,1.5782,6.40,1.00
2009.01.02 05:56:44.413,1.577,1.57825,6.40,1.00
2009.01.02 05:56:44.744,1.577,1.5782,6.40,1.00
2009.01.02 05:56:46.243,1.577,1.57815,6.40,1.00
2009.01.02 05:56:47.003,1.577,1.5782,6.40,1.00
2009.01.02 05:56:47.283,1.577,1.57815,6.40,1.00
2009.01.02 05:56:47.803,1.577,1.5782,6.40,1.00
2009.01.02 05:56:48.273,1.577,1.57815,6.40,1.00
2009.01.02 05:56:49.052,1.577,1.5782,6.40,1.00
2009.01.02 05:56:49.822,1.577,1.57815,6.40,1.00
2009.01.02 05:56:53.871,1.577,1.5781,4.80,1.00
2009.01.02 05:57:01.399,1.577,1.57795,6.40,1.00
2009.01.02 05:57:04.559,1.577,1.578,6.40,1.00
2009.01.02 05:57:05.708,1.577,1.57795,6.40,1.00
2009.01.02 05:57:07.308,1.577,1.578,6.40,1.00
2009.01.02 05:57:09.828,1.577,1.57795,6.40,1.00
2009.01.02 05:57:10.227,1.577,1.578,6.40,1.00
2009.01.02 05:57:10.797,1.577,1.57795,6.40,1.00
2009.01.02 05:57:12.587,1.577,1.5779,6.40,1.00
2009.01.02 05:57:13.047,1.577,1.57775,4.80,1.00
2009.01.02 05:57:14.266,1.577,1.57765,4.80,1.20
2009.01.02 05:57:14.446,1.577,1.57755,4.80,1.00
2009.01.02 05:57:15.356,1.577,1.578,4.80,1.00
2009.01.02 05:57:16.546,1.577,1.578,4.80,1.00
2009.01.02 05:57:16.825,1.577,1.57775,4.80,1.00
2009.01.02 05:57:17.105,1.577,1.5776,4.80,1.00
2009.01.02 05:57:24.424,1.577,1.578,4.80,1.00
2009.01.02 05:57:27.883,1.577,1.5781,4.80,1.20
2009.01.02 05:57:29.512,1.577,1.5781,4.80,1.00
2009.01.02 05:57:29.742,1.577,1.5783,4.80,1.00
2009.01.02 05:57:35.241,1.577,1.5781,4.80,1.00
2009.01.02 05:57:35.761,1.577,1.5781,4.80,1.20
2009.01.02 05:57:59.415,1.577,1.5781,4.80,1.00
2009.01.02 05:57:59.585,1.577,1.5782,4.80,1.00
2009.01.02 05:58:03.814,1.577,1.57765,4.80,1.00
2009.01.02 05:58:04.104,1.577,1.5782,4.80,1.00
2009.01.02 05:58:04.264,1.577,1.57835,4.80,1.00
2009.01.02 05:58:11.302,1.577,1.578,4.80,1.00
2009.01.02 05:58:12.512,1.577,1.57925,5.40,1.80
2009.01.02 05:58:14.632,1.577,1.57905,4.80,1.80
2009.01.02 05:58:15.042,1.577,1.57905,5.40,1.80
2009.01.02 05:58:15.603,1.577,1.5787,5.40,1.00
2009.01.02 05:58:15.942,1.57715,1.57845,1.60,1.00
2009.01.02 05:58:26.699,1.57715,1.5783,1.60,1.20
2009.01.02 05:58:26.819,1.577,1.5783,4.80,1.00
2009.01.02 05:58:39.146,1.577,1.57895,4.80,1.60
2009.01.02 05:58:39.716,1.57705,1.57905,1.00,1.00
2009.01.02 05:58:40.116,1.57705,1.5788,1.00,1.00
2009.01.02 05:58:40.685,1.577,1.57865,4.80,1.00
2009.01.02 05:58:40.906,1.577,1.57865,4.80,1.60
2009.01.02 05:58:41.385,1.577,1.5785,4.80,1.60
2009.01.02 05:58:44.934,1.577,1.57855,4.80,1.60
2009.01.02 05:58:50.673,1.577,1.57835,4.80,1.00
2009.01.02 05:58:50.793,1.577,1.57835,4.80,1.80
2009.01.02 05:58:51.583,1.577,1.57825,4.80,1.00
2009.01.02 05:58:56.791,1.577,1.5782,4.80,1.80
2009.01.02 05:58:57.211,1.577,1.5782,4.80,1.00
2009.01.02 05:58:59.371,1.577,1.57795,4.80,1.00
2009.01.02 05:59:10.378,1.577,1.5779,4.80,1.00
2009.01.02 05:59:10.608,1.577,1.57805,4.80,1.00
2009.01.02 05:59:13.768,1.57715,1.5779,1.60,1.00
2009.01.02 05:59:15.737,1.5772,1.5778,1.60,1.00
2009.01.02 05:59:19.436,1.57715,1.5778,1.60,1.00
2009.01.02 05:59:20.296,1.5771,1.5779,1.60,1.00
2009.01.02 05:59:20.746,1.57705,1.5779,1.60,1.00
2009.01.02 05:59:21.096,1.577,1.5779,4.80,1.00
2009.01.02 05:59:21.556,1.577,1.57805,4.80,1.00
2009.01.02 05:59:30.184,1.577,1.5778,4.80,1.00
2009.01.02 05:59:30.244,1.577,1.57775,4.80,1.00
2009.01.02 05:59:30.643,1.577,1.5777,4.80,1.00
2009.01.02 05:59:30.703,1.577,1.5776,4.80,1.00
2009.01.02 05:59:30.933,1.577,1.57755,4.80,1.00
2009.01.02 05:59:31.383,1.577,1.5775,4.80,1.00
2009.01.02 05:59:31.663,1.577,1.57735,4.80,1.00
2009.01.02 05:59:41.511,1.577,1.57755,4.80,1.00
2009.01.02 05:59:45.480,1.577,1.5775,4.80,1.00
2009.01.02 05:59:46.569,1.577,1.57745,4.80,1.00
2009.01.02 05:59:49.999,1.577,1.57755,4.80,1.00
