2012.02.16 09:00:00.437,1.45523,1.4554,1.50,4.88
2012.02.16 09:00:00.660,1.45533,1.4554,1.50,1.13
2012.02.16 09:00:01.148,1.45533,1.4555,1.50,1.50
2012.02.16 09:00:01.366,1.45531,1.45552,1.50,5.93
2012.02.16 09:00:02.474,1.4553,1.45552,1.50,4.50
2012.02.16 09:00:02.630,1.45527,1.45549,1.88,1.43
2012.02.16 09:00:02.711,1.45524,1.45541,1.13,4.50
2012.02.16 09:00:02.855,1.45522,1.45541,1.50,6.30
2012.02.16 09:00:03.539,1.45521,1.45541,1.50,6.30
2012.02.16 09:00:04.428,1.45522,1.45541,1.50,6.30
2012.02.16 09:00:05.511,1.45521,1.45541,1.50,6.30
2012.02.16 09:00:06.046,1.45522,1.45541,1.50,6.30
2012.02.16 09:00:06.250,1.45525,1.45541,1.50,6.30
2012.02.16 09:00:06.715,1.45528,1.45541,1.50,4.88
2012.02.16 09:00:06.984,1.45528,1.45546,1.50,2.18
2012.02.16 09:00:07.055,1.4553,1.45546,1.50,2.18
2012.02.16 09:00:07.208,1.45534,1.4556,1.50,2.18
2012.02.16 09:00:07.752,1.45538,1.45566,1.50,2.93
2012.02.16 09:00:07.835,1.45544,1.45571,2.63,2.93
2012.02.16 09:00:08.182,1.45547,1.45572,1.50,1.13
2012.02.16 09:00:08.538,1.45551,1.45572,1.50,1.13
2012.02.16 09:00:08.911,1.45553,1.45572,1.50,1.13
2012.02.16 09:00:09.042,1.4555,1.45572,1.50,1.13
2012.02.16 09:00:09.747,1.45549,1.45572,1.50,1.13
2012.02.16 09:00:09.844,1.45551,1.45572,1.50,1.13
2012.02.16 09:00:13.370,1.45558,1.4558,4.50,2.18
2012.02.16 09:00:13.517,1.45558,1.45581,4.50,1.50
2012.02.16 09:00:13.606,1.45558,1.45585,6.00,1.50
2012.02.16 09:00:13.701,1.45556,1.45587,1.50,2.25
2012.02.16 09:00:13.857,1.45556,1.45576,1.50,1.43
2012.02.16 09:00:14.073,1.45552,1.45582,1.50,3.68
2012.02.16 09:00:14.153,1.45548,1.45579,1.50,1.50
2012.02.16 09:00:14.621,1.45552,1.45582,1.50,3.68
2012.02.16 09:00:15.175,1.45551,1.45581,3.00,1.50
2012.02.16 09:00:15.525,1.45553,1.45582,1.50,1.50
2012.02.16 09:00:15.673,1.45551,1.45581,1.50,1.50
2012.02.16 09:00:15.872,1.45553,1.45581,1.50,1.50
2012.02.16 09:00:16.793,1.4555,1.45581,1.50,1.50
2012.02.16 09:00:16.982,1.45552,1.45582,1.50,1.50
2012.02.16 09:00:17.369,1.45554,1.45583,1.50,2.62
2012.02.16 09:00:17.714,1.45554,1.45581,2.25,5.93
2012.02.16 09:00:18.044,1.45553,1.45577,4.88,2.18
2012.02.16 09:00:18.675,1.45553,1.45575,4.88,2.18
2012.02.16 09:00:18.791,1.45547,1.45578,1.50,2.25
2012.02.16 09:00:18.934,1.4555,1.45578,1.50,2.18
2012.02.16 09:00:19.545,1.4555,1.45568,1.50,4.50
2012.02.16 09:00:19.626,1.45548,1.45568,1.50,4.50
2012.02.16 09:00:19.962,1.45545,1.45568,1.50,4.50
2012.02.16 09:00:20.573,1.4555,1.45572,4.50,1.13
2012.02.16 09:00:20.652,1.4555,1.45577,4.88,3.00
2012.02.16 09:00:21.127,1.4555,1.45575,4.88,2.18
2012.02.16 09:00:21.745,1.4555,1.45575,4.88,4.43
2012.02.16 09:00:22.447,1.45542,1.45567,3.38,2.25
2012.02.16 09:00:24.827,1.45547,1.45567,1.50,1.13
2012.02.16 09:00:25.325,1.45546,1.45567,1.50,1.13
2012.02.16 09:00:25.929,1.4554,1.45567,6.38,1.13
2012.02.16 09:00:26.366,1.4554,1.45564,4.50,1.50
2012.02.16 09:00:26.867,1.4554,1.45566,4.50,2.25
2012.02.16 09:00:27.574,1.4554,1.45565,4.50,1.50
2012.02.16 09:00:27.725,1.4554,1.45565,4.50,2.25
2012.02.16 09:00:28.421,1.4554,1.45565,4.50,2.18
2012.02.16 09:00:29.196,1.45536,1.45564,6.38,4.88
2012.02.16 09:00:30.237,1.45536,1.45562,4.88,1.50
2012.02.16 09:00:30.455,1.45533,1.45563,1.88,1.50
2012.02.16 09:00:31.292,1.45543,1.45565,4.50,2.25
2012.02.16 09:00:31.713,1.45543,1.45567,4.50,2.18
2012.02.16 09:00:32.090,1.4554,1.45569,1.88,3.68
2012.02.16 09:00:32.174,1.4554,1.45569,1.50,3.68
2012.02.16 09:00:32.653,1.45542,1.45569,4.50,3.68
2012.02.16 09:00:34.277,1.45543,1.45564,2.25,1.43
2012.02.16 09:00:35.818,1.4555,1.45564,1.50,1.43
2012.02.16 09:00:36.103,1.45549,1.4557,1.50,2.18
2012.02.16 09:00:36.244,1.45549,1.45568,1.50,1.43
2012.02.16 09:00:36.452,1.45546,1.45568,1.50,1.43
2012.02.16 09:00:37.350,1.45542,1.45568,4.88,1.43
2012.02.16 09:00:37.636,1.45546,1.4557,1.50,1.50
2012.02.16 09:00:37.977,1.4555,1.4557,1.50,1.50
2012.02.16 09:00:38.342,1.45552,1.45572,1.50,4.88
2012.02.16 09:00:39.114,1.4555,1.45572,1.50,4.88
2012.02.16 09:00:40.012,1.45551,1.45572,1.50,4.88
2012.02.16 09:00:40.553,1.4555,1.45572,1.50,4.88
2012.02.16 09:00:41.267,1.45548,1.45572,1.50,4.88
2012.02.16 09:00:41.507,1.4555,1.45572,1.50,4.88
2012.02.16 09:00:41.818,1.45554,1.45573,4.50,1.13
2012.02.16 09:00:42.431,1.45554,1.45577,4.88,1.13
2012.02.16 09:00:42.782,1.45554,1.45573,4.88,2.25
2012.02.16 09:00:43.301,1.45547,1.45574,2.25,1.50
2012.02.16 09:00:43.740,1.45551,1.45573,1.13,2.25
2012.02.16 09:00:44.680,1.45551,1.45567,1.13,1.50
2012.02.16 09:00:44.768,1.45551,1.45571,1.13,2.25
2012.02.16 09:00:45.258,1.45551,1.45572,1.13,2.25
2012.02.16 09:00:51.021,1.45551,1.45573,1.13,2.25
2012.02.16 09:00:52.758,1.45551,1.45577,1.13,3.00
2012.02.16 09:00:53.344,1.45551,1.45577,1.13,1.50
2012.02.16 09:00:53.814,1.45551,1.45577,1.13,1.50
2012.02.16 09:00:53.935,1.45551,1.45574,1.13,2.63
2012.02.16 09:00:55.060,1.45551,1.45571,1.13,1.50
2012.02.16 09:00:55.797,1.45551,1.45569,1.13,3.00
2012.02.16 09:00:56.692,1.45551,1.4557,1.13,1.50
2012.02.16 09:00:57.249,1.45551,1.45571,1.13,2.63
2012.02.16 09:00:58.022,1.45551,1.4557,1.13,1.50
2012.02.16 09:00:58.099,1.45551,1.45573,1.13,1.13
2012.02.16 09:00:59.784,1.45551,1.45571,1.13,1.50
2012.02.16 09:01:00.830,1.45534,1.45556,1.50,1.13
2012.02.16 09:01:01.042,1.45538,1.45556,1.50,1.13
2012.02.16 09:01:01.254,1.45534,1.45556,2.33,1.13
2012.02.16 09:01:01.599,1.45531,1.45556,2.25,1.13
2012.02.16 09:01:01.680,1.45529,1.45556,3.87,1.13
2012.02.16 09:01:02.499,1.4553,1.45549,1.50,1.43
2012.02.16 09:01:02.736,1.45521,1.45544,2.25,4.88
2012.02.16 09:01:03.376,1.4552,1.45544,3.00,4.88
2012.02.16 09:01:04.168,1.45511,1.4553,1.43,1.50
2012.02.16 09:01:04.399,1.45511,1.45532,1.43,1.50
2012.02.16 09:01:04.476,1.45504,1.45532,2.93,1.50
2012.02.16 09:01:04.705,1.45504,1.45524,2.63,1.43
2012.02.16 09:01:04.847,1.45504,1.45532,1.88,3.00
2012.02.16 09:01:05.066,1.45504,1.45534,1.88,1.50
2012.02.16 09:01:05.547,1.45528,1.45534,4.50,1.50
2012.02.16 09:01:05.652,1.45519,1.45537,2.18,1.50
2012.02.16 09:01:05.743,1.45519,1.45544,2.25,2.54
2012.02.16 09:01:05.827,1.45518,1.45548,2.25,1.50
2012.02.16 09:01:05.987,1.45518,1.45548,1.50,2.25
2012.02.16 09:01:06.346,1.45517,1.45546,1.69,1.50
2012.02.16 09:01:07.127,1.45519,1.45548,1.50,1.50
2012.02.16 09:01:07.697,1.45518,1.45547,1.69,1.50
2012.02.16 09:01:07.773,1.45518,1.45549,1.69,1.50
2012.02.16 09:01:08.491,1.45518,1.45549,2.07,1.50
2012.02.16 09:01:09.207,1.45521,1.45549,1.50,1.50
2012.02.16 09:01:09.623,1.45519,1.4555,1.88,2.93
2012.02.16 09:01:10.094,1.45521,1.4554,1.50,1.43
2012.02.16 09:01:10.345,1.45512,1.45543,2.63,1.50
2012.02.16 09:01:10.429,1.45516,1.45542,1.13,4.50
2012.02.16 09:01:11.095,1.45516,1.4554,1.13,2.25
2012.02.16 09:01:11.248,1.45511,1.45542,2.25,1.88
2012.02.16 09:01:11.323,1.45513,1.45542,1.65,1.88
2012.02.16 09:01:12.125,1.45512,1.45541,3.53,1.50
2012.02.16 09:01:12.918,1.45515,1.45541,4.88,1.50
2012.02.16 09:01:13.424,1.45515,1.45542,4.88,1.50
2012.02.16 09:01:13.780,1.4552,1.45545,1.50,4.88
2012.02.16 09:01:13.923,1.45519,1.45548,1.50,2.63
2012.02.16 09:01:14.197,1.45518,1.45549,2.25,1.50
2012.02.16 09:01:14.846,1.4552,1.45549,1.50,1.50
2012.02.16 09:01:15.395,1.45519,1.45547,2.25,1.50
2012.02.16 09:01:17.283,1.4552,1.45548,1.50,1.50
2012.02.16 09:01:19.821,1.45518,1.45548,2.82,1.50
2012.02.16 09:01:19.966,1.45519,1.45549,2.25,1.50
2012.02.16 09:01:21.410,1.45518,1.45546,1.32,1.50
2012.02.16 09:01:23.163,1.45518,1.45548,2.82,3.00
2012.02.16 09:01:25.153,1.45518,1.45547,1.32,1.50
2012.02.16 09:01:25.791,1.4552,1.45548,1.50,1.50
2012.02.16 09:01:26.407,1.45519,1.45547,2.25,1.50
2012.02.16 09:01:27.280,1.45518,1.45548,2.82,3.00
2012.02.16 09:01:28.120,1.45518,1.45546,1.32,1.50
2012.02.16 09:01:28.795,1.45516,1.45547,2.44,1.50
2012.02.16 09:01:29.283,1.45517,1.45545,2.44,1.50
2012.02.16 09:01:30.545,1.45513,1.45544,3.08,1.50
2012.02.16 09:01:30.659,1.45518,1.45542,1.35,1.50
2012.02.16 09:01:31.004,1.45519,1.4554,1.20,1.50
2012.02.16 09:01:31.147,1.45514,1.45543,1.58,1.50
2012.02.16 09:01:31.932,1.45514,1.45544,1.58,1.50
2012.02.16 09:01:32.077,1.45514,1.45542,3.08,1.50
2012.02.16 09:01:32.805,1.45515,1.45544,1.50,2.20
2012.02.16 09:01:32.886,1.45518,1.45546,1.50,1.15
2012.02.16 09:01:32.966,1.45518,1.45549,2.25,2.33
2012.02.16 09:01:33.385,1.45518,1.45549,2.25,1.50
2012.02.16 09:01:33.803,1.45519,1.45547,1.50,1.50
2012.02.16 09:01:34.590,1.45517,1.45547,2.44,1.50
2012.02.16 09:01:34.925,1.45515,1.45544,2.63,1.50
2012.02.16 09:01:35.474,1.45515,1.45545,1.13,1.50
2012.02.16 09:01:35.821,1.45518,1.45546,1.50,1.50
2012.02.16 09:01:36.029,1.45516,1.45546,1.50,1.50
2012.02.16 09:01:36.632,1.45517,1.45547,1.50,1.50
2012.02.16 09:01:37.142,1.45517,1.45545,1.50,1.50
2012.02.16 09:01:37.415,1.45514,1.45543,2.25,1.50
2012.02.16 09:01:37.554,1.45512,1.45543,1.88,2.25
2012.02.16 09:01:40.130,1.45514,1.45542,1.50,2.25
2012.02.16 09:01:40.541,1.45511,1.45541,1.88,1.50
2012.02.16 09:01:42.796,1.4551,1.45541,1.88,2.25
2012.02.16 09:01:43.386,1.45514,1.45544,1.50,2.25
2012.02.16 09:01:43.536,1.45515,1.45546,1.50,3.75
2012.02.16 09:01:43.764,1.4552,1.45548,1.50,2.22
2012.02.16 09:01:43.978,1.45521,1.4555,1.50,2.63
2012.02.16 09:01:44.541,1.45521,1.4555,1.50,1.88
2012.02.16 09:01:45.052,1.4552,1.4555,1.50,1.88
2012.02.16 09:01:45.560,1.4552,1.45549,1.50,1.50
2012.02.16 09:01:46.097,1.4552,1.45551,1.50,1.88
2012.02.16 09:01:48.143,1.45523,1.45551,1.50,1.88
2012.02.16 09:01:48.504,1.45525,1.45553,1.50,1.88
2012.02.16 09:01:49.313,1.45524,1.45554,1.50,1.13
2012.02.16 09:01:51.038,1.45526,1.45555,1.50,1.47
2012.02.16 09:01:51.259,1.45528,1.45555,1.50,1.47
2012.02.16 09:01:51.941,1.45527,1.45556,1.50,2.97
2012.02.16 09:01:52.020,1.45524,1.45555,1.50,2.22
2012.02.16 09:01:52.296,1.45524,1.45553,1.50,1.50
2012.02.16 09:01:52.526,1.45522,1.45552,1.50,1.50
2012.02.16 09:01:52.745,1.4552,1.45547,1.50,1.50
2012.02.16 09:01:52.813,1.4552,1.45549,3.00,1.50
2012.02.16 09:01:53.316,1.45521,1.4555,1.50,1.50
2012.02.16 09:01:53.947,1.45519,1.45548,1.88,1.50
2012.02.16 09:01:54.378,1.45517,1.45546,1.13,1.50
2012.02.16 09:01:55.319,1.45515,1.45545,1.88,1.50
2012.02.16 09:01:56.351,1.45518,1.45548,1.88,3.00
2012.02.16 09:01:56.432,1.45518,1.45547,2.22,1.50
2012.02.16 09:01:57.274,1.45516,1.45544,2.22,1.50
2012.02.16 09:01:57.794,1.45516,1.45545,2.22,1.50
2012.02.16 09:01:57.862,1.45516,1.45545,2.78,1.50
2012.02.16 09:01:58.750,1.45516,1.45546,1.28,1.50
2012.02.16 09:01:59.531,1.45516,1.45543,1.28,1.50
2012.02.16 09:02:00.380,1.45516,1.45542,1.28,1.50
2012.02.16 09:02:01.238,1.45516,1.4554,1.28,1.50
2012.02.16 09:02:01.421,1.45512,1.45541,2.03,1.50
2012.02.16 09:02:01.953,1.45516,1.45543,1.88,1.50
2012.02.16 09:02:02.468,1.45516,1.45544,1.88,1.50
2012.02.16 09:02:02.674,1.45512,1.45542,2.03,1.50
2012.02.16 09:02:02.812,1.45512,1.45543,1.88,1.50
2012.02.16 09:02:02.886,1.45509,1.4554,1.88,1.50
2012.02.16 09:02:03.164,1.4551,1.45538,1.88,1.50
2012.02.16 09:02:03.233,1.4551,1.45538,1.50,1.50
2012.02.16 09:02:03.433,1.45511,1.45542,1.50,1.50
2012.02.16 09:02:03.980,1.45507,1.45536,1.88,1.50
2012.02.16 09:02:04.612,1.45506,1.45537,1.88,1.50
2012.02.16 09:02:05.398,1.45506,1.45534,2.78,1.50
2012.02.16 09:02:06.373,1.45505,1.45532,1.28,1.50
2012.02.16 09:02:06.883,1.45504,1.45533,2.78,1.50
2012.02.16 09:02:07.313,1.45504,1.45535,2.78,1.50
2012.02.16 09:02:07.510,1.45504,1.45533,2.78,1.50
2012.02.16 09:02:08.063,1.45505,1.45532,1.28,1.50
2012.02.16 09:02:08.276,1.45504,1.45534,1.28,1.50
2012.02.16 09:02:08.422,1.45508,1.45537,1.88,1.50
2012.02.16 09:02:08.499,1.45512,1.45541,1.50,2.93
2012.02.16 09:02:08.854,1.45519,1.4554,4.50,1.43
2012.02.16 09:02:09.191,1.4552,1.45536,1.13,1.50
2012.02.16 09:02:09.701,1.45519,1.45533,4.50,1.50
2012.02.16 09:02:09.774,1.45519,1.45536,4.50,3.00
2012.02.16 09:02:09.841,1.45506,1.45536,3.15,3.00
2012.02.16 09:02:10.041,1.45506,1.45534,3.15,1.50
2012.02.16 09:02:11.322,1.45507,1.45535,2.03,1.50
2012.02.16 09:02:12.491,1.45506,1.45529,1.47,1.50
2012.02.16 09:02:12.576,1.45503,1.45529,1.13,1.50
2012.02.16 09:02:12.726,1.455,1.45528,1.09,1.50
2012.02.16 09:02:12.806,1.45499,1.45528,3.38,1.50
2012.02.16 09:02:13.098,1.45498,1.45527,1.50,1.50
2012.02.16 09:02:13.182,1.45504,1.45525,4.50,1.50
2012.02.16 09:02:13.536,1.45505,1.45523,1.13,1.50
2012.02.16 09:02:14.155,1.45505,1.45529,1.13,1.50
2012.02.16 09:02:14.700,1.45505,1.4553,1.13,1.50
2012.02.16 09:02:14.885,1.45505,1.45528,1.13,1.50
2012.02.16 09:02:15.345,1.45505,1.45531,1.13,1.50
2012.02.16 09:02:16.536,1.45505,1.45522,1.13,1.50
2012.02.16 09:02:16.754,1.45495,1.45522,1.13,1.50
2012.02.16 09:02:17.046,1.45495,1.45524,1.13,1.50
2012.02.16 09:02:17.125,1.45499,1.45529,1.50,1.50
2012.02.16 09:02:17.193,1.45506,1.45529,4.50,1.50
2012.02.16 09:02:17.943,1.45506,1.45526,4.88,1.50
2012.02.16 09:02:18.291,1.45506,1.45529,4.88,1.50
2012.02.16 09:02:18.362,1.45506,1.45526,4.88,1.50
2012.02.16 09:02:19.023,1.45506,1.45529,4.88,1.50
2012.02.16 09:02:19.253,1.45508,1.45532,1.50,2.25
2012.02.16 09:02:19.328,1.45513,1.45534,1.13,2.25
2012.02.16 09:02:19.414,1.45513,1.45532,1.13,1.43
2012.02.16 09:02:19.628,1.45513,1.45534,1.13,1.50
2012.02.16 09:02:19.778,1.4551,1.45534,1.50,1.50
2012.02.16 09:02:19.929,1.4551,1.45539,1.50,1.88
2012.02.16 09:02:20.147,1.45511,1.4554,1.50,1.88
2012.02.16 09:02:20.739,1.4551,1.45539,1.50,3.00
2012.02.16 09:02:20.824,1.45507,1.45534,1.13,1.50
2012.02.16 09:02:20.892,1.45507,1.45538,2.63,1.50
2012.02.16 09:02:20.962,1.45507,1.45538,2.63,1.50
2012.02.16 09:02:21.334,1.45518,1.45542,4.50,2.18
2012.02.16 09:02:21.410,1.45514,1.45544,1.88,2.18
2012.02.16 09:02:21.626,1.45512,1.45541,1.88,2.25
2012.02.16 09:02:21.850,1.45512,1.45539,1.50,1.50
2012.02.16 09:02:22.298,1.45512,1.45542,1.50,2.25
2012.02.16 09:02:22.407,1.4551,1.4554,3.38,1.87
2012.02.16 09:02:22.904,1.45512,1.45542,1.50,2.32
2012.02.16 09:02:23.243,1.45514,1.45544,1.50,3.14
2012.02.16 09:02:23.382,1.45514,1.45544,1.50,2.69
2012.02.16 09:02:23.922,1.45512,1.45542,1.50,1.50
2012.02.16 09:02:24.689,1.45509,1.45537,1.88,1.50
2012.02.16 09:02:25.087,1.45509,1.4554,1.88,3.00
2012.02.16 09:02:25.405,1.45512,1.4554,1.50,1.50
2012.02.16 09:02:25.487,1.4551,1.45539,1.50,1.50
2012.02.16 09:02:26.022,1.4551,1.4554,1.50,1.50
2012.02.16 09:02:26.581,1.45511,1.45541,1.50,1.50
2012.02.16 09:02:28.155,1.45513,1.45542,1.50,1.50
2012.02.16 09:02:28.519,1.45521,1.4554,4.88,1.43
2012.02.16 09:02:28.599,1.4552,1.45541,1.28,1.43
2012.02.16 09:02:28.682,1.45517,1.45543,1.95,1.50
2012.02.16 09:02:28.760,1.45517,1.45545,1.95,1.50
2012.02.16 09:02:29.048,1.45514,1.45542,2.70,4.50
2012.02.16 09:02:29.126,1.45514,1.45542,2.25,4.50
2012.02.16 09:02:29.675,1.45515,1.45544,1.50,1.12
2012.02.16 09:02:30.002,1.45518,1.45544,1.50,1.49
2012.02.16 09:02:30.342,1.45516,1.45546,1.50,1.13
2012.02.16 09:02:30.413,1.45516,1.45547,1.50,2.82
2012.02.16 09:02:30.481,1.45518,1.45547,1.50,2.82
2012.02.16 09:02:30.814,1.45516,1.45545,3.00,1.50
2012.02.16 09:02:31.217,1.45523,1.45546,4.50,1.50
2012.02.16 09:02:31.435,1.45517,1.45547,2.25,1.88
2012.02.16 09:02:31.505,1.45517,1.45547,1.50,1.88
2012.02.16 09:02:32.003,1.45515,1.45546,2.25,1.50
2012.02.16 09:02:32.193,1.45518,1.45547,1.50,1.43
2012.02.16 09:02:32.540,1.45516,1.45541,1.50,1.43
2012.02.16 09:02:33.085,1.45514,1.45541,7.50,2.18
2012.02.16 09:02:33.600,1.45516,1.45539,1.50,1.84
2012.02.16 09:02:34.115,1.45511,1.45537,1.88,1.13
2012.02.16 09:02:34.633,1.45513,1.45537,1.50,1.13
2012.02.16 09:02:35.184,1.45511,1.45537,1.13,1.13
2012.02.16 09:02:35.703,1.45513,1.45537,1.50,1.13
2012.02.16 09:02:36.537,1.45512,1.45539,1.88,4.84
2012.02.16 09:02:36.894,1.45514,1.45539,1.50,4.84
2012.02.16 09:02:37.385,1.45511,1.45539,2.63,4.84
2012.02.16 09:02:37.655,1.45514,1.45539,1.50,4.84
2012.02.16 09:02:39.543,1.45511,1.45539,1.13,6.00
2012.02.16 09:02:41.114,1.45514,1.45539,1.50,4.50
2012.02.16 09:02:41.650,1.45518,1.45539,1.50,4.50
2012.02.16 09:02:42.274,1.45517,1.45539,1.50,4.50
2012.02.16 09:02:42.637,1.45515,1.45539,1.50,4.50
2012.02.16 09:02:43.301,1.45528,1.45544,4.50,3.30
2012.02.16 09:02:43.451,1.45528,1.45546,4.50,2.18
2012.02.16 09:02:43.534,1.45525,1.45547,1.95,2.25
2012.02.16 09:02:44.055,1.45525,1.45547,1.95,1.50
2012.02.16 09:02:44.140,1.45528,1.45553,4.88,1.43
2012.02.16 09:02:44.589,1.45522,1.4555,2.25,1.50
2012.02.16 09:02:44.744,1.45519,1.45549,1.69,1.50
2012.02.16 09:02:45.492,1.4552,1.45551,1.50,1.50
2012.02.16 09:02:45.612,1.45521,1.45551,1.50,1.50
2012.02.16 09:02:46.120,1.45522,1.45552,1.50,2.25
2012.02.16 09:02:46.658,1.45523,1.45551,1.50,1.50
2012.02.16 09:02:47.865,1.45522,1.4555,3.00,1.50
2012.02.16 09:02:47.944,1.45525,1.45552,1.88,1.43
2012.02.16 09:02:48.011,1.45525,1.45552,1.50,1.43
2012.02.16 09:02:48.420,1.45523,1.45551,3.00,1.50
2012.02.16 09:02:49.453,1.45521,1.45551,1.50,1.50
2012.02.16 09:02:50.143,1.45522,1.4555,1.50,1.50
2012.02.16 09:02:50.794,1.45522,1.45552,1.50,2.63
2012.02.16 09:02:51.104,1.45524,1.45552,1.50,1.13
2012.02.16 09:02:51.673,1.45524,1.45553,1.50,1.88
2012.02.16 09:02:52.576,1.45523,1.45553,1.50,1.88
2012.02.16 09:02:53.192,1.45524,1.45553,1.50,1.88
2012.02.16 09:02:53.725,1.45524,1.45552,1.50,1.13
2012.02.16 09:02:54.060,1.45524,1.45552,1.88,1.13
2012.02.16 09:02:54.136,1.45525,1.45552,1.50,1.13
2012.02.16 09:02:54.292,1.45529,1.45552,4.50,1.13
2012.02.16 09:02:54.888,1.45526,1.45552,1.88,1.13
2012.02.16 09:02:54.966,1.45526,1.45552,1.50,1.13
2012.02.16 09:02:55.042,1.45524,1.45552,1.50,2.63
2012.02.16 09:02:56.215,1.45526,1.45551,4.50,1.20
2012.02.16 09:02:56.566,1.45526,1.45551,4.50,2.24
2012.02.16 09:02:57.244,1.45526,1.45551,4.50,2.63
2012.02.16 09:02:57.780,1.45526,1.45551,4.50,2.93
2012.02.16 09:02:58.324,1.45527,1.45552,2.25,1.13
2012.02.16 09:03:01.018,1.45529,1.45552,1.50,1.13
2012.02.16 09:03:01.716,1.45531,1.45552,1.50,1.13
2012.02.16 09:03:01.803,1.45526,1.45552,4.50,1.13
2012.02.16 09:03:05.732,1.4553,1.45552,1.50,1.13
2012.02.16 09:03:05.993,1.45528,1.45552,2.25,1.13
2012.02.16 09:03:06.374,1.4553,1.45552,1.50,1.13
2012.02.16 09:03:06.685,1.45527,1.45552,2.25,1.13
2012.02.16 09:03:07.421,1.45529,1.45552,1.50,1.13
2012.02.16 09:03:07.957,1.45526,1.45552,6.00,1.13
2012.02.16 09:03:08.197,1.45518,1.45551,1.13,1.50
2012.02.16 09:03:08.414,1.45518,1.4555,2.33,1.50
2012.02.16 09:03:08.966,1.45517,1.45549,2.40,1.50
2012.02.16 09:03:09.112,1.45517,1.45551,2.40,1.84
2012.02.16 09:03:09.182,1.45517,1.45551,2.40,2.22
2012.02.16 09:03:09.818,1.45517,1.45551,3.90,2.22
2012.02.16 09:03:10.176,1.45518,1.45548,1.50,1.13
2012.02.16 09:03:10.584,1.45517,1.45548,1.50,1.13
2012.02.16 09:03:11.006,1.45519,1.45548,1.50,1.13
2012.02.16 09:03:11.616,1.4552,1.45544,1.50,1.13
2012.02.16 09:03:12.216,1.45514,1.45544,1.50,1.13
2012.02.16 09:03:12.294,1.45517,1.45544,4.50,1.13
2012.02.16 09:03:12.707,1.45517,1.45547,2.40,1.65
2012.02.16 09:03:13.133,1.45518,1.45547,1.50,1.47
2012.02.16 09:03:13.344,1.45517,1.45545,6.90,1.13
2012.02.16 09:03:13.892,1.4552,1.45545,1.50,1.13
2012.02.16 09:03:14.306,1.45523,1.45546,1.50,1.50
2012.02.16 09:03:14.385,1.45521,1.45546,1.50,1.50
2012.02.16 09:03:14.453,1.45519,1.45546,2.25,1.50
2012.02.16 09:03:14.723,1.45521,1.45547,4.50,3.34
2012.02.16 09:03:15.077,1.45525,1.45552,1.50,1.49
2012.02.16 09:03:15.848,1.45526,1.45554,1.50,2.63
2012.02.16 09:03:16.015,1.45523,1.45553,1.69,1.88
2012.02.16 09:03:16.439,1.45527,1.45556,1.50,2.99
2012.02.16 09:03:16.581,1.45523,1.45553,1.69,1.88
2012.02.16 09:03:17.043,1.45525,1.45554,1.50,1.80
2012.02.16 09:03:18.344,1.45527,1.45555,1.50,1.88
2012.02.16 09:03:18.445,1.45531,1.45557,1.13,1.13
2012.02.16 09:03:18.528,1.45532,1.45557,1.50,1.13
2012.02.16 09:03:18.675,1.45538,1.45557,1.50,1.13
2012.02.16 09:03:18.891,1.45536,1.45563,2.25,1.13
2012.02.16 09:03:25.780,1.45535,1.45558,4.88,1.43
2012.02.16 09:03:26.287,1.45535,1.4556,4.88,1.50
2012.02.16 09:03:27.185,1.45535,1.45561,4.88,2.25
2012.02.16 09:03:27.755,1.45534,1.45563,1.88,2.55
2012.02.16 09:03:27.826,1.45534,1.45565,1.50,1.13
2012.02.16 09:03:27.904,1.45534,1.45565,1.50,1.13
2012.02.16 09:03:28.496,1.45537,1.45566,1.69,1.13
2012.02.16 09:03:28.816,1.45542,1.45567,4.50,1.87
2012.02.16 09:03:29.167,1.45534,1.45561,1.32,4.50
2012.02.16 09:03:29.458,1.45533,1.45557,1.69,1.43
2012.02.16 09:03:29.731,1.45536,1.4556,1.50,1.80
2012.02.16 09:03:30.357,1.45536,1.45564,1.50,1.12
2012.02.16 09:03:30.854,1.45536,1.45566,1.50,2.55
2012.02.16 09:03:32.652,1.45536,1.4556,1.50,4.50
2012.02.16 09:03:33.720,1.45536,1.45563,1.50,1.80
2012.02.16 09:03:33.796,1.45536,1.45563,1.50,1.43
2012.02.16 09:03:34.007,1.45536,1.45566,1.50,2.55
2012.02.16 09:03:34.572,1.45534,1.45566,3.00,2.55
2012.02.16 09:03:34.642,1.45537,1.45566,1.50,2.55
2012.02.16 09:03:34.913,1.45535,1.45566,1.50,2.55
2012.02.16 09:03:35.210,1.45531,1.45555,2.25,2.55
2012.02.16 09:03:35.861,1.45531,1.4556,1.50,2.18
2012.02.16 09:03:36.016,1.45531,1.45563,1.88,3.38
2012.02.16 09:03:36.586,1.45533,1.45564,1.09,2.25
2012.02.16 09:03:36.662,1.45533,1.45564,1.09,2.25
2012.02.16 09:03:36.861,1.45537,1.45562,1.13,1.50
2012.02.16 09:03:37.125,1.45536,1.45562,1.13,1.50
2012.02.16 09:03:39.184,1.45536,1.45563,1.13,2.25
2012.02.16 09:03:41.533,1.45536,1.4556,1.13,1.43
2012.02.16 09:03:41.877,1.45535,1.45558,4.88,1.50
2012.02.16 09:03:42.236,1.45535,1.45556,6.38,1.43
2012.02.16 09:03:42.538,1.4554,1.45565,1.50,6.38
2012.02.16 09:03:42.685,1.45546,1.45565,4.50,1.88
2012.02.16 09:03:43.385,1.45546,1.45563,4.88,1.50
2012.02.16 09:03:43.676,1.45546,1.45565,4.88,1.13
2012.02.16 09:03:43.969,1.45534,1.45565,2.25,3.30
2012.02.16 09:03:44.049,1.45533,1.45559,1.09,4.50
2012.02.16 09:03:46.247,1.45536,1.45558,1.50,1.13
2012.02.16 09:03:46.606,1.4554,1.45558,1.50,1.13
2012.02.16 09:03:46.985,1.45537,1.45558,1.50,1.13
2012.02.16 09:03:47.109,1.45534,1.45558,1.50,1.13
2012.02.16 09:03:47.661,1.45532,1.45558,2.25,1.13
2012.02.16 09:03:53.226,1.45535,1.45558,1.43,1.13
2012.02.16 09:03:54.004,1.45541,1.45563,4.50,1.13
2012.02.16 09:03:54.082,1.45541,1.45567,4.88,1.49
2012.02.16 09:03:54.227,1.45539,1.45556,3.30,4.50
2012.02.16 09:03:54.306,1.45539,1.45556,1.50,4.50
2012.02.16 09:03:54.382,1.45532,1.45556,1.50,4.50
2012.02.16 09:03:54.644,1.4553,1.45556,2.25,4.50
2012.02.16 09:03:55.032,1.45532,1.45556,1.50,4.88
2012.02.16 09:03:55.384,1.45541,1.45562,4.50,1.13
2012.02.16 09:03:55.663,1.45541,1.45564,4.88,1.43
2012.02.16 09:03:55.732,1.45541,1.45567,4.88,1.49
2012.02.16 09:03:57.072,1.45541,1.45567,4.88,1.12
2012.02.16 09:03:57.381,1.45541,1.4557,6.38,1.50
2012.02.16 09:03:57.461,1.45541,1.45569,6.00,1.50
2012.02.16 09:03:57.540,1.45539,1.45559,1.43,4.88
2012.02.16 09:03:57.623,1.45536,1.45568,1.50,1.50
2012.02.16 09:03:57.703,1.4554,1.45568,4.88,5.24
2012.02.16 09:03:58.064,1.45544,1.45568,1.50,4.88
2012.02.16 09:03:58.134,1.45541,1.45568,2.25,4.88
2012.02.16 09:03:58.852,1.45543,1.45568,1.50,5.25
2012.02.16 09:03:59.417,1.45542,1.45567,2.25,1.13
2012.02.16 09:04:01.306,1.45542,1.45572,1.50,1.50
2012.02.16 09:04:01.405,1.45546,1.4557,1.50,1.50
2012.02.16 09:04:01.482,1.45546,1.45572,1.50,6.00
2012.02.16 09:04:01.892,1.45542,1.45572,4.88,6.00
2012.02.16 09:04:12.674,1.45544,1.4557,2.25,1.50
2012.02.16 09:04:14.883,1.45544,1.45572,3.15,5.25
2012.02.16 09:04:16.194,1.45544,1.45568,3.60,1.50
2012.02.16 09:04:16.742,1.45542,1.45564,5.78,1.13
2012.02.16 09:04:21.193,1.45545,1.45569,1.50,1.88
2012.02.16 09:04:22.445,1.45546,1.45569,1.50,1.13
2012.02.16 09:04:22.584,1.45543,1.45569,2.25,1.13
2012.02.16 09:04:24.924,1.45543,1.45569,2.25,1.88
2012.02.16 09:04:25.613,1.45542,1.45568,4.88,2.25
2012.02.16 09:04:25.909,1.45542,1.45568,4.88,3.00
2012.02.16 09:04:26.401,1.45542,1.45569,4.88,1.13
2012.02.16 09:04:27.783,1.45542,1.45565,4.88,1.13
2012.02.16 09:04:28.341,1.45542,1.45564,4.88,1.13
2012.02.16 09:04:29.261,1.45542,1.45565,4.88,2.63
2012.02.16 09:04:30.867,1.45542,1.45563,4.88,1.50
2012.02.16 09:04:32.875,1.45542,1.45564,4.88,1.13
2012.02.16 09:04:33.727,1.45542,1.45566,4.88,2.25
2012.02.16 09:04:33.806,1.45542,1.45568,4.88,1.50
2012.02.16 09:04:34.094,1.45542,1.45565,4.88,1.50
2012.02.16 09:04:34.711,1.45542,1.45559,4.88,1.50
2012.02.16 09:04:34.953,1.45542,1.45561,4.88,2.25
2012.02.16 09:04:35.437,1.45542,1.45559,4.88,1.50
2012.02.16 09:04:36.240,1.45542,1.45561,4.88,2.25
2012.02.16 09:04:36.318,1.45542,1.45565,4.88,1.88
2012.02.16 09:04:36.933,1.45542,1.45565,4.88,1.50
2012.02.16 09:04:37.656,1.45542,1.45566,4.88,1.50
2012.02.16 09:04:38.334,1.45542,1.45565,4.88,1.50
2012.02.16 09:04:38.477,1.45542,1.45568,4.88,1.88
2012.02.16 09:04:38.764,1.45542,1.45564,4.88,1.50
2012.02.16 09:04:39.563,1.45542,1.45562,4.88,1.50
2012.02.16 09:04:39.650,1.45542,1.45564,4.88,1.50
2012.02.16 09:04:40.264,1.45542,1.45559,4.88,1.50
2012.02.16 09:04:40.601,1.45542,1.45564,4.88,1.50
2012.02.16 09:04:40.742,1.45542,1.4556,4.88,1.50
2012.02.16 09:04:40.876,1.45542,1.45563,4.88,1.50
2012.02.16 09:04:41.361,1.45542,1.45561,4.88,1.50
2012.02.16 09:04:41.447,1.45542,1.45557,4.88,1.50
2012.02.16 09:04:41.747,1.45542,1.45554,4.88,1.50
2012.02.16 09:04:41.829,1.45542,1.45558,4.88,1.50
2012.02.16 09:04:41.967,1.45542,1.45555,4.88,1.50
2012.02.16 09:04:42.182,1.45542,1.4556,4.88,1.50
2012.02.16 09:04:42.631,1.45542,1.45564,4.88,1.50
2012.02.16 09:04:43.150,1.45542,1.45561,4.88,1.50
2012.02.16 09:04:43.497,1.45531,1.45557,2.40,6.00
2012.02.16 09:04:43.958,1.45531,1.45557,1.65,6.38
2012.02.16 09:04:44.254,1.45529,1.45544,1.88,4.50
2012.02.16 09:04:44.327,1.45528,1.45554,2.63,6.00
2012.02.16 09:04:45.105,1.45529,1.45554,1.73,6.00
2012.02.16 09:04:45.992,1.45527,1.45552,1.65,2.25
2012.02.16 09:04:46.090,1.45539,1.45555,1.13,1.88
2012.02.16 09:04:46.170,1.45539,1.45557,1.13,1.50
2012.02.16 09:04:46.455,1.45539,1.4556,1.13,1.50
2012.02.16 09:04:46.534,1.45539,1.45564,1.13,1.50
2012.02.16 09:04:46.611,1.45539,1.45566,1.13,1.50
2012.02.16 09:04:46.687,1.45543,1.45566,1.43,1.50
2012.02.16 09:04:46.763,1.4554,1.45566,2.18,1.50
2012.02.16 09:04:49.384,1.45539,1.45564,1.13,1.50
2012.02.16 09:04:50.383,1.45539,1.45562,1.13,1.50
2012.02.16 09:04:50.903,1.45539,1.45563,1.13,1.50
2012.02.16 09:04:51.432,1.45539,1.45564,1.13,1.50
2012.02.16 09:04:52.103,1.45539,1.45563,1.13,1.50
2012.02.16 09:04:55.413,1.45539,1.45565,1.13,1.50
2012.02.16 09:04:55.975,1.45539,1.45566,1.13,2.25
2012.02.16 09:04:56.106,1.45539,1.45564,1.13,1.50
2012.02.16 09:04:56.635,1.45539,1.45563,1.13,1.50
2012.02.16 09:04:57.230,1.45539,1.45564,1.13,1.50
2012.02.16 09:04:58.876,1.45539,1.45567,1.13,1.13
2012.02.16 09:04:59.980,1.4554,1.45567,1.65,1.13
2012.02.16 09:05:01.335,1.45542,1.45567,1.50,1.13
2012.02.16 09:05:01.851,1.45543,1.45567,1.50,1.13
2012.02.16 09:05:02.463,1.45547,1.45567,1.50,1.13
2012.02.16 09:05:02.556,1.4554,1.45567,1.50,1.13
2012.02.16 09:05:03.065,1.45541,1.45567,1.50,1.13
2012.02.16 09:05:03.138,1.45541,1.45567,2.40,1.13
2012.02.16 09:05:03.497,1.4554,1.45565,1.95,4.50
2012.02.16 09:05:04.160,1.45541,1.45565,1.50,4.88
2012.02.16 09:05:04.428,1.45543,1.45565,1.50,4.88
2012.02.16 09:05:04.783,1.4554,1.45565,1.50,4.88
2012.02.16 09:05:05.276,1.45542,1.4557,1.50,1.47
2012.02.16 09:05:05.544,1.45542,1.4557,1.50,1.47
2012.02.16 09:05:05.801,1.45538,1.45568,1.50,1.88
2012.02.16 09:05:06.472,1.45539,1.45569,1.50,1.88
2012.02.16 09:05:07.116,1.4554,1.45569,1.50,1.88
2012.02.16 09:05:09.140,1.45542,1.4557,1.50,1.09
2012.02.16 09:05:09.219,1.45539,1.45567,1.50,1.50
2012.02.16 09:05:09.764,1.4554,1.45569,1.50,2.25
2012.02.16 09:05:10.583,1.45542,1.4557,1.50,1.13
2012.02.16 09:05:11.318,1.45541,1.4557,1.50,1.88
2012.02.16 09:05:11.723,1.4554,1.45568,1.50,1.50
2012.02.16 09:05:12.422,1.45539,1.45567,1.50,1.50
2012.02.16 09:05:13.225,1.45538,1.45566,1.50,1.50
2012.02.16 09:05:14.125,1.45538,1.45568,1.50,1.50
2012.02.16 09:05:14.345,1.45541,1.4557,1.50,1.88
2012.02.16 09:05:14.910,1.45541,1.45569,1.50,1.50
2012.02.16 09:05:15.107,1.45539,1.45569,1.69,1.50
2012.02.16 09:05:15.452,1.45541,1.45572,2.25,2.63
2012.02.16 09:05:15.813,1.45539,1.45568,2.70,1.50
2012.02.16 09:05:16.208,1.45541,1.45571,1.50,2.25
2012.02.16 09:05:16.432,1.45544,1.45572,1.50,2.63
2012.02.16 09:05:16.501,1.45542,1.4557,2.25,1.50
2012.02.16 09:05:17.457,1.45543,1.45571,1.50,2.25
2012.02.16 09:05:18.398,1.45541,1.45571,3.00,1.50
2012.02.16 09:05:18.549,1.45541,1.4557,2.63,1.50
2012.02.16 09:05:18.695,1.45545,1.45573,1.88,1.88
2012.02.16 09:05:18.916,1.4554,1.45569,1.32,1.50
2012.02.16 09:05:18.996,1.45539,1.45566,4.17,1.50
2012.02.16 09:05:19.607,1.45539,1.45565,1.84,1.50
2012.02.16 09:05:20.249,1.45539,1.45566,1.84,1.50
2012.02.16 09:05:20.325,1.45539,1.45568,1.39,1.50
2012.02.16 09:05:21.460,1.45538,1.45567,3.04,1.50
2012.02.16 09:05:21.981,1.45539,1.4557,2.59,2.25
2012.02.16 09:05:22.723,1.45539,1.45569,1.28,2.25
2012.02.16 09:05:23.253,1.4554,1.45571,1.50,3.75
2012.02.16 09:05:23.565,1.45538,1.45569,3.60,2.25
2012.02.16 09:05:24.079,1.45539,1.45567,1.50,1.50
2012.02.16 09:05:24.808,1.45538,1.45566,3.60,1.50
2012.02.16 09:05:25.039,1.4554,1.45571,1.50,2.25
2012.02.16 09:05:25.622,1.45541,1.4557,1.50,2.25
2012.02.16 09:05:26.188,1.4554,1.45569,1.50,2.25
2012.02.16 09:05:27.272,1.45541,1.45566,1.50,4.50
2012.02.16 09:05:27.766,1.45539,1.45565,2.55,2.25
2012.02.16 09:05:30.082,1.45539,1.45563,2.55,1.50
2012.02.16 09:05:30.598,1.45539,1.45564,1.13,2.25
2012.02.16 09:05:31.169,1.45539,1.45558,1.13,1.50
2012.02.16 09:05:31.407,1.45539,1.45562,1.13,1.50
2012.02.16 09:05:33.631,1.45539,1.45564,1.13,3.00
2012.02.16 09:05:33.808,1.45539,1.45561,1.13,1.50
2012.02.16 09:05:34.445,1.45539,1.4556,1.13,1.50
2012.02.16 09:05:34.783,1.45539,1.45558,1.13,1.50
2012.02.16 09:05:34.979,1.45539,1.45561,1.13,1.50
2012.02.16 09:05:35.725,1.45539,1.45564,1.13,2.25
2012.02.16 09:05:36.322,1.45539,1.45562,1.13,1.50
2012.02.16 09:05:36.892,1.45539,1.45563,1.13,1.50
2012.02.16 09:05:37.596,1.45539,1.45565,1.13,2.63
2012.02.16 09:05:38.586,1.45542,1.45566,1.50,4.50
2012.02.16 09:05:39.002,1.4554,1.45566,2.44,4.50
2012.02.16 09:05:39.415,1.45543,1.45566,1.50,4.50
2012.02.16 09:05:40.126,1.45542,1.45566,1.50,4.50
2012.02.16 09:05:41.408,1.45544,1.45566,1.50,4.50
2012.02.16 09:05:41.710,1.45546,1.45566,1.50,4.50
2012.02.16 09:05:42.470,1.45545,1.45566,1.50,4.50
2012.02.16 09:05:43.295,1.45546,1.45566,1.50,4.50
2012.02.16 09:05:43.886,1.45539,1.45564,1.13,2.25
2012.02.16 09:05:44.460,1.45543,1.45566,1.50,4.50
2012.02.16 09:05:44.603,1.4554,1.45566,2.25,4.50
2012.02.16 09:05:46.401,1.45542,1.45566,1.50,4.50
2012.02.16 09:05:46.477,1.4554,1.45566,3.75,4.50
2012.02.16 09:05:48.265,1.45541,1.45566,1.50,4.50
2012.02.16 09:05:48.718,1.45543,1.45566,1.50,4.50
2012.02.16 09:05:48.940,1.4554,1.45566,3.68,4.50
2012.02.16 09:05:49.102,1.45541,1.45566,2.18,4.50
2012.02.16 09:05:49.408,1.45547,1.45568,2.93,1.13
2012.02.16 09:05:49.505,1.45544,1.4557,2.70,4.50
2012.02.16 09:05:50.093,1.45542,1.45565,1.50,1.13
2012.02.16 09:05:50.553,1.45539,1.45565,3.00,1.13
2012.02.16 09:05:51.422,1.45541,1.45565,1.50,1.13
2012.02.16 09:05:52.041,1.45539,1.45565,2.25,1.13
2012.02.16 09:05:52.674,1.45538,1.45565,3.00,1.50
2012.02.16 09:05:53.235,1.4554,1.45565,1.50,1.50
2012.02.16 09:05:53.564,1.45539,1.45565,2.25,1.13
2012.02.16 09:05:55.039,1.4554,1.45565,1.50,1.13
2012.02.16 09:05:55.791,1.45538,1.45565,4.50,1.13
2012.02.16 09:05:55.983,1.45541,1.45565,1.50,1.13
2012.02.16 09:05:57.134,1.45539,1.45565,1.50,2.63
2012.02.16 09:05:57.645,1.45541,1.45565,1.50,1.13
2012.02.16 09:05:57.784,1.45539,1.45565,3.00,1.13
2012.02.16 09:05:59.052,1.4554,1.45565,1.50,1.13
2012.02.16 09:05:59.640,1.45541,1.45565,1.50,1.13
2012.02.16 09:05:59.865,1.45539,1.45565,3.75,1.13
2012.02.16 09:06:01.298,1.4554,1.45565,1.50,1.13
2012.02.16 09:06:04.483,1.45537,1.45565,4.88,2.63
2012.02.16 09:06:05.351,1.4554,1.45565,1.50,1.13
2012.02.16 09:06:05.955,1.45539,1.45565,3.68,1.13
2012.02.16 09:06:06.444,1.45541,1.45565,1.43,1.13
2012.02.16 09:06:07.155,1.45542,1.45565,1.50,1.13
2012.02.16 09:06:07.702,1.45541,1.45565,1.69,1.13
2012.02.16 09:06:08.272,1.45543,1.45565,1.50,1.13
2012.02.16 09:06:08.986,1.45542,1.45565,1.50,1.13
2012.02.16 09:06:10.055,1.4554,1.45565,1.69,1.13
2012.02.16 09:06:10.486,1.45539,1.45565,1.50,1.13
2012.02.16 09:06:11.540,1.45537,1.45565,4.88,3.38
2012.02.16 09:06:11.682,1.45537,1.45562,4.88,1.50
2012.02.16 09:06:12.398,1.45537,1.45564,4.88,2.25
2012.02.16 09:06:13.586,1.45537,1.45561,4.88,1.50
2012.02.16 09:06:13.733,1.45537,1.45564,4.88,2.25
2012.02.16 09:06:13.876,1.45537,1.45561,4.88,1.50
2012.02.16 09:06:14.227,1.45532,1.45554,2.25,1.50
2012.02.16 09:06:14.446,1.45528,1.45554,3.38,1.50
2012.02.16 09:06:14.528,1.45533,1.45554,1.50,1.50
2012.02.16 09:06:15.780,1.45533,1.45554,2.25,1.50
2012.02.16 09:06:17.202,1.45533,1.45555,2.25,1.13
2012.02.16 09:06:18.823,1.45529,1.45554,2.25,1.50
2012.02.16 09:06:20.167,1.45532,1.45554,1.50,1.50
2012.02.16 09:06:21.350,1.45532,1.45555,1.50,1.13
2012.02.16 09:06:21.950,1.45533,1.45555,3.87,1.13
2012.02.16 09:06:22.306,1.45538,1.45566,4.88,3.07
2012.02.16 09:06:24.324,1.45538,1.45564,4.88,1.50
2012.02.16 09:06:24.595,1.45538,1.45566,6.38,1.12
2012.02.16 09:06:27.404,1.45538,1.45564,4.88,1.50
2012.02.16 09:06:28.179,1.45538,1.45567,6.38,1.13
2012.02.16 09:06:28.739,1.45538,1.45565,4.88,1.50
2012.02.16 09:06:29.236,1.45541,1.45566,1.50,1.50
2012.02.16 09:06:29.382,1.45541,1.45567,1.50,1.57
2012.02.16 09:06:29.582,1.45538,1.45562,4.88,1.50
2012.02.16 09:06:30.172,1.45538,1.45563,4.88,1.50
2012.02.16 09:06:30.248,1.45538,1.45566,4.88,1.58
2012.02.16 09:06:30.961,1.45539,1.45566,2.25,2.33
2012.02.16 09:06:31.932,1.45538,1.45566,4.88,1.13
2012.02.16 09:06:32.257,1.45538,1.45566,4.88,2.33
2012.02.16 09:06:33.071,1.45538,1.45562,4.88,1.50
2012.02.16 09:06:33.361,1.45538,1.45566,4.88,1.94
2012.02.16 09:06:33.554,1.45538,1.45565,4.88,1.12
2012.02.16 09:06:34.212,1.45538,1.45564,4.88,1.50
2012.02.16 09:06:34.285,1.45538,1.45566,4.88,3.44
2012.02.16 09:06:34.788,1.45538,1.45565,4.88,1.09
2012.02.16 09:06:35.270,1.45538,1.45561,4.88,1.50
2012.02.16 09:06:35.359,1.45538,1.45563,4.88,1.50
2012.02.16 09:06:36.322,1.45538,1.45562,4.88,1.50
2012.02.16 09:06:36.717,1.45531,1.45555,2.25,4.50
2012.02.16 09:06:37.249,1.4553,1.45553,3.30,1.50
2012.02.16 09:06:37.352,1.4553,1.45555,1.13,5.25
2012.02.16 09:06:37.427,1.45534,1.45555,1.50,5.25
2012.02.16 09:06:37.982,1.45533,1.45555,1.50,4.50
2012.02.16 09:06:38.853,1.45534,1.45555,1.50,4.50
2012.02.16 09:06:39.229,1.45532,1.45555,1.88,4.50
2012.02.16 09:06:39.389,1.45529,1.45553,2.63,1.99
2012.02.16 09:06:39.539,1.45528,1.45551,1.50,1.08
2012.02.16 09:06:39.896,1.4553,1.45553,1.88,1.12
2012.02.16 09:06:40.610,1.45532,1.45555,1.50,4.88
2012.02.16 09:06:41.128,1.45533,1.45555,1.50,4.88
2012.02.16 09:06:41.207,1.45529,1.45555,2.63,4.88
2012.02.16 09:06:41.740,1.45531,1.45555,1.50,4.88
2012.02.16 09:06:42.274,1.45529,1.45555,2.63,4.88
2012.02.16 09:06:43.535,1.45527,1.45553,4.50,3.00
2012.02.16 09:06:44.045,1.45527,1.45554,1.50,1.12
2012.02.16 09:06:44.126,1.45531,1.45554,1.50,1.87
2012.02.16 09:06:44.225,1.45533,1.45555,1.50,1.13
2012.02.16 09:06:44.773,1.45534,1.45555,1.50,1.13
2012.02.16 09:06:45.384,1.45532,1.45556,1.50,4.50
2012.02.16 09:06:45.905,1.45531,1.45556,1.50,4.50
2012.02.16 09:06:46.432,1.45533,1.45556,1.50,4.50
2012.02.16 09:06:46.788,1.45536,1.45556,1.50,4.50
2012.02.16 09:06:47.296,1.45542,1.45565,4.50,4.13
2012.02.16 09:06:47.397,1.45542,1.45563,4.88,1.50
2012.02.16 09:06:47.552,1.45542,1.45558,4.88,1.50
2012.02.16 09:06:48.035,1.45542,1.45555,4.88,1.50
2012.02.16 09:06:48.324,1.45542,1.45558,4.88,1.50
2012.02.16 09:06:48.999,1.45542,1.45559,4.88,1.50
2012.02.16 09:06:49.088,1.45542,1.45557,4.88,1.50
2012.02.16 09:06:49.636,1.45542,1.45559,4.88,1.50
2012.02.16 09:06:50.201,1.45542,1.45557,4.88,1.50
2012.02.16 09:06:50.882,1.45542,1.45559,4.88,1.50
2012.02.16 09:06:51.546,1.45532,1.45556,1.13,1.50
2012.02.16 09:06:52.090,1.45532,1.45559,1.13,6.00
2012.02.16 09:06:53.303,1.45535,1.45559,1.50,4.50
2012.02.16 09:06:53.402,1.45532,1.45558,1.13,1.12
2012.02.16 09:06:53.813,1.4553,1.45561,1.50,2.32
2012.02.16 09:06:53.958,1.4553,1.45557,2.25,4.50
2012.02.16 09:06:54.316,1.45533,1.45561,1.50,2.25
2012.02.16 09:06:55.117,1.45533,1.4556,2.25,4.50
2012.02.16 09:06:57.697,1.45535,1.4556,1.50,4.50
2012.02.16 09:06:58.219,1.45533,1.4556,2.25,4.50
2012.02.16 09:07:01.066,1.45537,1.4556,1.50,4.50
2012.02.16 09:07:01.609,1.45536,1.4556,1.50,4.50
2012.02.16 09:07:03.852,1.45533,1.4556,2.25,4.50
2012.02.16 09:07:04.433,1.45535,1.4556,1.50,4.50
2012.02.16 09:07:05.773,1.45536,1.4556,1.50,4.50
2012.02.16 09:07:06.527,1.45535,1.4556,1.50,4.50
2012.02.16 09:07:07.218,1.45536,1.4556,1.50,4.50
2012.02.16 09:07:07.568,1.45555,1.45564,4.50,1.88
2012.02.16 09:07:08.222,1.45549,1.45576,1.13,1.50
2012.02.16 09:07:08.297,1.45546,1.45576,1.47,1.50
2012.02.16 09:07:08.518,1.45545,1.45574,3.23,1.50
2012.02.16 09:07:08.874,1.45544,1.4557,1.47,1.50
2012.02.16 09:07:09.229,1.45541,1.45567,2.29,1.50
2012.02.16 09:07:09.924,1.45545,1.45564,1.13,1.50
2012.02.16 09:07:10.031,1.45545,1.45569,1.13,1.50
2012.02.16 09:07:10.714,1.45545,1.45566,1.13,1.50
2012.02.16 09:07:11.964,1.45546,1.45566,1.13,1.50
2012.02.16 09:07:12.122,1.4555,1.45575,1.13,3.00
2012.02.16 09:07:12.200,1.4555,1.45569,1.13,1.50
2012.02.16 09:07:12.553,1.4555,1.45565,1.13,1.50
2012.02.16 09:07:12.621,1.4555,1.45569,1.13,1.50
2012.02.16 09:07:13.151,1.4555,1.4557,1.13,1.50
2012.02.16 09:07:13.712,1.4555,1.45569,1.13,1.50
2012.02.16 09:07:13.794,1.4555,1.45572,1.13,1.50
2012.02.16 09:07:14.212,1.4555,1.4557,1.13,1.50
2012.02.16 09:07:14.816,1.4555,1.45571,1.13,1.50
2012.02.16 09:07:15.302,1.4555,1.45569,1.13,1.50
2012.02.16 09:07:15.845,1.4555,1.45569,1.13,2.25
2012.02.16 09:07:16.391,1.4555,1.45572,1.13,1.50
2012.02.16 09:07:16.943,1.4555,1.45575,1.13,1.88
2012.02.16 09:07:18.058,1.4555,1.45575,1.13,1.50
2012.02.16 09:07:18.734,1.45538,1.45554,1.89,4.50
2012.02.16 09:07:18.837,1.4554,1.45554,1.50,4.50
2012.02.16 09:07:18.982,1.45541,1.45564,1.50,1.50
2012.02.16 09:07:19.131,1.45541,1.45564,1.50,1.13
2012.02.16 09:07:19.344,1.45541,1.45565,2.93,1.13
2012.02.16 09:07:19.414,1.45543,1.45565,1.50,1.13
2012.02.16 09:07:20.365,1.45545,1.45565,1.50,1.13
2012.02.16 09:07:21.005,1.45543,1.45565,1.43,1.13
2012.02.16 09:07:22.132,1.45544,1.45565,1.43,1.13
2012.02.16 09:07:22.673,1.45545,1.45565,1.50,1.13
2012.02.16 09:07:24.103,1.45543,1.45565,2.93,1.13
2012.02.16 09:07:24.867,1.45545,1.45565,1.43,1.13
2012.02.16 09:07:25.868,1.4554,1.45565,2.40,1.13
2012.02.16 09:07:26.083,1.45541,1.45565,2.25,1.13
2012.02.16 09:07:26.774,1.45545,1.45565,1.43,1.13
2012.02.16 09:07:27.337,1.45544,1.45565,1.50,1.13
2012.02.16 09:07:27.883,1.45545,1.45565,1.43,1.13
2012.02.16 09:07:30.703,1.45543,1.45565,1.43,1.13
2012.02.16 09:07:31.173,1.45545,1.45565,1.50,1.13
2012.02.16 09:07:32.320,1.45546,1.45565,1.50,1.13
2012.02.16 09:07:32.981,1.45545,1.45565,1.43,1.13
2012.02.16 09:07:33.268,1.45549,1.45575,1.95,2.25
2012.02.16 09:07:34.249,1.4555,1.45571,1.65,1.50
2012.02.16 09:07:34.859,1.45549,1.45569,4.50,1.50
2012.02.16 09:07:35.061,1.45545,1.45569,2.18,1.50
2012.02.16 09:07:35.132,1.45545,1.4557,1.80,1.50
2012.02.16 09:07:35.631,1.45551,1.45571,1.50,1.50
2012.02.16 09:07:35.706,1.45551,1.45579,1.50,1.50
2012.02.16 09:07:35.786,1.4555,1.45578,6.00,4.50
2012.02.16 09:07:35.936,1.45551,1.45579,1.50,1.88
2012.02.16 09:07:36.079,1.45549,1.4558,2.25,1.50
2012.02.16 09:07:36.786,1.45549,1.45579,3.15,3.00
2012.02.16 09:07:36.867,1.45562,1.45577,4.50,1.50
2012.02.16 09:07:36.950,1.4555,1.45577,1.09,1.50
2012.02.16 09:07:37.030,1.45559,1.45579,1.43,1.50
2012.02.16 09:07:37.180,1.4555,1.45579,2.59,1.50
2012.02.16 09:07:37.532,1.45549,1.45575,1.92,1.50
2012.02.16 09:07:38.205,1.4555,1.45578,2.22,1.50
2012.02.16 09:07:38.605,1.45552,1.45578,4.88,1.50
2012.02.16 09:07:39.289,1.45554,1.45579,1.58,1.50
2012.02.16 09:07:39.599,1.45554,1.45573,1.13,1.50
2012.02.16 09:07:40.168,1.45554,1.45574,1.13,1.50
2012.02.16 09:07:41.713,1.45554,1.45576,1.13,1.50
2012.02.16 09:07:42.225,1.45546,1.4557,1.65,4.50
2012.02.16 09:07:42.577,1.4554,1.4556,1.28,4.50
2012.02.16 09:07:43.468,1.45544,1.4557,6.00,1.13
2012.02.16 09:07:43.561,1.45548,1.4557,3.00,1.13
2012.02.16 09:07:43.776,1.45548,1.45578,1.50,1.50
2012.02.16 09:07:44.065,1.4555,1.45578,1.50,1.50
2012.02.16 09:07:44.376,1.45548,1.45577,1.50,1.88
2012.02.16 09:07:44.452,1.45546,1.45577,1.50,1.88
2012.02.16 09:07:44.841,1.45548,1.45577,1.50,1.88
2012.02.16 09:07:45.573,1.45548,1.45577,1.50,1.50
2012.02.16 09:07:46.174,1.45547,1.45566,1.50,4.50
2012.02.16 09:07:46.247,1.45545,1.45566,3.00,4.50
2012.02.16 09:07:46.538,1.45544,1.45551,1.50,4.50
2012.02.16 09:07:46.756,1.45536,1.45551,1.50,4.50
2012.02.16 09:07:46.824,1.45538,1.45551,1.50,4.50
2012.02.16 09:07:47.725,1.45536,1.45551,1.50,4.50
2012.02.16 09:07:47.805,1.45539,1.45551,1.50,4.50
2012.02.16 09:07:47.883,1.45535,1.45551,1.50,4.50
2012.02.16 09:07:48.032,1.45538,1.45551,1.50,4.50
2012.02.16 09:07:48.180,1.45538,1.4556,1.50,1.12
2012.02.16 09:07:48.256,1.45541,1.45561,2.70,1.12
2012.02.16 09:07:48.334,1.45542,1.45563,1.54,1.50
2012.02.16 09:07:48.639,1.45557,1.45578,1.50,1.12
2012.02.16 09:07:49.108,1.45559,1.45578,1.50,1.12
2012.02.16 09:07:49.217,1.45556,1.45579,1.50,1.50
2012.02.16 09:07:49.308,1.45556,1.45579,1.50,1.50
2012.02.16 09:07:49.612,1.45553,1.45579,4.88,1.50
2012.02.16 09:07:49.826,1.45555,1.45579,2.25,1.88
2012.02.16 09:07:50.350,1.45553,1.45579,4.88,1.88
2012.02.16 09:07:50.562,1.45553,1.45579,4.88,1.88
2012.02.16 09:07:51.154,1.45558,1.45579,1.50,1.50
2012.02.16 09:07:51.494,1.45556,1.45579,1.50,1.50
2012.02.16 09:07:51.637,1.45554,1.45579,2.25,1.50
2012.02.16 09:07:52.346,1.45554,1.45579,2.25,1.50
2012.02.16 09:07:52.563,1.45558,1.45579,1.50,1.50
2012.02.16 09:07:53.205,1.45561,1.45581,1.43,4.88
2012.02.16 09:07:53.558,1.45563,1.45581,1.43,4.88
2012.02.16 09:07:53.835,1.45561,1.45581,1.43,4.88
2012.02.16 09:07:54.599,1.45558,1.45581,1.50,4.88
2012.02.16 09:07:54.744,1.45554,1.45581,2.25,4.88
2012.02.16 09:07:55.454,1.45573,1.45583,4.50,1.88
2012.02.16 09:07:55.678,1.45565,1.45586,1.50,1.50
2012.02.16 09:07:55.758,1.45565,1.45587,1.50,1.12
2012.02.16 09:07:56.290,1.45562,1.45588,1.13,4.50
2012.02.16 09:07:58.847,1.45565,1.45587,1.43,2.25
2012.02.16 09:07:59.945,1.45568,1.45588,1.43,4.50
2012.02.16 09:08:00.502,1.4557,1.45588,1.50,4.50
2012.02.16 09:08:01.035,1.45569,1.45588,1.43,4.50
2012.02.16 09:08:02.892,1.45565,1.45588,2.40,4.50
2012.02.16 09:08:03.348,1.45569,1.45588,1.50,4.50
2012.02.16 09:08:04.025,1.4557,1.45588,1.43,4.50
2012.02.16 09:08:05.085,1.45568,1.45588,1.43,4.50
2012.02.16 09:08:05.603,1.45566,1.45588,1.09,4.50
2012.02.16 09:08:05.972,1.45569,1.45588,1.43,4.50
2012.02.16 09:08:07.024,1.45576,1.45598,1.88,1.13
2012.02.16 09:08:07.513,1.45574,1.45598,1.65,1.13
2012.02.16 09:08:08.053,1.45578,1.45598,2.33,1.13
2012.02.16 09:08:10.049,1.45579,1.45598,1.43,1.13
2012.02.16 09:08:11.622,1.45575,1.45598,2.33,1.13
2012.02.16 09:08:11.763,1.45578,1.45598,1.50,1.13
2012.02.16 09:08:12.111,1.4558,1.45598,1.50,1.13
2012.02.16 09:08:12.765,1.45578,1.45598,1.43,1.13
2012.02.16 09:08:13.326,1.45583,1.45608,4.88,1.50
2012.02.16 09:08:13.418,1.45585,1.45607,2.25,2.18
2012.02.16 09:08:13.499,1.45587,1.45609,1.50,1.50
2012.02.16 09:08:13.733,1.45589,1.45611,1.50,4.50
2012.02.16 09:08:13.807,1.45589,1.45609,1.50,1.13
2012.02.16 09:08:13.968,1.45585,1.45609,2.89,1.13
2012.02.16 09:08:14.636,1.45589,1.45607,1.43,1.13
2012.02.16 09:08:14.863,1.45585,1.45606,2.63,1.13
2012.02.16 09:08:15.004,1.45585,1.45606,3.08,1.13
2012.02.16 09:08:15.219,1.4559,1.45609,1.50,1.50
2012.02.16 09:08:15.308,1.4559,1.45611,1.84,4.50
2012.02.16 09:08:15.449,1.45593,1.4562,4.50,3.00
2012.02.16 09:08:15.530,1.45597,1.45618,1.43,1.88
2012.02.16 09:08:15.676,1.45595,1.4562,2.18,1.88
2012.02.16 09:08:16.224,1.45598,1.4562,1.43,1.88
2012.02.16 09:08:16.434,1.45594,1.4562,2.10,1.88
2012.02.16 09:08:18.803,1.45593,1.45615,4.50,1.50
2012.02.16 09:08:18.891,1.45593,1.45618,4.50,1.88
2012.02.16 09:08:19.102,1.45593,1.45615,4.50,1.50
2012.02.16 09:08:19.457,1.45593,1.45617,5.93,1.88
2012.02.16 09:08:19.673,1.45595,1.45615,2.18,1.50
2012.02.16 09:08:20.211,1.45595,1.45616,2.18,1.50
2012.02.16 09:08:20.831,1.45595,1.45617,2.18,1.88
2012.02.16 09:08:21.452,1.45596,1.45617,1.43,1.88
2012.02.16 09:08:21.985,1.45595,1.45617,2.18,1.88
2012.02.16 09:08:25.895,1.4559,1.45613,1.69,1.50
2012.02.16 09:08:26.114,1.45596,1.45626,1.69,2.25
2012.02.16 09:08:26.537,1.45594,1.45624,2.59,1.50
2012.02.16 09:08:27.059,1.45597,1.45628,1.69,2.25
2012.02.16 09:08:27.142,1.45598,1.45627,1.50,2.25
2012.02.16 09:08:27.684,1.45599,1.45628,1.50,2.25
2012.02.16 09:08:28.544,1.456,1.45629,1.50,2.25
2012.02.16 09:08:28.612,1.45598,1.45629,1.50,2.25
2012.02.16 09:08:29.122,1.45598,1.45626,1.50,1.50
2012.02.16 09:08:29.973,1.45598,1.45626,1.69,1.50
2012.02.16 09:08:30.672,1.45598,1.45627,1.69,1.50
2012.02.16 09:08:32.112,1.45597,1.45627,1.88,2.25
2012.02.16 09:08:32.532,1.45597,1.45627,1.50,1.50
2012.02.16 09:08:33.230,1.45597,1.45628,1.50,2.25
2012.02.16 09:08:33.535,1.45592,1.45616,2.93,4.50
2012.02.16 09:08:33.893,1.45603,1.4562,1.43,1.88
2012.02.16 09:08:33.968,1.45603,1.45627,1.43,2.25
2012.02.16 09:08:34.264,1.456,1.45619,4.50,1.50
2012.02.16 09:08:34.896,1.456,1.45624,4.50,1.50
2012.02.16 09:08:35.035,1.456,1.45626,4.50,1.50
2012.02.16 09:08:35.246,1.456,1.45624,4.50,1.50
2012.02.16 09:08:35.590,1.456,1.45626,4.50,2.25
2012.02.16 09:08:36.711,1.456,1.45625,5.40,1.50
2012.02.16 09:08:37.305,1.456,1.45628,4.50,6.75
2012.02.16 09:08:40.122,1.45599,1.45616,1.73,4.50
2012.02.16 09:08:40.266,1.45597,1.45616,2.93,4.50
2012.02.16 09:08:41.098,1.45597,1.45616,3.83,4.50
2012.02.16 09:08:41.626,1.45595,1.45616,1.35,4.50
2012.02.16 09:08:42.222,1.45594,1.45616,1.88,4.50
2012.02.16 09:08:42.313,1.45588,1.4561,1.20,1.50
2012.02.16 09:08:42.874,1.45588,1.45609,1.99,1.50
2012.02.16 09:08:43.083,1.45588,1.45612,1.99,1.50
2012.02.16 09:08:43.963,1.45588,1.45609,1.54,1.50
2012.02.16 09:08:44.247,1.45588,1.45611,1.54,1.50
2012.02.16 09:08:44.776,1.45584,1.4561,1.88,1.50
2012.02.16 09:08:44.927,1.45581,1.45609,2.03,3.00
2012.02.16 09:08:45.214,1.4558,1.45605,1.65,1.50
2012.02.16 09:08:45.703,1.4558,1.45607,1.65,1.50
2012.02.16 09:08:46.069,1.45579,1.45604,2.67,1.50
2012.02.16 09:08:46.786,1.45585,1.45607,1.69,4.50
2012.02.16 09:08:46.996,1.45587,1.45607,1.50,4.50
2012.02.16 09:08:47.561,1.45588,1.45607,1.43,4.50
2012.02.16 09:08:48.525,1.45589,1.45607,1.50,4.50
2012.02.16 09:08:48.874,1.45594,1.45618,4.50,1.50
2012.02.16 09:08:49.021,1.45594,1.45616,5.78,1.50
2012.02.16 09:08:49.923,1.45594,1.45617,5.78,1.50
2012.02.16 09:08:51.152,1.45595,1.45619,1.65,1.50
2012.02.16 09:08:51.383,1.4559,1.4562,4.24,1.50
2012.02.16 09:08:51.464,1.45594,1.4562,3.15,4.50
2012.02.16 09:08:52.655,1.45599,1.4562,1.35,4.50
2012.02.16 09:08:54.701,1.45599,1.4562,1.35,4.50
2012.02.16 09:08:55.667,1.45599,1.4562,1.35,4.50
2012.02.16 09:08:56.313,1.45598,1.4562,1.54,4.50
2012.02.16 09:08:56.908,1.45594,1.4562,3.38,4.50
2012.02.16 09:08:57.062,1.45598,1.4562,1.50,4.50
2012.02.16 09:08:57.194,1.45596,1.4562,1.69,4.50
2012.02.16 09:08:57.680,1.45598,1.4562,1.50,4.50
2012.02.16 09:08:58.410,1.45597,1.4562,1.50,4.50
2012.02.16 09:08:58.693,1.45598,1.4562,1.69,4.50
2012.02.16 09:09:00.956,1.45596,1.4562,3.19,4.50
2012.02.16 09:09:01.545,1.45599,1.4562,1.50,4.50
2012.02.16 09:09:01.871,1.45602,1.4562,1.50,4.50
2012.02.16 09:09:02.564,1.45601,1.4562,1.43,4.50
2012.02.16 09:09:03.108,1.45599,1.4562,1.69,4.50
2012.02.16 09:09:03.681,1.45599,1.4562,1.50,4.50
2012.02.16 09:09:03.759,1.45597,1.4562,1.50,4.50
2012.02.16 09:09:04.262,1.45596,1.4562,2.85,4.50
2012.02.16 09:09:05.317,1.45594,1.4562,4.84,4.50
2012.02.16 09:09:06.325,1.45592,1.4562,5.59,4.50
2012.02.16 09:09:06.745,1.45592,1.45616,5.59,1.50
2012.02.16 09:09:07.214,1.45592,1.45614,4.50,1.50
2012.02.16 09:09:07.787,1.45592,1.45615,4.50,1.50
2012.02.16 09:09:08.515,1.45594,1.45615,1.50,1.50
2012.02.16 09:09:08.872,1.45603,1.4562,1.50,4.50
2012.02.16 09:09:09.434,1.45603,1.4562,1.50,4.50
2012.02.16 09:09:09.979,1.45603,1.4562,1.69,4.50
2012.02.16 09:09:10.297,1.45602,1.4562,1.43,4.50
2012.02.16 09:09:10.866,1.45605,1.4562,1.50,4.50
2012.02.16 09:09:11.144,1.45602,1.4562,2.93,4.50
2012.02.16 09:09:11.289,1.45599,1.4562,1.50,4.50
2012.02.16 09:09:11.363,1.45597,1.4562,1.84,4.50
2012.02.16 09:09:12.254,1.45598,1.4562,1.88,4.50
2012.02.16 09:09:12.768,1.45599,1.4562,1.35,4.50
2012.02.16 09:09:12.918,1.45599,1.45625,1.35,1.50
2012.02.16 09:09:12.997,1.45599,1.45623,1.35,1.50
2012.02.16 09:09:13.846,1.45598,1.45624,1.35,1.50
2012.02.16 09:09:14.342,1.45595,1.45624,1.84,1.50
2012.02.16 09:09:15.294,1.45594,1.45624,1.69,2.25
2012.02.16 09:09:15.363,1.45594,1.45621,1.69,1.50
2012.02.16 09:09:15.680,1.456,1.45621,4.50,1.50
2012.02.16 09:09:17.704,1.456,1.45621,4.88,2.25
2012.02.16 09:09:20.697,1.456,1.45621,4.88,2.25
2012.02.16 09:09:21.062,1.456,1.45621,4.88,1.50
2012.02.16 09:09:21.624,1.456,1.4562,4.88,1.50
2012.02.16 09:09:21.833,1.45601,1.45623,2.18,1.50
2012.02.16 09:09:22.526,1.45602,1.45625,1.20,3.00
2012.02.16 09:09:22.937,1.45603,1.45627,1.35,1.50
2012.02.16 09:09:23.707,1.45603,1.45628,1.35,3.75
2012.02.16 09:09:24.096,1.45603,1.45623,1.35,1.50
2012.02.16 09:09:24.313,1.45602,1.45625,3.08,3.00
2012.02.16 09:09:24.896,1.45602,1.45626,4.17,1.50
2012.02.16 09:09:24.985,1.45603,1.4563,1.24,6.38
2012.02.16 09:09:26.866,1.45603,1.45626,1.24,1.50
2012.02.16 09:09:29.282,1.45602,1.45627,1.09,1.50
2012.02.16 09:09:29.624,1.45602,1.45625,1.09,1.50
2012.02.16 09:09:29.753,1.45601,1.45625,2.18,1.50
2012.02.16 09:09:29.824,1.45601,1.45622,2.18,1.50
2012.02.16 09:09:30.012,1.45601,1.45624,2.18,1.50
2012.02.16 09:09:31.454,1.456,1.45626,6.30,1.50
2012.02.16 09:09:33.773,1.456,1.45625,6.30,1.50
2012.02.16 09:09:34.892,1.456,1.45624,6.30,1.50
2012.02.16 09:09:35.408,1.456,1.45625,4.88,1.50
2012.02.16 09:09:35.928,1.456,1.45626,4.88,1.50
2012.02.16 09:09:36.549,1.45601,1.45625,2.18,1.50
2012.02.16 09:09:37.063,1.45601,1.45624,2.18,1.50
2012.02.16 09:09:37.160,1.45601,1.45627,2.18,2.25
2012.02.16 09:09:37.684,1.456,1.45627,6.30,2.25
2012.02.16 09:09:38.453,1.456,1.45625,6.30,1.50
2012.02.16 09:09:39.302,1.45602,1.45628,1.13,3.00
2012.02.16 09:09:39.381,1.45604,1.4563,1.69,4.88
2012.02.16 09:09:40.144,1.45603,1.4563,1.88,4.88
2012.02.16 09:09:41.963,1.45604,1.45628,1.88,1.50
2012.02.16 09:09:42.767,1.45604,1.4563,1.50,4.88
2012.02.16 09:09:43.071,1.45601,1.45629,2.59,1.50
2012.02.16 09:09:43.752,1.45601,1.45627,1.09,1.50
2012.02.16 09:09:44.276,1.45601,1.45629,1.99,3.75
2012.02.16 09:09:46.340,1.45604,1.45629,1.43,3.75
2012.02.16 09:09:46.485,1.45601,1.45629,4.02,3.75
2012.02.16 09:09:48.832,1.45613,1.45629,4.50,1.50
2012.02.16 09:09:51.827,1.45613,1.45632,4.50,3.00
2012.02.16 09:09:52.418,1.45613,1.45629,4.88,1.50
2012.02.16 09:09:52.921,1.45613,1.4563,4.88,2.25
2012.02.16 09:09:55.172,1.45613,1.45629,4.50,1.50
2012.02.16 09:09:55.711,1.45613,1.45626,4.50,1.50
2012.02.16 09:09:56.075,1.45611,1.45615,3.75,1.43
2012.02.16 09:09:56.639,1.45587,1.45617,1.50,3.82
2012.02.16 09:09:56.724,1.45587,1.45613,1.50,1.43
2012.02.16 09:09:56.803,1.45588,1.45617,1.84,1.12
2012.02.16 09:09:56.885,1.45594,1.45617,4.50,2.25
2012.02.16 09:09:57.305,1.45594,1.4562,6.38,1.50
2012.02.16 09:09:58.098,1.45594,1.45619,5.07,1.50
2012.02.16 09:09:58.597,1.45594,1.4562,5.07,2.25
2012.02.16 09:09:59.337,1.4559,1.45617,1.09,1.50
2012.02.16 09:09:59.422,1.45589,1.45619,3.83,1.50
2012.02.16 09:09:59.505,1.45589,1.45612,2.78,1.50
2012.02.16 09:09:59.578,1.45589,1.45612,1.88,1.50
2012.02.16 09:10:00.177,1.45583,1.45613,1.50,1.50
2012.02.16 09:10:00.592,1.45582,1.45611,1.50,1.50
2012.02.16 09:10:00.950,1.45584,1.45612,1.50,1.50
2012.02.16 09:10:01.305,1.45592,1.4562,1.50,2.25
2012.02.16 09:10:01.815,1.45591,1.45622,1.50,1.88
2012.02.16 09:10:01.887,1.4559,1.45618,2.93,1.50
2012.02.16 09:10:02.314,1.45593,1.45619,1.50,1.50
2012.02.16 09:10:02.393,1.4559,1.45621,3.83,1.50
2012.02.16 09:10:02.829,1.45593,1.45622,1.50,1.88
2012.02.16 09:10:03.184,1.45595,1.45617,1.50,1.13
2012.02.16 09:10:03.326,1.45593,1.45617,1.50,1.13
2012.02.16 09:10:03.899,1.45592,1.45617,1.50,1.13
2012.02.16 09:10:04.043,1.45594,1.45619,1.50,1.13
2012.02.16 09:10:04.115,1.45594,1.45621,1.50,1.50
2012.02.16 09:10:04.311,1.45592,1.45621,1.50,1.50
2012.02.16 09:10:05.725,1.45592,1.4562,1.50,1.50
2012.02.16 09:10:06.188,1.45587,1.45613,1.50,1.43
2012.02.16 09:10:06.488,1.45589,1.45618,1.50,3.00
2012.02.16 09:10:06.562,1.45589,1.45618,1.50,3.00
2012.02.16 09:10:07.072,1.45588,1.45618,1.50,2.25
2012.02.16 09:10:09.133,1.45588,1.45609,1.50,4.50
2012.02.16 09:10:09.210,1.45585,1.45609,1.50,4.50
2012.02.16 09:10:10.121,1.45583,1.45608,2.25,1.13
2012.02.16 09:10:11.015,1.45584,1.45608,1.50,1.13
2012.02.16 09:10:11.342,1.45586,1.45608,1.50,1.13
2012.02.16 09:10:11.960,1.45585,1.45608,1.50,1.13
2012.02.16 09:10:12.325,1.45582,1.45608,1.50,1.13
2012.02.16 09:10:12.931,1.4558,1.45608,2.18,2.63
2012.02.16 09:10:13.761,1.45579,1.45606,4.50,1.50
2012.02.16 09:10:14.660,1.4558,1.45608,2.25,2.63
2012.02.16 09:10:20.540,1.45579,1.456,4.50,1.88
2012.02.16 09:10:20.841,1.45572,1.45596,2.63,1.13
2012.02.16 09:10:21.204,1.4557,1.45596,2.25,1.13
2012.02.16 09:10:22.018,1.45568,1.45596,3.00,1.13
2012.02.16 09:10:23.163,1.45568,1.45594,1.50,1.50
2012.02.16 09:10:23.704,1.45568,1.45595,1.50,2.25
2012.02.16 09:10:25.096,1.4557,1.45596,1.50,1.13
2012.02.16 09:10:25.612,1.45568,1.45596,1.13,1.13
2012.02.16 09:10:26.019,1.45567,1.45595,6.19,3.75
2012.02.16 09:10:26.562,1.45567,1.45592,1.69,1.13
2012.02.16 09:10:26.640,1.4557,1.45596,1.50,4.50
2012.02.16 09:10:27.196,1.45571,1.45596,1.69,4.50
2012.02.16 09:10:28.579,1.45569,1.45596,1.84,4.88
2012.02.16 09:10:28.974,1.45572,1.45596,1.50,4.88
2012.02.16 09:10:29.876,1.45571,1.45596,1.50,4.88
2012.02.16 09:10:32.337,1.45571,1.45592,1.50,1.13
2012.02.16 09:10:33.944,1.45569,1.45592,3.19,1.13
2012.02.16 09:10:34.437,1.45568,1.45592,2.25,1.13
2012.02.16 09:10:34.666,1.45571,1.45592,1.50,1.13
2012.02.16 09:10:35.322,1.4557,1.45592,1.50,1.13
2012.02.16 09:10:35.525,1.45567,1.45592,2.44,1.13
2012.02.16 09:10:36.126,1.4557,1.45592,1.50,1.13
2012.02.16 09:10:37.415,1.45576,1.45601,4.50,2.25
2012.02.16 09:10:37.560,1.45578,1.45601,2.25,1.50
2012.02.16 09:10:37.709,1.45578,1.45604,2.25,1.50
2012.02.16 09:10:37.996,1.45576,1.456,4.88,1.50
2012.02.16 09:10:38.204,1.45574,1.456,1.35,1.50
2012.02.16 09:10:38.344,1.45574,1.45602,3.04,3.00
2012.02.16 09:10:38.614,1.45576,1.45604,1.50,1.50
2012.02.16 09:10:39.383,1.45577,1.45606,1.50,1.50
2012.02.16 09:10:39.475,1.45581,1.45607,4.50,1.50
2012.02.16 09:10:39.899,1.45582,1.4561,2.25,2.25
2012.02.16 09:10:39.974,1.45582,1.45611,1.50,1.88
2012.02.16 09:10:40.046,1.45583,1.45611,1.35,1.50
2012.02.16 09:10:40.394,1.45584,1.45613,1.35,1.50
2012.02.16 09:10:40.536,1.45583,1.45611,1.35,1.50
2012.02.16 09:10:41.063,1.45583,1.45612,1.35,1.50
2012.02.16 09:10:41.653,1.45583,1.4561,1.35,1.50
2012.02.16 09:10:42.115,1.45583,1.45606,2.48,1.50
2012.02.16 09:10:42.622,1.45583,1.45607,1.13,3.00
2012.02.16 09:10:43.227,1.45583,1.45606,1.13,1.50
2012.02.16 09:10:44.449,1.45581,1.45607,4.88,1.50
2012.02.16 09:10:44.537,1.45579,1.45609,2.40,3.38
2012.02.16 09:10:44.629,1.45579,1.45609,1.50,2.24
2012.02.16 09:10:44.995,1.45577,1.45608,1.50,1.87
2012.02.16 09:10:46.304,1.45578,1.45607,1.50,2.24
2012.02.16 09:10:46.656,1.4558,1.45608,1.50,2.99
2012.02.16 09:10:47.127,1.45577,1.45606,1.50,1.50
2012.02.16 09:10:47.206,1.45578,1.45606,4.50,2.25
2012.02.16 09:10:48.572,1.45577,1.45608,3.94,1.88
2012.02.16 09:10:48.969,1.45581,1.45609,1.50,1.50
2012.02.16 09:10:49.362,1.45579,1.45607,1.88,1.50
2012.02.16 09:10:49.693,1.4558,1.4561,1.50,1.50
2012.02.16 09:10:49.825,1.45579,1.45608,1.28,1.50
2012.02.16 09:10:50.779,1.45579,1.45609,3.23,1.50
2012.02.16 09:10:51.589,1.45579,1.4561,3.23,1.50
2012.02.16 09:10:52.105,1.4558,1.45607,1.28,1.50
2012.02.16 09:10:52.831,1.4558,1.45608,2.78,1.50
2012.02.16 09:10:53.341,1.4558,1.45607,1.28,1.50
2012.02.16 09:10:54.868,1.4558,1.45607,1.28,1.50
2012.02.16 09:10:55.223,1.45579,1.45607,2.63,1.50
2012.02.16 09:10:55.742,1.45583,1.45607,1.13,1.50
2012.02.16 09:10:56.283,1.45583,1.4561,2.03,6.00
2012.02.16 09:10:56.780,1.45583,1.45606,1.13,1.50
2012.02.16 09:10:57.154,1.45583,1.45608,1.13,2.25
2012.02.16 09:11:01.548,1.45583,1.45606,1.13,1.50
2012.02.16 09:11:01.904,1.45583,1.45601,1.13,1.50
2012.02.16 09:11:02.561,1.45583,1.45604,1.13,1.50
2012.02.16 09:11:03.139,1.45583,1.45607,1.13,1.50
2012.02.16 09:11:03.780,1.45582,1.45607,1.43,1.50
2012.02.16 09:11:03.867,1.45578,1.45607,2.25,1.50
2012.02.16 09:11:03.954,1.45576,1.45601,1.09,1.50
2012.02.16 09:11:04.461,1.45576,1.45602,1.09,1.50
2012.02.16 09:11:04.684,1.45576,1.45604,1.24,1.50
2012.02.16 09:11:04.897,1.45576,1.45602,1.24,1.50
2012.02.16 09:11:05.566,1.45576,1.45602,1.24,1.50
2012.02.16 09:11:06.141,1.45576,1.45603,1.62,1.50
2012.02.16 09:11:06.840,1.45576,1.45604,1.24,1.50
2012.02.16 09:11:07.184,1.45576,1.45602,1.99,2.25
2012.02.16 09:11:07.531,1.45574,1.456,4.50,1.50
2012.02.16 09:11:07.881,1.45574,1.45601,4.88,2.25
2012.02.16 09:11:08.302,1.45574,1.45599,4.88,2.25
2012.02.16 09:11:08.851,1.45574,1.45599,4.88,2.25
2012.02.16 09:11:11.016,1.45574,1.45599,4.88,2.25
2012.02.16 09:11:12.865,1.45574,1.45595,4.88,2.25
2012.02.16 09:11:13.145,1.45574,1.45602,4.88,3.00
2012.02.16 09:11:13.689,1.45576,1.45602,2.25,1.50
2012.02.16 09:11:14.144,1.45576,1.45602,2.25,1.50
2012.02.16 09:11:15.328,1.45575,1.45602,2.25,1.50
2012.02.16 09:11:16.478,1.45571,1.45601,1.13,2.25
2012.02.16 09:11:17.230,1.4557,1.45599,1.69,2.25
2012.02.16 09:11:17.838,1.45569,1.456,1.88,2.25
2012.02.16 09:11:18.037,1.45574,1.45601,1.50,2.25
2012.02.16 09:11:18.606,1.45573,1.45601,1.50,2.25
2012.02.16 09:11:18.966,1.45573,1.45601,1.50,2.25
2012.02.16 09:11:19.053,1.45571,1.45601,1.50,2.25
2012.02.16 09:11:19.274,1.45567,1.45597,1.50,2.25
2012.02.16 09:11:19.772,1.45566,1.4559,1.50,1.50
2012.02.16 09:11:19.848,1.45563,1.45592,1.09,2.25
2012.02.16 09:11:19.930,1.45565,1.45594,1.50,2.25
2012.02.16 09:11:20.215,1.45566,1.45596,1.50,2.25
2012.02.16 09:11:20.624,1.4557,1.45598,1.50,2.25
2012.02.16 09:11:21.900,1.45568,1.45595,1.50,2.25
2012.02.16 09:11:21.988,1.45564,1.45592,2.89,2.25
2012.02.16 09:11:22.624,1.45563,1.45594,1.84,2.63
2012.02.16 09:11:22.974,1.45562,1.4559,1.84,1.50
2012.02.16 09:11:23.809,1.4556,1.45588,1.47,1.50
2012.02.16 09:11:24.325,1.45561,1.45589,2.22,1.50
2012.02.16 09:11:24.990,1.45561,1.45589,2.22,2.25
2012.02.16 09:11:29.458,1.45565,1.45593,1.50,2.25
2012.02.16 09:11:29.952,1.45563,1.45593,1.84,2.25
2012.02.16 09:11:31.360,1.45561,1.45588,1.47,1.50
2012.02.16 09:11:31.959,1.45561,1.45589,2.22,1.50
2012.02.16 09:11:32.286,1.45563,1.45589,4.50,2.25
2012.02.16 09:11:32.636,1.45563,1.45587,4.50,1.50
2012.02.16 09:11:33.144,1.45563,1.45589,4.50,3.00
2012.02.16 09:11:35.043,1.45563,1.45589,4.50,3.00
2012.02.16 09:11:36.416,1.45559,1.45589,3.00,2.25
2012.02.16 09:11:36.983,1.45561,1.45591,1.88,2.25
2012.02.16 09:11:37.125,1.45561,1.45591,1.88,2.25
2012.02.16 09:11:37.494,1.45557,1.45577,1.50,4.88
2012.02.16 09:11:37.572,1.45555,1.45577,1.50,4.88
2012.02.16 09:11:38.133,1.45556,1.45577,1.50,4.88
2012.02.16 09:11:38.218,1.45554,1.45577,1.50,4.88
2012.02.16 09:11:38.517,1.45561,1.45579,1.13,1.50
2012.02.16 09:11:38.604,1.45561,1.45584,1.13,1.50
2012.02.16 09:11:38.677,1.45561,1.45588,1.13,3.75
2012.02.16 09:11:38.831,1.4556,1.45588,1.50,2.25
2012.02.16 09:11:38.980,1.4556,1.4558,1.50,4.50
2012.02.16 09:11:39.130,1.45555,1.4558,2.63,4.50
2012.02.16 09:11:39.636,1.45554,1.4558,2.25,4.50
2012.02.16 09:11:40.288,1.45557,1.45579,1.50,1.50
2012.02.16 09:11:40.578,1.45558,1.45587,1.50,2.63
2012.02.16 09:11:40.653,1.4556,1.45587,1.50,1.13
2012.02.16 09:11:41.063,1.45558,1.45587,1.50,2.63
2012.02.16 09:11:41.569,1.45558,1.45585,1.50,1.13
2012.02.16 09:11:41.985,1.45558,1.45585,1.50,1.13
2012.02.16 09:11:42.741,1.45559,1.45585,2.25,1.13
2012.02.16 09:11:43.101,1.45571,1.45588,1.50,2.18
2012.02.16 09:11:43.740,1.45561,1.45592,2.25,2.25
2012.02.16 09:11:44.278,1.45563,1.45594,1.50,2.25
2012.02.16 09:11:44.863,1.45562,1.45592,2.25,2.25
2012.02.16 09:11:45.807,1.4556,1.45589,1.50,2.25
2012.02.16 09:11:46.496,1.45562,1.45592,1.50,2.25
2012.02.16 09:11:48.015,1.45561,1.45591,1.50,2.25
2012.02.16 09:11:48.662,1.45563,1.45592,1.50,2.25
2012.02.16 09:11:49.013,1.45559,1.45589,1.88,2.25
2012.02.16 09:11:49.433,1.45561,1.45589,1.50,2.25
2012.02.16 09:11:50.072,1.45564,1.45591,1.50,2.25
2012.02.16 09:11:50.487,1.45565,1.45594,1.50,1.50
2012.02.16 09:11:51.346,1.45564,1.45593,1.50,2.25
2012.02.16 09:11:51.484,1.45572,1.456,1.50,2.25
2012.02.16 09:11:51.561,1.45574,1.45603,1.50,1.13
2012.02.16 09:11:51.708,1.45577,1.45603,1.50,1.13
2012.02.16 09:11:51.790,1.45575,1.45603,3.00,2.63
2012.02.16 09:11:51.871,1.45573,1.45602,1.50,2.25
2012.02.16 09:11:52.034,1.45576,1.45603,1.50,1.50
2012.02.16 09:11:52.178,1.45571,1.45602,1.50,2.25
2012.02.16 09:11:52.326,1.45573,1.45602,1.50,2.25
2012.02.16 09:11:52.853,1.45571,1.45595,1.13,1.50
2012.02.16 09:11:53.013,1.45569,1.45597,1.50,2.25
2012.02.16 09:11:53.083,1.45566,1.45594,2.25,2.25
2012.02.16 09:11:53.342,1.45564,1.45594,1.88,2.25
2012.02.16 09:11:55.098,1.45566,1.45592,4.88,2.25
2012.02.16 09:11:55.246,1.45566,1.45594,6.38,1.50
2012.02.16 09:11:55.715,1.45569,1.45595,4.50,1.50
2012.02.16 09:11:56.536,1.45566,1.45595,1.50,2.25
2012.02.16 09:11:57.175,1.45565,1.45594,1.50,2.25
2012.02.16 09:11:57.254,1.45565,1.45594,1.50,2.25
2012.02.16 09:11:59.381,1.45563,1.45593,1.50,2.25
2012.02.16 09:11:59.827,1.45561,1.45592,2.63,3.75
2012.02.16 09:11:59.961,1.45563,1.45592,1.50,2.25
2012.02.16 09:12:00.538,1.45564,1.45595,1.50,2.25
2012.02.16 09:12:01.201,1.45567,1.45596,1.50,4.20
2012.02.16 09:12:01.274,1.45567,1.45596,1.50,2.25
2012.02.16 09:12:01.415,1.45567,1.45596,2.25,2.25
2012.02.16 09:12:01.927,1.45569,1.45598,1.50,1.87
2012.02.16 09:12:02.460,1.45568,1.45597,1.50,2.25
2012.02.16 09:12:02.962,1.4557,1.45598,1.43,2.25
2012.02.16 09:12:03.714,1.45582,1.45599,4.88,2.62
2012.02.16 09:12:06.730,1.45582,1.456,4.50,2.25
2012.02.16 09:12:06.956,1.45572,1.45598,2.25,1.50
2012.02.16 09:12:07.026,1.45572,1.45598,1.50,1.50
2012.02.16 09:12:07.746,1.4559,1.45598,4.50,1.50
2012.02.16 09:12:08.024,1.45582,1.45598,1.50,1.50
2012.02.16 09:12:08.164,1.45574,1.45598,2.25,1.50
2012.02.16 09:12:09.710,1.45572,1.45598,4.50,1.50
2012.02.16 09:12:10.763,1.45574,1.45598,2.25,2.25
2012.02.16 09:12:11.415,1.45572,1.45598,4.50,1.50
2012.02.16 09:12:11.631,1.45573,1.45601,1.50,2.18
2012.02.16 09:12:11.847,1.45576,1.45603,1.50,2.93
2012.02.16 09:12:12.205,1.45583,1.45604,4.50,1.50
2012.02.16 09:12:12.556,1.45583,1.45606,4.50,2.25
2012.02.16 09:12:13.193,1.45583,1.45608,4.50,1.50
2012.02.16 09:12:16.559,1.45583,1.45609,4.50,3.75
2012.02.16 09:12:17.131,1.45583,1.45603,4.50,1.43
2012.02.16 09:12:17.726,1.4559,1.4561,4.88,1.12
2012.02.16 09:12:18.088,1.4559,1.45614,4.88,1.13
2012.02.16 09:12:18.169,1.4559,1.45614,4.88,2.55
2012.02.16 09:12:18.394,1.45591,1.45618,2.25,4.88
2012.02.16 09:12:19.139,1.45595,1.45618,2.25,4.88
2012.02.16 09:12:19.926,1.45596,1.45618,1.50,4.88
2012.02.16 09:12:20.347,1.45599,1.45618,1.50,4.88
2012.02.16 09:12:23.500,1.45594,1.45617,1.50,1.50
2012.02.16 09:12:23.927,1.45596,1.45618,1.50,4.88
2012.02.16 09:12:24.499,1.45598,1.45618,1.50,4.88
2012.02.16 09:12:25.065,1.45602,1.45618,1.50,4.88
2012.02.16 09:12:25.413,1.45605,1.45628,1.50,1.50
2012.02.16 09:12:25.966,1.45602,1.45629,4.88,2.25
2012.02.16 09:12:28.114,1.45602,1.45626,4.88,1.50
2012.02.16 09:12:29.037,1.45602,1.45625,4.88,1.50
2012.02.16 09:12:29.526,1.45602,1.45624,4.88,1.50
2012.02.16 09:12:30.017,1.45598,1.45623,1.80,1.50
2012.02.16 09:12:30.098,1.45594,1.45622,1.88,1.50
2012.02.16 09:12:30.655,1.45593,1.45624,2.22,1.50
2012.02.16 09:12:31.168,1.45592,1.45623,2.22,1.50
2012.02.16 09:12:31.691,1.45593,1.45624,2.22,1.50
2012.02.16 09:12:31.835,1.45592,1.45621,2.22,1.50
2012.02.16 09:12:32.378,1.45593,1.45622,2.22,1.50
2012.02.16 09:12:33.959,1.45591,1.45621,1.47,1.50
2012.02.16 09:12:34.494,1.45591,1.45622,2.78,1.50
2012.02.16 09:12:35.396,1.45593,1.45621,1.50,1.50
2012.02.16 09:12:36.229,1.45601,1.4562,4.50,1.50
2012.02.16 09:12:36.318,1.45601,1.45622,4.50,2.25
2012.02.16 09:12:36.833,1.45601,1.45621,4.50,1.50
2012.02.16 09:12:38.547,1.45601,1.45619,4.50,2.25
2012.02.16 09:12:38.775,1.45594,1.45618,1.73,1.50
2012.02.16 09:12:39.047,1.45594,1.45621,1.35,1.50
2012.02.16 09:12:39.433,1.45595,1.45623,2.40,1.50
2012.02.16 09:12:39.682,1.45596,1.45622,1.28,1.50
2012.02.16 09:12:40.322,1.45598,1.45626,6.38,2.25
2012.02.16 09:12:40.871,1.45598,1.45624,4.88,1.50
2012.02.16 09:12:41.255,1.45598,1.45622,4.88,1.50
2012.02.16 09:12:41.478,1.45598,1.45625,4.88,1.50
2012.02.16 09:12:41.896,1.45598,1.45623,4.88,1.50
2012.02.16 09:12:42.810,1.45598,1.45622,4.88,1.50
2012.02.16 09:12:43.708,1.45598,1.45618,4.88,1.50
2012.02.16 09:12:44.528,1.45598,1.45622,4.88,2.25
2012.02.16 09:12:44.608,1.45598,1.45622,4.88,2.25
2012.02.16 09:12:48.221,1.45598,1.45618,4.88,3.00
2012.02.16 09:12:50.453,1.45598,1.45617,4.88,1.50
2012.02.16 09:12:50.532,1.45598,1.45615,4.88,1.50
2012.02.16 09:12:50.796,1.45598,1.45618,4.88,1.50
2012.02.16 09:12:51.784,1.45598,1.45618,4.88,1.50
2012.02.16 09:12:52.073,1.4559,1.45613,1.50,1.50
2012.02.16 09:12:52.649,1.45586,1.45614,6.72,4.88
2012.02.16 09:12:54.223,1.45586,1.45612,4.88,2.25
2012.02.16 09:12:54.662,1.45586,1.45612,4.88,1.50
2012.02.16 09:12:55.309,1.45586,1.45612,4.88,2.25
2012.02.16 09:12:55.674,1.45586,1.45612,4.88,1.50
2012.02.16 09:12:56.298,1.45586,1.45612,4.88,2.25
2012.02.16 09:12:58.272,1.45586,1.45612,4.88,1.50
2012.02.16 09:12:58.642,1.45586,1.45613,6.38,1.50
2012.02.16 09:12:58.834,1.45586,1.45612,4.88,1.50
2012.02.16 09:12:59.837,1.45586,1.45613,4.88,3.75
2012.02.16 09:12:59.921,1.45586,1.45612,4.88,1.88
2012.02.16 09:12:59.996,1.45586,1.45612,4.88,1.13
2012.02.16 09:13:02.235,1.45589,1.45613,1.50,1.50
2012.02.16 09:13:02.737,1.4559,1.45613,1.50,1.50
2012.02.16 09:13:02.890,1.45586,1.45612,6.38,2.25
2012.02.16 09:13:02.972,1.45586,1.45609,4.88,1.50
2012.02.16 09:13:03.396,1.45586,1.45612,4.88,2.63
2012.02.16 09:13:03.935,1.45586,1.45611,4.88,2.25
2012.02.16 09:13:05.204,1.45586,1.45611,4.88,1.50
2012.02.16 09:13:05.964,1.45586,1.45606,4.50,1.50
2012.02.16 09:13:06.325,1.45586,1.45601,4.50,1.50
2012.02.16 09:13:06.470,1.45586,1.45603,4.50,2.25
2012.02.16 09:13:07.402,1.45586,1.45603,4.50,2.25
2012.02.16 09:13:08.244,1.45572,1.45599,3.68,4.88
2012.02.16 09:13:08.324,1.45576,1.45599,1.50,4.88
2012.02.16 09:13:08.634,1.45578,1.45599,1.43,4.88
2012.02.16 09:13:10.324,1.45572,1.45597,1.50,1.50
2012.02.16 09:13:10.598,1.45573,1.45599,1.50,5.63
2012.02.16 09:13:10.750,1.45579,1.45599,1.50,5.63
2012.02.16 09:13:10.973,1.45577,1.45599,1.50,4.88
2012.02.16 09:13:11.045,1.45573,1.45599,1.50,4.88
2012.02.16 09:13:11.195,1.45574,1.45597,1.50,1.50
2012.02.16 09:13:11.273,1.45574,1.45599,1.50,4.88
2012.02.16 09:13:11.350,1.45571,1.45599,2.25,4.88
2012.02.16 09:13:11.871,1.45569,1.45596,4.88,1.88
2012.02.16 09:13:12.098,1.45559,1.4559,2.59,2.63
2012.02.16 09:13:12.181,1.45559,1.4559,2.59,1.88
2012.02.16 09:13:12.259,1.45559,1.45588,2.59,1.50
2012.02.16 09:13:12.616,1.45561,1.45586,1.13,1.50
2012.02.16 09:13:13.387,1.45561,1.45585,1.13,2.25
2012.02.16 09:13:13.494,1.45563,1.45589,4.88,3.00
2012.02.16 09:13:13.575,1.45563,1.45589,4.88,1.50
2012.02.16 09:13:13.857,1.45563,1.45588,4.88,1.12
2012.02.16 09:13:14.010,1.45561,1.45588,1.50,1.12
2012.02.16 09:13:14.090,1.45558,1.45588,1.69,2.25
2012.02.16 09:13:14.456,1.45561,1.45587,4.88,3.00
2012.02.16 09:13:15.102,1.45549,1.4558,2.59,1.50
2012.02.16 09:13:15.605,1.45551,1.45579,3.34,1.50
2012.02.16 09:13:15.674,1.45553,1.45582,1.50,2.25
2012.02.16 09:13:16.049,1.45552,1.4558,1.50,1.50
2012.02.16 09:13:16.860,1.45549,1.45577,1.84,1.50
2012.02.16 09:13:17.181,1.45557,1.45573,1.50,1.50
2012.02.16 09:13:17.602,1.45554,1.45575,3.94,4.88
2012.02.16 09:13:17.735,1.45557,1.45575,1.69,4.88
2012.02.16 09:13:20.276,1.45553,1.45575,1.69,4.88
2012.02.16 09:13:20.420,1.45558,1.45575,1.50,4.88
2012.02.16 09:13:21.026,1.4556,1.45585,1.50,4.87
2012.02.16 09:13:21.565,1.45561,1.45585,1.50,4.50
2012.02.16 09:13:22.240,1.45562,1.45585,1.50,4.50
2012.02.16 09:13:22.388,1.45566,1.45585,1.43,4.50
2012.02.16 09:13:22.593,1.45564,1.45585,1.43,4.50
2012.02.16 09:13:23.198,1.45566,1.45585,1.43,4.50
2012.02.16 09:13:23.289,1.4556,1.45585,1.50,4.50
2012.02.16 09:13:23.382,1.45563,1.45585,1.50,4.50
2012.02.16 09:13:23.467,1.45558,1.45583,1.50,1.50
2012.02.16 09:13:25.103,1.4556,1.45585,1.50,4.50
2012.02.16 09:13:25.188,1.45562,1.45585,1.50,4.50
2012.02.16 09:13:25.545,1.45567,1.45585,1.50,4.50
2012.02.16 09:13:25.617,1.45564,1.45585,2.93,4.50
2012.02.16 09:13:25.839,1.45566,1.45585,1.50,4.50
2012.02.16 09:13:26.128,1.45563,1.45585,1.50,4.50
2012.02.16 09:13:26.783,1.45564,1.45585,1.43,4.50
2012.02.16 09:13:27.341,1.45563,1.45583,1.50,1.50
2012.02.16 09:13:27.422,1.45567,1.45586,4.50,1.13
2012.02.16 09:13:27.565,1.45567,1.45588,4.50,1.88
2012.02.16 09:13:27.636,1.45568,1.45594,1.13,1.20
2012.02.16 09:13:27.848,1.45562,1.45584,2.25,4.50
2012.02.16 09:13:27.924,1.45562,1.45583,1.50,1.13
2012.02.16 09:13:28.480,1.45558,1.45583,1.50,1.88
2012.02.16 09:13:28.629,1.4556,1.45583,1.50,1.88
2012.02.16 09:13:29.195,1.45561,1.45583,1.50,1.13
2012.02.16 09:13:29.548,1.45558,1.45583,1.69,1.13
2012.02.16 09:13:29.702,1.45561,1.45583,1.50,1.13
2012.02.16 09:13:30.232,1.45567,1.45583,1.50,1.13
2012.02.16 09:13:30.320,1.45563,1.45583,1.50,1.13
2012.02.16 09:13:30.611,1.45565,1.45583,1.50,1.13
2012.02.16 09:13:31.038,1.45566,1.45593,6.00,1.13
2012.02.16 09:13:31.257,1.45566,1.45592,6.00,1.50
2012.02.16 09:13:31.334,1.45566,1.45594,6.00,6.75
2012.02.16 09:13:31.958,1.45566,1.45591,4.50,1.50
2012.02.16 09:13:32.357,1.45566,1.45591,4.50,2.70
2012.02.16 09:13:33.223,1.45566,1.45591,4.50,2.70
2012.02.16 09:13:33.755,1.45566,1.45591,4.50,1.50
2012.02.16 09:13:34.315,1.45566,1.45591,4.50,2.25
2012.02.16 09:13:34.876,1.45566,1.45588,4.50,1.57
2012.02.16 09:13:35.538,1.45566,1.45588,4.50,1.57
2012.02.16 09:13:36.453,1.45566,1.45588,4.50,1.57
2012.02.16 09:13:37.146,1.45566,1.45588,4.50,1.57
2012.02.16 09:13:38.724,1.45566,1.45593,4.50,1.50
2012.02.16 09:13:38.806,1.45566,1.45591,4.50,2.25
2012.02.16 09:13:39.747,1.45561,1.45592,1.50,3.04
2012.02.16 09:13:39.827,1.45561,1.45588,1.50,1.12
2012.02.16 09:13:39.903,1.45558,1.45587,1.69,1.87
2012.02.16 09:13:40.953,1.45557,1.45586,2.44,1.50
2012.02.16 09:13:41.454,1.45555,1.45584,1.69,2.25
2012.02.16 09:13:41.530,1.45553,1.45583,1.80,1.88
2012.02.16 09:13:41.884,1.45554,1.45577,1.50,1.12
2012.02.16 09:13:42.238,1.45557,1.45576,1.50,1.13
2012.02.16 09:13:42.769,1.45556,1.45576,1.43,1.13
2012.02.16 09:13:42.862,1.45565,1.45592,1.50,4.88
2012.02.16 09:13:43.446,1.45564,1.45592,2.25,4.88
2012.02.16 09:13:44.272,1.45565,1.45592,1.50,4.88
2012.02.16 09:13:45.117,1.45566,1.45592,1.50,4.88
2012.02.16 09:13:46.125,1.45574,1.45595,4.50,2.33
2012.02.16 09:13:46.336,1.45574,1.45595,4.50,1.50
2012.02.16 09:13:46.535,1.45574,1.45599,4.50,1.50
2012.02.16 09:13:47.837,1.45574,1.45598,4.50,1.50
2012.02.16 09:13:48.492,1.45574,1.456,4.50,2.25
2012.02.16 09:13:50.023,1.45574,1.45599,4.50,1.50
2012.02.16 09:13:53.048,1.45574,1.45597,4.50,1.50
2012.02.16 09:13:53.714,1.45574,1.45596,4.50,1.50
2012.02.16 09:13:53.792,1.45567,1.45596,1.88,1.50
2012.02.16 09:13:54.745,1.45567,1.45597,1.88,1.50
2012.02.16 09:13:57.345,1.45567,1.45595,1.50,1.50
2012.02.16 09:13:57.674,1.4557,1.45593,4.50,1.50
2012.02.16 09:14:00.196,1.4557,1.45596,4.50,1.50
2012.02.16 09:14:00.342,1.4557,1.45597,1.62,2.63
2012.02.16 09:14:00.698,1.45569,1.45598,3.19,1.50
2012.02.16 09:14:00.850,1.45569,1.45597,2.44,1.50
2012.02.16 09:14:01.975,1.45568,1.45598,2.63,1.50
2012.02.16 09:14:02.320,1.45565,1.45593,1.84,1.50
2012.02.16 09:14:02.875,1.45564,1.45593,2.40,1.50
2012.02.16 09:14:03.966,1.45564,1.45592,2.40,1.50
2012.02.16 09:14:04.324,1.4557,1.45598,6.00,4.88
2012.02.16 09:14:06.128,1.45575,1.45598,1.50,4.88
2012.02.16 09:14:06.677,1.45578,1.45598,1.43,4.88
2012.02.16 09:14:08.358,1.45587,1.45607,4.50,2.25
2012.02.16 09:14:08.456,1.45587,1.45613,4.69,3.07
2012.02.16 09:14:08.536,1.45587,1.45613,4.69,2.25
2012.02.16 09:14:08.615,1.45592,1.45613,1.50,2.25
2012.02.16 09:14:08.847,1.45588,1.45615,2.18,6.37
2012.02.16 09:14:09.000,1.45587,1.45609,5.93,1.50
2012.02.16 09:14:09.722,1.45586,1.45609,1.88,1.50
2012.02.16 09:14:09.811,1.45581,1.4561,2.14,1.50
2012.02.16 09:14:10.238,1.45583,1.45612,1.84,1.50
2012.02.16 09:14:10.754,1.45581,1.45611,2.14,1.50
2012.02.16 09:14:11.287,1.45583,1.45612,2.22,1.50
2012.02.16 09:14:11.832,1.45581,1.4561,3.64,1.50
2012.02.16 09:14:12.327,1.45581,1.45608,2.14,1.50
2012.02.16 09:14:12.825,1.45581,1.45611,2.14,1.50
2012.02.16 09:14:13.807,1.45581,1.45611,1.80,1.84
2012.02.16 09:14:13.882,1.4558,1.45607,1.80,1.50
2012.02.16 09:14:14.278,1.45598,1.45607,4.50,1.50
2012.02.16 09:14:14.356,1.45598,1.4561,4.50,2.25
2012.02.16 09:14:14.499,1.45585,1.45613,1.13,2.32
2012.02.16 09:14:14.583,1.45585,1.45608,1.13,1.50
2012.02.16 09:14:15.096,1.45589,1.45608,1.43,1.50
2012.02.16 09:14:15.179,1.45577,1.45605,1.88,1.50
2012.02.16 09:14:15.395,1.4558,1.45608,2.18,3.00
2012.02.16 09:14:16.053,1.4558,1.45607,1.80,1.50
2012.02.16 09:14:16.193,1.45588,1.45607,4.50,1.50
2012.02.16 09:14:18.006,1.45587,1.45614,1.13,1.50
2012.02.16 09:14:18.292,1.45587,1.45611,1.13,1.50
2012.02.16 09:14:18.507,1.45587,1.45613,1.13,2.25
2012.02.16 09:14:19.829,1.45587,1.45611,1.13,1.50
2012.02.16 09:14:20.520,1.45587,1.4561,1.13,1.50
2012.02.16 09:14:21.571,1.45587,1.45613,1.13,1.50
2012.02.16 09:14:23.691,1.45587,1.45611,1.13,1.50
2012.02.16 09:14:24.072,1.45587,1.45613,1.13,1.50
2012.02.16 09:14:24.283,1.45587,1.45611,1.13,1.50
2012.02.16 09:14:24.638,1.45587,1.45605,1.13,1.50
2012.02.16 09:14:25.266,1.45587,1.456,1.13,1.50
2012.02.16 09:14:25.349,1.45587,1.45602,1.13,1.50
2012.02.16 09:14:25.568,1.45587,1.45607,1.13,1.43
2012.02.16 09:14:25.651,1.45587,1.4561,1.13,1.50
2012.02.16 09:14:26.079,1.45587,1.45612,1.13,1.50
2012.02.16 09:14:26.430,1.45599,1.45614,4.50,1.50
2012.02.16 09:14:26.963,1.45599,1.45616,4.50,2.25
2012.02.16 09:14:27.254,1.45599,1.45614,4.50,1.50
2012.02.16 09:14:28.208,1.45599,1.45613,4.50,1.50
2012.02.16 09:14:29.061,1.45599,1.45612,4.50,1.50
2012.02.16 09:14:29.721,1.45599,1.45611,4.50,1.50
2012.02.16 09:14:30.240,1.45599,1.45612,4.50,1.50
2012.02.16 09:14:31.299,1.45599,1.45611,4.50,1.50
2012.02.16 09:14:31.806,1.45599,1.45613,4.50,1.50
2012.02.16 09:14:32.826,1.45599,1.45615,4.50,1.50
2012.02.16 09:14:32.928,1.45599,1.45616,4.50,1.47
2012.02.16 09:14:33.242,1.45597,1.45601,3.75,1.50
2012.02.16 09:14:33.327,1.45582,1.45601,4.50,1.50
2012.02.16 09:14:33.413,1.45576,1.45601,1.13,1.50
2012.02.16 09:14:33.558,1.45576,1.45603,1.13,1.50
2012.02.16 09:14:33.777,1.45576,1.45601,1.13,1.50
2012.02.16 09:14:34.405,1.45579,1.4561,1.50,3.83
2012.02.16 09:14:34.848,1.45578,1.45607,2.44,1.50
2012.02.16 09:14:35.407,1.45577,1.45606,2.44,1.50
2012.02.16 09:14:37.927,1.45577,1.45605,1.69,1.50
2012.02.16 09:14:38.578,1.45578,1.45608,1.69,1.50
2012.02.16 09:14:39.225,1.4558,1.45611,1.50,1.88
2012.02.16 09:14:39.775,1.45579,1.4561,1.50,1.88
2012.02.16 09:14:40.242,1.45581,1.4561,1.50,1.88
2012.02.16 09:14:41.211,1.45579,1.4561,1.50,1.88
2012.02.16 09:14:41.686,1.4558,1.45608,1.50,1.50
2012.02.16 09:14:41.766,1.45579,1.4561,1.50,1.88
2012.02.16 09:14:42.315,1.4558,1.45611,1.50,1.88
2012.02.16 09:14:42.825,1.45581,1.4561,1.50,1.88
2012.02.16 09:14:45.818,1.45578,1.45607,3.00,1.50
2012.02.16 09:14:45.966,1.45575,1.45605,2.44,1.50
2012.02.16 09:14:46.234,1.45586,1.45605,4.50,1.50
2012.02.16 09:14:46.323,1.45586,1.45608,4.50,1.50
2012.02.16 09:14:46.535,1.45586,1.4561,4.50,1.50
2012.02.16 09:14:47.935,1.4558,1.45609,2.82,1.50
2012.02.16 09:14:48.079,1.45582,1.45612,1.88,2.25
2012.02.16 09:14:48.344,1.45582,1.45613,1.69,2.25
2012.02.16 09:14:48.915,1.45595,1.45613,4.50,2.25
2012.02.16 09:14:50.997,1.45586,1.45613,2.18,1.50
2012.02.16 09:14:51.077,1.45586,1.45611,1.43,1.50
2012.02.16 09:14:51.303,1.45587,1.45612,4.50,1.50
2012.02.16 09:14:51.386,1.45581,1.45608,2.18,1.50
2012.02.16 09:14:51.459,1.45581,1.45608,2.55,1.50
2012.02.16 09:14:51.538,1.45581,1.4561,1.80,1.50
2012.02.16 09:14:51.621,1.4558,1.4561,1.88,1.50
2012.02.16 09:14:51.695,1.45579,1.45608,1.88,1.50
2012.02.16 09:14:52.261,1.45578,1.45607,1.88,1.50
2012.02.16 09:14:52.964,1.45579,1.45609,1.88,1.50
2012.02.16 09:14:53.222,1.45579,1.45607,1.88,1.50
2012.02.16 09:14:53.564,1.45578,1.45605,1.88,1.13
2012.02.16 09:14:54.123,1.45579,1.45604,1.50,1.50
2012.02.16 09:14:54.685,1.4558,1.45604,1.50,1.50
2012.02.16 09:14:54.847,1.45578,1.45604,3.75,1.50
2012.02.16 09:14:55.603,1.45577,1.45605,2.63,1.13
2012.02.16 09:14:55.675,1.45576,1.45607,1.69,1.88
2012.02.16 09:14:56.154,1.45576,1.45605,1.69,1.50
2012.02.16 09:14:56.283,1.45576,1.45607,1.69,1.50
2012.02.16 09:14:57.055,1.45576,1.45607,1.88,1.50
2012.02.16 09:14:57.463,1.45576,1.45605,2.63,4.50
2012.02.16 09:15:00.364,1.45579,1.45603,1.50,1.50
2012.02.16 09:15:00.432,1.45577,1.45603,2.25,1.50
2012.02.16 09:15:00.992,1.45579,1.45603,1.50,1.50
2012.02.16 09:15:01.063,1.45577,1.45603,2.25,1.50
2012.02.16 09:15:01.647,1.45581,1.45605,1.50,4.50
2012.02.16 09:15:01.745,1.45581,1.45609,1.50,1.13
2012.02.16 09:15:01.822,1.45584,1.45612,1.50,1.12
2012.02.16 09:15:02.388,1.45583,1.45613,1.50,2.25
2012.02.16 09:15:02.469,1.45587,1.45615,1.50,2.63
2012.02.16 09:15:03.006,1.45586,1.45615,1.50,2.63
2012.02.16 09:15:03.074,1.45584,1.45615,1.50,2.63
2012.02.16 09:15:03.679,1.45584,1.45612,1.50,1.50
2012.02.16 09:15:05.004,1.45584,1.45612,3.38,1.50
2012.02.16 09:15:05.074,1.45587,1.45615,1.50,1.50
2012.02.16 09:15:05.589,1.45587,1.45616,1.50,1.88
2012.02.16 09:15:05.957,1.45583,1.45614,2.63,1.50
2012.02.16 09:15:06.464,1.45585,1.45613,1.69,1.50
2012.02.16 09:15:07.102,1.45586,1.45614,1.69,1.50
2012.02.16 09:15:07.594,1.45583,1.45611,2.40,1.50
2012.02.16 09:15:08.130,1.45584,1.45615,2.03,2.25
2012.02.16 09:15:08.413,1.45587,1.45615,1.50,2.25
2012.02.16 09:15:08.628,1.45587,1.45615,1.50,1.50
2012.02.16 09:15:08.776,1.45585,1.45616,3.72,1.50
2012.02.16 09:15:09.053,1.45584,1.45615,2.22,2.25
2012.02.16 09:15:09.384,1.45581,1.45608,2.14,1.50
2012.02.16 09:15:10.115,1.45587,1.45608,1.13,1.50
2012.02.16 09:15:10.181,1.45587,1.45612,1.13,1.50
2012.02.16 09:15:10.267,1.45587,1.45614,2.63,1.50
2012.02.16 09:15:10.686,1.45591,1.45615,4.50,2.63
2012.02.16 09:15:10.968,1.45591,1.45618,4.50,3.38
2012.02.16 09:15:14.926,1.45591,1.45616,4.50,1.50
2012.02.16 09:15:14.999,1.45591,1.45612,4.50,1.50
2012.02.16 09:15:15.170,1.45584,1.45613,1.09,2.25
2012.02.16 09:15:15.316,1.45583,1.45613,2.03,1.50
2012.02.16 09:15:15.476,1.45586,1.45615,1.50,2.25
2012.02.16 09:15:16.099,1.45582,1.45612,1.84,1.50
2012.02.16 09:15:16.201,1.45576,1.45607,2.07,1.50
2012.02.16 09:15:16.679,1.45578,1.45609,1.50,1.50
2012.02.16 09:15:17.218,1.45578,1.45608,1.50,1.50
2012.02.16 09:15:17.434,1.45577,1.45606,1.50,1.50
2012.02.16 09:15:17.971,1.45575,1.45605,2.07,1.88
2012.02.16 09:15:18.287,1.45577,1.45602,1.13,1.50
2012.02.16 09:15:18.832,1.45577,1.45601,1.13,1.50
2012.02.16 09:15:18.909,1.45577,1.45603,1.13,2.25
2012.02.16 09:15:18.987,1.45577,1.45603,1.13,3.00
2012.02.16 09:15:19.380,1.45577,1.45603,1.13,2.25
2012.02.16 09:15:19.952,1.45573,1.45602,1.50,1.50
2012.02.16 09:15:20.379,1.45573,1.45602,1.50,2.25
2012.02.16 09:15:20.585,1.4557,1.45599,1.50,2.25
2012.02.16 09:15:21.082,1.45572,1.45599,1.50,1.50
2012.02.16 09:15:21.835,1.45571,1.45599,1.50,1.50
2012.02.16 09:15:22.045,1.45569,1.45598,1.50,1.50
2012.02.16 09:15:22.253,1.45577,1.45598,4.50,2.25
2012.02.16 09:15:22.467,1.45568,1.45598,1.13,3.00
2012.02.16 09:15:22.545,1.45567,1.45598,3.30,3.00
2012.02.16 09:15:22.615,1.45567,1.45598,1.88,3.00
2012.02.16 09:15:23.091,1.45567,1.45598,1.88,3.00
2012.02.16 09:15:23.163,1.45567,1.45598,1.88,3.00
2012.02.16 09:15:23.313,1.45567,1.45598,1.88,3.00
2012.02.16 09:15:26.347,1.45567,1.45595,1.88,1.50
2012.02.16 09:15:26.944,1.45568,1.45596,1.88,2.25
2012.02.16 09:15:28.227,1.45568,1.45596,1.88,2.25
2012.02.16 09:15:29.456,1.45566,1.45594,2.07,2.25
2012.02.16 09:15:29.525,1.45566,1.45594,2.07,2.25
2012.02.16 09:15:29.988,1.45563,1.45594,2.40,3.75
2012.02.16 09:15:30.948,1.45568,1.45596,1.50,3.68
2012.02.16 09:15:31.518,1.45565,1.45594,2.40,2.25
2012.02.16 09:15:33.175,1.45564,1.45594,2.03,2.18
2012.02.16 09:15:33.452,1.45567,1.45594,1.50,2.18
2012.02.16 09:15:33.824,1.45569,1.45595,1.50,2.18
2012.02.16 09:15:34.427,1.45566,1.45594,1.50,2.25
2012.02.16 09:15:35.878,1.45567,1.45595,1.50,3.68
2012.02.16 09:15:37.084,1.45568,1.45595,1.50,2.18
2012.02.16 09:15:37.242,1.45568,1.45595,1.50,2.18
2012.02.16 09:15:37.494,1.45565,1.45595,2.03,3.68
2012.02.16 09:15:38.106,1.45566,1.45595,3.00,2.18
2012.02.16 09:15:38.914,1.45569,1.45595,1.50,2.18
2012.02.16 09:15:39.446,1.45566,1.45595,1.50,2.18
2012.02.16 09:15:39.584,1.45566,1.45595,1.50,2.18
2012.02.16 09:15:40.380,1.45566,1.45594,1.50,1.50
2012.02.16 09:15:40.472,1.45563,1.45591,2.97,1.13
2012.02.16 09:15:41.112,1.45563,1.45586,1.13,2.25
2012.02.16 09:15:41.279,1.45552,1.45579,1.88,1.50
2012.02.16 09:15:41.415,1.45552,1.45582,1.88,2.25
2012.02.16 09:15:41.544,1.45556,1.45584,1.50,2.62
2012.02.16 09:15:41.873,1.45556,1.45582,1.50,1.50
2012.02.16 09:15:42.008,1.45553,1.45582,1.88,1.50
2012.02.16 09:15:43.225,1.45557,1.45582,1.50,1.50
2012.02.16 09:15:43.331,1.45555,1.45584,1.88,1.57
2012.02.16 09:15:43.413,1.45555,1.45578,1.88,4.50
2012.02.16 09:15:43.574,1.45549,1.45578,2.63,6.37
2012.02.16 09:15:43.654,1.45549,1.45576,2.63,1.49
2012.02.16 09:15:45.271,1.45553,1.45573,1.50,1.12
2012.02.16 09:15:45.575,1.45548,1.45575,4.50,1.13
2012.02.16 09:15:45.874,1.45548,1.45572,4.50,1.57
2012.02.16 09:15:46.210,1.45548,1.45568,4.50,1.50
2012.02.16 09:15:46.863,1.45541,1.45569,1.50,2.25
2012.02.16 09:15:47.213,1.45545,1.45568,1.50,1.88
2012.02.16 09:15:47.578,1.45548,1.45568,1.50,1.49
2012.02.16 09:15:47.658,1.45546,1.45568,1.50,1.49
2012.02.16 09:15:48.961,1.45545,1.45565,1.50,1.20
2012.02.16 09:15:49.736,1.45546,1.45563,1.50,1.57
2012.02.16 09:15:49.853,1.4554,1.45559,1.13,2.25
2012.02.16 09:15:50.282,1.4554,1.45561,1.13,1.87
2012.02.16 09:15:50.363,1.4554,1.45559,1.13,1.50
2012.02.16 09:15:50.732,1.45539,1.45559,4.50,3.38
2012.02.16 09:15:51.522,1.45539,1.45557,4.50,1.13
2012.02.16 09:15:51.853,1.45535,1.45556,4.50,2.25
2012.02.16 09:15:51.927,1.45528,1.45556,1.13,2.25
2012.02.16 09:15:53.162,1.4553,1.45557,1.50,1.13
2012.02.16 09:15:53.845,1.4553,1.45557,1.50,1.13
2012.02.16 09:15:53.967,1.45533,1.45557,1.50,1.13
2012.02.16 09:15:54.047,1.45533,1.45558,1.50,1.49
2012.02.16 09:15:54.714,1.45529,1.45557,1.50,1.13
2012.02.16 09:15:54.802,1.45528,1.45557,3.30,1.13
2012.02.16 09:15:56.268,1.45528,1.45557,2.63,1.13
2012.02.16 09:15:56.347,1.45529,1.45557,1.13,1.13
2012.02.16 09:15:56.624,1.45528,1.45557,1.88,2.63
2012.02.16 09:15:59.203,1.45528,1.45553,1.13,1.50
2012.02.16 09:15:59.824,1.45526,1.45551,1.88,1.50
2012.02.16 09:16:00.073,1.45526,1.45553,1.13,1.50
2012.02.16 09:16:00.870,1.45526,1.45555,2.63,2.25
2012.02.16 09:16:00.943,1.45526,1.45556,2.63,1.50
2012.02.16 09:16:01.370,1.45527,1.45546,2.63,4.50
2012.02.16 09:16:01.984,1.45522,1.45544,1.50,1.65
2012.02.16 09:16:02.516,1.45523,1.45544,2.25,1.20
2012.02.16 09:16:02.599,1.45529,1.45547,4.50,1.20
2012.02.16 09:16:02.679,1.45531,1.45555,3.68,1.95
2012.02.16 09:16:02.761,1.45531,1.45557,3.68,5.63
2012.02.16 09:16:02.924,1.45534,1.45557,1.50,4.88
2012.02.16 09:16:03.457,1.4554,1.45557,1.50,4.88
2012.02.16 09:16:03.539,1.45538,1.45557,1.50,4.88
2012.02.16 09:16:03.682,1.45534,1.45557,1.50,4.88
2012.02.16 09:16:04.033,1.45536,1.45557,1.43,4.88
2012.02.16 09:16:04.387,1.45536,1.45557,3.30,4.88
2012.02.16 09:16:05.065,1.45539,1.45557,1.50,4.88
2012.02.16 09:16:05.584,1.45538,1.45557,1.62,4.88
2012.02.16 09:16:10.050,1.45537,1.45557,1.80,4.88
2012.02.16 09:16:13.480,1.45536,1.45557,2.18,4.50
2012.02.16 09:16:13.775,1.45549,1.45569,1.13,2.25
2012.02.16 09:16:14.262,1.45549,1.4557,1.13,2.18
2012.02.16 09:16:14.421,1.45541,1.45566,1.09,1.50
2012.02.16 09:16:14.930,1.45541,1.45566,1.09,2.25
2012.02.16 09:16:15.643,1.45541,1.45566,1.09,1.50
2012.02.16 09:16:16.475,1.45541,1.45568,1.09,4.50
2012.02.16 09:16:18.766,1.45541,1.45566,1.09,1.50
2012.02.16 09:16:20.685,1.45541,1.45566,2.59,1.50
2012.02.16 09:16:21.130,1.45541,1.45568,2.59,4.50
2012.02.16 09:16:21.204,1.45541,1.45566,2.59,1.50
2012.02.16 09:16:23.478,1.45541,1.45568,2.59,4.50
2012.02.16 09:16:24.469,1.45541,1.45568,2.59,5.25
2012.02.16 09:16:24.555,1.45545,1.45568,1.50,5.25
2012.02.16 09:16:24.694,1.45543,1.45568,1.69,5.25
2012.02.16 09:16:25.783,1.45545,1.45568,1.43,5.25
2012.02.16 09:16:27.135,1.45542,1.45568,2.44,5.25
2012.02.16 09:16:27.395,1.45542,1.45568,2.78,5.25
2012.02.16 09:16:28.322,1.45542,1.45566,1.09,1.50
2012.02.16 09:16:29.164,1.45542,1.45568,1.09,4.50
2012.02.16 09:16:29.375,1.45542,1.45568,2.25,4.50
2012.02.16 09:16:31.920,1.4554,1.45566,6.00,1.50
2012.02.16 09:16:32.003,1.4554,1.45568,4.50,7.43
2012.02.16 09:16:32.559,1.45542,1.45568,1.13,6.00
2012.02.16 09:16:32.904,1.45542,1.45568,1.13,4.50
2012.02.16 09:16:33.914,1.45542,1.45568,1.32,4.50
2012.02.16 09:16:34.246,1.45545,1.45568,1.43,4.50
2012.02.16 09:16:36.412,1.45544,1.45568,1.43,4.50
2012.02.16 09:16:37.145,1.45542,1.45568,1.32,4.50
2012.02.16 09:16:38.198,1.45542,1.45568,3.00,4.50
2012.02.16 09:16:38.660,1.45546,1.45568,1.28,5.25
2012.02.16 09:16:39.375,1.45551,1.45572,4.50,2.25
2012.02.16 09:16:42.100,1.45551,1.45572,4.50,2.18
2012.02.16 09:16:42.302,1.45551,1.45572,4.50,2.18
2012.02.16 09:16:44.523,1.45551,1.45573,4.50,2.25
2012.02.16 09:16:45.301,1.45551,1.45574,4.50,3.00
2012.02.16 09:16:45.431,1.45551,1.45571,4.50,1.50
2012.02.16 09:16:45.776,1.45551,1.45571,4.50,2.25
2012.02.16 09:16:46.123,1.45551,1.45572,4.50,1.50
2012.02.16 09:16:46.194,1.45551,1.45572,4.50,2.25
2012.02.16 09:16:46.984,1.45551,1.45575,4.50,2.25
2012.02.16 09:16:47.581,1.45551,1.45572,4.50,1.50
2012.02.16 09:16:47.964,1.45551,1.45572,4.50,2.25
2012.02.16 09:16:48.183,1.45551,1.45572,4.50,1.50
2012.02.16 09:16:50.285,1.45543,1.45567,2.37,1.13
2012.02.16 09:16:50.363,1.45543,1.45567,1.88,1.13
2012.02.16 09:16:50.726,1.4554,1.45567,4.69,1.13
2012.02.16 09:16:51.080,1.4554,1.45566,4.50,1.50
2012.02.16 09:16:51.167,1.45542,1.45567,2.25,1.13
2012.02.16 09:16:51.251,1.45542,1.45563,2.25,1.43
2012.02.16 09:16:51.858,1.4554,1.45566,4.50,3.68
2012.02.16 09:16:51.950,1.45536,1.45557,1.88,4.50
2012.02.16 09:16:53.392,1.45537,1.45557,1.88,4.50
2012.02.16 09:16:54.648,1.45533,1.45555,1.50,1.13
2012.02.16 09:16:55.090,1.45533,1.45553,1.50,1.43
2012.02.16 09:16:55.792,1.45526,1.45545,1.88,4.50
2012.02.16 09:16:56.629,1.45529,1.45545,1.50,4.50
2012.02.16 09:16:58.956,1.45523,1.45544,2.40,1.13
2012.02.16 09:16:59.170,1.45521,1.45544,1.50,1.13
2012.02.16 09:16:59.248,1.45519,1.45544,1.65,1.13
2012.02.16 09:16:59.980,1.45519,1.45544,5.40,1.13
2012.02.16 09:17:00.132,1.45529,1.45546,4.50,1.88
2012.02.16 09:17:00.286,1.45529,1.45548,4.88,1.50
2012.02.16 09:17:00.705,1.45529,1.4555,4.88,1.50
2012.02.16 09:17:01.264,1.45529,1.45552,6.23,2.62
2012.02.16 09:17:01.408,1.45529,1.45553,5.33,1.50
2012.02.16 09:17:02.054,1.45529,1.45553,5.78,2.25
2012.02.16 09:17:02.428,1.45529,1.4555,5.07,2.18
2012.02.16 09:17:02.746,1.45531,1.45551,2.25,2.18
2012.02.16 09:17:02.898,1.45533,1.4556,1.88,1.50
2012.02.16 09:17:02.984,1.4554,1.45561,1.69,2.18
2012.02.16 09:17:03.465,1.45539,1.45565,1.69,1.13
2012.02.16 09:17:03.550,1.45536,1.45565,2.25,1.88
2012.02.16 09:17:03.701,1.45537,1.45565,1.50,4.80
2012.02.16 09:17:03.845,1.45537,1.45565,1.50,3.38
2012.02.16 09:17:04.274,1.45537,1.45565,1.50,3.38
2012.02.16 09:17:04.560,1.45538,1.45565,5.22,4.43
2012.02.16 09:17:05.038,1.45536,1.45553,1.50,2.18
2012.02.16 09:17:05.694,1.45529,1.45552,2.10,1.43
2012.02.16 09:17:06.258,1.45527,1.45555,6.34,4.50
2012.02.16 09:17:09.288,1.45531,1.45555,1.50,4.50
2012.02.16 09:17:11.531,1.45533,1.45555,1.50,4.50
2012.02.16 09:17:13.084,1.45532,1.45555,1.50,4.50
2012.02.16 09:17:13.607,1.4553,1.45555,1.50,4.50
2012.02.16 09:17:13.753,1.45526,1.45553,2.22,1.43
2012.02.16 09:17:13.827,1.45529,1.45557,1.50,1.50
2012.02.16 09:17:14.293,1.45529,1.45554,1.50,4.50
2012.02.16 09:17:14.459,1.45528,1.45557,1.50,1.88
2012.02.16 09:17:14.536,1.45528,1.45557,1.50,1.50
2012.02.16 09:17:14.993,1.45531,1.4556,1.50,2.25
2012.02.16 09:17:15.545,1.4553,1.45559,1.50,2.25
2012.02.16 09:17:16.008,1.45532,1.45561,1.50,2.25
2012.02.16 09:17:16.648,1.45533,1.45562,1.50,2.25
2012.02.16 09:17:17.236,1.45532,1.45563,1.50,3.00
2012.02.16 09:17:17.535,1.45532,1.45563,1.50,2.25
2012.02.16 09:17:19.303,1.45531,1.45562,3.90,1.50
2012.02.16 09:17:19.491,1.45532,1.45561,1.88,1.50
2012.02.16 09:17:19.883,1.45532,1.45561,1.88,1.50
2012.02.16 09:17:20.585,1.45531,1.45562,1.88,1.50
2012.02.16 09:17:21.813,1.45531,1.45558,1.50,4.50
2012.02.16 09:17:22.145,1.4553,1.45558,1.24,1.50
2012.02.16 09:17:22.273,1.45532,1.45561,1.50,3.00
2012.02.16 09:17:22.486,1.45533,1.45562,1.50,2.63
2012.02.16 09:17:22.568,1.45531,1.45559,1.88,1.13
2012.02.16 09:17:22.789,1.45529,1.45557,6.00,4.50
2012.02.16 09:17:23.651,1.45532,1.45557,1.88,4.50
2012.02.16 09:17:23.797,1.45532,1.45557,1.88,4.50
2012.02.16 09:17:24.219,1.45534,1.45555,1.50,1.50
2012.02.16 09:17:24.809,1.45534,1.45555,1.50,1.50
2012.02.16 09:17:25.391,1.45534,1.45557,1.50,4.50
2012.02.16 09:17:27.292,1.45534,1.45555,1.50,1.50
2012.02.16 09:17:29.075,1.45533,1.45555,1.50,1.50
2012.02.16 09:17:29.685,1.45533,1.45557,1.50,4.50
2012.02.16 09:17:29.758,1.45533,1.45559,1.50,1.50
2012.02.16 09:17:29.827,1.45529,1.45559,1.50,1.50
2012.02.16 09:17:29.978,1.45529,1.45556,1.50,1.95
2012.02.16 09:17:30.586,1.4553,1.45556,1.50,2.32
2012.02.16 09:17:31.273,1.4553,1.45558,1.50,1.12
2012.02.16 09:17:31.614,1.45529,1.45552,1.50,1.43
2012.02.16 09:17:32.292,1.4553,1.45552,1.50,1.43
2012.02.16 09:17:32.817,1.4553,1.45553,1.50,1.43
2012.02.16 09:17:33.292,1.4553,1.4555,1.50,4.50
2012.02.16 09:17:33.373,1.45526,1.4555,1.50,4.50
2012.02.16 09:17:33.443,1.45522,1.4555,6.00,4.50
2012.02.16 09:17:34.799,1.4552,1.45539,1.88,4.50
2012.02.16 09:17:35.359,1.4552,1.45539,1.50,4.50
2012.02.16 09:17:37.106,1.45516,1.45539,1.50,4.50
2012.02.16 09:17:37.387,1.45513,1.45539,1.50,4.50
2012.02.16 09:17:37.470,1.45515,1.45538,1.50,2.18
2012.02.16 09:17:38.021,1.45521,1.45539,1.50,4.50
2012.02.16 09:17:38.100,1.45518,1.45539,1.50,4.50
2012.02.16 09:17:38.867,1.45519,1.45539,1.50,4.50
2012.02.16 09:17:39.085,1.45521,1.45539,1.50,4.50
2012.02.16 09:17:39.564,1.45523,1.45539,1.50,4.50
2012.02.16 09:17:40.139,1.45521,1.45539,1.50,4.50
2012.02.16 09:17:42.115,1.45522,1.45539,1.50,4.50
2012.02.16 09:17:43.972,1.45523,1.45539,1.50,4.50
2012.02.16 09:17:44.186,1.45522,1.45543,1.50,1.13
2012.02.16 09:17:44.336,1.45522,1.45552,1.69,3.68
2012.02.16 09:17:44.685,1.45526,1.45549,1.50,1.50
2012.02.16 09:17:45.251,1.45526,1.45553,2.25,1.50
2012.02.16 09:17:45.795,1.45527,1.45554,2.25,1.50
2012.02.16 09:17:47.073,1.45525,1.45552,6.38,1.43
2012.02.16 09:17:48.567,1.45525,1.45554,4.88,4.43
2012.02.16 09:17:52.783,1.45526,1.45553,2.25,2.93
2012.02.16 09:17:54.400,1.45526,1.4555,2.25,1.43
2012.02.16 09:17:54.497,1.45526,1.45553,2.25,2.18
2012.02.16 09:17:56.796,1.45533,1.45553,1.50,1.43
2012.02.16 09:17:57.376,1.45533,1.45555,1.88,1.80
2012.02.16 09:17:57.467,1.45541,1.45565,4.50,3.00
2012.02.16 09:17:57.557,1.45541,1.45564,4.50,1.13
2012.02.16 09:17:59.465,1.45543,1.45569,2.03,6.00
2012.02.16 09:18:03.669,1.45543,1.45565,2.48,2.18
2012.02.16 09:18:03.821,1.45543,1.45568,2.48,2.18
2012.02.16 09:18:03.971,1.45543,1.45567,2.48,1.50
2012.02.16 09:18:04.728,1.45543,1.45566,1.13,1.50
2012.02.16 09:18:05.084,1.45543,1.45564,1.13,1.50
2012.02.16 09:18:05.638,1.45543,1.45568,1.13,4.05
2012.02.16 09:18:06.407,1.45552,1.45569,4.50,1.50
2012.02.16 09:18:06.701,1.45552,1.45576,4.50,1.88
2012.02.16 09:18:08.187,1.45552,1.45569,4.50,1.50
2012.02.16 09:18:08.338,1.45542,1.45568,1.13,4.50
2012.02.16 09:18:09.355,1.45551,1.45573,4.50,1.13
2012.02.16 09:18:10.124,1.45553,1.45579,3.08,4.50
2012.02.16 09:18:11.338,1.45557,1.45579,1.50,4.50
2012.02.16 09:18:11.965,1.45556,1.45579,1.88,4.50
2012.02.16 09:18:14.921,1.45557,1.45579,1.50,4.50
2012.02.16 09:18:14.994,1.45559,1.45579,1.50,4.50
2012.02.16 09:18:15.323,1.45556,1.45579,1.88,4.50
2012.02.16 09:18:16.077,1.45557,1.45579,1.50,4.50
2012.02.16 09:18:16.848,1.45558,1.45579,1.50,4.50
2012.02.16 09:18:17.406,1.45556,1.45579,2.25,4.50
2012.02.16 09:18:18.242,1.45555,1.45579,3.38,4.50
2012.02.16 09:18:18.325,1.45555,1.45577,1.50,1.13
2012.02.16 09:18:18.402,1.45553,1.45576,2.25,1.17
2012.02.16 09:18:18.486,1.45553,1.45563,1.50,4.50
2012.02.16 09:18:19.046,1.45547,1.45563,1.95,4.50
2012.02.16 09:18:19.134,1.45551,1.4558,1.50,1.87
2012.02.16 09:18:19.347,1.45551,1.45582,1.95,1.87
2012.02.16 09:18:19.640,1.45548,1.45578,1.84,2.25
2012.02.16 09:18:19.718,1.45548,1.45575,1.50,2.25
2012.02.16 09:18:19.799,1.45545,1.45573,1.65,1.50
2012.02.16 09:18:20.095,1.45544,1.4557,1.65,1.50
2012.02.16 09:18:20.624,1.45543,1.4557,1.35,1.50
2012.02.16 09:18:20.995,1.45562,1.45585,1.13,1.50
2012.02.16 09:18:21.348,1.45562,1.4558,1.13,2.25
2012.02.16 09:18:22.435,1.45562,1.45575,1.13,1.50
2012.02.16 09:18:23.011,1.45562,1.45574,1.13,2.25
2012.02.16 09:18:23.343,1.45562,1.45576,1.13,1.50
2012.02.16 09:18:23.891,1.45562,1.45575,1.13,1.50
2012.02.16 09:18:24.825,1.45562,1.45577,1.13,2.25
2012.02.16 09:18:26.522,1.45562,1.45578,1.13,2.18
2012.02.16 09:18:27.724,1.45562,1.45577,1.13,3.68
2012.02.16 09:18:28.827,1.45562,1.45575,1.13,2.25
2012.02.16 09:18:29.594,1.45561,1.45574,4.50,3.00
2012.02.16 09:18:29.862,1.45557,1.45571,4.50,2.25
2012.02.16 09:18:29.933,1.45545,1.4557,1.13,2.25
2012.02.16 09:18:30.007,1.45545,1.45568,1.13,2.25
2012.02.16 09:18:31.909,1.45545,1.4557,1.13,2.25
2012.02.16 09:18:32.233,1.45545,1.45569,1.13,3.68
2012.02.16 09:18:32.771,1.45545,1.45568,1.13,1.50
2012.02.16 09:18:34.601,1.45545,1.45569,1.13,3.68
2012.02.16 09:18:34.816,1.45545,1.45569,1.13,3.68
2012.02.16 09:18:35.031,1.45545,1.45569,2.03,2.18
2012.02.16 09:18:35.111,1.45545,1.45569,2.03,2.25
2012.02.16 09:18:37.606,1.45545,1.45569,2.03,2.18
2012.02.16 09:18:41.143,1.45545,1.45568,2.03,3.68
2012.02.16 09:18:41.386,1.45545,1.45568,2.03,2.18
2012.02.16 09:18:42.217,1.45545,1.45566,1.13,2.18
2012.02.16 09:18:42.521,1.45545,1.4557,2.63,2.18
2012.02.16 09:18:42.878,1.45545,1.45572,2.63,1.50
2012.02.16 09:18:46.857,1.4555,1.45575,1.50,2.25
2012.02.16 09:18:47.007,1.45556,1.45575,1.50,2.25
2012.02.16 09:18:47.094,1.45557,1.45578,4.50,1.13
2012.02.16 09:18:47.519,1.45558,1.45583,2.63,2.18
2012.02.16 09:18:48.436,1.45559,1.45581,3.34,1.50
2012.02.16 09:18:48.521,1.4556,1.45585,3.00,2.25
2012.02.16 09:18:48.671,1.45562,1.45585,1.50,2.25
2012.02.16 09:18:49.223,1.45561,1.45585,1.50,2.25
2012.02.16 09:18:50.433,1.45562,1.45583,1.50,2.18
2012.02.16 09:18:50.527,1.4556,1.45583,1.50,2.18
2012.02.16 09:18:50.684,1.45559,1.45584,2.25,1.50
2012.02.16 09:18:51.039,1.45558,1.45584,1.13,1.50
2012.02.16 09:18:51.497,1.45559,1.45585,1.65,2.25
2012.02.16 09:18:51.784,1.4556,1.45584,2.40,1.50
2012.02.16 09:18:52.336,1.45558,1.45584,1.13,1.50
2012.02.16 09:18:52.405,1.45557,1.45584,1.50,1.50
2012.02.16 09:18:52.550,1.45557,1.45585,1.50,2.25
2012.02.16 09:18:53.087,1.45555,1.45583,1.69,1.50
2012.02.16 09:18:53.224,1.45557,1.45584,1.50,1.50
2012.02.16 09:18:53.578,1.45556,1.45582,1.65,2.25
2012.02.16 09:18:53.655,1.45556,1.45582,1.65,1.50
2012.02.16 09:18:53.729,1.45556,1.45582,1.65,2.25
2012.02.16 09:18:54.314,1.45561,1.45582,1.50,2.25
2012.02.16 09:18:54.393,1.45557,1.45582,2.40,2.25
2012.02.16 09:18:54.908,1.45557,1.4558,1.50,2.18
2012.02.16 09:18:55.423,1.45554,1.45581,6.38,2.18
2012.02.16 09:18:58.202,1.45554,1.45581,6.38,1.50
2012.02.16 09:18:58.887,1.45555,1.45579,2.25,1.50
2012.02.16 09:19:04.173,1.45554,1.45578,4.88,1.50
2012.02.16 09:19:04.696,1.45554,1.45578,4.50,1.50
2012.02.16 09:19:05.840,1.45554,1.45575,4.50,1.13
2012.02.16 09:19:07.264,1.45554,1.45575,4.50,1.13
2012.02.16 09:19:09.747,1.45554,1.45575,4.50,1.13
2012.02.16 09:19:10.955,1.45554,1.45575,4.50,1.13
2012.02.16 09:19:11.834,1.45554,1.45578,4.50,3.38
2012.02.16 09:19:12.426,1.45559,1.45583,1.50,2.93
2012.02.16 09:19:12.638,1.45561,1.45583,1.50,1.50
2012.02.16 09:19:12.785,1.45559,1.45583,1.50,1.50
2012.02.16 09:19:13.053,1.45561,1.45583,1.50,1.50
2012.02.16 09:19:13.672,1.4556,1.45584,1.50,5.25
2012.02.16 09:19:14.055,1.45562,1.45584,1.50,5.25
2012.02.16 09:19:14.552,1.45563,1.45584,2.25,5.25
2012.02.16 09:19:14.851,1.45576,1.45586,2.25,3.75
2012.02.16 09:19:15.210,1.45579,1.45603,1.13,1.50
2012.02.16 09:19:15.430,1.45579,1.45603,1.13,1.50
2012.02.16 09:19:15.576,1.45579,1.45604,1.13,3.00
2012.02.16 09:19:16.853,1.45579,1.45603,1.13,1.50
2012.02.16 09:19:17.346,1.45589,1.45607,4.50,1.50
2012.02.16 09:19:17.907,1.45589,1.45607,4.50,1.50
2012.02.16 09:19:17.993,1.45589,1.45609,4.50,2.25
2012.02.16 09:19:18.994,1.45589,1.4561,4.50,1.13
2012.02.16 09:19:20.339,1.45589,1.45608,4.50,2.25
2012.02.16 09:19:20.554,1.45589,1.45609,4.50,2.25
2012.02.16 09:19:20.699,1.45589,1.45609,4.50,2.25
2012.02.16 09:19:20.778,1.45589,1.4561,4.50,3.38
2012.02.16 09:19:21.000,1.45589,1.45608,4.50,1.43
2012.02.16 09:19:21.149,1.45589,1.45611,4.50,1.13
2012.02.16 09:19:21.803,1.45587,1.45613,1.50,1.13
2012.02.16 09:19:21.891,1.45592,1.45618,1.50,1.50
2012.02.16 09:19:22.614,1.45593,1.45619,4.50,3.38
2012.02.16 09:19:22.964,1.4559,1.45619,1.88,3.30
2012.02.16 09:19:23.111,1.4559,1.45615,1.50,1.50
2012.02.16 09:19:23.707,1.45589,1.45615,1.20,3.00
2012.02.16 09:19:23.860,1.45588,1.45614,1.13,3.00
2012.02.16 09:19:24.214,1.45588,1.45612,1.13,1.50
2012.02.16 09:19:24.570,1.45588,1.45605,1.13,2.18
2012.02.16 09:19:25.300,1.45588,1.45609,1.13,2.18
2012.02.16 09:19:25.389,1.45588,1.45605,1.13,2.25
2012.02.16 09:19:26.267,1.45588,1.45603,1.13,2.18
2012.02.16 09:19:26.414,1.45577,1.45603,1.50,2.18
2012.02.16 09:19:26.494,1.45578,1.45596,1.50,1.43
2012.02.16 09:19:26.569,1.45578,1.45603,1.50,2.18
2012.02.16 09:19:27.135,1.45573,1.45602,1.50,2.25
2012.02.16 09:19:27.219,1.45572,1.45599,1.24,1.50
2012.02.16 09:19:27.767,1.45572,1.45599,1.24,1.50
2012.02.16 09:19:28.287,1.45572,1.45598,1.24,2.25
2012.02.16 09:19:29.257,1.45572,1.45598,1.24,2.25
2012.02.16 09:19:29.613,1.45579,1.45598,1.13,3.68
2012.02.16 09:19:29.886,1.45579,1.45597,1.13,2.93
2012.02.16 09:19:31.674,1.45579,1.45596,1.13,2.25
2012.02.16 09:19:33.663,1.45579,1.45597,1.13,3.00
2012.02.16 09:19:36.853,1.45579,1.45598,1.13,2.25
2012.02.16 09:19:37.104,1.45579,1.45598,1.13,2.25
2012.02.16 09:19:37.377,1.45579,1.45598,1.13,2.25
2012.02.16 09:19:37.451,1.45579,1.45598,1.13,2.25
2012.02.16 09:19:37.920,1.45579,1.45598,1.13,2.25
2012.02.16 09:19:38.628,1.45579,1.45599,1.13,1.50
2012.02.16 09:19:38.711,1.45579,1.45603,1.13,2.93
2012.02.16 09:19:39.059,1.45579,1.456,1.13,2.18
2012.02.16 09:19:39.143,1.45579,1.456,1.13,2.55
2012.02.16 09:19:39.345,1.45579,1.45602,1.13,1.13
2012.02.16 09:19:39.429,1.45579,1.45602,1.13,1.13
2012.02.16 09:19:39.872,1.45579,1.456,1.13,2.18
2012.02.16 09:19:41.443,1.4558,1.45602,1.50,1.13
2012.02.16 09:19:41.949,1.45579,1.45602,1.13,1.13
2012.02.16 09:19:43.098,1.45579,1.45602,1.13,1.13
2012.02.16 09:19:43.246,1.45579,1.45602,1.13,1.13
2012.02.16 09:19:43.655,1.45579,1.45602,2.63,1.13
2012.02.16 09:19:44.188,1.45579,1.45602,1.13,1.13
2012.02.16 09:19:45.231,1.45579,1.45602,2.82,1.13
2012.02.16 09:19:46.576,1.4558,1.45602,1.50,1.13
2012.02.16 09:19:47.451,1.45579,1.45602,1.13,1.13
2012.02.16 09:19:47.668,1.45579,1.45605,1.13,4.88
2012.02.16 09:19:47.818,1.45583,1.45605,1.50,4.88
2012.02.16 09:19:48.039,1.45582,1.45608,1.50,1.88
2012.02.16 09:19:48.124,1.45582,1.45605,1.50,1.13
2012.02.16 09:19:48.390,1.45579,1.45605,3.00,1.13
2012.02.16 09:19:48.535,1.45577,1.45605,4.09,1.13
2012.02.16 09:19:49.352,1.4558,1.45605,1.50,1.13
2012.02.16 09:19:50.760,1.45578,1.45605,1.50,1.13
2012.02.16 09:19:51.496,1.45577,1.45605,1.50,1.13
2012.02.16 09:19:52.069,1.45578,1.45605,1.50,1.13
2012.02.16 09:19:52.146,1.45581,1.45605,1.50,1.13
2012.02.16 09:19:52.808,1.4558,1.45605,1.50,1.13
2012.02.16 09:19:53.657,1.45583,1.45605,1.50,1.13
2012.02.16 09:19:54.191,1.45584,1.45605,1.50,1.13
2012.02.16 09:19:54.788,1.45583,1.45605,1.50,1.13
2012.02.16 09:19:55.723,1.45584,1.45608,1.50,1.13
2012.02.16 09:19:55.938,1.45584,1.45609,1.50,1.13
2012.02.16 09:19:57.761,1.45586,1.45611,1.50,1.13
2012.02.16 09:19:57.912,1.45589,1.45614,1.13,4.80
2012.02.16 09:19:58.415,1.45589,1.45611,1.13,1.50
2012.02.16 09:19:58.987,1.45589,1.45612,1.13,2.25
2012.02.16 09:19:59.553,1.45589,1.45612,1.13,3.00
2012.02.16 09:20:00.422,1.45589,1.45612,1.13,3.00
2012.02.16 09:20:01.673,1.45589,1.4561,1.13,2.25
2012.02.16 09:20:02.207,1.45589,1.45612,1.13,2.25
2012.02.16 09:20:02.289,1.45592,1.45614,1.50,1.50
2012.02.16 09:20:02.367,1.45592,1.45615,1.50,1.13
2012.02.16 09:20:02.440,1.45593,1.45616,1.50,1.50
2012.02.16 09:20:02.517,1.45589,1.45616,2.63,1.50
2012.02.16 09:20:03.003,1.45589,1.45616,2.63,1.50
2012.02.16 09:20:03.095,1.45589,1.45615,2.63,2.25
2012.02.16 09:20:03.656,1.45589,1.45612,1.13,1.50
2012.02.16 09:20:03.870,1.45589,1.4561,1.13,1.50
2012.02.16 09:20:04.216,1.45589,1.45604,1.13,1.50
2012.02.16 09:20:04.840,1.45589,1.45604,1.13,2.25
2012.02.16 09:20:04.928,1.45589,1.45607,1.13,2.25
2012.02.16 09:20:05.012,1.45589,1.45609,1.13,2.18
2012.02.16 09:20:05.084,1.45589,1.45609,1.13,2.18
2012.02.16 09:20:05.617,1.45589,1.45612,1.13,1.13
2012.02.16 09:20:05.908,1.45589,1.4561,1.13,2.25
2012.02.16 09:20:07.725,1.45589,1.4561,1.13,2.25
2012.02.16 09:20:07.942,1.45582,1.45606,1.50,4.88
2012.02.16 09:20:08.444,1.4558,1.45606,2.63,4.88
2012.02.16 09:20:08.725,1.45584,1.45606,1.50,4.88
2012.02.16 09:20:09.249,1.45583,1.45606,1.50,4.88
2012.02.16 09:20:09.327,1.45581,1.45606,1.43,4.88
2012.02.16 09:20:09.994,1.45581,1.45606,1.43,4.88
2012.02.16 09:20:10.645,1.45589,1.45608,4.50,1.88
2012.02.16 09:20:10.791,1.45591,1.45608,1.13,1.50
2012.02.16 09:20:10.869,1.45591,1.45607,1.13,2.25
2012.02.16 09:20:11.472,1.45591,1.45611,1.13,2.25
2012.02.16 09:20:11.757,1.45591,1.45612,1.13,2.18
2012.02.16 09:20:14.343,1.45591,1.45613,1.13,1.50
2012.02.16 09:20:14.953,1.45592,1.45615,1.50,1.50
2012.02.16 09:20:17.061,1.45594,1.45617,1.50,1.50
2012.02.16 09:20:17.192,1.45591,1.45616,1.13,2.18
2012.02.16 09:20:17.815,1.45591,1.45619,1.13,8.93
2012.02.16 09:20:17.886,1.45591,1.45617,1.13,1.50
2012.02.16 09:20:19.370,1.45591,1.45614,1.13,2.25
2012.02.16 09:20:19.591,1.45581,1.45605,1.09,1.50
2012.02.16 09:20:20.504,1.45581,1.45605,1.54,2.25
2012.02.16 09:20:20.797,1.45593,1.45602,4.50,1.50
2012.02.16 09:20:20.945,1.45593,1.45608,4.50,2.25
2012.02.16 09:20:23.275,1.45593,1.45604,3.75,2.25
2012.02.16 09:20:23.476,1.45583,1.45604,1.50,2.25
2012.02.16 09:20:23.684,1.45581,1.45604,4.84,2.25
2012.02.16 09:20:24.249,1.45581,1.45604,4.50,2.25
2012.02.16 09:20:24.475,1.45579,1.45605,1.88,1.50
2012.02.16 09:20:24.691,1.45584,1.45607,1.50,1.50
2012.02.16 09:20:24.769,1.45586,1.45608,1.50,1.50
2012.02.16 09:20:24.988,1.45582,1.45611,1.50,1.13
2012.02.16 09:20:25.208,1.45584,1.45611,1.50,1.13
2012.02.16 09:20:26.901,1.45584,1.45611,1.50,1.13
2012.02.16 09:20:27.266,1.4559,1.45612,4.50,2.18
2012.02.16 09:20:28.324,1.4559,1.45616,6.00,2.93
2012.02.16 09:20:29.409,1.4559,1.45612,6.00,1.43
2012.02.16 09:20:29.489,1.45591,1.45612,1.65,2.18
2012.02.16 09:20:30.134,1.45592,1.45611,3.15,2.18
2012.02.16 09:20:30.476,1.45592,1.45611,3.15,1.43
2012.02.16 09:20:30.563,1.45592,1.45611,3.15,2.18
2012.02.16 09:20:31.061,1.45591,1.45612,1.65,2.18
2012.02.16 09:20:31.814,1.45594,1.45612,1.50,2.18
2012.02.16 09:20:31.894,1.45592,1.45615,3.15,2.18
2012.02.16 09:20:32.898,1.4559,1.45616,6.00,2.25
2012.02.16 09:20:32.979,1.45592,1.45615,1.20,2.18
2012.02.16 09:20:33.127,1.45592,1.45614,1.65,2.25
2012.02.16 09:20:33.616,1.45592,1.45612,1.20,2.25
2012.02.16 09:20:33.697,1.45591,1.45612,1.13,2.25
2012.02.16 09:20:35.107,1.45591,1.45613,1.13,3.00
2012.02.16 09:20:37.136,1.45591,1.4561,1.13,2.18
2012.02.16 09:20:37.547,1.45591,1.45613,1.13,2.25
2012.02.16 09:20:38.099,1.45591,1.45612,1.13,2.25
2012.02.16 09:20:38.245,1.45591,1.45611,1.13,2.25
2012.02.16 09:20:38.527,1.45591,1.45609,1.13,2.25
2012.02.16 09:20:38.734,1.45591,1.45612,1.13,2.25
2012.02.16 09:20:40.216,1.45591,1.4561,1.13,3.68
2012.02.16 09:20:40.504,1.45591,1.4561,1.13,3.68
2012.02.16 09:20:43.192,1.45591,1.45609,1.13,1.50
2012.02.16 09:20:43.835,1.45591,1.45609,1.13,1.50
2012.02.16 09:20:45.927,1.45591,1.45609,1.13,1.50
2012.02.16 09:20:47.474,1.45591,1.4561,1.13,2.18
2012.02.16 09:20:48.172,1.45591,1.45609,1.13,2.25
2012.02.16 09:20:51.233,1.45591,1.45611,1.13,2.25
2012.02.16 09:20:52.675,1.45591,1.4561,1.13,2.25
2012.02.16 09:20:53.146,1.45591,1.45606,1.13,2.18
2012.02.16 09:20:55.802,1.4558,1.45606,6.00,1.50
2012.02.16 09:20:58.107,1.45582,1.45606,2.25,1.50
2012.02.16 09:21:00.127,1.45584,1.45606,1.50,1.50
2012.02.16 09:21:00.478,1.45588,1.45606,1.50,1.50
2012.02.16 09:21:00.698,1.45588,1.45608,1.50,5.25
2012.02.16 09:21:00.847,1.45586,1.45608,3.00,5.25
2012.02.16 09:21:01.647,1.45586,1.45606,1.50,1.50
2012.02.16 09:21:01.959,1.45589,1.45606,1.50,1.50
2012.02.16 09:21:04.206,1.45589,1.45608,1.50,5.25
2012.02.16 09:21:05.256,1.45588,1.45608,1.50,5.25
2012.02.16 09:21:05.328,1.45588,1.45606,1.50,1.50
2012.02.16 09:21:05.615,1.45585,1.45606,1.50,1.50
2012.02.16 09:21:06.287,1.45587,1.45606,1.50,1.50
2012.02.16 09:21:06.925,1.45585,1.45606,3.00,1.50
2012.02.16 09:21:07.217,1.45584,1.45608,1.09,5.25
2012.02.16 09:21:07.853,1.45585,1.45608,3.00,4.50
2012.02.16 09:21:08.416,1.45586,1.45608,1.50,4.50
2012.02.16 09:21:10.464,1.45584,1.45608,1.69,4.50
2012.02.16 09:21:10.533,1.45584,1.45606,1.69,1.50
2012.02.16 09:21:12.431,1.45584,1.45606,1.50,1.50
2012.02.16 09:21:14.512,1.45592,1.45609,4.50,1.13
2012.02.16 09:21:14.854,1.45592,1.45609,4.50,1.13
2012.02.16 09:21:17.899,1.45592,1.45609,4.50,2.55
2012.02.16 09:21:18.473,1.45592,1.45609,4.50,2.55
2012.02.16 09:21:18.961,1.45592,1.45609,4.50,1.13
2012.02.16 09:21:19.526,1.45592,1.45608,4.50,2.18
2012.02.16 09:21:20.329,1.45592,1.45609,4.50,1.13
2012.02.16 09:21:21.009,1.45592,1.45609,4.50,1.13
2012.02.16 09:21:23.661,1.45592,1.45609,4.50,1.13
2012.02.16 09:21:23.952,1.45592,1.45609,4.50,2.55
2012.02.16 09:21:24.099,1.45592,1.45609,4.50,1.13
2012.02.16 09:21:24.321,1.45592,1.45613,4.50,1.43
2012.02.16 09:21:24.400,1.45588,1.45613,1.88,2.18
2012.02.16 09:21:24.551,1.45588,1.45617,1.88,2.18
2012.02.16 09:21:25.061,1.45587,1.45617,1.69,2.18
2012.02.16 09:21:25.150,1.45588,1.45608,1.50,1.50
2012.02.16 09:21:26.157,1.4559,1.45609,1.50,1.50
2012.02.16 09:21:26.304,1.45588,1.45609,1.69,1.50
2012.02.16 09:21:26.373,1.45588,1.45609,1.50,1.50
2012.02.16 09:21:26.617,1.45591,1.45607,1.50,1.43
2012.02.16 09:21:27.267,1.45591,1.4561,1.50,2.18
2012.02.16 09:21:27.602,1.45591,1.45616,1.69,2.18
2012.02.16 09:21:27.886,1.4559,1.45614,1.69,2.18
2012.02.16 09:21:28.656,1.4559,1.45614,3.00,2.18
2012.02.16 09:21:29.008,1.45595,1.45612,4.50,1.43
2012.02.16 09:21:29.161,1.45595,1.4562,4.50,2.18
2012.02.16 09:21:29.307,1.45595,1.45615,4.50,2.18
2012.02.16 09:21:29.927,1.45595,1.45623,4.50,2.93
2012.02.16 09:21:30.873,1.45597,1.45622,1.09,2.25
2012.02.16 09:21:31.556,1.45598,1.45616,1.50,2.18
2012.02.16 09:21:32.408,1.45597,1.45619,2.59,2.18
2012.02.16 09:21:33.199,1.45594,1.45608,1.88,4.50
2012.02.16 09:21:33.356,1.45588,1.45608,1.50,5.63
2012.02.16 09:21:33.655,1.45585,1.45608,2.25,4.88
2012.02.16 09:21:34.128,1.45594,1.45613,4.50,2.25
2012.02.16 09:21:34.305,1.45594,1.45615,4.50,1.50
2012.02.16 09:21:34.584,1.45594,1.45615,4.50,2.25
2012.02.16 09:21:35.074,1.45594,1.45615,4.50,1.50
2012.02.16 09:21:35.222,1.45594,1.45615,4.50,2.25
2012.02.16 09:21:36.133,1.45594,1.45614,4.50,2.25
2012.02.16 09:21:36.797,1.45594,1.45613,4.50,1.50
2012.02.16 09:21:38.074,1.45594,1.45612,4.50,1.50
2012.02.16 09:21:38.534,1.45594,1.45614,4.50,2.25
2012.02.16 09:21:39.233,1.45594,1.45614,4.50,2.25
2012.02.16 09:21:42.073,1.45594,1.45611,4.50,2.25
2012.02.16 09:21:42.930,1.45594,1.45612,4.50,2.18
2012.02.16 09:21:43.293,1.45594,1.45608,4.50,2.25
2012.02.16 09:21:43.940,1.45582,1.45602,1.50,1.43
2012.02.16 09:21:44.020,1.45582,1.45612,1.95,1.87
2012.02.16 09:21:44.574,1.4558,1.4561,2.40,1.50
2012.02.16 09:21:45.135,1.45582,1.4561,1.50,2.25
2012.02.16 09:21:45.766,1.45579,1.45607,1.35,1.50
2012.02.16 09:21:46.125,1.45579,1.4561,3.34,2.25
2012.02.16 09:21:46.272,1.45583,1.45611,1.50,2.25
2012.02.16 09:21:46.478,1.45582,1.45612,3.00,2.93
2012.02.16 09:21:46.837,1.45585,1.45614,1.50,3.75
2012.02.16 09:21:47.396,1.45586,1.45614,1.50,2.25
2012.02.16 09:21:48.274,1.45586,1.45613,1.50,1.50
2012.02.16 09:21:48.845,1.45584,1.45612,1.35,1.50
2012.02.16 09:21:49.182,1.45584,1.45612,1.35,2.25
2012.02.16 09:21:49.342,1.45584,1.45613,2.85,1.50
2012.02.16 09:21:49.427,1.45584,1.45609,3.30,1.43
2012.02.16 09:21:50.128,1.45588,1.45616,1.95,2.93
2012.02.16 09:21:50.440,1.45587,1.45616,1.50,2.25
2012.02.16 09:21:50.987,1.45584,1.45614,2.44,2.25
2012.02.16 09:21:51.205,1.45586,1.45615,1.69,2.25
2012.02.16 09:21:51.279,1.45585,1.45613,2.44,2.25
2012.02.16 09:21:52.276,1.45584,1.45612,1.69,2.25
2012.02.16 09:21:52.362,1.45584,1.45613,1.69,2.18
2012.02.16 09:21:52.645,1.45582,1.4561,1.84,2.25
2012.02.16 09:21:53.555,1.45584,1.45612,1.50,2.25
2012.02.16 09:21:54.334,1.45581,1.4561,2.40,2.25
2012.02.16 09:21:54.495,1.45581,1.4561,2.40,2.25
2012.02.16 09:21:55.391,1.45581,1.4561,2.40,2.25
2012.02.16 09:21:56.957,1.45579,1.45606,1.35,2.25
2012.02.16 09:21:57.500,1.45576,1.45603,1.95,2.18
2012.02.16 09:21:57.643,1.45577,1.45603,1.50,2.18
2012.02.16 09:21:58.192,1.45576,1.45604,1.50,2.18
2012.02.16 09:21:59.061,1.45577,1.45604,1.50,2.18
2012.02.16 09:21:59.621,1.45578,1.45604,1.50,2.18
2012.02.16 09:22:00.167,1.45576,1.45604,1.50,2.18
2012.02.16 09:22:05.753,1.45577,1.45604,1.50,2.18
2012.02.16 09:22:06.555,1.45576,1.45604,1.50,2.18
2012.02.16 09:22:07.453,1.45577,1.45604,1.50,2.18
2012.02.16 09:22:08.658,1.45576,1.45604,3.00,2.18
2012.02.16 09:22:11.743,1.45576,1.45604,1.50,2.18
2012.02.16 09:22:12.605,1.45577,1.45604,1.50,2.18
2012.02.16 09:22:16.257,1.45577,1.45604,1.50,2.18
2012.02.16 09:22:16.820,1.45578,1.45608,1.50,3.68
2012.02.16 09:22:16.900,1.45581,1.45608,1.50,2.18
2012.02.16 09:22:17.127,1.45579,1.45607,1.50,2.25
2012.02.16 09:22:17.667,1.45585,1.45609,2.22,3.68
2012.02.16 09:22:17.960,1.45595,1.45618,4.88,1.12
2012.02.16 09:22:18.656,1.4559,1.45618,1.99,2.25
2012.02.16 09:22:19.252,1.45591,1.45619,1.24,2.25
2012.02.16 09:22:19.334,1.45591,1.45619,1.24,2.25
2012.02.16 09:22:19.464,1.45591,1.45616,1.24,1.50
2012.02.16 09:22:19.870,1.45591,1.45616,1.24,2.25
2012.02.16 09:22:19.949,1.45591,1.45617,1.24,2.25
2012.02.16 09:22:20.099,1.45591,1.45619,1.24,2.25
2012.02.16 09:22:20.180,1.45595,1.4562,4.50,3.68
2012.02.16 09:22:21.118,1.45595,1.45619,4.88,2.25
2012.02.16 09:22:21.209,1.45595,1.45617,4.88,1.50
2012.02.16 09:22:21.424,1.45595,1.45619,4.88,2.25
2012.02.16 09:22:21.633,1.45595,1.45619,4.88,2.25
2012.02.16 09:22:21.987,1.45607,1.45627,4.50,1.13
2012.02.16 09:22:22.062,1.45607,1.45628,4.88,1.50
2012.02.16 09:22:22.139,1.45607,1.4563,4.88,3.75
2012.02.16 09:22:22.716,1.45607,1.45629,4.88,2.25
2012.02.16 09:22:24.256,1.45607,1.45629,4.88,3.00
2012.02.16 09:22:24.813,1.45607,1.45629,4.88,3.00
2012.02.16 09:22:25.088,1.45607,1.45624,4.50,1.13
2012.02.16 09:22:25.451,1.45607,1.45616,4.50,2.25
2012.02.16 09:22:25.532,1.45593,1.45616,4.50,2.25
2012.02.16 09:22:25.605,1.4559,1.45612,1.28,1.50
2012.02.16 09:22:26.164,1.45584,1.45609,1.28,1.50
2012.02.16 09:22:26.303,1.45584,1.45613,2.78,2.25
2012.02.16 09:22:26.374,1.45584,1.4561,1.28,1.50
2012.02.16 09:22:26.445,1.45584,1.45612,1.28,1.50
2012.02.16 09:22:26.650,1.45584,1.45612,1.73,1.50
2012.02.16 09:22:26.796,1.45585,1.45613,1.88,2.25
2012.02.16 09:22:26.862,1.45585,1.45613,1.88,2.25
2012.02.16 09:22:26.998,1.45584,1.45614,1.88,2.25
2012.02.16 09:22:27.590,1.45584,1.45614,1.88,2.25
2012.02.16 09:22:28.174,1.45585,1.45613,1.50,1.50
2012.02.16 09:22:28.246,1.45585,1.45613,1.50,2.25
2012.02.16 09:22:28.748,1.45584,1.45612,1.88,2.25
2012.02.16 09:22:29.423,1.45585,1.45615,1.50,2.25
2012.02.16 09:22:30.204,1.45587,1.45616,1.50,3.75
2012.02.16 09:22:30.559,1.45588,1.45618,1.50,3.00
2012.02.16 09:22:30.992,1.45584,1.45615,1.50,2.25
2012.02.16 09:22:31.642,1.45585,1.45612,1.50,4.50
2012.02.16 09:22:31.738,1.45587,1.4561,1.50,1.50
2012.02.16 09:22:32.095,1.45586,1.45609,1.50,2.18
2012.02.16 09:22:32.167,1.45583,1.45609,1.58,2.18
2012.02.16 09:22:32.250,1.45588,1.4561,1.50,1.50
2012.02.16 09:22:32.325,1.45588,1.4561,1.50,1.50
2012.02.16 09:22:32.537,1.45586,1.4561,1.50,1.50
2012.02.16 09:22:32.763,1.45583,1.4561,3.72,1.50
2012.02.16 09:22:33.236,1.45589,1.4561,1.50,1.50
2012.02.16 09:22:33.319,1.45586,1.4561,1.88,1.50
2012.02.16 09:22:34.578,1.45586,1.4561,1.88,1.50
2012.02.16 09:22:34.863,1.45586,1.4561,1.50,1.50
2012.02.16 09:22:36.014,1.45585,1.4561,1.50,1.50
2012.02.16 09:22:36.227,1.45588,1.4561,1.50,1.50
2012.02.16 09:22:36.842,1.45587,1.4561,1.50,1.50
2012.02.16 09:22:37.361,1.45588,1.4561,1.50,1.50
2012.02.16 09:22:37.879,1.45587,1.4561,1.50,1.50
2012.02.16 09:22:38.851,1.45587,1.4561,1.50,1.50
2012.02.16 09:22:39.361,1.45588,1.4561,1.50,1.50
2012.02.16 09:22:39.431,1.45586,1.4561,1.50,1.50
2012.02.16 09:22:39.504,1.45586,1.4561,1.50,1.50
2012.02.16 09:22:39.633,1.4559,1.4561,1.50,1.50
2012.02.16 09:22:40.152,1.45589,1.4561,1.50,1.50
2012.02.16 09:22:40.824,1.4559,1.4561,1.50,1.50
2012.02.16 09:22:42.598,1.45589,1.4561,1.50,1.50
2012.02.16 09:22:42.878,1.45585,1.4561,1.50,1.50
2012.02.16 09:22:42.962,1.45587,1.4561,1.50,1.50
2012.02.16 09:22:43.324,1.45594,1.45617,4.50,1.50
2012.02.16 09:22:43.677,1.45598,1.4562,1.50,1.50
2012.02.16 09:22:44.397,1.456,1.4562,1.43,1.50
2012.02.16 09:22:44.467,1.45596,1.4562,1.13,1.50
2012.02.16 09:22:45.035,1.45597,1.4562,1.28,1.50
2012.02.16 09:22:45.583,1.45596,1.45619,1.65,2.25
2012.02.16 09:22:45.864,1.45594,1.45617,5.33,2.18
2012.02.16 09:22:46.402,1.45594,1.45612,4.88,2.18
2012.02.16 09:22:46.905,1.45594,1.45613,4.50,2.18
2012.02.16 09:22:48.257,1.45594,1.45616,4.50,3.68
2012.02.16 09:22:48.393,1.45594,1.45612,4.50,2.25
2012.02.16 09:22:48.805,1.45594,1.45612,4.50,2.25
2012.02.16 09:22:49.355,1.45594,1.45612,4.50,2.25
2012.02.16 09:22:49.456,1.45594,1.45612,4.50,2.25
2012.02.16 09:22:49.729,1.45594,1.45612,4.50,2.25
2012.02.16 09:22:50.618,1.45594,1.45612,4.50,2.25
2012.02.16 09:22:50.704,1.45594,1.45612,4.50,2.25
2012.02.16 09:22:50.772,1.45594,1.45612,4.50,2.25
2012.02.16 09:22:51.767,1.45594,1.45612,4.50,2.25
2012.02.16 09:22:52.093,1.45594,1.45614,4.50,2.25
2012.02.16 09:22:53.872,1.45594,1.45612,4.50,2.25
2012.02.16 09:22:53.943,1.45594,1.45612,4.50,2.25
2012.02.16 09:22:54.420,1.45594,1.45614,4.50,1.50
2012.02.16 09:22:54.984,1.45594,1.45615,4.50,1.50
2012.02.16 09:22:55.890,1.45594,1.45615,4.50,1.50
2012.02.16 09:22:58.108,1.45594,1.45612,4.50,2.25
2012.02.16 09:23:02.002,1.45594,1.45612,4.50,2.18
2012.02.16 09:23:02.613,1.45594,1.45614,3.75,2.18
2012.02.16 09:23:02.698,1.45594,1.45609,4.50,2.18
2012.02.16 09:23:02.968,1.45594,1.45609,4.50,2.18
2012.02.16 09:23:03.914,1.45594,1.45613,4.50,2.18
2012.02.16 09:23:04.674,1.45594,1.45613,4.50,2.18
2012.02.16 09:23:04.888,1.45594,1.45611,4.50,2.18
2012.02.16 09:23:05.863,1.45594,1.45612,4.50,2.18
2012.02.16 09:23:07.783,1.45594,1.45617,4.50,1.50
2012.02.16 09:23:08.570,1.45594,1.45617,4.50,1.50
2012.02.16 09:23:09.810,1.45595,1.45617,2.25,1.50
2012.02.16 09:23:10.040,1.456,1.4562,1.50,1.50
2012.02.16 09:23:10.647,1.45599,1.4562,1.50,1.50
2012.02.16 09:23:11.806,1.45599,1.4562,1.50,1.50
2012.02.16 09:23:12.333,1.45599,1.4562,1.50,1.50
2012.02.16 09:23:13.403,1.45597,1.4562,2.40,1.50
2012.02.16 09:23:14.064,1.45599,1.4562,1.50,1.50
2012.02.16 09:23:14.615,1.45597,1.4562,1.50,1.50
2012.02.16 09:23:15.032,1.45597,1.4562,2.40,1.50
2012.02.16 09:23:15.111,1.45596,1.4562,1.65,1.50
2012.02.16 09:23:15.651,1.45607,1.45616,4.50,1.50
2012.02.16 09:23:15.809,1.45607,1.45618,4.50,1.50
2012.02.16 09:23:15.892,1.45607,1.45628,4.50,2.62
2012.02.16 09:23:16.112,1.45609,1.45629,1.13,1.12
2012.02.16 09:23:16.402,1.45609,1.45632,1.13,1.50
2012.02.16 09:23:16.552,1.45609,1.45633,1.13,3.00
2012.02.16 09:23:17.103,1.45604,1.45628,1.58,1.50
2012.02.16 09:23:17.739,1.45607,1.4563,1.50,4.50
2012.02.16 09:23:18.285,1.45605,1.45628,3.15,1.50
2012.02.16 09:23:19.197,1.45606,1.45628,1.88,1.50
2012.02.16 09:23:19.513,1.45622,1.45642,4.88,1.12
2012.02.16 09:23:19.871,1.45622,1.45643,4.88,2.18
2012.02.16 09:23:20.162,1.45622,1.45643,4.88,2.18
2012.02.16 09:23:20.771,1.45625,1.45645,2.82,1.50
2012.02.16 09:23:20.859,1.45625,1.45647,2.07,1.43
2012.02.16 09:23:20.950,1.45627,1.45647,3.12,1.43
2012.02.16 09:23:21.273,1.4563,1.45649,2.14,1.50
2012.02.16 09:23:22.045,1.45636,1.45659,1.13,1.88
2012.02.16 09:23:22.106,1.45631,1.4565,1.50,4.50
2012.02.16 09:23:22.194,1.45626,1.4565,1.88,4.50
2012.02.16 09:23:22.554,1.45628,1.4565,1.50,4.50
2012.02.16 09:23:22.706,1.4563,1.45658,1.50,3.00
2012.02.16 09:23:22.792,1.45632,1.45658,1.50,1.50
2012.02.16 09:23:22.942,1.45634,1.45661,3.00,1.50
2012.02.16 09:23:23.415,1.45636,1.45661,1.50,1.50
2012.02.16 09:23:23.501,1.45634,1.45664,3.00,1.13
2012.02.16 09:23:23.582,1.45636,1.45664,1.50,2.63
2012.02.16 09:23:23.992,1.45637,1.45664,1.50,1.13
2012.02.16 09:23:24.207,1.45635,1.45665,1.50,2.25
2012.02.16 09:23:24.275,1.45635,1.45665,1.50,2.25
2012.02.16 09:23:24.485,1.45634,1.45663,1.50,1.50
2012.02.16 09:23:24.557,1.45632,1.45663,1.50,2.25
2012.02.16 09:23:24.698,1.45631,1.45659,1.50,1.50
2012.02.16 09:23:25.362,1.45628,1.45656,1.50,2.25
2012.02.16 09:23:25.672,1.45626,1.45643,1.50,4.50
2012.02.16 09:23:25.757,1.45621,1.4565,1.50,2.18
2012.02.16 09:23:25.828,1.4562,1.45648,6.00,6.00
2012.02.16 09:23:26.843,1.45624,1.45648,1.35,1.50
2012.02.16 09:23:26.927,1.45624,1.4565,1.35,1.50
2012.02.16 09:23:27.427,1.45624,1.45649,1.35,1.50
2012.02.16 09:23:27.799,1.45628,1.45648,1.35,1.50
2012.02.16 09:23:27.947,1.45628,1.4565,1.35,1.50
2012.02.16 09:23:28.868,1.45628,1.45649,1.35,1.50
2012.02.16 09:23:28.944,1.45628,1.45646,1.35,1.50
2012.02.16 09:23:29.135,1.45624,1.45646,1.73,1.50
2012.02.16 09:23:29.405,1.45624,1.45649,1.73,1.50
2012.02.16 09:23:30.164,1.45624,1.45649,1.28,1.50
2012.02.16 09:23:30.739,1.45635,1.45649,4.50,2.25
2012.02.16 09:23:31.274,1.45635,1.45651,4.50,2.25
2012.02.16 09:23:31.357,1.45624,1.45649,1.20,5.25
2012.02.16 09:23:31.866,1.45618,1.45646,3.64,1.50
2012.02.16 09:23:32.009,1.45619,1.45648,2.22,2.25
2012.02.16 09:23:32.434,1.45626,1.45646,1.28,1.50
2012.02.16 09:23:32.994,1.45623,1.45649,1.73,1.50
2012.02.16 09:23:33.139,1.45624,1.45654,1.35,2.25
2012.02.16 09:23:33.214,1.45624,1.45654,1.35,2.25
2012.02.16 09:23:33.550,1.45625,1.45651,1.28,1.50
2012.02.16 09:23:33.626,1.45625,1.45653,1.28,2.25
2012.02.16 09:23:33.885,1.45625,1.45649,1.28,1.50
2012.02.16 09:23:34.444,1.45625,1.45648,1.28,1.50
2012.02.16 09:23:35.113,1.45624,1.45651,3.15,1.50
2012.02.16 09:23:36.128,1.45624,1.45653,3.15,2.25
2012.02.16 09:23:36.873,1.45624,1.45651,3.15,1.50
2012.02.16 09:23:37.702,1.45624,1.45652,3.15,1.50
2012.02.16 09:23:38.061,1.45629,1.45656,1.43,2.25
2012.02.16 09:23:38.207,1.45629,1.45656,1.43,1.50
2012.02.16 09:23:38.293,1.45633,1.45656,4.50,1.50
2012.02.16 09:23:38.507,1.45633,1.45659,4.50,3.00
2012.02.16 09:23:38.576,1.45633,1.45655,4.50,1.50
2012.02.16 09:23:38.942,1.45633,1.45657,4.50,1.50
2012.02.16 09:23:39.511,1.45631,1.45657,1.28,1.50
2012.02.16 09:23:39.602,1.45634,1.45657,1.35,2.25
2012.02.16 09:23:39.945,1.45629,1.45654,1.35,2.25
2012.02.16 09:23:40.084,1.45628,1.4565,1.35,2.25
2012.02.16 09:23:41.096,1.45628,1.45652,1.35,3.00
2012.02.16 09:23:42.006,1.45622,1.45652,2.22,1.50
2012.02.16 09:23:42.535,1.45622,1.45651,2.22,1.50
2012.02.16 09:23:42.605,1.45622,1.45651,2.22,2.25
2012.02.16 09:23:42.882,1.45623,1.45651,1.88,1.50
2012.02.16 09:23:43.175,1.45624,1.45651,4.88,2.25
2012.02.16 09:23:43.623,1.45622,1.4565,1.80,1.50
2012.02.16 09:23:44.226,1.45621,1.45652,3.15,1.50
2012.02.16 09:23:44.307,1.45621,1.45652,3.53,2.25
2012.02.16 09:23:44.671,1.45621,1.45649,1.13,2.25
2012.02.16 09:23:45.017,1.45624,1.45649,4.50,2.25
2012.02.16 09:23:45.227,1.45624,1.45649,4.50,2.25
2012.02.16 09:23:46.607,1.45618,1.45638,2.25,5.25
2012.02.16 09:23:46.688,1.45612,1.45638,3.00,4.50
2012.02.16 09:23:46.931,1.45615,1.45638,1.50,4.50
2012.02.16 09:23:47.284,1.45618,1.45638,1.50,4.50
2012.02.16 09:23:47.627,1.45624,1.45647,4.50,2.25
2012.02.16 09:23:47.694,1.45625,1.45647,1.13,1.50
2012.02.16 09:23:48.037,1.45625,1.45652,1.13,4.13
2012.02.16 09:23:49.235,1.45626,1.45652,2.25,1.50
2012.02.16 09:23:49.304,1.4563,1.45653,1.43,1.13
2012.02.16 09:23:49.711,1.45645,1.45656,4.50,1.88
2012.02.16 09:23:49.791,1.45645,1.45663,4.50,2.25
2012.02.16 09:23:49.935,1.45645,1.45663,4.50,1.50
2012.02.16 09:23:50.414,1.45645,1.45665,4.50,2.25
2012.02.16 09:23:50.693,1.45645,1.45665,4.50,1.50
2012.02.16 09:23:50.839,1.45645,1.45668,4.50,1.50
2012.02.16 09:23:50.974,1.45645,1.45669,4.50,1.50
2012.02.16 09:23:51.622,1.45645,1.45667,4.50,1.50
2012.02.16 09:23:51.994,1.45645,1.4567,4.50,1.50
2012.02.16 09:23:54.305,1.45645,1.45668,4.50,1.50
2012.02.16 09:23:54.683,1.4564,1.45659,1.43,1.50
2012.02.16 09:23:54.875,1.45634,1.4566,1.13,2.25
2012.02.16 09:23:54.951,1.45631,1.45658,1.50,1.50
2012.02.16 09:23:55.643,1.45631,1.45659,1.88,1.50
2012.02.16 09:23:56.075,1.45627,1.45656,2.22,1.50
2012.02.16 09:23:56.424,1.45623,1.45651,3.23,1.50
2012.02.16 09:23:56.724,1.45623,1.45653,3.23,1.50
2012.02.16 09:23:57.042,1.45623,1.45651,3.23,1.50
2012.02.16 09:23:57.487,1.45624,1.4565,1.13,3.00
2012.02.16 09:23:57.565,1.45624,1.45649,1.13,2.25
2012.02.16 09:23:57.837,1.45624,1.4565,1.58,3.00
2012.02.16 09:24:00.216,1.45619,1.4565,1.88,2.25
2012.02.16 09:24:00.836,1.45621,1.45649,1.50,2.25
2012.02.16 09:24:01.480,1.45629,1.45649,4.50,2.25
2012.02.16 09:24:01.574,1.45629,1.45654,4.50,2.25
2012.02.16 09:24:02.134,1.45629,1.45654,4.50,2.25
2012.02.16 09:24:02.697,1.45629,1.45655,4.50,3.00
2012.02.16 09:24:03.201,1.45629,1.45655,6.00,1.50
2012.02.16 09:24:03.277,1.4564,1.45657,4.50,1.50
2012.02.16 09:24:03.890,1.45642,1.45665,1.13,1.50
2012.02.16 09:24:04.174,1.45642,1.45667,1.13,1.50
2012.02.16 09:24:04.735,1.45642,1.45668,1.13,2.25
2012.02.16 09:24:05.236,1.45643,1.4567,1.50,4.88
2012.02.16 09:24:06.079,1.45642,1.4567,2.25,4.88
2012.02.16 09:24:06.794,1.45643,1.4567,1.50,4.88
2012.02.16 09:24:08.277,1.45642,1.4567,3.00,6.38
2012.02.16 09:24:11.563,1.45642,1.45667,1.50,1.50
2012.02.16 09:24:12.092,1.45642,1.45669,1.50,2.25
2012.02.16 09:24:12.415,1.45641,1.45667,1.50,6.00
2012.02.16 09:24:15.282,1.45641,1.45663,1.13,1.50
2012.02.16 09:24:15.356,1.45641,1.45665,1.13,3.75
2012.02.16 09:24:15.877,1.45641,1.45665,1.13,3.00
2012.02.16 09:24:17.658,1.45641,1.45666,1.13,2.25
2012.02.16 09:24:18.045,1.45641,1.45662,1.13,1.50
2012.02.16 09:24:18.737,1.45641,1.45662,1.13,2.25
2012.02.16 09:24:19.503,1.45641,1.45656,1.13,1.50
2012.02.16 09:24:19.595,1.45628,1.45654,5.14,1.50
2012.02.16 09:24:20.127,1.45628,1.45655,4.50,2.25
2012.02.16 09:24:20.544,1.45628,1.45651,4.50,1.50
2012.02.16 09:24:21.444,1.45628,1.45653,4.50,1.50
2012.02.16 09:24:22.304,1.4563,1.45656,1.13,6.00
2012.02.16 09:24:22.653,1.45644,1.45658,4.50,2.63
2012.02.16 09:24:22.958,1.45644,1.45654,4.50,1.50
2012.02.16 09:24:23.463,1.45644,1.45653,4.50,2.25
2012.02.16 09:24:24.150,1.45644,1.45651,4.50,1.50
2012.02.16 09:24:24.237,1.45644,1.45653,4.50,2.25
2012.02.16 09:24:24.874,1.45644,1.45652,3.75,2.25
2012.02.16 09:24:26.795,1.45644,1.45654,4.50,2.25
2012.02.16 09:24:32.318,1.4563,1.45654,4.50,2.25
2012.02.16 09:24:32.397,1.4563,1.45651,4.50,1.50
2012.02.16 09:24:32.732,1.4563,1.45651,4.50,2.25
2012.02.16 09:24:33.065,1.4563,1.45646,4.50,1.50
2012.02.16 09:24:33.403,1.4563,1.45646,4.50,2.25
2012.02.16 09:24:34.272,1.4563,1.45646,4.50,2.25
2012.02.16 09:24:34.488,1.4563,1.45648,4.50,2.18
2012.02.16 09:24:35.306,1.4563,1.45651,4.50,2.25
2012.02.16 09:24:37.715,1.4563,1.45648,4.50,2.25
2012.02.16 09:24:39.481,1.4563,1.4565,4.50,2.25
2012.02.16 09:24:39.557,1.4563,1.4565,4.50,2.25
2012.02.16 09:24:39.824,1.4563,1.45647,4.50,1.43
2012.02.16 09:24:41.235,1.4563,1.45647,4.50,2.18
2012.02.16 09:24:41.978,1.4563,1.45649,4.50,2.18
2012.02.16 09:24:42.886,1.4563,1.45653,4.50,2.25
2012.02.16 09:24:44.895,1.4563,1.45655,4.50,4.43
2012.02.16 09:24:45.312,1.4563,1.45652,4.50,2.18
2012.02.16 09:24:45.518,1.4563,1.45652,4.50,3.68
2012.02.16 09:24:46.463,1.45632,1.45653,1.50,1.50
2012.02.16 09:24:46.826,1.45646,1.45663,4.50,2.25
2012.02.16 09:24:46.965,1.45646,1.45665,4.50,3.00
2012.02.16 09:24:47.176,1.45646,1.45664,4.50,2.25
2012.02.16 09:24:47.365,1.45646,1.45663,4.50,1.50
2012.02.16 09:24:47.948,1.45646,1.45664,4.50,2.25
2012.02.16 09:24:48.791,1.45648,1.45671,1.95,3.00
2012.02.16 09:24:48.933,1.4565,1.45671,1.28,2.25
2012.02.16 09:24:49.608,1.45649,1.45672,2.10,2.25
2012.02.16 09:24:49.759,1.45649,1.45672,2.10,4.50
2012.02.16 09:24:52.936,1.45651,1.45672,1.28,1.50
2012.02.16 09:24:53.561,1.45651,1.45671,1.28,3.00
2012.02.16 09:24:54.084,1.45651,1.4567,1.28,2.25
2012.02.16 09:24:54.195,1.45648,1.45671,2.40,1.50
2012.02.16 09:24:54.747,1.45648,1.45667,1.50,1.50
2012.02.16 09:24:54.886,1.45648,1.4567,1.50,2.25
2012.02.16 09:24:55.825,1.45648,1.45666,1.50,2.25
2012.02.16 09:24:55.991,1.45648,1.45671,1.50,3.00
2012.02.16 09:24:57.237,1.45648,1.4567,1.50,1.50
2012.02.16 09:24:58.385,1.45648,1.4567,1.50,1.50
2012.02.16 09:24:59.498,1.45648,1.45668,1.50,1.50
2012.02.16 09:24:59.645,1.45648,1.45668,1.50,2.25
2012.02.16 09:25:00.675,1.45648,1.45664,1.50,2.25
2012.02.16 09:25:01.205,1.45648,1.45666,1.50,2.25
2012.02.16 09:25:01.625,1.45648,1.45665,1.50,2.25
2012.02.16 09:25:02.301,1.45648,1.45663,1.50,1.50
2012.02.16 09:25:02.740,1.45648,1.45665,1.50,2.25
2012.02.16 09:25:06.615,1.45648,1.45665,1.50,2.25
2012.02.16 09:25:07.536,1.45648,1.45666,1.50,2.25
2012.02.16 09:25:08.722,1.45648,1.45666,1.50,2.25
2012.02.16 09:25:09.015,1.45646,1.45666,4.50,2.25
2012.02.16 09:25:10.246,1.45646,1.45659,4.50,2.25
2012.02.16 09:25:10.389,1.45646,1.45659,4.50,2.25
2012.02.16 09:25:10.748,1.45646,1.45662,4.50,1.50
2012.02.16 09:25:11.057,1.45646,1.4566,4.50,1.50
2012.02.16 09:25:11.704,1.45646,1.45657,4.50,1.50
2012.02.16 09:25:11.866,1.45646,1.45659,4.50,1.50
2012.02.16 09:25:11.937,1.45646,1.45661,4.50,1.50
2012.02.16 09:25:12.083,1.45634,1.45662,1.80,1.50
2012.02.16 09:25:12.297,1.45634,1.45662,1.43,1.50
2012.02.16 09:25:12.718,1.45632,1.45662,1.69,1.50
2012.02.16 09:25:12.801,1.45634,1.45661,1.35,1.50
2012.02.16 09:25:13.838,1.45634,1.45663,1.35,3.75
2012.02.16 09:25:13.919,1.45634,1.45662,1.35,2.25
2012.02.16 09:25:15.416,1.45634,1.45661,1.35,2.25
2012.02.16 09:25:15.933,1.45635,1.45657,4.88,2.25
2012.02.16 09:25:17.888,1.45635,1.45658,4.88,3.68
2012.02.16 09:25:18.936,1.45635,1.45658,4.88,3.68
2012.02.16 09:25:23.952,1.45635,1.45657,4.88,2.25
2012.02.16 09:25:24.027,1.45635,1.45657,4.88,3.68
2012.02.16 09:25:24.174,1.45635,1.45655,4.88,2.18
2012.02.16 09:25:24.934,1.45635,1.45653,4.88,2.18
2012.02.16 09:25:27.679,1.45635,1.45653,4.88,2.18
2012.02.16 09:25:29.269,1.45635,1.4566,4.88,2.18
2012.02.16 09:25:29.968,1.45635,1.45657,5.63,2.25
2012.02.16 09:25:32.256,1.45635,1.45655,4.88,2.25
2012.02.16 09:25:33.846,1.45635,1.45655,4.88,2.25
2012.02.16 09:25:34.388,1.45628,1.45646,1.50,1.50
2012.02.16 09:25:34.484,1.45627,1.45646,1.50,1.50
2012.02.16 09:25:34.639,1.4562,1.45645,2.25,2.18
2012.02.16 09:25:34.860,1.4562,1.45648,2.25,5.93
2012.02.16 09:25:34.946,1.4562,1.45646,2.25,1.50
2012.02.16 09:25:35.496,1.45625,1.45646,1.50,1.50
2012.02.16 09:25:35.579,1.45621,1.45646,1.50,1.50
2012.02.16 09:25:35.730,1.45624,1.45648,1.35,5.93
2012.02.16 09:25:36.088,1.45624,1.45646,2.29,1.50
2012.02.16 09:25:37.719,1.45624,1.45646,1.24,1.50
2012.02.16 09:25:38.117,1.45624,1.45648,1.24,5.25
2012.02.16 09:25:38.265,1.45624,1.45646,1.24,1.50
2012.02.16 09:25:38.407,1.45624,1.45647,1.24,1.13
2012.02.16 09:25:39.392,1.45623,1.45646,1.69,1.50
2012.02.16 09:25:40.044,1.45623,1.45646,1.69,1.50
2012.02.16 09:25:40.886,1.45623,1.45646,1.69,1.50
2012.02.16 09:25:42.924,1.45624,1.45647,1.99,1.13
2012.02.16 09:25:42.994,1.45632,1.45649,4.50,1.50
2012.02.16 09:25:43.069,1.45632,1.4565,4.50,2.25
2012.02.16 09:25:43.145,1.45632,1.45651,4.50,1.43
2012.02.16 09:25:43.717,1.45632,1.45652,4.50,1.50
2012.02.16 09:25:44.002,1.45632,1.45652,4.50,2.25
2012.02.16 09:25:45.406,1.45632,1.45653,4.50,2.25
2012.02.16 09:25:49.456,1.45632,1.45654,4.50,1.50
2012.02.16 09:25:50.023,1.45632,1.45655,4.50,1.50
2012.02.16 09:25:50.518,1.45632,1.45655,4.50,2.25
2012.02.16 09:25:50.861,1.45632,1.45655,4.50,1.50
2012.02.16 09:25:50.963,1.45632,1.45655,4.50,2.25
2012.02.16 09:25:51.844,1.45641,1.4566,1.88,4.50
2012.02.16 09:25:52.111,1.45646,1.45663,4.50,2.25
2012.02.16 09:25:52.694,1.45646,1.45662,4.50,2.25
2012.02.16 09:25:53.506,1.45646,1.45662,4.50,1.50
2012.02.16 09:25:54.379,1.45646,1.45662,4.50,2.25
2012.02.16 09:25:54.878,1.45646,1.45662,4.50,1.50
2012.02.16 09:25:55.103,1.45646,1.45664,4.50,2.25
2012.02.16 09:25:56.063,1.45646,1.45663,4.50,1.50
2012.02.16 09:25:57.416,1.45646,1.45665,4.50,2.25
2012.02.16 09:25:59.362,1.45646,1.45664,4.50,1.50
2012.02.16 09:26:01.175,1.45646,1.4566,4.50,2.25
2012.02.16 09:26:01.252,1.45646,1.45661,4.88,1.50
2012.02.16 09:26:01.348,1.45646,1.45661,4.88,2.25
2012.02.16 09:26:01.449,1.45633,1.4566,1.43,2.25
2012.02.16 09:26:01.541,1.45631,1.4566,1.50,2.25
2012.02.16 09:26:02.259,1.45631,1.45659,1.50,1.50
2012.02.16 09:26:02.415,1.45628,1.45656,1.88,1.50
2012.02.16 09:26:03.179,1.45627,1.45655,2.74,1.50
2012.02.16 09:26:04.225,1.45627,1.45657,1.50,1.50
2012.02.16 09:26:04.636,1.45629,1.45658,1.50,2.25
2012.02.16 09:26:05.180,1.45628,1.45659,1.50,2.25
2012.02.16 09:26:05.533,1.45637,1.45663,4.88,3.00
2012.02.16 09:26:06.128,1.45637,1.45659,4.88,1.50
2012.02.16 09:26:07.914,1.45637,1.45661,4.88,3.75
2012.02.16 09:26:08.576,1.45637,1.4566,4.88,1.50
2012.02.16 09:26:09.745,1.45637,1.45659,4.88,1.50
2012.02.16 09:26:09.876,1.45637,1.45661,4.88,2.25
2012.02.16 09:26:10.415,1.45637,1.45659,4.88,1.50
2012.02.16 09:26:10.936,1.45637,1.4566,4.88,1.50
2012.02.16 09:26:12.309,1.45637,1.45659,4.88,1.50
2012.02.16 09:26:12.456,1.45632,1.45659,1.09,1.50
2012.02.16 09:26:12.671,1.45636,1.45664,1.50,1.50
2012.02.16 09:26:13.017,1.45633,1.45664,2.44,1.50
2012.02.16 09:26:13.918,1.45634,1.45664,3.79,2.25
2012.02.16 09:26:14.113,1.45634,1.45661,2.10,1.50
2012.02.16 09:26:14.655,1.45634,1.45662,1.35,1.50
2012.02.16 09:26:14.724,1.45633,1.45664,2.85,1.50
2012.02.16 09:26:15.072,1.45634,1.45662,1.35,1.50
2012.02.16 09:26:16.021,1.45634,1.45661,1.35,1.50
2012.02.16 09:26:16.759,1.45633,1.4566,1.35,1.50
2012.02.16 09:26:16.832,1.45633,1.45662,1.35,3.00
2012.02.16 09:26:18.548,1.45633,1.45662,1.35,1.50
2012.02.16 09:26:18.632,1.45634,1.4566,1.35,1.50
2012.02.16 09:26:19.323,1.45634,1.45661,1.35,1.50
2012.02.16 09:26:19.624,1.45634,1.45657,1.35,1.50
2012.02.16 09:26:19.848,1.45633,1.45661,2.85,1.50
2012.02.16 09:26:21.346,1.45634,1.45659,1.35,1.50
2012.02.16 09:26:21.881,1.45633,1.45661,1.35,1.50
2012.02.16 09:26:23.062,1.45633,1.45661,1.35,1.50
2012.02.16 09:26:23.327,1.45633,1.45663,1.35,1.50
2012.02.16 09:26:24.736,1.45635,1.45663,1.50,1.50
2012.02.16 09:26:25.546,1.45634,1.45662,2.40,1.50
2012.02.16 09:26:26.170,1.45634,1.45662,2.85,1.50
2012.02.16 09:26:26.611,1.45631,1.45652,2.40,4.50
2012.02.16 09:26:26.687,1.45631,1.45652,1.20,4.50
2012.02.16 09:26:26.902,1.45629,1.45659,3.00,3.00
2012.02.16 09:26:26.979,1.45631,1.45661,1.50,1.88
2012.02.16 09:26:27.565,1.4563,1.4566,1.50,2.25
2012.02.16 09:26:27.637,1.45627,1.45658,2.25,2.25
2012.02.16 09:26:27.917,1.45629,1.45658,1.50,2.25
2012.02.16 09:26:28.534,1.45628,1.45657,1.50,1.50
2012.02.16 09:26:29.057,1.45627,1.45656,2.40,1.50
2012.02.16 09:26:29.403,1.45629,1.45657,1.50,1.50
2012.02.16 09:26:29.944,1.4563,1.45658,1.50,2.25
2012.02.16 09:26:30.744,1.45629,1.45657,1.50,1.50
2012.02.16 09:26:31.342,1.45629,1.45659,1.50,2.25
2012.02.16 09:26:31.885,1.45628,1.45658,2.25,2.25
2012.02.16 09:26:32.762,1.45629,1.45658,1.50,2.25
2012.02.16 09:26:33.393,1.45638,1.4566,1.84,1.50
2012.02.16 09:26:33.517,1.45641,1.45665,2.18,1.50
2012.02.16 09:26:34.089,1.45641,1.45667,2.18,2.25
2012.02.16 09:26:34.448,1.4564,1.45663,4.88,1.50
2012.02.16 09:26:34.951,1.4564,1.45662,4.88,1.50
2012.02.16 09:26:36.756,1.45635,1.45662,1.13,1.50
2012.02.16 09:26:37.025,1.45634,1.45663,1.88,1.50
2012.02.16 09:26:37.107,1.45634,1.45663,1.50,1.50
2012.02.16 09:26:37.179,1.45635,1.45662,4.50,2.25
2012.02.16 09:26:37.480,1.45635,1.45661,4.50,3.00
2012.02.16 09:26:38.194,1.4563,1.45659,1.13,2.93
2012.02.16 09:26:38.281,1.45633,1.45661,1.50,2.25
2012.02.16 09:26:38.647,1.45628,1.45657,1.13,1.50
2012.02.16 09:26:38.974,1.4563,1.45657,4.88,2.25
2012.02.16 09:26:39.561,1.4563,1.45656,4.88,1.50
2012.02.16 09:26:40.173,1.45634,1.45661,1.95,1.12
2012.02.16 09:26:40.259,1.45633,1.4566,1.35,1.88
2012.02.16 09:26:40.466,1.45633,1.45662,2.85,1.50
2012.02.16 09:26:41.005,1.45632,1.45659,1.24,2.25
2012.02.16 09:26:42.563,1.45629,1.45659,2.25,2.25
2012.02.16 09:26:43.113,1.45629,1.45659,1.50,2.25
2012.02.16 09:26:43.244,1.45631,1.45659,1.50,1.50
2012.02.16 09:26:43.557,1.45634,1.45661,1.50,1.13
2012.02.16 09:26:43.764,1.45629,1.45658,1.50,2.25
2012.02.16 09:26:44.515,1.4563,1.45658,4.88,2.25
2012.02.16 09:26:44.879,1.45628,1.45656,1.88,1.50
2012.02.16 09:26:45.239,1.45629,1.45657,4.88,3.00
2012.02.16 09:26:45.709,1.45629,1.45657,4.88,2.25
2012.02.16 09:26:46.162,1.45629,1.45657,1.80,1.50
2012.02.16 09:26:46.645,1.45633,1.45662,1.50,3.08
2012.02.16 09:26:46.721,1.4563,1.45658,2.25,1.50
2012.02.16 09:26:47.429,1.45631,1.45659,1.50,1.50
2012.02.16 09:26:48.685,1.4563,1.45658,1.50,1.50
2012.02.16 09:26:48.792,1.4563,1.45656,1.13,1.50
2012.02.16 09:26:49.442,1.4563,1.45658,1.13,3.38
2012.02.16 09:26:49.786,1.4563,1.45655,1.13,1.50
2012.02.16 09:26:51.147,1.4563,1.45658,1.13,2.63
2012.02.16 09:26:51.285,1.4563,1.45655,1.13,1.50
2012.02.16 09:26:51.712,1.4563,1.45658,1.13,2.63
2012.02.16 09:26:52.291,1.4563,1.45656,1.13,1.50
2012.02.16 09:26:53.285,1.4563,1.45657,1.13,2.25
2012.02.16 09:26:53.607,1.4563,1.45656,1.13,1.50
2012.02.16 09:26:54.310,1.4563,1.45655,1.13,1.50
2012.02.16 09:26:54.834,1.4563,1.45654,1.13,1.50
2012.02.16 09:26:55.367,1.4563,1.45653,1.13,1.50
2012.02.16 09:26:56.165,1.45631,1.45658,1.65,3.38
2012.02.16 09:26:56.316,1.45631,1.45657,1.65,1.50
2012.02.16 09:26:56.679,1.45625,1.45647,2.25,4.50
2012.02.16 09:26:57.198,1.4563,1.45655,1.13,3.00
2012.02.16 09:26:57.861,1.4563,1.45656,1.13,2.55
2012.02.16 09:26:58.158,1.4563,1.45655,1.13,2.93
2012.02.16 09:26:58.531,1.4563,1.45649,1.13,1.50
2012.02.16 09:26:58.747,1.4563,1.45652,1.13,1.43
2012.02.16 09:26:59.410,1.4563,1.45654,1.13,2.25
2012.02.16 09:26:59.711,1.45626,1.4565,1.50,1.84
2012.02.16 09:26:59.935,1.45616,1.45645,1.20,2.25
2012.02.16 09:27:00.010,1.45615,1.45645,1.95,2.25
2012.02.16 09:27:00.163,1.45612,1.45641,2.33,2.25
2012.02.16 09:27:00.306,1.45612,1.45641,2.33,1.50
2012.02.16 09:27:00.854,1.45612,1.45642,1.95,2.18
2012.02.16 09:27:01.366,1.45622,1.45642,4.50,2.18
2012.02.16 09:27:01.866,1.45623,1.45642,1.13,2.25
2012.02.16 09:27:02.358,1.45623,1.45643,1.13,2.25
2012.02.16 09:27:02.507,1.45623,1.45643,1.13,2.25
2012.02.16 09:27:02.646,1.45612,1.4564,1.09,2.25
2012.02.16 09:27:03.193,1.45627,1.45641,4.50,1.50
2012.02.16 09:27:03.276,1.45627,1.45647,4.50,2.25
2012.02.16 09:27:03.346,1.45627,1.45646,4.50,1.50
2012.02.16 09:27:03.654,1.45627,1.45646,4.50,2.25
2012.02.16 09:27:03.924,1.45627,1.45646,4.50,2.25
2012.02.16 09:27:04.435,1.45627,1.45646,4.50,2.25
2012.02.16 09:27:04.506,1.45627,1.45646,4.50,2.25
2012.02.16 09:27:07.995,1.45627,1.45648,4.50,2.25
2012.02.16 09:27:08.329,1.45627,1.45648,4.50,2.25
2012.02.16 09:27:09.535,1.45627,1.45651,4.50,2.25
2012.02.16 09:27:10.172,1.45627,1.45655,4.69,2.55
2012.02.16 09:27:10.268,1.45627,1.45652,4.69,1.43
2012.02.16 09:27:10.829,1.45632,1.45655,1.50,1.13
2012.02.16 09:27:11.126,1.45629,1.45654,1.13,1.13
2012.02.16 09:27:11.271,1.4563,1.45655,1.47,1.13
2012.02.16 09:27:11.775,1.45633,1.45655,1.50,1.13
2012.02.16 09:27:12.151,1.45636,1.45655,1.50,1.13
2012.02.16 09:27:12.767,1.45633,1.45655,1.50,1.13
2012.02.16 09:27:12.865,1.45627,1.45655,6.00,1.13
2012.02.16 09:27:13.591,1.45624,1.45655,2.40,1.87
2012.02.16 09:27:13.675,1.45626,1.45653,1.50,2.24
2012.02.16 09:27:14.215,1.45621,1.4565,1.95,3.68
2012.02.16 09:27:14.301,1.4562,1.45648,1.88,2.25
2012.02.16 09:27:14.379,1.45617,1.45646,1.13,1.50
2012.02.16 09:27:14.731,1.45616,1.45642,1.50,2.18
2012.02.16 09:27:14.952,1.45612,1.4564,2.40,2.25
2012.02.16 09:27:15.166,1.45611,1.4564,2.40,1.50
2012.02.16 09:27:15.369,1.4561,1.45637,1.24,1.50
2012.02.16 09:27:16.001,1.45617,1.45638,1.65,2.25
2012.02.16 09:27:16.153,1.45617,1.45639,1.65,2.18
2012.02.16 09:27:16.230,1.45617,1.45638,1.65,2.18
2012.02.16 09:27:16.466,1.4561,1.45638,1.20,2.93
2012.02.16 09:27:16.544,1.4561,1.45636,1.20,1.43
2012.02.16 09:27:16.617,1.4561,1.45638,4.50,6.00
2012.02.16 09:27:16.769,1.4561,1.45636,4.88,1.50
2012.02.16 09:27:16.851,1.45606,1.45637,2.07,2.25
2012.02.16 09:27:17.002,1.45608,1.45639,1.50,2.25
2012.02.16 09:27:17.483,1.45616,1.4564,4.50,2.25
2012.02.16 09:27:17.879,1.45616,1.4564,4.50,1.13
2012.02.16 09:27:19.993,1.45616,1.4564,4.50,1.13
2012.02.16 09:27:20.377,1.45629,1.45644,4.50,2.18
2012.02.16 09:27:21.009,1.45629,1.45652,4.50,2.25
2012.02.16 09:27:21.784,1.45631,1.45655,1.50,1.50
2012.02.16 09:27:21.998,1.45632,1.45657,3.00,4.50
2012.02.16 09:27:22.298,1.45633,1.45655,2.25,1.50
2012.02.16 09:27:23.205,1.45632,1.45657,1.50,4.50
2012.02.16 09:27:23.838,1.45632,1.45655,1.50,1.50
2012.02.16 09:27:24.359,1.45631,1.45657,3.19,4.50
2012.02.16 09:27:25.156,1.4564,1.45662,4.50,2.25
2012.02.16 09:27:26.448,1.4564,1.45658,4.50,1.50
2012.02.16 09:27:27.635,1.4564,1.45662,4.50,2.25
2012.02.16 09:27:28.159,1.4564,1.45661,4.50,2.25
2012.02.16 09:27:32.250,1.4564,1.4566,4.50,2.25
2012.02.16 09:27:33.133,1.4564,1.45659,4.50,3.68
2012.02.16 09:27:33.207,1.45638,1.45653,1.50,2.25
2012.02.16 09:27:33.277,1.45627,1.45653,1.13,3.75
2012.02.16 09:27:33.419,1.45625,1.45648,6.00,1.13
2012.02.16 09:27:34.049,1.45625,1.4564,4.50,1.50
2012.02.16 09:27:34.240,1.45613,1.45637,1.95,2.25
2012.02.16 09:27:34.331,1.45613,1.45631,1.50,1.50
2012.02.16 09:27:34.897,1.45613,1.45632,1.50,1.50
2012.02.16 09:27:35.442,1.45611,1.45633,4.50,2.25
2012.02.16 09:27:36.011,1.45611,1.45632,4.50,1.50
2012.02.16 09:27:36.370,1.45611,1.45633,4.50,2.18
2012.02.16 09:27:36.591,1.45611,1.45633,4.50,2.93
2012.02.16 09:27:37.202,1.45613,1.45635,1.65,2.25
2012.02.16 09:27:37.747,1.45613,1.45634,2.10,1.50
2012.02.16 09:27:38.240,1.45614,1.45636,1.65,2.25
2012.02.16 09:27:38.929,1.45613,1.45635,2.85,1.50
2012.02.16 09:27:39.426,1.45613,1.45631,2.40,1.50
2012.02.16 09:27:40.405,1.45613,1.45634,1.50,2.25
2012.02.16 09:27:41.454,1.45614,1.45636,1.65,1.50
2012.02.16 09:27:42.099,1.45614,1.45636,2.10,2.25
2012.02.16 09:27:42.608,1.45614,1.45638,2.10,2.18
2012.02.16 09:27:43.177,1.45627,1.45639,4.50,1.50
2012.02.16 09:27:43.328,1.45627,1.4564,4.50,2.25
2012.02.16 09:27:43.406,1.45627,1.45641,4.50,1.43
2012.02.16 09:27:43.874,1.45627,1.45643,4.50,1.50
2012.02.16 09:27:43.944,1.45627,1.45643,4.50,2.25
2012.02.16 09:27:45.624,1.45627,1.45643,4.50,3.68
2012.02.16 09:27:46.354,1.45627,1.45643,4.50,2.18
2012.02.16 09:27:46.557,1.45627,1.45643,4.50,2.18
2012.02.16 09:27:48.774,1.45616,1.4564,1.50,1.50
2012.02.16 09:27:48.845,1.45616,1.4564,1.50,1.50
2012.02.16 09:27:50.568,1.45616,1.45636,1.50,2.18
2012.02.16 09:27:52.958,1.45616,1.4564,1.50,1.50
2012.02.16 09:27:53.497,1.45616,1.4564,1.50,1.50
2012.02.16 09:27:54.035,1.45616,1.45638,1.50,2.18
2012.02.16 09:27:57.204,1.45616,1.45638,1.50,2.18
2012.02.16 09:27:59.177,1.45616,1.45638,1.50,2.18
2012.02.16 09:27:59.574,1.45614,1.45638,4.84,2.18
2012.02.16 09:27:59.715,1.45614,1.45638,1.84,2.18
2012.02.16 09:28:00.554,1.45613,1.45638,3.19,2.18
2012.02.16 09:28:01.233,1.45613,1.45638,3.19,2.18
2012.02.16 09:28:01.457,1.45614,1.45636,5.33,1.43
2012.02.16 09:28:01.811,1.45615,1.45637,1.13,2.63
2012.02.16 09:28:02.158,1.45615,1.45628,1.13,1.43
2012.02.16 09:28:03.398,1.45615,1.45636,1.13,3.68
2012.02.16 09:28:03.607,1.45615,1.45634,1.13,2.25
2012.02.16 09:28:05.429,1.45615,1.45635,1.13,2.25
2012.02.16 09:28:06.874,1.45615,1.45634,1.13,1.13
2012.02.16 09:28:07.216,1.45615,1.45634,1.13,1.13
2012.02.16 09:28:07.424,1.45615,1.45634,1.13,1.13
2012.02.16 09:28:08.589,1.45615,1.45631,1.13,2.18
2012.02.16 09:28:09.186,1.45615,1.45631,1.13,2.18
2012.02.16 09:28:12.891,1.45615,1.45634,1.13,3.68
2012.02.16 09:28:13.401,1.45615,1.45634,1.13,3.68
2012.02.16 09:28:15.170,1.45611,1.45639,1.09,3.68
2012.02.16 09:28:15.868,1.45611,1.45639,1.09,2.25
2012.02.16 09:28:16.562,1.45611,1.45639,1.09,2.25
2012.02.16 09:28:16.843,1.45624,1.45639,4.88,2.25
2012.02.16 09:28:17.134,1.45624,1.45643,4.88,2.18
2012.02.16 09:28:17.979,1.45624,1.45643,4.88,2.18
2012.02.16 09:28:18.316,1.45624,1.45643,4.88,2.18
2012.02.16 09:28:19.774,1.45624,1.45643,4.88,3.68
2012.02.16 09:28:20.235,1.45624,1.45643,4.88,2.25
2012.02.16 09:28:21.155,1.45624,1.45643,4.88,2.25
2012.02.16 09:28:21.705,1.45626,1.45643,4.50,1.43
2012.02.16 09:28:21.852,1.45628,1.45648,2.25,3.00
2012.02.16 09:28:22.410,1.45627,1.45645,1.13,2.25
2012.02.16 09:28:23.085,1.45627,1.45644,1.13,2.25
2012.02.16 09:28:24.783,1.45627,1.45646,1.13,1.43
2012.02.16 09:28:24.930,1.45627,1.45648,1.13,2.18
2012.02.16 09:28:25.009,1.45627,1.45648,1.13,1.43
2012.02.16 09:28:25.086,1.45627,1.45646,1.13,1.43
2012.02.16 09:28:25.374,1.45627,1.4565,1.13,2.25
2012.02.16 09:28:26.786,1.45627,1.45647,1.13,1.50
2012.02.16 09:28:27.305,1.45627,1.45649,1.13,2.25
2012.02.16 09:28:27.871,1.45627,1.45648,1.13,3.68
2012.02.16 09:28:28.253,1.45627,1.45647,1.13,1.50
2012.02.16 09:28:29.068,1.45627,1.45647,1.13,2.25
2012.02.16 09:28:30.667,1.45627,1.45645,1.13,1.50
2012.02.16 09:28:30.741,1.45627,1.45647,1.13,1.43
2012.02.16 09:28:30.816,1.45627,1.4565,1.13,2.18
2012.02.16 09:28:31.625,1.45627,1.45641,1.13,1.50
2012.02.16 09:28:31.697,1.45627,1.45643,1.13,1.50
2012.02.16 09:28:32.445,1.45627,1.45641,1.13,1.43
2012.02.16 09:28:32.588,1.45627,1.45643,1.13,1.50
2012.02.16 09:28:32.669,1.45627,1.45646,1.13,1.43
2012.02.16 09:28:32.753,1.45627,1.45646,1.13,2.18
2012.02.16 09:28:32.827,1.45627,1.45649,1.13,1.50
2012.02.16 09:28:33.040,1.45627,1.45647,1.13,1.50
2012.02.16 09:28:33.701,1.45627,1.45648,1.13,1.50
2012.02.16 09:28:34.066,1.45627,1.45646,1.13,1.50
2012.02.16 09:28:34.430,1.45627,1.45644,1.13,1.50
2012.02.16 09:28:34.669,1.45627,1.45647,1.13,1.50
2012.02.16 09:28:34.816,1.45627,1.4565,1.13,1.50
2012.02.16 09:28:34.946,1.45627,1.45653,1.13,1.50
2012.02.16 09:28:38.096,1.45623,1.45654,1.88,2.25
2012.02.16 09:28:38.698,1.45623,1.45654,2.67,1.50
2012.02.16 09:28:38.791,1.4562,1.45651,3.72,1.50
2012.02.16 09:28:38.868,1.4562,1.45649,2.22,1.50
2012.02.16 09:28:39.294,1.45621,1.45651,2.22,1.50
2012.02.16 09:28:39.872,1.45623,1.45652,2.22,1.50
2012.02.16 09:28:40.465,1.45622,1.45651,2.22,1.50
2012.02.16 09:28:41.751,1.45624,1.45654,3.00,2.25
2012.02.16 09:28:41.827,1.45627,1.45655,1.50,2.25
2012.02.16 09:28:42.375,1.45625,1.45655,1.50,2.25
2012.02.16 09:28:43.669,1.45625,1.45655,1.50,2.25
2012.02.16 09:28:43.892,1.45623,1.4565,2.07,1.50
2012.02.16 09:28:44.506,1.45623,1.4565,2.07,1.50
2012.02.16 09:28:44.587,1.45624,1.45653,1.50,1.50
2012.02.16 09:28:46.055,1.45624,1.45652,2.40,1.50
2012.02.16 09:28:46.619,1.45626,1.45653,4.50,1.50
2012.02.16 09:28:47.385,1.45626,1.45649,4.88,1.50
2012.02.16 09:28:47.677,1.45624,1.45644,1.50,1.13
2012.02.16 09:28:47.748,1.4562,1.45644,1.50,1.13
2012.02.16 09:28:48.037,1.45616,1.45645,1.50,1.88
2012.02.16 09:28:48.105,1.4562,1.45644,4.50,1.88
2012.02.16 09:28:48.455,1.4562,1.45645,4.50,1.50
2012.02.16 09:28:49.275,1.4562,1.45647,4.50,2.25
2012.02.16 09:28:55.995,1.45635,1.45655,1.13,1.50
2012.02.16 09:28:56.428,1.45635,1.45659,1.13,1.50
2012.02.16 09:28:56.787,1.45635,1.45657,1.13,1.50
2012.02.16 09:28:57.934,1.45635,1.45658,2.03,1.50
2012.02.16 09:28:59.411,1.45635,1.45659,1.13,2.25
2012.02.16 09:28:59.616,1.45635,1.45661,1.13,2.25
2012.02.16 09:28:59.835,1.45635,1.45663,2.03,2.63
2012.02.16 09:29:00.371,1.45635,1.4566,2.03,1.50
2012.02.16 09:29:01.234,1.45635,1.4566,1.13,2.25
2012.02.16 09:29:01.625,1.45635,1.45662,2.03,3.00
2012.02.16 09:29:01.833,1.45635,1.45661,2.03,2.25
2012.02.16 09:29:02.337,1.45635,1.4566,2.03,2.25
2012.02.16 09:29:11.079,1.45635,1.45657,1.13,1.50
2012.02.16 09:29:12.995,1.45635,1.45658,1.13,1.50
2012.02.16 09:29:16.016,1.45635,1.4565,1.88,1.50
2012.02.16 09:29:16.173,1.4563,1.4565,1.50,1.50
2012.02.16 09:29:16.458,1.45628,1.4565,2.25,1.50
2012.02.16 09:29:16.529,1.45626,1.4565,2.25,1.50
2012.02.16 09:29:16.873,1.45629,1.4565,1.50,1.50
2012.02.16 09:29:17.603,1.45627,1.4565,1.50,1.50
2012.02.16 09:29:18.793,1.45628,1.4565,1.50,1.50
2012.02.16 09:29:18.871,1.45627,1.45652,1.50,4.88
2012.02.16 09:29:19.035,1.45627,1.45652,2.25,4.50
2012.02.16 09:29:19.270,1.45646,1.45664,1.13,2.54
2012.02.16 09:29:19.925,1.45646,1.45663,1.13,2.25
2012.02.16 09:29:20.213,1.45646,1.45664,1.13,2.25
2012.02.16 09:29:24.794,1.45646,1.45665,1.13,2.25
2012.02.16 09:29:27.765,1.45646,1.45668,1.13,1.50
2012.02.16 09:29:28.313,1.45646,1.4567,1.13,1.69
2012.02.16 09:29:28.444,1.45646,1.45672,1.13,1.88
2012.02.16 09:29:29.479,1.45646,1.45671,1.13,1.50
2012.02.16 09:29:32.935,1.45646,1.45668,1.13,2.33
2012.02.16 09:29:33.239,1.4564,1.4566,1.20,2.62
2012.02.16 09:29:34.282,1.45639,1.45656,1.13,1.50
2012.02.16 09:29:35.215,1.45636,1.45658,4.50,1.50
2012.02.16 09:29:35.426,1.45632,1.45658,1.28,1.50
2012.02.16 09:29:35.992,1.45626,1.45657,2.78,2.44
2012.02.16 09:29:36.059,1.45627,1.45656,1.50,1.50
2012.02.16 09:29:36.421,1.45628,1.45652,2.25,1.50
2012.02.16 09:29:36.500,1.45628,1.45653,2.25,1.50
2012.02.16 09:29:36.928,1.45626,1.45652,6.00,1.50
2012.02.16 09:29:37.075,1.45626,1.45653,6.00,1.50
2012.02.16 09:29:37.695,1.45626,1.45651,4.50,1.50
2012.02.16 09:29:37.915,1.45626,1.45652,4.50,3.00
2012.02.16 09:29:38.400,1.45626,1.45653,4.50,3.00
2012.02.16 09:29:38.633,1.45636,1.45655,4.50,1.32
2012.02.16 09:29:39.315,1.45636,1.45653,3.75,2.18
2012.02.16 09:29:39.816,1.45636,1.45653,3.75,2.18
2012.02.16 09:29:40.529,1.45622,1.45649,2.40,1.50
2012.02.16 09:29:40.611,1.45621,1.45649,1.13,1.88
2012.02.16 09:29:44.310,1.45621,1.45647,1.13,1.50
2012.02.16 09:29:44.837,1.45621,1.45648,1.13,3.00
2012.02.16 09:29:46.262,1.45621,1.45648,1.13,3.00
2012.02.16 09:29:46.943,1.45628,1.45649,1.35,1.13
2012.02.16 09:29:47.788,1.45628,1.45649,1.35,1.13
2012.02.16 09:29:48.354,1.45628,1.45649,1.35,1.13
2012.02.16 09:29:49.213,1.45628,1.45649,1.95,1.13
2012.02.16 09:29:49.424,1.45626,1.45649,1.50,1.13
2012.02.16 09:29:50.002,1.45628,1.45649,1.50,1.13
2012.02.16 09:29:50.356,1.45637,1.45658,4.50,2.25
2012.02.16 09:29:52.539,1.45637,1.45657,4.50,2.25
2012.02.16 09:29:52.688,1.4563,1.45657,1.50,1.50
2012.02.16 09:29:52.840,1.45628,1.45654,1.13,2.25
2012.02.16 09:29:53.844,1.45628,1.45656,2.63,1.13
2012.02.16 09:29:54.253,1.45629,1.45655,1.65,1.50
2012.02.16 09:29:55.187,1.4563,1.45656,2.40,1.13
2012.02.16 09:29:55.387,1.45628,1.45656,2.63,1.13
2012.02.16 09:29:56.108,1.45628,1.45655,2.63,1.50
2012.02.16 09:29:58.994,1.45628,1.45655,1.13,2.25
2012.02.16 09:29:59.693,1.45629,1.45655,2.25,1.50
2012.02.16 09:30:00.639,1.45628,1.45655,1.13,1.50
2012.02.16 09:30:03.892,1.45628,1.45655,3.90,1.50
2012.02.16 09:30:04.437,1.45628,1.45651,1.13,1.43
2012.02.16 09:30:04.522,1.45628,1.4565,1.13,2.18
2012.02.16 09:30:04.665,1.45628,1.45649,1.13,1.50
2012.02.16 09:30:04.876,1.45629,1.45654,2.10,1.50
2012.02.16 09:30:05.412,1.45639,1.45656,4.50,1.13
2012.02.16 09:30:05.489,1.45639,1.45658,4.50,1.88
2012.02.16 09:30:05.567,1.4564,1.4566,1.13,1.50
2012.02.16 09:30:05.709,1.4564,1.45661,1.13,2.25
2012.02.16 09:30:06.344,1.4564,1.45661,1.13,2.25
2012.02.16 09:30:06.955,1.4564,1.45657,1.13,2.25
2012.02.16 09:30:07.887,1.4564,1.4566,1.13,2.25
2012.02.16 09:30:08.610,1.4564,1.45662,1.13,4.05
2012.02.16 09:30:10.023,1.45629,1.45653,2.25,1.50
2012.02.16 09:30:10.354,1.45629,1.45653,1.50,1.50
2012.02.16 09:30:11.090,1.45633,1.45653,1.50,1.50
2012.02.16 09:30:11.167,1.45629,1.45653,1.50,1.50
2012.02.16 09:30:12.167,1.45629,1.45648,2.25,1.50
2012.02.16 09:30:12.389,1.45629,1.45654,1.50,1.50
2012.02.16 09:30:12.915,1.45631,1.45654,1.50,1.50
2012.02.16 09:30:14.582,1.45631,1.45654,1.50,1.50
2012.02.16 09:30:15.582,1.45631,1.45654,1.50,1.50
2012.02.16 09:30:16.932,1.4563,1.45654,2.25,1.50
2012.02.16 09:30:17.721,1.45629,1.45654,2.25,1.50
2012.02.16 09:30:20.406,1.45629,1.45654,2.25,1.50
2012.02.16 09:30:23.308,1.45628,1.45654,6.00,1.50
2012.02.16 09:30:23.904,1.45628,1.45654,4.50,1.50
2012.02.16 09:30:24.400,1.45628,1.45651,4.50,1.50
2012.02.16 09:30:24.751,1.45628,1.4565,4.50,3.87
2012.02.16 09:30:25.456,1.45628,1.45647,4.50,1.50
2012.02.16 09:30:25.924,1.45628,1.4565,4.50,2.18
2012.02.16 09:30:26.031,1.45628,1.45648,4.50,2.25
2012.02.16 09:30:26.116,1.4562,1.45644,2.25,1.50
2012.02.16 09:30:26.194,1.45616,1.45644,4.88,2.25
2012.02.16 09:30:26.349,1.45617,1.45644,2.25,1.50
2012.02.16 09:30:27.629,1.45616,1.45644,4.88,5.93
2012.02.16 09:30:27.955,1.45616,1.45642,4.88,2.25
2012.02.16 09:30:28.503,1.45616,1.45642,4.88,2.25
2012.02.16 09:30:28.929,1.45616,1.4564,4.88,2.25
2012.02.16 09:30:29.705,1.45616,1.45644,4.88,1.50
2012.02.16 09:30:29.773,1.45616,1.45644,4.88,1.50
2012.02.16 09:30:30.616,1.45616,1.45643,4.88,1.13
2012.02.16 09:30:30.954,1.45616,1.45644,4.88,3.00
2012.02.16 09:30:32.888,1.45616,1.45644,4.88,3.00
2012.02.16 09:30:34.536,1.45616,1.45643,4.88,2.25
2012.02.16 09:30:36.243,1.45616,1.45643,4.88,2.25
2012.02.16 09:30:37.137,1.45616,1.45643,4.88,2.25
2012.02.16 09:30:39.595,1.45616,1.45643,4.88,2.25
2012.02.16 09:30:39.785,1.45616,1.4564,4.88,2.25
2012.02.16 09:30:39.984,1.45616,1.4564,4.88,2.25
2012.02.16 09:30:42.046,1.45616,1.45644,4.88,4.43
2012.02.16 09:30:42.254,1.45616,1.45644,4.88,3.00
2012.02.16 09:30:43.725,1.45616,1.45643,4.88,1.50
2012.02.16 09:30:45.274,1.45616,1.4564,4.88,3.68
2012.02.16 09:30:45.892,1.45616,1.4564,4.88,3.68
2012.02.16 09:30:46.243,1.45616,1.4564,4.88,3.68
2012.02.16 09:30:47.221,1.45616,1.45643,4.88,1.13
2012.02.16 09:30:47.652,1.45616,1.45643,4.88,1.49
2012.02.16 09:30:48.374,1.4562,1.45644,1.50,1.50
2012.02.16 09:30:48.445,1.45616,1.45644,6.38,1.50
2012.02.16 09:30:52.338,1.45616,1.45638,4.88,2.18
2012.02.16 09:30:52.672,1.45616,1.45638,4.88,3.68
2012.02.16 09:30:54.252,1.45616,1.45638,4.88,3.68
2012.02.16 09:30:54.504,1.45616,1.45638,4.88,3.68
2012.02.16 09:30:56.048,1.45616,1.45635,4.88,2.18
2012.02.16 09:30:57.138,1.45611,1.45635,2.25,2.18
2012.02.16 09:30:57.208,1.45611,1.45635,1.50,2.18
2012.02.16 09:30:57.816,1.4561,1.45632,1.50,2.18
2012.02.16 09:30:59.400,1.45608,1.45632,2.44,2.18
2012.02.16 09:31:00.188,1.45608,1.45632,2.63,2.18
2012.02.16 09:31:01.084,1.45612,1.45638,4.50,1.50
2012.02.16 09:31:01.900,1.4561,1.45639,2.07,2.25
2012.02.16 09:31:02.258,1.45609,1.45633,2.07,2.18
2012.02.16 09:31:02.340,1.45612,1.45637,4.50,2.25
2012.02.16 09:31:02.614,1.45608,1.45637,1.50,2.25
2012.02.16 09:31:02.874,1.45608,1.45635,1.13,2.18
2012.02.16 09:31:03.507,1.45609,1.45628,1.50,1.50
2012.02.16 09:31:03.584,1.45606,1.45628,3.19,1.50
2012.02.16 09:31:04.059,1.45608,1.45628,1.50,1.50
2012.02.16 09:31:04.446,1.4561,1.45629,1.50,1.50
2012.02.16 09:31:05.405,1.45611,1.45628,1.50,1.50
2012.02.16 09:31:05.874,1.45609,1.45628,1.50,1.50
2012.02.16 09:31:06.574,1.45609,1.4563,1.50,6.30
2012.02.16 09:31:06.816,1.45616,1.45633,4.50,1.13
2012.02.16 09:31:06.902,1.45616,1.45639,4.50,2.18
2012.02.16 09:31:07.517,1.45616,1.45641,4.50,2.18
2012.02.16 09:31:07.616,1.45617,1.45635,1.20,2.25
2012.02.16 09:31:07.686,1.45617,1.4563,1.20,1.43
2012.02.16 09:31:07.755,1.45617,1.45635,1.20,2.25
2012.02.16 09:31:08.638,1.45616,1.45636,4.50,2.25
2012.02.16 09:31:08.719,1.45616,1.45636,4.50,2.25
2012.02.16 09:31:09.428,1.45616,1.45632,4.50,1.50
2012.02.16 09:31:09.985,1.45616,1.45636,4.50,3.19
2012.02.16 09:31:10.127,1.45616,1.4563,4.50,1.50
2012.02.16 09:31:10.478,1.45616,1.45632,4.50,1.50
2012.02.16 09:31:11.514,1.45616,1.45634,4.50,2.25
2012.02.16 09:31:14.807,1.45616,1.45635,4.50,1.43
2012.02.16 09:31:15.026,1.45609,1.45632,1.28,4.50
2012.02.16 09:31:15.578,1.45607,1.4563,2.18,1.13
2012.02.16 09:31:15.683,1.45599,1.45629,1.28,1.69
2012.02.16 09:31:16.194,1.45604,1.45631,4.50,2.25
2012.02.16 09:31:17.490,1.45605,1.45632,1.13,2.25
2012.02.16 09:31:18.887,1.45607,1.45634,1.50,5.63
2012.02.16 09:31:19.642,1.45605,1.45632,1.13,2.25
2012.02.16 09:31:19.761,1.45602,1.45631,2.25,1.50
2012.02.16 09:31:20.313,1.45603,1.45631,1.88,1.50
2012.02.16 09:31:20.443,1.45604,1.45634,1.50,2.25
2012.02.16 09:31:20.643,1.45606,1.45634,1.50,2.25
2012.02.16 09:31:21.498,1.45605,1.45635,1.50,2.25
2012.02.16 09:31:22.246,1.45605,1.45635,1.50,2.25
2012.02.16 09:31:22.348,1.45598,1.45628,2.63,1.50
2012.02.16 09:31:22.499,1.45597,1.45626,1.88,1.50
2012.02.16 09:31:22.647,1.45597,1.45628,1.50,1.50
2012.02.16 09:31:23.319,1.45598,1.45628,1.50,2.63
2012.02.16 09:31:23.398,1.456,1.45628,1.50,1.13
2012.02.16 09:31:23.908,1.45599,1.45628,1.50,1.13
2012.02.16 09:31:24.414,1.45598,1.45628,1.50,1.88
2012.02.16 09:31:24.723,1.45598,1.45618,1.50,4.50
2012.02.16 09:31:24.954,1.45595,1.45618,1.50,4.50
2012.02.16 09:31:25.891,1.45593,1.45618,2.85,4.50
2012.02.16 09:31:26.346,1.45591,1.45619,2.63,2.25
2012.02.16 09:31:26.686,1.45591,1.45617,1.13,1.50
2012.02.16 09:31:26.755,1.4559,1.45617,2.03,1.50
2012.02.16 09:31:27.664,1.4559,1.45618,2.03,1.50
2012.02.16 09:31:28.216,1.4559,1.45617,1.13,1.50
2012.02.16 09:31:28.289,1.4559,1.45614,2.78,1.50
2012.02.16 09:31:28.764,1.45593,1.45617,1.35,1.50
2012.02.16 09:31:28.847,1.45593,1.45622,1.35,1.50
2012.02.16 09:31:29.433,1.45596,1.45623,1.50,1.50
2012.02.16 09:31:29.530,1.45596,1.45622,1.65,1.13
2012.02.16 09:31:30.283,1.45593,1.45624,3.60,2.25
2012.02.16 09:31:30.841,1.45593,1.45623,3.60,1.50
2012.02.16 09:31:31.645,1.45594,1.45622,2.40,1.50
2012.02.16 09:31:31.723,1.45595,1.45624,1.50,2.63
2012.02.16 09:31:32.235,1.45595,1.45623,1.50,2.25
2012.02.16 09:31:32.316,1.45595,1.45623,1.50,2.25
2012.02.16 09:31:32.935,1.45594,1.45623,1.35,2.25
2012.02.16 09:31:33.443,1.45595,1.45624,1.50,2.63
2012.02.16 09:31:34.192,1.45596,1.45624,1.50,2.63
2012.02.16 09:31:34.742,1.45593,1.45619,1.65,4.50
2012.02.16 09:31:34.922,1.45591,1.45619,1.65,6.38
2012.02.16 09:31:36.073,1.45591,1.45619,2.78,4.88
2012.02.16 09:31:41.978,1.45591,1.45619,3.00,4.88
2012.02.16 09:31:42.228,1.45595,1.45616,4.88,1.50
2012.02.16 09:31:42.768,1.45588,1.45615,1.35,1.50
2012.02.16 09:31:42.870,1.45587,1.45617,1.50,1.50
2012.02.16 09:31:43.015,1.45586,1.45614,2.40,2.25
2012.02.16 09:31:43.574,1.45587,1.45615,1.50,2.25
2012.02.16 09:31:45.205,1.45587,1.45615,1.50,2.63
2012.02.16 09:31:45.526,1.45588,1.45614,4.50,1.50
2012.02.16 09:31:45.667,1.45588,1.45613,4.50,1.50
2012.02.16 09:31:45.967,1.45588,1.45611,4.50,1.50
2012.02.16 09:31:46.785,1.45588,1.45604,4.50,1.50
2012.02.16 09:31:46.893,1.45588,1.45608,4.50,1.49
2012.02.16 09:31:47.243,1.45588,1.45607,4.50,1.12
2012.02.16 09:31:49.162,1.45588,1.45607,4.50,1.12
2012.02.16 09:31:51.470,1.45588,1.45611,4.50,2.25
2012.02.16 09:31:52.807,1.45588,1.45611,4.50,2.62
2012.02.16 09:31:52.955,1.45588,1.45605,4.50,2.18
2012.02.16 09:31:54.697,1.45588,1.45608,4.50,2.63
2012.02.16 09:31:55.361,1.45588,1.45605,4.50,2.25
2012.02.16 09:31:58.178,1.45588,1.45605,4.50,2.25
2012.02.16 09:31:59.917,1.45588,1.45602,4.50,1.50
2012.02.16 09:32:00.583,1.45588,1.45604,4.50,2.25
2012.02.16 09:32:01.775,1.45588,1.45605,4.50,2.25
2012.02.16 09:32:04.234,1.45588,1.45606,4.50,1.50
2012.02.16 09:32:06.092,1.45588,1.45604,4.50,1.50
2012.02.16 09:32:06.669,1.45588,1.45605,4.50,1.50
2012.02.16 09:32:10.662,1.45588,1.45608,4.50,1.50
2012.02.16 09:32:11.255,1.45588,1.45606,4.50,1.50
2012.02.16 09:32:12.463,1.45588,1.45607,4.50,1.50
2012.02.16 09:32:13.616,1.45588,1.45606,4.50,1.50
2012.02.16 09:32:14.144,1.45588,1.45607,4.50,1.50
2012.02.16 09:32:14.560,1.45588,1.45605,4.50,1.50
2012.02.16 09:32:14.780,1.45588,1.45609,4.50,1.69
2012.02.16 09:32:14.989,1.45588,1.45607,4.50,1.50
2012.02.16 09:32:15.499,1.45588,1.45609,4.50,1.69
2012.02.16 09:32:15.636,1.45588,1.45607,4.50,1.50
2012.02.16 09:32:15.774,1.45588,1.45609,4.50,1.69
2012.02.16 09:32:16.324,1.45588,1.45611,4.50,1.69
2012.02.16 09:32:16.534,1.45588,1.45612,4.50,1.50
2012.02.16 09:32:17.625,1.45588,1.45609,4.50,1.50
2012.02.16 09:32:18.377,1.45588,1.45607,4.50,1.50
2012.02.16 09:32:18.446,1.45588,1.45609,4.50,2.25
2012.02.16 09:32:18.996,1.45588,1.45608,4.50,1.43
2012.02.16 09:32:20.803,1.45588,1.45605,4.50,1.50
2012.02.16 09:32:21.534,1.45588,1.45603,4.50,1.43
2012.02.16 09:32:21.807,1.45577,1.45603,5.22,2.18
2012.02.16 09:32:22.226,1.45577,1.45603,6.72,2.93
2012.02.16 09:32:24.213,1.45577,1.45603,5.22,2.93
2012.02.16 09:32:25.646,1.45577,1.45603,5.22,2.18
2012.02.16 09:32:26.103,1.45577,1.45603,5.22,2.93
2012.02.16 09:32:27.759,1.45577,1.45603,5.22,4.43
2012.02.16 09:32:29.045,1.4558,1.45605,1.50,4.88
2012.02.16 09:32:29.678,1.45582,1.45605,1.50,4.88
2012.02.16 09:32:30.167,1.4558,1.45593,1.50,4.50
2012.02.16 09:32:30.270,1.45578,1.45593,1.50,4.88
2012.02.16 09:32:30.494,1.45567,1.45593,1.50,4.88
2012.02.16 09:32:31.048,1.45571,1.45593,1.50,4.88
2012.02.16 09:32:31.197,1.45568,1.45593,2.59,4.88
2012.02.16 09:32:32.715,1.45567,1.45593,1.13,4.88
2012.02.16 09:32:33.067,1.45567,1.45589,1.13,1.50
2012.02.16 09:32:33.288,1.45565,1.45593,4.88,7.05
2012.02.16 09:32:33.434,1.45565,1.45591,4.88,3.00
2012.02.16 09:32:34.285,1.45565,1.45585,4.88,1.88
2012.02.16 09:32:34.853,1.45565,1.45583,4.88,2.25
2012.02.16 09:32:35.537,1.45565,1.45582,4.88,1.50
2012.02.16 09:32:35.680,1.45565,1.45586,4.88,1.50
2012.02.16 09:32:36.230,1.45565,1.45586,4.88,2.25
2012.02.16 09:32:37.325,1.45566,1.45588,2.25,1.43
2012.02.16 09:32:37.394,1.45566,1.45591,2.25,1.12
2012.02.16 09:32:38.137,1.45565,1.45588,5.70,1.50
2012.02.16 09:32:38.656,1.45565,1.45589,4.88,1.50
2012.02.16 09:32:39.869,1.45565,1.45588,4.88,1.50
2012.02.16 09:32:40.601,1.45565,1.45589,4.88,1.50
2012.02.16 09:32:40.684,1.45565,1.45591,4.88,2.25
2012.02.16 09:32:40.899,1.45565,1.45588,4.88,1.50
2012.02.16 09:32:43.232,1.45565,1.45589,4.88,3.68
2012.02.16 09:32:43.583,1.45565,1.45587,4.88,1.50
2012.02.16 09:32:44.175,1.45565,1.45589,4.88,4.05
2012.02.16 09:32:45.556,1.45565,1.45587,4.88,1.43
2012.02.16 09:32:46.743,1.45565,1.45587,4.88,2.18
2012.02.16 09:32:47.518,1.45565,1.45587,4.88,2.93
2012.02.16 09:32:47.717,1.45565,1.45587,4.88,3.68
2012.02.16 09:32:49.011,1.45565,1.45588,4.88,2.25
2012.02.16 09:32:49.673,1.45565,1.45589,4.88,3.87
2012.02.16 09:32:51.138,1.45565,1.45585,4.88,2.25
2012.02.16 09:32:51.796,1.45557,1.45577,1.50,4.50
2012.02.16 09:32:51.884,1.45551,1.45577,1.88,4.88
2012.02.16 09:32:52.106,1.45551,1.45577,1.88,4.88
2012.02.16 09:32:52.456,1.45549,1.45577,1.88,4.88
2012.02.16 09:32:52.661,1.45549,1.45571,1.50,1.50
2012.02.16 09:32:53.410,1.45544,1.45563,4.50,1.88
2012.02.16 09:32:53.503,1.45544,1.45569,4.50,1.50
2012.02.16 09:32:53.885,1.45544,1.45567,4.50,1.50
2012.02.16 09:32:54.155,1.45544,1.45569,4.50,1.50
2012.02.16 09:32:55.338,1.45544,1.45568,4.50,1.50
2012.02.16 09:32:56.097,1.45544,1.4557,4.50,3.75
2012.02.16 09:32:56.938,1.45544,1.4557,4.50,3.00
2012.02.16 09:32:57.004,1.45544,1.4557,4.50,3.00
2012.02.16 09:32:57.795,1.45544,1.45567,4.50,1.50
2012.02.16 09:32:58.745,1.45544,1.45568,4.50,1.50
2012.02.16 09:32:59.422,1.45544,1.45569,4.50,2.25
2012.02.16 09:33:00.252,1.45544,1.4557,4.50,2.25
2012.02.16 09:33:00.753,1.45549,1.4557,2.25,1.50
2012.02.16 09:33:01.312,1.45558,1.45577,4.50,2.18
2012.02.16 09:33:01.612,1.4556,1.45579,1.13,1.13
2012.02.16 09:33:03.017,1.4556,1.45584,1.47,2.93
2012.02.16 09:33:03.843,1.45562,1.45584,1.88,2.93
2012.02.16 09:33:04.365,1.45563,1.45586,1.88,4.50
2012.02.16 09:33:04.748,1.45563,1.45586,3.08,4.50
2012.02.16 09:33:04.946,1.45569,1.45593,4.50,1.13
2012.02.16 09:33:05.777,1.45571,1.45596,1.13,1.50
2012.02.16 09:33:06.072,1.45573,1.45597,1.73,1.50
2012.02.16 09:33:06.428,1.45573,1.45593,1.73,2.18
2012.02.16 09:33:06.570,1.45573,1.45597,1.73,2.25
2012.02.16 09:33:07.504,1.45573,1.45597,1.73,1.50
2012.02.16 09:33:08.534,1.45573,1.45598,1.73,1.50
2012.02.16 09:33:10.050,1.45571,1.45587,1.20,1.88
2012.02.16 09:33:10.373,1.45558,1.4558,1.95,4.50
2012.02.16 09:33:10.459,1.45554,1.45579,1.50,2.25
2012.02.16 09:33:10.755,1.45553,1.45575,1.13,1.50
2012.02.16 09:33:11.336,1.45553,1.45579,1.13,2.25
2012.02.16 09:33:11.491,1.45553,1.45576,1.13,1.50
2012.02.16 09:33:11.638,1.45553,1.45578,1.13,3.75
2012.02.16 09:33:16.031,1.45553,1.45574,1.13,1.43
2012.02.16 09:33:16.176,1.45553,1.4558,2.63,4.50
2012.02.16 09:33:17.773,1.45553,1.45574,1.13,1.50
2012.02.16 09:33:18.312,1.45553,1.45573,1.13,1.43
2012.02.16 09:33:18.404,1.45553,1.45579,2.03,2.25
2012.02.16 09:33:19.225,1.45553,1.45574,1.13,2.25
2012.02.16 09:33:19.689,1.45553,1.45579,1.58,2.25
2012.02.16 09:33:20.651,1.45553,1.45578,1.13,1.50
2012.02.16 09:33:21.396,1.45553,1.45575,1.13,1.50
2012.02.16 09:33:21.473,1.45553,1.4558,2.03,4.50
2012.02.16 09:33:21.664,1.45553,1.45573,2.03,1.50
2012.02.16 09:33:22.001,1.45553,1.45577,1.13,1.50
2012.02.16 09:33:22.555,1.45553,1.45576,2.03,1.50
2012.02.16 09:33:23.309,1.45553,1.45577,2.03,1.50
2012.02.16 09:33:24.380,1.45553,1.45576,2.03,1.50
2012.02.16 09:33:24.466,1.45553,1.45576,2.03,2.25
2012.02.16 09:33:24.880,1.45553,1.45579,1.58,2.25
2012.02.16 09:33:29.438,1.45553,1.45578,1.13,1.50
2012.02.16 09:33:29.518,1.45553,1.45577,1.58,1.69
2012.02.16 09:33:29.587,1.45553,1.45578,1.58,2.25
2012.02.16 09:33:33.868,1.45553,1.45578,1.13,1.50
2012.02.16 09:33:36.224,1.45553,1.45578,1.13,1.50
2012.02.16 09:33:40.625,1.45553,1.45578,1.13,1.50
2012.02.16 09:33:45.077,1.45553,1.45574,1.13,2.18
2012.02.16 09:33:45.417,1.45553,1.45574,1.13,2.18
2012.02.16 09:33:47.226,1.45553,1.45574,1.13,2.18
2012.02.16 09:33:50.752,1.45553,1.45574,1.13,2.18
2012.02.16 09:33:51.390,1.45543,1.45569,1.65,5.25
2012.02.16 09:33:51.468,1.45541,1.45569,2.25,5.63
2012.02.16 09:33:52.577,1.4554,1.45567,2.25,1.50
2012.02.16 09:33:53.556,1.45542,1.45567,1.50,1.50
2012.02.16 09:33:53.910,1.45548,1.45569,1.50,5.63
2012.02.16 09:33:54.805,1.45546,1.45569,1.50,5.63
2012.02.16 09:33:54.880,1.45546,1.45569,1.88,5.25
2012.02.16 09:33:55.305,1.4555,1.45568,4.88,1.43
2012.02.16 09:33:55.704,1.45541,1.45564,3.00,1.43
2012.02.16 09:33:55.785,1.45539,1.45564,7.13,1.43
2012.02.16 09:33:56.004,1.45539,1.45562,6.38,1.43
2012.02.16 09:33:56.732,1.45541,1.45566,2.25,1.80
2012.02.16 09:33:57.312,1.45539,1.45557,1.88,4.50
2012.02.16 09:33:58.770,1.45531,1.45553,1.95,1.43
2012.02.16 09:33:58.851,1.45531,1.45557,1.95,5.07
2012.02.16 09:33:59.787,1.45531,1.45554,2.25,1.43
2012.02.16 09:34:00.290,1.45529,1.45553,5.63,2.25
2012.02.16 09:34:00.375,1.45529,1.45553,6.38,2.25
2012.02.16 09:34:00.661,1.4553,1.45555,2.25,1.50
2012.02.16 09:34:00.739,1.4553,1.45554,2.25,2.18
2012.02.16 09:34:01.631,1.45529,1.45551,4.88,2.18
2012.02.16 09:34:01.712,1.45529,1.45552,4.88,1.50
2012.02.16 09:34:02.074,1.4553,1.45555,3.00,1.50
2012.02.16 09:34:03.053,1.45529,1.45554,4.95,1.88
2012.02.16 09:34:03.767,1.45529,1.45552,4.50,1.13
2012.02.16 09:34:04.281,1.45529,1.45551,4.50,2.18
2012.02.16 09:34:04.975,1.45537,1.45551,2.25,1.43
2012.02.16 09:34:05.134,1.45536,1.45557,1.50,2.25
2012.02.16 09:34:05.697,1.45534,1.45558,4.50,2.25
2012.02.16 09:34:05.983,1.45534,1.45558,4.50,1.50
2012.02.16 09:34:06.839,1.45534,1.45555,4.50,2.18
2012.02.16 09:34:06.933,1.45534,1.45556,4.50,1.50
2012.02.16 09:34:07.493,1.45534,1.45554,4.50,1.50
2012.02.16 09:34:07.778,1.45534,1.45556,4.50,3.00
2012.02.16 09:34:08.726,1.45534,1.45557,4.50,1.50
2012.02.16 09:34:08.886,1.45534,1.4556,4.84,1.50
2012.02.16 09:34:08.966,1.45546,1.45561,4.50,2.25
2012.02.16 09:34:09.048,1.45534,1.45564,2.59,2.25
2012.02.16 09:34:09.396,1.45542,1.45565,4.88,1.50
2012.02.16 09:34:09.473,1.45542,1.45562,4.88,2.25
2012.02.16 09:34:09.832,1.45542,1.45557,4.50,2.18
2012.02.16 09:34:10.395,1.45526,1.45551,3.38,2.18
2012.02.16 09:34:12.762,1.45531,1.45552,1.50,4.50
2012.02.16 09:34:14.327,1.45531,1.4555,1.50,1.50
2012.02.16 09:34:14.719,1.45529,1.45552,1.50,4.50
2012.02.16 09:34:15.232,1.45527,1.4555,1.88,1.50
2012.02.16 09:34:15.319,1.45527,1.45552,1.88,4.50
2012.02.16 09:34:15.537,1.45527,1.4555,1.88,1.50
2012.02.16 09:34:18.040,1.45526,1.45549,1.13,3.68
2012.02.16 09:34:18.680,1.45526,1.45551,1.13,2.55
2012.02.16 09:34:23.472,1.45531,1.45552,1.50,4.50
2012.02.16 09:34:24.240,1.45538,1.45558,4.50,1.13
2012.02.16 09:34:25.157,1.45538,1.45558,4.50,1.13
2012.02.16 09:34:25.437,1.45538,1.45558,4.50,1.13
2012.02.16 09:34:25.736,1.45538,1.45551,4.50,1.43
2012.02.16 09:34:25.807,1.45538,1.45555,4.50,2.18
2012.02.16 09:34:26.357,1.45538,1.45553,4.50,1.50
2012.02.16 09:34:26.445,1.45538,1.4555,4.50,1.43
2012.02.16 09:34:27.645,1.45538,1.45554,4.50,1.43
2012.02.16 09:34:28.152,1.45538,1.45554,4.50,2.18
2012.02.16 09:34:28.669,1.45528,1.45554,2.63,2.93
2012.02.16 09:34:30.566,1.45528,1.45552,1.13,1.50
2012.02.16 09:34:31.086,1.45528,1.45553,1.13,2.25
2012.02.16 09:34:32.375,1.45528,1.45551,1.13,1.43
2012.02.16 09:34:33.074,1.45528,1.4555,1.13,1.43
2012.02.16 09:34:33.476,1.45528,1.4555,1.13,2.18
2012.02.16 09:34:33.839,1.45517,1.45542,3.00,2.18
2012.02.16 09:34:34.775,1.45516,1.45542,4.88,1.50
2012.02.16 09:34:35.199,1.45516,1.45537,4.88,1.50
2012.02.16 09:34:35.904,1.45505,1.45532,1.50,4.50
2012.02.16 09:34:37.519,1.45515,1.45531,4.88,1.43
2012.02.16 09:34:37.662,1.45515,1.45536,4.88,2.25
2012.02.16 09:34:38.200,1.45518,1.45543,1.50,4.43
2012.02.16 09:34:38.423,1.4552,1.45544,1.50,2.25
2012.02.16 09:34:38.781,1.45522,1.45545,1.50,4.88
2012.02.16 09:34:40.300,1.45527,1.45548,4.50,1.88
2012.02.16 09:34:40.513,1.45527,1.45547,4.88,1.50
2012.02.16 09:34:40.755,1.45527,1.45549,4.88,1.50
2012.02.16 09:34:40.827,1.45527,1.45551,4.88,1.50
2012.02.16 09:34:41.368,1.45527,1.45553,4.88,1.13
2012.02.16 09:34:41.507,1.45527,1.45552,6.38,1.13
2012.02.16 09:34:41.723,1.45527,1.45553,4.88,1.13
2012.02.16 09:34:42.198,1.45527,1.45552,4.88,1.13
2012.02.16 09:34:46.324,1.45527,1.45555,5.82,3.38
2012.02.16 09:34:46.420,1.45532,1.45555,1.84,1.13
2012.02.16 09:34:49.449,1.45529,1.45555,3.00,1.13
2012.02.16 09:34:50.166,1.45529,1.4555,1.65,1.43
2012.02.16 09:34:50.471,1.45523,1.45543,1.50,1.13
2012.02.16 09:34:50.828,1.45521,1.45543,1.50,1.13
2012.02.16 09:34:50.899,1.45523,1.45543,1.50,1.13
2012.02.16 09:34:52.629,1.45522,1.45544,1.50,1.88
2012.02.16 09:34:53.007,1.45522,1.45543,1.50,1.13
2012.02.16 09:34:54.215,1.45522,1.45543,1.50,1.13
2012.02.16 09:34:54.880,1.4553,1.45547,4.50,1.43
2012.02.16 09:34:54.974,1.4553,1.45556,5.25,1.88
2012.02.16 09:34:55.992,1.4553,1.45556,5.25,1.13
2012.02.16 09:34:56.664,1.4553,1.4555,4.50,1.43
2012.02.16 09:34:57.360,1.4553,1.45556,4.50,2.55
2012.02.16 09:34:59.582,1.4553,1.45556,4.50,1.13
2012.02.16 09:35:00.605,1.4553,1.45555,4.50,3.68
2012.02.16 09:35:02.129,1.4552,1.45541,1.50,1.50
2012.02.16 09:35:02.209,1.45518,1.4554,4.50,1.43
2012.02.16 09:35:02.293,1.45518,1.45534,4.50,1.43
2012.02.16 09:35:02.575,1.45518,1.4554,4.50,1.43
2012.02.16 09:35:02.711,1.45518,1.4554,4.50,2.18
2012.02.16 09:35:02.938,1.45513,1.45535,1.32,2.18
2012.02.16 09:35:03.009,1.45513,1.45533,1.13,1.50
2012.02.16 09:35:03.775,1.45513,1.45537,1.13,4.88
2012.02.16 09:35:03.887,1.45513,1.45535,1.13,1.13
2012.02.16 09:35:04.393,1.4551,1.45531,2.63,1.80
2012.02.16 09:35:04.616,1.45507,1.45531,4.50,2.18
2012.02.16 09:35:05.204,1.45507,1.45526,4.50,1.43
2012.02.16 09:35:05.553,1.45507,1.45522,4.50,1.50
2012.02.16 09:35:06.116,1.45507,1.45521,4.50,1.43
2012.02.16 09:35:06.826,1.45507,1.45519,4.50,2.18
2012.02.16 09:35:06.910,1.45498,1.45519,1.50,2.18
2012.02.16 09:35:07.064,1.45498,1.45522,1.50,1.50
2012.02.16 09:35:07.289,1.45498,1.45524,3.45,1.50
2012.02.16 09:35:07.602,1.4551,1.45523,4.50,1.43
2012.02.16 09:35:08.308,1.4551,1.45531,4.50,2.63
2012.02.16 09:35:08.395,1.45512,1.45533,1.13,1.50
2012.02.16 09:35:08.599,1.45512,1.45536,1.13,2.25
2012.02.16 09:35:08.807,1.45512,1.45533,1.13,1.50
2012.02.16 09:35:09.394,1.45512,1.45535,1.13,1.50
2012.02.16 09:35:10.158,1.45512,1.45534,1.13,1.50
2012.02.16 09:35:10.333,1.45532,1.45549,4.50,2.18
2012.02.16 09:35:10.489,1.45532,1.45551,4.50,2.25
2012.02.16 09:35:10.708,1.45521,1.45544,2.70,2.18
2012.02.16 09:35:10.852,1.45514,1.45542,3.00,1.43
2012.02.16 09:35:10.930,1.45514,1.45538,1.50,1.50
2012.02.16 09:35:11.012,1.45512,1.4554,2.25,1.50
2012.02.16 09:35:11.525,1.45512,1.4554,3.15,1.50
2012.02.16 09:35:11.612,1.45512,1.45542,3.15,1.50
2012.02.16 09:35:11.819,1.45512,1.45542,2.40,2.25
2012.02.16 09:35:12.184,1.45514,1.45538,1.50,1.50
2012.02.16 09:35:13.048,1.45516,1.45538,1.50,1.50
2012.02.16 09:35:13.145,1.45522,1.4554,2.25,4.88
2012.02.16 09:35:13.307,1.45524,1.45548,4.88,2.18
2012.02.16 09:35:13.799,1.45524,1.45548,4.88,2.18
2012.02.16 09:35:14.423,1.45524,1.4555,4.88,3.00
2012.02.16 09:35:15.040,1.45524,1.4554,4.88,1.43
2012.02.16 09:35:15.190,1.45524,1.45544,4.88,2.18
2012.02.16 09:35:16.690,1.45524,1.45538,4.88,1.43
2012.02.16 09:35:17.416,1.45524,1.45538,4.88,2.18
2012.02.16 09:35:17.625,1.45524,1.45538,4.88,1.43
2012.02.16 09:35:18.259,1.45524,1.45538,4.88,2.18
2012.02.16 09:35:19.233,1.45524,1.45538,4.88,1.43
2012.02.16 09:35:19.344,1.45513,1.45539,4.88,4.05
2012.02.16 09:35:19.501,1.45513,1.45537,4.88,1.43
2012.02.16 09:35:20.209,1.45513,1.45538,4.88,2.18
2012.02.16 09:35:20.356,1.45513,1.45538,4.88,2.55
2012.02.16 09:35:21.096,1.45505,1.45527,1.50,1.43
2012.02.16 09:35:21.176,1.45505,1.45524,1.50,1.43
2012.02.16 09:35:21.394,1.45503,1.45523,4.88,1.50
2012.02.16 09:35:22.196,1.45503,1.4552,4.88,1.43
2012.02.16 09:35:22.345,1.45503,1.45523,4.88,1.80
2012.02.16 09:35:22.926,1.45503,1.4552,4.88,2.18
2012.02.16 09:35:23.483,1.45503,1.45518,4.88,1.43
2012.02.16 09:35:23.633,1.45503,1.4552,4.88,1.43
2012.02.16 09:35:23.711,1.45503,1.45523,4.88,1.13
2012.02.16 09:35:23.859,1.45503,1.45523,4.88,1.13
2012.02.16 09:35:24.489,1.45503,1.45524,4.88,2.18
2012.02.16 09:35:24.913,1.45503,1.45526,4.88,1.50
2012.02.16 09:35:25.342,1.45503,1.45527,4.88,2.25
2012.02.16 09:35:26.806,1.45509,1.45529,1.50,1.50
2012.02.16 09:35:26.892,1.45512,1.45538,2.25,3.00
2012.02.16 09:35:26.986,1.45524,1.45538,4.50,1.50
2012.02.16 09:35:27.069,1.45524,1.45543,4.50,2.18
2012.02.16 09:35:27.675,1.45507,1.45533,1.50,4.50
2012.02.16 09:35:27.770,1.45508,1.45532,1.50,2.25
2012.02.16 09:35:28.591,1.45506,1.4553,1.50,1.50
2012.02.16 09:35:29.257,1.45506,1.45533,1.50,4.50
2012.02.16 09:35:30.758,1.45506,1.45531,1.50,1.50
2012.02.16 09:35:31.691,1.4551,1.45538,1.50,1.50
2012.02.16 09:35:31.772,1.45512,1.45539,1.50,2.18
2012.02.16 09:35:32.084,1.4551,1.45535,1.50,2.18
2012.02.16 09:35:32.988,1.45507,1.45534,4.88,2.25
2012.02.16 09:35:33.283,1.45507,1.45528,4.88,1.88
2012.02.16 09:35:35.011,1.45507,1.4553,4.88,2.25
2012.02.16 09:35:35.514,1.45507,1.45529,4.88,2.25
2012.02.16 09:35:36.586,1.45507,1.4553,4.88,2.25
2012.02.16 09:35:39.188,1.45507,1.45531,4.88,2.25
2012.02.16 09:35:39.533,1.45507,1.45533,4.88,1.13
2012.02.16 09:35:39.963,1.45508,1.45534,1.50,2.25
2012.02.16 09:35:40.658,1.45507,1.4553,4.88,2.18
2012.02.16 09:35:40.957,1.45507,1.45533,4.88,3.68
2012.02.16 09:35:41.033,1.45507,1.45533,4.88,2.25
2012.02.16 09:35:41.176,1.45507,1.45532,4.88,1.13
2012.02.16 09:35:41.742,1.45507,1.45531,4.88,1.13
2012.02.16 09:35:42.969,1.45507,1.45529,4.88,2.18
2012.02.16 09:35:43.527,1.45507,1.45532,4.88,1.13
2012.02.16 09:35:44.304,1.45507,1.45531,4.88,1.50
2012.02.16 09:35:44.742,1.45507,1.45529,4.88,1.50
2012.02.16 09:35:45.029,1.45507,1.45532,4.88,1.50
2012.02.16 09:35:45.243,1.45507,1.45532,4.88,1.88
2012.02.16 09:35:45.390,1.45507,1.45533,4.88,2.63
2012.02.16 09:35:45.470,1.45507,1.4553,4.88,1.43
2012.02.16 09:35:46.089,1.45507,1.45533,4.88,5.55
2012.02.16 09:35:46.654,1.45507,1.45532,4.88,2.63
2012.02.16 09:35:48.713,1.45508,1.45535,1.50,1.50
2012.02.16 09:35:48.801,1.45508,1.45531,1.95,3.68
2012.02.16 09:35:49.159,1.45507,1.45533,4.88,2.25
2012.02.16 09:35:49.237,1.45507,1.45533,4.88,2.25
2012.02.16 09:35:49.818,1.45507,1.45531,4.88,2.18
2012.02.16 09:35:50.011,1.45507,1.45531,4.88,2.18
2012.02.16 09:35:51.960,1.45507,1.45534,4.88,2.63
2012.02.16 09:35:53.107,1.45507,1.45532,4.88,1.50
2012.02.16 09:35:53.642,1.45509,1.45535,2.25,1.13
2012.02.16 09:36:01.554,1.45507,1.45534,5.63,3.00
2012.02.16 09:36:02.096,1.45507,1.45532,4.88,2.25
2012.02.16 09:36:02.835,1.45509,1.45534,1.09,1.50
2012.02.16 09:36:03.253,1.45518,1.45534,4.50,1.50
2012.02.16 09:36:04.032,1.45518,1.45533,4.50,1.50
2012.02.16 09:36:04.246,1.45518,1.45533,4.50,1.50
2012.02.16 09:36:04.318,1.45518,1.45533,4.50,1.50
2012.02.16 09:36:04.715,1.45518,1.45534,4.50,1.50
2012.02.16 09:36:05.609,1.45518,1.45533,4.50,1.50
2012.02.16 09:36:05.759,1.45518,1.45534,4.50,3.00
2012.02.16 09:36:06.326,1.45518,1.45534,4.50,1.50
2012.02.16 09:36:08.190,1.45518,1.45534,4.50,1.50
2012.02.16 09:36:08.280,1.45518,1.45537,4.50,1.13
2012.02.16 09:36:08.505,1.45518,1.45533,4.50,1.50
2012.02.16 09:36:09.003,1.45518,1.45537,4.50,1.13
2012.02.16 09:36:11.505,1.45518,1.45537,4.50,1.13
2012.02.16 09:36:14.004,1.45518,1.45537,4.50,2.55
2012.02.16 09:36:14.783,1.45509,1.45532,2.14,1.50
2012.02.16 09:36:15.274,1.45509,1.45532,2.78,1.50
2012.02.16 09:36:15.357,1.45506,1.45532,4.43,1.50
2012.02.16 09:36:15.497,1.45509,1.45532,1.43,1.50
2012.02.16 09:36:15.570,1.45507,1.45532,2.14,1.50
2012.02.16 09:36:15.789,1.45507,1.45532,2.14,1.50
2012.02.16 09:36:15.917,1.45507,1.45532,2.14,1.50
2012.02.16 09:36:15.992,1.45509,1.45532,1.43,1.50
2012.02.16 09:36:16.136,1.45506,1.45532,4.02,1.50
2012.02.16 09:36:16.344,1.45509,1.45532,1.43,1.50
2012.02.16 09:36:16.678,1.45507,1.45532,2.14,1.50
2012.02.16 09:36:16.884,1.4551,1.45532,1.43,1.50
2012.02.16 09:36:17.617,1.45507,1.45532,2.55,1.50
2012.02.16 09:36:18.185,1.45507,1.45532,1.13,1.50
2012.02.16 09:36:18.670,1.45507,1.45529,1.88,1.50
2012.02.16 09:36:18.819,1.45509,1.45529,1.50,1.50
2012.02.16 09:36:18.967,1.45506,1.45529,2.63,1.50
2012.02.16 09:36:19.838,1.45506,1.45528,1.13,1.50
2012.02.16 09:36:19.905,1.45506,1.45528,1.13,1.50
2012.02.16 09:36:20.108,1.45506,1.45528,1.13,1.50
2012.02.16 09:36:20.428,1.45507,1.45529,1.13,1.50
2012.02.16 09:36:20.500,1.45507,1.45525,1.13,2.18
2012.02.16 09:36:20.636,1.45506,1.45532,1.13,3.00
2012.02.16 09:36:21.543,1.45507,1.45528,1.88,1.43
2012.02.16 09:36:22.179,1.45506,1.4553,1.13,1.50
2012.02.16 09:36:22.812,1.45506,1.4553,1.13,1.50
2012.02.16 09:36:24.401,1.45506,1.45531,1.13,1.50
2012.02.16 09:36:24.926,1.45506,1.45531,1.13,1.50
2012.02.16 09:36:25.902,1.45506,1.45531,2.63,1.50
2012.02.16 09:36:26.385,1.45508,1.4553,1.50,1.50
2012.02.16 09:36:26.656,1.45507,1.4553,3.38,1.50
2012.02.16 09:36:26.729,1.45509,1.4553,1.50,1.50
2012.02.16 09:36:27.158,1.45506,1.4553,1.47,1.50
2012.02.16 09:36:28.877,1.45508,1.45531,1.50,1.50
2012.02.16 09:36:29.424,1.45506,1.45531,2.97,1.50
2012.02.16 09:36:31.982,1.45508,1.45531,1.50,1.50
2012.02.16 09:36:32.536,1.45507,1.45532,2.63,1.50
2012.02.16 09:36:33.059,1.45509,1.45532,1.50,1.50
2012.02.16 09:36:33.437,1.45506,1.45532,4.28,1.50
2012.02.16 09:36:33.977,1.45506,1.45532,4.28,1.50
2012.02.16 09:36:34.474,1.45509,1.45532,1.50,1.50
2012.02.16 09:36:35.173,1.45507,1.45532,1.88,1.50
2012.02.16 09:36:35.727,1.45507,1.45534,2.63,7.43
2012.02.16 09:36:37.362,1.45507,1.45532,1.13,2.25
2012.02.16 09:36:37.854,1.45506,1.45532,1.88,1.50
2012.02.16 09:36:38.379,1.45508,1.45532,3.00,1.50
2012.02.16 09:36:38.916,1.45509,1.45532,1.50,1.50
2012.02.16 09:36:38.988,1.45506,1.45532,3.38,1.50
2012.02.16 09:36:39.061,1.45506,1.45531,3.38,2.18
2012.02.16 09:36:39.779,1.45506,1.45528,1.13,1.50
2012.02.16 09:36:40.137,1.45506,1.45529,1.13,1.50
2012.02.16 09:36:40.208,1.45506,1.45529,1.13,1.50
2012.02.16 09:36:40.534,1.45506,1.45529,1.13,2.93
2012.02.16 09:36:41.078,1.45506,1.45529,1.13,1.50
2012.02.16 09:36:41.952,1.45507,1.4553,1.13,1.50
2012.02.16 09:36:42.462,1.45507,1.45531,1.13,1.50
2012.02.16 09:36:42.804,1.45507,1.45531,1.13,1.50
2012.02.16 09:36:45.262,1.45506,1.45532,1.13,1.50
2012.02.16 09:36:45.813,1.45506,1.45532,1.13,1.50
2012.02.16 09:36:46.296,1.45506,1.4553,1.13,1.50
2012.02.16 09:36:49.285,1.45506,1.45528,1.13,1.50
2012.02.16 09:36:52.074,1.45506,1.45529,1.13,1.50
2012.02.16 09:36:53.709,1.45507,1.45532,1.13,2.25
2012.02.16 09:36:53.791,1.45514,1.45532,1.50,1.50
2012.02.16 09:36:54.338,1.45514,1.45533,2.85,2.25
2012.02.16 09:36:55.079,1.45514,1.45533,2.40,2.25
2012.02.16 09:36:55.780,1.45513,1.45533,2.85,1.50
2012.02.16 09:36:56.327,1.45513,1.45534,2.85,5.25
2012.02.16 09:36:57.565,1.45513,1.45534,1.35,5.25
2012.02.16 09:36:59.863,1.45513,1.45533,1.35,1.50
2012.02.16 09:37:02.580,1.45513,1.45534,1.35,6.00
2012.02.16 09:37:04.064,1.45513,1.45534,2.85,6.00
2012.02.16 09:37:09.219,1.45513,1.45532,1.35,1.50
2012.02.16 09:37:10.423,1.45513,1.45532,1.35,1.50
2012.02.16 09:37:10.567,1.45513,1.45532,1.35,2.25
2012.02.16 09:37:11.084,1.45513,1.45532,1.35,1.50
2012.02.16 09:37:11.307,1.45513,1.45533,1.35,1.50
2012.02.16 09:37:11.810,1.45506,1.45533,3.08,1.50
2012.02.16 09:37:11.948,1.45504,1.45526,4.50,1.13
2012.02.16 09:37:12.652,1.45504,1.45525,4.50,1.50
2012.02.16 09:37:14.057,1.45504,1.45525,4.50,1.50
2012.02.16 09:37:14.126,1.45504,1.45525,4.50,1.50
2012.02.16 09:37:14.681,1.45504,1.45526,4.50,1.13
2012.02.16 09:37:14.761,1.45503,1.45526,1.50,1.13
2012.02.16 09:37:15.054,1.45503,1.45529,2.85,1.13
2012.02.16 09:37:15.605,1.45503,1.45529,1.35,1.13
2012.02.16 09:37:16.153,1.45507,1.45529,2.25,1.13
2012.02.16 09:37:16.425,1.45504,1.45529,1.20,1.13
2012.02.16 09:37:16.558,1.45503,1.45529,1.50,1.88
2012.02.16 09:37:17.774,1.45503,1.45527,1.35,1.13
2012.02.16 09:37:18.578,1.45506,1.45527,1.50,1.13
2012.02.16 09:37:18.720,1.45503,1.45527,1.20,1.13
2012.02.16 09:37:18.801,1.45501,1.45526,3.00,1.13
2012.02.16 09:37:18.948,1.45499,1.45526,2.10,1.13
2012.02.16 09:37:19.470,1.455,1.45526,3.15,1.13
2012.02.16 09:37:20.872,1.455,1.45526,3.15,1.13
2012.02.16 09:37:23.174,1.455,1.45527,1.65,1.13
2012.02.16 09:37:23.752,1.45501,1.45527,1.65,1.13
2012.02.16 09:37:24.257,1.45501,1.45529,3.53,3.38
2012.02.16 09:37:25.599,1.45507,1.45529,1.50,1.13
2012.02.16 09:37:28.268,1.45501,1.45528,3.45,1.13
2012.02.16 09:37:28.666,1.45502,1.45528,1.65,1.13
2012.02.16 09:37:30.494,1.45502,1.45526,3.15,1.13
2012.02.16 09:37:31.300,1.45502,1.45527,2.25,1.13
2012.02.16 09:37:36.259,1.45502,1.45528,3.15,1.88
2012.02.16 09:37:37.008,1.45501,1.45528,4.77,1.13
2012.02.16 09:37:38.148,1.45505,1.45528,2.25,1.13
2012.02.16 09:37:38.277,1.45512,1.45533,2.25,1.50
2012.02.16 09:37:38.357,1.45515,1.45533,1.50,1.50
2012.02.16 09:37:38.576,1.45511,1.45533,2.25,1.50
2012.02.16 09:37:39.101,1.45512,1.45534,1.50,1.50
2012.02.16 09:37:39.767,1.4552,1.45534,4.50,1.50
2012.02.16 09:37:39.856,1.45522,1.45543,1.13,1.50
2012.02.16 09:37:40.076,1.45522,1.45543,1.13,1.50
2012.02.16 09:37:40.581,1.45522,1.45543,1.13,1.50
2012.02.16 09:37:41.441,1.45522,1.45545,1.13,2.25
2012.02.16 09:37:41.522,1.45522,1.45546,1.13,3.68
2012.02.16 09:37:41.665,1.45522,1.45546,1.13,4.43
2012.02.16 09:37:42.359,1.45522,1.45546,2.22,2.25
2012.02.16 09:37:43.060,1.45522,1.45546,1.47,3.00
2012.02.16 09:37:43.570,1.45522,1.45548,1.47,6.75
2012.02.16 09:37:43.809,1.45522,1.45546,1.47,1.50
2012.02.16 09:37:44.339,1.45522,1.45548,1.47,5.25
2012.02.16 09:37:45.687,1.45534,1.45548,4.50,1.50
2012.02.16 09:37:46.158,1.45534,1.4555,4.50,1.50
2012.02.16 09:37:46.690,1.45534,1.45549,4.50,1.50
2012.02.16 09:37:47.644,1.45534,1.4555,4.50,1.50
2012.02.16 09:37:47.786,1.4552,1.45542,1.20,1.50
2012.02.16 09:37:48.002,1.4552,1.4554,1.20,1.50
2012.02.16 09:37:48.387,1.45519,1.45541,4.50,2.25
2012.02.16 09:37:49.334,1.45519,1.45539,4.50,1.50
2012.02.16 09:37:49.845,1.45515,1.45539,4.88,2.25
2012.02.16 09:37:50.170,1.45515,1.45537,4.88,1.50
2012.02.16 09:37:50.849,1.45515,1.45537,4.88,2.25
2012.02.16 09:37:51.472,1.45515,1.45538,4.88,1.50
2012.02.16 09:37:51.551,1.45515,1.45538,4.88,2.25
2012.02.16 09:37:51.769,1.45515,1.45538,4.88,1.50
2012.02.16 09:37:52.298,1.45515,1.45539,4.88,1.13
2012.02.16 09:37:52.787,1.45515,1.45539,4.88,1.13
2012.02.16 09:37:54.946,1.45515,1.45538,4.88,2.25
2012.02.16 09:37:55.644,1.45515,1.45537,4.88,2.25
2012.02.16 09:37:56.161,1.45515,1.45536,4.88,2.25
2012.02.16 09:37:57.444,1.45515,1.45534,4.88,2.25
2012.02.16 09:37:58.415,1.45515,1.45534,4.88,1.50
2012.02.16 09:37:58.708,1.45515,1.45536,4.88,1.50
2012.02.16 09:37:59.259,1.45515,1.45534,4.88,3.00
2012.02.16 09:38:00.213,1.45515,1.45533,4.88,1.50
2012.02.16 09:38:00.905,1.45515,1.45535,4.88,1.50
2012.02.16 09:38:01.407,1.45515,1.45536,4.88,2.93
2012.02.16 09:38:01.985,1.45515,1.45536,4.88,2.18
2012.02.16 09:38:03.129,1.45515,1.45535,4.88,2.25
2012.02.16 09:38:03.456,1.45515,1.45533,4.88,2.25
2012.02.16 09:38:05.221,1.45515,1.45535,4.88,2.25
2012.02.16 09:38:05.841,1.45515,1.45535,4.88,2.25
2012.02.16 09:38:09.083,1.45515,1.45535,4.88,2.25
2012.02.16 09:38:11.833,1.45515,1.45536,4.88,2.18
2012.02.16 09:38:12.568,1.45505,1.45523,2.25,1.50
2012.02.16 09:38:12.705,1.45497,1.4552,1.13,2.93
2012.02.16 09:38:12.790,1.45495,1.45511,4.50,1.50
2012.02.16 09:38:13.357,1.45495,1.45516,4.50,1.80
2012.02.16 09:38:14.047,1.45495,1.45514,4.50,1.50
2012.02.16 09:38:14.699,1.45495,1.45515,4.50,1.88
2012.02.16 09:38:15.206,1.45495,1.45516,4.50,1.13
2012.02.16 09:38:16.031,1.45495,1.45518,4.50,1.88
2012.02.16 09:38:16.314,1.45495,1.45516,4.50,1.13
2012.02.16 09:38:17.265,1.45495,1.45518,4.50,1.13
2012.02.16 09:38:17.341,1.45495,1.45516,4.50,2.55
2012.02.16 09:38:17.937,1.45495,1.45512,4.50,2.18
2012.02.16 09:38:18.078,1.45495,1.45512,4.50,1.43
2012.02.16 09:38:18.969,1.45495,1.45514,4.50,2.25
2012.02.16 09:38:20.017,1.4548,1.45505,2.25,2.25
2012.02.16 09:38:20.105,1.45478,1.45503,4.50,1.13
2012.02.16 09:38:20.199,1.45478,1.45503,4.50,1.13
2012.02.16 09:38:20.360,1.45478,1.455,4.50,2.18
2012.02.16 09:38:20.583,1.45478,1.455,4.50,1.43
2012.02.16 09:38:21.363,1.45478,1.45501,4.50,1.13
2012.02.16 09:38:21.453,1.45479,1.45504,1.50,1.13
2012.02.16 09:38:22.008,1.4548,1.45504,1.50,1.13
2012.02.16 09:38:22.231,1.45484,1.45506,2.40,2.63
2012.02.16 09:38:22.528,1.45492,1.45517,2.25,1.88
2012.02.16 09:38:23.173,1.45493,1.45517,2.25,1.13
2012.02.16 09:38:23.261,1.45492,1.45517,3.00,3.30
2012.02.16 09:38:23.344,1.45492,1.45517,3.00,1.13
2012.02.16 09:38:23.418,1.45504,1.45519,4.50,2.55
2012.02.16 09:38:23.635,1.45504,1.45529,4.88,2.63
2012.02.16 09:38:23.712,1.45504,1.45526,4.88,1.13
2012.02.16 09:38:23.866,1.45505,1.4553,2.25,1.50
2012.02.16 09:38:24.703,1.45504,1.45532,7.28,5.25
2012.02.16 09:38:25.219,1.45504,1.4553,5.78,3.00
2012.02.16 09:38:26.085,1.45504,1.4553,4.88,1.50
2012.02.16 09:38:27.359,1.45504,1.45531,4.88,2.63
2012.02.16 09:38:27.920,1.45507,1.45532,1.50,4.88
2012.02.16 09:38:28.001,1.45509,1.45532,1.50,4.88
2012.02.16 09:38:28.206,1.45504,1.45531,4.88,2.25
2012.02.16 09:38:30.047,1.45504,1.4553,4.88,1.50
2012.02.16 09:38:30.580,1.45504,1.45532,6.38,6.30
2012.02.16 09:38:31.227,1.45504,1.4553,4.88,1.69
2012.02.16 09:38:31.842,1.45504,1.45529,4.88,2.37
2012.02.16 09:38:32.385,1.45504,1.4553,4.88,3.00
2012.02.16 09:38:32.727,1.45504,1.4553,4.88,3.00
2012.02.16 09:38:32.865,1.45504,1.45527,4.88,1.50
2012.02.16 09:38:33.496,1.45504,1.45528,4.88,5.18
2012.02.16 09:38:33.584,1.45504,1.45524,4.88,2.25
2012.02.16 09:38:33.727,1.45504,1.45526,4.88,1.43
2012.02.16 09:38:33.798,1.45504,1.45527,4.88,2.25
2012.02.16 09:38:34.333,1.45504,1.45528,4.88,2.25
2012.02.16 09:38:35.515,1.45504,1.45528,4.88,1.50
2012.02.16 09:38:37.636,1.45504,1.45529,6.00,1.43
2012.02.16 09:38:38.073,1.45504,1.45522,4.88,1.50
2012.02.16 09:38:38.666,1.45494,1.45516,3.00,4.50
2012.02.16 09:38:39.019,1.45492,1.45516,2.63,4.50
2012.02.16 09:38:40.824,1.45492,1.45516,1.13,4.50
2012.02.16 09:38:41.386,1.45488,1.45514,1.88,2.25
2012.02.16 09:38:41.937,1.45488,1.45514,1.13,3.00
2012.02.16 09:38:43.009,1.45488,1.45514,1.13,1.50
2012.02.16 09:38:44.576,1.45488,1.45514,1.13,1.50
2012.02.16 09:38:44.646,1.45488,1.45514,1.13,1.50
2012.02.16 09:38:45.075,1.45488,1.45511,1.13,1.43
2012.02.16 09:38:45.719,1.45488,1.45514,1.13,3.00
2012.02.16 09:38:46.284,1.45489,1.45516,1.13,4.50
2012.02.16 09:38:46.705,1.45488,1.45512,1.13,1.43
2012.02.16 09:38:47.291,1.45492,1.45515,1.13,2.25
2012.02.16 09:38:47.785,1.45492,1.45514,2.63,1.50
2012.02.16 09:38:48.279,1.45497,1.45524,4.50,3.75
2012.02.16 09:38:48.350,1.45497,1.45524,4.50,1.88
2012.02.16 09:38:48.505,1.45499,1.45525,1.50,1.13
2012.02.16 09:38:49.028,1.45513,1.45527,4.50,1.50
2012.02.16 09:38:49.114,1.45513,1.45532,4.50,1.50
2012.02.16 09:38:49.277,1.45513,1.45528,4.50,1.50
2012.02.16 09:38:49.501,1.45513,1.4553,4.50,1.50
2012.02.16 09:38:49.791,1.45513,1.45533,4.50,1.50
2012.02.16 09:38:50.146,1.45513,1.45531,4.50,1.50
2012.02.16 09:38:50.654,1.45502,1.45528,1.13,6.00
2012.02.16 09:38:53.433,1.455,1.45526,5.40,1.50
2012.02.16 09:38:54.817,1.455,1.45519,4.50,1.13
2012.02.16 09:38:55.803,1.455,1.45521,4.50,1.88
2012.02.16 09:38:56.323,1.455,1.45519,4.50,1.13
2012.02.16 09:38:59.230,1.455,1.45522,4.50,1.88
2012.02.16 09:39:01.704,1.455,1.45518,4.50,1.50
2012.02.16 09:39:02.260,1.455,1.45517,4.50,1.50
2012.02.16 09:39:03.027,1.455,1.45517,4.50,2.18
2012.02.16 09:39:03.895,1.455,1.45517,4.50,1.43
2012.02.16 09:39:04.777,1.455,1.45517,4.50,2.18
2012.02.16 09:39:05.947,1.455,1.45517,4.50,1.43
2012.02.16 09:39:06.403,1.455,1.45517,4.50,2.18
2012.02.16 09:39:07.269,1.455,1.45517,4.50,1.43
2012.02.16 09:39:08.204,1.455,1.45519,4.50,1.13
2012.02.16 09:39:08.738,1.455,1.45518,4.50,1.43
2012.02.16 09:39:11.123,1.455,1.45517,4.50,1.50
2012.02.16 09:39:11.666,1.455,1.45518,4.50,1.43
2012.02.16 09:39:12.218,1.455,1.45521,4.50,1.88
2012.02.16 09:39:13.731,1.455,1.45518,4.50,1.50
2012.02.16 09:39:14.778,1.455,1.45517,4.50,1.50
2012.02.16 09:39:15.245,1.455,1.45519,4.50,4.05
2012.02.16 09:39:15.378,1.455,1.45517,4.50,1.50
2012.02.16 09:39:15.915,1.455,1.45518,4.50,1.50
2012.02.16 09:39:16.439,1.455,1.45519,4.50,4.05
2012.02.16 09:39:17.028,1.455,1.45519,4.50,4.05
2012.02.16 09:39:17.833,1.455,1.45519,4.50,4.05
2012.02.16 09:39:18.467,1.455,1.45519,4.50,4.05
2012.02.16 09:39:18.751,1.455,1.45518,4.50,2.18
2012.02.16 09:39:19.747,1.455,1.45521,4.50,1.88
2012.02.16 09:39:20.629,1.455,1.45518,4.50,1.43
2012.02.16 09:39:22.915,1.455,1.45518,4.50,2.18
2012.02.16 09:39:23.005,1.45486,1.45505,3.00,1.43
2012.02.16 09:39:23.225,1.45486,1.45511,1.50,2.63
2012.02.16 09:39:23.314,1.45486,1.45505,1.50,1.43
2012.02.16 09:39:23.685,1.45479,1.45501,1.20,4.50
2012.02.16 09:39:24.350,1.45481,1.455,1.50,2.18
2012.02.16 09:39:24.441,1.45483,1.45511,4.50,3.00
2012.02.16 09:39:28.462,1.45483,1.45507,4.50,2.63
2012.02.16 09:39:29.216,1.45483,1.45507,4.50,1.88
2012.02.16 09:39:31.690,1.45475,1.45498,2.25,1.80
2012.02.16 09:39:32.188,1.45476,1.45498,1.50,1.80
2012.02.16 09:39:32.473,1.45479,1.455,1.50,1.13
2012.02.16 09:39:32.694,1.45481,1.45501,1.50,4.50
2012.02.16 09:39:32.779,1.45484,1.45508,4.50,1.12
2012.02.16 09:39:33.284,1.45484,1.45509,4.50,1.50
2012.02.16 09:39:36.097,1.45484,1.45507,4.50,1.43
2012.02.16 09:39:37.219,1.45484,1.45508,5.85,1.13
2012.02.16 09:39:37.888,1.45484,1.45507,4.50,1.43
2012.02.16 09:39:38.699,1.45484,1.45504,4.50,1.43
2012.02.16 09:39:40.226,1.45484,1.45506,4.50,1.43
2012.02.16 09:39:40.405,1.45484,1.45504,4.50,1.43
2012.02.16 09:39:41.215,1.45484,1.45504,4.50,2.18
2012.02.16 09:39:42.224,1.45484,1.45504,4.50,1.43
2012.02.16 09:39:42.859,1.45484,1.45509,4.50,1.13
2012.02.16 09:39:43.009,1.45484,1.45505,4.50,1.43
2012.02.16 09:39:43.532,1.45484,1.45505,4.50,2.18
2012.02.16 09:39:44.627,1.45484,1.45504,4.50,2.18
2012.02.16 09:39:45.921,1.45484,1.45501,4.50,2.18
2012.02.16 09:39:47.165,1.45484,1.45503,4.50,2.18
2012.02.16 09:39:47.707,1.45484,1.45504,4.50,2.18
2012.02.16 09:39:49.856,1.45484,1.45501,4.50,2.18
2012.02.16 09:39:50.001,1.45484,1.45501,4.50,1.43
2012.02.16 09:39:50.429,1.45484,1.45501,4.50,3.68
2012.02.16 09:39:51.861,1.45484,1.45504,4.50,2.55
2012.02.16 09:39:59.626,1.45484,1.45504,4.50,1.13
2012.02.16 09:40:01.310,1.45484,1.45506,4.50,1.43
2012.02.16 09:40:01.463,1.45484,1.45508,4.50,1.50
2012.02.16 09:40:01.618,1.45484,1.45508,4.50,1.50
2012.02.16 09:40:01.970,1.45484,1.45508,4.50,1.88
2012.02.16 09:40:02.797,1.45477,1.45502,1.50,2.18
2012.02.16 09:40:03.006,1.45477,1.45493,1.50,1.43
2012.02.16 09:40:03.557,1.45475,1.45495,4.50,1.43
2012.02.16 09:40:04.695,1.45475,1.45495,4.50,2.18
2012.02.16 09:40:06.184,1.45475,1.45495,4.50,1.43
2012.02.16 09:40:06.330,1.45475,1.45498,4.50,2.18
2012.02.16 09:40:07.575,1.45475,1.45499,5.25,1.43
2012.02.16 09:40:07.660,1.45477,1.45503,2.25,4.50
2012.02.16 09:40:07.737,1.45477,1.45503,3.00,4.50
2012.02.16 09:40:08.078,1.45482,1.45503,1.50,4.50
2012.02.16 09:40:08.411,1.45486,1.45503,1.50,4.50
2012.02.16 09:40:09.073,1.45482,1.45503,1.50,4.50
2012.02.16 09:40:09.607,1.45479,1.45503,2.25,4.50
2012.02.16 09:40:09.696,1.45477,1.45503,3.38,4.50
2012.02.16 09:40:09.778,1.4548,1.45502,1.50,2.18
2012.02.16 09:40:09.991,1.45478,1.45503,1.50,4.50
2012.02.16 09:40:11.052,1.45475,1.45502,6.38,2.18
2012.02.16 09:40:11.721,1.45475,1.455,5.25,1.43
2012.02.16 09:40:12.449,1.45475,1.45499,5.25,2.18
2012.02.16 09:40:13.829,1.45475,1.45499,5.25,2.18
2012.02.16 09:40:13.910,1.45476,1.45503,1.50,4.50
2012.02.16 09:40:13.989,1.45476,1.45501,1.50,1.50
2012.02.16 09:40:14.091,1.45476,1.45503,1.50,5.25
2012.02.16 09:40:14.799,1.45476,1.45501,1.50,1.50
2012.02.16 09:40:17.255,1.45475,1.45501,4.50,1.50
2012.02.16 09:40:17.930,1.45475,1.45498,4.50,1.43
2012.02.16 09:40:18.251,1.45475,1.45498,4.50,2.18
2012.02.16 09:40:19.215,1.45475,1.45497,4.50,1.43
2012.02.16 09:40:20.763,1.45475,1.45497,4.50,2.18
2012.02.16 09:40:21.484,1.45475,1.45497,4.50,2.25
2012.02.16 09:40:21.626,1.45475,1.45496,4.50,2.25
2012.02.16 09:40:21.710,1.45475,1.45492,4.50,1.43
2012.02.16 09:40:22.289,1.45475,1.45494,4.50,2.55
2012.02.16 09:40:22.805,1.45475,1.45494,4.50,2.55
2012.02.16 09:40:23.515,1.45475,1.45495,4.50,1.80
2012.02.16 09:40:23.987,1.45475,1.45495,4.50,4.05
2012.02.16 09:40:24.766,1.45475,1.45494,4.50,1.43
2012.02.16 09:40:24.982,1.45475,1.45502,4.50,3.37
2012.02.16 09:40:25.537,1.45475,1.45501,4.50,3.00
2012.02.16 09:40:27.262,1.45475,1.45501,4.50,1.88
2012.02.16 09:40:27.470,1.45475,1.45501,4.50,1.13
2012.02.16 09:40:27.833,1.45475,1.45496,4.50,1.50
2012.02.16 09:40:28.138,1.45475,1.45495,4.50,1.88
2012.02.16 09:40:29.191,1.45475,1.45495,4.50,1.50
2012.02.16 09:40:29.764,1.45475,1.45497,4.50,1.88
2012.02.16 09:40:30.115,1.45475,1.45493,4.50,1.43
2012.02.16 09:40:30.528,1.45475,1.45491,4.50,1.50
2012.02.16 09:40:30.932,1.45477,1.45493,2.18,1.50
2012.02.16 09:40:31.008,1.45477,1.45501,2.18,1.12
2012.02.16 09:40:31.078,1.45477,1.45501,3.30,1.12
2012.02.16 09:40:31.726,1.45477,1.45499,1.50,1.50
2012.02.16 09:40:32.137,1.45477,1.45497,1.50,1.50
2012.02.16 09:40:32.717,1.45475,1.45498,4.50,1.50
2012.02.16 09:40:33.386,1.45475,1.45499,4.50,1.50
2012.02.16 09:40:34.081,1.45475,1.45501,4.50,2.25
2012.02.16 09:40:34.859,1.45475,1.45499,4.50,1.50
2012.02.16 09:40:35.215,1.45464,1.45487,2.18,4.50
2012.02.16 09:40:35.298,1.45464,1.45487,1.43,4.50
2012.02.16 09:40:35.372,1.4546,1.45486,1.95,2.25
2012.02.16 09:40:36.449,1.4546,1.45483,1.50,1.50
2012.02.16 09:40:37.010,1.45459,1.45482,4.50,2.93
2012.02.16 09:40:37.373,1.45459,1.45478,4.50,1.50
2012.02.16 09:40:37.524,1.45459,1.45481,4.50,1.80
2012.02.16 09:40:38.057,1.45459,1.45479,4.50,1.43
2012.02.16 09:40:38.634,1.45459,1.4548,4.50,1.80
2012.02.16 09:40:38.977,1.45459,1.45476,4.50,1.80
2012.02.16 09:40:39.325,1.45459,1.45474,4.50,1.13
2012.02.16 09:40:39.679,1.45459,1.45474,4.50,2.55
2012.02.16 09:40:41.078,1.45459,1.45472,4.50,1.43
2012.02.16 09:40:41.288,1.45459,1.45477,4.50,1.88
2012.02.16 09:40:41.940,1.45459,1.45478,4.50,1.43
2012.02.16 09:40:42.163,1.45459,1.45484,4.50,2.25
2012.02.16 09:40:42.818,1.45461,1.45486,1.50,2.18
2012.02.16 09:40:43.973,1.45461,1.45485,1.50,1.50
2012.02.16 09:40:45.577,1.45461,1.45485,1.50,2.18
2012.02.16 09:40:52.285,1.45459,1.45485,5.25,1.50
2012.02.16 09:40:52.970,1.45461,1.45487,1.50,4.50
2012.02.16 09:40:53.514,1.45462,1.45487,1.50,4.50
2012.02.16 09:40:54.532,1.45461,1.45487,1.50,4.50
2012.02.16 09:40:54.617,1.45471,1.4549,1.13,1.43
2012.02.16 09:40:54.686,1.45471,1.45492,1.13,1.13
2012.02.16 09:40:54.875,1.45471,1.45494,1.13,2.93
2012.02.16 09:40:55.141,1.45471,1.45492,1.13,1.50
2012.02.16 09:40:56.265,1.45471,1.45489,1.13,1.50
2012.02.16 09:40:56.591,1.45471,1.45487,1.13,1.50
2012.02.16 09:40:56.930,1.45471,1.45485,1.13,1.50
2012.02.16 09:40:57.362,1.45471,1.45487,1.13,3.00
2012.02.16 09:41:00.136,1.45471,1.45488,1.13,3.68
2012.02.16 09:41:00.204,1.45471,1.45486,1.13,1.50
2012.02.16 09:41:00.930,1.45471,1.45489,1.13,3.68
2012.02.16 09:41:01.765,1.45471,1.45486,1.13,1.50
2012.02.16 09:41:02.744,1.45471,1.45487,1.13,1.50
2012.02.16 09:41:03.253,1.45471,1.45489,1.13,3.68
2012.02.16 09:41:04.177,1.45471,1.45489,1.13,2.93
2012.02.16 09:41:07.186,1.45471,1.45487,1.13,1.50
2012.02.16 09:41:08.056,1.45471,1.45489,1.13,2.93
2012.02.16 09:41:09.789,1.45471,1.45489,1.13,3.68
2012.02.16 09:41:10.628,1.45471,1.45487,1.13,2.93
2012.02.16 09:41:10.715,1.45471,1.45489,1.13,1.50
2012.02.16 09:41:11.020,1.45471,1.45486,1.13,1.50
2012.02.16 09:41:11.377,1.45471,1.45488,1.13,1.50
2012.02.16 09:41:11.926,1.45471,1.45489,1.13,3.68
2012.02.16 09:41:12.815,1.45471,1.45487,1.13,1.43
2012.02.16 09:41:13.362,1.45471,1.45488,1.13,1.50
2012.02.16 09:41:13.977,1.45471,1.4549,1.13,2.18
2012.02.16 09:41:15.494,1.45471,1.4549,1.13,2.18
2012.02.16 09:41:15.995,1.45471,1.45488,1.13,1.50
2012.02.16 09:41:16.457,1.45471,1.4549,1.13,2.25
2012.02.16 09:41:16.940,1.45471,1.4549,1.13,2.25
2012.02.16 09:41:17.019,1.45471,1.4549,1.13,1.43
2012.02.16 09:41:17.158,1.45471,1.45492,1.13,1.50
2012.02.16 09:41:17.739,1.45471,1.45492,1.13,2.25
2012.02.16 09:41:18.089,1.45471,1.4549,1.13,2.25
2012.02.16 09:41:19.415,1.45471,1.45489,1.13,2.18
2012.02.16 09:41:19.494,1.45471,1.45489,1.13,2.18
2012.02.16 09:41:19.846,1.45471,1.45489,1.13,2.18
2012.02.16 09:41:19.946,1.45471,1.45489,1.13,2.18
2012.02.16 09:41:20.417,1.45471,1.45489,1.13,2.18
2012.02.16 09:41:21.710,1.45459,1.45484,2.63,1.50
2012.02.16 09:41:21.798,1.45458,1.45484,1.50,1.50
2012.02.16 09:41:21.878,1.45457,1.45483,3.00,2.18
2012.02.16 09:41:22.309,1.45454,1.45474,3.75,4.50
2012.02.16 09:41:23.230,1.45456,1.45474,1.50,4.50
2012.02.16 09:41:23.533,1.45451,1.45474,2.25,4.50
2012.02.16 09:41:23.619,1.45451,1.45474,1.50,4.50
2012.02.16 09:41:23.712,1.45449,1.45471,2.25,1.50
2012.02.16 09:41:23.864,1.45448,1.45468,1.50,2.25
2012.02.16 09:41:24.731,1.45435,1.45459,2.25,4.50
2012.02.16 09:41:24.833,1.45433,1.45457,1.50,2.25
2012.02.16 09:41:24.916,1.45431,1.45454,5.63,1.43
2012.02.16 09:41:25.420,1.45431,1.45454,5.63,2.18
2012.02.16 09:41:25.500,1.45431,1.45457,5.63,2.25
2012.02.16 09:41:26.828,1.45431,1.45457,6.38,1.50
2012.02.16 09:41:27.039,1.45431,1.45456,6.38,1.43
2012.02.16 09:41:27.537,1.45431,1.45456,4.88,2.18
2012.02.16 09:41:28.183,1.45431,1.45454,5.63,2.18
2012.02.16 09:41:28.737,1.45431,1.45456,5.63,1.50
2012.02.16 09:41:29.244,1.45431,1.45457,5.63,2.18
2012.02.16 09:41:32.751,1.45433,1.45459,4.69,4.50
2012.02.16 09:41:33.640,1.45443,1.45464,4.50,1.13
2012.02.16 09:41:33.720,1.45443,1.45465,4.88,2.25
2012.02.16 09:41:35.020,1.45443,1.45462,4.88,1.50
2012.02.16 09:41:35.283,1.45443,1.45464,4.88,2.25
2012.02.16 09:41:35.696,1.45443,1.45467,4.88,1.50
2012.02.16 09:41:35.764,1.45443,1.45469,4.88,3.68
2012.02.16 09:41:36.607,1.45443,1.45465,4.88,1.43
2012.02.16 09:41:36.759,1.45443,1.45467,4.88,1.43
2012.02.16 09:41:36.909,1.45443,1.45468,4.88,2.18
2012.02.16 09:41:37.512,1.45443,1.45464,4.88,1.43
2012.02.16 09:41:37.966,1.45444,1.45469,1.50,1.50
2012.02.16 09:41:38.099,1.45443,1.45469,4.88,1.50
2012.02.16 09:41:38.905,1.45443,1.45469,4.88,2.93
2012.02.16 09:41:38.977,1.45443,1.45469,4.88,2.93
2012.02.16 09:41:39.334,1.45443,1.45469,4.88,2.93
2012.02.16 09:41:39.405,1.45443,1.45469,4.88,2.93
2012.02.16 09:41:39.932,1.45443,1.45469,4.88,1.50
2012.02.16 09:41:41.513,1.45443,1.45469,4.88,1.50
2012.02.16 09:41:42.317,1.45445,1.45469,3.00,1.50
2012.02.16 09:41:42.957,1.45448,1.45469,1.50,1.50
2012.02.16 09:41:43.064,1.4545,1.45471,1.50,4.88
2012.02.16 09:41:43.554,1.45451,1.45471,1.50,4.88
2012.02.16 09:41:43.840,1.45449,1.45471,2.25,4.88
2012.02.16 09:41:44.715,1.45449,1.4546,2.25,4.50
2012.02.16 09:41:44.806,1.45445,1.45458,1.50,2.18
2012.02.16 09:41:44.955,1.45435,1.45458,1.95,2.18
2012.02.16 09:41:45.230,1.45434,1.45458,1.50,2.18
2012.02.16 09:41:45.514,1.45438,1.45459,1.50,2.93
2012.02.16 09:41:45.797,1.45434,1.45459,2.25,1.88
2012.02.16 09:41:46.349,1.45439,1.45459,1.50,1.13
2012.02.16 09:41:46.891,1.4544,1.45459,1.50,1.13
2012.02.16 09:41:46.966,1.45438,1.45459,1.50,1.13
2012.02.16 09:41:47.106,1.45436,1.45459,1.50,1.13
2012.02.16 09:41:47.380,1.45438,1.45459,1.50,1.13
2012.02.16 09:41:47.854,1.45441,1.45458,1.50,1.50
2012.02.16 09:41:48.382,1.45446,1.45467,1.13,1.13
2012.02.16 09:41:48.474,1.45446,1.45473,1.13,4.43
2012.02.16 09:41:48.560,1.45446,1.45473,2.63,1.50
2012.02.16 09:41:50.372,1.45446,1.4547,1.13,1.50
2012.02.16 09:41:53.899,1.45446,1.45473,1.13,3.75
2012.02.16 09:41:54.633,1.45446,1.45468,1.13,2.18
2012.02.16 09:41:57.188,1.45446,1.45472,2.63,2.55
2012.02.16 09:41:57.689,1.45446,1.45468,1.13,2.18
2012.02.16 09:41:58.215,1.45446,1.4547,1.13,2.18
2012.02.16 09:41:58.795,1.45446,1.45469,1.13,1.50
2012.02.16 09:41:58.941,1.45446,1.4547,1.13,1.43
2012.02.16 09:41:59.484,1.45447,1.45473,2.25,1.50
2012.02.16 09:42:01.167,1.45449,1.45474,1.50,1.88
2012.02.16 09:42:01.708,1.45447,1.45473,2.25,1.50
2012.02.16 09:42:01.784,1.45446,1.45473,1.13,1.50
2012.02.16 09:42:01.930,1.45447,1.45471,1.50,4.50
2012.02.16 09:42:02.420,1.4545,1.45471,1.50,4.88
2012.02.16 09:42:02.496,1.45448,1.45471,1.50,4.88
2012.02.16 09:42:03.016,1.45449,1.45471,1.50,4.88
2012.02.16 09:42:03.734,1.45445,1.45459,1.50,4.50
2012.02.16 09:42:03.832,1.45433,1.45456,1.50,1.43
2012.02.16 09:42:03.918,1.45432,1.45456,1.65,1.43
2012.02.16 09:42:04.483,1.45431,1.45455,5.25,1.43
2012.02.16 09:42:05.170,1.45431,1.45459,5.25,4.50
2012.02.16 09:42:05.259,1.45433,1.45457,3.00,1.50
2012.02.16 09:42:05.477,1.45433,1.45458,1.50,1.50
2012.02.16 09:42:05.553,1.45435,1.45458,1.50,1.50
2012.02.16 09:42:06.160,1.45433,1.45458,3.00,1.50
2012.02.16 09:42:06.507,1.45433,1.45457,1.50,1.50
2012.02.16 09:42:06.651,1.45433,1.45459,1.50,5.25
2012.02.16 09:42:07.205,1.45433,1.45457,2.25,1.50
2012.02.16 09:42:07.769,1.45432,1.45455,2.25,2.18
2012.02.16 09:42:08.802,1.45432,1.45455,2.25,2.18
2012.02.16 09:42:09.705,1.45431,1.45455,4.50,2.18
2012.02.16 09:42:09.897,1.45432,1.45455,2.25,2.18
2012.02.16 09:42:11.147,1.45431,1.4545,4.50,1.43
2012.02.16 09:42:11.358,1.45434,1.45456,1.50,2.18
2012.02.16 09:42:12.138,1.45434,1.45456,1.50,2.18
2012.02.16 09:42:12.356,1.45434,1.45456,1.50,2.18
2012.02.16 09:42:12.578,1.45434,1.45455,1.50,2.18
2012.02.16 09:42:13.020,1.45433,1.45455,3.75,2.18
2012.02.16 09:42:13.286,1.45433,1.45455,2.25,2.18
2012.02.16 09:42:14.056,1.45431,1.45455,5.25,2.18
2012.02.16 09:42:15.075,1.45431,1.45455,5.25,2.18
2012.02.16 09:42:15.177,1.45431,1.45455,5.25,2.18
2012.02.16 09:42:15.813,1.45434,1.45455,1.50,2.18
2012.02.16 09:42:16.577,1.45432,1.45454,2.25,2.18
2012.02.16 09:42:17.008,1.45432,1.45454,2.25,2.18
2012.02.16 09:42:17.464,1.45431,1.4545,4.50,2.18
2012.02.16 09:42:18.727,1.45434,1.45454,1.50,2.18
2012.02.16 09:42:19.351,1.45435,1.45454,1.50,2.18
2012.02.16 09:42:19.644,1.45435,1.45458,1.50,2.18
2012.02.16 09:42:19.719,1.45435,1.45457,1.50,1.50
2012.02.16 09:42:20.856,1.45435,1.45457,1.50,1.50
2012.02.16 09:42:21.473,1.45434,1.45457,1.50,1.50
2012.02.16 09:42:21.878,1.45434,1.45457,1.50,1.50
2012.02.16 09:42:22.277,1.45432,1.45457,1.50,2.93
2012.02.16 09:42:22.480,1.45432,1.45457,1.50,2.93
2012.02.16 09:42:23.169,1.45433,1.45449,2.25,2.18
2012.02.16 09:42:24.237,1.45433,1.45449,2.25,2.18
2012.02.16 09:42:24.916,1.45433,1.45449,2.25,1.43
2012.02.16 09:42:25.692,1.45433,1.45449,2.25,2.18
2012.02.16 09:42:26.209,1.45432,1.45449,3.00,1.43
2012.02.16 09:42:26.356,1.45433,1.45453,2.25,1.80
2012.02.16 09:42:26.505,1.45433,1.45453,3.00,1.43
2012.02.16 09:42:26.580,1.45436,1.45458,1.50,1.50
2012.02.16 09:42:27.126,1.45437,1.45459,1.50,4.50
2012.02.16 09:42:27.755,1.45435,1.45458,2.25,1.50
2012.02.16 09:42:27.969,1.45441,1.45463,4.50,2.93
2012.02.16 09:42:28.240,1.45442,1.45465,1.13,2.63
2012.02.16 09:42:30.734,1.45442,1.45467,2.63,1.13
2012.02.16 09:42:31.094,1.45447,1.45469,1.50,2.93
2012.02.16 09:42:31.176,1.45447,1.45469,1.50,1.50
2012.02.16 09:42:31.392,1.45447,1.45469,1.50,1.50
2012.02.16 09:42:31.539,1.45447,1.4547,3.68,1.13
2012.02.16 09:42:31.692,1.45449,1.4547,1.50,1.13
2012.02.16 09:42:32.209,1.45448,1.45469,1.50,1.50
2012.02.16 09:42:32.919,1.45448,1.45469,1.50,1.50
2012.02.16 09:42:33.272,1.45456,1.45477,4.50,1.13
2012.02.16 09:42:33.360,1.45458,1.45481,2.25,2.18
2012.02.16 09:42:33.912,1.45458,1.45482,2.25,1.79
2012.02.16 09:42:34.064,1.45458,1.45484,3.00,1.50
2012.02.16 09:42:34.418,1.4546,1.45484,2.25,1.50
2012.02.16 09:42:34.637,1.4546,1.45484,2.25,1.50
2012.02.16 09:42:35.557,1.45463,1.45484,1.50,2.93
2012.02.16 09:42:35.776,1.45461,1.45485,1.50,1.13
2012.02.16 09:42:37.575,1.45462,1.45485,1.50,1.13
2012.02.16 09:42:37.718,1.45469,1.4549,4.50,2.18
2012.02.16 09:42:37.862,1.45469,1.4549,4.88,2.18
2012.02.16 09:42:37.943,1.45469,1.45493,4.88,2.63
2012.02.16 09:42:38.232,1.45469,1.45494,4.88,1.88
2012.02.16 09:42:38.767,1.45469,1.45494,4.88,2.55
2012.02.16 09:42:38.840,1.45469,1.45495,4.88,3.29
2012.02.16 09:42:39.527,1.45469,1.45494,4.88,2.93
2012.02.16 09:42:39.996,1.45469,1.45494,4.88,3.68
2012.02.16 09:42:40.977,1.45469,1.45494,4.88,3.68
2012.02.16 09:42:41.607,1.45469,1.45494,4.88,3.68
2012.02.16 09:42:42.272,1.4546,1.45481,1.20,1.50
2012.02.16 09:42:42.362,1.45454,1.45477,5.63,1.43
2012.02.16 09:42:42.586,1.45454,1.45474,4.88,1.43
2012.02.16 09:42:44.501,1.45454,1.45477,4.88,1.43
2012.02.16 09:42:44.726,1.45454,1.45481,4.50,2.25
2012.02.16 09:42:45.015,1.4545,1.45466,1.50,4.50
2012.02.16 09:42:45.227,1.4545,1.45472,4.50,1.80
2012.02.16 09:42:45.846,1.45454,1.45478,1.50,1.50
2012.02.16 09:42:46.550,1.4546,1.45483,4.50,1.13
2012.02.16 09:42:47.050,1.4546,1.45483,4.50,1.13
2012.02.16 09:42:47.606,1.4546,1.45484,4.50,2.25
2012.02.16 09:42:48.967,1.4546,1.45484,4.50,1.50
2012.02.16 09:42:49.532,1.4546,1.45483,4.50,1.50
2012.02.16 09:42:50.091,1.4546,1.45482,4.50,1.43
2012.02.16 09:42:50.868,1.4546,1.45483,4.50,1.43
2012.02.16 09:42:51.379,1.4546,1.45484,6.00,1.43
2012.02.16 09:42:51.530,1.4546,1.45487,4.50,3.00
2012.02.16 09:42:51.610,1.4546,1.45484,4.50,1.50
2012.02.16 09:42:52.522,1.4546,1.45484,4.50,3.00
2012.02.16 09:42:53.043,1.4546,1.45485,4.50,2.25
2012.02.16 09:42:53.248,1.45457,1.45483,1.50,1.13
2012.02.16 09:42:53.807,1.45458,1.45484,1.50,1.13
2012.02.16 09:42:54.689,1.45458,1.45488,1.88,1.12
2012.02.16 09:42:54.774,1.45465,1.45489,1.50,1.12
2012.02.16 09:42:54.855,1.45467,1.45491,1.50,1.13
2012.02.16 09:42:55.347,1.45467,1.45493,4.88,1.50
2012.02.16 09:42:55.755,1.45468,1.45494,2.25,1.50
2012.02.16 09:42:56.925,1.45467,1.45493,6.38,1.50
2012.02.16 09:42:57.140,1.45468,1.45491,2.25,1.43
2012.02.16 09:42:57.228,1.45468,1.45494,2.25,1.50
2012.02.16 09:42:57.719,1.45472,1.45493,1.50,1.50
2012.02.16 09:43:00.336,1.45475,1.45495,1.50,4.88
2012.02.16 09:43:00.549,1.45472,1.45495,1.50,6.30
2012.02.16 09:43:01.210,1.4547,1.45493,1.50,1.50
2012.02.16 09:43:01.915,1.45469,1.45493,1.50,1.50
2012.02.16 09:43:02.059,1.45471,1.45493,1.50,1.50
2012.02.16 09:43:02.606,1.45469,1.45493,3.00,1.50
2012.02.16 09:43:03.582,1.4547,1.45493,1.50,1.50
2012.02.16 09:43:04.302,1.45469,1.45494,1.50,2.25
2012.02.16 09:43:04.393,1.45478,1.45499,4.50,2.25
2012.02.16 09:43:04.759,1.45478,1.45494,4.50,2.18
2012.02.16 09:43:05.306,1.45478,1.45492,4.50,1.43
2012.02.16 09:43:05.393,1.45478,1.45499,4.50,1.13
2012.02.16 09:43:05.473,1.45478,1.45499,4.50,1.13
2012.02.16 09:43:06.100,1.45478,1.45499,4.50,2.18
2012.02.16 09:43:07.228,1.45478,1.45503,4.50,2.63
2012.02.16 09:43:07.780,1.45478,1.45503,4.50,2.63
2012.02.16 09:43:07.865,1.45478,1.45501,4.50,1.50
2012.02.16 09:43:08.199,1.45478,1.45501,4.50,2.25
2012.02.16 09:43:08.695,1.45478,1.45495,4.50,1.43
2012.02.16 09:43:09.046,1.45478,1.45494,4.50,1.50
2012.02.16 09:43:09.616,1.45478,1.45494,4.50,1.50
2012.02.16 09:43:09.703,1.45478,1.45491,4.50,1.50
2012.02.16 09:43:09.839,1.45478,1.45496,4.50,2.63
2012.02.16 09:43:10.108,1.45478,1.45492,4.50,1.50
2012.02.16 09:43:10.799,1.45478,1.45491,4.50,1.50
2012.02.16 09:43:11.011,1.45467,1.45491,1.50,1.50
2012.02.16 09:43:11.095,1.45466,1.45491,1.13,1.50
2012.02.16 09:43:11.176,1.45466,1.45486,1.13,1.43
2012.02.16 09:43:11.758,1.45466,1.45482,1.13,1.43
2012.02.16 09:43:11.838,1.45466,1.45485,1.13,1.43
2012.02.16 09:43:11.977,1.45466,1.45482,1.13,1.43
2012.02.16 09:43:12.602,1.45466,1.45485,1.13,2.18
2012.02.16 09:43:12.677,1.45466,1.45485,1.13,1.43
2012.02.16 09:43:14.959,1.45468,1.45493,1.50,1.50
2012.02.16 09:43:15.038,1.45469,1.45493,1.95,1.50
2012.02.16 09:43:15.347,1.45471,1.45493,2.25,1.50
2012.02.16 09:43:15.832,1.45468,1.45493,1.28,3.00
2012.02.16 09:43:15.989,1.45467,1.45493,1.13,3.00
2012.02.16 09:43:16.200,1.45467,1.45493,1.13,1.50
2012.02.16 09:43:16.758,1.45467,1.45493,1.13,1.50
2012.02.16 09:43:18.210,1.45467,1.45493,1.13,1.50
2012.02.16 09:43:19.260,1.45467,1.45493,1.13,1.50
2012.02.16 09:43:19.551,1.45467,1.45492,1.13,1.43
2012.02.16 09:43:19.638,1.45467,1.4549,1.13,1.43
2012.02.16 09:43:20.187,1.45462,1.4549,2.44,2.18
2012.02.16 09:43:20.271,1.45463,1.45494,2.25,2.25
2012.02.16 09:43:20.680,1.45468,1.45493,4.50,1.50
2012.02.16 09:43:20.899,1.45463,1.4549,1.35,1.50
2012.02.16 09:43:21.168,1.45473,1.4549,4.50,1.50
2012.02.16 09:43:21.307,1.45473,1.45492,4.50,3.00
2012.02.16 09:43:21.451,1.45473,1.45494,4.50,1.13
2012.02.16 09:43:22.488,1.45474,1.45494,1.13,2.25
2012.02.16 09:43:24.044,1.45474,1.45497,1.13,1.50
2012.02.16 09:43:24.327,1.45474,1.45495,1.13,2.25
2012.02.16 09:43:24.876,1.45474,1.45495,1.13,1.50
2012.02.16 09:43:25.587,1.45474,1.45496,1.13,1.50
2012.02.16 09:43:25.941,1.45474,1.45498,1.13,2.93
2012.02.16 09:43:26.147,1.45474,1.45496,1.13,1.50
2012.02.16 09:43:26.517,1.45474,1.45494,1.13,1.50
2012.02.16 09:43:27.423,1.45474,1.45495,1.13,1.50
2012.02.16 09:43:27.778,1.45474,1.45492,1.13,1.50
2012.02.16 09:43:27.849,1.45474,1.45495,1.13,1.50
2012.02.16 09:43:28.607,1.45474,1.45495,1.13,2.25
2012.02.16 09:43:29.029,1.45474,1.45492,1.13,1.50
2012.02.16 09:43:29.174,1.45474,1.45495,1.13,1.50
2012.02.16 09:43:29.687,1.45474,1.45496,1.13,2.93
2012.02.16 09:43:29.773,1.45474,1.455,1.13,2.25
2012.02.16 09:43:29.921,1.45471,1.455,1.50,2.25
2012.02.16 09:43:30.675,1.45471,1.45497,2.25,4.50
2012.02.16 09:43:31.027,1.45469,1.45493,1.28,1.43
2012.02.16 09:43:31.548,1.4547,1.45498,2.40,2.63
2012.02.16 09:43:32.106,1.45471,1.45498,1.50,1.13
2012.02.16 09:43:32.532,1.45473,1.45498,4.50,2.63
2012.02.16 09:43:34.685,1.45474,1.455,1.13,3.00
2012.02.16 09:43:34.769,1.45474,1.45498,1.13,1.50
2012.02.16 09:43:35.125,1.45475,1.45498,1.69,1.43
2012.02.16 09:43:35.205,1.45487,1.45504,1.13,1.50
2012.02.16 09:43:35.492,1.45487,1.45506,1.13,1.50
2012.02.16 09:43:36.307,1.45487,1.45505,1.13,1.50
2012.02.16 09:43:36.876,1.45487,1.45504,1.13,1.50
2012.02.16 09:43:37.387,1.45487,1.45505,1.13,1.50
2012.02.16 09:43:38.133,1.45487,1.45506,1.13,1.50
2012.02.16 09:43:39.060,1.45487,1.45504,1.13,1.50
2012.02.16 09:43:39.417,1.45475,1.455,5.33,1.50
2012.02.16 09:43:39.493,1.45475,1.45497,4.88,1.50
2012.02.16 09:43:39.837,1.45475,1.45495,4.88,1.50
2012.02.16 09:43:40.049,1.45475,1.45498,4.88,1.50
2012.02.16 09:43:40.643,1.45475,1.455,4.88,4.05
2012.02.16 09:43:40.735,1.45475,1.45496,4.88,1.50
2012.02.16 09:43:41.293,1.45475,1.45497,4.88,1.50
2012.02.16 09:43:41.439,1.45475,1.455,4.88,1.13
2012.02.16 09:43:41.996,1.45475,1.45499,4.88,2.63
2012.02.16 09:43:43.206,1.45475,1.45495,4.88,1.13
2012.02.16 09:43:44.205,1.45475,1.45495,4.88,1.13
2012.02.16 09:43:44.958,1.45475,1.45498,4.88,1.88
2012.02.16 09:43:45.176,1.45477,1.45501,2.25,1.50
2012.02.16 09:43:45.755,1.45486,1.45504,4.88,1.88
2012.02.16 09:43:45.842,1.45486,1.45511,4.50,1.43
2012.02.16 09:43:46.064,1.45486,1.45507,4.50,1.43
2012.02.16 09:43:46.601,1.45486,1.45509,4.50,1.13
2012.02.16 09:43:47.352,1.45486,1.4551,4.50,1.88
2012.02.16 09:43:47.898,1.45487,1.45509,2.25,1.13
2012.02.16 09:43:48.113,1.45486,1.45513,4.50,1.88
2012.02.16 09:43:49.271,1.45486,1.45512,4.50,1.50
2012.02.16 09:43:49.494,1.45486,1.45513,4.50,1.13
2012.02.16 09:43:54.555,1.45492,1.45513,1.50,1.50
2012.02.16 09:43:54.896,1.4549,1.45513,1.50,1.50
2012.02.16 09:43:55.278,1.45488,1.45513,2.18,1.50
2012.02.16 09:43:58.347,1.4549,1.45513,1.43,2.25
2012.02.16 09:44:00.115,1.45495,1.45514,1.43,4.50
2012.02.16 09:44:00.407,1.45491,1.45513,1.43,2.25
2012.02.16 09:44:00.677,1.45495,1.45513,1.43,1.50
2012.02.16 09:44:00.884,1.4549,1.45513,1.43,1.50
2012.02.16 09:44:01.611,1.45494,1.45514,1.43,4.50
2012.02.16 09:44:01.888,1.4549,1.45514,1.43,4.50
2012.02.16 09:44:03.102,1.45486,1.45509,4.50,1.50
2012.02.16 09:44:03.254,1.45486,1.45511,4.50,3.00
2012.02.16 09:44:03.834,1.45486,1.45513,4.50,3.00
2012.02.16 09:44:06.182,1.45486,1.45512,4.50,1.50
2012.02.16 09:44:07.226,1.45486,1.45514,4.50,6.75
2012.02.16 09:44:08.797,1.45486,1.45512,4.50,1.50
2012.02.16 09:44:09.461,1.45486,1.45509,4.50,1.50
2012.02.16 09:44:09.538,1.45486,1.45511,4.50,1.50
2012.02.16 09:44:10.068,1.45486,1.45512,4.50,2.25
2012.02.16 09:44:10.659,1.45486,1.4551,4.50,1.50
2012.02.16 09:44:11.260,1.45486,1.4551,5.93,2.25
2012.02.16 09:44:11.791,1.45486,1.4551,4.50,1.50
2012.02.16 09:44:12.274,1.45487,1.45509,2.55,2.25
2012.02.16 09:44:12.584,1.45489,1.45508,1.43,1.88
2012.02.16 09:44:12.804,1.45489,1.45508,1.43,1.50
2012.02.16 09:44:12.885,1.45489,1.45514,1.43,3.00
2012.02.16 09:44:13.168,1.45486,1.45514,1.13,3.00
2012.02.16 09:44:13.241,1.45489,1.45514,1.43,3.00
2012.02.16 09:44:13.798,1.45486,1.45511,1.13,1.50
2012.02.16 09:44:14.360,1.45486,1.4551,1.13,1.50
2012.02.16 09:44:15.725,1.45499,1.45519,4.88,1.50
2012.02.16 09:44:15.895,1.455,1.45523,2.18,1.50
2012.02.16 09:44:16.335,1.45499,1.45522,4.88,1.88
2012.02.16 09:44:16.418,1.45493,1.45514,1.50,1.13
2012.02.16 09:44:17.049,1.45494,1.45502,1.50,1.13
2012.02.16 09:44:17.139,1.45486,1.45509,4.50,1.50
2012.02.16 09:44:17.293,1.45486,1.45513,4.50,1.50
2012.02.16 09:44:17.656,1.4549,1.45512,1.43,1.50
2012.02.16 09:44:17.963,1.455,1.45517,4.88,1.13
2012.02.16 09:44:18.523,1.455,1.4552,4.88,1.50
2012.02.16 09:44:18.976,1.455,1.45525,4.88,1.88
2012.02.16 09:44:19.049,1.45503,1.45524,1.35,1.50
2012.02.16 09:44:19.614,1.45503,1.45527,1.35,3.00
2012.02.16 09:44:20.154,1.45503,1.45528,1.35,2.25
2012.02.16 09:44:20.238,1.45503,1.45526,1.35,1.50
2012.02.16 09:44:20.613,1.45504,1.45518,1.35,1.50
2012.02.16 09:44:20.971,1.455,1.45516,4.88,1.50
2012.02.16 09:44:21.718,1.455,1.45519,4.88,1.50
2012.02.16 09:44:21.938,1.455,1.45515,4.88,1.50
2012.02.16 09:44:22.498,1.455,1.45516,4.88,1.50
2012.02.16 09:44:23.973,1.455,1.45515,4.88,1.50
2012.02.16 09:44:24.526,1.455,1.45516,4.88,1.50
2012.02.16 09:44:25.232,1.455,1.45514,4.88,1.50
2012.02.16 09:44:25.799,1.45492,1.45511,1.20,1.50
2012.02.16 09:44:25.884,1.4549,1.45509,4.50,1.50
2012.02.16 09:44:26.397,1.4549,1.45508,4.50,1.50
2012.02.16 09:44:26.950,1.4549,1.45509,4.50,1.50
2012.02.16 09:44:27.570,1.4549,1.45511,4.50,1.88
2012.02.16 09:44:27.799,1.4549,1.45509,4.50,1.50
2012.02.16 09:44:28.339,1.4549,1.45511,4.50,1.50
2012.02.16 09:44:28.890,1.4549,1.4551,4.50,1.50
2012.02.16 09:44:29.426,1.4549,1.45513,4.50,1.50
2012.02.16 09:44:31.218,1.4549,1.45512,4.50,1.50
2012.02.16 09:44:31.816,1.45492,1.45518,1.65,4.88
2012.02.16 09:44:33.034,1.4549,1.45516,4.50,1.13
2012.02.16 09:44:35.739,1.4549,1.45511,4.50,1.13
2012.02.16 09:44:36.315,1.45492,1.45505,4.50,1.50
2012.02.16 09:44:36.398,1.45492,1.45509,4.50,1.50
2012.02.16 09:44:36.619,1.45492,1.45514,4.50,2.25
2012.02.16 09:44:36.693,1.45492,1.45514,4.50,2.25
2012.02.16 09:44:36.841,1.45492,1.45509,4.50,1.50
2012.02.16 09:44:36.995,1.45492,1.45511,4.50,1.50
2012.02.16 09:44:37.074,1.45492,1.45511,4.50,2.25
2012.02.16 09:44:37.642,1.45492,1.45509,4.50,1.50
2012.02.16 09:44:38.182,1.45492,1.45508,4.50,1.50
2012.02.16 09:44:38.721,1.45492,1.45507,4.50,1.50
2012.02.16 09:44:39.870,1.4548,1.45507,1.09,1.50
2012.02.16 09:44:39.954,1.45479,1.45505,1.69,1.50
2012.02.16 09:44:40.348,1.45477,1.45505,1.50,1.50
2012.02.16 09:44:40.731,1.45477,1.45505,1.50,2.25
2012.02.16 09:44:42.244,1.45477,1.45505,1.50,1.50
2012.02.16 09:44:43.245,1.45477,1.45505,1.50,2.25
2012.02.16 09:44:43.598,1.45475,1.45502,1.47,1.50
2012.02.16 09:44:43.815,1.45474,1.45503,1.17,1.88
2012.02.16 09:44:43.895,1.45474,1.45503,2.22,1.88
2012.02.16 09:44:44.249,1.45482,1.45505,4.88,1.88
2012.02.16 09:44:44.866,1.45482,1.45505,4.88,1.88
2012.02.16 09:44:45.401,1.45482,1.45503,4.88,2.25
2012.02.16 09:44:45.485,1.45482,1.45501,4.88,1.50
2012.02.16 09:44:46.884,1.45482,1.45503,4.88,2.25
2012.02.16 09:44:47.037,1.45482,1.45499,4.88,1.50
2012.02.16 09:44:47.753,1.45469,1.45493,1.50,1.50
2012.02.16 09:44:47.977,1.45469,1.45495,1.50,1.50
2012.02.16 09:44:48.536,1.45467,1.45495,6.64,1.50
2012.02.16 09:44:50.455,1.45467,1.45495,4.88,1.50
2012.02.16 09:44:51.894,1.45467,1.45495,4.88,1.50
2012.02.16 09:44:51.971,1.45467,1.45495,4.88,1.50
2012.02.16 09:44:53.143,1.45471,1.45495,1.62,2.25
2012.02.16 09:44:53.440,1.45479,1.45502,4.88,1.50
2012.02.16 09:44:54.001,1.45479,1.45502,4.88,2.25
2012.02.16 09:44:54.823,1.45479,1.45496,4.88,1.50
2012.02.16 09:44:54.909,1.45479,1.45503,4.88,3.00
2012.02.16 09:44:55.120,1.45479,1.45499,4.88,1.50
2012.02.16 09:44:55.339,1.45479,1.45501,4.88,1.50
2012.02.16 09:44:55.411,1.45479,1.45503,4.88,2.25
2012.02.16 09:44:55.555,1.45479,1.45501,4.88,1.50
2012.02.16 09:44:56.052,1.45479,1.45503,4.88,1.88
2012.02.16 09:44:56.610,1.45479,1.45505,4.88,2.63
2012.02.16 09:44:56.830,1.45479,1.45502,4.88,1.50
2012.02.16 09:44:58.884,1.45479,1.45504,4.88,1.50
2012.02.16 09:44:59.368,1.45483,1.45507,1.50,4.88
2012.02.16 09:44:59.638,1.45481,1.45507,3.68,4.88
2012.02.16 09:45:00.721,1.45481,1.45505,1.65,1.50
2012.02.16 09:45:01.232,1.45481,1.45507,1.20,4.88
2012.02.16 09:45:01.867,1.45481,1.45507,1.65,4.88
2012.02.16 09:45:02.467,1.45479,1.45505,7.58,1.50
2012.02.16 09:45:02.976,1.45479,1.45504,4.88,2.25
2012.02.16 09:45:03.263,1.45479,1.455,4.88,2.25
2012.02.16 09:45:04.533,1.45479,1.45502,4.88,1.88
2012.02.16 09:45:04.616,1.45479,1.455,4.88,1.13
2012.02.16 09:45:05.090,1.45479,1.455,4.88,1.50
2012.02.16 09:45:05.171,1.45479,1.45498,4.88,1.50
2012.02.16 09:45:06.204,1.45479,1.45499,4.88,2.25
2012.02.16 09:45:06.500,1.45479,1.45495,4.88,1.50
2012.02.16 09:45:07.218,1.45479,1.45495,4.88,2.25
2012.02.16 09:45:07.805,1.45479,1.45495,4.88,1.50
2012.02.16 09:45:09.227,1.45479,1.45495,4.88,2.25
2012.02.16 09:45:09.868,1.45467,1.45493,3.00,4.50
2012.02.16 09:45:09.936,1.45466,1.45493,1.50,6.00
2012.02.16 09:45:10.753,1.45468,1.45493,1.50,4.50
2012.02.16 09:45:10.956,1.4547,1.45493,1.50,4.50
2012.02.16 09:45:11.536,1.45469,1.45493,1.50,4.50
2012.02.16 09:45:11.730,1.45467,1.45493,2.25,4.50
2012.02.16 09:45:12.299,1.45468,1.45493,1.50,5.25
2012.02.16 09:45:12.872,1.45468,1.45491,1.50,1.50
2012.02.16 09:45:13.366,1.45465,1.45491,4.50,1.13
2012.02.16 09:45:15.752,1.45465,1.45491,4.50,2.25
2012.02.16 09:45:15.827,1.45465,1.45491,4.50,3.00
2012.02.16 09:45:15.924,1.45465,1.45491,4.50,2.25
2012.02.16 09:45:16.268,1.45466,1.45495,1.09,1.50
2012.02.16 09:45:16.776,1.45466,1.45494,1.09,1.50
2012.02.16 09:45:16.918,1.45466,1.45493,1.47,2.25
2012.02.16 09:45:17.058,1.45462,1.45488,1.58,1.50
2012.02.16 09:45:18.438,1.45464,1.45488,1.50,1.50
2012.02.16 09:45:18.542,1.4547,1.4549,2.25,4.88
2012.02.16 09:45:18.916,1.45474,1.4549,1.50,4.88
2012.02.16 09:45:19.446,1.45473,1.4549,1.50,4.88
2012.02.16 09:45:19.661,1.45474,1.45499,4.88,1.13
2012.02.16 09:45:19.740,1.45478,1.45502,1.50,1.13
2012.02.16 09:45:19.819,1.45478,1.45503,2.59,1.13
2012.02.16 09:45:19.948,1.45479,1.45502,1.95,1.50
2012.02.16 09:45:20.216,1.45476,1.45503,3.38,1.50
2012.02.16 09:45:21.077,1.45476,1.45503,2.25,1.88
2012.02.16 09:45:21.219,1.45476,1.45501,2.25,1.13
2012.02.16 09:45:21.430,1.45474,1.45501,4.88,1.88
2012.02.16 09:45:22.123,1.45475,1.45503,1.50,1.50
2012.02.16 09:45:22.577,1.45473,1.45503,1.50,1.88
2012.02.16 09:45:22.655,1.45477,1.45504,1.50,1.13
2012.02.16 09:45:23.219,1.45476,1.45505,1.50,1.88
2012.02.16 09:45:23.358,1.45474,1.45503,1.50,2.63
2012.02.16 09:45:23.627,1.45472,1.45503,1.50,2.25
2012.02.16 09:45:24.262,1.45472,1.45503,1.50,2.63
2012.02.16 09:45:25.157,1.45471,1.45501,3.15,1.50
2012.02.16 09:45:25.225,1.45471,1.455,1.65,2.25
2012.02.16 09:45:25.734,1.45472,1.455,1.50,2.25
2012.02.16 09:45:26.632,1.45472,1.45502,1.50,1.88
2012.02.16 09:45:26.778,1.45471,1.45501,2.25,2.25
2012.02.16 09:45:27.677,1.45473,1.45502,1.50,2.63
2012.02.16 09:45:29.546,1.45473,1.455,2.25,1.50
2012.02.16 09:45:30.070,1.45473,1.45497,1.13,1.13
2012.02.16 09:45:30.827,1.45473,1.45497,1.13,1.88
2012.02.16 09:45:31.497,1.45473,1.45497,1.13,2.63
2012.02.16 09:45:31.642,1.45473,1.45499,1.13,1.13
2012.02.16 09:45:31.719,1.45473,1.45497,1.13,1.13
2012.02.16 09:45:32.314,1.45475,1.45497,1.50,1.13
2012.02.16 09:45:32.776,1.45473,1.45499,1.13,1.13
2012.02.16 09:45:34.206,1.45473,1.45494,1.13,2.25
2012.02.16 09:45:34.957,1.45466,1.45494,2.25,1.50
2012.02.16 09:45:35.314,1.45473,1.45496,1.88,2.25
2012.02.16 09:45:35.797,1.45477,1.45497,1.50,1.13
2012.02.16 09:45:36.724,1.45476,1.45497,1.50,1.13
2012.02.16 09:45:37.282,1.45473,1.45496,2.63,1.50
2012.02.16 09:45:40.162,1.45472,1.45497,1.13,2.63
2012.02.16 09:45:40.596,1.45472,1.45496,1.13,1.50
2012.02.16 09:45:41.555,1.45469,1.45497,3.15,1.13
2012.02.16 09:45:42.078,1.4547,1.45498,2.40,1.13
2012.02.16 09:45:42.512,1.45467,1.45498,3.04,3.00
2012.02.16 09:45:42.589,1.45467,1.45498,2.59,1.50
2012.02.16 09:45:42.662,1.45474,1.45496,4.50,1.50
2012.02.16 09:45:43.195,1.45474,1.45494,4.50,1.50
2012.02.16 09:45:43.283,1.45474,1.45498,1.13,1.50
2012.02.16 09:45:43.565,1.45469,1.45498,2.40,1.88
2012.02.16 09:45:44.106,1.45468,1.45497,1.35,1.50
2012.02.16 09:45:44.247,1.45468,1.45498,1.35,2.25
2012.02.16 09:45:44.663,1.45469,1.45494,2.40,5.25
2012.02.16 09:45:44.879,1.45467,1.45493,3.00,1.50
2012.02.16 09:45:45.483,1.45466,1.45493,1.50,1.50
2012.02.16 09:45:46.267,1.45468,1.45494,1.50,5.63
2012.02.16 09:45:46.966,1.45465,1.45493,2.25,2.25
2012.02.16 09:45:47.166,1.45465,1.45492,2.25,1.50
2012.02.16 09:45:47.308,1.45465,1.45493,2.25,2.25
2012.02.16 09:45:50.016,1.45465,1.45492,2.25,1.50
2012.02.16 09:45:50.237,1.45464,1.45492,6.38,2.25
2012.02.16 09:45:50.772,1.45466,1.45492,2.25,1.13
2012.02.16 09:45:50.999,1.45472,1.4549,4.50,1.50
2012.02.16 09:45:51.337,1.45472,1.45493,4.50,1.50
2012.02.16 09:45:51.875,1.45472,1.45492,4.50,1.50
2012.02.16 09:45:52.427,1.45472,1.4549,4.50,1.50
2012.02.16 09:45:53.222,1.45472,1.45491,4.50,1.50
2012.02.16 09:45:54.192,1.45472,1.4549,4.50,1.50
2012.02.16 09:45:54.496,1.45472,1.45488,4.50,1.50
2012.02.16 09:45:54.816,1.45472,1.4549,4.50,1.50
2012.02.16 09:45:55.094,1.45472,1.45492,4.50,3.00
2012.02.16 09:45:55.313,1.45464,1.45487,1.65,4.50
2012.02.16 09:45:55.401,1.45462,1.45487,2.70,4.50
2012.02.16 09:45:55.626,1.45463,1.45483,1.80,1.50
2012.02.16 09:45:56.184,1.45459,1.45479,1.95,1.50
2012.02.16 09:45:56.268,1.45459,1.45482,1.50,1.50
2012.02.16 09:45:56.406,1.45459,1.45485,1.50,2.25
2012.02.16 09:45:56.846,1.45459,1.45483,1.50,1.50
2012.02.16 09:45:57.849,1.45459,1.45482,1.50,1.50
2012.02.16 09:45:58.819,1.4546,1.45483,1.80,1.50
2012.02.16 09:45:59.332,1.4546,1.45484,1.80,1.50
2012.02.16 09:45:59.557,1.45469,1.45492,4.50,2.25
2012.02.16 09:45:59.848,1.45471,1.45491,1.58,1.50
2012.02.16 09:45:59.922,1.45471,1.45494,1.13,1.50
2012.02.16 09:46:00.075,1.45471,1.45497,1.13,2.63
2012.02.16 09:46:00.150,1.45471,1.45496,1.13,1.13
2012.02.16 09:46:00.712,1.45471,1.45492,1.13,1.50
2012.02.16 09:46:01.584,1.45471,1.45495,1.13,1.50
2012.02.16 09:46:01.898,1.45471,1.45495,1.13,2.25
2012.02.16 09:46:02.907,1.45471,1.45488,1.13,1.50
2012.02.16 09:46:05.090,1.45471,1.45487,1.13,1.50
2012.02.16 09:46:05.635,1.45471,1.45486,1.13,1.50
2012.02.16 09:46:06.299,1.45471,1.45488,1.13,3.00
2012.02.16 09:46:06.808,1.45471,1.45487,1.13,1.50
2012.02.16 09:46:07.053,1.45471,1.45489,1.13,3.75
2012.02.16 09:46:09.029,1.45471,1.45487,1.13,1.50
2012.02.16 09:46:09.375,1.45471,1.45489,1.13,3.75
2012.02.16 09:46:09.718,1.45471,1.45494,1.13,2.25
2012.02.16 09:46:09.914,1.45471,1.45491,1.13,1.50
2012.02.16 09:46:10.235,1.45471,1.45487,1.13,1.50
2012.02.16 09:46:10.306,1.45471,1.45491,1.13,1.50
2012.02.16 09:46:11.344,1.45471,1.45491,1.13,2.25
2012.02.16 09:46:25.123,1.45471,1.45491,1.13,1.50
2012.02.16 09:46:25.219,1.45471,1.45496,1.13,3.75
2012.02.16 09:46:26.286,1.45471,1.45495,1.13,1.50
2012.02.16 09:46:27.214,1.45471,1.45495,1.13,2.25
2012.02.16 09:46:28.187,1.45471,1.45494,1.13,2.25
2012.02.16 09:46:28.859,1.45471,1.45496,1.13,1.88
2012.02.16 09:46:30.696,1.45471,1.45493,1.13,1.50
2012.02.16 09:46:31.344,1.45469,1.45488,4.50,1.13
2012.02.16 09:46:31.897,1.45471,1.45497,1.13,2.25
2012.02.16 09:46:32.727,1.45471,1.45494,1.13,1.50
2012.02.16 09:46:34.080,1.45471,1.45495,1.13,1.50
2012.02.16 09:46:35.208,1.45471,1.45494,1.13,1.50
2012.02.16 09:46:35.938,1.45471,1.45494,1.13,2.25
2012.02.16 09:46:36.327,1.45469,1.45493,4.50,3.00
2012.02.16 09:46:39.977,1.45469,1.45488,4.50,1.13
2012.02.16 09:46:40.244,1.45469,1.45489,4.50,1.13
2012.02.16 09:46:41.057,1.45469,1.45488,4.50,1.13
2012.02.16 09:46:41.272,1.45469,1.45489,4.50,1.13
2012.02.16 09:46:41.562,1.45471,1.45492,1.50,1.50
2012.02.16 09:46:41.714,1.4547,1.45494,2.70,1.88
2012.02.16 09:46:50.263,1.45473,1.45497,1.50,1.50
2012.02.16 09:46:50.924,1.45471,1.45497,2.25,1.50
2012.02.16 09:46:58.001,1.45473,1.45497,1.43,1.50
2012.02.16 09:46:58.080,1.45473,1.45498,1.80,1.50
2012.02.16 09:46:59.915,1.45473,1.45499,1.80,1.50
2012.02.16 09:47:00.059,1.4548,1.45499,4.50,1.50
2012.02.16 09:47:00.570,1.4548,1.45503,4.50,1.13
2012.02.16 09:47:05.686,1.45482,1.45505,1.50,1.50
2012.02.16 09:47:10.737,1.45482,1.45506,1.50,1.50
2012.02.16 09:47:10.809,1.45482,1.45508,1.50,3.00
2012.02.16 09:47:22.131,1.45494,1.45512,4.50,1.50
2012.02.16 09:47:22.349,1.45494,1.45515,4.50,2.55
2012.02.16 09:47:22.892,1.45494,1.45518,4.50,1.13
2012.02.16 09:47:24.738,1.45496,1.45522,1.13,2.25
2012.02.16 09:47:24.810,1.45496,1.45522,2.03,1.50
2012.02.16 09:47:26.986,1.45499,1.45524,1.28,6.75
2012.02.16 09:47:29.326,1.45507,1.45525,4.50,1.50
2012.02.16 09:47:29.825,1.45507,1.45528,4.50,1.50
2012.02.16 09:47:29.900,1.45507,1.45525,4.50,1.50
2012.02.16 09:47:30.267,1.45509,1.45525,1.13,1.50
2012.02.16 09:47:30.616,1.45509,1.45527,1.13,1.50
2012.02.16 09:47:30.758,1.45509,1.45529,1.13,2.25
2012.02.16 09:47:31.076,1.45509,1.45524,1.13,1.50
2012.02.16 09:47:31.149,1.45509,1.45526,1.13,3.00
2012.02.16 09:47:33.436,1.45509,1.45527,1.13,3.00
2012.02.16 09:47:33.996,1.45509,1.45526,1.13,1.50
2012.02.16 09:47:34.523,1.45509,1.45525,1.13,1.50
2012.02.16 09:47:37.817,1.45509,1.45526,1.13,1.50
2012.02.16 09:47:40.112,1.45507,1.45525,4.50,1.50
2012.02.16 09:47:40.195,1.45507,1.45522,4.50,1.50
2012.02.16 09:47:40.622,1.455,1.45521,1.28,4.50
2012.02.16 09:47:41.048,1.45498,1.45521,1.73,4.50
2012.02.16 09:47:47.086,1.455,1.45521,1.28,4.50
2012.02.16 09:47:48.639,1.455,1.4552,1.28,2.25
2012.02.16 09:47:51.609,1.45495,1.45517,2.40,1.50
2012.02.16 09:47:51.940,1.45496,1.45519,1.28,3.75
2012.02.16 09:47:54.027,1.45497,1.45519,1.28,1.50
2012.02.16 09:47:54.566,1.45497,1.45521,1.28,6.00
2012.02.16 09:48:00.190,1.455,1.45519,1.28,1.50
2012.02.16 09:48:00.814,1.45499,1.45519,1.28,1.50
2012.02.16 09:48:01.695,1.45499,1.45519,1.28,1.50
2012.02.16 09:48:02.204,1.45499,1.45521,1.28,4.50
2012.02.16 09:48:11.012,1.45501,1.45521,1.50,4.50
2012.02.16 09:48:11.509,1.45499,1.45521,1.88,4.50
2012.02.16 09:48:12.069,1.45498,1.4552,1.50,4.50
2012.02.16 09:48:12.860,1.45497,1.4552,1.50,4.50
2012.02.16 09:48:13.709,1.45497,1.45524,4.50,1.88
2012.02.16 09:48:13.794,1.45499,1.45524,2.25,1.50
2012.02.16 09:48:14.090,1.45501,1.45524,1.84,1.43
2012.02.16 09:48:14.775,1.45503,1.45527,4.88,1.43
2012.02.16 09:48:18.185,1.45503,1.45527,4.88,3.68
2012.02.16 09:48:19.334,1.45503,1.45527,4.88,2.93
2012.02.16 09:48:19.835,1.45503,1.45529,4.88,2.18
2012.02.16 09:48:20.052,1.45503,1.45528,4.88,2.18
2012.02.16 09:48:20.202,1.45503,1.45529,4.88,2.18
2012.02.16 09:48:20.359,1.45506,1.45531,1.95,2.18
2012.02.16 09:48:21.079,1.45508,1.45529,1.95,1.43
2012.02.16 09:48:21.169,1.45505,1.45531,1.65,2.25
2012.02.16 09:48:21.244,1.45516,1.45531,4.50,1.50
2012.02.16 09:48:21.603,1.45516,1.45528,4.88,1.50
2012.02.16 09:48:21.749,1.45516,1.45533,4.88,1.43
2012.02.16 09:48:22.387,1.45516,1.4553,4.88,1.50
2012.02.16 09:48:23.359,1.45516,1.45532,4.88,2.93
2012.02.16 09:48:23.529,1.45516,1.4553,4.88,1.50
2012.02.16 09:48:24.222,1.45516,1.45531,4.88,1.50
2012.02.16 09:48:24.778,1.45516,1.45529,4.88,1.50
2012.02.16 09:48:24.918,1.45516,1.45531,4.88,1.50
2012.02.16 09:48:25.972,1.45516,1.45532,4.88,2.93
2012.02.16 09:48:26.567,1.45516,1.45528,4.88,1.50
2012.02.16 09:48:27.137,1.45516,1.45529,4.88,1.50
2012.02.16 09:48:27.689,1.45516,1.45528,4.88,1.50
2012.02.16 09:48:28.415,1.45516,1.45527,4.88,1.50
2012.02.16 09:48:29.307,1.45516,1.45529,4.88,1.50
2012.02.16 09:48:30.261,1.45516,1.45529,4.88,2.25
2012.02.16 09:48:30.484,1.455,1.45521,5.40,1.50
2012.02.16 09:48:30.986,1.45501,1.45518,1.20,1.50
2012.02.16 09:48:31.353,1.455,1.45522,4.50,1.50
2012.02.16 09:48:31.758,1.455,1.45524,4.50,1.50
2012.02.16 09:48:33.706,1.455,1.45525,4.50,1.50
2012.02.16 09:48:34.279,1.455,1.45528,5.63,4.88
2012.02.16 09:48:35.737,1.45503,1.45528,1.50,4.88
2012.02.16 09:48:36.297,1.455,1.45525,4.88,1.50
2012.02.16 09:48:37.491,1.455,1.45525,4.50,4.43
2012.02.16 09:48:38.717,1.455,1.45526,4.50,2.93
2012.02.16 09:48:39.225,1.455,1.45526,6.00,1.50
2012.02.16 09:48:39.810,1.455,1.45528,6.00,6.30
2012.02.16 09:48:39.894,1.4551,1.45528,1.50,4.88
2012.02.16 09:48:40.243,1.45514,1.45528,1.50,4.88
2012.02.16 09:48:40.468,1.45509,1.45528,1.50,4.88
2012.02.16 09:48:40.669,1.45512,1.45528,1.50,4.88
2012.02.16 09:48:41.412,1.45513,1.45528,1.50,4.88
2012.02.16 09:48:41.633,1.45511,1.45528,1.50,4.88
2012.02.16 09:48:41.784,1.45509,1.45528,1.50,4.88
2012.02.16 09:48:42.446,1.45514,1.45528,1.50,4.88
2012.02.16 09:48:43.020,1.45515,1.45528,1.50,4.88
2012.02.16 09:48:43.087,1.45513,1.45528,1.50,4.88
2012.02.16 09:48:43.717,1.45511,1.45528,1.50,4.88
2012.02.16 09:48:43.797,1.45509,1.45528,1.50,4.88
2012.02.16 09:48:43.936,1.45511,1.45528,1.50,4.88
2012.02.16 09:48:45.285,1.45505,1.45528,1.09,4.88
2012.02.16 09:48:46.012,1.45503,1.45528,3.19,4.88
2012.02.16 09:48:50.386,1.45503,1.45528,1.35,4.88
2012.02.16 09:48:50.940,1.455,1.45527,4.50,2.25
2012.02.16 09:48:54.725,1.45494,1.4552,1.35,1.50
2012.02.16 09:48:54.811,1.45493,1.45518,1.35,1.50
2012.02.16 09:48:55.173,1.4549,1.45517,1.28,1.50
2012.02.16 09:48:56.037,1.45491,1.45519,1.28,1.50
2012.02.16 09:48:57.124,1.45495,1.45519,4.50,1.50
2012.02.16 09:48:57.215,1.45498,1.45525,1.43,7.13
2012.02.16 09:48:57.730,1.45499,1.45525,1.50,5.63
2012.02.16 09:48:58.676,1.45497,1.45525,2.25,5.63
2012.02.16 09:48:59.042,1.45499,1.45525,1.50,5.63
2012.02.16 09:49:00.183,1.45497,1.45525,3.75,7.13
2012.02.16 09:49:02.045,1.45498,1.45525,1.50,5.63
2012.02.16 09:49:02.664,1.45497,1.45525,2.25,5.63
2012.02.16 09:49:03.887,1.45498,1.45525,1.50,4.88
2012.02.16 09:49:04.408,1.45499,1.45525,1.50,4.88
2012.02.16 09:49:04.538,1.45497,1.45525,3.68,4.88
2012.02.16 09:49:05.144,1.45498,1.45525,1.50,4.88
2012.02.16 09:49:05.659,1.45497,1.45525,5.18,4.88
2012.02.16 09:49:05.736,1.45502,1.45525,1.43,4.88
2012.02.16 09:49:05.995,1.45502,1.45528,1.43,1.13
2012.02.16 09:49:06.127,1.45502,1.45528,1.43,2.25
2012.02.16 09:49:06.195,1.45497,1.45528,1.88,2.25
2012.02.16 09:49:06.737,1.45497,1.45528,1.88,2.25
2012.02.16 09:49:06.885,1.45502,1.45532,1.50,3.82
2012.02.16 09:49:07.422,1.45501,1.45531,1.50,2.62
2012.02.16 09:49:08.116,1.455,1.4553,1.50,2.25
2012.02.16 09:49:08.498,1.45498,1.45526,1.43,1.50
2012.02.16 09:49:08.905,1.45498,1.45529,2.93,2.25
2012.02.16 09:49:10.635,1.45499,1.45527,1.50,1.50
2012.02.16 09:49:12.093,1.45501,1.45529,1.50,1.50
2012.02.16 09:49:12.241,1.45498,1.45526,1.50,1.50
2012.02.16 09:49:12.478,1.45499,1.45527,6.00,6.00
2012.02.16 09:49:12.689,1.45501,1.45528,1.43,1.13
2012.02.16 09:49:12.899,1.45499,1.45529,1.88,3.00
2012.02.16 09:49:12.973,1.45498,1.45529,1.88,3.00
2012.02.16 09:49:13.650,1.45498,1.45526,1.50,2.25
2012.02.16 09:49:14.088,1.45502,1.45529,1.50,1.50
2012.02.16 09:49:14.453,1.45498,1.45527,1.43,1.50
2012.02.16 09:49:14.767,1.45498,1.45527,1.80,1.50
2012.02.16 09:49:15.547,1.45498,1.45528,3.30,1.50
2012.02.16 09:49:15.895,1.45499,1.45527,1.88,2.25
2012.02.16 09:49:16.464,1.45498,1.45525,1.80,1.50
2012.02.16 09:49:16.628,1.45498,1.45525,1.80,1.50
2012.02.16 09:49:16.765,1.45494,1.45522,1.88,1.50
2012.02.16 09:49:16.837,1.45495,1.45524,1.88,1.50
2012.02.16 09:49:17.368,1.45495,1.45524,1.88,1.50
2012.02.16 09:49:20.287,1.45495,1.45526,1.88,2.25
2012.02.16 09:49:21.365,1.45494,1.45522,1.88,1.50
2012.02.16 09:49:21.768,1.45494,1.45524,2.07,2.25
2012.02.16 09:49:23.812,1.45494,1.45524,1.88,2.25
2012.02.16 09:49:25.075,1.45493,1.45522,1.50,2.25
2012.02.16 09:49:25.890,1.45492,1.45523,3.53,2.25
2012.02.16 09:49:28.098,1.45492,1.45523,2.03,2.25
2012.02.16 09:49:28.445,1.45496,1.45518,1.50,4.50
2012.02.16 09:49:28.711,1.45494,1.45518,1.50,4.50
2012.02.16 09:49:29.920,1.45493,1.45518,1.50,4.50
2012.02.16 09:49:32.189,1.45492,1.45518,1.09,4.50
2012.02.16 09:49:35.533,1.45492,1.45518,1.09,6.75
2012.02.16 09:49:35.625,1.45495,1.45518,1.88,4.50
2012.02.16 09:49:36.276,1.45494,1.45518,2.33,4.50
2012.02.16 09:49:36.837,1.45494,1.45518,2.78,4.50
2012.02.16 09:49:37.380,1.45494,1.45518,1.35,4.50
2012.02.16 09:49:38.904,1.45493,1.45518,1.35,4.50
2012.02.16 09:49:40.226,1.45492,1.45518,2.18,4.50
2012.02.16 09:49:42.007,1.45493,1.45518,1.43,4.50
2012.02.16 09:49:42.810,1.45494,1.45518,1.50,4.50
2012.02.16 09:49:43.327,1.45493,1.45518,1.43,4.50
2012.02.16 09:49:48.280,1.45494,1.45518,1.50,4.50
2012.02.16 09:49:48.837,1.45493,1.45518,2.93,4.50
2012.02.16 09:49:49.793,1.45495,1.45518,1.50,4.50
2012.02.16 09:49:50.519,1.45506,1.4553,1.13,1.50
2012.02.16 09:49:51.021,1.45506,1.45529,1.13,1.50
2012.02.16 09:49:51.378,1.45506,1.45532,1.13,2.25
2012.02.16 09:49:51.792,1.45518,1.45532,4.50,2.25
2012.02.16 09:49:51.949,1.45508,1.45532,3.00,1.50
2012.02.16 09:49:52.583,1.4551,1.45535,1.13,1.50
2012.02.16 09:49:52.853,1.45524,1.45544,4.50,1.50
2012.02.16 09:49:53.382,1.45524,1.45546,4.50,1.50
2012.02.16 09:49:55.020,1.45524,1.45546,4.50,2.25
2012.02.16 09:49:55.726,1.45524,1.45545,4.50,2.25
2012.02.16 09:49:56.350,1.45524,1.45542,4.50,1.50
2012.02.16 09:49:56.900,1.45524,1.45545,4.50,2.25
2012.02.16 09:49:57.901,1.45524,1.4554,4.50,1.50
2012.02.16 09:49:58.004,1.45524,1.45542,4.50,1.50
2012.02.16 09:49:58.571,1.45524,1.45541,4.50,1.50
2012.02.16 09:49:58.718,1.45513,1.45535,2.18,4.50
2012.02.16 09:49:58.927,1.45513,1.45535,1.43,4.88
2012.02.16 09:49:59.698,1.4551,1.45535,1.50,4.88
2012.02.16 09:50:00.077,1.45514,1.45535,1.50,4.88
2012.02.16 09:50:00.455,1.45512,1.45535,1.50,4.88
2012.02.16 09:50:00.529,1.4551,1.45535,1.50,6.30
2012.02.16 09:50:00.604,1.45513,1.45535,1.50,4.88
2012.02.16 09:50:01.434,1.45514,1.45535,1.50,4.88
2012.02.16 09:50:02.395,1.45514,1.45535,1.88,4.50
2012.02.16 09:50:03.789,1.45517,1.45535,1.50,4.50
2012.02.16 09:50:04.551,1.45521,1.45542,4.50,1.13
2012.02.16 09:50:04.646,1.45527,1.45547,1.50,1.13
2012.02.16 09:50:05.139,1.45529,1.45549,1.50,4.50
2012.02.16 09:50:05.711,1.45527,1.45549,1.88,4.50
2012.02.16 09:50:06.915,1.4553,1.45549,1.50,4.50
2012.02.16 09:50:07.355,1.45533,1.45549,1.50,4.50
2012.02.16 09:50:08.053,1.45534,1.45549,1.50,4.50
2012.02.16 09:50:08.141,1.45531,1.45549,1.50,4.50
2012.02.16 09:50:08.780,1.4553,1.45549,1.50,4.50
2012.02.16 09:50:09.998,1.45528,1.45549,1.88,4.50
2012.02.16 09:50:13.046,1.45524,1.45545,1.88,4.50
2012.02.16 09:50:13.123,1.45522,1.45541,1.43,2.25
2012.02.16 09:50:13.284,1.45518,1.45538,1.50,1.50
2012.02.16 09:50:13.778,1.45507,1.45532,1.88,4.50
2012.02.16 09:50:13.995,1.45512,1.45532,1.50,4.50
2012.02.16 09:50:14.788,1.45509,1.45532,1.50,4.50
2012.02.16 09:50:15.068,1.45511,1.45532,1.50,4.50
2012.02.16 09:50:15.571,1.4551,1.45532,1.50,4.50
2012.02.16 09:50:16.000,1.45514,1.45532,1.50,4.50
2012.02.16 09:50:16.296,1.45509,1.45532,1.50,4.50
2012.02.16 09:50:16.430,1.45513,1.45532,1.50,4.50
2012.02.16 09:50:17.097,1.4551,1.45532,1.50,4.50
2012.02.16 09:50:17.816,1.45506,1.45532,2.25,4.50
2012.02.16 09:50:18.108,1.45508,1.45532,1.50,4.50
2012.02.16 09:50:18.426,1.4551,1.45532,1.50,4.50
2012.02.16 09:50:18.958,1.45508,1.45532,1.50,4.50
2012.02.16 09:50:20.639,1.45509,1.45532,1.50,4.50
2012.02.16 09:50:23.052,1.45506,1.45532,2.25,4.50
2012.02.16 09:50:23.952,1.45507,1.45532,1.50,4.50
2012.02.16 09:50:24.459,1.45504,1.45532,4.50,4.50
2012.02.16 09:50:30.739,1.45504,1.4553,4.50,1.13
2012.02.16 09:50:32.429,1.45504,1.45528,4.50,1.50
2012.02.16 09:50:32.938,1.45504,1.4553,4.50,2.63
2012.02.16 09:50:33.856,1.45504,1.45528,4.50,1.50
2012.02.16 09:50:33.934,1.45504,1.45532,4.50,6.75
2012.02.16 09:50:35.875,1.45506,1.45532,2.63,4.50
2012.02.16 09:50:36.609,1.45508,1.45532,1.50,4.50
2012.02.16 09:50:36.959,1.4551,1.45532,1.43,4.50
2012.02.16 09:50:37.287,1.45515,1.45535,4.50,1.50
2012.02.16 09:50:37.897,1.45515,1.45537,4.50,1.50
2012.02.16 09:50:38.624,1.45515,1.45536,4.50,1.50
2012.02.16 09:50:38.769,1.45515,1.45539,4.50,1.50
2012.02.16 09:50:40.205,1.45515,1.45541,4.50,3.75
2012.02.16 09:50:41.094,1.45515,1.4554,4.50,1.50
2012.02.16 09:50:45.167,1.45515,1.45538,4.50,1.50
2012.02.16 09:50:45.381,1.45515,1.45541,4.50,1.50
2012.02.16 09:50:45.915,1.45515,1.45537,4.50,1.50
2012.02.16 09:50:46.190,1.45515,1.4554,4.50,1.50
2012.02.16 09:50:46.278,1.45515,1.45538,4.50,1.50
2012.02.16 09:50:46.918,1.45515,1.45537,4.50,1.50
2012.02.16 09:50:47.778,1.45515,1.45538,4.50,1.50
2012.02.16 09:50:48.101,1.45515,1.45535,4.50,1.50
2012.02.16 09:50:48.183,1.45515,1.45539,4.50,1.50
2012.02.16 09:50:48.763,1.45515,1.45538,4.50,2.25
2012.02.16 09:50:50.250,1.45515,1.45538,4.50,2.25
2012.02.16 09:50:52.219,1.45515,1.45538,4.50,2.25
2012.02.16 09:50:53.462,1.45515,1.45536,4.50,1.50
2012.02.16 09:50:55.879,1.45515,1.4554,4.50,1.50
2012.02.16 09:50:56.839,1.45515,1.45541,4.50,3.00
2012.02.16 09:50:57.363,1.45515,1.4554,4.50,1.50
2012.02.16 09:50:57.948,1.45515,1.45538,4.50,1.50
2012.02.16 09:50:58.385,1.45515,1.45535,4.50,1.50
2012.02.16 09:50:58.905,1.45515,1.45536,4.50,1.50
2012.02.16 09:51:01.450,1.45515,1.45535,4.50,3.75
2012.02.16 09:51:01.527,1.45506,1.45528,1.43,6.00
2012.02.16 09:51:01.747,1.45499,1.45525,1.13,1.50
2012.02.16 09:51:02.295,1.45499,1.45524,1.13,1.50
2012.02.16 09:51:03.005,1.45499,1.45523,1.13,1.50
2012.02.16 09:51:03.159,1.45499,1.45525,1.13,1.50
2012.02.16 09:51:03.831,1.45499,1.45526,1.13,2.25
2012.02.16 09:51:06.560,1.45499,1.45523,1.13,1.50
2012.02.16 09:51:07.596,1.455,1.45527,1.09,2.25
2012.02.16 09:51:07.960,1.455,1.45523,1.09,1.50
2012.02.16 09:51:08.027,1.455,1.45527,1.09,2.25
2012.02.16 09:51:12.753,1.45505,1.45528,1.50,4.50
2012.02.16 09:51:13.350,1.45506,1.45528,1.50,4.50
2012.02.16 09:51:16.169,1.45504,1.45528,1.50,4.50
2012.02.16 09:51:16.693,1.45505,1.45528,1.50,4.50
2012.02.16 09:51:17.725,1.45506,1.45528,1.50,4.50
2012.02.16 09:51:18.449,1.45512,1.45534,4.50,2.25
2012.02.16 09:51:18.588,1.45512,1.45537,4.50,1.13
2012.02.16 09:51:18.796,1.45512,1.45536,4.50,1.13
2012.02.16 09:51:19.308,1.45512,1.45536,4.50,1.13
2012.02.16 09:51:20.297,1.45512,1.45533,4.50,1.50
2012.02.16 09:51:20.976,1.45512,1.45536,4.50,1.13
2012.02.16 09:51:22.174,1.45512,1.45537,4.50,4.05
2012.02.16 09:51:22.246,1.45512,1.45536,4.50,1.13
2012.02.16 09:51:23.382,1.45512,1.45535,4.50,1.43
2012.02.16 09:51:23.662,1.45512,1.45537,4.50,2.25
2012.02.16 09:51:24.096,1.45512,1.45535,4.50,1.50
2012.02.16 09:51:24.798,1.45503,1.45527,1.09,2.63
2012.02.16 09:51:24.895,1.45498,1.45524,2.78,1.88
2012.02.16 09:51:25.186,1.45498,1.45522,1.35,1.50
2012.02.16 09:51:25.542,1.45504,1.45522,1.13,1.50
2012.02.16 09:51:26.428,1.45502,1.45528,1.65,1.50
2012.02.16 09:51:26.511,1.45507,1.45532,4.88,1.50
2012.02.16 09:51:26.808,1.45507,1.4553,4.88,1.50
2012.02.16 09:51:27.163,1.45507,1.45528,4.88,1.50
2012.02.16 09:51:27.940,1.45507,1.45526,4.88,1.50
2012.02.16 09:51:28.480,1.45507,1.45527,4.88,1.50
2012.02.16 09:51:30.435,1.45507,1.45531,4.88,1.50
2012.02.16 09:51:31.305,1.45507,1.45532,4.88,1.50
2012.02.16 09:51:31.377,1.45507,1.45528,4.88,1.50
2012.02.16 09:51:32.029,1.45507,1.45529,4.88,1.50
2012.02.16 09:51:32.377,1.45507,1.45531,4.88,1.50
2012.02.16 09:51:33.013,1.45507,1.4553,4.88,1.50
2012.02.16 09:51:33.688,1.45507,1.45534,4.88,1.50
2012.02.16 09:51:33.969,1.45507,1.45532,4.88,1.50
2012.02.16 09:51:34.956,1.45507,1.45533,4.88,1.50
2012.02.16 09:51:35.553,1.45507,1.45534,4.88,1.50
2012.02.16 09:51:36.264,1.45504,1.45534,1.88,1.50
2012.02.16 09:51:36.352,1.45507,1.45537,1.50,1.13
2012.02.16 09:51:36.855,1.45507,1.45536,1.50,1.50
2012.02.16 09:51:37.517,1.45506,1.45536,1.50,1.50
2012.02.16 09:51:38.206,1.45505,1.45535,1.84,1.50
2012.02.16 09:51:38.805,1.45507,1.45536,1.50,1.50
2012.02.16 09:51:39.638,1.45507,1.45537,1.50,2.63
2012.02.16 09:51:40.370,1.45507,1.45535,1.50,1.50
2012.02.16 09:51:40.437,1.45505,1.45535,2.74,1.50
2012.02.16 09:51:40.512,1.45508,1.45535,4.50,1.50
2012.02.16 09:51:41.046,1.45509,1.45532,1.13,1.50
2012.02.16 09:51:41.465,1.45509,1.45534,1.13,1.50
2012.02.16 09:51:41.966,1.45509,1.45533,1.13,1.50
2012.02.16 09:51:42.095,1.45509,1.45531,1.13,1.50
2012.02.16 09:51:42.416,1.45509,1.45533,1.13,1.50
2012.02.16 09:51:42.630,1.45509,1.45531,1.13,1.50
2012.02.16 09:51:43.143,1.45509,1.4553,1.13,1.50
2012.02.16 09:51:43.219,1.45509,1.45532,1.13,3.00
2012.02.16 09:51:43.291,1.45509,1.4553,1.13,1.50
2012.02.16 09:51:44.015,1.45509,1.45527,1.13,1.50
2012.02.16 09:51:44.525,1.45509,1.45526,1.13,1.50
2012.02.16 09:51:44.598,1.45509,1.45528,1.13,3.00
2012.02.16 09:51:45.383,1.45509,1.45525,1.13,1.50
2012.02.16 09:51:46.397,1.45509,1.45527,1.13,3.00
2012.02.16 09:51:46.971,1.45509,1.45528,1.13,3.00
2012.02.16 09:51:47.176,1.45509,1.45526,1.13,1.50
2012.02.16 09:51:47.876,1.45509,1.45524,1.13,1.50
2012.02.16 09:51:47.967,1.45509,1.45528,1.13,1.50
2012.02.16 09:51:48.191,1.45509,1.45525,1.13,1.50
2012.02.16 09:51:48.340,1.45509,1.45528,1.13,3.00
2012.02.16 09:51:48.875,1.45509,1.45529,1.13,2.25
2012.02.16 09:51:49.967,1.45509,1.45527,1.13,1.50
2012.02.16 09:51:50.241,1.45498,1.45525,4.50,2.25
2012.02.16 09:51:50.460,1.45498,1.45521,4.50,1.50
2012.02.16 09:51:50.880,1.45498,1.45523,4.50,2.25
2012.02.16 09:51:51.398,1.45498,1.45524,4.50,2.25
2012.02.16 09:51:54.728,1.45498,1.45524,4.50,1.50
2012.02.16 09:51:55.439,1.45498,1.45522,4.50,1.50
2012.02.16 09:51:55.982,1.45498,1.45521,4.50,1.50
2012.02.16 09:51:56.483,1.45498,1.45524,4.50,3.00
2012.02.16 09:51:56.574,1.45498,1.45523,4.50,2.25
2012.02.16 09:51:56.651,1.45498,1.45522,4.50,1.50
2012.02.16 09:51:56.918,1.45498,1.45524,4.50,3.00
2012.02.16 09:51:57.590,1.45498,1.45523,4.50,1.50
2012.02.16 09:51:58.246,1.45498,1.45522,4.50,1.50
2012.02.16 09:52:01.516,1.45498,1.45523,4.50,1.50
2012.02.16 09:52:02.027,1.45498,1.45522,4.50,1.50
2012.02.16 09:52:02.444,1.45498,1.45524,4.50,3.75
2012.02.16 09:52:07.361,1.45502,1.45526,3.00,4.50
2012.02.16 09:52:07.519,1.455,1.45526,3.00,4.50
2012.02.16 09:52:07.861,1.45503,1.45526,1.50,4.50
2012.02.16 09:52:08.547,1.455,1.45526,3.15,4.50
2012.02.16 09:52:08.936,1.4551,1.45529,4.50,1.80
2012.02.16 09:52:09.008,1.45511,1.45529,1.13,1.43
2012.02.16 09:52:09.148,1.45511,1.45532,1.13,1.50
2012.02.16 09:52:09.674,1.45511,1.45529,1.13,1.50
2012.02.16 09:52:09.867,1.45511,1.45531,1.13,3.00
2012.02.16 09:52:10.077,1.45511,1.45529,1.13,1.50
2012.02.16 09:52:10.325,1.45511,1.45532,1.13,1.50
2012.02.16 09:52:10.868,1.45511,1.45531,1.13,3.00
2012.02.16 09:52:10.935,1.45511,1.45528,1.13,1.50
2012.02.16 09:52:12.542,1.45511,1.45524,1.13,1.50
2012.02.16 09:52:13.020,1.45511,1.45528,1.13,1.50
2012.02.16 09:52:13.102,1.45511,1.45531,1.13,1.50
2012.02.16 09:52:13.871,1.45511,1.4553,1.13,1.50
2012.02.16 09:52:15.247,1.45511,1.45529,1.13,1.50
2012.02.16 09:52:16.877,1.45511,1.4553,1.13,1.50
2012.02.16 09:52:17.282,1.45511,1.45528,1.13,1.50
2012.02.16 09:52:17.426,1.45511,1.4553,1.13,1.50
2012.02.16 09:52:17.498,1.45511,1.45533,1.13,1.50
2012.02.16 09:52:17.692,1.45511,1.4553,1.13,1.50
2012.02.16 09:52:18.069,1.45511,1.45534,1.13,1.50
2012.02.16 09:52:18.196,1.45511,1.45532,1.13,1.50
2012.02.16 09:52:19.105,1.45511,1.4553,1.13,1.50
2012.02.16 09:52:19.976,1.45511,1.45529,1.13,1.50
2012.02.16 09:52:20.848,1.45511,1.45531,1.13,1.50
2012.02.16 09:52:21.541,1.45511,1.45534,1.13,1.50
2012.02.16 09:52:22.087,1.45511,1.45535,1.13,1.50
2012.02.16 09:52:22.746,1.45511,1.45534,1.13,1.50
2012.02.16 09:52:22.828,1.45511,1.45538,1.13,2.25
2012.02.16 09:52:23.242,1.45511,1.45535,1.13,1.50
2012.02.16 09:52:23.460,1.45507,1.45535,2.40,1.50
2012.02.16 09:52:23.788,1.45504,1.45533,3.23,1.50
2012.02.16 09:52:24.109,1.45504,1.45533,2.78,1.50
2012.02.16 09:52:27.588,1.45506,1.45533,1.50,1.50
2012.02.16 09:52:27.658,1.45508,1.45536,1.50,1.50
2012.02.16 09:52:28.272,1.45506,1.45536,2.40,1.50
2012.02.16 09:52:28.348,1.45504,1.45532,2.78,1.50
2012.02.16 09:52:29.124,1.45509,1.45531,1.20,1.50
2012.02.16 09:52:29.210,1.45507,1.45532,4.88,2.93
2012.02.16 09:52:29.419,1.45507,1.45529,4.88,1.50
2012.02.16 09:52:29.554,1.45507,1.45531,4.88,1.50
2012.02.16 09:52:29.779,1.45507,1.45528,5.63,1.50
2012.02.16 09:52:30.135,1.45507,1.45526,4.88,1.50
2012.02.16 09:52:30.682,1.45495,1.45519,4.88,1.50
2012.02.16 09:52:31.190,1.45495,1.45518,4.88,1.50
2012.02.16 09:52:31.477,1.45495,1.45523,6.38,7.13
2012.02.16 09:52:34.401,1.45498,1.45523,1.50,4.88
2012.02.16 09:52:34.478,1.45498,1.45526,1.50,1.80
2012.02.16 09:52:34.621,1.45504,1.45526,4.50,1.88
2012.02.16 09:52:34.837,1.45504,1.45526,4.50,1.50
2012.02.16 09:52:35.365,1.45498,1.45526,1.35,1.50
2012.02.16 09:52:35.446,1.45501,1.45523,4.88,1.50
2012.02.16 09:52:35.659,1.45501,1.45525,4.88,1.50
2012.02.16 09:52:36.785,1.45501,1.45526,4.88,1.50
2012.02.16 09:52:38.135,1.45501,1.45524,4.88,1.50
2012.02.16 09:52:38.215,1.45501,1.45529,5.78,3.00
2012.02.16 09:52:38.697,1.45501,1.45526,4.88,1.50
2012.02.16 09:52:39.280,1.45501,1.45527,4.88,1.50
2012.02.16 09:52:40.141,1.45501,1.45528,4.88,1.50
2012.02.16 09:52:40.717,1.45501,1.45529,4.88,2.25
2012.02.16 09:52:41.269,1.45503,1.45529,1.09,2.25
2012.02.16 09:52:42.434,1.45503,1.45528,1.09,1.50
2012.02.16 09:52:43.468,1.45501,1.45528,4.88,1.50
2012.02.16 09:52:44.115,1.45501,1.45529,4.88,2.25
2012.02.16 09:52:45.162,1.45501,1.45529,4.88,3.00
2012.02.16 09:52:45.702,1.45501,1.4553,6.38,2.25
2012.02.16 09:52:46.859,1.45501,1.45529,4.88,3.00
2012.02.16 09:52:49.871,1.45501,1.45529,4.88,2.25
2012.02.16 09:52:57.477,1.45501,1.45528,4.88,1.50
2012.02.16 09:52:57.833,1.45507,1.45531,1.95,5.63
2012.02.16 09:52:58.663,1.45502,1.45528,1.13,1.50
2012.02.16 09:52:59.344,1.45502,1.45531,1.13,6.38
2012.02.16 09:53:00.116,1.45502,1.45528,1.13,1.50
2012.02.16 09:53:00.665,1.45502,1.45531,1.13,6.38
2012.02.16 09:53:04.268,1.45502,1.45527,1.13,1.50
2012.02.16 09:53:04.516,1.45502,1.45529,1.13,2.25
2012.02.16 09:53:05.213,1.45502,1.45528,1.13,1.50
2012.02.16 09:53:05.722,1.45502,1.45529,1.13,3.00
2012.02.16 09:53:06.283,1.45502,1.45529,1.13,1.50
2012.02.16 09:53:06.847,1.45502,1.45531,1.13,6.38
2012.02.16 09:53:09.132,1.45501,1.45528,5.22,1.50
2012.02.16 09:53:09.648,1.45501,1.45531,6.72,6.38
2012.02.16 09:53:10.461,1.45504,1.45531,1.50,4.88
2012.02.16 09:53:11.008,1.45502,1.4553,2.25,1.50
2012.02.16 09:53:11.921,1.45501,1.45528,5.22,1.50
2012.02.16 09:53:12.846,1.45501,1.4553,5.22,3.00
2012.02.16 09:53:17.177,1.45501,1.45529,5.22,2.93
2012.02.16 09:53:18.228,1.45501,1.45529,5.22,2.93
2012.02.16 09:53:19.139,1.45501,1.45528,5.22,1.50
2012.02.16 09:53:20.939,1.45501,1.45529,5.22,2.93
2012.02.16 09:53:21.488,1.45504,1.45531,1.50,6.38
2012.02.16 09:53:21.564,1.45506,1.45531,1.50,5.63
2012.02.16 09:53:21.640,1.45502,1.45531,2.25,5.63
2012.02.16 09:53:22.274,1.45501,1.45528,4.88,1.50
2012.02.16 09:53:22.796,1.45502,1.4553,2.25,3.00
2012.02.16 09:53:23.777,1.45505,1.4553,1.50,1.50
2012.02.16 09:53:23.994,1.45503,1.4553,2.25,1.50
2012.02.16 09:53:29.468,1.45501,1.45526,4.88,1.50
2012.02.16 09:53:30.015,1.45501,1.45525,4.88,1.50
2012.02.16 09:53:30.581,1.45501,1.45526,4.88,1.50
2012.02.16 09:53:30.907,1.45501,1.45524,4.88,1.50
2012.02.16 09:53:31.797,1.45501,1.45525,4.88,1.50
2012.02.16 09:53:32.718,1.45501,1.45526,4.88,2.25
2012.02.16 09:53:34.405,1.45501,1.45525,4.88,1.50
2012.02.16 09:53:35.399,1.45496,1.45526,2.25,2.25
2012.02.16 09:53:42.597,1.45498,1.45526,1.88,1.50
2012.02.16 09:53:43.580,1.45502,1.45526,1.50,1.50
2012.02.16 09:53:43.663,1.45502,1.4553,1.50,2.25
2012.02.16 09:53:43.738,1.45505,1.45531,1.50,1.32
2012.02.16 09:53:44.159,1.45511,1.45534,4.50,2.25
2012.02.16 09:53:45.321,1.45512,1.45531,1.13,1.50
2012.02.16 09:53:46.298,1.45512,1.45534,1.13,2.25
2012.02.16 09:53:47.024,1.45512,1.45532,1.13,1.50
2012.02.16 09:53:47.172,1.45512,1.45534,1.13,2.25
2012.02.16 09:53:48.081,1.45512,1.45534,1.13,2.25
2012.02.16 09:53:49.434,1.45512,1.45535,1.13,2.25
2012.02.16 09:53:49.637,1.45512,1.45536,1.13,1.50
2012.02.16 09:53:50.151,1.45512,1.45536,1.13,2.25
2012.02.16 09:53:50.826,1.45512,1.45537,1.13,4.43
2012.02.16 09:53:51.044,1.45512,1.45538,1.13,3.75
2012.02.16 09:53:51.118,1.45512,1.45536,1.13,1.50
2012.02.16 09:53:51.695,1.45512,1.45538,1.13,2.25
2012.02.16 09:53:52.328,1.45512,1.45538,1.13,4.50
2012.02.16 09:53:52.473,1.45512,1.45537,1.13,2.25
2012.02.16 09:53:52.758,1.45512,1.45538,1.13,2.25
2012.02.16 09:53:54.697,1.45512,1.45537,1.13,1.50
2012.02.16 09:53:55.310,1.45512,1.45536,1.13,1.50
2012.02.16 09:53:55.897,1.45512,1.45537,1.13,1.50
2012.02.16 09:53:58.458,1.45512,1.45539,1.13,3.00
2012.02.16 09:53:59.179,1.45512,1.45539,1.13,2.25
2012.02.16 09:54:02.125,1.45512,1.45538,1.13,1.50
2012.02.16 09:54:03.080,1.45512,1.45539,1.13,3.75
2012.02.16 09:54:04.715,1.45512,1.45537,1.13,1.50
2012.02.16 09:54:06.015,1.45512,1.45538,1.13,1.50
2012.02.16 09:54:06.566,1.45512,1.45534,1.13,1.50
2012.02.16 09:54:07.166,1.45512,1.45535,1.13,1.50
2012.02.16 09:54:07.346,1.45512,1.45538,1.13,2.25
2012.02.16 09:54:08.199,1.45512,1.45537,1.13,1.50
2012.02.16 09:54:08.339,1.45512,1.45534,1.13,1.50
2012.02.16 09:54:08.669,1.45512,1.45536,1.13,1.50
2012.02.16 09:54:08.809,1.45512,1.45538,1.13,2.25
2012.02.16 09:54:09.461,1.45512,1.4554,1.13,5.63
2012.02.16 09:54:10.342,1.45512,1.45538,1.13,1.50
2012.02.16 09:54:10.935,1.45512,1.4554,1.13,3.38
2012.02.16 09:54:12.095,1.45512,1.45538,1.13,2.25
2012.02.16 09:54:13.207,1.45512,1.45539,1.13,2.25
2012.02.16 09:54:13.730,1.45512,1.45538,1.13,3.00
2012.02.16 09:54:14.049,1.45512,1.45534,1.13,1.50
2012.02.16 09:54:14.117,1.45512,1.45537,1.13,1.50
2012.02.16 09:54:14.368,1.45512,1.45535,1.13,1.50
2012.02.16 09:54:15.066,1.45512,1.45538,1.13,4.50
2012.02.16 09:54:16.729,1.45512,1.45539,1.13,2.25
2012.02.16 09:54:18.469,1.45512,1.45538,1.13,1.50
2012.02.16 09:54:19.151,1.45512,1.45539,1.13,3.00
2012.02.16 09:54:19.222,1.45512,1.45537,1.13,1.50
2012.02.16 09:54:19.423,1.45512,1.45539,1.13,3.00
2012.02.16 09:54:20.353,1.45512,1.45538,1.13,2.25
2012.02.16 09:54:20.837,1.45513,1.45538,1.13,1.50
2012.02.16 09:54:21.794,1.45514,1.4554,1.88,1.13
2012.02.16 09:54:21.881,1.45512,1.4554,1.13,2.63
2012.02.16 09:54:24.380,1.45512,1.45538,1.13,1.50
2012.02.16 09:54:25.242,1.45512,1.45539,1.50,1.50
2012.02.16 09:54:25.507,1.45512,1.45536,1.50,1.50
2012.02.16 09:54:25.978,1.45512,1.45538,1.50,1.50
2012.02.16 09:54:27.153,1.45512,1.45539,1.50,2.25
2012.02.16 09:54:27.438,1.45513,1.4554,1.13,1.88
2012.02.16 09:54:28.849,1.45513,1.45538,1.13,1.50
2012.02.16 09:54:29.371,1.45513,1.4554,2.63,1.13
2012.02.16 09:54:29.928,1.45513,1.4554,1.13,1.13
2012.02.16 09:54:30.014,1.45523,1.45538,4.50,1.50
2012.02.16 09:54:30.517,1.45523,1.45539,4.50,1.50
2012.02.16 09:54:31.056,1.45523,1.45538,4.50,1.50
2012.02.16 09:54:32.560,1.45523,1.45537,4.50,1.50
2012.02.16 09:54:33.627,1.45514,1.45537,1.13,1.50
2012.02.16 09:54:34.195,1.45512,1.45538,4.88,3.00
2012.02.16 09:54:34.266,1.45512,1.45534,4.88,1.50
2012.02.16 09:54:34.466,1.45512,1.45536,4.88,2.93
2012.02.16 09:54:34.597,1.45512,1.45534,4.88,1.50
2012.02.16 09:54:34.925,1.45512,1.45536,4.88,1.43
2012.02.16 09:54:35.096,1.45512,1.45536,4.88,2.18
2012.02.16 09:54:37.216,1.45512,1.45536,4.88,1.50
2012.02.16 09:54:38.284,1.45512,1.45537,4.88,2.93
2012.02.16 09:54:38.930,1.45512,1.45536,4.88,1.43
2012.02.16 09:54:42.215,1.45512,1.45536,4.88,2.18
2012.02.16 09:54:42.755,1.45512,1.45533,4.88,1.50
2012.02.16 09:54:42.958,1.45512,1.45535,4.88,2.25
2012.02.16 09:54:43.170,1.45503,1.45527,2.25,4.50
2012.02.16 09:54:43.243,1.45499,1.45527,2.63,2.93
2012.02.16 09:54:43.820,1.45499,1.45525,1.13,1.43
2012.02.16 09:54:43.909,1.45497,1.45525,1.88,2.93
2012.02.16 09:54:43.986,1.45501,1.45525,1.50,1.50
2012.02.16 09:54:44.065,1.45502,1.4553,1.50,3.68
2012.02.16 09:54:44.422,1.455,1.4553,1.50,2.93
2012.02.16 09:54:44.943,1.455,1.45531,1.50,5.18
2012.02.16 09:54:45.449,1.45501,1.45531,1.50,2.18
2012.02.16 09:54:45.958,1.455,1.45531,1.50,3.68
2012.02.16 09:54:46.034,1.45502,1.45531,1.50,2.18
2012.02.16 09:54:46.483,1.455,1.45529,1.50,2.25
2012.02.16 09:54:46.620,1.45498,1.45527,1.50,1.50
2012.02.16 09:54:48.037,1.45502,1.4553,1.50,3.75
2012.02.16 09:54:48.107,1.455,1.45528,1.50,1.50
2012.02.16 09:54:48.496,1.45503,1.4553,1.50,2.18
2012.02.16 09:54:48.566,1.45501,1.4553,1.50,2.18
2012.02.16 09:54:49.132,1.45502,1.4553,1.50,3.68
2012.02.16 09:54:49.699,1.45502,1.45531,1.50,2.25
2012.02.16 09:54:49.841,1.45499,1.45528,1.50,1.50
2012.02.16 09:54:50.182,1.45501,1.4553,1.50,1.50
2012.02.16 09:54:50.766,1.45505,1.45532,1.50,1.88
2012.02.16 09:54:51.128,1.45502,1.45532,1.50,1.88
2012.02.16 09:54:51.468,1.45504,1.45533,1.50,1.13
2012.02.16 09:54:52.438,1.45504,1.45532,1.50,1.13
2012.02.16 09:54:53.480,1.45504,1.45533,1.50,2.55
2012.02.16 09:54:53.551,1.45504,1.45532,1.50,1.13
2012.02.16 09:54:53.684,1.45502,1.45532,1.50,2.63
2012.02.16 09:54:53.839,1.45499,1.45528,1.50,1.50
2012.02.16 09:54:53.984,1.45499,1.45519,1.50,4.50
2012.02.16 09:54:54.343,1.45496,1.45519,1.50,4.88
2012.02.16 09:54:54.898,1.455,1.45519,1.50,4.88
2012.02.16 09:54:55.414,1.45499,1.45519,1.50,4.88
2012.02.16 09:54:55.487,1.45497,1.45519,1.50,4.88
2012.02.16 09:54:56.284,1.45493,1.45519,1.88,4.88
2012.02.16 09:54:56.426,1.45495,1.45519,1.50,4.88
2012.02.16 09:54:56.556,1.45493,1.45519,1.88,4.88
2012.02.16 09:54:56.818,1.45496,1.45519,1.50,4.88
2012.02.16 09:54:57.126,1.45498,1.45519,3.00,4.88
2012.02.16 09:54:59.684,1.45497,1.45519,1.50,4.88
2012.02.16 09:55:00.138,1.45494,1.45519,1.50,4.88
2012.02.16 09:55:00.357,1.45496,1.45519,1.50,4.88
2012.02.16 09:55:01.901,1.45497,1.45519,1.50,4.88
2012.02.16 09:55:03.459,1.45496,1.45519,1.50,4.88
2012.02.16 09:55:04.040,1.45503,1.45524,4.50,3.68
2012.02.16 09:55:04.116,1.45503,1.45525,6.00,1.43
2012.02.16 09:55:04.267,1.45503,1.45528,6.00,1.43
2012.02.16 09:55:04.767,1.45506,1.4553,1.50,1.13
2012.02.16 09:55:04.844,1.45506,1.4553,1.95,1.13
2012.02.16 09:55:05.570,1.45516,1.45533,4.50,1.13
2012.02.16 09:55:05.654,1.45516,1.45536,4.50,1.88
2012.02.16 09:55:06.155,1.45516,1.45534,4.50,1.43
2012.02.16 09:55:06.716,1.45516,1.45534,4.50,2.18
2012.02.16 09:55:08.229,1.45516,1.45534,4.50,1.43
2012.02.16 09:55:08.669,1.45516,1.45536,4.50,1.88
2012.02.16 09:55:09.791,1.45516,1.45533,4.50,1.43
2012.02.16 09:55:10.526,1.45516,1.45536,4.50,1.88
2012.02.16 09:55:12.618,1.45532,1.4555,4.50,3.12
2012.02.16 09:55:13.112,1.45532,1.45553,4.50,1.88
2012.02.16 09:55:13.199,1.45532,1.45553,4.50,1.88
2012.02.16 09:55:14.332,1.45532,1.45557,4.50,4.05
2012.02.16 09:55:16.040,1.45532,1.45555,4.50,1.13
2012.02.16 09:55:16.606,1.45532,1.45554,4.50,1.50
2012.02.16 09:55:17.135,1.45532,1.45558,4.50,3.49
2012.02.16 09:55:18.558,1.45533,1.45558,2.25,1.13
2012.02.16 09:55:20.916,1.45535,1.45559,1.50,2.18
2012.02.16 09:55:21.467,1.45533,1.45559,2.25,2.18
2012.02.16 09:55:22.356,1.45534,1.45559,1.50,1.43
2012.02.16 09:55:22.908,1.45534,1.4556,1.50,5.25
2012.02.16 09:55:23.318,1.45534,1.45558,1.50,2.55
2012.02.16 09:55:23.905,1.45533,1.45558,1.50,3.30
2012.02.16 09:55:24.067,1.45533,1.45558,1.50,2.93
2012.02.16 09:55:24.582,1.45534,1.45558,1.50,2.93
2012.02.16 09:55:25.451,1.45535,1.4556,1.50,4.88
2012.02.16 09:55:25.531,1.4554,1.4556,1.50,4.88
2012.02.16 09:55:25.871,1.45543,1.4556,1.50,4.88
2012.02.16 09:55:26.257,1.45545,1.4556,1.50,4.88
2012.02.16 09:55:26.458,1.45543,1.4556,1.50,4.88
2012.02.16 09:55:26.814,1.4554,1.4556,1.50,4.88
2012.02.16 09:55:27.550,1.45542,1.4556,1.50,4.88
2012.02.16 09:55:27.623,1.4554,1.4556,1.50,4.88
2012.02.16 09:55:27.817,1.45538,1.4556,1.50,4.88
2012.02.16 09:55:27.887,1.45536,1.4556,2.40,4.88
2012.02.16 09:55:28.394,1.45537,1.4556,1.50,4.88
2012.02.16 09:55:28.473,1.45539,1.4556,1.50,4.88
2012.02.16 09:55:28.554,1.45535,1.4556,3.15,4.88
2012.02.16 09:55:29.621,1.45537,1.4556,1.50,4.88
2012.02.16 09:55:31.465,1.45535,1.4556,1.50,4.88
2012.02.16 09:55:31.734,1.45537,1.4556,1.50,4.88
2012.02.16 09:55:32.433,1.45536,1.4556,1.50,4.88
2012.02.16 09:55:32.648,1.45534,1.4556,5.03,4.88
2012.02.16 09:55:34.643,1.45534,1.4556,1.28,4.88
2012.02.16 09:55:36.409,1.45533,1.4556,1.50,4.88
2012.02.16 09:55:36.958,1.45532,1.4556,2.70,7.80
2012.02.16 09:55:37.496,1.4553,1.45556,4.88,1.50
2012.02.16 09:55:38.290,1.45521,1.45546,2.25,4.50
2012.02.16 09:55:38.588,1.45529,1.45546,1.50,4.50
2012.02.16 09:55:38.800,1.4553,1.45552,4.88,2.25
2012.02.16 09:55:39.011,1.4553,1.45555,4.88,2.25
2012.02.16 09:55:39.163,1.45524,1.45555,2.63,2.25
2012.02.16 09:55:39.247,1.45524,1.45555,1.88,2.25
2012.02.16 09:55:39.736,1.45524,1.45552,1.50,1.43
2012.02.16 09:55:39.821,1.45521,1.4555,2.78,1.50
2012.02.16 09:55:39.967,1.45524,1.45553,1.50,1.50
2012.02.16 09:55:40.039,1.45522,1.45553,1.50,1.50
2012.02.16 09:55:40.577,1.45522,1.45553,1.88,1.50
2012.02.16 09:55:40.849,1.45525,1.45555,1.50,2.25
2012.02.16 09:55:41.371,1.45525,1.45555,1.50,1.50
2012.02.16 09:55:42.161,1.45524,1.45555,1.50,1.50
2012.02.16 09:55:44.021,1.45525,1.45555,1.50,1.50
2012.02.16 09:55:45.453,1.45524,1.45554,1.69,1.50
2012.02.16 09:55:46.282,1.45522,1.45549,1.13,1.50
2012.02.16 09:55:46.634,1.4552,1.45545,1.50,2.25
2012.02.16 09:55:46.854,1.45519,1.45545,1.20,2.25
2012.02.16 09:55:47.352,1.45519,1.4554,1.20,1.50
2012.02.16 09:55:47.432,1.45519,1.45543,1.20,3.00
2012.02.16 09:55:48.192,1.45519,1.45544,1.20,2.25
2012.02.16 09:55:48.713,1.45519,1.45544,2.10,3.00
2012.02.16 09:55:49.358,1.45518,1.4554,4.88,1.50
2012.02.16 09:55:49.430,1.45518,1.45543,4.88,2.25
2012.02.16 09:55:49.877,1.45518,1.4554,4.88,1.50
2012.02.16 09:55:50.472,1.45518,1.45539,4.88,2.25
2012.02.16 09:55:51.001,1.45518,1.4554,4.88,3.00
2012.02.16 09:55:51.548,1.45518,1.45541,4.88,2.25
2012.02.16 09:55:52.519,1.45518,1.4554,4.88,1.50
2012.02.16 09:55:54.158,1.4551,1.4554,2.25,2.25
2012.02.16 09:55:54.313,1.45522,1.45541,4.50,1.43
2012.02.16 09:55:54.683,1.45522,1.45547,4.50,1.88
2012.02.16 09:55:59.337,1.45519,1.45547,3.04,1.50
2012.02.16 09:55:59.419,1.45518,1.45546,2.48,1.50
2012.02.16 09:55:59.558,1.4552,1.45548,1.84,1.43
2012.02.16 09:56:00.076,1.45518,1.45546,1.84,2.93
2012.02.16 09:56:00.440,1.45519,1.45544,4.88,1.43
2012.02.16 09:56:01.194,1.45519,1.45543,1.35,1.50
2012.02.16 09:56:01.414,1.45519,1.45541,1.35,1.50
2012.02.16 09:56:01.847,1.45518,1.45543,1.35,1.50
2012.02.16 09:56:01.989,1.45518,1.4554,1.35,1.50
2012.02.16 09:56:02.247,1.45518,1.45542,1.35,1.50
2012.02.16 09:56:02.519,1.45518,1.45545,1.35,1.50
2012.02.16 09:56:03.313,1.45519,1.45544,1.35,1.50
2012.02.16 09:56:03.958,1.45518,1.45547,1.35,1.50
2012.02.16 09:56:04.475,1.45518,1.45546,1.35,1.50
2012.02.16 09:56:04.545,1.45518,1.45544,1.35,1.50
2012.02.16 09:56:04.916,1.45518,1.45547,1.35,1.50
2012.02.16 09:56:05.496,1.45518,1.45547,1.35,1.50
2012.02.16 09:56:06.035,1.45518,1.45543,1.35,1.50
2012.02.16 09:56:06.676,1.45513,1.4553,1.28,4.50
2012.02.16 09:56:06.803,1.45506,1.45529,2.70,1.13
2012.02.16 09:56:06.967,1.45504,1.45528,2.25,2.25
2012.02.16 09:56:07.114,1.45502,1.45526,1.88,1.50
2012.02.16 09:56:07.204,1.45502,1.45524,1.13,1.50
2012.02.16 09:56:07.631,1.455,1.4553,1.88,1.50
2012.02.16 09:56:08.199,1.45502,1.45529,1.58,4.50
2012.02.16 09:56:12.019,1.45501,1.45526,4.50,1.50
2012.02.16 09:56:12.741,1.45501,1.45527,4.50,2.25
2012.02.16 09:56:12.825,1.45495,1.45524,3.45,4.50
2012.02.16 09:56:13.897,1.45497,1.45523,1.50,1.13
2012.02.16 09:56:14.467,1.45495,1.45523,1.88,1.13
2012.02.16 09:56:14.544,1.45498,1.45523,2.25,1.13
2012.02.16 09:56:15.238,1.45501,1.45523,2.40,1.13
2012.02.16 09:56:15.326,1.45509,1.45536,4.50,2.25
2012.02.16 09:56:15.606,1.45509,1.45533,4.50,1.50
2012.02.16 09:56:15.959,1.45509,1.4553,4.50,1.50
2012.02.16 09:56:16.030,1.45509,1.45532,4.50,1.50
2012.02.16 09:56:16.296,1.45509,1.45534,4.50,3.00
2012.02.16 09:56:16.498,1.45509,1.4553,4.50,1.50
2012.02.16 09:56:17.188,1.45509,1.45535,4.50,2.25
2012.02.16 09:56:17.701,1.45506,1.45536,2.25,1.50
2012.02.16 09:56:17.842,1.45505,1.45534,2.07,1.50
2012.02.16 09:56:17.922,1.45506,1.45536,1.50,1.50
2012.02.16 09:56:18.071,1.45504,1.45534,3.23,1.50
2012.02.16 09:56:18.458,1.45508,1.45536,1.50,1.50
2012.02.16 09:56:19.594,1.45509,1.45538,1.50,2.25
2012.02.16 09:56:19.685,1.45508,1.45533,1.50,4.88
2012.02.16 09:56:19.761,1.45505,1.45533,2.25,4.88
2012.02.16 09:56:20.533,1.45506,1.45533,1.50,6.30
2012.02.16 09:56:21.280,1.45503,1.45531,4.88,2.25
2012.02.16 09:56:23.150,1.45503,1.4553,4.88,1.50
2012.02.16 09:56:23.481,1.45503,1.45527,4.88,1.50
2012.02.16 09:56:24.167,1.45503,1.45528,4.88,3.00
2012.02.16 09:56:24.497,1.45505,1.45529,1.09,1.50
2012.02.16 09:56:24.711,1.45505,1.45531,1.09,3.75
2012.02.16 09:56:28.161,1.45505,1.45528,2.37,1.50
2012.02.16 09:56:28.767,1.45506,1.45531,1.62,2.25
2012.02.16 09:56:31.870,1.45505,1.4553,1.47,1.50
2012.02.16 09:56:32.426,1.45505,1.45532,1.47,2.25
2012.02.16 09:56:33.149,1.45505,1.45529,1.09,1.50
2012.02.16 09:56:33.684,1.45505,1.4553,1.09,1.50
2012.02.16 09:56:34.197,1.45505,1.45531,1.09,2.25
2012.02.16 09:56:34.358,1.45503,1.45531,4.88,2.25
2012.02.16 09:56:35.891,1.45506,1.45533,1.50,4.88
2012.02.16 09:56:37.489,1.45505,1.45532,2.25,2.25
2012.02.16 09:56:41.153,1.45505,1.45533,1.09,6.38
2012.02.16 09:56:41.459,1.4552,1.45538,4.88,1.50
2012.02.16 09:56:41.672,1.45514,1.45538,1.13,1.50
2012.02.16 09:56:41.823,1.45512,1.45541,2.63,2.25
2012.02.16 09:56:42.254,1.45512,1.45541,2.63,2.25
2012.02.16 09:56:42.786,1.4551,1.4554,1.88,2.25
2012.02.16 09:56:43.041,1.45514,1.45542,1.50,1.50
2012.02.16 09:56:43.236,1.45514,1.45539,1.50,1.43
2012.02.16 09:56:43.610,1.45513,1.45535,1.50,1.43
2012.02.16 09:56:43.826,1.45507,1.45534,1.09,1.50
2012.02.16 09:56:43.906,1.45509,1.45534,5.25,1.50
2012.02.16 09:56:44.388,1.45509,1.45535,1.20,1.50
2012.02.16 09:56:44.473,1.45508,1.45538,2.85,1.50
2012.02.16 09:56:44.620,1.45511,1.45539,1.50,2.25
2012.02.16 09:56:45.147,1.4551,1.45538,1.50,1.50
2012.02.16 09:56:46.423,1.4551,1.4554,1.50,3.00
2012.02.16 09:56:46.955,1.45509,1.45539,1.50,1.50
2012.02.16 09:56:47.037,1.45509,1.45537,1.50,1.50
2012.02.16 09:56:47.372,1.45509,1.45539,1.50,3.00
2012.02.16 09:56:47.885,1.4551,1.45539,2.25,1.50
2012.02.16 09:56:47.960,1.45512,1.45542,1.50,1.50
2012.02.16 09:56:48.350,1.45515,1.45543,1.50,1.50
2012.02.16 09:56:48.492,1.45514,1.45545,1.50,3.38
2012.02.16 09:56:48.950,1.45513,1.45541,1.50,1.50
2012.02.16 09:56:49.556,1.45512,1.45541,2.25,1.50
2012.02.16 09:56:49.898,1.4551,1.45539,2.25,1.50
2012.02.16 09:56:50.044,1.45512,1.45542,1.50,1.50
2012.02.16 09:56:50.121,1.4551,1.45538,2.25,1.50
2012.02.16 09:56:50.401,1.45509,1.45537,1.50,1.50
2012.02.16 09:56:50.548,1.45507,1.45538,4.99,1.50
2012.02.16 09:56:50.838,1.45509,1.45537,1.50,1.50
2012.02.16 09:56:51.357,1.45508,1.45537,1.50,1.50
2012.02.16 09:56:51.885,1.4551,1.45538,1.50,1.50
2012.02.16 09:56:53.908,1.45511,1.45538,4.88,1.50
2012.02.16 09:56:54.196,1.45509,1.45537,1.28,1.43
2012.02.16 09:56:54.275,1.45507,1.45538,2.29,1.50
2012.02.16 09:56:54.742,1.45506,1.45531,2.29,1.50
2012.02.16 09:56:54.822,1.45504,1.45531,2.59,1.43
2012.02.16 09:56:54.909,1.45505,1.45533,1.84,1.50
2012.02.16 09:56:55.457,1.45504,1.45532,1.84,1.50
2012.02.16 09:56:57.451,1.45503,1.45529,1.84,1.43
2012.02.16 09:56:58.403,1.45503,1.45533,1.84,2.63
2012.02.16 09:56:59.014,1.45502,1.4553,1.24,1.50
2012.02.16 09:56:59.609,1.45503,1.45531,1.84,1.50
2012.02.16 09:57:00.371,1.45506,1.4553,1.24,1.50
2012.02.16 09:57:00.595,1.45506,1.45535,1.24,2.63
2012.02.16 09:57:00.690,1.45506,1.45533,1.24,1.50
2012.02.16 09:57:00.830,1.45503,1.45533,1.95,1.50
2012.02.16 09:57:00.901,1.45505,1.45533,1.50,2.25
2012.02.16 09:57:01.182,1.45504,1.45535,1.50,1.50
2012.02.16 09:57:02.002,1.45505,1.45535,1.50,1.50
2012.02.16 09:57:02.477,1.45505,1.45535,6.00,5.25
2012.02.16 09:57:02.770,1.45501,1.45531,1.62,3.38
2012.02.16 09:57:02.849,1.455,1.45527,1.50,1.50
2012.02.16 09:57:03.215,1.45497,1.45519,1.13,1.50
2012.02.16 09:57:03.684,1.45497,1.45521,1.13,1.50
2012.02.16 09:57:03.985,1.45497,1.45523,1.32,3.75
2012.02.16 09:57:04.483,1.45497,1.45521,1.13,1.50
2012.02.16 09:57:05.207,1.45491,1.45518,1.24,1.50
2012.02.16 09:57:05.292,1.4549,1.45518,2.40,1.50
2012.02.16 09:57:05.710,1.45488,1.45516,1.80,1.50
2012.02.16 09:57:06.248,1.45488,1.45517,2.85,1.50
2012.02.16 09:57:06.321,1.45487,1.45517,2.33,1.50
2012.02.16 09:57:06.389,1.45486,1.45514,1.73,1.50
2012.02.16 09:57:06.527,1.45485,1.45514,2.78,1.50
2012.02.16 09:57:07.048,1.45484,1.45513,1.35,2.93
2012.02.16 09:57:07.810,1.45486,1.45514,1.50,1.50
2012.02.16 09:57:07.885,1.45483,1.45511,1.50,1.50
2012.02.16 09:57:08.556,1.45482,1.45511,3.49,1.50
2012.02.16 09:57:08.698,1.45484,1.45514,1.50,1.50
2012.02.16 09:57:09.566,1.45483,1.45512,2.40,1.50
2012.02.16 09:57:10.345,1.45483,1.45514,1.50,1.50
2012.02.16 09:57:10.881,1.45483,1.45513,1.50,2.93
2012.02.16 09:57:10.960,1.45483,1.45511,1.50,1.50
2012.02.16 09:57:11.096,1.45482,1.45513,2.74,2.93
2012.02.16 09:57:11.238,1.45482,1.4551,1.84,1.50
2012.02.16 09:57:11.578,1.45481,1.45508,1.62,1.50
2012.02.16 09:57:11.864,1.45482,1.45513,2.74,1.50
2012.02.16 09:57:12.302,1.45482,1.45509,1.24,1.50
2012.02.16 09:57:12.655,1.45478,1.45506,1.84,2.18
2012.02.16 09:57:14.219,1.45479,1.45506,1.84,1.43
2012.02.16 09:57:16.024,1.45482,1.45509,2.59,4.88
2012.02.16 09:57:18.360,1.45481,1.45509,2.22,1.80
2012.02.16 09:57:18.499,1.45479,1.45507,1.84,1.50
2012.02.16 09:57:19.130,1.4548,1.45508,1.84,1.50
2012.02.16 09:57:19.998,1.45482,1.45509,1.24,1.50
2012.02.16 09:57:20.257,1.45482,1.45511,1.24,1.50
2012.02.16 09:57:20.467,1.45481,1.45509,2.74,1.50
2012.02.16 09:57:21.357,1.45482,1.4551,1.24,1.50
2012.02.16 09:57:23.139,1.45481,1.45509,2.74,1.50
2012.02.16 09:57:23.673,1.45481,1.45508,1.24,1.50
2012.02.16 09:57:24.991,1.45482,1.4551,1.84,1.50
2012.02.16 09:57:25.060,1.45482,1.45512,1.84,1.50
2012.02.16 09:57:25.204,1.45488,1.45512,4.50,1.50
2012.02.16 09:57:25.428,1.45488,1.45515,1.28,1.43
2012.02.16 09:57:25.506,1.45488,1.45515,1.73,2.18
2012.02.16 09:57:26.027,1.45485,1.45513,1.20,2.18
2012.02.16 09:57:26.111,1.45482,1.45511,1.99,1.50
2012.02.16 09:57:26.639,1.45484,1.45512,1.50,1.50
2012.02.16 09:57:26.780,1.45482,1.4551,1.99,1.50
2012.02.16 09:57:27.105,1.4548,1.45509,2.59,2.25
2012.02.16 09:57:27.644,1.4548,1.45509,2.59,2.25
2012.02.16 09:57:27.979,1.45485,1.45509,4.50,2.25
2012.02.16 09:57:28.546,1.45486,1.45507,1.13,1.50
2012.02.16 09:57:29.046,1.45486,1.45508,1.13,1.50
2012.02.16 09:57:29.409,1.45486,1.45506,1.13,1.50
2012.02.16 09:57:29.871,1.45486,1.45509,1.13,2.25
2012.02.16 09:57:30.083,1.45486,1.45511,1.13,1.50
2012.02.16 09:57:30.159,1.45486,1.45509,1.13,1.50
2012.02.16 09:57:30.418,1.45486,1.45512,1.13,3.00
2012.02.16 09:57:30.617,1.45486,1.45507,1.13,1.50
2012.02.16 09:57:30.853,1.45486,1.45509,1.13,1.50
2012.02.16 09:57:31.364,1.45486,1.4551,1.13,1.50
2012.02.16 09:57:31.923,1.45486,1.45508,1.13,1.50
2012.02.16 09:57:32.930,1.45486,1.45509,1.13,1.50
2012.02.16 09:57:33.742,1.45496,1.45518,1.47,1.50
2012.02.16 09:57:33.968,1.45495,1.4552,1.84,1.43
2012.02.16 09:57:34.051,1.45493,1.4552,3.45,1.43
2012.02.16 09:57:34.124,1.45493,1.4552,1.50,2.18
2012.02.16 09:57:34.459,1.45493,1.4552,1.50,1.43
2012.02.16 09:57:34.599,1.45494,1.45524,1.95,1.50
2012.02.16 09:57:34.666,1.45496,1.45524,1.50,1.50
2012.02.16 09:57:35.572,1.45495,1.45524,1.84,1.88
2012.02.16 09:57:35.876,1.45497,1.45525,1.88,1.50
2012.02.16 09:57:36.242,1.45496,1.45523,3.30,2.25
2012.02.16 09:57:36.331,1.45496,1.45518,2.18,1.50
2012.02.16 09:57:36.414,1.45488,1.45518,1.17,1.50
2012.02.16 09:57:36.493,1.45487,1.45518,2.22,1.87
2012.02.16 09:57:37.127,1.45488,1.45517,1.88,1.50
2012.02.16 09:57:37.280,1.45491,1.45522,1.50,2.25
2012.02.16 09:57:37.351,1.45491,1.45522,1.50,2.25
2012.02.16 09:57:37.489,1.45493,1.45521,1.50,2.25
2012.02.16 09:57:37.848,1.45488,1.45516,1.50,1.50
2012.02.16 09:57:38.346,1.45489,1.45518,1.50,3.68
2012.02.16 09:57:38.964,1.45488,1.45519,2.93,1.50
2012.02.16 09:57:39.114,1.45488,1.45517,1.88,1.50
2012.02.16 09:57:39.471,1.45495,1.45517,1.13,1.50
2012.02.16 09:57:39.832,1.455,1.45519,1.13,1.50
2012.02.16 09:57:40.132,1.4549,1.45519,1.95,1.50
2012.02.16 09:57:40.740,1.45492,1.45518,1.50,2.18
2012.02.16 09:57:40.826,1.4549,1.45518,1.50,2.18
2012.02.16 09:57:41.351,1.45489,1.45518,2.25,2.18
2012.02.16 09:57:41.589,1.45489,1.4552,2.25,1.50
2012.02.16 09:57:41.938,1.45489,1.45518,2.25,1.43
2012.02.16 09:57:42.480,1.45489,1.45519,1.50,1.50
2012.02.16 09:57:43.101,1.45492,1.4552,1.50,1.50
2012.02.16 09:57:43.191,1.45489,1.45518,1.50,1.50
2012.02.16 09:57:43.267,1.45487,1.45515,1.50,1.50
2012.02.16 09:57:43.552,1.45485,1.45515,1.50,1.50
2012.02.16 09:57:44.042,1.45489,1.45518,1.50,3.00
2012.02.16 09:57:44.389,1.45496,1.45521,4.88,1.50
2012.02.16 09:57:44.716,1.45496,1.45517,4.88,1.50
2012.02.16 09:57:45.226,1.45496,1.45516,4.50,1.80
2012.02.16 09:57:45.321,1.45485,1.45511,4.50,2.25
2012.02.16 09:57:45.464,1.45483,1.45508,1.13,1.50
2012.02.16 09:57:45.826,1.45488,1.45508,4.50,2.93
2012.02.16 09:57:46.045,1.45488,1.4551,4.50,2.25
2012.02.16 09:57:46.710,1.45488,1.45509,4.50,1.50
2012.02.16 09:57:46.793,1.45479,1.45503,1.88,1.50
2012.02.16 09:57:46.879,1.45479,1.45503,1.13,1.50
2012.02.16 09:57:46.958,1.45478,1.45506,2.25,1.88
2012.02.16 09:57:47.227,1.45479,1.45509,4.05,1.50
2012.02.16 09:57:47.582,1.45479,1.45504,4.50,1.50
2012.02.16 09:57:47.936,1.45479,1.45502,4.50,1.50
2012.02.16 09:57:48.394,1.45479,1.45504,4.50,1.50
2012.02.16 09:57:49.350,1.45479,1.45505,4.50,2.25
2012.02.16 09:57:49.422,1.45476,1.45505,3.00,1.50
2012.02.16 09:57:49.578,1.45479,1.45508,4.50,2.25
2012.02.16 09:57:49.864,1.45478,1.45506,1.88,1.50
2012.02.16 09:57:49.942,1.45479,1.45509,1.88,4.80
2012.02.16 09:57:50.428,1.45477,1.45506,4.13,1.50
2012.02.16 09:57:51.153,1.45477,1.45505,1.13,1.50
2012.02.16 09:57:51.525,1.45477,1.45507,1.13,1.50
2012.02.16 09:57:52.707,1.4548,1.45508,1.50,1.50
2012.02.16 09:57:53.051,1.45483,1.45507,1.35,1.50
2012.02.16 09:57:53.440,1.45483,1.45509,1.35,1.50
2012.02.16 09:57:54.051,1.45483,1.45508,1.35,1.50
2012.02.16 09:57:54.680,1.45487,1.45508,4.88,1.50
2012.02.16 09:57:55.031,1.45487,1.45506,4.88,1.50
2012.02.16 09:57:55.218,1.45487,1.4551,4.88,2.25
2012.02.16 09:57:55.884,1.45487,1.45509,4.88,1.50
2012.02.16 09:57:58.000,1.45487,1.45507,4.88,1.50
2012.02.16 09:57:58.676,1.45487,1.45504,4.88,1.50
2012.02.16 09:57:58.891,1.45487,1.45506,4.88,1.50
2012.02.16 09:57:58.968,1.45478,1.45506,1.13,1.50
2012.02.16 09:57:59.115,1.4548,1.45508,2.25,3.00
2012.02.16 09:57:59.195,1.4548,1.45508,1.50,3.00
2012.02.16 09:57:59.275,1.45483,1.45511,1.50,1.50
2012.02.16 09:57:59.629,1.45482,1.45508,1.13,1.50
2012.02.16 09:58:00.211,1.45489,1.45514,4.88,1.50
2012.02.16 09:58:00.572,1.45489,1.45509,4.88,1.50
2012.02.16 09:58:00.931,1.45479,1.45507,1.13,1.50
2012.02.16 09:58:00.999,1.45483,1.45509,4.50,2.25
2012.02.16 09:58:01.203,1.4548,1.45509,2.63,1.50
2012.02.16 09:58:01.283,1.4548,1.45509,2.25,1.50
2012.02.16 09:58:02.028,1.4548,1.4551,2.25,1.50
2012.02.16 09:58:02.117,1.45482,1.4551,1.50,1.50
2012.02.16 09:58:02.340,1.45484,1.45513,1.50,4.05
2012.02.16 09:58:02.478,1.45484,1.45513,1.50,4.12
2012.02.16 09:58:02.617,1.4548,1.45508,2.25,1.50
2012.02.16 09:58:02.867,1.4548,1.4551,2.25,1.50
2012.02.16 09:58:03.609,1.4548,1.45508,1.50,1.50
2012.02.16 09:58:03.814,1.4548,1.4551,1.50,1.50
2012.02.16 09:58:03.890,1.4548,1.45508,1.50,1.50
2012.02.16 09:58:04.656,1.45481,1.45509,6.00,2.25
2012.02.16 09:58:04.804,1.45482,1.4551,1.50,1.50
2012.02.16 09:58:05.181,1.45483,1.45513,1.50,2.25
2012.02.16 09:58:05.717,1.45481,1.45509,1.50,1.50
2012.02.16 09:58:06.260,1.45482,1.4551,2.25,1.50
2012.02.16 09:58:07.006,1.45483,1.4551,1.50,1.50
2012.02.16 09:58:07.088,1.45484,1.45515,1.50,2.24
2012.02.16 09:58:07.159,1.45484,1.45513,2.25,1.50
2012.02.16 09:58:07.731,1.45483,1.45512,2.25,3.00
2012.02.16 09:58:08.140,1.45485,1.45514,2.25,1.50
2012.02.16 09:58:09.028,1.45487,1.45515,2.25,1.88
2012.02.16 09:58:09.895,1.45485,1.45514,2.25,1.50
2012.02.16 09:58:10.507,1.45486,1.45517,2.25,1.50
2012.02.16 09:58:10.651,1.45488,1.45518,2.25,1.87
2012.02.16 09:58:10.865,1.4549,1.45521,2.25,3.63
2012.02.16 09:58:10.946,1.4549,1.45511,2.25,4.88
2012.02.16 09:58:11.485,1.45485,1.45511,1.20,6.38
2012.02.16 09:58:11.699,1.45485,1.45507,1.65,1.50
2012.02.16 09:58:12.259,1.45483,1.45508,5.63,1.50
2012.02.16 09:58:12.801,1.45483,1.45509,5.63,2.25
2012.02.16 09:58:13.487,1.45483,1.45507,5.63,1.50
2012.02.16 09:58:13.628,1.45483,1.45509,4.88,2.25
2012.02.16 09:58:14.410,1.45483,1.45508,4.88,1.50
2012.02.16 09:58:14.899,1.45483,1.45506,4.88,1.50
2012.02.16 09:58:15.036,1.45483,1.45508,4.88,1.50
2012.02.16 09:58:15.987,1.45483,1.45509,5.63,2.25
2012.02.16 09:58:17.776,1.45483,1.45508,5.63,1.50
2012.02.16 09:58:18.658,1.45483,1.4551,5.63,2.25
2012.02.16 09:58:19.882,1.45484,1.45508,1.50,1.50
2012.02.16 09:58:21.110,1.45483,1.45506,4.88,1.50
2012.02.16 09:58:21.178,1.45483,1.45509,4.88,2.25
2012.02.16 09:58:21.248,1.45483,1.45507,4.88,1.50
2012.02.16 09:58:21.388,1.45483,1.45509,4.88,2.25
2012.02.16 09:58:21.521,1.45483,1.45506,4.88,1.50
2012.02.16 09:58:21.908,1.45483,1.45508,4.88,1.50
2012.02.16 09:58:22.473,1.45483,1.45511,4.88,6.38
2012.02.16 09:58:23.613,1.45483,1.45509,4.50,1.50
2012.02.16 09:58:23.704,1.45479,1.45496,2.25,4.50
2012.02.16 09:58:23.997,1.45472,1.45496,1.95,4.50
2012.02.16 09:58:24.144,1.45471,1.45496,1.13,4.50
2012.02.16 09:58:24.765,1.45473,1.45496,1.13,4.50
2012.02.16 09:58:25.169,1.45478,1.45496,1.50,4.50
2012.02.16 09:58:25.382,1.45474,1.45496,2.25,4.50
2012.02.16 09:58:25.741,1.45472,1.455,2.25,1.50
2012.02.16 09:58:26.074,1.4547,1.45498,2.25,1.50
2012.02.16 09:58:26.830,1.45468,1.45499,2.25,1.50
2012.02.16 09:58:27.176,1.45469,1.45497,1.13,1.50
2012.02.16 09:58:27.248,1.45469,1.45497,1.13,1.50
2012.02.16 09:58:27.790,1.45469,1.45499,2.25,1.50
2012.02.16 09:58:29.708,1.45471,1.45501,2.25,1.50
2012.02.16 09:58:29.856,1.45473,1.45503,2.25,1.50
2012.02.16 09:58:31.799,1.45475,1.45503,2.25,1.50
2012.02.16 09:58:31.871,1.45476,1.45505,2.25,2.24
2012.02.16 09:58:32.020,1.45476,1.45504,6.00,4.50
2012.02.16 09:58:33.654,1.45479,1.45504,1.50,4.50
2012.02.16 09:58:34.213,1.45478,1.45504,3.38,6.68
2012.02.16 09:58:35.075,1.45479,1.45503,1.50,1.50
2012.02.16 09:58:35.889,1.45478,1.45504,2.25,5.93
2012.02.16 09:58:38.428,1.45479,1.45503,1.50,2.18
2012.02.16 09:58:38.968,1.45476,1.45503,6.75,1.50
2012.02.16 09:58:39.499,1.45478,1.45503,1.50,1.50
2012.02.16 09:58:40.018,1.45481,1.45502,1.50,2.18
2012.02.16 09:58:40.086,1.45479,1.45502,2.25,2.18
2012.02.16 09:58:41.059,1.45478,1.45504,1.50,5.25
2012.02.16 09:58:41.351,1.45478,1.45502,2.25,2.18
2012.02.16 09:58:41.893,1.45478,1.45504,3.00,4.50
2012.02.16 09:58:43.020,1.4548,1.45504,1.50,5.25
2012.02.16 09:58:43.562,1.45478,1.45504,1.50,5.25
2012.02.16 09:58:43.853,1.45478,1.45502,1.50,1.50
2012.02.16 09:58:43.999,1.45477,1.45503,1.50,1.50
2012.02.16 09:58:44.995,1.45479,1.45504,2.25,4.50
2012.02.16 09:58:45.277,1.45481,1.45504,1.13,4.50
2012.02.16 09:58:45.563,1.45482,1.45504,1.50,4.50
2012.02.16 09:58:45.709,1.45477,1.45504,1.50,4.50
2012.02.16 09:58:48.448,1.4548,1.45504,1.50,4.50
2012.02.16 09:58:48.523,1.45478,1.45504,1.50,4.50
2012.02.16 09:58:49.057,1.45479,1.45504,1.95,4.50
2012.02.16 09:58:49.126,1.45479,1.45504,3.60,4.50
2012.02.16 09:58:53.134,1.45483,1.45505,1.09,1.50
2012.02.16 09:58:53.208,1.45483,1.4551,1.09,1.50
2012.02.16 09:58:53.422,1.45483,1.45511,1.28,1.50
2012.02.16 09:58:53.843,1.45483,1.45509,1.28,1.50
2012.02.16 09:58:54.138,1.45483,1.45512,1.28,1.50
2012.02.16 09:58:55.014,1.45486,1.45514,2.25,1.50
2012.02.16 09:58:55.341,1.45486,1.45517,2.25,1.88
2012.02.16 09:58:55.699,1.45487,1.45515,2.25,1.50
2012.02.16 09:58:55.917,1.45485,1.45515,2.25,1.50
2012.02.16 09:58:56.131,1.45486,1.45517,1.50,1.88
2012.02.16 09:58:56.279,1.45484,1.45515,3.75,1.50
2012.02.16 09:58:56.617,1.45489,1.45519,1.50,1.49
2012.02.16 09:58:57.413,1.45484,1.45509,1.50,1.50
2012.02.16 09:58:57.982,1.45484,1.45508,1.50,1.50
2012.02.16 09:58:58.355,1.45483,1.45506,4.88,1.50
2012.02.16 09:58:58.572,1.45483,1.45509,5.63,1.50
2012.02.16 09:58:59.124,1.45483,1.4551,5.63,1.50
2012.02.16 09:59:00.379,1.45483,1.45511,6.00,2.25
2012.02.16 09:59:02.296,1.45485,1.45513,1.50,4.88
2012.02.16 09:59:03.289,1.45485,1.45513,3.15,4.88
2012.02.16 09:59:03.644,1.45483,1.45504,4.88,1.50
2012.02.16 09:59:04.311,1.4548,1.455,1.50,6.57
2012.02.16 09:59:04.395,1.45472,1.45497,1.13,1.80
2012.02.16 09:59:04.848,1.45472,1.45497,2.63,1.43
2012.02.16 09:59:05.811,1.45475,1.45497,1.50,1.43
2012.02.16 09:59:06.430,1.45474,1.45499,1.50,1.13
2012.02.16 09:59:06.710,1.45472,1.45499,1.13,2.63
2012.02.16 09:59:07.701,1.45472,1.45498,1.13,1.13
2012.02.16 09:59:09.129,1.45472,1.45497,1.13,2.25
2012.02.16 09:59:10.180,1.45472,1.45493,1.13,1.50
2012.02.16 09:59:11.008,1.45472,1.45494,1.13,1.69
2012.02.16 09:59:11.637,1.45472,1.45495,1.13,1.50
2012.02.16 09:59:12.187,1.45472,1.45496,1.13,1.50
2012.02.16 09:59:14.651,1.45472,1.45494,1.13,1.50
2012.02.16 09:59:15.243,1.45472,1.45495,1.13,1.50
2012.02.16 09:59:15.787,1.45472,1.45496,1.13,2.93
2012.02.16 09:59:16.129,1.45472,1.45496,1.13,2.18
2012.02.16 09:59:17.360,1.45472,1.45497,1.13,1.50
2012.02.16 09:59:17.864,1.45472,1.45497,1.13,1.88
2012.02.16 09:59:19.592,1.45472,1.45495,1.13,1.50
2012.02.16 09:59:20.091,1.4547,1.45495,4.50,2.25
2012.02.16 09:59:21.990,1.4547,1.45487,4.50,1.50
2012.02.16 09:59:22.491,1.4547,1.45484,4.50,1.50
2012.02.16 09:59:22.636,1.4547,1.45486,4.50,1.50
2012.02.16 09:59:22.715,1.4547,1.45491,4.50,1.88
2012.02.16 09:59:34.073,1.4547,1.45489,4.50,2.63
2012.02.16 09:59:34.161,1.45459,1.45489,1.13,2.25
2012.02.16 09:59:34.229,1.45459,1.45485,1.13,1.50
2012.02.16 09:59:34.578,1.45461,1.45483,1.50,1.50
2012.02.16 09:59:34.649,1.4546,1.45483,1.50,1.50
2012.02.16 09:59:34.906,1.4546,1.45485,1.50,3.00
2012.02.16 09:59:35.237,1.4546,1.45483,1.50,1.50
2012.02.16 09:59:37.081,1.4546,1.45481,1.50,1.50
2012.02.16 09:59:37.640,1.45459,1.45481,1.13,1.50
2012.02.16 09:59:38.454,1.45455,1.45483,1.65,1.50
2012.02.16 09:59:38.957,1.45454,1.45482,2.48,1.50
2012.02.16 09:59:39.259,1.45455,1.45483,2.25,1.50
2012.02.16 09:59:39.765,1.45455,1.45478,2.25,4.50
2012.02.16 09:59:40.851,1.45463,1.45488,4.50,1.80
2012.02.16 09:59:42.041,1.45456,1.45482,1.88,4.50
2012.02.16 09:59:42.124,1.45457,1.45482,1.20,6.00
2012.02.16 09:59:45.752,1.45456,1.4548,1.88,1.50
2012.02.16 09:59:46.590,1.45456,1.45476,1.13,1.50
2012.02.16 09:59:46.667,1.45456,1.45478,1.13,1.50
2012.02.16 09:59:46.997,1.45456,1.45476,1.13,1.50
2012.02.16 09:59:47.348,1.45456,1.45474,1.13,1.50
2012.02.16 09:59:47.769,1.45456,1.45476,1.13,1.50
2012.02.16 09:59:49.454,1.45467,1.45485,1.13,1.50
2012.02.16 09:59:50.014,1.45467,1.45483,1.13,1.50
2012.02.16 09:59:50.162,1.45467,1.45485,1.13,3.00
2012.02.16 09:59:51.115,1.45457,1.45481,1.99,1.50
2012.02.16 09:59:51.213,1.45452,1.4548,1.84,2.25
2012.02.16 09:59:51.645,1.45454,1.45479,2.25,1.50
2012.02.16 09:59:51.928,1.45453,1.45477,4.50,1.43
2012.02.16 09:59:52.474,1.45453,1.45479,4.50,2.93
2012.02.16 09:59:56.167,1.45453,1.45479,4.50,2.18
2012.02.16 09:59:57.101,1.45456,1.45481,1.50,4.50
2012.02.16 09:59:57.456,1.45464,1.45488,4.88,4.43
2012.02.16 09:59:57.534,1.45464,1.45488,4.88,3.68
2012.02.16 09:59:57.757,1.45464,1.4549,5.78,1.50
2012.02.16 09:59:57.834,1.45464,1.4549,5.33,1.50
2012.02.16 09:59:57.914,1.45464,1.4549,4.88,1.50
