2008.10.27 05:00:18.893,1.82692,1.82792,32.20,48.50
2008.10.27 05:00:23.192,1.827,1.8274,54.40,32.50
2008.10.27 05:00:24.002,1.82745,1.8276,58.00,56.50
2008.10.27 05:00:25.422,1.82707,1.82817,58.00,48.00
2008.10.27 05:00:28.401,1.82722,1.82802,58.00,51.50
2008.10.27 05:00:30.040,1.8276,1.8278,57.40,47.60
2008.10.27 05:00:30.390,1.8276,1.8284,58.00,47.60
2008.10.27 05:00:30.740,1.8276,1.8286,58.00,43.90
2008.10.27 05:00:31.930,1.8276,1.8285,58.00,45.70
2008.10.27 05:00:32.260,1.8276,1.8287,58.00,40.90
2008.10.27 05:00:32.890,1.8276,1.8288,58.20,39.40
2008.10.27 05:00:38.648,1.8276,1.82875,58.00,42.40
2008.10.27 05:00:38.928,1.8276,1.8288,58.00,44.10
2008.10.27 05:00:39.168,1.8276,1.8288,58.00,51.00
2008.10.27 05:00:42.617,1.8276,1.8285,58.00,41.70
2008.10.27 05:00:44.137,1.8276,1.8284,58.00,49.50
2008.10.27 05:00:44.417,1.8276,1.82855,58.00,49.50
2008.10.27 05:00:45.177,1.8276,1.8286,58.00,36.10
2008.10.27 05:00:45.287,1.8276,1.8288,57.40,38.90
2008.10.27 05:00:48.526,1.8276,1.8288,58.00,44.00
2008.10.27 05:01:28.406,1.8278,1.8288,62.50,47.70
2008.10.27 05:01:28.876,1.82785,1.8288,46.50,54.70
2008.10.27 05:01:29.106,1.82805,1.8288,49.70,54.70
2008.10.27 05:01:29.556,1.8281,1.8288,52.30,54.70
2008.10.27 05:01:29.896,1.8283,1.8288,63.30,54.70
2008.10.27 05:01:31.066,1.82815,1.8288,49.70,55.70
2008.10.27 05:01:34.425,1.8275,1.8288,45.80,54.70
2008.10.27 05:01:34.825,1.82805,1.8288,53.50,54.70
2008.10.27 05:01:35.215,1.8275,1.8288,49.80,46.90
2008.10.27 05:01:35.674,1.82745,1.8288,46.00,54.70
2008.10.27 05:01:40.144,1.8276,1.8283,45.40,42.50
2008.10.27 05:01:40.534,1.8276,1.82825,46.00,41.30
2008.10.27 05:01:40.864,1.8276,1.8289,46.00,41.60
2008.10.27 05:01:41.163,1.8276,1.8284,46.00,44.90
2008.10.27 05:01:41.443,1.8276,1.8283,46.00,47.90
2008.10.27 05:01:46.332,1.8276,1.82825,46.00,49.50
2008.10.27 05:01:46.562,1.8276,1.8283,49.20,49.50
2008.10.27 05:01:46.912,1.8276,1.82835,46.00,44.90
2008.10.27 05:01:51.451,1.8276,1.8284,46.00,49.50
2008.10.27 05:01:57.939,1.8276,1.82885,46.00,42.40
2008.10.27 05:01:58.179,1.8276,1.82875,46.00,45.70
2008.10.27 05:01:59.919,1.8276,1.82825,46.00,45.70
2008.10.27 05:02:00.379,1.8276,1.82775,46.00,48.50
2008.10.27 05:02:00.559,1.82697,1.82827,46.00,48.50
2008.10.27 05:02:10.456,1.8276,1.82835,46.00,69.50
2008.10.27 05:02:19.984,1.8276,1.828,46.00,53.50
2008.10.27 05:02:23.833,1.8276,1.8277,46.00,32.50
2008.10.27 05:02:33.331,1.8272,1.82765,52.80,37.30
2008.10.27 05:02:33.560,1.8266,1.82745,14.00,13.80
2008.10.27 05:02:33.781,1.8266,1.82805,14.00,13.80
2008.10.27 05:02:34.360,1.8266,1.8281,30.40,32.50
2008.10.27 05:02:41.029,1.8268,1.8283,35.20,38.70
2008.10.27 05:02:42.928,1.8268,1.82825,44.40,41.10
2008.10.27 05:02:51.766,1.8267,1.8289,44.70,44.30
2008.10.27 05:02:51.996,1.8268,1.829,42.00,40.90
2008.10.27 05:02:52.396,1.8269,1.8291,49.90,32.90
2008.10.27 05:02:52.686,1.8269,1.82915,49.90,36.10
2008.10.27 05:02:53.945,1.8268,1.8288,61.20,33.70
2008.10.27 05:02:54.685,1.8268,1.829,52.70,32.10
2008.10.27 05:02:54.915,1.8268,1.82895,45.40,39.90
2008.10.27 05:02:57.975,1.8268,1.8288,45.40,36.70
2008.10.27 05:02:58.325,1.8267,1.8288,49.50,36.70
2008.10.27 05:02:58.984,1.8268,1.82865,53.40,39.90
2008.10.27 05:02:59.264,1.82685,1.82905,50.20,36.10
2008.10.27 05:02:59.614,1.8268,1.82895,31.30,35.30
2008.10.27 05:02:59.834,1.8268,1.82895,27.20,40.70
2008.10.27 05:03:01.384,1.8267,1.8288,35.90,40.70
2008.10.27 05:03:01.624,1.8268,1.82865,43.00,50.70
2008.10.27 05:03:05.093,1.8268,1.82845,47.80,44.10
2008.10.27 05:03:07.862,1.8268,1.8284,51.00,36.10
2008.10.27 05:03:08.612,1.8268,1.82835,38.20,36.10
2008.10.27 05:03:08.972,1.8268,1.8283,40.00,40.70
2008.10.27 05:03:09.262,1.8268,1.8281,32.00,40.70
2008.10.27 05:03:09.552,1.8268,1.828,32.00,34.90
2008.10.27 05:03:10.072,1.8268,1.82795,32.00,26.10
2008.10.27 05:03:12.471,1.8268,1.8279,35.20,26.90
2008.10.27 05:03:27.828,1.8268,1.82765,40.00,36.10
2008.10.27 05:03:28.347,1.8268,1.8276,43.20,34.10
2008.10.27 05:03:29.537,1.8268,1.82755,42.20,33.90
2008.10.27 05:03:32.346,1.8268,1.8276,61.40,41.90
2008.10.27 05:03:33.726,1.8268,1.8274,34.20,34.80
2008.10.27 05:03:35.886,1.8268,1.82725,47.80,55.10
2008.10.27 05:03:37.345,1.8268,1.8273,37.40,41.90
2008.10.27 05:03:39.125,1.8268,1.82725,45.80,33.80
2008.10.27 05:03:40.305,1.8268,1.8276,37.80,29.10
2008.10.27 05:03:40.534,1.8268,1.8275,26.60,37.10
2008.10.27 05:03:40.814,1.8268,1.828,21.80,38.10
2008.10.27 05:03:41.154,1.8268,1.82755,21.80,38.10
2008.10.27 05:03:42.654,1.8268,1.8276,26.60,30.50
2008.10.27 05:03:43.164,1.8268,1.82755,34.60,35.10
2008.10.27 05:03:43.514,1.8268,1.8275,34.20,38.30
2008.10.27 05:03:44.873,1.8268,1.82735,34.20,35.10
2008.10.27 05:03:45.403,1.8268,1.8273,34.20,35.10
2008.10.27 05:03:45.634,1.8268,1.82715,41.90,38.30
2008.10.27 05:03:45.863,1.8268,1.8271,59.70,37.90
2008.10.27 05:03:50.532,1.8268,1.82705,59.70,38.90
2008.10.27 05:03:57.590,1.8268,1.827,59.70,37.90
2008.10.27 05:03:59.640,1.8268,1.82715,56.10,37.90
2008.10.27 05:03:59.870,1.8268,1.82725,34.20,46.80
2008.10.27 05:04:00.170,1.8268,1.8273,29.40,42.90
2008.10.27 05:04:01.719,1.8268,1.82715,42.40,35.90
2008.10.27 05:04:02.010,1.8268,1.8271,34.20,37.90
2008.10.27 05:04:09.088,1.8268,1.82775,53.40,45.30
2008.10.27 05:04:10.537,1.8268,1.82725,42.20,36.10
2008.10.27 05:04:11.747,1.8268,1.8271,29.80,47.30
2008.10.27 05:04:13.667,1.8268,1.82705,34.90,37.60
2008.10.27 05:04:14.776,1.82612,1.82752,26.30,38.30
2008.10.27 05:04:16.086,1.8248,1.8268,26.30,30.10
2008.10.27 05:04:16.256,1.8268,1.8271,26.30,29.80
2008.10.27 05:04:18.235,1.8245,1.82675,26.00,23.30
2008.10.27 05:04:21.034,1.8249,1.82675,24.50,25.30
2008.10.27 05:04:21.254,1.8265,1.82695,29.60,25.30
2008.10.27 05:04:22.364,1.8268,1.827,37.10,23.30
2008.10.27 05:04:22.924,1.8268,1.8269,53.70,39.40
2008.10.27 05:04:23.204,1.8268,1.8269,37.10,32.80
2008.10.27 05:04:26.343,1.8268,1.82705,37.10,29.70
2008.10.27 05:04:39.410,1.8268,1.8269,50.70,33.10
2008.10.27 05:04:39.880,1.8268,1.8271,37.10,32.00
2008.10.27 05:04:41.590,1.8268,1.82735,37.60,28.30
2008.10.27 05:04:41.830,1.8268,1.8276,37.60,36.10
2008.10.27 05:04:42.050,1.8268,1.82775,37.60,34.00
2008.10.27 05:04:42.279,1.8268,1.82715,34.40,36.70
2008.10.27 05:04:42.919,1.8268,1.8278,25.00,38.20
2008.10.27 05:04:44.729,1.8268,1.82715,38.40,41.50
2008.10.27 05:04:44.969,1.8268,1.82765,38.40,28.20
2008.10.27 05:04:45.199,1.8268,1.8276,38.40,30.40
2008.10.27 05:04:45.699,1.8268,1.8275,32.60,30.40
2008.10.27 05:04:46.749,1.8268,1.8273,34.30,35.20
2008.10.27 05:04:46.988,1.8268,1.8272,29.10,35.20
2008.10.27 05:04:47.328,1.8268,1.82715,26.90,35.20
2008.10.27 05:04:49.118,1.8268,1.82705,26.90,29.10
2008.10.27 05:04:49.518,1.8268,1.82705,26.90,38.40
2008.10.27 05:04:49.818,1.8243,1.8268,26.70,35.10
2008.10.27 05:04:50.048,1.82445,1.82695,34.70,35.10
2008.10.27 05:04:50.388,1.8265,1.82695,38.40,35.10
2008.10.27 05:04:52.407,1.8268,1.82755,38.40,35.00
2008.10.27 05:04:52.527,1.8268,1.82715,38.40,40.80
2008.10.27 05:04:53.937,1.8268,1.82705,32.60,43.10
2008.10.27 05:05:01.435,1.8268,1.8271,40.40,42.30
2008.10.27 05:05:01.885,1.8268,1.827,48.40,48.60
2008.10.27 05:05:02.345,1.8268,1.82695,37.40,45.90
2008.10.27 05:05:02.815,1.82615,1.8275,50.10,55.00
2008.10.27 05:05:03.324,1.8268,1.82755,44.90,37.20
2008.10.27 05:05:03.844,1.8268,1.8275,49.70,30.20
2008.10.27 05:05:04.134,1.8268,1.82745,50.70,33.40
2008.10.27 05:05:05.774,1.8268,1.8273,44.90,33.20
2008.10.27 05:05:06.064,1.8268,1.827,64.10,34.90
2008.10.27 05:05:07.454,1.8268,1.8269,32.80,31.70
2008.10.27 05:05:07.973,1.8247,1.8268,54.00,34.90
2008.10.27 05:05:08.423,1.8268,1.827,32.80,47.40
2008.10.27 05:05:08.783,1.8268,1.8273,32.80,57.20
2008.10.27 05:05:09.773,1.8268,1.8269,32.80,39.70
2008.10.27 05:05:10.123,1.82642,1.82722,44.00,37.80
2008.10.27 05:05:11.412,1.82667,1.82698,29.60,38.10
2008.10.27 05:05:11.752,1.8268,1.8273,29.60,58.70
2008.10.27 05:05:12.132,1.8268,1.82695,21.80,38.10
2008.10.27 05:05:12.632,1.8268,1.827,21.80,30.30
2008.10.27 05:05:14.152,1.82642,1.82722,33.40,29.10
2008.10.27 05:05:14.782,1.8268,1.8269,27.20,27.30
2008.10.27 05:05:15.872,1.8268,1.82695,33.40,31.90
2008.10.27 05:05:16.881,1.8264,1.82725,27.20,40.40
2008.10.27 05:05:17.161,1.8268,1.82715,27.80,46.60
2008.10.27 05:05:17.751,1.8268,1.8271,27.20,41.80
2008.10.27 05:05:19.221,1.8268,1.827,29.40,51.50
2008.10.27 05:05:19.611,1.8268,1.8269,29.40,49.30
2008.10.27 05:05:19.850,1.8268,1.827,29.40,37.90
2008.10.27 05:05:20.020,1.8268,1.8271,31.80,40.30
2008.10.27 05:05:20.200,1.8268,1.82695,39.70,45.30
2008.10.27 05:05:24.379,1.82415,1.8267,44.10,39.10
2008.10.27 05:05:25.079,1.82445,1.82695,37.90,30.30
2008.10.27 05:05:25.239,1.8265,1.82695,37.40,29.90
2008.10.27 05:05:25.649,1.8265,1.82675,37.40,28.30
2008.10.27 05:05:26.009,1.8265,1.8267,25.00,31.30
2008.10.27 05:05:26.469,1.8268,1.8269,25.00,33.80
2008.10.27 05:05:30.808,1.8246,1.8266,29.80,39.10
2008.10.27 05:05:31.218,1.8245,1.8266,35.60,31.30
2008.10.27 05:05:31.448,1.82445,1.8265,29.80,31.10
2008.10.27 05:05:36.516,1.82445,1.82655,35.60,31.60
2008.10.27 05:05:37.296,1.8268,1.82735,25.00,21.80
2008.10.27 05:05:40.345,1.8268,1.8271,25.00,28.70
2008.10.27 05:05:40.635,1.8268,1.8272,25.00,29.80
2008.10.27 05:05:41.675,1.8268,1.8272,29.60,31.80
2008.10.27 05:05:41.785,1.8268,1.8271,29.60,32.70
2008.10.27 05:05:48.873,1.8268,1.8277,29.80,26.90
2008.10.27 05:05:52.853,1.8268,1.8277,25.00,25.30
2008.10.27 05:05:55.682,1.82545,1.8267,28.20,33.90
2008.10.27 05:05:59.261,1.8268,1.8277,45.80,25.30
2008.10.27 05:05:59.551,1.8254,1.8267,53.80,33.90
2008.10.27 05:06:04.580,1.8268,1.82725,33.00,23.70
2008.10.27 05:06:07.679,1.82535,1.82665,53.80,30.40
2008.10.27 05:06:13.827,1.8268,1.82725,42.60,30.50
2008.10.27 05:06:14.058,1.8268,1.82735,42.60,31.60
2008.10.27 05:06:14.747,1.8252,1.82665,50.60,25.80
2008.10.27 05:06:14.987,1.8249,1.82665,49.60,25.00
2008.10.27 05:06:17.436,1.82525,1.8265,41.60,38.00
2008.10.27 05:06:17.936,1.8253,1.8265,72.30,34.40
2008.10.27 05:06:23.375,1.82555,1.8265,36.10,38.60
2008.10.27 05:06:24.645,1.82545,1.8265,48.90,38.00
2008.10.27 05:06:24.825,1.82565,1.8265,81.50,48.40
2008.10.27 05:06:25.225,1.82545,1.8265,60.10,43.60
2008.10.27 05:06:31.513,1.8254,1.8265,50.60,38.90
2008.10.27 05:06:37.582,1.82545,1.8265,87.60,42.90
2008.10.27 05:06:38.032,1.82535,1.8265,87.40,34.70
2008.10.27 05:06:39.141,1.82545,1.8265,132.90,38.40
2008.10.27 05:06:41.991,1.8254,1.8265,89.80,31.60
2008.10.27 05:06:45.949,1.82535,1.8265,65.60,36.70
2008.10.27 05:06:46.290,1.82445,1.8265,62.70,37.60
2008.10.27 05:06:48.119,1.82465,1.8265,87.90,29.60
2008.10.27 05:06:48.339,1.82455,1.8265,87.90,37.40
2008.10.27 05:06:50.189,1.8245,1.8265,57.80,21.80
2008.10.27 05:06:54.218,1.82465,1.8265,70.70,29.60
2008.10.27 05:07:02.376,1.82475,1.82625,81.30,20.00
2008.10.27 05:07:02.766,1.82405,1.82625,92.70,25.90
2008.10.27 05:07:05.075,1.8244,1.8262,94.10,45.00
2008.10.27 05:07:10.404,1.82435,1.8262,89.20,57.50
2008.10.27 05:07:10.634,1.82415,1.8262,70.10,60.10
2008.10.27 05:07:11.144,1.8242,1.8262,73.60,59.60
2008.10.27 05:07:11.943,1.8243,1.8262,73.60,57.50
2008.10.27 05:07:12.993,1.8243,1.8262,81.60,52.00
2008.10.27 05:07:13.393,1.8242,1.8261,76.80,59.80
2008.10.27 05:07:15.632,1.8241,1.826,78.40,39.30
2008.10.27 05:07:15.863,1.824,1.82595,63.60,57.20
2008.10.27 05:07:16.273,1.8239,1.82595,65.60,57.20
2008.10.27 05:07:18.592,1.8239,1.826,41.60,61.70
2008.10.27 05:07:24.470,1.824,1.826,41.60,56.90
2008.10.27 05:07:32.039,1.82345,1.8258,49.60,26.30
2008.10.27 05:07:32.389,1.8235,1.8258,44.80,26.30
2008.10.27 05:07:32.499,1.82325,1.82555,44.80,46.00
2008.10.27 05:07:32.738,1.82325,1.82555,42.60,40.60
2008.10.27 05:07:32.918,1.82325,1.82555,66.30,46.00
2008.10.27 05:07:35.518,1.82335,1.82545,56.80,48.60
2008.10.27 05:07:38.057,1.8234,1.8254,53.50,45.70
2008.10.27 05:07:38.517,1.8234,1.8252,57.30,61.30
2008.10.27 05:07:43.266,1.8234,1.82515,80.50,41.00
2008.10.27 05:07:44.455,1.8234,1.82505,73.10,29.60
2008.10.27 05:07:48.085,1.8233,1.8249,47.60,26.40
2008.10.27 05:07:48.495,1.8234,1.825,47.60,41.30
2008.10.27 05:07:48.894,1.8234,1.8249,47.60,18.60
2008.10.27 05:07:49.184,1.823,1.82475,46.50,25.70
2008.10.27 05:07:49.804,1.8229,1.8248,51.10,18.30
2008.10.27 05:07:50.674,1.823,1.8246,44.00,41.70
2008.10.27 05:07:51.294,1.823,1.8246,48.30,22.30
2008.10.27 05:07:51.414,1.8231,1.82465,44.80,58.60
2008.10.27 05:07:51.644,1.82325,1.8251,53.60,55.60
2008.10.27 05:07:51.874,1.82335,1.8248,47.90,38.50
2008.10.27 05:07:52.224,1.82355,1.82525,47.90,57.50
2008.10.27 05:07:52.564,1.82345,1.82535,46.90,53.90
2008.10.27 05:07:52.923,1.823,1.82535,31.10,60.10
2008.10.27 05:07:53.383,1.82295,1.8252,48.30,62.30
2008.10.27 05:07:53.613,1.82285,1.8248,51.60,52.40
2008.10.27 05:07:56.143,1.823,1.82485,47.90,59.00
2008.10.27 05:07:56.912,1.823,1.82465,48.80,52.30
2008.10.27 05:07:58.282,1.823,1.82495,59.60,52.00
2008.10.27 05:07:58.402,1.823,1.824,52.00,43.70
2008.10.27 05:07:58.862,1.823,1.8239,40.50,31.30
2008.10.27 05:08:01.811,1.823,1.8238,37.10,23.50
2008.10.27 05:08:03.091,1.823,1.8242,45.40,40.30
2008.10.27 05:08:06.160,1.823,1.82415,45.40,28.10
2008.10.27 05:08:06.800,1.823,1.8241,37.60,31.90
2008.10.27 05:08:06.910,1.823,1.8239,37.60,28.40
2008.10.27 05:08:10.549,1.823,1.8237,48.60,27.80
2008.10.27 05:08:10.779,1.823,1.8237,48.60,43.30
2008.10.27 05:08:18.127,1.823,1.8237,76.70,59.70
2008.10.27 05:08:19.977,1.823,1.8239,45.60,51.20
2008.10.27 05:08:20.257,1.823,1.8239,36.70,51.30
2008.10.27 05:08:21.127,1.823,1.8237,40.50,43.80
2008.10.27 05:08:21.997,1.823,1.8238,40.10,47.00
2008.10.27 05:08:28.345,1.823,1.8239,32.50,59.50
2008.10.27 05:08:32.544,1.823,1.8239,45.30,55.50
2008.10.27 05:08:35.593,1.823,1.824,68.70,46.80
2008.10.27 05:08:35.763,1.823,1.824,68.70,43.70
2008.10.27 05:08:35.873,1.823,1.8241,49.00,46.90
2008.10.27 05:08:41.202,1.823,1.82405,47.90,64.30
2008.10.27 05:08:41.772,1.823,1.824,47.90,59.50
2008.10.27 05:08:42.052,1.823,1.82405,84.70,59.50
2008.10.27 05:08:42.332,1.823,1.8241,48.80,51.50
2008.10.27 05:08:48.080,1.823,1.8242,48.80,58.70
2008.10.27 05:08:48.760,1.823,1.8242,52.00,51.60
2008.10.27 05:08:49.640,1.823,1.82415,59.80,51.20
2008.10.27 05:08:50.050,1.823,1.8241,51.80,47.30
2008.10.27 05:08:56.808,1.823,1.82415,51.80,51.20
2008.10.27 05:08:57.608,1.823,1.8241,51.80,47.30
2008.10.27 05:08:58.867,1.823,1.82415,51.80,51.20
2008.10.27 05:09:01.927,1.823,1.8242,48.80,47.20
2008.10.27 05:09:06.126,1.823,1.8242,64.40,62.60
2008.10.27 05:09:07.875,1.823,1.8242,55.00,34.40
2008.10.27 05:09:08.395,1.823,1.8244,48.80,47.80
2008.10.27 05:09:08.635,1.823,1.8244,78.40,47.80
2008.10.27 05:09:08.815,1.823,1.8244,40.80,43.20
2008.10.27 05:09:23.222,1.823,1.82425,52.00,46.60
2008.10.27 05:09:23.902,1.823,1.8244,64.60,36.70
2008.10.27 05:09:28.570,1.823,1.8244,51.60,33.90
2008.10.27 05:09:35.219,1.8232,1.8244,46.10,33.90
2008.10.27 05:09:40.608,1.8231,1.8244,49.30,33.90
2008.10.27 05:09:40.728,1.8233,1.8244,30.40,52.40
2008.10.27 05:09:46.276,1.8231,1.8244,46.90,51.70
2008.10.27 05:09:46.516,1.8231,1.8243,39.70,54.00
2008.10.27 05:09:49.955,1.82315,1.8244,41.00,90.20
2008.10.27 05:09:50.695,1.8231,1.8244,46.80,51.40
2008.10.27 05:09:51.255,1.8233,1.8244,36.00,51.40
2008.10.27 05:09:53.784,1.8232,1.8244,74.30,56.70
2008.10.27 05:09:54.124,1.8234,1.8244,52.70,55.40
2008.10.27 05:10:00.763,1.8234,1.8244,52.70,49.20
2008.10.27 05:10:01.782,1.8234,1.8244,69.60,33.90
2008.10.27 05:10:02.822,1.8234,1.8244,83.60,49.70
2008.10.27 05:10:03.532,1.8235,1.8244,75.60,33.90
2008.10.27 05:10:08.851,1.8235,1.8244,58.50,49.20
2008.10.27 05:10:09.911,1.8235,1.8244,71.20,45.90
2008.10.27 05:10:11.570,1.8235,1.8243,46.40,28.40
2008.10.27 05:10:12.650,1.8235,1.8244,45.40,49.20
2008.10.27 05:10:15.829,1.8235,1.8242,45.40,46.00
2008.10.27 05:10:16.969,1.8235,1.8243,45.40,30.00
2008.10.27 05:10:17.148,1.8235,1.8242,45.40,30.00
2008.10.27 05:10:17.379,1.8235,1.8242,47.40,57.20
2008.10.27 05:10:17.549,1.8235,1.82405,47.40,47.40
2008.10.27 05:10:17.729,1.8235,1.8242,47.40,30.30
2008.10.27 05:10:20.748,1.8235,1.82425,45.40,38.70
2008.10.27 05:10:20.858,1.8235,1.8243,45.40,38.70
2008.10.27 05:10:20.968,1.8235,1.8244,46.80,33.80
2008.10.27 05:11:00.257,1.8232,1.82375,1.00,1.20
2008.10.27 05:11:00.537,1.82285,1.8238,1.80,1.20
2008.10.27 05:11:00.817,1.8227,1.82375,1.80,1.20
2008.10.27 05:11:01.397,1.82265,1.82375,1.80,1.00
2008.10.27 05:11:01.626,1.82268,1.82378,1.00,1.20
2008.10.27 05:11:01.866,1.8227,1.82385,1.00,1.00
2008.10.27 05:11:02.036,1.82275,1.8239,1.00,1.20
2008.10.27 05:11:02.246,1.82276,1.82396,1.20,1.20
2008.10.27 05:11:02.716,1.82272,1.82402,1.30,1.20
2008.10.27 05:11:03.116,1.82279,1.82394,1.00,1.20
2008.10.27 05:11:03.446,1.82283,1.82388,1.00,1.00
2008.10.27 05:11:03.616,1.82276,1.82391,1.00,1.20
2008.10.27 05:11:03.796,1.82277,1.82387,1.00,1.20
2008.10.27 05:11:03.906,1.82275,1.82385,1.00,1.00
2008.10.27 05:11:04.246,1.82282,1.82372,1.20,1.20
2008.10.27 05:11:04.366,1.8228,1.82375,1.00,4.20
2008.10.27 05:11:05.176,1.82293,1.82373,1.00,1.20
2008.10.27 05:11:05.456,1.82299,1.82384,1.80,2.40
2008.10.27 05:11:06.096,1.82302,1.82397,1.00,1.20
2008.10.27 05:11:06.425,1.82303,1.82403,1.80,2.40
2008.10.27 05:11:06.715,1.82311,1.82401,1.00,1.20
2008.10.27 05:11:07.915,1.82306,1.82406,2.50,3.00
2008.10.27 05:11:08.555,1.82297,1.82412,1.00,1.20
2008.10.27 05:11:08.955,1.82304,1.82399,1.00,1.00
2008.10.27 05:11:09.195,1.823,1.824,1.00,1.00
2008.10.27 05:11:09.475,1.82288,1.82403,1.20,1.00
2008.10.27 05:11:09.765,1.82291,1.82401,1.00,1.20
2008.10.27 05:11:10.154,1.82291,1.82401,1.80,1.20
2008.10.27 05:11:10.264,1.82295,1.8239,1.00,1.20
2008.10.27 05:11:10.784,1.82286,1.82381,1.20,1.20
2008.10.27 05:11:11.644,1.82277,1.82377,1.00,3.00
2008.10.27 05:11:12.274,1.82264,1.82384,1.00,1.20
2008.10.27 05:11:12.514,1.82263,1.82388,1.00,1.20
2008.10.27 05:11:12.744,1.82265,1.82395,1.00,1.20
2008.10.27 05:11:13.034,1.82287,1.82377,1.00,1.20
2008.10.27 05:11:13.604,1.82287,1.82372,1.20,3.60
2008.10.27 05:11:13.893,1.82279,1.82364,1.00,1.80
2008.10.27 05:11:14.173,1.82283,1.82358,1.00,1.20
2008.10.27 05:11:14.514,1.82269,1.82384,1.00,2.40
2008.10.27 05:11:14.743,1.82289,1.82394,1.00,1.00
2008.10.27 05:11:15.103,1.82312,1.82402,1.20,1.00
2008.10.27 05:11:16.023,1.8233,1.824,1.30,3.00
2008.10.27 05:11:16.313,1.82331,1.82396,1.00,1.20
2008.10.27 05:11:16.663,1.82327,1.82402,1.00,1.20
2008.10.27 05:11:17.003,1.82325,1.8242,1.20,1.20
2008.10.27 05:11:17.293,1.82332,1.82427,1.00,1.20
2008.10.27 05:11:17.613,1.82329,1.82429,1.00,1.20
2008.10.27 05:11:17.732,1.82318,1.82423,1.00,1.20
2008.10.27 05:11:19.252,1.82303,1.82423,1.20,1.80
2008.10.27 05:11:19.432,1.82303,1.82418,1.00,1.80
2008.10.27 05:11:19.712,1.82329,1.82399,1.20,1.20
2008.10.27 05:11:19.942,1.82326,1.82396,1.00,1.20
2008.10.27 05:11:20.122,1.82312,1.82397,1.00,1.20
2008.10.27 05:11:21.761,1.823,1.82395,1.00,1.80
2008.10.27 05:11:21.932,1.82305,1.82385,1.00,1.20
2008.10.27 05:11:22.112,1.82295,1.824,1.00,1.20
2008.10.27 05:11:25.841,1.82297,1.82407,1.30,1.80
2008.10.27 05:11:26.421,1.82294,1.82409,1.00,1.80
2008.10.27 05:11:26.781,1.82284,1.82404,1.90,1.80
2008.10.27 05:11:27.020,1.82275,1.824,1.00,1.20
2008.10.27 05:11:27.191,1.82272,1.82397,1.00,1.20
2008.10.27 05:11:27.430,1.82276,1.82396,1.00,1.20
2008.10.27 05:11:27.590,1.82279,1.82399,1.00,1.80
2008.10.27 05:11:28.120,1.82285,1.82395,1.00,1.20
2008.10.27 05:11:28.400,1.82279,1.82389,1.90,1.20
2008.10.27 05:11:29.270,1.82273,1.82383,1.20,1.20
2008.10.27 05:11:29.500,1.8227,1.8238,1.00,3.00
2008.10.27 05:11:30.240,1.8228,1.8239,1.80,1.20
2008.10.27 05:11:30.590,1.82311,1.82406,1.00,1.20
2008.10.27 05:11:30.930,1.8232,1.8243,1.00,1.80
2008.10.27 05:11:31.169,1.82315,1.8243,1.00,1.80
2008.10.27 05:11:31.399,1.8231,1.8242,1.00,1.20
2008.10.27 05:11:31.749,1.82295,1.82405,1.00,1.80
2008.10.27 05:11:31.919,1.82298,1.82368,1.00,1.80
2008.10.27 05:11:32.099,1.82275,1.82365,1.00,1.20
2008.10.27 05:11:32.439,1.82281,1.82351,1.00,1.80
2008.10.27 05:11:32.679,1.82283,1.82368,1.00,1.20
2008.10.27 05:11:33.039,1.82299,1.82379,1.00,2.40
2008.10.27 05:11:33.319,1.82316,1.82386,1.00,1.80
2008.10.27 05:11:33.599,1.82329,1.82389,1.30,1.20
2008.10.27 05:11:37.268,1.8232,1.824,1.00,1.80
2008.10.27 05:11:37.437,1.82303,1.82403,1.00,1.80
2008.10.27 05:11:37.618,1.82306,1.82381,1.00,1.20
2008.10.27 05:11:37.948,1.82299,1.82379,1.00,1.80
2008.10.27 05:11:38.597,1.82313,1.82378,1.20,1.20
2008.10.27 05:11:38.888,1.8232,1.82385,1.00,1.20
2008.10.27 05:11:39.127,1.82322,1.82392,1.30,1.20
2008.10.27 05:11:39.547,1.82325,1.8239,1.00,1.20
2008.10.27 05:11:39.847,1.82324,1.82384,1.20,1.80
2008.10.27 05:11:40.087,1.82307,1.82392,1.00,1.20
2008.10.27 05:11:40.437,1.82299,1.82394,1.00,1.00
2008.10.27 05:11:41.057,1.82293,1.82393,1.00,3.00
2008.10.27 05:11:41.407,1.82285,1.82385,1.00,1.20
2008.10.27 05:11:41.587,1.82276,1.82376,1.00,1.20
2008.10.27 05:11:41.767,1.82275,1.82375,1.00,1.80
2008.10.27 05:11:41.927,1.82282,1.82382,1.00,1.80
2008.10.27 05:11:42.157,1.82298,1.82393,1.80,2.40
2008.10.27 05:11:42.447,1.82304,1.82399,1.00,1.00
2008.10.27 05:11:42.676,1.82297,1.82402,1.90,1.20
2008.10.27 05:11:44.076,1.8229,1.82385,1.00,1.20
2008.10.27 05:11:44.296,1.82277,1.82377,1.00,1.20
2008.10.27 05:11:44.796,1.82271,1.82371,1.00,1.80
2008.10.27 05:11:45.156,1.8228,1.82365,1.00,1.00
2008.10.27 05:11:45.376,1.8228,1.8237,1.00,1.20
2008.10.27 05:11:45.596,1.8227,1.82375,1.00,4.20
2008.10.27 05:11:46.116,1.82267,1.82377,1.00,2.40
2008.10.27 05:11:46.566,1.82277,1.82382,1.00,1.20
2008.10.27 05:11:46.856,1.82295,1.8238,1.00,1.20
2008.10.27 05:11:48.235,1.82287,1.82397,1.20,1.00
2008.10.27 05:11:48.465,1.82303,1.82383,1.00,1.20
2008.10.27 05:11:49.085,1.82296,1.82386,1.30,1.20
2008.10.27 05:11:49.825,1.82289,1.82389,1.30,1.80
2008.10.27 05:11:49.935,1.82282,1.82387,1.00,1.20
2008.10.27 05:11:50.285,1.82275,1.8238,1.20,1.20
2008.10.27 05:11:51.435,1.82267,1.82382,1.20,1.20
2008.10.27 05:11:51.715,1.82266,1.82381,1.00,1.20
2008.10.27 05:11:52.404,1.82277,1.82372,1.00,1.00
2008.10.27 05:11:52.684,1.82269,1.82379,1.00,1.20
2008.10.27 05:11:52.954,1.82289,1.82359,1.20,1.20
2008.10.27 05:11:53.414,1.82288,1.82373,1.00,1.80
2008.10.27 05:11:53.864,1.82312,1.82372,1.90,1.80
2008.10.27 05:11:54.094,1.82324,1.82384,1.00,1.20
2008.10.27 05:11:54.264,1.82318,1.82398,1.00,1.00
2008.10.27 05:11:56.033,1.82306,1.82401,1.20,1.20
2008.10.27 05:11:56.184,1.82287,1.82402,1.00,1.20
2008.10.27 05:11:56.363,1.823,1.82375,1.00,1.20
2008.10.27 05:11:56.593,1.82301,1.82376,1.00,1.80
2008.10.27 05:11:56.833,1.82299,1.82389,1.00,1.00
2008.10.27 05:11:57.233,1.82307,1.82397,1.20,1.20
2008.10.27 05:11:57.343,1.82312,1.82407,1.00,1.20
2008.10.27 05:11:58.163,1.82319,1.82414,1.00,1.20
2008.10.27 05:11:58.323,1.82312,1.82417,1.00,1.20
2008.10.27 05:11:58.493,1.82295,1.824,1.00,1.20
2008.10.27 05:11:58.773,1.8227,1.8236,1.30,1.20
2008.10.27 05:11:58.953,1.82246,1.82336,1.00,1.80
2008.10.27 05:12:19.729,1.8235,1.8243,52.20,32.50
2008.10.27 05:12:20.119,1.8235,1.8241,50.80,36.10
2008.10.27 05:12:21.129,1.8235,1.8239,52.60,31.50
2008.10.27 05:12:26.198,1.8235,1.82385,51.00,36.10
2008.10.27 05:12:26.857,1.8235,1.8238,50.80,36.10
2008.10.27 05:12:35.455,1.8235,1.82375,47.40,54.30
2008.10.27 05:12:38.575,1.8233,1.82375,73.60,38.30
2008.10.27 05:12:38.854,1.8233,1.8238,41.60,36.10
2008.10.27 05:12:39.254,1.8235,1.8238,47.40,43.90
2008.10.27 05:12:39.415,1.8235,1.82385,45.40,39.30
2008.10.27 05:12:39.644,1.8235,1.8239,45.40,43.90
2008.10.27 05:12:39.934,1.8235,1.82395,45.40,39.30
2008.10.27 05:12:40.294,1.8235,1.824,47.40,39.10
2008.10.27 05:12:45.673,1.8235,1.82395,47.40,41.90
2008.10.27 05:12:46.813,1.8235,1.8239,47.80,45.10
2008.10.27 05:12:50.712,1.8235,1.8241,46.00,32.10
2008.10.27 05:12:51.062,1.8235,1.82415,47.40,43.10
2008.10.27 05:12:51.622,1.8235,1.8242,47.40,34.10
2008.10.27 05:12:51.791,1.8235,1.82425,47.40,31.10
2008.10.27 05:12:52.072,1.8235,1.8244,45.40,36.40
2008.10.27 05:13:11.767,1.8235,1.8244,70.10,43.80
2008.10.27 05:13:12.616,1.8235,1.8244,82.40,50.20
2008.10.27 05:13:12.967,1.82375,1.8244,64.10,46.30
2008.10.27 05:13:13.266,1.82385,1.8244,64.90,47.10
2008.10.27 05:13:13.726,1.8236,1.8244,45.10,51.20
2008.10.27 05:13:14.366,1.82365,1.8244,40.90,53.40
2008.10.27 05:13:14.656,1.8237,1.8244,48.90,53.40
2008.10.27 05:13:15.306,1.82385,1.8244,52.50,44.80
2008.10.27 05:13:15.596,1.8235,1.8244,44.70,50.40
2008.10.27 05:13:16.635,1.82355,1.8244,48.40,44.80
2008.10.27 05:13:18.455,1.8236,1.8244,42.80,53.40
2008.10.27 05:13:18.735,1.8227,1.82505,11.90,17.80
2008.10.27 05:13:19.005,1.82375,1.82545,11.90,17.10
2008.10.27 05:13:19.355,1.8242,1.82555,31.60,25.20
2008.10.27 05:13:19.695,1.8242,1.8252,27.40,23.10
2008.10.27 05:13:19.984,1.8242,1.8251,26.80,15.30
2008.10.27 05:13:21.355,1.8246,1.82605,19.10,32.00
2008.10.27 05:13:21.565,1.8246,1.82655,19.90,31.70
2008.10.27 05:13:21.894,1.82445,1.8268,22.10,31.90
2008.10.27 05:13:23.444,1.82445,1.82655,35.20,38.30
2008.10.27 05:13:25.843,1.8244,1.82635,45.60,30.50
2008.10.27 05:13:29.892,1.8244,1.8262,42.40,27.00
2008.10.27 05:13:30.642,1.8244,1.8261,42.40,33.40
2008.10.27 05:13:31.152,1.8244,1.8261,34.60,38.00
2008.10.27 05:13:32.722,1.8244,1.826,42.40,34.40
2008.10.27 05:13:33.071,1.8244,1.8258,42.40,37.50
2008.10.27 05:13:36.751,1.8244,1.82585,47.20,36.10
2008.10.27 05:13:37.380,1.8244,1.8262,38.40,28.90
2008.10.27 05:13:37.670,1.8244,1.82615,38.40,33.60
2008.10.27 05:13:38.700,1.8244,1.82575,46.60,48.00
2008.10.27 05:13:38.940,1.8244,1.8256,46.80,43.60
2008.10.27 05:13:39.170,1.8244,1.82565,54.90,54.50
2008.10.27 05:13:39.580,1.8244,1.8256,53.20,41.20
2008.10.27 05:13:39.880,1.8244,1.8255,53.20,37.70
2008.10.27 05:13:40.400,1.8244,1.82555,31.10,35.70
2008.10.27 05:13:41.029,1.8244,1.8255,50.60,44.10
2008.10.27 05:13:41.589,1.8244,1.8255,56.60,45.50
2008.10.27 05:13:42.239,1.8244,1.8255,75.20,58.90
2008.10.27 05:13:46.718,1.8244,1.8259,45.60,53.30
2008.10.27 05:13:52.207,1.8244,1.8257,43.70,37.70
2008.10.27 05:13:52.487,1.8244,1.82555,43.70,36.10
2008.10.27 05:13:54.676,1.8244,1.8253,40.20,36.30
2008.10.27 05:14:00.825,1.8244,1.82495,35.40,34.50
2008.10.27 05:14:01.005,1.82205,1.8234,11.20,13.50
2008.10.27 05:14:01.165,1.8215,1.8231,9.60,9.90
2008.10.27 05:14:03.004,1.8218,1.82345,38.00,44.70
2008.10.27 05:14:03.244,1.8214,1.82345,53.10,59.30
2008.10.27 05:14:03.414,1.8218,1.82345,39.30,28.60
2008.10.27 05:14:03.524,1.82185,1.82345,38.90,66.80
2008.10.27 05:14:03.584,1.82185,1.8243,38.90,63.30
2008.10.27 05:14:06.983,1.8219,1.824,32.30,69.70
2008.10.27 05:14:12.412,1.82275,1.8242,36.30,29.80
2008.10.27 05:14:12.812,1.82265,1.8242,41.40,34.40
2008.10.27 05:14:13.792,1.8224,1.8242,56.50,42.40
2008.10.27 05:14:18.600,1.82235,1.8242,59.70,31.90
2008.10.27 05:14:21.080,1.8225,1.8242,59.70,26.10
2008.10.27 05:14:21.870,1.82235,1.8242,56.90,20.90
2008.10.27 05:14:24.169,1.8224,1.8242,52.60,19.70
2008.10.27 05:14:24.989,1.8229,1.8242,61.30,36.30
2008.10.27 05:14:25.289,1.82265,1.8242,51.70,32.80
2008.10.27 05:14:25.509,1.8229,1.8242,59.70,37.40
2008.10.27 05:14:25.859,1.8231,1.8242,51.70,33.90
2008.10.27 05:14:26.369,1.82345,1.8242,52.60,37.60
2008.10.27 05:14:26.649,1.8236,1.8242,56.50,33.40
2008.10.27 05:14:26.988,1.8237,1.8242,61.10,28.60
2008.10.27 05:14:27.099,1.8236,1.8242,61.10,28.60
2008.10.27 05:14:27.508,1.8237,1.8242,57.50,28.60
2008.10.27 05:14:28.638,1.82375,1.8242,62.70,25.90
2008.10.27 05:14:29.298,1.8237,1.8242,65.50,28.00
2008.10.27 05:14:29.518,1.8229,1.8242,65.50,30.20
2008.10.27 05:14:33.197,1.8231,1.8242,73.30,30.20
2008.10.27 05:14:35.837,1.82305,1.8242,68.50,30.20
2008.10.27 05:14:37.276,1.8231,1.8242,84.50,30.20
2008.10.27 05:14:41.655,1.82235,1.8242,78.90,26.40
2008.10.27 05:14:49.923,1.82195,1.8242,94.90,41.50
2008.10.27 05:14:52.142,1.8221,1.82415,97.70,36.60
2008.10.27 05:14:52.642,1.82135,1.82305,92.20,35.10
2008.10.27 05:14:53.042,1.82135,1.82295,87.00,31.30
2008.10.27 05:14:53.402,1.82135,1.8229,81.40,22.10
2008.10.27 05:14:54.142,1.8215,1.82275,87.00,22.90
2008.10.27 05:14:54.422,1.8215,1.8228,87.00,22.90
2008.10.27 05:14:54.822,1.8215,1.82265,80.60,17.50
2008.10.27 05:14:55.062,1.8215,1.82285,81.40,18.30
2008.10.27 05:14:56.631,1.8215,1.82265,81.40,22.90
2008.10.27 05:14:57.101,1.8215,1.8228,87.00,26.30
2008.10.27 05:14:57.921,1.8215,1.82235,81.40,34.10
2008.10.27 05:14:58.201,1.8215,1.82225,80.60,25.30
2008.10.27 05:14:58.551,1.8215,1.82235,81.40,53.20
2008.10.27 05:15:00.110,1.8215,1.822,81.40,29.70
2008.10.27 05:15:00.290,1.8215,1.822,81.40,39.80
2008.10.27 05:15:01.050,1.8215,1.82195,81.40,42.10
2008.10.27 05:15:01.320,1.8215,1.8216,81.40,35.70
2008.10.27 05:15:02.170,1.8215,1.8217,80.60,35.90
2008.10.27 05:15:02.610,1.8215,1.8218,80.60,61.20
2008.10.27 05:15:02.790,1.8195,1.8213,12.60,10.10
2008.10.27 05:15:02.960,1.81915,1.82075,12.60,10.10
2008.10.27 05:15:03.130,1.819,1.82075,11.90,17.80
2008.10.27 05:15:03.300,1.81945,1.82145,44.70,43.00
2008.10.27 05:15:03.470,1.81905,1.82075,36.40,41.30
2008.10.27 05:15:03.819,1.8194,1.8216,28.90,35.10
2008.10.27 05:15:04.169,1.81965,1.8216,46.50,39.80
2008.10.27 05:15:04.849,1.81965,1.8215,48.10,45.40
2008.10.27 05:15:05.429,1.81975,1.8213,32.10,53.40
2008.10.27 05:15:06.229,1.81975,1.8199,32.30,51.20
2008.10.27 05:15:06.459,1.81975,1.8201,31.70,35.60
2008.10.27 05:15:06.809,1.81975,1.8218,41.90,43.10
2008.10.27 05:15:06.979,1.81975,1.8215,41.90,39.50
2008.10.27 05:15:07.389,1.81915,1.82005,31.00,50.40
2008.10.27 05:15:07.729,1.81915,1.8209,37.00,45.50
2008.10.27 05:15:08.069,1.81915,1.821,40.90,41.30
2008.10.27 05:15:08.289,1.81915,1.82155,40.70,45.40
2008.10.27 05:15:08.468,1.8193,1.82155,38.50,45.40
2008.10.27 05:15:08.928,1.8193,1.82155,39.70,50.20
2008.10.27 05:15:10.008,1.8193,1.8207,48.10,45.70
2008.10.27 05:15:10.288,1.8193,1.8207,44.60,53.00
2008.10.27 05:15:10.578,1.8192,1.8207,48.10,51.50
2008.10.27 05:15:11.268,1.8193,1.8205,43.30,43.70
2008.10.27 05:15:11.828,1.8193,1.8207,43.30,43.70
2008.10.27 05:15:12.708,1.8193,1.8195,39.80,54.10
2008.10.27 05:15:13.127,1.8193,1.8195,39.80,59.70
2008.10.27 05:15:13.587,1.81695,1.8189,11.90,17.80
2008.10.27 05:15:14.497,1.81785,1.8203,11.90,17.80
2008.10.27 05:15:14.667,1.819,1.8203,31.30,27.70
2008.10.27 05:15:15.507,1.8191,1.8201,27.00,29.70
2008.10.27 05:15:16.097,1.8192,1.8201,30.20,19.90
2008.10.27 05:15:17.396,1.8192,1.8202,43.30,30.30
2008.10.27 05:15:18.076,1.8192,1.8201,43.30,14.70
2008.10.27 05:15:18.366,1.8193,1.8201,43.30,14.70
2008.10.27 05:15:18.826,1.8192,1.8201,43.30,14.70
2008.10.27 05:15:19.346,1.8192,1.82,43.30,23.10
2008.10.27 05:15:19.636,1.8192,1.81975,24.00,14.70
2008.10.27 05:15:19.806,1.8192,1.81965,31.80,22.10
2008.10.27 05:15:20.246,1.8192,1.81945,31.80,15.10
2008.10.27 05:15:20.655,1.8188,1.81945,30.60,14.70
2008.10.27 05:15:20.885,1.8191,1.81975,43.30,15.10
2008.10.27 05:15:21.365,1.8188,1.81975,39.40,15.10
2008.10.27 05:15:23.075,1.8189,1.81975,44.20,43.70
2008.10.27 05:15:23.425,1.8189,1.8199,44.20,43.70
2008.10.27 05:15:25.574,1.8189,1.81985,39.40,44.30
2008.10.27 05:15:26.274,1.8189,1.8197,39.40,47.90
2008.10.27 05:15:26.624,1.8189,1.82025,38.60,50.90
2008.10.27 05:15:29.683,1.8189,1.82025,44.20,55.00
2008.10.27 05:15:30.023,1.8189,1.8201,52.10,42.70
2008.10.27 05:15:30.713,1.8191,1.8213,53.70,48.60
2008.10.27 05:15:31.053,1.81935,1.8213,61.70,48.60
2008.10.27 05:15:31.333,1.8202,1.8213,67.30,39.20
2008.10.27 05:15:31.674,1.81935,1.8213,70.90,44.00
2008.10.27 05:15:32.023,1.81935,1.8211,90.90,42.40
2008.10.27 05:15:32.362,1.82025,1.8211,66.50,41.60
2008.10.27 05:15:32.663,1.8198,1.8211,62.90,39.20
2008.10.27 05:15:32.952,1.82025,1.8211,59.70,39.20
2008.10.27 05:15:33.812,1.8194,1.8211,61.90,46.20
2008.10.27 05:15:33.982,1.8194,1.8211,56.10,47.00
2008.10.27 05:15:35.032,1.81955,1.8211,59.30,45.40
2008.10.27 05:15:35.362,1.81945,1.8211,62.90,33.60
2008.10.27 05:15:35.762,1.81875,1.82095,56.10,52.70
2008.10.27 05:15:36.122,1.81865,1.8207,44.60,49.50
2008.10.27 05:15:36.482,1.81865,1.8201,43.80,38.50
2008.10.27 05:15:36.772,1.8188,1.81995,43.80,38.50
2008.10.27 05:15:37.342,1.8188,1.8198,45.60,43.10
2008.10.27 05:15:37.631,1.8188,1.8196,44.60,43.10
2008.10.27 05:15:43.430,1.82,1.8214,52.50,43.60
2008.10.27 05:15:47.149,1.8199,1.8211,67.70,43.20
2008.10.27 05:15:54.627,1.81965,1.8211,62.90,43.20
2008.10.27 05:15:54.867,1.8194,1.8211,60.30,43.20
2008.10.27 05:15:55.467,1.81935,1.8211,65.70,43.60
2008.10.27 05:15:55.747,1.81925,1.8211,65.70,47.50
2008.10.27 05:15:56.437,1.81925,1.8211,65.70,46.70
2008.10.27 05:15:56.777,1.8192,1.8211,65.70,46.70
2008.10.27 05:15:57.067,1.81915,1.8211,66.70,47.10
2008.10.27 05:15:57.646,1.819,1.8211,65.70,47.30
2008.10.27 05:15:58.556,1.81955,1.8211,65.70,48.80
2008.10.27 05:15:59.016,1.81985,1.8211,75.70,39.20
2008.10.27 05:15:59.816,1.8202,1.8211,75.70,39.20
2008.10.27 05:16:00.346,1.82035,1.8211,75.70,43.20
2008.10.27 05:16:00.586,1.8205,1.8211,75.70,43.20
2008.10.27 05:16:01.106,1.82045,1.8211,70.50,38.60
2008.10.27 05:16:01.556,1.8196,1.8211,75.50,38.60
2008.10.27 05:16:02.006,1.8196,1.8211,83.70,43.20
2008.10.27 05:16:02.175,1.81965,1.8211,83.70,43.20
2008.10.27 05:16:09.944,1.81975,1.8211,70.50,38.60
2008.10.27 05:16:10.803,1.8194,1.8211,68.10,44.00
2008.10.27 05:16:11.083,1.8197,1.8211,61.70,43.20
2008.10.27 05:16:11.423,1.8199,1.8211,66.10,43.20
2008.10.27 05:16:11.753,1.8201,1.8211,72.50,43.20
2008.10.27 05:16:12.323,1.82025,1.8211,67.30,43.20
2008.10.27 05:16:13.143,1.8202,1.8211,72.50,43.20
2008.10.27 05:16:13.543,1.8201,1.8211,71.50,43.20
2008.10.27 05:16:14.673,1.82005,1.8211,72.50,43.20
2008.10.27 05:16:14.962,1.82,1.8211,72.50,43.20
2008.10.27 05:16:15.363,1.81995,1.8211,72.50,43.20
2008.10.27 05:16:23.130,1.8188,1.8211,50.80,56.50
2008.10.27 05:16:23.420,1.8188,1.8203,52.20,60.90
2008.10.27 05:16:23.880,1.8188,1.82095,52.20,53.50
2008.10.27 05:16:24.060,1.8188,1.82105,64.10,53.50
2008.10.27 05:16:24.700,1.819,1.8212,52.20,47.70
2008.10.27 05:16:29.819,1.819,1.82095,47.40,47.10
2008.10.27 05:16:30.059,1.819,1.8207,52.20,47.10
2008.10.27 05:16:30.229,1.819,1.8205,52.20,35.10
2008.10.27 05:16:30.529,1.819,1.82045,52.20,35.10
2008.10.27 05:16:32.838,1.819,1.82025,51.20,39.10
2008.10.27 05:16:33.428,1.819,1.82005,46.60,24.10
2008.10.27 05:16:33.658,1.819,1.82025,50.80,35.30
2008.10.27 05:16:33.948,1.819,1.8201,50.80,46.00
2008.10.27 05:16:34.538,1.819,1.82015,50.80,44.00
2008.10.27 05:16:35.227,1.819,1.82,52.20,36.10
2008.10.27 05:16:35.518,1.819,1.81995,52.20,39.70
2008.10.27 05:16:36.037,1.819,1.8199,52.20,46.90
2008.10.27 05:16:36.317,1.819,1.81995,52.20,36.10
2008.10.27 05:16:36.827,1.819,1.82,52.20,39.30
2008.10.27 05:16:37.347,1.819,1.82005,52.20,36.10
2008.10.27 05:16:38.457,1.819,1.82075,52.20,44.10
2008.10.27 05:16:39.097,1.819,1.82045,52.20,34.50
2008.10.27 05:16:40.946,1.819,1.8202,46.60,32.90
2008.10.27 05:16:41.176,1.819,1.8201,52.20,30.70
2008.10.27 05:16:47.465,1.819,1.8199,52.20,38.70
2008.10.27 05:16:50.464,1.819,1.8208,52.20,38.10
2008.10.27 05:16:53.413,1.819,1.8199,46.60,37.80
2008.10.27 05:16:54.583,1.819,1.8195,47.40,27.40
2008.10.27 05:16:56.302,1.819,1.8198,47.40,59.70
2008.10.27 05:16:56.652,1.819,1.8201,52.20,24.60
2008.10.27 05:16:56.992,1.819,1.82075,47.40,35.40
2008.10.27 05:17:00.251,1.819,1.8196,47.40,31.60
2008.10.27 05:17:00.941,1.819,1.8195,47.40,68.10
2008.10.27 05:17:02.041,1.819,1.81985,47.40,52.70
2008.10.27 05:17:02.391,1.819,1.81955,47.40,67.50
2008.10.27 05:17:03.031,1.819,1.81995,47.40,72.60
2008.10.27 05:17:03.201,1.819,1.81955,46.00,58.70
2008.10.27 05:17:04.651,1.819,1.81995,47.40,88.00
2008.10.27 05:17:04.870,1.81735,1.8206,12.60,13.80
2008.10.27 05:17:05.090,1.8163,1.8198,11.90,14.50
2008.10.27 05:17:05.500,1.8164,1.81955,29.60,27.90
2008.10.27 05:17:05.950,1.8166,1.81975,28.20,30.10
2008.10.27 05:17:06.420,1.8168,1.8194,40.80,37.30
2008.10.27 05:17:06.800,1.81615,1.81935,37.10,34.50
2008.10.27 05:17:07.090,1.81615,1.8194,30.70,35.30
2008.10.27 05:17:07.380,1.81565,1.81905,29.90,25.00
2008.10.27 05:17:07.670,1.815,1.8184,28.90,33.20
2008.10.27 05:17:08.100,1.815,1.81745,28.90,27.40
2008.10.27 05:17:08.500,1.8149,1.8183,42.10,27.10
2008.10.27 05:17:08.839,1.815,1.8183,31.30,26.30
2008.10.27 05:17:09.119,1.8151,1.8183,32.80,32.30
2008.10.27 05:17:09.299,1.8151,1.81805,34.40,22.90
2008.10.27 05:17:09.629,1.8151,1.8182,28.80,20.30
2008.10.27 05:17:09.799,1.8151,1.8182,29.70,29.30
2008.10.27 05:17:10.549,1.8151,1.8181,42.40,32.50
2008.10.27 05:17:10.909,1.8151,1.8179,37.60,40.50
2008.10.27 05:17:11.539,1.8149,1.8179,32.90,43.50
2008.10.27 05:17:11.829,1.8159,1.8179,34.40,45.10
2008.10.27 05:17:12.588,1.816,1.8179,34.10,34.30
2008.10.27 05:17:13.598,1.81545,1.8179,39.90,34.30
2008.10.27 05:17:13.948,1.81555,1.8179,43.70,40.30
2008.10.27 05:17:14.288,1.81605,1.8194,40.10,38.50
2008.10.27 05:17:14.528,1.81605,1.8194,45.70,19.90
2008.10.27 05:17:15.488,1.8156,1.8189,45.70,27.30
2008.10.27 05:17:15.778,1.8163,1.81965,48.90,19.90
2008.10.27 05:17:16.068,1.81635,1.8197,32.90,27.70
2008.10.27 05:17:18.157,1.8166,1.8196,26.50,40.70
2008.10.27 05:17:18.407,1.8165,1.8195,32.10,40.70
2008.10.27 05:17:18.937,1.81565,1.819,33.50,43.50
2008.10.27 05:17:19.217,1.8158,1.8191,34.50,43.50
2008.10.27 05:17:19.557,1.81595,1.81925,37.70,43.50
2008.10.27 05:17:19.907,1.81605,1.81935,45.70,48.70
2008.10.27 05:17:20.267,1.8163,1.8194,45.70,50.70
2008.10.27 05:17:22.286,1.8164,1.8195,40.90,42.70
2008.10.27 05:17:22.666,1.81655,1.8196,40.90,31.50
2008.10.27 05:17:23.367,1.8165,1.81955,40.90,31.50
2008.10.27 05:17:23.716,1.81635,1.8194,33.10,29.70
2008.10.27 05:17:24.056,1.8163,1.8194,37.70,29.70
2008.10.27 05:17:26.115,1.8163,1.81935,40.50,29.70
2008.10.27 05:17:26.695,1.81615,1.8192,40.50,30.50
2008.10.27 05:17:26.995,1.81605,1.81915,34.10,37.50
2008.10.27 05:17:27.235,1.816,1.8191,34.10,35.70
2008.10.27 05:17:29.315,1.81625,1.81965,42.10,38.70
2008.10.27 05:17:29.674,1.81595,1.81935,47.70,28.10
2008.10.27 05:17:29.904,1.816,1.8194,41.10,30.50
2008.10.27 05:17:31.114,1.81625,1.8193,33.10,28.30
2008.10.27 05:17:31.514,1.81645,1.81875,60.10,40.60
2008.10.27 05:17:31.754,1.81605,1.81835,62.50,31.90
2008.10.27 05:17:31.984,1.8163,1.81855,68.10,33.50
2008.10.27 05:17:32.384,1.81645,1.81875,53.90,26.90
2008.10.27 05:17:32.664,1.8165,1.81875,38.70,24.80
2008.10.27 05:17:33.004,1.81655,1.8199,46.10,20.40
2008.10.27 05:17:33.293,1.81665,1.81995,46.50,25.00
2008.10.27 05:17:33.694,1.8166,1.8199,46.50,23.50
2008.10.27 05:17:34.333,1.81625,1.81955,43.70,34.50
2008.10.27 05:17:34.693,1.81625,1.8195,44.70,26.50
2008.10.27 05:17:34.963,1.81705,1.82005,44.30,28.00
2008.10.27 05:17:35.723,1.81705,1.8205,39.90,25.30
2008.10.27 05:17:37.093,1.81715,1.8202,44.70,22.10
2008.10.27 05:17:37.612,1.8174,1.8202,47.40,33.30
2008.10.27 05:17:37.782,1.8177,1.82055,44.80,31.90
2008.10.27 05:17:38.262,1.8177,1.8205,41.00,39.30
2008.10.27 05:17:38.902,1.8178,1.82045,40.20,47.50
2008.10.27 05:17:39.132,1.8178,1.82055,41.00,70.60
2008.10.27 05:17:40.282,1.8178,1.82065,46.30,48.10
2008.10.27 05:17:40.862,1.8178,1.82075,36.10,30.60
2008.10.27 05:17:43.381,1.8178,1.8205,33.00,33.00
2008.10.27 05:17:45.710,1.8178,1.82085,42.50,33.00
2008.10.27 05:17:47.730,1.8178,1.8205,41.00,30.60
2008.10.27 05:17:48.180,1.818,1.8205,39.80,33.00
2008.10.27 05:17:48.470,1.8182,1.8205,33.00,33.00
2008.10.27 05:17:49.330,1.8183,1.8205,33.00,33.00
2008.10.27 05:17:49.939,1.8183,1.82055,41.00,28.20
2008.10.27 05:17:50.110,1.8183,1.82075,41.00,28.20
2008.10.27 05:17:50.449,1.8183,1.8206,41.00,32.50
2008.10.27 05:17:53.888,1.8183,1.8205,38.20,28.30
2008.10.27 05:17:54.048,1.8183,1.8203,33.00,28.70
2008.10.27 05:17:54.458,1.8183,1.82015,37.80,33.00
2008.10.27 05:17:55.148,1.8183,1.8201,37.80,50.50
2008.10.27 05:17:55.728,1.8183,1.82085,38.20,30.10
2008.10.27 05:17:57.918,1.8183,1.8195,37.80,28.10
2008.10.27 05:17:58.147,1.8183,1.8202,37.80,36.10
2008.10.27 05:17:58.437,1.8183,1.8205,38.20,36.40
2008.10.27 05:17:58.667,1.8183,1.82045,38.20,41.00
2008.10.27 05:17:58.997,1.81855,1.82025,44.20,41.00
2008.10.27 05:17:59.337,1.81855,1.82085,44.20,40.80
2008.10.27 05:17:59.747,1.81855,1.8206,44.20,40.80
2008.10.27 05:17:59.917,1.81855,1.82045,44.20,48.80
2008.10.27 05:18:00.387,1.8187,1.82025,44.20,42.40
2008.10.27 05:18:02.776,1.8187,1.8202,52.20,25.00
2008.10.27 05:18:03.976,1.8187,1.81955,46.60,22.30
2008.10.27 05:18:04.206,1.8187,1.8194,60.20,29.70
2008.10.27 05:18:04.566,1.8187,1.81945,59.20,29.70
2008.10.27 05:18:05.885,1.8187,1.8197,76.20,42.50
2008.10.27 05:18:06.695,1.8187,1.81975,76.20,48.60
2008.10.27 05:18:06.945,1.8187,1.8197,84.20,40.50
2008.10.27 05:18:08.175,1.8187,1.8196,44.20,34.50
2008.10.27 05:18:08.465,1.8187,1.81955,39.40,50.50
2008.10.27 05:18:08.815,1.8187,1.8194,39.40,52.50
2008.10.27 05:18:09.335,1.81615,1.8195,10.60,12.50
2008.10.27 05:18:09.515,1.81605,1.8194,12.30,14.50
2008.10.27 05:18:09.865,1.8166,1.8194,27.10,32.90
2008.10.27 05:18:10.445,1.8169,1.81945,34.50,40.50
2008.10.27 05:18:10.844,1.81705,1.82025,25.80,39.20
2008.10.27 05:18:11.884,1.8172,1.82015,24.80,39.50
2008.10.27 05:18:12.044,1.81695,1.8201,19.40,41.00
2008.10.27 05:18:12.434,1.8169,1.81995,42.80,45.50
2008.10.27 05:18:12.604,1.81725,1.81995,44.00,48.70
2008.10.27 05:18:12.934,1.81745,1.8201,41.00,26.70
2008.10.27 05:18:13.234,1.81745,1.8194,41.80,45.70
2008.10.27 05:18:13.564,1.81745,1.81905,41.00,42.90
2008.10.27 05:18:13.903,1.8176,1.819,40.20,28.30
2008.10.27 05:18:14.633,1.8176,1.81875,41.00,43.70
2008.10.27 05:18:14.904,1.8176,1.81965,40.20,33.40
2008.10.27 05:18:15.484,1.8176,1.81945,33.00,34.70
2008.10.27 05:18:15.603,1.8176,1.81985,33.00,32.90
2008.10.27 05:18:16.893,1.8176,1.81965,37.60,39.50
2008.10.27 05:18:17.413,1.8176,1.8196,37.00,41.10
2008.10.27 05:18:19.922,1.8176,1.8195,45.00,48.90
2008.10.27 05:18:20.432,1.8176,1.8193,38.90,53.70
2008.10.27 05:18:21.682,1.8176,1.81965,38.90,40.90
2008.10.27 05:18:23.171,1.8176,1.8195,38.90,61.50
2008.10.27 05:18:23.571,1.8176,1.81945,38.90,48.90
2008.10.27 05:18:23.852,1.8176,1.8193,39.90,55.50
2008.10.27 05:18:25.071,1.8176,1.81915,38.90,53.50
2008.10.27 05:18:25.811,1.8176,1.81905,38.90,39.50
2008.10.27 05:18:26.331,1.8176,1.81895,38.90,45.50
2008.10.27 05:18:27.650,1.8176,1.8183,39.40,32.90
2008.10.27 05:18:27.990,1.8176,1.8193,54.90,37.70
2008.10.27 05:18:28.860,1.8176,1.81895,40.50,45.70
2008.10.27 05:18:29.150,1.8176,1.8189,34.90,29.80
2008.10.27 05:18:35.938,1.81765,1.8189,34.60,29.80
2008.10.27 05:18:36.518,1.8178,1.8189,42.50,34.40
2008.10.27 05:18:36.878,1.81785,1.8189,34.50,34.40
2008.10.27 05:18:38.858,1.81805,1.8189,34.50,34.40
2008.10.27 05:18:39.038,1.81815,1.8189,34.50,34.40
2008.10.27 05:18:39.158,1.8182,1.8189,35.50,34.40
2008.10.27 05:18:39.787,1.81825,1.8189,30.70,34.40
2008.10.27 05:18:40.187,1.8185,1.8189,35.30,34.40
2008.10.27 05:18:40.597,1.8187,1.8189,27.50,34.40
2008.10.27 05:18:40.997,1.8188,1.8189,37.30,36.80
2008.10.27 05:18:41.457,1.8187,1.8189,37.30,37.80
2008.10.27 05:18:41.857,1.8178,1.8189,38.30,44.80
2008.10.27 05:18:42.317,1.8177,1.8189,38.50,44.80
2008.10.27 05:18:42.537,1.81765,1.8189,35.50,44.80
2008.10.27 05:18:43.537,1.8178,1.8189,38.70,44.80
2008.10.27 05:18:43.837,1.81825,1.8189,38.70,44.80
2008.10.27 05:18:44.136,1.8184,1.8189,38.70,44.80
2008.10.27 05:18:45.096,1.8179,1.8189,30.70,44.80
2008.10.27 05:18:45.456,1.8175,1.8189,34.60,44.80
2008.10.27 05:18:45.736,1.81745,1.8189,28.70,40.20
2008.10.27 05:18:49.165,1.81805,1.8189,33.90,41.00
2008.10.27 05:18:49.785,1.81805,1.8189,45.50,41.00
2008.10.27 05:18:50.605,1.8182,1.8189,41.20,42.10
2008.10.27 05:18:50.945,1.81825,1.8189,40.90,42.10
2008.10.27 05:18:52.095,1.81835,1.8189,31.80,43.60
2008.10.27 05:18:52.725,1.8183,1.8189,31.80,45.20
2008.10.27 05:18:52.894,1.8182,1.8189,37.90,41.30
2008.10.27 05:18:53.234,1.8182,1.8189,47.70,41.30
2008.10.27 05:18:53.944,1.8182,1.8189,31.80,39.60
2008.10.27 05:18:56.024,1.8181,1.82105,12.60,14.60
2008.10.27 05:18:56.373,1.8183,1.8208,43.00,44.30
2008.10.27 05:18:56.973,1.8185,1.8209,46.10,52.60
2008.10.27 05:18:57.493,1.8185,1.8206,43.30,49.80
2008.10.27 05:18:57.833,1.8187,1.82125,39.70,33.30
2008.10.27 05:19:01.032,1.8187,1.8208,33.00,51.90
2008.10.27 05:19:01.792,1.8187,1.82125,38.60,53.90
2008.10.27 05:19:02.832,1.8187,1.82125,38.60,38.30
2008.10.27 05:19:03.102,1.8187,1.8211,41.30,37.10
2008.10.27 05:19:05.111,1.8188,1.8211,38.90,45.70
2008.10.27 05:19:05.341,1.8196,1.8211,40.90,36.80
2008.10.27 05:19:05.741,1.8197,1.8211,40.90,41.80
2008.10.27 05:19:06.181,1.8198,1.8211,41.90,41.80
2008.10.27 05:19:06.711,1.8199,1.8211,40.90,41.80
2008.10.27 05:19:07.121,1.82005,1.8211,40.90,41.80
2008.10.27 05:19:07.411,1.8201,1.8211,40.90,41.80
2008.10.27 05:19:07.701,1.8195,1.8211,40.90,46.00
2008.10.27 05:19:08.270,1.8193,1.8211,40.90,41.80
2008.10.27 05:19:08.840,1.81955,1.8211,40.90,44.00
2008.10.27 05:19:09.360,1.8197,1.8211,40.90,41.80
2008.10.27 05:19:10.170,1.8195,1.8211,40.90,36.20
2008.10.27 05:19:10.460,1.81935,1.8211,35.30,35.40
2008.10.27 05:19:10.810,1.8195,1.8211,40.90,43.20
2008.10.27 05:19:11.390,1.8191,1.8211,39.30,46.00
2008.10.27 05:19:12.500,1.8198,1.8211,40.90,44.00
2008.10.27 05:19:13.759,1.82005,1.8211,35.30,41.80
2008.10.27 05:19:14.049,1.8201,1.8211,40.90,41.80
2008.10.27 05:19:14.569,1.81925,1.8211,36.90,40.00
2008.10.27 05:19:15.039,1.81985,1.8211,71.10,43.80
2008.10.27 05:19:15.329,1.819,1.8211,59.00,43.20
2008.10.27 05:19:15.619,1.8192,1.8211,56.90,42.40
2008.10.27 05:19:15.979,1.819,1.8211,69.30,44.20
2008.10.27 05:19:16.709,1.81945,1.8211,68.90,39.20
2008.10.27 05:19:20.177,1.8191,1.8211,69.70,42.40
2008.10.27 05:19:20.818,1.81915,1.8211,73.60,43.20
2008.10.27 05:19:21.507,1.81935,1.8211,55.60,32.20
2008.10.27 05:19:21.797,1.81945,1.8211,44.10,39.40
2008.10.27 05:19:22.197,1.8197,1.8211,49.90,40.00
2008.10.27 05:19:23.197,1.82025,1.8211,40.90,34.60
2008.10.27 05:19:24.347,1.82045,1.8211,40.30,34.40
2008.10.27 05:19:24.737,1.82065,1.8211,61.90,44.00
2008.10.27 05:19:24.966,1.82085,1.8211,57.90,39.20
2008.10.27 05:19:26.236,1.82095,1.8211,41.30,39.20
2008.10.27 05:19:26.536,1.821,1.8211,35.70,44.60
2008.10.27 05:19:26.936,1.8204,1.8211,38.70,39.20
2008.10.27 05:19:27.806,1.82055,1.8211,59.10,39.20
2008.10.27 05:19:28.046,1.82005,1.8211,66.90,39.20
2008.10.27 05:19:28.336,1.82015,1.8211,44.10,39.20
2008.10.27 05:19:28.626,1.8204,1.8211,53.40,39.20
2008.10.27 05:19:30.145,1.8202,1.8211,52.10,39.20
2008.10.27 05:19:30.825,1.8201,1.8211,37.60,39.20
2008.10.27 05:19:45.042,1.8202,1.8211,44.30,45.80
2008.10.27 05:19:45.502,1.8202,1.8211,40.60,44.00
2008.10.27 05:19:51.500,1.8203,1.8211,40.10,39.20
2008.10.27 05:19:58.748,1.8204,1.8211,59.10,39.20
2008.10.27 05:20:00.838,1.8202,1.8211,35.40,43.80
2008.10.27 05:20:01.398,1.8188,1.8204,12.60,17.80
2008.10.27 05:20:01.638,1.8187,1.8204,12.60,17.80
2008.10.27 05:20:03.417,1.81895,1.82105,22.80,22.60
2008.10.27 05:20:04.127,1.81935,1.82145,37.00,21.80
2008.10.27 05:20:05.217,1.81935,1.8213,42.60,30.60
2008.10.27 05:20:05.507,1.81915,1.8213,34.40,26.30
2008.10.27 05:20:05.717,1.81915,1.8212,42.60,26.10
2008.10.27 05:20:06.177,1.81915,1.8211,38.70,29.30
2008.10.27 05:20:07.576,1.81905,1.8215,39.10,32.10
2008.10.27 05:20:07.746,1.8189,1.8212,34.10,29.60
2008.10.27 05:20:08.106,1.81885,1.8212,53.10,34.60
2008.10.27 05:20:08.696,1.8188,1.8211,40.90,31.20
2008.10.27 05:20:08.996,1.8187,1.821,34.10,36.00
2008.10.27 05:20:14.145,1.8187,1.8209,34.10,52.00
2008.10.27 05:20:15.664,1.8187,1.821,35.30,52.00
2008.10.27 05:20:15.844,1.8181,1.821,31.40,44.00
2008.10.27 05:20:16.954,1.81825,1.82075,42.00,35.40
2008.10.27 05:20:17.234,1.8182,1.81905,43.90,26.40
2008.10.27 05:20:17.464,1.8182,1.819,47.60,43.50
2008.10.27 05:20:18.324,1.8182,1.8189,42.80,35.70
2008.10.27 05:20:18.494,1.8182,1.81895,45.20,45.70
2008.10.27 05:20:18.784,1.8182,1.8188,33.00,37.70
2008.10.27 05:20:19.124,1.8182,1.81835,33.00,36.10
2008.10.27 05:20:19.413,1.81787,1.81858,38.60,43.50
2008.10.27 05:20:20.493,1.8182,1.81855,33.00,43.50
2008.10.27 05:20:23.802,1.8182,1.81855,38.60,43.50
2008.10.27 05:20:25.402,1.8182,1.8193,31.00,35.70
2008.10.27 05:20:25.622,1.8182,1.81945,35.20,36.10
2008.10.27 05:20:27.521,1.8182,1.81895,38.80,52.10
2008.10.27 05:20:28.231,1.8182,1.81915,37.40,67.10
2008.10.27 05:20:28.571,1.8182,1.8188,37.40,44.10
2008.10.27 05:20:29.181,1.8182,1.8188,37.40,61.40
2008.10.27 05:20:30.331,1.81792,1.81853,37.40,40.50
2008.10.27 05:20:30.501,1.815,1.8185,12.60,18.20
2008.10.27 05:20:30.781,1.8157,1.8188,12.60,17.20
2008.10.27 05:20:31.020,1.8158,1.819,42.60,61.40
2008.10.27 05:20:32.500,1.8162,1.8188,72.40,67.90
2008.10.27 05:20:32.610,1.81625,1.81945,52.60,73.10
2008.10.27 05:20:32.720,1.81625,1.81945,29.40,52.10
2008.10.27 05:20:32.780,1.8162,1.81935,26.80,52.10
2008.10.27 05:20:36.539,1.8164,1.8196,36.10,48.10
2008.10.27 05:20:37.519,1.8164,1.8195,36.10,43.70
2008.10.27 05:20:40.948,1.81685,1.8195,48.90,35.70
2008.10.27 05:20:41.518,1.81645,1.8194,53.60,40.50
2008.10.27 05:20:41.968,1.81645,1.8195,40.20,41.60
2008.10.27 05:20:45.587,1.8166,1.81955,40.20,30.20
2008.10.27 05:20:47.127,1.8167,1.8199,33.10,30.20
2008.10.27 05:20:58.754,1.8166,1.81965,34.60,54.20
2008.10.27 05:20:59.574,1.8166,1.8198,41.30,57.90
2008.10.27 05:21:00.554,1.8166,1.81935,39.20,62.00
2008.10.27 05:21:01.613,1.8166,1.8194,39.20,32.10
2008.10.27 05:21:01.843,1.8166,1.8198,41.10,36.20
2008.10.27 05:21:04.163,1.8166,1.8186,40.90,23.00
2008.10.27 05:21:04.443,1.8166,1.81945,50.70,40.10
2008.10.27 05:21:04.733,1.8166,1.81935,38.90,23.90
2008.10.27 05:21:07.992,1.8166,1.81875,41.30,40.30
2008.10.27 05:21:12.631,1.8166,1.81825,53.10,35.90
2008.10.27 05:21:13.150,1.8166,1.81835,32.20,41.30
2008.10.27 05:21:14.780,1.8166,1.81875,49.60,41.10
2008.10.27 05:21:15.700,1.8166,1.81885,35.70,37.60
2008.10.27 05:21:18.299,1.8166,1.8191,42.40,38.60
2008.10.27 05:21:19.299,1.8166,1.819,42.40,33.00
2008.10.27 05:21:20.489,1.8166,1.819,42.40,35.40
2008.10.27 05:21:20.669,1.81675,1.819,40.10,32.60
2008.10.27 05:21:21.938,1.8168,1.819,40.90,32.80
2008.10.27 05:21:24.628,1.81665,1.819,55.20,32.60
2008.10.27 05:21:26.187,1.81675,1.819,40.10,39.00
2008.10.27 05:21:28.527,1.8168,1.819,40.90,39.20
2008.10.27 05:21:38.824,1.81705,1.819,37.90,35.20
2008.10.27 05:21:39.384,1.81745,1.819,55.10,35.20
2008.10.27 05:21:39.724,1.81805,1.819,44.50,35.20
2008.10.27 05:21:40.354,1.81825,1.819,34.40,35.20
2008.10.27 05:21:40.864,1.81855,1.819,36.70,39.20
2008.10.27 05:21:42.423,1.8174,1.819,28.50,39.20
2008.10.27 05:21:42.813,1.8174,1.819,31.90,35.20
2008.10.27 05:21:44.493,1.81765,1.819,34.10,35.20
2008.10.27 05:21:45.702,1.8178,1.819,38.30,35.20
2008.10.27 05:21:47.782,1.8173,1.819,46.10,35.20
2008.10.27 05:21:55.230,1.81685,1.819,28.60,35.20
2008.10.27 05:21:55.510,1.8173,1.819,29.70,35.20
2008.10.27 05:22:01.339,1.81685,1.819,26.50,35.20
2008.10.27 05:22:02.789,1.81695,1.819,25.90,37.80
2008.10.27 05:22:05.318,1.8172,1.819,26.50,35.40
2008.10.27 05:22:08.747,1.81745,1.819,34.10,37.80
2008.10.27 05:22:27.042,1.81735,1.819,29.30,35.80
2008.10.27 05:22:27.402,1.8168,1.819,29.30,35.20
2008.10.27 05:22:31.732,1.8173,1.819,27.60,35.20
2008.10.27 05:22:33.201,1.81705,1.819,27.70,35.20
2008.10.27 05:22:37.140,1.81675,1.819,34.20,38.40
2008.10.27 05:22:37.320,1.8167,1.819,37.90,39.20
2008.10.27 05:22:39.190,1.81675,1.819,29.10,38.40
2008.10.27 05:22:39.650,1.81675,1.819,40.10,42.80
2008.10.27 05:22:39.819,1.81615,1.819,40.10,43.60
2008.10.27 05:22:42.139,1.81625,1.819,55.10,39.00
2008.10.27 05:22:47.738,1.8162,1.819,45.10,43.60
2008.10.27 05:22:49.437,1.8161,1.819,30.90,44.60
2008.10.27 05:22:50.847,1.81605,1.819,36.10,43.20
2008.10.27 05:22:55.746,1.81615,1.819,36.10,43.60
2008.10.27 05:22:56.435,1.8158,1.8189,39.50,45.00
2008.10.27 05:22:58.635,1.8159,1.8172,33.00,41.10
2008.10.27 05:22:59.405,1.8159,1.8181,33.80,51.30
2008.10.27 05:22:59.625,1.8159,1.8184,42.10,24.50
2008.10.27 05:22:59.805,1.8159,1.8183,41.70,32.50
2008.10.27 05:23:00.204,1.8159,1.81895,45.60,32.50
2008.10.27 05:23:00.384,1.8159,1.81905,45.60,39.90
2008.10.27 05:23:00.604,1.8159,1.81905,41.90,24.50
2008.10.27 05:23:03.004,1.8159,1.819,55.50,39.50
2008.10.27 05:23:03.234,1.81605,1.819,51.30,19.90
2008.10.27 05:23:06.593,1.8159,1.81865,58.40,32.30
2008.10.27 05:23:12.282,1.816,1.81915,60.10,31.90
2008.10.27 05:23:12.512,1.8159,1.81905,80.90,24.50
2008.10.27 05:23:17.550,1.8159,1.8172,54.60,24.50
2008.10.27 05:23:17.890,1.8159,1.8181,53.80,35.30
2008.10.27 05:23:18.011,1.8159,1.8191,61.60,45.40
2008.10.27 05:23:18.130,1.8159,1.81895,63.30,60.30
2008.10.27 05:23:18.410,1.8159,1.8186,80.70,56.30
2008.10.27 05:23:18.590,1.8159,1.8184,63.30,38.10
2008.10.27 05:23:24.889,1.8159,1.8182,69.60,45.90
2008.10.27 05:23:30.677,1.8159,1.818,75.80,38.10
2008.10.27 05:23:31.317,1.8159,1.81635,70.60,24.60
2008.10.27 05:23:31.967,1.8159,1.8167,78.60,49.30
2008.10.27 05:23:33.027,1.8159,1.81625,78.60,41.40
2008.10.27 05:23:33.707,1.8159,1.8162,86.60,49.40
2008.10.27 05:23:34.056,1.8159,1.8176,86.60,42.20
2008.10.27 05:23:37.826,1.8159,1.817,43.70,66.60
2008.10.27 05:23:39.185,1.8159,1.81755,43.70,63.80
2008.10.27 05:23:40.825,1.8159,1.8171,40.20,55.40
2008.10.27 05:23:45.584,1.816,1.81695,44.20,48.00
2008.10.27 05:23:46.623,1.816,1.817,32.20,36.00
2008.10.27 05:23:48.173,1.81625,1.817,35.40,33.80
2008.10.27 05:23:48.943,1.81625,1.81755,40.20,45.30
2008.10.27 05:23:51.352,1.8164,1.8174,43.20,39.60
2008.10.27 05:23:54.281,1.8164,1.81675,52.20,40.00
2008.10.27 05:23:57.071,1.8166,1.8174,67.40,53.60
2008.10.27 05:24:03.939,1.8167,1.8174,35.40,78.30
2008.10.27 05:24:07.049,1.8159,1.81655,11.90,12.40
2008.10.27 05:24:09.468,1.8168,1.8186,25.00,36.30
2008.10.27 05:24:09.818,1.8168,1.8189,25.00,41.70
2008.10.27 05:24:10.448,1.817,1.8189,25.00,40.60
2008.10.27 05:24:10.778,1.817,1.8188,26.60,68.50
2008.10.27 05:24:11.417,1.8169,1.8188,29.30,46.00
2008.10.27 05:24:12.667,1.8169,1.8183,34.10,65.10
2008.10.27 05:24:13.527,1.8169,1.8183,45.40,53.90
2008.10.27 05:24:15.216,1.81715,1.8183,38.80,61.70
2008.10.27 05:24:16.496,1.8173,1.81835,53.80,61.70
2008.10.27 05:24:21.105,1.8173,1.81835,63.00,29.90
2008.10.27 05:24:24.294,1.8173,1.81915,45.40,70.30
2008.10.27 05:24:25.064,1.8173,1.81915,48.90,54.20
2008.10.27 05:24:25.534,1.81745,1.819,51.30,48.20
2008.10.27 05:24:25.994,1.8176,1.819,51.30,51.40
2008.10.27 05:24:26.164,1.81775,1.819,52.10,45.80
2008.10.27 05:24:26.344,1.81785,1.819,52.10,45.80
2008.10.27 05:24:26.744,1.8179,1.819,52.10,48.60
2008.10.27 05:24:27.273,1.81805,1.819,51.30,50.20
2008.10.27 05:24:29.633,1.8182,1.819,52.10,48.60
2008.10.27 05:24:30.153,1.81805,1.819,56.70,48.60
2008.10.27 05:24:30.513,1.818,1.819,57.90,48.60
2008.10.27 05:24:30.733,1.81815,1.819,52.10,46.20
2008.10.27 05:24:31.662,1.81865,1.819,52.10,46.20
2008.10.27 05:24:33.512,1.81865,1.819,62.90,48.60
2008.10.27 05:24:34.942,1.81845,1.819,62.90,50.20
2008.10.27 05:24:35.112,1.818,1.819,62.80,51.80
2008.10.27 05:24:35.402,1.81795,1.819,51.30,51.80
2008.10.27 05:24:35.742,1.8176,1.819,51.30,51.80
2008.10.27 05:24:36.021,1.81765,1.819,52.10,51.80
2008.10.27 05:24:36.731,1.8176,1.819,52.10,51.80
2008.10.27 05:24:37.611,1.8176,1.819,42.20,48.60
2008.10.27 05:24:38.371,1.8178,1.819,44.10,53.20
2008.10.27 05:24:39.171,1.8177,1.819,44.10,51.80
2008.10.27 05:24:40.760,1.81775,1.819,44.10,51.80
2008.10.27 05:24:44.039,1.8179,1.819,44.10,53.20
2008.10.27 05:24:45.740,1.81795,1.819,44.10,51.80
2008.10.27 05:24:47.289,1.81795,1.82115,11.90,13.30
2008.10.27 05:24:47.459,1.81795,1.82125,11.90,13.30
2008.10.27 05:24:47.569,1.81845,1.82125,38.10,39.60
2008.10.27 05:24:49.469,1.8186,1.82065,52.50,38.80
2008.10.27 05:24:49.868,1.8186,1.8205,52.50,34.30
2008.10.27 05:24:50.208,1.8186,1.8212,57.30,35.00
2008.10.27 05:24:53.577,1.8186,1.8207,43.30,79.60
2008.10.27 05:24:53.757,1.8184,1.8203,37.40,66.10
2008.10.27 05:24:54.137,1.8184,1.8204,38.90,34.20
2008.10.27 05:24:54.297,1.8184,1.82025,39.70,66.80
2008.10.27 05:24:54.517,1.8184,1.82055,39.70,66.80
2008.10.27 05:24:54.867,1.8184,1.8203,54.90,38.30
2008.10.27 05:24:55.097,1.8184,1.82025,55.70,71.60
2008.10.27 05:24:55.717,1.8184,1.81905,52.50,38.80
2008.10.27 05:24:56.057,1.8184,1.82015,34.60,66.10
2008.10.27 05:24:56.286,1.8184,1.82045,42.90,65.40
2008.10.27 05:24:56.577,1.8184,1.8204,45.50,66.10
2008.10.27 05:24:57.597,1.8184,1.8203,57.30,79.60
2008.10.27 05:24:57.716,1.8185,1.8203,51.70,23.00
2008.10.27 05:24:58.586,1.8185,1.82085,42.90,85.20
2008.10.27 05:24:58.866,1.8185,1.82135,44.90,89.80
2008.10.27 05:24:59.206,1.81865,1.82155,37.70,90.20
2008.10.27 05:24:59.546,1.81855,1.8218,40.80,89.50
2008.10.27 05:24:59.716,1.81855,1.82155,41.80,90.20
2008.10.27 05:25:00.256,1.81855,1.82175,41.80,89.50
2008.10.27 05:25:01.295,1.81855,1.8215,41.80,90.20
2008.10.27 05:25:01.465,1.81855,1.82165,41.80,89.50
2008.10.27 05:25:01.915,1.81855,1.8215,41.80,90.20
2008.10.27 05:25:02.415,1.81855,1.82165,41.80,89.50
2008.10.27 05:25:02.635,1.81935,1.82235,42.50,60.80
2008.10.27 05:25:03.045,1.8189,1.82225,46.90,88.00
2008.10.27 05:25:03.675,1.8184,1.82175,41.80,87.90
2008.10.27 05:25:04.065,1.81835,1.82145,42.90,90.50
2008.10.27 05:25:04.415,1.81835,1.8214,37.30,81.70
2008.10.27 05:25:04.705,1.8185,1.82115,37.30,81.70
2008.10.27 05:25:05.314,1.8185,1.82105,42.90,95.30
2008.10.27 05:25:06.414,1.8185,1.8208,46.10,102.30
2008.10.27 05:25:06.874,1.8185,1.8215,49.70,103.50
2008.10.27 05:25:08.943,1.8187,1.82135,45.80,40.70
2008.10.27 05:25:11.773,1.8187,1.8218,49.70,39.30
2008.10.27 05:25:13.392,1.8187,1.82145,49.70,40.00
2008.10.27 05:25:13.562,1.8187,1.8192,49.70,52.00
2008.10.27 05:25:15.152,1.8187,1.8191,44.40,52.60
2008.10.27 05:25:15.602,1.8187,1.8214,36.40,43.20
2008.10.27 05:25:15.782,1.8187,1.8214,42.40,49.60
2008.10.27 05:25:16.022,1.8187,1.8212,43.80,42.50
2008.10.27 05:25:17.461,1.8187,1.82035,39.00,50.50
2008.10.27 05:25:17.741,1.8187,1.82125,43.80,51.00
2008.10.27 05:25:18.021,1.8187,1.8212,44.60,49.70
2008.10.27 05:25:18.131,1.8187,1.82125,50.60,48.20
2008.10.27 05:25:19.881,1.8187,1.82105,45.00,54.60
2008.10.27 05:25:20.661,1.8187,1.8209,50.60,58.20
2008.10.27 05:25:21.201,1.8187,1.821,50.60,58.20
2008.10.27 05:25:23.380,1.8187,1.8204,50.60,68.90
2008.10.27 05:25:23.840,1.8187,1.82115,50.60,70.20
2008.10.27 05:25:24.240,1.8187,1.82125,50.60,68.80
2008.10.27 05:25:28.309,1.81905,1.8212,36.60,65.50
2008.10.27 05:25:29.859,1.8192,1.8205,36.20,62.00
2008.10.27 05:25:30.558,1.8192,1.8206,37.20,62.00
2008.10.27 05:25:30.838,1.8193,1.8206,37.20,62.00
2008.10.27 05:25:33.068,1.8193,1.8214,36.60,60.80
2008.10.27 05:25:33.298,1.8191,1.8214,35.40,60.80
2008.10.27 05:25:33.478,1.8191,1.8199,30.60,59.30
2008.10.27 05:25:34.358,1.8191,1.82105,45.80,47.90
2008.10.27 05:25:34.647,1.8191,1.82,41.00,50.00
2008.10.27 05:25:35.047,1.8191,1.81995,28.20,36.10
2008.10.27 05:25:38.417,1.8191,1.8198,29.80,32.90
2008.10.27 05:25:38.536,1.8191,1.8198,25.40,38.50
2008.10.27 05:25:39.396,1.8191,1.8196,27.00,38.50
2008.10.27 05:25:41.736,1.819,1.8194,30.00,38.50
2008.10.27 05:25:42.026,1.819,1.8206,35.40,41.40
2008.10.27 05:25:42.356,1.8192,1.821,35.20,42.40
2008.10.27 05:25:42.655,1.8192,1.82085,29.40,39.90
2008.10.27 05:25:42.926,1.8192,1.82035,29.40,36.10
2008.10.27 05:25:44.835,1.8192,1.82085,35.80,41.30
2008.10.27 05:25:45.315,1.819,1.82105,38.60,69.60
2008.10.27 05:25:45.615,1.819,1.82115,59.60,69.60
2008.10.27 05:25:45.845,1.819,1.82175,50.60,43.90
2008.10.27 05:25:46.065,1.819,1.82185,45.00,31.30
2008.10.27 05:25:46.345,1.819,1.82185,45.00,32.50
2008.10.27 05:25:49.774,1.819,1.82145,45.00,31.30
2008.10.27 05:25:50.354,1.819,1.8214,44.20,29.90
2008.10.27 05:25:50.873,1.819,1.82185,39.70,23.30
2008.10.27 05:25:51.053,1.819,1.82175,39.70,26.80
2008.10.27 05:25:51.293,1.819,1.82185,39.70,25.30
2008.10.27 05:25:52.143,1.819,1.82145,36.20,25.30
2008.10.27 05:25:52.763,1.819,1.82135,34.10,24.90
2008.10.27 05:25:53.113,1.819,1.82125,27.70,26.40
2008.10.27 05:25:53.683,1.819,1.8212,33.30,27.70
2008.10.27 05:25:53.903,1.819,1.82105,40.50,26.50
2008.10.27 05:25:54.413,1.819,1.821,43.70,26.70
2008.10.27 05:25:54.963,1.819,1.82095,43.70,28.10
2008.10.27 05:25:55.202,1.819,1.8209,43.70,29.70
2008.10.27 05:25:56.032,1.819,1.82095,43.70,37.50
2008.10.27 05:25:59.891,1.819,1.821,39.10,28.90
2008.10.27 05:26:00.061,1.819,1.82105,46.90,36.70
2008.10.27 05:26:03.080,1.819,1.8211,30.90,38.20
2008.10.27 05:26:03.191,1.819,1.8215,38.90,38.20
2008.10.27 05:26:05.490,1.819,1.8212,39.90,38.20
2008.10.27 05:26:08.179,1.819,1.8216,39.90,31.80
2008.10.27 05:26:08.289,1.819,1.8217,38.90,31.80
2008.10.27 05:26:08.699,1.819,1.8218,39.90,31.80
2008.10.27 05:26:08.929,1.819,1.82185,38.90,29.60
2008.10.27 05:26:09.159,1.8191,1.8219,40.90,31.80
2008.10.27 05:26:09.559,1.81925,1.8218,40.90,33.10
2008.10.27 05:26:10.209,1.81925,1.8219,40.90,31.80
2008.10.27 05:26:11.179,1.8192,1.8217,40.90,31.80
2008.10.27 05:26:11.648,1.819,1.82165,38.90,33.60
2008.10.27 05:26:11.809,1.819,1.8214,43.70,38.20
2008.10.27 05:26:11.928,1.819,1.8213,43.70,38.20
2008.10.27 05:26:12.499,1.819,1.82205,43.30,27.70
2008.10.27 05:26:12.848,1.81905,1.82205,42.60,29.40
2008.10.27 05:26:13.188,1.81905,1.82215,42.60,35.00
2008.10.27 05:26:18.607,1.81905,1.8221,42.60,35.70
2008.10.27 05:26:18.847,1.81915,1.8221,45.70,35.00
2008.10.27 05:26:18.907,1.81915,1.8222,45.70,34.50
2008.10.27 05:26:19.436,1.81925,1.8223,40.10,32.90
2008.10.27 05:26:19.736,1.8193,1.8223,45.70,35.00
2008.10.27 05:26:20.326,1.8193,1.8222,45.70,35.00
2008.10.27 05:26:20.776,1.8195,1.8222,45.70,33.50
2008.10.27 05:26:21.756,1.8195,1.8221,41.90,33.50
2008.10.27 05:26:22.236,1.8196,1.8222,40.90,33.50
2008.10.27 05:26:22.476,1.8196,1.8221,40.90,33.50
2008.10.27 05:26:25.385,1.81955,1.8221,45.70,35.00
2008.10.27 05:26:25.605,1.81955,1.8222,40.90,35.00
2008.10.27 05:26:27.095,1.81945,1.8222,43.30,32.00
2008.10.27 05:26:27.275,1.8194,1.8221,45.70,39.80
2008.10.27 05:26:27.735,1.81935,1.8221,45.70,40.80
2008.10.27 05:26:32.404,1.81915,1.82155,40.10,47.80
2008.10.27 05:26:32.633,1.819,1.82155,43.50,49.60
2008.10.27 05:26:32.813,1.819,1.82145,44.30,34.40
2008.10.27 05:26:32.993,1.819,1.82155,43.70,35.00
2008.10.27 05:26:33.113,1.819,1.82145,43.70,35.00
2008.10.27 05:26:33.293,1.819,1.82135,44.50,35.00
2008.10.27 05:26:34.593,1.819,1.8213,44.50,35.00
2008.10.27 05:26:34.753,1.8192,1.8213,45.70,35.00
2008.10.27 05:26:35.513,1.8192,1.82215,48.90,35.00
2008.10.27 05:26:35.793,1.8193,1.82175,34.50,35.00
2008.10.27 05:26:36.292,1.8193,1.82235,33.10,36.00
2008.10.27 05:26:36.572,1.8193,1.82185,34.50,36.00
2008.10.27 05:26:36.972,1.8192,1.82175,28.20,35.00
2008.10.27 05:26:37.202,1.8192,1.82205,33.80,35.00
2008.10.27 05:26:37.372,1.8192,1.82135,29.70,38.30
2008.10.27 05:26:37.842,1.8192,1.82165,39.70,39.90
2008.10.27 05:26:38.122,1.8192,1.82155,39.70,39.90
2008.10.27 05:26:38.342,1.8192,1.82145,36.70,39.90
2008.10.27 05:26:38.872,1.8192,1.82115,36.70,33.50
2008.10.27 05:26:39.472,1.8192,1.82105,35.90,28.90
2008.10.27 05:26:39.752,1.8192,1.82095,36.70,35.10
2008.10.27 05:26:40.311,1.8192,1.82165,38.90,34.70
2008.10.27 05:26:43.061,1.8192,1.8216,39.70,36.10
2008.10.27 05:26:43.520,1.8192,1.82165,39.70,35.10
2008.10.27 05:26:43.911,1.8192,1.8214,39.70,35.10
2008.10.27 05:26:44.990,1.8192,1.8213,39.70,40.90
2008.10.27 05:26:45.450,1.8192,1.8213,39.70,41.40
2008.10.27 05:26:45.960,1.8192,1.8212,35.00,43.30
2008.10.27 05:26:46.190,1.8192,1.82105,34.00,40.10
2008.10.27 05:26:46.430,1.8192,1.82085,34.60,40.10
2008.10.27 05:26:46.770,1.8189,1.8211,33.30,42.60
2008.10.27 05:26:47.070,1.8189,1.8211,33.30,38.70
2008.10.27 05:26:47.370,1.8212,1.8214,38.60,38.90
2008.10.27 05:26:47.600,1.8212,1.8214,40.70,46.90
2008.10.27 05:26:47.839,1.8189,1.8216,41.30,34.90
2008.10.27 05:26:48.130,1.8212,1.82145,40.70,46.90
2008.10.27 05:26:48.469,1.8189,1.82115,42.10,49.40
2008.10.27 05:26:48.639,1.8212,1.82145,40.70,62.80
2008.10.27 05:26:49.039,1.8189,1.8211,41.70,44.80
2008.10.27 05:26:49.499,1.8189,1.8209,54.10,47.90
2008.10.27 05:26:50.139,1.8192,1.82085,54.10,47.90
2008.10.27 05:26:50.639,1.8192,1.82075,49.30,43.30
2008.10.27 05:26:51.979,1.8192,1.8204,31.70,39.90
2008.10.27 05:26:52.159,1.8207,1.82115,33.70,42.60
2008.10.27 05:26:52.558,1.8207,1.82115,37.50,37.90
2008.10.27 05:26:59.597,1.82085,1.821,35.80,37.90
2008.10.27 05:26:59.777,1.81975,1.821,33.70,37.90
2008.10.27 05:27:00.187,1.819,1.821,34.30,37.90
2008.10.27 05:27:07.335,1.81945,1.821,38.30,37.90
2008.10.27 05:27:09.774,1.81955,1.821,38.30,37.90
2008.10.27 05:27:10.384,1.81955,1.821,37.30,37.90
2008.10.27 05:27:10.504,1.8192,1.821,38.30,37.90
2008.10.27 05:27:11.874,1.8192,1.82085,37.30,39.90
2008.10.27 05:27:12.334,1.8192,1.8209,38.10,40.10
2008.10.27 05:27:15.703,1.8192,1.8209,38.70,39.90
2008.10.27 05:27:17.963,1.8192,1.82095,41.90,38.80
2008.10.27 05:27:18.542,1.8192,1.821,50.70,41.40
2008.10.27 05:27:20.392,1.8192,1.8209,50.70,47.90
2008.10.27 05:27:25.081,1.8192,1.82095,38.70,43.60
2008.10.27 05:27:25.800,1.8192,1.8209,38.70,44.70
2008.10.27 05:27:26.200,1.8192,1.82095,38.70,43.60
2008.10.27 05:27:27.350,1.8192,1.82075,38.90,45.70
2008.10.27 05:27:27.750,1.8192,1.82105,38.70,41.60
2008.10.27 05:27:30.909,1.8192,1.821,36.70,43.30
2008.10.27 05:27:31.079,1.8192,1.821,36.70,46.20
2008.10.27 05:27:40.217,1.8192,1.8209,30.60,44.70
2008.10.27 05:27:40.397,1.8192,1.82085,31.40,44.70
2008.10.27 05:27:40.797,1.8192,1.8207,39.70,44.70
2008.10.27 05:27:41.427,1.8192,1.8211,42.40,39.60
2008.10.27 05:27:51.554,1.8192,1.82085,30.90,44.70
2008.10.27 05:27:51.994,1.8192,1.8209,32.50,44.70
2008.10.27 05:27:52.614,1.8192,1.821,29.50,45.30
2008.10.27 05:27:52.914,1.8192,1.821,30.90,46.20
2008.10.27 05:28:14.629,1.8192,1.821,45.90,39.20
2008.10.27 05:28:15.029,1.81925,1.821,39.40,39.20
2008.10.27 05:28:15.389,1.81945,1.821,44.10,39.20
2008.10.27 05:28:15.809,1.8197,1.821,33.10,38.40
2008.10.27 05:28:16.138,1.8198,1.821,33.90,39.20
2008.10.27 05:28:19.868,1.8201,1.821,52.10,39.20
2008.10.27 05:28:20.147,1.8202,1.821,51.70,39.20
2008.10.27 05:28:20.777,1.82045,1.821,52.90,37.80
2008.10.27 05:28:23.856,1.8205,1.821,44.10,39.20
2008.10.27 05:28:25.126,1.8204,1.821,44.10,39.20
2008.10.27 05:28:25.516,1.8203,1.821,40.90,40.00
2008.10.27 05:28:25.806,1.8201,1.821,46.70,39.20
2008.10.27 05:28:25.976,1.82005,1.821,46.70,39.20
2008.10.27 05:28:26.786,1.82,1.821,45.70,39.20
2008.10.27 05:28:28.356,1.81915,1.821,45.70,39.20
2008.10.27 05:28:28.625,1.8191,1.821,45.70,40.00
2008.10.27 05:28:29.135,1.81895,1.821,47.20,39.20
2008.10.27 05:28:29.975,1.8191,1.821,44.30,39.20
2008.10.27 05:28:30.425,1.81915,1.821,42.60,38.40
2008.10.27 05:28:30.825,1.8195,1.821,45.70,37.80
2008.10.27 05:28:30.985,1.819,1.821,42.60,39.20
2008.10.27 05:28:31.665,1.8194,1.821,30.90,37.80
2008.10.27 05:28:31.895,1.81945,1.821,43.30,38.40
2008.10.27 05:28:33.764,1.81895,1.821,46.90,42.70
2008.10.27 05:28:33.994,1.81945,1.821,48.90,39.20
2008.10.27 05:28:37.623,1.8195,1.821,31.50,38.40
2008.10.27 05:28:39.063,1.8196,1.821,36.10,39.20
2008.10.27 05:28:39.803,1.81965,1.821,40.90,37.80
2008.10.27 05:28:40.762,1.8197,1.821,33.90,39.20
2008.10.27 05:28:43.062,1.8184,1.821,40.20,41.80
2008.10.27 05:28:43.302,1.81835,1.821,40.30,43.20
2008.10.27 05:28:43.472,1.81915,1.821,40.30,43.20
2008.10.27 05:28:43.832,1.81905,1.821,35.90,43.20
2008.10.27 05:28:44.072,1.8195,1.821,38.20,42.40
2008.10.27 05:28:44.651,1.81925,1.821,40.90,41.80
2008.10.27 05:28:44.931,1.8196,1.821,40.50,43.20
2008.10.27 05:28:45.511,1.8197,1.821,40.50,43.20
2008.10.27 05:28:45.971,1.8192,1.821,40.50,43.20
2008.10.27 05:28:46.431,1.8196,1.821,34.50,43.20
2008.10.27 05:28:46.771,1.81965,1.821,37.30,43.20
2008.10.27 05:28:48.581,1.81905,1.821,33.90,41.80
2008.10.27 05:28:51.220,1.81905,1.821,29.70,43.20
2008.10.27 05:28:54.789,1.81815,1.821,31.30,37.90
2008.10.27 05:28:55.069,1.81805,1.821,31.30,38.30
2008.10.27 05:28:55.589,1.81775,1.821,34.50,38.50
2008.10.27 05:28:59.438,1.8181,1.821,34.50,38.30
2008.10.27 05:29:00.638,1.81835,1.821,43.50,37.90
2008.10.27 05:29:00.977,1.81765,1.8209,43.50,39.90
2008.10.27 05:29:02.717,1.8178,1.8208,43.50,43.00
2008.10.27 05:29:06.406,1.81765,1.8207,48.90,33.50
2008.10.27 05:29:09.405,1.8176,1.82055,44.80,28.90
2008.10.27 05:29:09.635,1.81725,1.82055,48.90,33.50
2008.10.27 05:29:12.645,1.8172,1.8203,44.80,43.30
2008.10.27 05:29:13.555,1.8172,1.81965,39.40,34.50
2008.10.27 05:29:13.614,1.81665,1.81965,35.80,35.30
2008.10.27 05:29:13.785,1.81665,1.8199,45.70,39.90
2008.10.27 05:29:14.194,1.81665,1.8195,45.70,33.50
2008.10.27 05:29:14.524,1.81665,1.8192,45.70,34.50
2008.10.27 05:29:14.744,1.8168,1.8191,41.40,36.30
2008.10.27 05:29:17.124,1.8168,1.81905,44.90,36.30
2008.10.27 05:29:18.563,1.8168,1.81915,45.70,36.30
2008.10.27 05:29:18.683,1.8168,1.8192,43.90,33.30
2008.10.27 05:29:18.803,1.8168,1.8186,41.40,33.30
2008.10.27 05:29:20.933,1.8168,1.8185,35.80,32.40
2008.10.27 05:29:21.732,1.8168,1.81855,35.80,38.80
2008.10.27 05:29:22.322,1.8168,1.81865,41.40,39.90
2008.10.27 05:29:23.212,1.8168,1.81845,41.40,47.90
2008.10.27 05:29:24.732,1.8168,1.81815,41.40,47.90
2008.10.27 05:29:25.082,1.8168,1.81825,49.40,68.70
2008.10.27 05:29:25.821,1.8168,1.818,65.20,91.50
2008.10.27 05:29:26.261,1.8168,1.8175,52.60,71.90
2008.10.27 05:29:26.801,1.8168,1.81795,52.60,74.70
2008.10.27 05:29:28.301,1.8168,1.8184,51.80,68.30
2008.10.27 05:29:29.231,1.8168,1.81865,57.40,81.50
2008.10.27 05:29:30.181,1.8168,1.81835,61.20,84.10
2008.10.27 05:29:30.950,1.8168,1.8186,43.30,94.40
2008.10.27 05:29:33.040,1.8168,1.8185,74.70,105.30
2008.10.27 05:29:33.310,1.8168,1.8183,44.90,84.10
2008.10.27 05:29:33.550,1.8168,1.81835,44.70,88.90
2008.10.27 05:29:33.890,1.8168,1.8184,37.90,87.90
2008.10.27 05:29:34.130,1.8168,1.81815,34.20,87.90
2008.10.27 05:29:34.700,1.8168,1.8181,36.40,87.90
2008.10.27 05:29:35.519,1.8168,1.8186,37.50,80.80
2008.10.27 05:29:35.899,1.8168,1.81865,37.50,80.30
2008.10.27 05:29:36.249,1.8168,1.81845,37.50,81.60
2008.10.27 05:29:45.727,1.8168,1.8187,37.50,73.10
2008.10.27 05:29:46.127,1.8168,1.8185,37.50,83.10
2008.10.27 05:29:46.338,1.8168,1.8183,32.90,76.20
2008.10.27 05:29:49.616,1.8168,1.818,54.80,51.10
2008.10.27 05:29:50.196,1.8168,1.81785,43.80,51.10
2008.10.27 05:29:50.436,1.8168,1.8178,42.80,51.10
2008.10.27 05:29:51.015,1.8168,1.81835,39.00,47.90
2008.10.27 05:29:52.515,1.8168,1.818,43.80,51.10
2008.10.27 05:29:53.665,1.8168,1.81805,44.00,51.30
2008.10.27 05:29:53.845,1.8168,1.8182,38.20,42.50
2008.10.27 05:29:54.065,1.8168,1.8182,36.40,49.40
2008.10.27 05:30:08.301,1.8175,1.8182,40.10,48.00
2008.10.27 05:30:08.761,1.81705,1.8182,44.90,47.20
2008.10.27 05:30:09.101,1.81695,1.8182,44.90,47.20
2008.10.27 05:30:09.391,1.8173,1.8182,44.90,47.20
2008.10.27 05:30:09.791,1.8172,1.8182,49.70,47.20
2008.10.27 05:30:10.021,1.81715,1.8182,45.10,42.60
2008.10.27 05:30:10.831,1.818,1.81875,43.30,44.00
2008.10.27 05:30:10.962,1.818,1.81835,50.10,47.20
2008.10.27 05:30:11.421,1.81785,1.81835,56.50,47.20
2008.10.27 05:30:11.590,1.818,1.81835,56.50,47.20
2008.10.27 05:30:14.250,1.81787,1.81848,50.10,47.20
2008.10.27 05:30:16.159,1.8183,1.8186,49.10,47.40
2008.10.27 05:30:23.138,1.8183,1.8186,40.50,48.20
2008.10.27 05:30:23.428,1.8185,1.8186,38.50,47.40
2008.10.27 05:30:23.548,1.81845,1.8186,51.70,48.20
2008.10.27 05:30:24.568,1.8181,1.8182,50.90,47.20
2008.10.27 05:30:25.147,1.81765,1.8182,45.30,47.20
2008.10.27 05:30:25.377,1.81755,1.8182,52.60,45.80
2008.10.27 05:30:25.597,1.81745,1.8182,47.80,45.80
2008.10.27 05:30:25.817,1.81735,1.8182,46.20,48.00
2008.10.27 05:30:26.167,1.81745,1.8182,34.80,48.00
2008.10.27 05:30:26.397,1.81735,1.8182,27.00,42.60
2008.10.27 05:30:26.757,1.81715,1.8182,29.30,47.20
2008.10.27 05:30:27.037,1.81715,1.8182,36.20,47.20
2008.10.27 05:30:27.437,1.81715,1.8182,29.30,47.20
2008.10.27 05:30:28.486,1.8176,1.8182,27.30,47.20
2008.10.27 05:30:28.657,1.8176,1.8182,24.70,47.20
2008.10.27 05:30:34.925,1.81775,1.8182,29.70,48.00
2008.10.27 05:30:35.045,1.81765,1.8182,38.90,48.00
2008.10.27 05:30:38.324,1.81785,1.8182,29.10,47.20
2008.10.27 05:30:38.614,1.81785,1.8182,31.10,42.60
2008.10.27 05:30:40.104,1.8179,1.8182,31.10,47.20
2008.10.27 05:30:47.982,1.81735,1.8182,39.80,47.20
2008.10.27 05:30:48.162,1.81785,1.8182,35.10,47.20
2008.10.27 05:30:49.281,1.821,1.82185,42.90,67.50
2008.10.27 05:30:49.681,1.82025,1.8209,42.90,67.50
2008.10.27 05:30:50.541,1.8204,1.82115,42.90,26.50
2008.10.27 05:30:50.841,1.81895,1.82085,39.30,18.70
2008.10.27 05:30:53.860,1.82,1.8206,29.70,64.50
2008.10.27 05:30:54.090,1.81745,1.8209,52.20,22.10
2008.10.27 05:30:54.311,1.81745,1.8185,42.60,47.20
2008.10.27 05:30:55.070,1.81755,1.8185,37.30,47.20
2008.10.27 05:30:55.760,1.8179,1.8182,37.30,47.20
2008.10.27 05:30:57.480,1.81805,1.8182,31.60,42.60
2008.10.27 05:30:58.249,1.8163,1.8182,35.00,47.20
2008.10.27 05:30:59.799,1.8172,1.8182,36.10,47.20
2008.10.27 05:31:00.149,1.8176,1.8182,39.50,42.60
2008.10.27 05:31:00.329,1.8167,1.8182,39.50,42.60
2008.10.27 05:31:01.069,1.8174,1.8182,39.30,47.20
2008.10.27 05:31:01.459,1.8178,1.8182,32.90,47.20
2008.10.27 05:31:01.799,1.81775,1.8182,40.50,47.20
2008.10.27 05:31:02.258,1.8177,1.8182,45.30,47.20
2008.10.27 05:31:02.968,1.81785,1.8182,46.30,47.20
2008.10.27 05:31:03.318,1.8178,1.8182,45.30,43.40
2008.10.27 05:31:04.298,1.8178,1.8213,10.20,17.80
2008.10.27 05:31:04.478,1.81735,1.82085,10.20,17.80
2008.10.27 05:31:04.838,1.81795,1.821,10.20,17.80
2008.10.27 05:31:05.308,1.81775,1.821,32.30,27.10
2008.10.27 05:31:06.757,1.818,1.82105,32.30,27.10
2008.10.27 05:31:08.467,1.8179,1.821,32.30,27.10
2008.10.27 05:31:08.817,1.81795,1.821,32.30,22.50
2008.10.27 05:31:09.267,1.818,1.82105,42.70,28.10
2008.10.27 05:31:10.546,1.81735,1.82075,35.50,32.90
2008.10.27 05:31:10.827,1.81735,1.8207,35.50,32.90
2008.10.27 05:31:11.166,1.8172,1.8206,35.50,32.90
2008.10.27 05:31:29.572,1.8176,1.82045,37.80,49.70
2008.10.27 05:31:29.802,1.81775,1.8211,37.10,49.70
2008.10.27 05:31:30.152,1.8178,1.82115,37.10,42.30
2008.10.27 05:31:30.372,1.818,1.8213,37.10,35.20
2008.10.27 05:31:31.631,1.8177,1.821,36.30,40.90
2008.10.27 05:31:31.911,1.8177,1.8207,37.10,55.80
2008.10.27 05:31:32.361,1.81725,1.82055,35.50,44.70
2008.10.27 05:31:32.601,1.81715,1.8205,52.30,47.90
2008.10.27 05:31:33.111,1.81715,1.8203,37.00,47.90
2008.10.27 05:31:40.349,1.8173,1.82035,37.00,42.50
2008.10.27 05:32:00.435,1.81735,1.82045,65.20,37.70
2008.10.27 05:32:00.554,1.8174,1.8205,41.10,37.70
2008.10.27 05:32:01.005,1.81745,1.82055,41.90,38.40
2008.10.27 05:32:12.562,1.8175,1.82055,30.70,41.60
2008.10.27 05:32:18.540,1.8173,1.8204,48.20,48.90
2008.10.27 05:32:19.180,1.8175,1.82065,32.10,35.60
2008.10.27 05:32:21.070,1.81735,1.82045,26.80,33.10
2008.10.27 05:32:26.788,1.8175,1.82055,30.70,41.60
2008.10.27 05:32:34.146,1.81785,1.8206,38.70,48.80
2008.10.27 05:32:35.606,1.8181,1.8206,40.90,54.20
2008.10.27 05:32:35.836,1.81825,1.8206,41.90,50.70
2008.10.27 05:32:36.176,1.8183,1.8206,52.30,46.10
2008.10.27 05:32:43.294,1.81835,1.8206,35.10,51.70
2008.10.27 05:32:44.154,1.8184,1.8206,35.10,50.90
2008.10.27 05:32:54.391,1.81845,1.8206,36.70,50.70
2008.10.27 05:32:54.831,1.81785,1.8206,36.70,54.20
2008.10.27 05:32:57.961,1.81795,1.8206,43.50,62.20
2008.10.27 05:32:58.420,1.8182,1.8206,30.30,44.00
2008.10.27 05:33:07.058,1.81895,1.8206,32.70,42.10
2008.10.27 05:33:07.348,1.81905,1.8206,40.50,34.10
2008.10.27 05:33:07.618,1.8191,1.8206,41.40,33.30
2008.10.27 05:33:10.487,1.81915,1.8206,40.50,34.10
2008.10.27 05:33:10.817,1.8191,1.8206,41.40,33.30
2008.10.27 05:33:16.796,1.81915,1.8206,63.90,34.10
2008.10.27 05:33:17.266,1.8192,1.8206,50.30,38.90
2008.10.27 05:33:21.705,1.81925,1.8206,48.50,38.90
2008.10.27 05:33:23.144,1.81915,1.8206,51.50,38.90
2008.10.27 05:33:40.430,1.8192,1.8206,35.50,54.90
2008.10.27 05:33:54.697,1.81925,1.8206,35.50,54.90
2008.10.27 05:33:58.586,1.8192,1.8206,33.90,54.90
2008.10.27 05:33:59.266,1.81885,1.8206,48.90,54.90
2008.10.27 05:34:06.194,1.8188,1.8206,40.90,54.90
2008.10.27 05:34:09.373,1.81885,1.8206,40.10,55.10
2008.10.27 05:34:10.123,1.8189,1.8206,42.40,59.70
2008.10.27 05:34:11.003,1.81885,1.8206,37.80,59.70
2008.10.27 05:34:11.173,1.8189,1.8206,48.20,54.90
2008.10.27 05:34:11.562,1.8189,1.8206,57.10,54.90
2008.10.27 05:34:12.043,1.819,1.8206,43.40,54.90
2008.10.27 05:34:12.802,1.8189,1.8206,44.30,54.90
2008.10.27 05:34:13.152,1.819,1.8206,43.40,54.90
2008.10.27 05:34:14.842,1.819,1.8206,64.90,54.90
2008.10.27 05:34:15.202,1.8191,1.8206,56.00,54.90
2008.10.27 05:34:15.562,1.8192,1.8206,56.00,54.90
2008.10.27 05:34:16.022,1.8193,1.8206,43.20,54.90
2008.10.27 05:34:17.351,1.8192,1.8206,42.40,54.90
2008.10.27 05:34:17.761,1.8194,1.8206,48.20,54.90
2008.10.27 05:34:17.991,1.8195,1.8206,51.40,54.90
2008.10.27 05:34:19.331,1.8192,1.8206,45.60,54.90
2008.10.27 05:34:19.681,1.8194,1.8206,44.80,53.50
2008.10.27 05:34:19.911,1.8191,1.8206,39.70,54.90
2008.10.27 05:34:20.091,1.819,1.8206,44.50,54.90
2008.10.27 05:34:21.740,1.8193,1.8206,48.00,54.90
2008.10.27 05:34:22.080,1.8195,1.8206,56.20,54.90
2008.10.27 05:34:22.360,1.8194,1.8206,44.00,54.90
2008.10.27 05:34:23.110,1.8195,1.8206,44.00,54.90
2008.10.27 05:34:23.400,1.8194,1.8206,45.60,53.50
2008.10.27 05:34:23.620,1.8195,1.8206,45.60,54.90
2008.10.27 05:34:23.860,1.8194,1.8206,45.60,54.90
2008.10.27 05:34:24.269,1.8192,1.8206,53.60,54.90
2008.10.27 05:34:24.499,1.81915,1.8206,53.80,54.90
2008.10.27 05:34:24.739,1.8192,1.8206,54.70,54.90
2008.10.27 05:34:31.038,1.8192,1.8206,60.30,54.90
2008.10.27 05:34:31.278,1.8192,1.8206,64.90,54.90
2008.10.27 05:34:31.738,1.81915,1.8206,57.20,58.10
2008.10.27 05:34:32.497,1.81875,1.8206,50.60,54.90
2008.10.27 05:34:35.927,1.8189,1.8206,48.90,54.90
2008.10.27 05:34:37.256,1.81895,1.8206,48.90,54.90
2008.10.27 05:34:37.766,1.8188,1.8206,64.10,61.50
2008.10.27 05:34:41.035,1.81875,1.8206,27.50,59.50
2008.10.27 05:34:43.975,1.81865,1.8206,30.50,45.10
2008.10.27 05:34:46.854,1.8187,1.8206,28.90,53.10
2008.10.27 05:34:47.194,1.8189,1.8206,28.90,34.10
2008.10.27 05:34:49.133,1.8186,1.8206,28.90,40.30
2008.10.27 05:35:03.890,1.81875,1.8206,33.90,44.90
2008.10.27 05:35:15.597,1.81885,1.8206,49.70,34.10
2008.10.27 05:35:17.597,1.81875,1.8206,57.70,34.10
2008.10.27 05:35:37.202,1.8188,1.8206,45.10,34.10
2008.10.27 05:35:48.139,1.8187,1.8206,57.90,48.10
2008.10.27 05:35:55.288,1.81805,1.8206,54.70,60.20
2008.10.27 05:35:55.527,1.81815,1.8206,40.90,50.20
2008.10.27 05:35:55.758,1.81835,1.8206,34.10,44.80
2008.10.27 05:35:56.847,1.8187,1.8206,29.30,44.90
2008.10.27 05:35:59.277,1.81875,1.8206,33.90,46.30
2008.10.27 05:35:59.737,1.81855,1.8206,35.10,50.40
2008.10.27 05:36:01.506,1.8182,1.8206,32.30,47.20
2008.10.27 05:36:03.236,1.81835,1.8206,25.90,50.20
2008.10.27 05:36:03.476,1.81905,1.8206,30.70,45.20
2008.10.27 05:36:05.875,1.81865,1.8206,40.50,44.50
2008.10.27 05:36:10.094,1.81815,1.8206,39.10,48.00
2008.10.27 05:36:10.344,1.81815,1.8206,33.90,56.00
2008.10.27 05:36:11.654,1.81835,1.8206,37.90,45.60
2008.10.27 05:36:11.934,1.8186,1.8206,38.70,48.30
2008.10.27 05:36:34.348,1.81895,1.8206,35.80,44.10
2008.10.27 05:36:39.977,1.81875,1.8206,30.70,42.30
2008.10.27 05:36:43.436,1.8188,1.8206,33.90,42.70
2008.10.27 05:36:51.434,1.8186,1.8206,41.40,34.60
2008.10.27 05:36:51.554,1.81875,1.8206,41.40,34.60
2008.10.27 05:36:54.903,1.8188,1.8206,33.50,30.00
2008.10.27 05:36:57.183,1.8189,1.8206,30.90,29.60
2008.10.27 05:37:00.642,1.81875,1.8206,33.50,34.90
2008.10.27 05:37:00.812,1.81935,1.8206,33.50,29.60
2008.10.27 05:37:00.982,1.81975,1.8206,35.10,28.60
2008.10.27 05:37:03.921,1.8199,1.8206,47.90,22.80
2008.10.27 05:37:04.251,1.81985,1.8206,38.70,22.80
2008.10.27 05:37:04.491,1.8199,1.8206,38.70,22.80
2008.10.27 05:37:09.350,1.81995,1.8206,32.90,26.00
2008.10.27 05:37:09.809,1.82,1.8206,40.70,22.10
2008.10.27 05:37:10.030,1.81995,1.8206,38.90,22.10
2008.10.27 05:37:11.270,1.8199,1.8206,40.70,26.00
2008.10.27 05:37:11.609,1.81995,1.8206,35.50,26.00
2008.10.27 05:37:14.369,1.8199,1.8206,40.70,26.00
2008.10.27 05:37:14.839,1.81985,1.8206,43.30,26.00
2008.10.27 05:37:20.327,1.82,1.8206,44.10,26.00
2008.10.27 05:37:20.627,1.8199,1.8206,48.70,24.00
2008.10.27 05:37:21.257,1.82,1.8206,49.90,23.40
2008.10.27 05:37:21.767,1.81995,1.8206,44.10,28.00
2008.10.27 05:37:27.905,1.82,1.8206,60.10,44.00
2008.10.27 05:37:31.185,1.81995,1.8206,60.10,32.00
2008.10.27 05:37:35.954,1.82,1.8206,60.10,32.00
2008.10.27 05:37:38.113,1.81995,1.8206,95.60,57.70
2008.10.27 05:37:38.933,1.82,1.8206,77.20,50.90
2008.10.27 05:37:39.282,1.8201,1.8206,79.60,49.90
2008.10.27 05:37:41.572,1.8202,1.8206,116.60,49.90
2008.10.27 05:37:42.722,1.82015,1.8206,95.60,34.90
2008.10.27 05:37:42.902,1.8201,1.8206,86.50,36.50
2008.10.27 05:37:43.532,1.82015,1.8206,83.30,36.20
2008.10.27 05:37:43.821,1.8201,1.8206,84.10,40.80
2008.10.27 05:38:00.917,1.8205,1.8226,68.00,46.00
2008.10.27 05:38:01.147,1.8205,1.8232,11.60,17.90
2008.10.27 05:38:01.437,1.8206,1.8233,12.60,17.80
2008.10.27 05:38:02.677,1.821,1.823,55.60,47.60
2008.10.27 05:38:02.907,1.82095,1.823,55.60,47.60
2008.10.27 05:38:04.276,1.8211,1.82305,63.60,45.20
2008.10.27 05:38:06.636,1.82125,1.8229,63.60,56.40
2008.10.27 05:38:06.976,1.8213,1.8228,63.60,58.80
2008.10.27 05:38:07.326,1.82135,1.8227,63.60,59.40
2008.10.27 05:38:08.026,1.8214,1.82275,62.80,55.80
2008.10.27 05:38:09.165,1.8213,1.8228,63.60,71.80
2008.10.27 05:38:09.405,1.8212,1.8229,63.80,44.40
2008.10.27 05:38:09.825,1.82125,1.82285,79.60,44.40
2008.10.27 05:38:10.115,1.8213,1.82285,79.60,55.60
2008.10.27 05:38:10.745,1.82135,1.82275,87.60,60.40
2008.10.27 05:38:12.855,1.82135,1.8227,87.60,66.60
2008.10.27 05:38:15.004,1.8215,1.8226,87.70,93.00
2008.10.27 05:38:15.634,1.82155,1.8226,78.50,91.60
2008.10.27 05:38:16.224,1.82155,1.82255,78.50,93.00
2008.10.27 05:38:17.773,1.8216,1.82255,78.50,109.20
2008.10.27 05:38:25.631,1.82155,1.82255,78.50,45.20
2008.10.27 05:38:26.931,1.8215,1.82255,99.70,43.60
2008.10.27 05:38:27.111,1.8215,1.82265,101.40,43.60
2008.10.27 05:38:28.580,1.8216,1.82325,116.30,57.20
2008.10.27 05:38:28.981,1.82165,1.82325,100.10,33.40
2008.10.27 05:38:29.320,1.8217,1.82335,100.10,33.40
2008.10.27 05:38:29.921,1.82165,1.8232,100.10,33.40
2008.10.27 05:38:30.320,1.8217,1.8232,100.10,33.40
2008.10.27 05:38:30.840,1.82185,1.8232,100.10,32.60
2008.10.27 05:38:31.010,1.82185,1.8233,105.90,32.60
2008.10.27 05:38:31.540,1.82235,1.8233,65.90,20.60
2008.10.27 05:38:32.040,1.8222,1.82385,40.70,24.40
2008.10.27 05:38:32.380,1.82215,1.82385,36.10,29.20
2008.10.27 05:38:33.269,1.8221,1.82455,36.80,31.70
2008.10.27 05:38:33.619,1.8221,1.82455,33.90,33.10
2008.10.27 05:38:34.039,1.82225,1.82455,41.90,28.00
2008.10.27 05:38:34.849,1.8223,1.8244,36.10,39.20
2008.10.27 05:38:35.539,1.82225,1.8244,36.10,39.20
2008.10.27 05:38:35.989,1.8221,1.8244,33.30,46.70
2008.10.27 05:38:36.259,1.8221,1.8244,50.90,43.50
2008.10.27 05:38:36.669,1.8223,1.8244,41.90,47.20
2008.10.27 05:38:36.999,1.8224,1.8244,36.10,56.00
2008.10.27 05:38:37.339,1.82225,1.8244,36.20,45.70
2008.10.27 05:38:37.629,1.8222,1.8244,38.10,42.90
2008.10.27 05:38:37.918,1.8222,1.8244,44.10,44.70
2008.10.27 05:38:48.546,1.8222,1.82435,35.40,38.80
2008.10.27 05:38:53.225,1.8222,1.8243,40.20,44.70
2008.10.27 05:38:53.854,1.8222,1.82425,41.00,39.90
2008.10.27 05:38:54.584,1.8222,1.8244,34.60,37.50
2008.10.27 05:38:55.524,1.8222,1.8245,40.20,38.30
2008.10.27 05:38:55.794,1.8222,1.8244,37.40,37.90
2008.10.27 05:38:56.094,1.8222,1.8245,38.90,37.90
2008.10.27 05:38:56.314,1.8222,1.8243,38.90,37.90
2008.10.27 05:38:57.863,1.8222,1.824,45.30,35.30
2008.10.27 05:38:58.544,1.8222,1.82405,36.70,39.90
2008.10.27 05:38:59.343,1.8222,1.8239,36.70,46.20
2008.10.27 05:39:00.453,1.8242,1.8246,36.10,62.50
2008.10.27 05:39:01.153,1.8219,1.8238,50.10,46.20
2008.10.27 05:39:02.373,1.8222,1.8238,37.30,46.20
2008.10.27 05:39:02.602,1.8219,1.8238,36.20,46.20
2008.10.27 05:39:02.843,1.8219,1.824,35.60,47.20
2008.10.27 05:39:04.622,1.82325,1.8254,38.30,49.20
2008.10.27 05:39:04.742,1.8241,1.82435,38.30,47.20
2008.10.27 05:39:04.802,1.8219,1.8239,38.50,52.70
2008.10.27 05:39:04.922,1.8219,1.8239,33.50,46.50
2008.10.27 05:39:05.332,1.8219,1.8238,34.90,54.20
2008.10.27 05:39:06.831,1.8222,1.8237,34.90,54.20
2008.10.27 05:39:08.391,1.8219,1.8237,35.60,54.20
2008.10.27 05:39:08.621,1.8219,1.8238,37.80,62.20
2008.10.27 05:39:12.650,1.8222,1.8238,38.80,65.40
2008.10.27 05:39:13.690,1.8222,1.8239,38.80,65.40
2008.10.27 05:39:14.040,1.8222,1.824,38.80,65.40
2008.10.27 05:39:14.670,1.8222,1.8241,38.80,65.40
2008.10.27 05:39:15.129,1.8222,1.8242,38.80,73.40
2008.10.27 05:39:15.420,1.8222,1.824,40.80,73.40
2008.10.27 05:39:17.389,1.8222,1.8238,35.40,89.40
2008.10.27 05:39:18.139,1.8222,1.824,35.40,70.20
2008.10.27 05:39:27.267,1.8222,1.8238,35.40,77.70
2008.10.27 05:39:28.596,1.8222,1.8239,35.40,59.50
2008.10.27 05:39:36.794,1.8222,1.8239,35.40,54.80
2008.10.27 05:39:37.434,1.8222,1.8238,35.40,51.30
2008.10.27 05:39:38.584,1.8222,1.8237,35.40,35.30
2008.10.27 05:39:39.633,1.8222,1.8238,35.40,35.30
2008.10.27 05:39:43.462,1.8222,1.8237,35.40,29.70
2008.10.27 05:39:48.092,1.8222,1.8238,35.40,25.20
2008.10.27 05:39:48.551,1.8222,1.8237,35.40,39.60
2008.10.27 05:39:49.372,1.8222,1.82455,35.40,36.40
2008.10.27 05:39:49.661,1.8222,1.8243,34.60,27.50
2008.10.27 05:39:55.680,1.8222,1.8241,35.40,41.20
2008.10.27 05:39:57.219,1.8222,1.824,35.40,43.20
2008.10.27 05:39:57.669,1.8222,1.8238,35.40,41.20
2008.10.27 05:39:58.299,1.8222,1.8237,35.40,49.20
2008.10.27 05:39:58.809,1.8222,1.8236,35.40,49.20
2008.10.27 05:39:59.339,1.8222,1.8235,35.40,49.20
2008.10.27 05:40:11.166,1.8222,1.8234,35.40,41.70
2008.10.27 05:40:11.346,1.8222,1.8234,40.20,41.90
2008.10.27 05:40:11.456,1.8222,1.8235,34.60,40.50
2008.10.27 05:40:11.746,1.8222,1.8234,40.20,42.80
2008.10.27 05:40:14.455,1.8222,1.8235,40.20,41.90
2008.10.27 05:40:26.532,1.8222,1.8234,35.40,73.20
2008.10.27 05:40:27.882,1.8222,1.82415,35.40,63.40
2008.10.27 05:40:28.122,1.8222,1.8239,35.40,60.10
2008.10.27 05:40:33.721,1.8222,1.8238,35.40,65.20
2008.10.27 05:40:35.500,1.8222,1.8238,35.40,64.10
2008.10.27 05:40:36.200,1.8222,1.8237,35.40,65.20
2008.10.27 05:40:36.480,1.8222,1.8236,35.40,65.20
2008.10.27 05:40:37.179,1.8222,1.8235,35.40,65.20
2008.10.27 05:40:37.779,1.8222,1.8234,35.40,62.00
2008.10.27 05:40:39.579,1.8222,1.8233,35.40,65.20
2008.10.27 05:40:40.749,1.8222,1.8234,35.40,62.00
2008.10.27 05:40:50.866,1.8222,1.8233,38.90,37.80
2008.10.27 05:40:51.227,1.8222,1.82325,38.90,38.20
2008.10.27 05:40:53.026,1.8222,1.8231,38.90,38.20
2008.10.27 05:40:54.475,1.8222,1.8232,38.90,38.20
2008.10.27 05:40:55.395,1.8222,1.8233,38.90,31.50
2008.10.27 05:40:57.025,1.8222,1.8234,38.90,36.30
2008.10.27 05:41:00.819,1.82195,1.82245,1.00,1.20
2008.10.27 05:41:15.066,1.82187,1.82253,1.90,1.20
2008.10.27 05:41:15.346,1.82187,1.82253,1.00,1.20
2008.10.27 05:41:15.746,1.82193,1.82248,1.00,6.00
2008.10.27 05:41:15.926,1.82183,1.82258,1.00,1.20
2008.10.27 05:41:17.175,1.8218,1.8226,1.00,2.40
2008.10.27 05:41:19.045,1.82183,1.82258,1.00,1.20
2008.10.27 05:41:19.435,1.8218,1.8226,1.20,1.20
2008.10.27 05:41:21.234,1.8218,1.8226,1.00,1.20
2008.10.27 05:41:21.864,1.82175,1.82265,1.00,1.20
2008.10.27 05:41:21.974,1.82183,1.82258,1.00,1.20
2008.10.27 05:41:22.264,1.82193,1.82248,1.00,1.20
2008.10.27 05:41:22.604,1.82198,1.82242,1.20,1.20
2008.10.27 05:41:22.774,1.82185,1.82255,1.00,1.20
2008.10.27 05:41:24.104,1.82178,1.82262,1.00,1.20
2008.10.27 05:41:24.444,1.8218,1.8226,1.00,1.20
2008.10.27 05:41:25.533,1.82173,1.82268,1.20,1.20
2008.10.27 05:41:25.813,1.8219,1.8225,1.00,1.20
2008.10.27 05:41:26.103,1.82187,1.82253,1.00,1.80
2008.10.27 05:41:27.363,1.82193,1.82248,3.10,1.20
2008.10.27 05:41:27.523,1.82193,1.82248,1.30,1.20
2008.10.27 05:41:27.823,1.82195,1.82245,3.10,1.20
2008.10.27 05:41:28.633,1.82193,1.82248,1.00,4.20
2008.10.27 05:41:28.803,1.8219,1.8225,1.00,1.20
2008.10.27 05:41:28.913,1.8219,1.8225,1.00,1.20
2008.10.27 05:41:29.153,1.8219,1.8225,1.00,1.20
2008.10.27 05:41:29.452,1.82193,1.82248,1.00,1.20
2008.10.27 05:41:29.842,1.8219,1.8225,1.20,1.20
2008.10.27 05:41:30.422,1.82187,1.82253,1.00,1.80
2008.10.27 05:41:30.602,1.82178,1.82262,1.00,1.20
2008.10.27 05:41:30.992,1.82185,1.82255,1.20,1.20
2008.10.27 05:41:31.232,1.82185,1.82255,1.30,1.20
2008.10.27 05:41:31.582,1.82185,1.82255,1.00,2.40
2008.10.27 05:41:32.212,1.8217,1.8227,1.00,1.20
2008.10.27 05:41:32.491,1.82175,1.82265,3.10,3.00
2008.10.27 05:41:32.672,1.82175,1.82265,1.00,1.20
2008.10.27 05:41:32.962,1.82165,1.82275,1.00,1.20
2008.10.27 05:41:33.142,1.82163,1.82278,1.20,1.20
2008.10.27 05:41:33.761,1.8216,1.8228,1.00,4.20
2008.10.27 05:41:34.051,1.82158,1.82282,1.00,1.00
2008.10.27 05:41:34.501,1.8215,1.8229,1.00,1.80
2008.10.27 05:41:34.791,1.8215,1.8229,1.00,6.00
2008.10.27 05:41:35.140,1.82153,1.82288,1.00,1.20
2008.10.27 05:41:35.431,1.82155,1.82285,1.30,1.20
2008.10.27 05:41:35.661,1.82187,1.82253,1.00,6.00
2008.10.27 05:41:35.891,1.82185,1.82255,1.00,3.00
2008.10.27 05:41:36.281,1.82185,1.82255,1.00,6.00
2008.10.27 05:41:36.719,1.82193,1.82248,1.00,1.00
2008.10.27 05:41:37.111,1.82187,1.82253,1.00,1.80
2008.10.27 05:41:37.620,1.8218,1.8226,1.00,1.20
2008.10.27 05:41:37.910,1.82183,1.82258,1.00,1.20
2008.10.27 05:41:38.130,1.82185,1.82255,1.00,1.20
2008.10.27 05:41:38.520,1.82173,1.82268,1.00,1.20
2008.10.27 05:41:38.700,1.8217,1.8227,1.00,6.00
2008.10.27 05:41:39.320,1.82167,1.82273,1.20,1.20
2008.10.27 05:41:39.610,1.8217,1.8227,1.00,6.00
2008.10.27 05:41:39.910,1.82173,1.82268,1.00,6.00
2008.10.27 05:41:40.200,1.82183,1.82258,1.80,1.20
2008.10.27 05:41:40.560,1.82175,1.82265,1.00,1.80
2008.10.27 05:41:40.730,1.82173,1.82268,3.10,1.20
2008.10.27 05:41:41.010,1.8217,1.8227,1.00,1.20
2008.10.27 05:41:41.469,1.8217,1.8227,3.10,3.00
2008.10.27 05:41:41.919,1.82173,1.82268,1.00,6.00
2008.10.27 05:41:42.429,1.82167,1.82273,1.00,1.20
2008.10.27 05:41:42.779,1.8216,1.8228,1.00,1.20
2008.10.27 05:41:43.139,1.82163,1.82278,1.00,2.40
2008.10.27 05:41:43.479,1.82193,1.82248,1.00,1.80
2008.10.27 05:41:43.809,1.8218,1.8226,1.00,1.20
2008.10.27 05:41:44.429,1.82173,1.82268,1.30,1.20
2008.10.27 05:41:44.959,1.82175,1.82265,1.20,1.20
2008.10.27 05:41:46.518,1.82173,1.82268,1.00,2.40
2008.10.27 05:41:46.758,1.82167,1.82273,1.00,1.20
2008.10.27 05:41:47.148,1.82165,1.82275,1.00,1.20
2008.10.27 05:41:48.098,1.8216,1.8228,1.00,1.20
2008.10.27 05:41:48.338,1.82165,1.82275,1.00,4.20
2008.10.27 05:41:48.898,1.82178,1.82262,1.20,1.20
2008.10.27 05:41:49.178,1.82185,1.82255,1.00,1.80
2008.10.27 05:41:49.527,1.8218,1.8226,1.00,1.20
2008.10.27 05:41:50.127,1.82195,1.82245,1.00,1.20
2008.10.27 05:41:50.398,1.82175,1.82265,1.00,1.20
2008.10.27 05:41:50.627,1.82175,1.82265,1.00,1.20
2008.10.27 05:41:51.077,1.82178,1.82262,1.00,1.80
2008.10.27 05:41:51.367,1.82167,1.82273,1.00,1.20
2008.10.27 05:41:51.597,1.8217,1.8227,1.00,1.20
2008.10.27 05:41:51.837,1.82165,1.82275,1.00,2.40
2008.10.27 05:41:52.187,1.82167,1.82273,1.00,1.20
2008.10.27 05:41:52.536,1.82215,1.82225,1.00,2.40
2008.10.27 05:41:52.767,1.82178,1.82262,1.00,1.20
2008.10.27 05:41:53.556,1.82212,1.82228,1.00,4.20
2008.10.27 05:41:53.887,1.82178,1.82262,1.20,1.80
2008.10.27 05:41:54.377,1.82207,1.82233,1.00,2.40
2008.10.27 05:41:57.546,1.82212,1.82228,1.00,1.20
2008.10.27 05:41:59.065,1.8221,1.8223,1.20,1.20
2008.10.27 05:42:07.208,1.8222,1.82405,49.00,39.40
2008.10.27 05:42:16.546,1.8222,1.8241,48.20,37.00
2008.10.27 05:42:53.217,1.8222,1.8239,49.00,31.40
2008.10.27 05:42:54.137,1.8222,1.8238,48.20,41.30
2008.10.27 05:42:54.416,1.8222,1.8242,48.20,44.00
2008.10.27 05:42:56.876,1.8222,1.8239,49.00,44.20
2008.10.27 05:43:00.405,1.8222,1.8242,49.00,42.40
2008.10.27 05:43:03.444,1.8222,1.824,42.60,38.40
2008.10.27 05:43:12.832,1.8222,1.8241,48.20,36.00
2008.10.27 05:43:20.590,1.8222,1.8242,48.20,41.30
2008.10.27 05:43:21.060,1.8222,1.8243,48.20,43.50
2008.10.27 05:43:22.160,1.8222,1.8242,48.20,41.30
2008.10.27 05:43:23.020,1.8222,1.8241,48.20,43.50
2008.10.27 05:43:29.318,1.8222,1.8242,43.40,43.50
2008.10.27 05:43:38.186,1.8222,1.8243,48.60,41.80
2008.10.27 05:43:38.596,1.8222,1.8247,46.10,43.20
2008.10.27 05:43:38.816,1.8222,1.8246,51.70,49.80
2008.10.27 05:43:41.955,1.8222,1.8243,47.80,50.70
2008.10.27 05:43:43.395,1.8222,1.824,42.60,61.70
2008.10.27 05:43:43.724,1.8222,1.82395,48.20,61.70
2008.10.27 05:43:57.991,1.8222,1.82435,48.20,51.30
2008.10.27 05:43:58.501,1.8222,1.82425,48.20,55.20
2008.10.27 05:43:58.701,1.8222,1.82435,48.20,50.50
2008.10.27 05:43:59.171,1.8222,1.8242,48.20,52.70
2008.10.27 05:44:03.730,1.8222,1.82395,48.20,53.70
2008.10.27 05:44:05.319,1.8222,1.8236,48.20,65.20
2008.10.27 05:44:05.849,1.8222,1.82355,48.20,43.60
2008.10.27 05:44:06.079,1.8222,1.82345,48.20,45.70
2008.10.27 05:44:06.769,1.8222,1.8234,48.20,40.90
2008.10.27 05:44:08.289,1.8222,1.8233,48.20,42.50
2008.10.27 05:44:09.318,1.8222,1.82325,48.20,30.40
2008.10.27 05:44:09.668,1.8222,1.8232,48.20,36.60
2008.10.27 05:44:09.848,1.8222,1.8232,48.20,33.70
2008.10.27 05:44:10.008,1.8222,1.8232,48.20,35.10
2008.10.27 05:44:10.538,1.8222,1.82305,48.20,37.70
2008.10.27 05:44:11.368,1.8222,1.82285,48.20,33.50
2008.10.27 05:44:11.848,1.8222,1.8227,48.20,34.50
2008.10.27 05:44:12.118,1.8222,1.82255,47.40,33.70
2008.10.27 05:44:12.628,1.8222,1.8231,47.40,35.30
2008.10.27 05:44:12.858,1.8222,1.82315,48.20,41.50
2008.10.27 05:44:18.466,1.8222,1.82315,48.20,43.70
2008.10.27 05:44:18.746,1.8222,1.8236,48.20,43.90
2008.10.27 05:44:19.086,1.8222,1.82365,49.20,43.90
2008.10.27 05:44:20.146,1.8222,1.8236,48.20,43.90
2008.10.27 05:44:20.426,1.8222,1.8238,48.20,43.90
2008.10.27 05:44:20.776,1.8222,1.82385,48.20,43.90
2008.10.27 05:44:21.455,1.8222,1.824,48.20,49.70
2008.10.27 05:44:21.806,1.8222,1.82405,48.20,45.60
2008.10.27 05:44:22.275,1.8222,1.8241,48.20,49.70
2008.10.27 05:44:26.384,1.8222,1.8241,42.60,37.30
2008.10.27 05:44:26.714,1.8222,1.8239,48.20,43.90
2008.10.27 05:44:27.054,1.8222,1.82385,48.20,43.90
2008.10.27 05:44:27.444,1.8222,1.82335,46.80,44.10
2008.10.27 05:44:29.694,1.8198,1.8232,11.90,13.80
2008.10.27 05:44:29.973,1.81885,1.82225,12.00,13.80
2008.10.27 05:44:30.094,1.8193,1.82235,11.90,13.80
2008.10.27 05:44:30.323,1.81925,1.82235,33.60,29.70
2008.10.27 05:44:30.673,1.8197,1.8228,35.00,32.50
2008.10.27 05:44:31.033,1.8196,1.8227,39.60,33.50
2008.10.27 05:44:31.383,1.8198,1.82285,39.60,43.10
2008.10.27 05:44:32.003,1.81985,1.8229,39.60,37.90
2008.10.27 05:44:32.293,1.81985,1.82295,35.00,34.00
2008.10.27 05:44:33.023,1.8199,1.823,36.40,36.70
2008.10.27 05:44:33.253,1.81995,1.82305,36.40,36.70
2008.10.27 05:44:33.593,1.82005,1.82315,45.00,36.70
2008.10.27 05:44:34.102,1.8201,1.82315,38.50,38.50
2008.10.27 05:44:37.212,1.82025,1.82335,39.80,44.70
2008.10.27 05:44:51.378,1.8201,1.8232,52.50,41.50
2008.10.27 05:44:51.558,1.8201,1.82315,57.90,43.10
2008.10.27 05:44:53.408,1.8203,1.82315,37.50,39.30
2008.10.27 05:44:53.578,1.82055,1.82385,41.40,48.50
2008.10.27 05:44:53.638,1.821,1.8244,33.90,53.70
2008.10.27 05:44:54.028,1.82165,1.82475,27.70,48.30
2008.10.27 05:44:54.258,1.82165,1.8239,39.90,47.20
2008.10.27 05:44:55.717,1.8218,1.8236,39.00,46.80
2008.10.27 05:44:56.697,1.8218,1.8237,59.20,35.60
2008.10.27 05:44:56.937,1.8218,1.8239,59.20,34.20
2008.10.27 05:44:57.047,1.8218,1.8238,59.20,42.20
2008.10.27 05:44:58.207,1.8218,1.8237,53.20,43.80
2008.10.27 05:44:58.507,1.8218,1.8238,35.20,45.40
2008.10.27 05:44:59.126,1.8202,1.8233,35.60,48.50
2008.10.27 05:45:00.706,1.82025,1.8233,31.70,49.50
2008.10.27 05:45:01.806,1.8201,1.82315,42.90,49.50
2008.10.27 05:45:02.106,1.82005,1.82315,42.90,50.50
2008.10.27 05:45:02.506,1.82005,1.8231,50.90,55.30
2008.10.27 05:45:02.865,1.82,1.8231,61.90,50.50
2008.10.27 05:45:03.146,1.81995,1.82305,62.60,45.90
2008.10.27 05:45:03.595,1.8199,1.82295,41.20,28.10
2008.10.27 05:45:05.435,1.8199,1.823,52.20,29.70
2008.10.27 05:45:06.115,1.81985,1.82295,43.00,37.70
2008.10.27 05:45:06.355,1.8198,1.8229,28.20,42.50
2008.10.27 05:45:06.525,1.8197,1.8228,28.20,42.50
2008.10.27 05:45:06.705,1.8196,1.8227,34.20,36.10
2008.10.27 05:45:08.744,1.81965,1.82275,27.00,47.30
2008.10.27 05:45:18.912,1.8197,1.82275,25.40,59.10
2008.10.27 05:45:21.351,1.8197,1.8228,44.20,59.10
2008.10.27 05:45:35.538,1.81975,1.82285,50.20,59.10
2008.10.27 05:45:42.906,1.82,1.8234,41.30,58.80
2008.10.27 05:45:43.196,1.82,1.82335,30.30,53.60
2008.10.27 05:45:43.306,1.82,1.8234,25.50,50.00
2008.10.27 05:45:47.325,1.8202,1.82325,28.70,52.10
2008.10.27 05:45:48.715,1.82015,1.8232,41.30,51.10
2008.10.27 05:45:49.064,1.8201,1.8232,36.50,52.10
2008.10.27 05:46:01.512,1.8201,1.82315,36.60,59.10
2008.10.27 05:46:01.851,1.82005,1.8231,32.00,66.50
2008.10.27 05:46:19.347,1.82005,1.823,44.90,38.60
2008.10.27 05:46:26.325,1.82005,1.8231,46.30,50.20
2008.10.27 05:46:26.445,1.8202,1.8231,46.30,44.00
2008.10.27 05:46:30.214,1.8197,1.82295,47.00,32.10
2008.10.27 05:46:30.454,1.8193,1.8227,47.00,27.30
2008.10.27 05:46:30.894,1.8193,1.82265,55.00,27.30
2008.10.27 05:46:32.174,1.8193,1.8224,47.00,27.30
2008.10.27 05:46:32.354,1.81925,1.82235,49.20,31.30
2008.10.27 05:46:32.524,1.8192,1.8223,49.20,31.30
2008.10.27 05:46:34.404,1.8192,1.82225,55.00,31.30
2008.10.27 05:46:34.683,1.81915,1.82225,52.40,31.30
2008.10.27 05:46:35.433,1.8192,1.82225,55.00,31.30
2008.10.27 05:46:36.533,1.81885,1.82205,57.20,23.30
2008.10.27 05:46:48.710,1.8191,1.8222,64.60,26.50
2008.10.27 05:46:48.830,1.8191,1.8222,64.60,24.10
2008.10.27 05:46:56.808,1.81905,1.8221,66.20,20.10
2008.10.27 05:47:00.908,1.81905,1.822,42.20,29.60
2008.10.27 05:47:01.017,1.81905,1.8221,45.40,29.50
2008.10.27 05:47:01.427,1.8189,1.822,42.20,33.50
2008.10.27 05:47:01.657,1.81885,1.82195,47.20,26.40
2008.10.27 05:47:03.497,1.81885,1.8219,50.20,30.30
2008.10.27 05:47:03.836,1.81885,1.82195,55.00,27.20
2008.10.27 05:47:04.126,1.81885,1.8219,55.00,33.70
2008.10.27 05:47:04.736,1.81885,1.8219,55.00,30.30
2008.10.27 05:47:05.246,1.81885,1.82195,47.20,27.20
2008.10.27 05:47:05.826,1.81885,1.8219,55.00,31.80
2008.10.27 05:47:06.116,1.81885,1.8219,55.00,33.70
2008.10.27 05:47:07.106,1.8188,1.8219,63.00,37.70
2008.10.27 05:47:08.835,1.819,1.8219,79.00,44.90
2008.10.27 05:47:09.055,1.819,1.8219,47.00,46.20
2008.10.27 05:47:09.455,1.819,1.822,55.00,47.80
2008.10.27 05:47:10.155,1.8191,1.822,47.50,55.80
2008.10.27 05:47:10.325,1.8191,1.8221,47.50,55.80
2008.10.27 05:47:10.675,1.8191,1.822,47.50,55.80
2008.10.27 05:47:12.874,1.8191,1.8221,39.50,64.80
2008.10.27 05:47:14.644,1.8191,1.822,39.50,63.80
2008.10.27 05:47:17.183,1.81965,1.822,39.00,48.80
2008.10.27 05:47:17.523,1.81965,1.8222,42.20,46.40
2008.10.27 05:47:17.863,1.81995,1.8224,39.20,48.60
2008.10.27 05:47:18.213,1.8193,1.8224,51.90,66.20
2008.10.27 05:47:22.152,1.82205,1.8242,31.70,28.80
2008.10.27 05:47:24.151,1.82205,1.8241,41.10,28.80
2008.10.27 05:47:24.321,1.82205,1.8242,32.10,28.80
2008.10.27 05:47:24.431,1.82205,1.8241,32.30,28.80
2008.10.27 05:47:24.711,1.822,1.8242,26.50,28.80
2008.10.27 05:47:24.831,1.822,1.8243,32.90,28.80
2008.10.27 05:47:25.241,1.822,1.8242,32.90,28.80
2008.10.27 05:47:25.401,1.8219,1.8242,32.90,28.80
2008.10.27 05:47:27.600,1.8218,1.8242,37.70,33.00
2008.10.27 05:47:27.831,1.8218,1.8243,32.80,29.40
2008.10.27 05:47:29.860,1.8218,1.8241,31.40,29.40
2008.10.27 05:47:33.059,1.8218,1.824,39.20,32.60
2008.10.27 05:47:34.049,1.8218,1.8241,44.80,29.40
2008.10.27 05:47:34.559,1.8218,1.824,52.80,29.40
2008.10.27 05:47:36.589,1.8218,1.8241,52.80,29.40
2008.10.27 05:47:42.477,1.8218,1.824,40.20,26.40
2008.10.27 05:47:42.827,1.8218,1.82385,48.20,31.10
2008.10.27 05:47:43.067,1.8218,1.8238,48.20,31.10
2008.10.27 05:47:45.696,1.8218,1.82455,52.00,27.80
2008.10.27 05:47:46.736,1.82185,1.8244,46.60,30.10
2008.10.27 05:47:47.086,1.82245,1.8251,40.90,34.20
2008.10.27 05:47:48.296,1.8226,1.8247,40.90,38.30
2008.10.27 05:47:48.646,1.8226,1.8246,40.90,32.00
2008.10.27 05:47:49.035,1.8226,1.8247,43.10,44.00
2008.10.27 05:47:49.206,1.8226,1.8245,40.20,32.70
2008.10.27 05:47:49.625,1.8226,1.8242,34.60,34.50
2008.10.27 05:47:51.275,1.8226,1.82405,40.20,50.30
2008.10.27 05:47:51.505,1.8227,1.824,41.20,45.70
2008.10.27 05:47:51.955,1.8227,1.82505,41.00,54.70
2008.10.27 05:47:52.475,1.8227,1.8248,41.20,32.00
2008.10.27 05:47:52.814,1.8227,1.8247,41.00,42.80
2008.10.27 05:47:53.154,1.8227,1.8244,38.80,43.40
2008.10.27 05:47:54.364,1.8227,1.82455,42.30,54.50
2008.10.27 05:47:55.214,1.8227,1.82445,38.80,50.80
2008.10.27 05:47:55.614,1.8227,1.82425,42.30,50.80
2008.10.27 05:47:55.784,1.8227,1.82415,38.80,26.80
2008.10.27 05:47:56.404,1.8227,1.8242,42.30,78.60
2008.10.27 05:47:56.903,1.8227,1.82425,41.00,79.70
2008.10.27 05:47:57.244,1.8227,1.8241,38.80,62.30
2008.10.27 05:47:58.063,1.8227,1.824,38.80,47.80
2008.10.27 05:47:59.233,1.8227,1.824,38.80,63.10
2008.10.27 05:47:59.513,1.8227,1.82405,46.80,31.10
2008.10.27 05:48:05.872,1.8227,1.8244,50.80,46.30
2008.10.27 05:48:07.651,1.8227,1.82415,49.20,38.10
2008.10.27 05:48:08.271,1.8227,1.82445,46.80,35.30
2008.10.27 05:48:10.120,1.8227,1.8244,46.80,30.50
2008.10.27 05:48:11.880,1.8227,1.82445,43.40,33.50
2008.10.27 05:48:12.290,1.8227,1.8242,47.40,34.30
2008.10.27 05:48:12.699,1.8227,1.82465,46.80,27.30
2008.10.27 05:48:16.269,1.8227,1.82535,49.00,27.20
2008.10.27 05:48:16.489,1.8227,1.82545,49.00,39.50
2008.10.27 05:48:16.879,1.8227,1.8251,46.80,32.90
2008.10.27 05:48:17.918,1.8227,1.8248,42.00,32.90
2008.10.27 05:48:18.268,1.8227,1.82475,46.80,32.70
2008.10.27 05:48:18.628,1.8227,1.82495,46.80,32.70
2008.10.27 05:48:19.148,1.8227,1.8249,46.80,37.90
2008.10.27 05:48:19.888,1.8227,1.82495,46.80,32.70
2008.10.27 05:48:20.068,1.8227,1.82485,49.00,32.70
2008.10.27 05:48:20.408,1.8227,1.82505,46.80,35.10
2008.10.27 05:48:20.568,1.82285,1.82585,52.30,44.70
2008.10.27 05:48:20.868,1.82285,1.82585,52.30,49.90
2008.10.27 05:48:21.248,1.8227,1.8256,48.60,41.70
2008.10.27 05:48:22.277,1.8227,1.8251,43.40,55.10
2008.10.27 05:48:22.447,1.8227,1.825,42.00,55.30
2008.10.27 05:48:22.667,1.8227,1.8256,48.60,57.10
2008.10.27 05:48:24.627,1.8227,1.8254,63.20,55.10
2008.10.27 05:48:24.857,1.8227,1.8256,51.30,46.50
2008.10.27 05:48:25.147,1.8227,1.82555,51.70,47.30
2008.10.27 05:48:25.887,1.8227,1.8255,52.50,49.30
2008.10.27 05:48:33.954,1.8227,1.8255,66.90,49.30
2008.10.27 05:48:51.660,1.8227,1.82555,66.90,49.30
2008.10.27 05:48:55.919,1.8227,1.82555,66.70,46.10
2008.10.27 05:49:02.667,1.8227,1.8254,51.90,42.50
2008.10.27 05:49:03.348,1.8227,1.82555,52.10,43.80
2008.10.27 05:49:06.247,1.8227,1.8255,52.10,44.70
2008.10.27 05:49:12.095,1.8227,1.82555,66.70,43.90
2008.10.27 05:49:12.845,1.8227,1.8255,66.70,43.90
2008.10.27 05:49:13.935,1.8227,1.8255,76.70,29.40
2008.10.27 05:49:18.224,1.8227,1.82545,72.80,33.20
2008.10.27 05:49:20.703,1.8227,1.8253,73.20,31.70
2008.10.27 05:49:20.763,1.8227,1.8253,73.20,33.10
2008.10.27 05:49:21.163,1.8227,1.8253,73.20,37.10
2008.10.27 05:49:31.771,1.8227,1.8252,56.60,28.90
2008.10.27 05:49:32.330,1.8227,1.8251,51.40,23.30
2008.10.27 05:49:32.611,1.8227,1.82495,51.40,23.30
2008.10.27 05:49:34.040,1.8227,1.82485,51.40,23.30
2008.10.27 05:49:34.380,1.8227,1.82475,51.40,23.30
2008.10.27 05:50:17.759,1.8227,1.82465,54.80,25.10
2008.10.27 05:50:18.329,1.8227,1.82445,54.80,21.30
2008.10.27 05:50:25.568,1.8227,1.8244,54.80,22.10
2008.10.27 05:50:26.068,1.8227,1.82435,54.80,20.10
2008.10.27 05:50:35.095,1.8227,1.82375,50.00,28.10
2008.10.27 05:50:35.605,1.8227,1.8239,54.80,47.30
2008.10.27 05:50:36.605,1.8227,1.82355,55.00,24.30
2008.10.27 05:50:37.596,1.8227,1.8236,55.00,39.50
2008.10.27 05:50:38.745,1.8227,1.82295,51.40,28.50
2008.10.27 05:50:38.985,1.8227,1.8238,54.80,37.90
2008.10.27 05:50:39.284,1.8227,1.82445,56.20,36.10
2008.10.27 05:50:39.624,1.8227,1.8247,50.60,43.00
2008.10.27 05:50:40.744,1.8227,1.8237,56.20,39.70
2008.10.27 05:50:41.214,1.8227,1.8238,56.20,39.70
2008.10.27 05:50:41.554,1.8227,1.82375,56.20,39.90
2008.10.27 05:50:42.104,1.8227,1.8235,56.20,40.90
2008.10.27 05:50:43.963,1.8227,1.82355,57.20,36.50
2008.10.27 05:50:45.113,1.8227,1.82375,56.40,36.10
2008.10.27 05:50:45.453,1.8227,1.82395,56.20,39.90
2008.10.27 05:50:45.813,1.8227,1.8238,56.20,39.90
2008.10.27 05:50:46.323,1.8227,1.82375,56.20,36.70
2008.10.27 05:50:46.622,1.8227,1.8238,56.20,44.70
2008.10.27 05:50:48.322,1.8227,1.82395,55.20,31.90
2008.10.27 05:50:49.122,1.8227,1.8238,56.20,31.90
2008.10.27 05:50:50.492,1.8227,1.82385,57.00,24.90
2008.10.27 05:50:50.782,1.8227,1.8239,51.40,24.90
2008.10.27 05:50:51.062,1.8227,1.82395,51.40,24.90
2008.10.27 05:50:51.481,1.8227,1.82465,51.40,37.60
2008.10.27 05:50:51.831,1.8227,1.82455,50.60,34.60
2008.10.27 05:50:52.061,1.8227,1.82435,51.40,39.30
2008.10.27 05:50:54.031,1.8227,1.82435,51.40,35.20
2008.10.27 05:50:54.960,1.8227,1.8244,51.40,32.00
2008.10.27 05:50:55.180,1.8227,1.8245,51.40,41.50
2008.10.27 05:50:58.920,1.8227,1.8244,51.40,24.40
2008.10.27 05:50:59.389,1.8227,1.82395,51.20,28.50
2008.10.27 05:51:00.149,1.8227,1.8234,51.40,24.70
2008.10.27 05:51:01.689,1.8227,1.82305,55.20,35.50
2008.10.27 05:51:01.979,1.8227,1.8229,55.20,35.50
2008.10.27 05:51:02.279,1.8227,1.8228,56.20,27.50
2008.10.27 05:51:02.669,1.82243,1.82303,56.20,27.50
2008.10.27 05:51:03.129,1.8224,1.82255,57.20,36.90
2008.10.27 05:51:03.188,1.8227,1.8235,55.20,32.00
2008.10.27 05:51:03.529,1.8227,1.82345,56.20,45.50
2008.10.27 05:51:04.148,1.8227,1.8236,53.80,26.00
2008.10.27 05:51:04.318,1.8227,1.8236,56.20,28.10
2008.10.27 05:51:04.708,1.8227,1.8246,56.20,23.80
2008.10.27 05:51:05.908,1.8227,1.8242,56.20,28.80
2008.10.27 05:51:06.128,1.8227,1.82395,51.40,29.90
2008.10.27 05:51:06.358,1.8227,1.82345,51.40,26.30
2008.10.27 05:51:06.758,1.8227,1.82355,56.20,22.90
2008.10.27 05:51:06.977,1.8227,1.82345,51.40,34.10
2008.10.27 05:51:07.138,1.8227,1.8234,51.40,35.30
2008.10.27 05:51:08.787,1.8227,1.823,51.40,31.90
2008.10.27 05:51:09.187,1.8227,1.82285,51.40,40.50
2008.10.27 05:51:09.307,1.82245,1.823,51.40,48.20
2008.10.27 05:51:10.007,1.8223,1.8248,62.60,60.10
2008.10.27 05:51:10.776,1.8226,1.8247,54.80,50.90
2008.10.27 05:51:11.116,1.8226,1.8229,54.80,41.70
2008.10.27 05:51:11.237,1.8225,1.8229,56.60,41.70
2008.10.27 05:51:11.357,1.8225,1.824,56.60,43.70
2008.10.27 05:51:11.467,1.8226,1.82405,56.20,37.70
2008.10.27 05:51:11.577,1.8226,1.82455,56.20,39.30
2008.10.27 05:51:11.856,1.8227,1.8247,50.60,35.90
2008.10.27 05:51:12.217,1.8227,1.8242,56.20,32.90
2008.10.27 05:51:12.626,1.8227,1.824,56.20,32.90
2008.10.27 05:51:14.006,1.8227,1.82355,56.20,34.50
2008.10.27 05:51:14.296,1.8227,1.823,51.40,34.50
2008.10.27 05:51:17.655,1.8227,1.8229,54.40,59.30
2008.10.27 05:51:18.015,1.8227,1.8242,56.20,71.00
2008.10.27 05:51:18.245,1.8227,1.82475,51.40,63.30
2008.10.27 05:51:20.784,1.8227,1.8246,56.20,60.10
2008.10.27 05:51:23.654,1.8227,1.82435,50.60,27.20
2008.10.27 05:51:24.094,1.8227,1.8243,51.40,27.90
2008.10.27 05:51:29.762,1.8227,1.82405,50.00,24.20
2008.10.27 05:51:31.921,1.8227,1.824,51.40,24.50
2008.10.27 05:51:35.401,1.8227,1.824,51.40,34.70
2008.10.27 05:51:35.701,1.8227,1.82395,51.40,32.00
2008.10.27 05:51:44.429,1.8227,1.824,51.40,39.50
2008.10.27 05:51:46.768,1.8227,1.824,51.40,31.90
2008.10.27 05:51:47.278,1.8227,1.824,51.40,47.50
2008.10.27 05:51:49.478,1.8227,1.82335,51.20,35.90
2008.10.27 05:51:49.818,1.8189,1.8223,12.30,15.80
2008.10.27 05:51:50.047,1.8188,1.822,12.60,15.10
2008.10.27 05:51:51.817,1.8188,1.8219,42.10,29.50
2008.10.27 05:51:52.107,1.8194,1.8219,38.80,26.50
2008.10.27 05:51:52.397,1.8194,1.822,38.80,26.10
2008.10.27 05:51:52.676,1.8208,1.8221,26.60,30.90
2008.10.27 05:51:53.997,1.821,1.82295,41.00,47.10
2008.10.27 05:51:54.176,1.821,1.8238,44.80,46.80
2008.10.27 05:51:54.346,1.8212,1.8238,30.90,42.60
2008.10.27 05:51:55.026,1.8212,1.8238,32.60,39.50
2008.10.27 05:51:55.596,1.8212,1.8236,32.60,39.70
2008.10.27 05:51:57.566,1.8212,1.8236,36.80,42.20
2008.10.27 05:51:58.855,1.8219,1.8236,46.40,35.00
2008.10.27 05:52:01.335,1.8221,1.8236,38.60,43.30
2008.10.27 05:52:03.594,1.8221,1.8236,57.30,38.20
2008.10.27 05:52:04.054,1.82235,1.8236,33.00,35.80
2008.10.27 05:52:14.561,1.8221,1.8252,11.90,17.80
2008.10.27 05:52:15.091,1.8231,1.8252,26.90,27.30
2008.10.27 05:52:15.491,1.8231,1.8251,26.90,29.30
2008.10.27 05:52:16.461,1.8232,1.8249,26.90,27.70
2008.10.27 05:52:18.260,1.8232,1.8248,33.10,24.40
2008.10.27 05:52:18.490,1.8232,1.8249,31.50,26.70
2008.10.27 05:52:21.900,1.8232,1.82455,41.50,48.70
2008.10.27 05:52:22.189,1.8232,1.8244,41.30,41.00
2008.10.27 05:52:22.759,1.823,1.82445,49.00,30.10
2008.10.27 05:52:24.499,1.823,1.8244,38.10,30.10
2008.10.27 05:52:27.828,1.823,1.8243,37.30,30.10
2008.10.27 05:52:29.488,1.823,1.8244,38.10,30.10
2008.10.27 05:52:29.907,1.823,1.82495,44.80,35.20
2008.10.27 05:52:30.307,1.823,1.82505,45.60,63.80
2008.10.27 05:52:30.547,1.823,1.82515,45.60,38.30
2008.10.27 05:52:36.596,1.823,1.8249,47.20,27.60
2008.10.27 05:52:36.836,1.823,1.825,45.60,30.00
2008.10.27 05:52:40.535,1.823,1.8251,50.40,24.40
2008.10.27 05:52:41.895,1.8231,1.8251,48.30,30.10
2008.10.27 05:52:42.245,1.823,1.82575,50.40,20.00
2008.10.27 05:52:42.425,1.823,1.82615,47.20,31.10
2008.10.27 05:52:43.115,1.823,1.82615,47.20,30.20
2008.10.27 05:52:44.224,1.823,1.8259,50.40,30.20
2008.10.27 05:52:44.714,1.823,1.8258,58.40,32.60
2008.10.27 05:52:45.034,1.823,1.8257,51.20,30.20
2008.10.27 05:52:45.624,1.823,1.82565,34.50,34.20
2008.10.27 05:52:46.024,1.823,1.8255,34.90,31.10
2008.10.27 05:52:46.454,1.823,1.8257,37.60,36.00
2008.10.27 05:52:47.023,1.823,1.8258,45.60,41.50
2008.10.27 05:52:48.233,1.823,1.82585,44.20,44.10
2008.10.27 05:52:48.583,1.823,1.8256,40.20,48.90
2008.10.27 05:52:48.694,1.823,1.82555,40.20,48.70
2008.10.27 05:52:49.053,1.823,1.8255,34.60,44.10
2008.10.27 05:52:51.402,1.82315,1.8264,36.30,25.10
2008.10.27 05:52:51.723,1.8232,1.82645,44.10,37.70
2008.10.27 05:52:52.013,1.8233,1.82655,44.10,34.90
2008.10.27 05:52:52.352,1.8233,1.8266,48.90,32.90
2008.10.27 05:52:52.872,1.8235,1.8266,49.90,31.80
2008.10.27 05:52:53.162,1.8236,1.8268,41.10,34.50
2008.10.27 05:52:53.392,1.8237,1.8268,40.90,35.80
2008.10.27 05:52:53.562,1.82375,1.8267,41.90,37.80
2008.10.27 05:52:53.912,1.82385,1.8266,41.90,37.80
2008.10.27 05:52:54.082,1.8239,1.8268,41.90,37.40
2008.10.27 05:52:55.841,1.8239,1.8266,38.70,52.10
2008.10.27 05:52:56.591,1.8239,1.82705,38.50,58.30
2008.10.27 05:53:00.550,1.8239,1.8268,32.10,59.00
2008.10.27 05:53:00.830,1.8239,1.8266,30.70,59.00
2008.10.27 05:53:01.160,1.82385,1.8266,30.70,59.00
2008.10.27 05:53:01.330,1.8238,1.8266,30.70,59.00
2008.10.27 05:53:01.770,1.8237,1.8266,33.90,59.20
2008.10.27 05:53:02.060,1.8236,1.8267,49.10,58.50
2008.10.27 05:53:02.710,1.8235,1.82655,37.60,56.70
2008.10.27 05:53:04.639,1.8237,1.8266,46.50,47.80
2008.10.27 05:53:05.449,1.8237,1.8267,44.10,48.80
2008.10.27 05:53:05.739,1.8237,1.8266,44.10,48.80
2008.10.27 05:53:06.199,1.82375,1.8267,44.10,48.80
2008.10.27 05:53:06.699,1.82375,1.82685,56.90,47.30
2008.10.27 05:53:13.897,1.8236,1.8256,43.40,40.90
2008.10.27 05:53:15.617,1.8236,1.8264,48.50,39.30
2008.10.27 05:53:16.076,1.8236,1.82675,56.00,46.50
2008.10.27 05:53:16.246,1.8237,1.8269,54.70,50.40
2008.10.27 05:53:16.496,1.8237,1.827,56.90,56.90
2008.10.27 05:53:16.676,1.82375,1.8268,56.10,55.50
2008.10.27 05:53:17.126,1.82375,1.8267,56.90,56.80
2008.10.27 05:53:17.366,1.8238,1.8267,56.90,56.80
2008.10.27 05:53:17.766,1.8238,1.8266,61.70,64.80
2008.10.27 05:53:17.936,1.8238,1.8267,61.70,64.80
2008.10.27 05:53:18.096,1.8238,1.8266,56.90,66.20
2008.10.27 05:53:18.316,1.824,1.8268,56.90,66.20
2008.10.27 05:53:18.536,1.82405,1.8269,56.90,70.10
2008.10.27 05:53:18.776,1.824,1.8269,57.70,70.10
2008.10.27 05:53:19.066,1.824,1.8267,59.30,69.30
2008.10.27 05:53:19.236,1.8238,1.8267,70.50,72.60
2008.10.27 05:53:19.466,1.82385,1.8265,64.10,71.20
2008.10.27 05:53:19.646,1.8237,1.8267,64.90,71.20
2008.10.27 05:53:19.996,1.8236,1.82585,55.20,66.50
2008.10.27 05:53:20.275,1.8236,1.8256,51.40,58.50
2008.10.27 05:53:20.626,1.8236,1.82505,50.60,23.30
2008.10.27 05:53:20.975,1.8236,1.825,50.00,18.70
2008.10.27 05:53:21.366,1.8236,1.82465,51.40,23.30
2008.10.27 05:53:21.825,1.8236,1.8246,51.40,23.30
2008.10.27 05:53:26.444,1.8236,1.8246,51.40,24.50
2008.10.27 05:53:26.564,1.8236,1.82465,56.20,32.50
2008.10.27 05:53:26.734,1.8236,1.82475,56.20,29.30
2008.10.27 05:53:27.174,1.8236,1.8253,50.60,27.60
2008.10.27 05:53:27.354,1.8236,1.82505,51.40,29.90
2008.10.27 05:53:27.464,1.8236,1.82465,53.80,30.50
2008.10.27 05:53:27.874,1.8236,1.8255,54.80,43.30
2008.10.27 05:53:29.234,1.8236,1.8255,50.60,27.30
2008.10.27 05:53:29.513,1.8236,1.82555,56.20,28.70
2008.10.27 05:53:29.803,1.8236,1.8256,56.20,29.50
2008.10.27 05:53:30.093,1.8236,1.82575,56.20,41.00
2008.10.27 05:53:30.443,1.8236,1.8259,56.20,35.10
2008.10.27 05:53:30.733,1.8236,1.826,56.20,33.70
2008.10.27 05:53:31.323,1.8236,1.826,66.40,36.60
2008.10.27 05:53:31.543,1.82365,1.826,66.60,33.50
2008.10.27 05:53:34.972,1.82365,1.82565,66.60,28.80
2008.10.27 05:53:35.252,1.8236,1.82565,51.40,25.00
2008.10.27 05:53:35.372,1.8236,1.82565,51.40,33.70
2008.10.27 05:53:36.232,1.8236,1.8254,51.40,31.40
2008.10.27 05:53:36.711,1.8236,1.8255,51.40,27.20
2008.10.27 05:53:36.951,1.8236,1.8255,51.40,33.50
2008.10.27 05:53:37.631,1.8236,1.8255,51.40,44.50
2008.10.27 05:53:38.101,1.8236,1.8255,51.40,29.20
2008.10.27 05:53:38.211,1.8236,1.8255,68.10,50.70
2008.10.27 05:53:38.271,1.8236,1.82605,68.10,53.10
2008.10.27 05:53:38.441,1.8237,1.82615,69.70,50.90
2008.10.27 05:53:39.831,1.82365,1.826,66.60,49.90
2008.10.27 05:53:40.361,1.8236,1.826,67.10,50.30
2008.10.27 05:53:41.620,1.8236,1.82545,50.60,54.10
2008.10.27 05:53:41.790,1.8236,1.82485,54.80,44.80
2008.10.27 05:53:42.260,1.8236,1.82455,49.40,43.20
2008.10.27 05:53:43.210,1.8236,1.8258,54.80,34.00
2008.10.27 05:53:44.779,1.8236,1.82525,54.80,31.80
2008.10.27 05:53:45.809,1.8236,1.8249,54.80,28.80
2008.10.27 05:53:46.639,1.8236,1.8246,51.40,30.30
2008.10.27 05:53:47.499,1.8236,1.82465,51.40,30.30
2008.10.27 05:53:50.888,1.8236,1.8248,50.00,48.50
2008.10.27 05:53:51.238,1.8214,1.8248,9.60,15.20
2008.10.27 05:53:51.408,1.8211,1.8242,9.60,15.20
2008.10.27 05:53:51.578,1.8208,1.8241,40.10,28.80
2008.10.27 05:53:51.758,1.8211,1.8241,40.10,30.20
2008.10.27 05:53:52.488,1.8211,1.8242,40.90,39.10
2008.10.27 05:53:52.778,1.8211,1.8242,30.20,38.30
2008.10.27 05:53:52.988,1.8231,1.826,25.70,40.00
2008.10.27 05:53:53.157,1.8231,1.8263,26.70,32.50
2008.10.27 05:53:53.497,1.8231,1.8266,51.70,45.80
2008.10.27 05:53:53.718,1.82375,1.8268,51.70,38.70
2008.10.27 05:53:53.887,1.82375,1.8269,37.70,41.90
2008.10.27 05:53:54.387,1.82405,1.8268,38.10,44.60
2008.10.27 05:53:55.547,1.82405,1.8267,59.10,41.90
2008.10.27 05:53:55.767,1.824,1.8267,65.10,41.90
2008.10.27 05:53:56.297,1.82365,1.8267,50.70,47.60
2008.10.27 05:53:56.417,1.82365,1.826,51.50,27.20
2008.10.27 05:53:56.527,1.8235,1.826,40.20,33.00
2008.10.27 05:53:56.697,1.8235,1.8259,54.60,41.60
2008.10.27 05:53:58.486,1.8236,1.8258,29.20,29.90
2008.10.27 05:54:02.475,1.8236,1.82595,44.50,43.20
2008.10.27 05:54:02.595,1.8236,1.8263,38.90,40.80
2008.10.27 05:54:02.775,1.8236,1.8264,38.90,53.60
2008.10.27 05:54:03.075,1.8236,1.8265,37.70,53.60
2008.10.27 05:54:04.395,1.8236,1.8262,47.20,48.90
2008.10.27 05:54:04.915,1.8236,1.82585,30.60,47.30
2008.10.27 05:54:05.185,1.8238,1.82655,43.50,46.70
2008.10.27 05:54:05.414,1.8238,1.82665,44.90,48.10
2008.10.27 05:54:06.634,1.8238,1.8264,44.90,56.10
2008.10.27 05:54:07.604,1.8238,1.8266,41.70,49.70
2008.10.27 05:54:08.184,1.82375,1.8266,41.70,49.70
2008.10.27 05:54:08.404,1.8239,1.8266,50.40,56.10
2008.10.27 05:54:10.183,1.8239,1.8265,50.40,62.50
2008.10.27 05:54:10.394,1.8239,1.8266,50.40,62.50
2008.10.27 05:54:10.554,1.82395,1.8267,36.20,44.40
2008.10.27 05:54:10.733,1.8241,1.82625,41.60,41.00
2008.10.27 05:54:11.533,1.8241,1.82625,34.40,50.50
2008.10.27 05:54:12.543,1.8241,1.8261,33.20,61.80
2008.10.27 05:54:15.442,1.8243,1.8261,41.40,85.80
2008.10.27 05:54:15.682,1.8243,1.8261,40.00,85.80
2008.10.27 05:54:16.552,1.8243,1.8259,40.00,41.30
2008.10.27 05:54:16.792,1.8243,1.8263,53.40,44.00
2008.10.27 05:54:16.902,1.82435,1.82615,46.20,35.80
2008.10.27 05:54:18.162,1.8244,1.8259,40.80,34.90
2008.10.27 05:54:18.791,1.8244,1.8258,40.60,42.50
2008.10.27 05:54:19.771,1.8244,1.82575,40.60,36.10
2008.10.27 05:54:20.131,1.8244,1.8258,40.60,41.50
2008.10.27 05:54:20.351,1.8244,1.8258,40.60,40.30
2008.10.27 05:54:20.541,1.8244,1.8259,29.40,39.00
2008.10.27 05:54:21.171,1.8244,1.8258,29.40,39.00
2008.10.27 05:54:26.520,1.8243,1.8258,32.60,35.80
2008.10.27 05:54:26.980,1.8244,1.8258,37.40,41.40
2008.10.27 05:54:29.099,1.8246,1.8268,34.20,50.00
2008.10.27 05:54:29.219,1.8246,1.8268,55.90,43.70
2008.10.27 05:54:29.339,1.82475,1.8268,62.70,43.70
2008.10.27 05:54:29.868,1.82475,1.8274,46.70,31.00
2008.10.27 05:54:32.798,1.8257,1.8272,77.50,28.40
2008.10.27 05:54:33.148,1.82545,1.8272,57.10,27.40
2008.10.27 05:54:34.577,1.8251,1.8272,75.70,33.80
2008.10.27 05:54:34.798,1.82505,1.8272,77.60,52.00
2008.10.27 05:54:39.476,1.8252,1.8272,58.60,60.50
2008.10.27 05:54:39.986,1.8252,1.8272,61.80,63.50
2008.10.27 05:54:42.086,1.82555,1.8274,68.10,70.80
2008.10.27 05:54:44.965,1.82505,1.8274,38.80,91.90
2008.10.27 05:54:45.135,1.82515,1.8274,41.20,79.10
2008.10.27 05:54:45.825,1.82545,1.8274,41.20,76.70
2008.10.27 05:54:47.014,1.82505,1.8274,43.80,128.50
2008.10.27 05:54:47.454,1.82505,1.8274,54.20,139.00
2008.10.27 05:54:47.574,1.82505,1.8273,50.20,123.00
2008.10.27 05:54:49.794,1.8252,1.82715,46.60,194.50
2008.10.27 05:54:52.583,1.8252,1.8267,32.20,169.70
2008.10.27 05:54:52.913,1.8252,1.82655,33.00,189.00
2008.10.27 05:54:53.203,1.8252,1.82645,32.20,189.00
2008.10.27 05:54:53.443,1.8252,1.82655,35.40,189.00
2008.10.27 05:54:55.412,1.8252,1.82715,35.40,149.60
2008.10.27 05:54:55.642,1.8252,1.82665,30.60,156.10
2008.10.27 05:54:56.272,1.8252,1.8266,34.10,221.00
2008.10.27 05:54:57.512,1.8252,1.8264,50.70,221.00
2008.10.27 05:55:00.331,1.8252,1.82625,34.10,221.00
2008.10.27 05:55:00.501,1.8252,1.8261,34.10,221.00
2008.10.27 05:55:00.791,1.8252,1.82595,32.70,221.00
2008.10.27 05:55:00.961,1.8252,1.82545,30.60,118.90
2008.10.27 05:55:01.131,1.8252,1.82545,30.60,165.90
2008.10.27 05:55:02.481,1.8251,1.8253,39.60,133.90
2008.10.27 05:55:05.030,1.8252,1.8253,30.60,133.90
2008.10.27 05:55:13.968,1.8252,1.8253,53.20,46.90
2008.10.27 05:55:14.088,1.8252,1.82585,38.80,62.30
2008.10.27 05:55:14.318,1.8252,1.8259,38.80,55.50
2008.10.27 05:55:19.507,1.8252,1.82615,34.00,40.90
2008.10.27 05:55:19.747,1.8252,1.82635,35.40,55.60
2008.10.27 05:55:20.206,1.8252,1.8264,40.20,43.20
2008.10.27 05:55:24.805,1.8252,1.8262,35.40,39.10
2008.10.27 05:55:27.885,1.8252,1.826,35.40,49.90
2008.10.27 05:55:28.125,1.8252,1.826,35.40,62.20
2008.10.27 05:55:29.284,1.8252,1.8259,53.20,49.30
2008.10.27 05:55:37.652,1.8252,1.8259,35.40,51.30
2008.10.27 05:55:40.542,1.8252,1.8257,35.40,54.70
2008.10.27 05:55:41.481,1.8252,1.8255,35.40,61.20
2008.10.27 05:55:47.600,1.8252,1.8254,35.40,45.20
2008.10.27 05:55:48.050,1.8252,1.8253,35.40,45.20
2008.10.27 05:55:48.999,1.8251,1.8252,53.20,45.20
2008.10.27 05:55:49.410,1.8249,1.8251,53.20,45.20
2008.10.27 05:55:49.579,1.8252,1.8261,38.80,60.20
2008.10.27 05:55:54.038,1.8252,1.8258,35.40,57.20
2008.10.27 05:55:54.098,1.8252,1.8258,35.40,43.30
2008.10.27 05:56:07.685,1.8252,1.8258,35.40,53.70
2008.10.27 05:56:26.111,1.8252,1.8257,34.00,35.20
2008.10.27 05:56:26.211,1.8252,1.8256,35.40,36.10
2008.10.27 05:56:29.690,1.8221,1.8236,9.20,11.30
2008.10.27 05:56:29.810,1.8225,1.8256,9.20,8.00
2008.10.27 05:56:29.920,1.82155,1.82465,9.20,8.00
2008.10.27 05:56:30.160,1.8216,1.82465,26.60,41.70
2008.10.27 05:56:30.279,1.82155,1.82465,28.30,42.30
2008.10.27 05:56:31.609,1.82195,1.82465,42.20,32.30
2008.10.27 05:56:31.849,1.823,1.82465,42.60,45.30
2008.10.27 05:56:36.758,1.8232,1.826,34.40,31.80
2008.10.27 05:56:37.578,1.8233,1.8261,41.10,47.00
2008.10.27 05:56:38.028,1.82385,1.8259,46.30,53.40
2008.10.27 05:56:42.717,1.8242,1.8259,42.10,53.40
2008.10.27 05:56:43.516,1.8242,1.8259,59.10,35.80
2008.10.27 05:56:43.686,1.8242,1.8258,54.80,34.40
2008.10.27 05:56:43.966,1.8243,1.8258,55.20,40.10
2008.10.27 05:56:44.206,1.82435,1.8258,71.60,40.10
2008.10.27 05:56:44.326,1.82435,1.8257,51.20,31.10
2008.10.27 05:56:45.476,1.8243,1.8257,63.40,51.70
2008.10.27 05:56:47.215,1.8243,1.82535,39.40,59.70
2008.10.27 05:56:47.275,1.8244,1.82535,43.00,40.50
2008.10.27 05:56:47.565,1.8244,1.82535,35.00,43.30
2008.10.27 05:56:47.736,1.8244,1.82535,51.00,41.30
2008.10.27 05:56:52.424,1.82435,1.8252,43.00,41.30
2008.10.27 05:56:52.894,1.82435,1.8252,51.00,45.70
2008.10.27 05:56:53.064,1.8243,1.8252,65.40,41.30
2008.10.27 05:56:53.684,1.8243,1.8252,75.60,49.30
2008.10.27 05:56:56.673,1.8243,1.8253,69.20,27.80
2008.10.27 05:56:58.553,1.8243,1.8252,46.60,54.10
2008.10.27 05:56:58.733,1.8243,1.8252,46.60,74.70
2008.10.27 05:56:59.323,1.8243,1.82515,46.60,83.20
2008.10.27 05:57:00.592,1.8243,1.8252,46.60,75.70
2008.10.27 05:57:01.272,1.8243,1.8253,46.60,80.60
2008.10.27 05:57:03.072,1.8243,1.8252,46.60,66.00
2008.10.27 05:57:03.192,1.8243,1.8252,46.60,71.50
2008.10.27 05:57:03.482,1.8243,1.82515,46.60,67.20
2008.10.27 05:57:05.961,1.8243,1.8253,50.00,27.80
2008.10.27 05:57:07.281,1.8243,1.8252,43.40,32.50
2008.10.27 05:57:07.451,1.8243,1.8252,43.40,28.30
2008.10.27 05:57:07.850,1.8243,1.82515,43.40,29.80
2008.10.27 05:57:09.881,1.8243,1.8253,65.20,24.60
2008.10.27 05:57:11.600,1.8243,1.8252,43.40,24.60
2008.10.27 05:57:11.820,1.8243,1.8252,43.40,39.60
2008.10.27 05:57:11.940,1.8243,1.8252,43.40,34.70
2008.10.27 05:57:12.050,1.8243,1.82515,43.40,27.20
2008.10.27 05:57:14.899,1.8243,1.8253,43.40,24.60
2008.10.27 05:57:30.235,1.8243,1.8251,43.40,27.80
2008.10.27 05:57:52.280,1.8243,1.8254,43.40,33.40
2008.10.27 05:58:01.258,1.8243,1.825,46.60,67.30
2008.10.27 05:58:09.885,1.8243,1.8249,46.60,59.80
2008.10.27 05:58:11.515,1.8243,1.825,75.20,51.80
2008.10.27 05:58:11.795,1.8243,1.825,51.40,59.30
2008.10.27 05:58:14.104,1.8243,1.825,50.00,50.80
2008.10.27 05:58:23.762,1.8243,1.8254,59.40,35.80
2008.10.27 05:58:29.791,1.8243,1.8251,50.60,44.60
2008.10.27 05:58:32.370,1.8243,1.8252,51.40,49.20
2008.10.27 05:58:32.650,1.8243,1.8253,50.00,49.20
2008.10.27 05:58:38.279,1.8243,1.8252,75.20,49.20
2008.10.27 05:58:45.527,1.8243,1.8253,59.40,49.20
2008.10.27 05:58:48.396,1.8243,1.8252,75.20,45.40
2008.10.27 05:58:48.866,1.8243,1.8253,51.40,54.20
2008.10.27 05:58:49.156,1.8243,1.8252,75.20,53.80
2008.10.27 05:58:50.436,1.8243,1.8253,51.40,58.80
2008.10.27 05:58:52.395,1.8243,1.8252,51.40,57.20
2008.10.27 05:58:53.485,1.8243,1.8253,51.40,60.10
2008.10.27 05:58:54.315,1.8243,1.82525,75.20,83.60
2008.10.27 05:58:59.524,1.8243,1.8245,75.20,60.10
2008.10.27 05:59:09.121,1.82365,1.8243,73.20,36.50
2008.10.27 05:59:09.361,1.82365,1.8243,73.20,44.10
2008.10.27 05:59:09.831,1.82365,1.8242,63.20,36.60
2008.10.27 05:59:11.401,1.8219,1.8241,12.20,14.40
2008.10.27 05:59:12.071,1.8219,1.8241,58.50,27.80
2008.10.27 05:59:12.311,1.8219,1.8241,56.70,27.80
2008.10.27 05:59:12.770,1.8222,1.8241,60.50,23.00
2008.10.27 05:59:12.990,1.8222,1.8241,59.20,23.00
2008.10.27 05:59:13.160,1.8222,1.8242,37.60,20.00
2008.10.27 05:59:13.490,1.82215,1.8254,36.40,27.50
2008.10.27 05:59:13.790,1.8221,1.8254,48.30,48.30
2008.10.27 05:59:13.970,1.82215,1.82545,40.40,47.60
2008.10.27 05:59:17.640,1.82215,1.8245,46.20,40.10
2008.10.27 05:59:17.819,1.822,1.8245,46.00,35.50
2008.10.27 05:59:18.039,1.8221,1.8245,60.50,43.50
2008.10.27 05:59:18.379,1.8221,1.8245,40.60,35.70
2008.10.27 05:59:19.129,1.822,1.8243,72.70,41.30
2008.10.27 05:59:20.378,1.822,1.8241,41.40,43.50
2008.10.27 05:59:20.558,1.822,1.8242,44.80,43.50
2008.10.27 05:59:20.729,1.8221,1.82495,52.20,44.70
2008.10.27 05:59:21.368,1.8221,1.8252,54.20,46.40
2008.10.27 05:59:26.257,1.8221,1.825,42.20,46.70
2008.10.27 05:59:40.254,1.8223,1.8249,44.40,53.80
2008.10.27 05:59:40.884,1.8225,1.825,47.60,41.40
2008.10.27 05:59:41.053,1.8225,1.8252,56.20,52.50
2008.10.27 05:59:41.224,1.8225,1.8253,38.10,52.40
2008.10.27 05:59:51.902,1.8227,1.8253,44.40,58.80
2008.10.27 05:59:55.570,1.8226,1.8252,58.30,66.70
2008.10.27 05:59:55.930,1.8226,1.8251,58.30,57.70
2008.10.27 05:59:56.790,1.8226,1.8252,44.40,73.20
2008.10.27 05:59:56.970,1.8226,1.8252,52.30,81.20
2008.10.27 05:59:57.210,1.8226,1.8253,52.30,81.20
2008.10.27 05:59:57.540,1.8227,1.8253,56.20,81.20
2008.10.27 05:59:59.089,1.8226,1.8252,44.30,68.40
2008.10.27 05:59:59.319,1.8227,1.8253,48.20,68.40
2008.10.27 05:59:59.819,1.82295,1.8253,48.20,82.60
2008.10.27 05:59:59.999,1.823,1.8253,48.20,82.60
