2008.07.10 11:00:00.002,2.03865,2.0394,1.00,1.00
2008.07.10 11:00:00.276,2.0386,2.03935,1.00,1.00
2008.07.10 11:00:00.764,2.03875,2.0395,1.00,1.00
2008.07.10 11:00:01.135,2.0387,2.03945,1.00,1.00
2008.07.10 11:00:02.207,2.03865,2.03945,1.00,1.00
2008.07.10 11:00:02.463,2.0386,2.03935,1.00,1.00
2008.07.10 11:00:03.217,2.03855,2.0393,1.00,1.00
2008.07.10 11:00:04.004,2.0386,2.03935,1.00,1.00
2008.07.10 11:00:04.253,2.03855,2.03935,1.00,1.00
2008.07.10 11:00:08.925,2.03845,2.03925,1.00,1.00
2008.07.10 11:00:12.879,2.0386,2.0394,1.00,1.00
2008.07.10 11:00:13.062,2.0385,2.0393,1.00,1.00
2008.07.10 11:00:14.183,2.0384,2.0395,4.80,1.30
2008.07.10 11:00:15.170,2.0385,2.0393,1.00,1.00
2008.07.10 11:00:15.764,2.0385,2.0393,3.40,1.00
2008.07.10 11:00:16.127,2.0385,2.0393,8.20,1.00
2008.07.10 11:00:16.586,2.0385,2.0393,3.40,1.00
2008.07.10 11:00:19.401,2.0387,2.0393,4.80,1.00
2008.07.10 11:00:19.916,2.0385,2.0393,8.20,1.00
2008.07.10 11:00:20.474,2.0385,2.0393,3.40,1.00
2008.07.10 11:00:20.911,2.0385,2.0393,3.60,1.00
2008.07.10 11:00:23.387,2.0385,2.0393,8.40,1.00
2008.07.10 11:00:23.923,2.0387,2.0393,4.80,1.00
2008.07.10 11:00:24.671,2.0386,2.0393,7.20,1.00
2008.07.10 11:00:25.303,2.03865,2.0394,1.00,1.60
2008.07.10 11:00:27.046,2.03865,2.0394,1.00,1.30
2008.07.10 11:00:27.260,2.03865,2.0394,3.40,1.30
2008.07.10 11:00:27.347,2.0387,2.0394,7.60,1.30
2008.07.10 11:00:32.864,2.0387,2.0394,1.00,1.30
2008.07.10 11:00:33.020,2.0387,2.0394,5.70,1.30
2008.07.10 11:00:33.089,2.0388,2.03945,4.80,1.00
2008.07.10 11:00:33.548,2.039,2.03945,1.00,1.00
2008.07.10 11:00:34.007,2.039,2.03955,1.00,2.60
2008.07.10 11:00:34.158,2.039,2.0396,1.00,1.00
2008.07.10 11:00:34.590,2.039,2.0396,4.80,1.00
2008.07.10 11:00:35.130,2.039,2.0396,1.00,1.00
2008.07.10 11:00:35.369,2.039,2.0395,1.00,1.20
2008.07.10 11:00:35.765,2.039,2.03955,1.00,1.50
2008.07.10 11:00:36.237,2.039,2.03955,1.00,1.20
2008.07.10 11:00:36.357,2.039,2.03965,1.00,1.50
2008.07.10 11:00:37.882,2.03915,2.03965,1.00,1.00
2008.07.10 11:00:37.938,2.03905,2.03965,1.00,1.00
2008.07.10 11:00:38.085,2.0391,2.03965,1.00,1.00
2008.07.10 11:00:38.170,2.0391,2.0397,1.00,1.50
2008.07.10 11:00:38.262,2.0391,2.0397,5.70,1.50
2008.07.10 11:00:38.308,2.0391,2.0397,1.00,1.50
2008.07.10 11:00:38.491,2.0391,2.0397,1.00,1.20
2008.07.10 11:00:38.693,2.0391,2.0397,3.80,1.20
2008.07.10 11:00:38.931,2.0392,2.03975,1.00,1.00
2008.07.10 11:00:39.499,2.03925,2.03975,1.00,1.00
2008.07.10 11:00:40.080,2.0393,2.03975,1.00,1.00
2008.07.10 11:00:40.287,2.0393,2.03985,1.00,2.20
2008.07.10 11:00:40.501,2.0394,2.03995,3.00,1.00
2008.07.10 11:00:41.301,2.03945,2.03995,1.00,1.00
2008.07.10 11:00:41.385,2.03945,2.04,1.00,2.20
2008.07.10 11:00:41.594,2.03945,2.04,1.00,1.90
2008.07.10 11:00:43.227,2.0393,2.04,7.90,1.20
2008.07.10 11:00:43.436,2.0393,2.03995,7.60,1.20
2008.07.10 11:00:43.490,2.0394,2.03995,7.60,1.20
2008.07.10 11:00:43.541,2.0394,2.03995,7.60,1.50
2008.07.10 11:00:43.589,2.0394,2.03995,2.80,1.50
2008.07.10 11:00:43.840,2.0394,2.03995,2.80,1.00
2008.07.10 11:00:43.952,2.03935,2.03995,1.00,1.00
2008.07.10 11:00:44.152,2.03935,2.04,1.00,2.20
2008.07.10 11:00:45.228,2.03935,2.04,1.00,2.20
2008.07.10 11:00:45.783,2.03945,2.04,1.00,2.20
2008.07.10 11:00:47.123,2.0394,2.04,8.20,2.20
2008.07.10 11:00:47.219,2.0394,2.04,8.20,1.90
2008.07.10 11:00:47.624,2.0394,2.0401,8.20,2.20
2008.07.10 11:00:48.064,2.0394,2.0401,8.40,2.20
2008.07.10 11:00:50.374,2.03945,2.0401,1.00,2.20
2008.07.10 11:00:50.642,2.03945,2.04,1.00,1.90
2008.07.10 11:00:50.792,2.0396,2.04,1.00,1.90
2008.07.10 11:00:50.919,2.0396,2.04,1.00,1.90
2008.07.10 11:00:51.080,2.0396,2.04,1.20,1.90
2008.07.10 11:00:54.882,2.03965,2.04,1.00,1.90
2008.07.10 11:00:55.368,2.03965,2.04,1.00,1.90
2008.07.10 11:00:55.864,2.0396,2.04,1.00,1.90
2008.07.10 11:00:56.047,2.0396,2.04,3.00,1.90
2008.07.10 11:00:56.235,2.0396,2.04,1.20,1.90
2008.07.10 11:00:56.418,2.0396,2.04,1.00,1.90
2008.07.10 11:00:57.086,2.03955,2.04,1.60,1.90
2008.07.10 11:00:58.783,2.03955,2.04,1.00,1.90
2008.07.10 11:00:59.123,2.03955,2.04,1.00,1.90
2008.07.10 11:00:59.452,2.0395,2.04,3.30,1.90
2008.07.10 11:00:59.627,2.03945,2.04,2.60,1.90
2008.07.10 11:00:59.960,2.03945,2.04,1.00,1.90
2008.07.10 11:01:00.153,2.03945,2.04,1.00,1.90
2008.07.10 11:01:00.927,2.03945,2.0401,1.00,3.10
2008.07.10 11:01:01.829,2.03945,2.04,1.00,1.90
2008.07.10 11:01:02.424,2.03945,2.04005,1.00,1.20
2008.07.10 11:01:02.541,2.0394,2.04005,1.50,1.20
2008.07.10 11:01:02.769,2.0394,2.04005,4.30,1.20
2008.07.10 11:01:02.937,2.0394,2.0401,4.50,2.20
2008.07.10 11:01:03.061,2.0395,2.0401,1.00,2.20
2008.07.10 11:01:03.206,2.0395,2.04,1.00,1.90
2008.07.10 11:01:03.500,2.03945,2.04,1.50,1.90
2008.07.10 11:01:03.590,2.0394,2.04,1.50,1.90
2008.07.10 11:01:03.670,2.03945,2.04,2.40,1.90
2008.07.10 11:01:03.834,2.03945,2.0401,2.40,3.10
2008.07.10 11:01:03.973,2.0394,2.0401,1.50,3.10
2008.07.10 11:01:04.094,2.0394,2.0401,4.30,3.10
2008.07.10 11:01:04.212,2.0394,2.0401,2.80,3.10
2008.07.10 11:01:04.329,2.0394,2.0401,2.80,3.40
2008.07.10 11:01:04.893,2.0394,2.0401,2.80,4.40
2008.07.10 11:01:05.009,2.0394,2.0401,7.60,4.40
2008.07.10 11:01:05.149,2.0394,2.0401,1.00,4.00
2008.07.10 11:01:05.639,2.0394,2.0401,7.60,4.40
2008.07.10 11:01:05.889,2.0394,2.0401,2.80,4.40
2008.07.10 11:01:12.402,2.0394,2.0401,2.80,3.10
2008.07.10 11:01:12.559,2.0394,2.0401,7.60,3.10
2008.07.10 11:01:12.734,2.0394,2.0401,1.00,2.70
2008.07.10 11:01:12.976,2.0394,2.0401,1.00,4.00
2008.07.10 11:01:13.058,2.0394,2.04,1.00,1.90
2008.07.10 11:01:13.139,2.0394,2.04,7.60,1.90
2008.07.10 11:01:13.525,2.0394,2.04005,7.60,2.10
2008.07.10 11:01:14.025,2.0394,2.04005,7.60,2.50
2008.07.10 11:01:14.134,2.0394,2.04005,2.80,2.50
2008.07.10 11:01:14.578,2.0394,2.03995,2.80,1.00
2008.07.10 11:01:17.446,2.0394,2.03995,2.80,1.20
2008.07.10 11:01:17.797,2.0394,2.03985,2.80,1.20
2008.07.10 11:01:17.957,2.0394,2.0398,2.80,1.00
2008.07.10 11:01:18.020,2.0394,2.0398,1.00,1.00
2008.07.10 11:01:18.120,2.0392,2.0398,1.00,2.20
2008.07.10 11:01:18.335,2.0392,2.0398,2.00,2.20
2008.07.10 11:01:18.468,2.0392,2.0398,1.00,2.20
2008.07.10 11:01:18.509,2.0392,2.03975,1.00,1.00
2008.07.10 11:01:18.718,2.0392,2.03975,2.80,1.20
2008.07.10 11:01:20.246,2.0392,2.0397,2.80,1.00
2008.07.10 11:01:20.986,2.0392,2.0397,2.80,1.00
2008.07.10 11:01:21.078,2.0391,2.0397,1.00,1.00
2008.07.10 11:01:21.170,2.0391,2.0397,1.00,1.20
2008.07.10 11:01:21.442,2.0391,2.0397,1.00,2.50
2008.07.10 11:01:21.606,2.039,2.03965,1.00,1.00
2008.07.10 11:01:21.769,2.039,2.03965,1.00,1.20
2008.07.10 11:01:21.884,2.03905,2.03965,1.00,1.20
2008.07.10 11:01:23.055,2.039,2.0396,4.80,1.00
2008.07.10 11:01:23.238,2.03895,2.0396,1.00,1.00
2008.07.10 11:01:23.405,2.03895,2.0396,1.00,1.20
2008.07.10 11:01:24.294,2.0389,2.03955,1.00,1.20
2008.07.10 11:01:25.324,2.0389,2.0395,1.00,1.00
2008.07.10 11:01:28.261,2.0388,2.0395,1.00,1.50
2008.07.10 11:01:28.416,2.0388,2.03935,1.00,1.20
2008.07.10 11:01:28.585,2.03875,2.03935,1.00,1.20
2008.07.10 11:01:29.042,2.0387,2.03935,2.40,1.50
2008.07.10 11:01:29.619,2.03865,2.03935,1.00,1.50
2008.07.10 11:01:30.621,2.0387,2.03935,4.80,1.50
2008.07.10 11:01:30.842,2.0387,2.03935,4.90,1.00
2008.07.10 11:01:31.829,2.0387,2.0393,4.90,1.00
2008.07.10 11:01:31.943,2.0387,2.0393,4.80,1.00
2008.07.10 11:01:34.045,2.03875,2.0393,1.00,1.00
2008.07.10 11:01:34.451,2.03875,2.0394,1.00,1.30
2008.07.10 11:01:34.539,2.0388,2.03945,1.00,1.50
2008.07.10 11:01:35.198,2.0388,2.03935,1.00,1.20
2008.07.10 11:01:35.295,2.0387,2.03935,3.00,1.20
2008.07.10 11:01:35.391,2.0387,2.03935,5.20,1.20
2008.07.10 11:01:35.482,2.03865,2.03935,4.20,1.20
2008.07.10 11:01:36.592,2.03865,2.03935,1.60,1.20
2008.07.10 11:01:38.819,2.03865,2.03925,1.50,1.20
2008.07.10 11:01:38.897,2.0387,2.03925,4.80,1.20
2008.07.10 11:01:38.952,2.0386,2.03925,8.80,1.20
2008.07.10 11:01:39.020,2.0386,2.03925,4.00,1.20
2008.07.10 11:01:39.098,2.0386,2.03925,3.60,1.20
2008.07.10 11:01:39.173,2.0386,2.03925,2.50,1.20
2008.07.10 11:01:39.663,2.0386,2.03925,1.00,1.20
2008.07.10 11:01:39.928,2.03855,2.03925,1.00,1.20
2008.07.10 11:01:40.164,2.03855,2.03915,1.00,1.20
2008.07.10 11:01:40.283,2.0385,2.03915,3.90,1.20
2008.07.10 11:01:40.405,2.03855,2.03895,1.00,1.20
2008.07.10 11:01:40.528,2.03855,2.0389,1.00,1.30
2008.07.10 11:01:40.679,2.0385,2.0389,1.00,1.30
2008.07.10 11:01:40.825,2.03845,2.0389,2.40,1.30
2008.07.10 11:01:40.970,2.0383,2.03885,3.00,1.20
2008.07.10 11:01:41.119,2.0383,2.03885,2.50,1.20
2008.07.10 11:01:41.263,2.03825,2.03885,1.50,1.20
2008.07.10 11:01:41.546,2.0382,2.03875,2.50,1.20
2008.07.10 11:01:41.823,2.03815,2.03875,2.40,1.20
2008.07.10 11:01:42.107,2.0383,2.0389,1.00,1.60
2008.07.10 11:01:42.394,2.0383,2.0389,1.00,1.00
2008.07.10 11:01:42.673,2.0383,2.039,1.00,2.50
2008.07.10 11:01:42.950,2.0383,2.03895,1.00,1.00
2008.07.10 11:01:43.182,2.03825,2.03895,1.00,1.50
2008.07.10 11:01:43.484,2.0384,2.03895,1.00,1.00
2008.07.10 11:01:43.838,2.0384,2.039,1.00,1.00
2008.07.10 11:01:44.219,2.03845,2.0391,1.00,1.20
2008.07.10 11:01:44.368,2.03845,2.0391,3.40,1.20
2008.07.10 11:01:46.915,2.03845,2.0391,2.40,1.50
2008.07.10 11:01:47.915,2.0384,2.0391,1.00,1.50
2008.07.10 11:01:48.896,2.0384,2.03905,1.00,1.00
2008.07.10 11:01:49.064,2.0384,2.03905,1.00,1.20
2008.07.10 11:01:50.987,2.03855,2.03905,1.00,1.20
2008.07.10 11:01:51.177,2.03855,2.03905,1.00,1.00
2008.07.10 11:01:51.308,2.03855,2.03915,1.00,1.00
2008.07.10 11:01:51.572,2.0386,2.03915,1.00,1.00
2008.07.10 11:01:54.821,2.0386,2.03915,1.00,1.20
2008.07.10 11:01:56.718,2.0386,2.03915,1.00,1.00
2008.07.10 11:01:56.878,2.0386,2.0392,1.00,3.20
2008.07.10 11:01:57.066,2.0386,2.0392,1.00,1.00
2008.07.10 11:01:57.963,2.0386,2.0392,1.00,1.00
2008.07.10 11:01:58.288,2.0386,2.0391,1.00,1.00
2008.07.10 11:01:59.637,2.0386,2.0391,5.20,1.00
2008.07.10 11:02:00.049,2.0386,2.0391,3.30,1.00
2008.07.10 11:02:00.429,2.0387,2.0391,3.00,1.00
2008.07.10 11:02:00.768,2.0387,2.0391,3.10,1.00
2008.07.10 11:02:00.946,2.0387,2.0391,2.80,1.00
2008.07.10 11:02:01.308,2.0386,2.0391,1.00,1.00
2008.07.10 11:02:01.491,2.03855,2.03905,1.00,1.00
2008.07.10 11:02:02.488,2.0387,2.03905,2.80,1.00
2008.07.10 11:02:02.547,2.0387,2.03905,3.00,1.00
2008.07.10 11:02:02.719,2.0387,2.03915,3.00,1.20
2008.07.10 11:02:02.869,2.0387,2.03915,3.00,1.00
2008.07.10 11:02:02.972,2.0386,2.03915,3.40,1.00
2008.07.10 11:02:03.027,2.0386,2.03915,3.60,1.00
2008.07.10 11:02:03.085,2.0386,2.03915,5.50,1.00
2008.07.10 11:02:03.146,2.0386,2.03915,5.20,1.00
2008.07.10 11:02:03.206,2.0386,2.03915,1.00,1.00
2008.07.10 11:02:03.298,2.0386,2.0391,1.00,1.00
2008.07.10 11:02:04.475,2.0386,2.0391,1.00,1.00
2008.07.10 11:02:06.489,2.0386,2.0391,1.00,1.00
2008.07.10 11:02:07.184,2.0386,2.0391,5.20,1.00
2008.07.10 11:02:07.467,2.0387,2.0391,1.00,1.00
2008.07.10 11:02:07.634,2.0387,2.0391,3.00,1.00
2008.07.10 11:02:07.816,2.0387,2.0392,3.00,1.00
2008.07.10 11:02:08.134,2.0387,2.0392,3.10,1.00
2008.07.10 11:02:08.514,2.0387,2.0392,2.80,1.00
2008.07.10 11:02:13.793,2.0387,2.03915,2.80,1.00
2008.07.10 11:02:19.647,2.0387,2.03915,1.00,1.00
2008.07.10 11:02:19.771,2.0386,2.03915,1.00,1.00
2008.07.10 11:02:19.932,2.0386,2.0391,1.00,1.00
2008.07.10 11:02:20.793,2.0386,2.0391,1.00,1.00
2008.07.10 11:02:20.942,2.0386,2.0391,3.60,1.00
2008.07.10 11:02:21.129,2.0386,2.0391,3.40,1.00
2008.07.10 11:02:21.632,2.03865,2.0391,1.00,1.00
2008.07.10 11:02:21.726,2.0387,2.03915,2.80,1.00
2008.07.10 11:02:22.012,2.0387,2.03915,2.80,1.00
2008.07.10 11:02:25.175,2.0387,2.03915,3.10,1.00
2008.07.10 11:02:25.395,2.0387,2.03925,3.60,1.00
2008.07.10 11:02:27.696,2.0387,2.03925,1.80,1.00
2008.07.10 11:02:27.874,2.0387,2.03925,4.20,1.00
2008.07.10 11:02:29.020,2.0387,2.03925,4.00,1.00
2008.07.10 11:02:29.070,2.0387,2.03925,3.60,1.00
2008.07.10 11:02:29.281,2.0387,2.0392,3.60,1.00
2008.07.10 11:02:29.411,2.0387,2.0392,2.50,1.20
2008.07.10 11:02:29.663,2.0387,2.0392,2.80,1.20
2008.07.10 11:02:39.805,2.03875,2.0392,1.00,1.20
2008.07.10 11:02:39.931,2.03875,2.0392,1.00,1.00
2008.07.10 11:02:40.094,2.03875,2.03925,1.00,1.20
2008.07.10 11:02:40.136,2.0387,2.03925,3.30,1.20
2008.07.10 11:02:40.328,2.0387,2.03925,3.30,1.20
2008.07.10 11:02:40.383,2.03875,2.03925,1.00,1.00
2008.07.10 11:02:40.485,2.03875,2.03925,2.40,1.20
2008.07.10 11:02:40.806,2.0387,2.03925,1.00,1.20
2008.07.10 11:02:41.297,2.0387,2.03915,1.00,1.00
2008.07.10 11:02:41.486,2.0387,2.0392,1.00,1.20
2008.07.10 11:02:43.198,2.0387,2.0392,1.00,2.50
2008.07.10 11:02:43.298,2.0387,2.03915,1.00,1.00
2008.07.10 11:02:43.348,2.0386,2.03915,3.90,1.00
2008.07.10 11:02:43.601,2.0386,2.0391,3.00,1.00
2008.07.10 11:02:43.683,2.0386,2.0391,3.10,1.00
2008.07.10 11:02:43.746,2.0386,2.0391,1.00,1.00
2008.07.10 11:02:44.085,2.0386,2.03915,1.60,1.00
2008.07.10 11:02:44.530,2.0387,2.0392,1.00,1.20
2008.07.10 11:02:44.797,2.0387,2.0391,1.00,1.00
2008.07.10 11:02:45.093,2.0386,2.0391,2.60,1.20
2008.07.10 11:02:45.356,2.03855,2.0391,1.00,1.20
2008.07.10 11:02:47.800,2.0385,2.0391,4.20,1.20
2008.07.10 11:02:47.904,2.0385,2.03905,4.20,1.00
2008.07.10 11:02:47.936,2.0385,2.03905,1.80,1.20
2008.07.10 11:02:48.353,2.03855,2.03905,1.00,1.00
2008.07.10 11:02:48.412,2.03855,2.0391,1.50,1.00
2008.07.10 11:02:48.457,2.03855,2.0391,1.60,1.00
2008.07.10 11:02:48.678,2.03855,2.0391,4.20,1.00
2008.07.10 11:02:48.758,2.0386,2.0391,1.00,1.00
2008.07.10 11:02:49.269,2.03865,2.0391,1.00,1.00
2008.07.10 11:02:49.556,2.03865,2.03915,1.20,1.00
2008.07.10 11:02:49.687,2.0388,2.03915,1.00,1.00
2008.07.10 11:02:56.265,2.0387,2.03915,3.40,1.00
2008.07.10 11:02:56.812,2.0387,2.03915,2.40,1.20
2008.07.10 11:02:56.972,2.0386,2.03915,4.00,1.20
2008.07.10 11:03:00.028,2.0386,2.03915,6.90,1.20
2008.07.10 11:03:00.103,2.0387,2.03915,2.80,1.20
2008.07.10 11:03:00.307,2.0387,2.03915,2.80,1.00
2008.07.10 11:03:00.383,2.03865,2.03915,3.10,1.00
2008.07.10 11:03:00.450,2.03865,2.0392,4.20,1.00
2008.07.10 11:03:00.763,2.0387,2.0392,2.80,1.00
2008.07.10 11:03:03.682,2.0387,2.0392,2.80,2.10
2008.07.10 11:03:03.852,2.0387,2.03915,2.80,1.00
2008.07.10 11:03:04.526,2.0387,2.03915,1.00,1.00
2008.07.10 11:03:04.593,2.0387,2.0392,1.00,2.50
2008.07.10 11:03:04.652,2.0387,2.0392,1.00,1.50
2008.07.10 11:03:04.824,2.0387,2.0392,3.30,1.00
2008.07.10 11:03:04.949,2.03885,2.0392,1.00,1.00
2008.07.10 11:03:05.070,2.03885,2.0393,1.00,3.10
2008.07.10 11:03:05.203,2.03885,2.0393,1.00,5.60
2008.07.10 11:03:05.445,2.03885,2.0393,1.00,1.00
2008.07.10 11:03:05.608,2.0389,2.0393,1.00,1.00
2008.07.10 11:03:05.894,2.0388,2.03925,3.60,1.00
2008.07.10 11:03:06.061,2.0388,2.03925,2.50,1.20
2008.07.10 11:03:06.235,2.0388,2.03925,1.00,1.20
2008.07.10 11:03:06.406,2.0387,2.03915,2.80,1.00
2008.07.10 11:03:06.870,2.0387,2.03915,2.80,1.50
2008.07.10 11:03:07.048,2.0386,2.0391,5.80,1.00
2008.07.10 11:03:07.181,2.0386,2.03915,1.50,2.50
2008.07.10 11:03:07.323,2.0386,2.03915,1.50,1.20
2008.07.10 11:03:07.884,2.03865,2.0392,1.50,1.20
2008.07.10 11:03:08.095,2.03865,2.0392,1.60,1.20
2008.07.10 11:03:08.286,2.03865,2.03905,1.00,1.00
2008.07.10 11:03:08.471,2.03865,2.0391,3.40,1.00
2008.07.10 11:03:08.651,2.03865,2.0391,1.00,1.00
2008.07.10 11:03:08.846,2.0386,2.0391,1.00,1.00
2008.07.10 11:03:09.152,2.0387,2.03915,1.00,1.00
2008.07.10 11:03:09.762,2.03865,2.03915,3.70,1.00
2008.07.10 11:03:10.149,2.03865,2.03915,3.40,1.00
2008.07.10 11:03:12.121,2.03865,2.03905,3.40,1.20
2008.07.10 11:03:12.250,2.03865,2.03905,3.40,2.10
2008.07.10 11:03:12.336,2.03865,2.03895,3.40,1.20
2008.07.10 11:03:12.481,2.03865,2.03895,1.00,1.20
2008.07.10 11:03:12.657,2.03865,2.03905,1.00,1.00
2008.07.10 11:03:12.731,2.03865,2.039,1.20,2.80
2008.07.10 11:03:12.947,2.03865,2.039,1.00,2.80
2008.07.10 11:03:13.175,2.0386,2.039,3.40,1.00
2008.07.10 11:03:13.397,2.03865,2.0392,1.00,1.20
2008.07.10 11:03:13.609,2.03865,2.0391,1.00,1.00
2008.07.10 11:03:14.385,2.03865,2.03905,1.00,1.00
2008.07.10 11:03:14.632,2.0386,2.03905,2.40,1.00
2008.07.10 11:03:14.741,2.0385,2.03905,3.90,1.00
2008.07.10 11:03:14.850,2.0385,2.03905,3.90,2.10
2008.07.10 11:03:15.062,2.0385,2.03905,3.90,2.50
2008.07.10 11:03:15.200,2.0385,2.03905,1.60,1.20
2008.07.10 11:03:15.470,2.03855,2.03905,1.00,1.00
2008.07.10 11:03:16.160,2.03855,2.03905,3.40,1.00
2008.07.10 11:03:16.539,2.03855,2.03905,1.00,1.00
2008.07.10 11:03:16.867,2.0386,2.0391,1.00,1.00
2008.07.10 11:03:17.459,2.0385,2.03905,4.20,1.00
2008.07.10 11:03:17.562,2.0385,2.03905,4.20,1.20
2008.07.10 11:03:18.878,2.0385,2.03905,4.00,2.50
2008.07.10 11:03:19.236,2.0385,2.03905,3.00,2.50
2008.07.10 11:03:19.477,2.0385,2.03905,1.00,2.50
2008.07.10 11:03:19.735,2.0385,2.03905,1.50,2.50
2008.07.10 11:03:19.951,2.0385,2.03905,4.00,2.50
2008.07.10 11:03:20.066,2.03855,2.03905,1.00,1.20
2008.07.10 11:03:20.667,2.0386,2.03905,2.40,1.20
2008.07.10 11:03:20.797,2.0387,2.03905,1.00,1.20
2008.07.10 11:03:21.081,2.0387,2.0391,1.00,1.00
2008.07.10 11:03:24.623,2.0387,2.0391,2.80,1.00
2008.07.10 11:03:24.993,2.03875,2.0391,1.00,1.00
2008.07.10 11:03:25.036,2.03875,2.03915,1.00,1.00
2008.07.10 11:03:25.199,2.0387,2.03915,2.80,1.00
2008.07.10 11:03:25.317,2.0387,2.0392,1.00,1.00
2008.07.10 11:03:25.685,2.0387,2.0392,2.80,1.20
2008.07.10 11:03:25.824,2.0387,2.03915,2.80,1.00
2008.07.10 11:03:26.321,2.0387,2.03915,1.00,1.00
2008.07.10 11:03:26.454,2.0387,2.0392,3.60,1.00
2008.07.10 11:03:30.768,2.03875,2.0392,1.00,1.00
2008.07.10 11:03:31.232,2.03885,2.0392,1.00,1.00
2008.07.10 11:03:31.371,2.03885,2.0393,1.00,1.20
2008.07.10 11:03:31.688,2.03875,2.0393,1.60,1.00
2008.07.10 11:03:32.053,2.0389,2.0393,1.00,1.00
2008.07.10 11:03:32.211,2.0389,2.03925,1.00,1.00
2008.07.10 11:03:32.737,2.0389,2.0393,1.00,1.20
2008.07.10 11:03:33.063,2.0389,2.0392,1.00,1.00
2008.07.10 11:03:34.084,2.0389,2.0393,1.00,1.20
2008.07.10 11:03:37.254,2.0389,2.0393,1.00,1.00
2008.07.10 11:03:44.643,2.0389,2.03935,1.00,1.20
2008.07.10 11:03:45.233,2.0388,2.03935,4.00,1.20
2008.07.10 11:03:45.443,2.0388,2.0393,3.60,1.00
2008.07.10 11:03:45.496,2.0388,2.0393,2.50,1.20
2008.07.10 11:03:45.871,2.0388,2.03925,2.40,1.00
2008.07.10 11:03:46.133,2.03875,2.03925,1.00,1.20
2008.07.10 11:03:46.356,2.0387,2.03925,1.20,1.20
2008.07.10 11:03:46.581,2.0387,2.03925,1.00,1.20
2008.07.10 11:03:46.808,2.0387,2.03925,1.00,1.20
2008.07.10 11:03:47.781,2.03865,2.03925,3.90,1.20
2008.07.10 11:03:47.944,2.03865,2.03915,3.00,1.00
2008.07.10 11:03:48.170,2.03865,2.03915,1.00,1.00
2008.07.10 11:03:48.305,2.0386,2.03915,3.60,1.00
2008.07.10 11:03:48.562,2.03865,2.03915,1.00,1.00
2008.07.10 11:03:48.932,2.0387,2.03915,1.00,1.00
2008.07.10 11:03:51.261,2.0387,2.03915,1.00,1.00
2008.07.10 11:03:51.791,2.0387,2.03915,1.00,1.20
2008.07.10 11:03:52.041,2.03865,2.03915,1.00,1.20
2008.07.10 11:03:53.053,2.03865,2.0391,1.00,1.00
2008.07.10 11:03:54.453,2.0386,2.0391,1.00,1.20
2008.07.10 11:03:54.746,2.0386,2.03905,1.00,1.20
2008.07.10 11:03:54.807,2.0386,2.03905,1.00,1.20
2008.07.10 11:03:55.026,2.0385,2.039,3.60,1.00
2008.07.10 11:03:55.217,2.0385,2.0389,2.50,1.00
2008.07.10 11:03:55.417,2.0385,2.0389,2.80,1.00
2008.07.10 11:03:55.604,2.0384,2.0389,1.00,1.00
2008.07.10 11:03:55.966,2.0384,2.0389,1.00,1.00
2008.07.10 11:03:56.153,2.03835,2.0388,1.00,1.00
2008.07.10 11:03:56.675,2.0384,2.0388,1.00,1.00
2008.07.10 11:03:56.863,2.03835,2.0388,1.00,1.00
2008.07.10 11:03:57.050,2.03835,2.03885,1.00,1.00
2008.07.10 11:03:57.234,2.0384,2.0389,1.00,1.00
2008.07.10 11:03:57.359,2.0384,2.0389,1.00,1.00
2008.07.10 11:03:57.491,2.0384,2.03885,1.00,1.00
2008.07.10 11:03:57.842,2.0384,2.03885,1.00,1.20
2008.07.10 11:03:57.979,2.0384,2.03885,2.40,1.20
2008.07.10 11:03:58.123,2.0383,2.03885,1.50,1.20
2008.07.10 11:03:58.418,2.0383,2.03885,1.80,1.20
2008.07.10 11:03:59.300,2.0385,2.03885,2.80,1.20
2008.07.10 11:03:59.377,2.0384,2.03885,3.00,1.00
2008.07.10 11:03:59.541,2.0384,2.0389,4.00,1.00
2008.07.10 11:03:59.942,2.0385,2.0389,2.80,1.00
2008.07.10 11:04:01.462,2.0385,2.03895,2.80,1.20
2008.07.10 11:04:02.420,2.0384,2.0389,1.00,1.00
2008.07.10 11:04:02.547,2.03835,2.03885,3.00,1.00
2008.07.10 11:04:02.727,2.0384,2.03885,1.00,1.00
2008.07.10 11:04:02.969,2.0384,2.03885,4.90,1.00
2008.07.10 11:04:03.057,2.0384,2.03885,4.80,1.00
2008.07.10 11:04:03.148,2.03835,2.03885,1.00,1.00
2008.07.10 11:04:03.386,2.03835,2.0389,1.00,1.20
2008.07.10 11:04:03.518,2.0384,2.0389,1.00,1.20
2008.07.10 11:04:05.537,2.0384,2.03885,1.00,1.00
2008.07.10 11:04:06.113,2.0384,2.0389,1.00,1.20
2008.07.10 11:04:06.370,2.03845,2.0389,1.00,1.00
2008.07.10 11:04:06.464,2.03845,2.03885,1.00,1.20
2008.07.10 11:04:06.695,2.0384,2.03885,1.00,1.20
2008.07.10 11:04:06.863,2.0384,2.0388,1.00,4.20
2008.07.10 11:04:07.017,2.0384,2.03875,1.00,1.00
2008.07.10 11:04:07.166,2.0384,2.03875,1.00,1.20
2008.07.10 11:04:07.665,2.0384,2.0387,1.00,1.20
2008.07.10 11:04:07.825,2.03825,2.0387,1.00,1.20
2008.07.10 11:04:07.961,2.0382,2.0387,2.50,2.10
2008.07.10 11:04:08.096,2.0382,2.0387,1.00,2.10
2008.07.10 11:04:08.205,2.0381,2.0386,1.00,1.00
2008.07.10 11:04:08.316,2.0381,2.03855,1.00,1.00
2008.07.10 11:04:08.425,2.0381,2.03855,1.00,1.00
2008.07.10 11:04:08.724,2.0381,2.0386,1.00,1.00
2008.07.10 11:04:08.929,2.0381,2.0386,1.00,1.20
2008.07.10 11:04:10.535,2.0381,2.0386,1.00,1.20
2008.07.10 11:04:10.666,2.0381,2.0386,1.00,1.20
2008.07.10 11:04:10.782,2.0381,2.0386,1.00,1.00
2008.07.10 11:04:10.843,2.0381,2.0386,1.80,1.00
2008.07.10 11:04:11.014,2.0381,2.0386,1.50,1.00
2008.07.10 11:04:11.104,2.0381,2.0386,1.50,1.00
2008.07.10 11:04:11.394,2.0381,2.0386,2.40,1.20
2008.07.10 11:04:11.693,2.03805,2.0386,1.50,1.20
2008.07.10 11:04:11.978,2.0381,2.0386,4.40,1.00
2008.07.10 11:04:12.271,2.03815,2.03865,1.20,1.00
2008.07.10 11:04:18.044,2.03815,2.03865,1.60,1.00
2008.07.10 11:04:19.812,2.0382,2.03865,1.00,1.00
2008.07.10 11:04:19.923,2.0382,2.0387,1.00,1.20
2008.07.10 11:04:20.043,2.0382,2.0387,1.00,1.00
2008.07.10 11:04:20.822,2.0383,2.0387,1.00,1.00
2008.07.10 11:04:20.960,2.0382,2.03875,1.50,1.00
2008.07.10 11:04:21.090,2.0382,2.0387,1.00,1.00
2008.07.10 11:04:21.281,2.0382,2.0387,1.00,1.00
2008.07.10 11:04:21.422,2.03825,2.0387,2.40,1.00
2008.07.10 11:04:21.632,2.0382,2.03875,1.00,1.20
2008.07.10 11:04:22.228,2.0382,2.03875,1.50,1.20
2008.07.10 11:04:22.431,2.0382,2.03875,3.90,1.20
2008.07.10 11:04:23.099,2.0382,2.0387,3.10,1.00
2008.07.10 11:04:23.253,2.03825,2.03875,1.00,1.00
2008.07.10 11:04:23.410,2.0383,2.0388,1.00,3.60
2008.07.10 11:04:23.575,2.0383,2.0388,1.00,1.00
2008.07.10 11:04:23.867,2.0383,2.03875,1.00,1.00
2008.07.10 11:04:24.097,2.03825,2.03875,1.00,1.20
2008.07.10 11:04:24.328,2.0382,2.0387,4.00,1.00
2008.07.10 11:04:24.564,2.0382,2.03855,3.00,1.00
2008.07.10 11:04:24.787,2.0382,2.03855,1.00,1.00
2008.07.10 11:04:28.361,2.0382,2.03865,1.00,1.00
2008.07.10 11:04:28.734,2.0382,2.0386,1.00,1.00
2008.07.10 11:04:29.084,2.0381,2.0386,1.00,1.00
2008.07.10 11:04:29.935,2.0381,2.03865,1.50,1.00
2008.07.10 11:04:30.277,2.0381,2.03865,3.90,1.00
2008.07.10 11:04:30.520,2.0381,2.0387,3.90,3.80
2008.07.10 11:04:30.872,2.0381,2.03865,3.90,1.20
2008.07.10 11:04:31.030,2.0381,2.03865,3.00,2.50
2008.07.10 11:04:31.191,2.0381,2.03865,3.90,2.50
2008.07.10 11:04:31.350,2.0381,2.03865,1.50,2.50
2008.07.10 11:04:31.817,2.0381,2.03865,1.50,1.20
2008.07.10 11:04:31.938,2.0384,2.03865,1.00,1.20
2008.07.10 11:04:32.053,2.0384,2.03865,1.00,1.00
2008.07.10 11:04:32.271,2.0384,2.0387,1.00,1.00
2008.07.10 11:04:32.399,2.03845,2.0388,1.00,2.20
2008.07.10 11:04:32.557,2.03845,2.03885,1.00,1.00
2008.07.10 11:04:32.717,2.03845,2.0389,1.00,5.10
2008.07.10 11:04:34.040,2.03845,2.0389,1.00,1.00
2008.07.10 11:04:35.954,2.03845,2.0389,1.00,5.10
2008.07.10 11:04:38.421,2.03845,2.03885,1.00,1.00
2008.07.10 11:04:38.975,2.0384,2.03885,1.00,1.00
2008.07.10 11:04:42.502,2.03835,2.03885,1.00,2.50
2008.07.10 11:04:42.742,2.03835,2.0388,1.00,1.00
2008.07.10 11:04:44.106,2.03825,2.0388,1.50,1.20
2008.07.10 11:04:48.792,2.03825,2.0388,1.50,2.50
2008.07.10 11:04:49.082,2.03825,2.03875,1.00,1.00
2008.07.10 11:04:49.487,2.03825,2.03875,1.00,2.10
2008.07.10 11:04:49.699,2.0382,2.0387,1.00,1.00
2008.07.10 11:04:49.910,2.03815,2.0387,1.50,1.20
2008.07.10 11:04:52.645,2.03815,2.0387,1.00,1.20
2008.07.10 11:04:52.966,2.0383,2.0387,1.00,1.00
2008.07.10 11:04:53.425,2.0383,2.03875,1.00,1.00
2008.07.10 11:04:53.811,2.0383,2.0387,1.00,1.20
2008.07.10 11:04:54.019,2.0382,2.0387,1.00,1.20
2008.07.10 11:04:54.399,2.0382,2.0386,1.00,1.30
2008.07.10 11:04:54.658,2.03815,2.0386,1.00,1.60
2008.07.10 11:04:55.901,2.0381,2.03855,1.00,1.00
2008.07.10 11:04:56.454,2.03805,2.03855,1.00,1.20
2008.07.10 11:04:58.769,2.03805,2.03855,1.00,1.20
2008.07.10 11:04:58.919,2.0381,2.03855,1.00,1.20
2008.07.10 11:04:59.008,2.0381,2.03855,1.40,1.00
2008.07.10 11:04:59.099,2.0381,2.0386,1.40,1.20
2008.07.10 11:04:59.253,2.0381,2.0386,1.50,1.00
2008.07.10 11:04:59.492,2.0381,2.0386,1.50,1.00
2008.07.10 11:04:59.642,2.0381,2.03865,1.50,1.00
2008.07.10 11:04:59.771,2.0381,2.03865,3.90,1.00
2008.07.10 11:04:59.853,2.03815,2.03865,1.00,1.00
2008.07.10 11:05:00.152,2.0381,2.03865,3.90,1.20
2008.07.10 11:05:00.383,2.0381,2.03865,3.90,2.50
2008.07.10 11:05:00.617,2.0381,2.03865,1.50,2.50
2008.07.10 11:05:00.842,2.0381,2.0386,1.50,1.00
2008.07.10 11:05:01.074,2.0381,2.03855,1.00,1.00
2008.07.10 11:05:02.314,2.0381,2.03855,1.00,1.50
2008.07.10 11:05:02.432,2.038,2.0385,4.30,1.00
2008.07.10 11:05:02.468,2.038,2.0385,1.00,1.00
2008.07.10 11:05:02.571,2.038,2.03845,1.00,1.00
2008.07.10 11:05:03.405,2.038,2.0384,1.00,1.20
2008.07.10 11:05:03.516,2.0379,2.0384,1.00,3.40
2008.07.10 11:05:03.631,2.03785,2.0383,2.40,1.00
2008.07.10 11:05:03.873,2.0378,2.0383,3.00,1.00
2008.07.10 11:05:04.028,2.0379,2.0383,1.00,1.00
2008.07.10 11:05:04.835,2.0378,2.03835,3.90,1.00
2008.07.10 11:05:05.002,2.0378,2.03835,3.90,2.10
2008.07.10 11:05:05.199,2.0378,2.03825,2.40,1.00
2008.07.10 11:05:05.534,2.0378,2.0383,1.00,1.00
2008.07.10 11:05:05.813,2.0378,2.03835,1.50,1.00
2008.07.10 11:05:05.964,2.0378,2.03835,3.90,1.00
2008.07.10 11:05:07.453,2.0378,2.03835,4.20,1.00
2008.07.10 11:05:07.664,2.03785,2.0384,1.00,1.20
2008.07.10 11:05:08.359,2.03785,2.0384,1.50,1.20
2008.07.10 11:05:08.400,2.03785,2.0384,3.90,1.20
2008.07.10 11:05:10.663,2.0379,2.0384,1.00,1.00
2008.07.10 11:05:10.892,2.0379,2.0384,3.40,1.00
2008.07.10 11:05:11.144,2.0379,2.0384,2.40,1.20
2008.07.10 11:05:11.414,2.03785,2.0384,3.90,1.20
2008.07.10 11:05:13.180,2.0379,2.0384,1.00,1.20
2008.07.10 11:05:13.303,2.0379,2.0384,1.50,1.00
2008.07.10 11:05:13.410,2.03795,2.0384,1.00,1.00
2008.07.10 11:05:13.701,2.03795,2.0384,2.40,1.00
2008.07.10 11:05:14.018,2.0379,2.0384,3.90,1.00
2008.07.10 11:05:15.013,2.0379,2.0384,3.90,2.10
2008.07.10 11:05:15.391,2.0379,2.03835,1.00,1.00
2008.07.10 11:05:15.694,2.0379,2.03835,3.40,1.00
2008.07.10 11:05:16.754,2.0379,2.03835,3.70,1.00
2008.07.10 11:05:17.032,2.03805,2.0385,1.00,1.60
2008.07.10 11:05:17.180,2.03805,2.0385,1.50,1.30
2008.07.10 11:05:17.364,2.03805,2.0385,3.90,1.30
2008.07.10 11:05:19.545,2.0381,2.03865,1.50,2.50
2008.07.10 11:05:19.960,2.03815,2.03865,1.00,2.10
2008.07.10 11:05:20.202,2.03815,2.03865,3.40,2.10
2008.07.10 11:05:20.324,2.03815,2.03855,3.40,1.20
2008.07.10 11:05:20.665,2.03815,2.03855,2.40,1.20
2008.07.10 11:05:20.880,2.03815,2.0386,2.40,2.50
2008.07.10 11:05:21.014,2.03805,2.0386,3.90,2.50
2008.07.10 11:05:21.127,2.03805,2.03855,3.40,1.00
2008.07.10 11:05:22.184,2.03805,2.03855,1.00,1.00
2008.07.10 11:05:22.326,2.03805,2.03855,1.00,2.10
2008.07.10 11:05:22.924,2.03805,2.03855,1.00,1.00
2008.07.10 11:05:23.050,2.03805,2.0386,1.50,1.20
2008.07.10 11:05:23.202,2.03815,2.0386,1.00,1.00
2008.07.10 11:05:23.936,2.03815,2.0386,3.40,1.00
2008.07.10 11:05:25.078,2.03815,2.0387,3.90,1.00
2008.07.10 11:05:25.740,2.0383,2.0387,1.00,1.00
2008.07.10 11:05:26.023,2.03825,2.0387,3.40,1.00
2008.07.10 11:05:27.029,2.0383,2.0387,1.00,1.00
2008.07.10 11:05:28.038,2.0383,2.03875,1.00,1.00
2008.07.10 11:05:28.407,2.0383,2.03865,1.00,1.20
2008.07.10 11:05:28.538,2.0383,2.03865,3.40,1.00
2008.07.10 11:05:28.635,2.0383,2.03865,2.40,1.00
2008.07.10 11:05:28.984,2.0382,2.03875,1.00,1.20
2008.07.10 11:05:29.136,2.03825,2.03875,1.00,1.00
2008.07.10 11:05:29.258,2.0383,2.03885,1.00,1.20
2008.07.10 11:05:29.639,2.03825,2.0388,3.00,3.20
2008.07.10 11:05:29.904,2.03825,2.0388,1.00,3.20
2008.07.10 11:05:30.121,2.03825,2.0388,1.00,1.00
2008.07.10 11:05:30.616,2.03825,2.0388,1.50,1.00
2008.07.10 11:05:30.773,2.0383,2.03885,1.00,2.10
2008.07.10 11:05:30.956,2.03825,2.03875,3.90,1.00
2008.07.10 11:05:31.105,2.0383,2.03875,2.40,1.00
2008.07.10 11:05:31.259,2.03825,2.03875,1.50,1.00
2008.07.10 11:05:32.438,2.0383,2.03885,1.00,1.20
2008.07.10 11:05:32.699,2.0383,2.03885,1.50,1.00
2008.07.10 11:05:32.980,2.03835,2.03885,1.00,1.00
2008.07.10 11:05:33.104,2.03835,2.03885,3.40,1.00
2008.07.10 11:05:33.444,2.03835,2.0389,3.40,1.00
2008.07.10 11:05:33.817,2.03835,2.0389,3.90,1.00
2008.07.10 11:05:33.944,2.03835,2.03885,3.90,1.20
2008.07.10 11:05:34.073,2.03835,2.03875,2.40,1.20
2008.07.10 11:05:34.246,2.03835,2.03875,2.40,1.00
2008.07.10 11:05:34.386,2.03835,2.03885,2.40,2.10
2008.07.10 11:05:34.536,2.03835,2.0388,1.00,1.00
2008.07.10 11:05:34.696,2.03835,2.03885,1.00,1.20
2008.07.10 11:05:35.133,2.03835,2.03885,1.00,1.50
2008.07.10 11:05:35.308,2.03835,2.0388,1.00,1.00
2008.07.10 11:05:35.474,2.03825,2.0388,3.00,1.00
2008.07.10 11:05:35.650,2.03825,2.0388,1.00,1.20
2008.07.10 11:05:36.748,2.03825,2.03875,1.00,1.20
2008.07.10 11:05:36.886,2.03825,2.0387,1.00,1.00
2008.07.10 11:05:37.396,2.03825,2.0387,1.00,1.60
2008.07.10 11:05:39.897,2.03825,2.0387,1.00,1.30
2008.07.10 11:05:40.137,2.03825,2.03875,1.00,1.20
2008.07.10 11:05:40.817,2.03825,2.03875,1.00,1.00
2008.07.10 11:05:41.343,2.03825,2.03875,1.00,1.20
2008.07.10 11:05:41.606,2.03825,2.0387,1.00,1.00
2008.07.10 11:05:41.803,2.03825,2.03865,1.00,1.00
2008.07.10 11:05:42.796,2.03825,2.0387,1.00,1.00
2008.07.10 11:05:43.303,2.03825,2.03875,1.00,1.20
2008.07.10 11:05:43.833,2.03825,2.0387,1.00,1.00
2008.07.10 11:05:45.047,2.03815,2.0387,3.90,1.20
2008.07.10 11:05:45.134,2.03815,2.0387,3.00,1.20
2008.07.10 11:05:45.222,2.03815,2.0387,1.00,1.20
2008.07.10 11:05:45.377,2.03815,2.0387,1.00,1.20
2008.07.10 11:05:45.616,2.03815,2.0387,1.00,1.00
2008.07.10 11:05:45.779,2.03815,2.03875,1.60,1.20
2008.07.10 11:05:45.921,2.03815,2.03875,1.50,1.20
2008.07.10 11:05:46.003,2.03815,2.03875,3.90,1.20
2008.07.10 11:05:46.156,2.03815,2.0387,3.00,1.00
2008.07.10 11:05:46.437,2.03815,2.0387,1.00,1.00
2008.07.10 11:05:46.812,2.03815,2.0387,1.50,1.00
2008.07.10 11:05:47.112,2.03815,2.0387,1.50,1.20
2008.07.10 11:05:47.221,2.03815,2.0387,3.90,1.20
2008.07.10 11:05:47.732,2.0382,2.0387,1.00,1.00
2008.07.10 11:05:47.956,2.0382,2.0387,3.40,1.00
2008.07.10 11:05:48.290,2.0382,2.0387,2.40,1.00
2008.07.10 11:05:48.382,2.0382,2.0387,2.40,1.20
2008.07.10 11:05:48.516,2.03815,2.0387,1.00,1.20
2008.07.10 11:05:48.684,2.0381,2.03865,4.00,1.00
2008.07.10 11:05:50.739,2.0381,2.03865,3.00,1.00
2008.07.10 11:05:50.906,2.0381,2.03865,1.00,1.00
2008.07.10 11:05:51.201,2.03815,2.03865,1.00,1.00
2008.07.10 11:05:51.317,2.03815,2.0387,1.00,1.20
2008.07.10 11:05:53.262,2.03815,2.03865,1.00,1.00
2008.07.10 11:05:53.512,2.03815,2.0387,1.50,1.20
2008.07.10 11:05:53.684,2.03815,2.0387,3.90,1.20
2008.07.10 11:05:53.965,2.03815,2.0387,4.20,1.20
2008.07.10 11:05:54.191,2.0382,2.0387,1.00,1.00
2008.07.10 11:05:54.320,2.0382,2.03875,1.50,1.20
2008.07.10 11:05:54.389,2.0382,2.03875,3.90,1.20
2008.07.10 11:05:54.664,2.0382,2.0387,3.00,1.00
2008.07.10 11:05:54.876,2.0382,2.0387,1.00,1.00
2008.07.10 11:05:55.148,2.0382,2.0386,1.00,1.20
2008.07.10 11:05:55.484,2.03815,2.0386,3.40,1.20
2008.07.10 11:05:55.570,2.03815,2.0386,2.40,1.50
2008.07.10 11:05:55.654,2.0381,2.0386,1.00,1.50
2008.07.10 11:05:55.741,2.0381,2.0386,1.00,1.00
2008.07.10 11:05:56.031,2.03815,2.0387,1.00,3.60
2008.07.10 11:05:56.240,2.03815,2.03865,1.00,1.00
2008.07.10 11:05:56.663,2.03815,2.0387,1.50,1.00
2008.07.10 11:05:56.876,2.0383,2.03875,1.00,1.00
2008.07.10 11:05:57.094,2.0382,2.03875,3.90,1.00
2008.07.10 11:05:57.203,2.03825,2.0388,1.20,1.20
2008.07.10 11:05:57.410,2.0383,2.0388,1.00,1.20
2008.07.10 11:05:57.688,2.0383,2.03875,1.00,1.00
2008.07.10 11:06:01.407,2.0383,2.0388,1.00,1.20
2008.07.10 11:06:01.531,2.03825,2.0388,1.00,1.20
2008.07.10 11:06:02.557,2.0383,2.0388,1.00,1.20
2008.07.10 11:06:02.793,2.0382,2.03875,3.20,1.20
2008.07.10 11:06:02.978,2.03835,2.03875,1.00,1.00
2008.07.10 11:06:03.233,2.0382,2.03875,1.00,1.20
2008.07.10 11:06:06.761,2.0382,2.03875,1.00,1.00
2008.07.10 11:06:06.874,2.03825,2.03875,1.00,1.00
2008.07.10 11:06:08.557,2.0382,2.03875,1.00,1.00
2008.07.10 11:06:08.618,2.0382,2.03875,1.00,1.20
2008.07.10 11:06:08.879,2.0382,2.03875,1.00,1.20
2008.07.10 11:06:08.996,2.0382,2.0387,1.00,1.00
2008.07.10 11:06:09.556,2.03815,2.0387,1.00,1.00
2008.07.10 11:06:09.794,2.03815,2.03865,1.00,1.00
2008.07.10 11:06:10.953,2.03815,2.03865,1.00,1.00
2008.07.10 11:06:11.926,2.03815,2.03865,1.00,1.00
2008.07.10 11:06:12.498,2.0382,2.03865,1.00,1.00
2008.07.10 11:06:12.766,2.0382,2.0387,1.00,1.20
2008.07.10 11:06:13.937,2.0382,2.0387,2.00,1.20
2008.07.10 11:06:14.058,2.03825,2.0387,1.00,1.00
2008.07.10 11:06:14.180,2.03825,2.0387,1.00,1.00
2008.07.10 11:06:14.349,2.03825,2.03875,1.00,1.00
2008.07.10 11:06:14.501,2.03825,2.03875,1.00,1.00
2008.07.10 11:06:15.247,2.03825,2.0387,1.00,1.00
2008.07.10 11:06:17.294,2.0382,2.0387,1.00,1.00
2008.07.10 11:06:17.460,2.0382,2.0387,1.00,1.00
2008.07.10 11:06:18.525,2.03825,2.0387,1.00,1.00
2008.07.10 11:06:18.632,2.03825,2.0387,1.00,1.00
2008.07.10 11:06:18.931,2.03825,2.0387,1.00,1.00
2008.07.10 11:06:22.312,2.03825,2.0388,1.50,3.60
2008.07.10 11:06:22.749,2.03825,2.0388,1.50,1.20
2008.07.10 11:06:23.216,2.03825,2.0388,1.00,1.20
2008.07.10 11:06:23.501,2.03825,2.0388,1.00,1.20
2008.07.10 11:06:24.041,2.03835,2.03885,1.00,1.20
2008.07.10 11:06:29.619,2.03835,2.03875,1.00,1.20
2008.07.10 11:06:29.960,2.03835,2.03885,1.00,1.20
2008.07.10 11:06:30.075,2.03835,2.03875,1.00,1.00
2008.07.10 11:06:30.342,2.03835,2.03885,1.00,1.20
2008.07.10 11:06:30.536,2.03835,2.03875,1.00,1.00
2008.07.10 11:06:30.664,2.03835,2.03875,1.00,1.00
2008.07.10 11:06:31.271,2.03835,2.03875,1.00,1.00
2008.07.10 11:06:31.453,2.03835,2.03885,1.00,3.60
2008.07.10 11:06:31.687,2.03835,2.03885,1.00,1.20
2008.07.10 11:06:33.920,2.03835,2.03885,1.00,1.20
2008.07.10 11:06:35.490,2.03835,2.03885,1.00,1.20
2008.07.10 11:06:36.035,2.0384,2.03885,1.00,1.20
2008.07.10 11:06:38.812,2.0385,2.03885,1.00,1.00
2008.07.10 11:06:38.974,2.0385,2.03895,1.00,3.10
2008.07.10 11:06:39.066,2.0384,2.03885,1.00,1.00
2008.07.10 11:06:39.293,2.0384,2.03885,1.00,1.00
2008.07.10 11:06:39.990,2.0384,2.0389,1.00,1.20
2008.07.10 11:06:40.904,2.03845,2.0389,1.00,1.20
2008.07.10 11:06:41.342,2.0384,2.03895,1.00,1.20
2008.07.10 11:06:41.528,2.0384,2.03895,1.60,1.20
2008.07.10 11:06:41.863,2.0384,2.03895,1.00,1.20
2008.07.10 11:06:42.313,2.0384,2.03895,5.40,1.20
2008.07.10 11:06:42.419,2.0384,2.03895,5.20,1.20
2008.07.10 11:06:42.600,2.0384,2.03895,1.00,1.20
2008.07.10 11:06:42.777,2.03835,2.0389,3.90,1.00
2008.07.10 11:06:42.868,2.03835,2.0389,3.00,1.20
2008.07.10 11:06:42.967,2.03835,2.0389,1.00,1.20
2008.07.10 11:06:43.137,2.0384,2.0389,4.80,1.20
2008.07.10 11:06:43.242,2.03835,2.0389,1.00,1.20
2008.07.10 11:06:43.336,2.03835,2.0389,1.50,1.00
2008.07.10 11:06:43.445,2.03835,2.0389,1.60,1.00
2008.07.10 11:06:43.922,2.0384,2.03895,1.50,1.20
2008.07.10 11:06:44.358,2.0384,2.03895,1.60,1.00
2008.07.10 11:06:44.676,2.0384,2.03895,1.80,1.20
2008.07.10 11:06:45.251,2.0384,2.03895,1.00,1.20
2008.07.10 11:06:45.608,2.03845,2.03895,1.00,1.20
2008.07.10 11:06:46.547,2.0385,2.03895,1.00,1.20
2008.07.10 11:06:46.799,2.0385,2.039,1.00,1.20
2008.07.10 11:06:47.270,2.0385,2.039,1.00,1.00
2008.07.10 11:06:48.045,2.03855,2.039,1.00,1.00
2008.07.10 11:06:48.174,2.03855,2.039,1.00,1.00
2008.07.10 11:06:48.298,2.03855,2.039,1.00,1.00
2008.07.10 11:06:48.647,2.0386,2.039,1.00,1.00
2008.07.10 11:06:48.902,2.0387,2.039,1.00,1.00
2008.07.10 11:06:49.038,2.0387,2.0391,1.00,1.20
2008.07.10 11:06:49.181,2.0387,2.0391,1.00,1.00
2008.07.10 11:06:50.228,2.0387,2.03915,1.00,1.20
2008.07.10 11:06:53.872,2.0387,2.03905,1.00,1.20
2008.07.10 11:06:54.003,2.0386,2.03905,1.00,1.20
2008.07.10 11:06:54.182,2.03855,2.03905,1.00,1.20
2008.07.10 11:06:54.293,2.03855,2.03895,1.00,1.00
2008.07.10 11:06:54.427,2.0385,2.03895,2.50,1.00
2008.07.10 11:06:54.483,2.0385,2.03895,1.00,1.00
2008.07.10 11:06:54.554,2.0385,2.0389,1.00,2.80
2008.07.10 11:06:55.012,2.0385,2.03895,1.00,1.00
2008.07.10 11:06:58.729,2.0385,2.03895,1.00,1.00
2008.07.10 11:06:58.871,2.0387,2.03895,1.00,1.00
2008.07.10 11:06:59.010,2.0387,2.03905,1.00,3.10
2008.07.10 11:06:59.267,2.0387,2.03905,1.00,1.00
2008.07.10 11:06:59.414,2.03855,2.03905,3.90,1.00
2008.07.10 11:06:59.525,2.03855,2.039,3.40,1.00
2008.07.10 11:06:59.831,2.03855,2.039,2.40,1.00
2008.07.10 11:06:59.937,2.0385,2.039,2.50,1.00
2008.07.10 11:07:00.348,2.0385,2.039,2.50,2.10
2008.07.10 11:07:00.777,2.0385,2.03895,1.00,1.00
2008.07.10 11:07:01.222,2.0385,2.039,1.00,4.00
2008.07.10 11:07:01.734,2.0385,2.039,1.00,1.20
2008.07.10 11:07:01.855,2.03855,2.039,1.00,1.00
2008.07.10 11:07:01.975,2.03855,2.039,3.40,1.00
2008.07.10 11:07:02.096,2.03855,2.039,2.40,1.20
2008.07.10 11:07:02.546,2.0385,2.039,1.60,1.00
2008.07.10 11:07:02.741,2.03855,2.03905,1.00,1.00
2008.07.10 11:07:02.997,2.0386,2.0391,1.00,3.60
2008.07.10 11:07:03.158,2.0387,2.03915,1.00,1.20
2008.07.10 11:07:04.063,2.0387,2.03915,1.00,1.00
2008.07.10 11:07:04.138,2.0388,2.03915,1.00,1.00
2008.07.10 11:07:04.261,2.0388,2.03915,2.80,1.00
2008.07.10 11:07:04.516,2.0388,2.03925,2.80,3.10
2008.07.10 11:07:04.701,2.0388,2.03925,2.80,1.00
2008.07.10 11:07:06.372,2.0388,2.03925,1.00,1.00
2008.07.10 11:07:06.597,2.0388,2.03925,2.80,1.00
2008.07.10 11:07:07.693,2.0388,2.03925,1.00,1.00
2008.07.10 11:07:08.543,2.0388,2.0392,1.00,1.20
2008.07.10 11:07:08.717,2.0387,2.0392,4.00,4.00
2008.07.10 11:07:08.860,2.0387,2.0391,3.00,2.80
2008.07.10 11:07:08.935,2.0387,2.0391,2.50,2.80
2008.07.10 11:07:09.026,2.0387,2.0391,1.00,2.80
2008.07.10 11:07:10.791,2.0387,2.0391,1.00,2.80
2008.07.10 11:07:10.901,2.0387,2.0391,1.00,2.80
2008.07.10 11:07:11.045,2.03865,2.0391,1.00,2.50
2008.07.10 11:07:11.359,2.0386,2.0391,1.40,1.30
2008.07.10 11:07:11.511,2.0386,2.0392,1.50,2.60
2008.07.10 11:07:11.824,2.03865,2.0392,1.00,2.60
2008.07.10 11:07:13.223,2.03865,2.0392,1.00,2.60
2008.07.10 11:07:13.333,2.0387,2.0392,1.00,1.60
2008.07.10 11:07:13.533,2.03865,2.0392,1.00,1.60
2008.07.10 11:07:13.657,2.0387,2.0392,1.00,1.30
2008.07.10 11:07:13.900,2.0387,2.0392,2.40,2.60
2008.07.10 11:07:14.212,2.03865,2.0392,1.00,2.60
2008.07.10 11:07:15.470,2.0386,2.0392,4.00,2.60
2008.07.10 11:07:17.591,2.0386,2.0392,4.20,2.60
2008.07.10 11:07:18.550,2.03865,2.0392,1.00,2.60
2008.07.10 11:07:19.074,2.0387,2.0392,1.00,1.20
2008.07.10 11:07:19.327,2.0387,2.0392,1.00,1.00
2008.07.10 11:07:20.521,2.0388,2.0392,1.00,1.00
2008.07.10 11:07:22.771,2.0388,2.0392,1.00,2.10
2008.07.10 11:07:22.915,2.03875,2.0392,1.00,2.10
2008.07.10 11:07:23.085,2.03875,2.0392,1.00,5.00
2008.07.10 11:07:23.167,2.0387,2.0392,3.60,2.10
2008.07.10 11:07:23.257,2.0387,2.0392,3.60,1.00
2008.07.10 11:07:23.543,2.0387,2.0392,1.00,1.00
2008.07.10 11:07:23.856,2.03875,2.0392,1.00,1.00
2008.07.10 11:07:24.186,2.03875,2.0392,1.00,3.70
2008.07.10 11:07:24.508,2.03875,2.0392,1.00,5.00
2008.07.10 11:07:24.837,2.0387,2.0392,1.00,5.00
2008.07.10 11:07:24.924,2.0387,2.0391,1.00,2.80
2008.07.10 11:07:26.423,2.0387,2.0391,1.00,2.80
2008.07.10 11:07:30.389,2.0387,2.0392,1.00,5.40
2008.07.10 11:07:30.640,2.0387,2.0392,1.00,5.00
2008.07.10 11:07:35.336,2.0387,2.0391,1.00,3.70
2008.07.10 11:07:35.666,2.0387,2.0391,1.00,3.70
2008.07.10 11:07:41.325,2.0387,2.0391,1.00,1.00
2008.07.10 11:07:42.467,2.0387,2.0391,1.00,1.20
2008.07.10 11:07:42.744,2.0386,2.0391,1.00,1.20
2008.07.10 11:07:44.247,2.0386,2.0391,1.40,1.20
2008.07.10 11:07:44.365,2.03875,2.0391,1.00,1.20
2008.07.10 11:07:44.564,2.03875,2.0391,1.00,1.30
2008.07.10 11:07:44.667,2.0387,2.0391,1.00,1.30
2008.07.10 11:07:44.772,2.0386,2.0391,1.00,1.30
2008.07.10 11:07:44.897,2.0388,2.0391,1.00,1.30
2008.07.10 11:07:45.087,2.0388,2.0392,1.00,3.20
2008.07.10 11:07:45.370,2.0388,2.0391,1.00,1.30
2008.07.10 11:07:45.488,2.0387,2.0391,1.00,1.30
2008.07.10 11:07:45.652,2.0387,2.0391,1.00,1.00
2008.07.10 11:07:47.522,2.03865,2.0391,1.00,1.00
2008.07.10 11:07:48.400,2.0386,2.0391,1.00,1.00
2008.07.10 11:07:52.427,2.0386,2.0391,1.00,1.50
2008.07.10 11:07:52.502,2.0386,2.0391,1.00,4.40
2008.07.10 11:07:52.665,2.0386,2.03905,1.00,1.20
2008.07.10 11:08:14.619,2.0386,2.039,1.00,3.20
2008.07.10 11:08:14.840,2.0386,2.039,1.00,1.20
2008.07.10 11:08:15.208,2.0386,2.039,1.00,2.50
2008.07.10 11:08:15.236,2.0385,2.039,1.00,2.50
2008.07.10 11:08:15.496,2.0385,2.039,1.00,2.50
2008.07.10 11:08:15.598,2.0385,2.03895,1.00,1.00
2008.07.10 11:08:16.005,2.03845,2.03895,1.00,1.00
2008.07.10 11:08:16.066,2.0384,2.0389,3.00,1.20
2008.07.10 11:08:16.181,2.0384,2.0389,1.00,1.20
2008.07.10 11:08:20.778,2.0384,2.0389,1.00,1.20
2008.07.10 11:08:27.122,2.0384,2.0389,1.00,2.50
2008.07.10 11:08:27.216,2.03835,2.0389,1.00,2.50
2008.07.10 11:08:27.339,2.0383,2.0389,3.90,2.50
2008.07.10 11:08:29.616,2.0383,2.0389,3.90,1.20
2008.07.10 11:08:30.291,2.0384,2.0389,1.00,1.20
2008.07.10 11:08:30.803,2.0384,2.03885,1.00,1.00
2008.07.10 11:08:31.035,2.0384,2.03885,1.00,1.20
2008.07.10 11:08:32.345,2.0383,2.03885,1.50,1.20
2008.07.10 11:08:33.852,2.0384,2.03885,1.00,1.20
2008.07.10 11:08:37.946,2.0383,2.0388,1.00,1.00
2008.07.10 11:08:38.179,2.03825,2.0388,3.90,1.20
2008.07.10 11:08:38.460,2.03825,2.0388,1.50,1.20
2008.07.10 11:08:41.347,2.03825,2.0388,1.50,2.10
2008.07.10 11:08:41.410,2.03825,2.03875,1.00,2.10
2008.07.10 11:08:41.483,2.0382,2.0387,2.50,1.30
2008.07.10 11:08:41.668,2.0382,2.0387,2.60,1.30
2008.07.10 11:08:41.699,2.0382,2.0387,1.00,1.30
2008.07.10 11:08:41.786,2.0382,2.0387,1.20,1.00
2008.07.10 11:08:41.902,2.0384,2.0387,1.00,1.00
2008.07.10 11:08:42.101,2.0384,2.0388,1.00,2.20
2008.07.10 11:08:42.210,2.0384,2.03885,1.00,1.20
2008.07.10 11:08:42.324,2.0384,2.03885,1.00,2.50
2008.07.10 11:08:42.530,2.0384,2.0388,1.00,1.00
2008.07.10 11:08:43.371,2.0383,2.0388,1.00,1.00
2008.07.10 11:08:45.397,2.0383,2.03875,1.00,1.20
2008.07.10 11:08:45.596,2.0383,2.0387,1.00,1.00
2008.07.10 11:08:46.020,2.0383,2.03875,1.00,1.00
2008.07.10 11:08:47.100,2.0383,2.0388,1.00,1.00
2008.07.10 11:08:47.253,2.0383,2.0388,1.00,3.20
2008.07.10 11:08:48.079,2.0383,2.03875,1.00,1.00
2008.07.10 11:08:48.651,2.0383,2.0388,1.00,3.20
2008.07.10 11:08:48.867,2.0384,2.0388,1.00,1.00
2008.07.10 11:08:49.100,2.0384,2.03885,1.00,1.00
2008.07.10 11:08:51.128,2.0384,2.0389,1.00,1.20
2008.07.10 11:08:51.317,2.0384,2.0389,1.00,3.20
2008.07.10 11:08:51.390,2.0385,2.0389,1.00,3.20
2008.07.10 11:08:51.543,2.0385,2.0389,1.00,1.00
2008.07.10 11:08:51.991,2.0385,2.03895,1.00,1.20
2008.07.10 11:09:03.590,2.0385,2.03895,1.00,1.00
2008.07.10 11:09:04.890,2.0385,2.03895,1.00,2.10
2008.07.10 11:09:05.005,2.03845,2.03895,1.00,2.10
2008.07.10 11:09:05.081,2.0384,2.03885,3.40,1.00
2008.07.10 11:09:05.517,2.0384,2.03895,2.40,2.50
2008.07.10 11:09:05.648,2.03845,2.03895,1.00,1.50
2008.07.10 11:09:05.835,2.03835,2.03895,3.90,1.50
2008.07.10 11:09:05.939,2.03835,2.0389,3.90,1.00
2008.07.10 11:09:06.494,2.03835,2.0389,3.90,1.20
2008.07.10 11:09:06.745,2.03835,2.0389,3.90,1.00
2008.07.10 11:09:07.188,2.03835,2.0389,3.90,2.10
2008.07.10 11:09:07.389,2.03835,2.0389,3.90,1.00
2008.07.10 11:09:07.704,2.03835,2.03885,3.40,1.00
2008.07.10 11:09:07.797,2.03835,2.03885,1.00,1.00
2008.07.10 11:09:08.319,2.0383,2.03885,1.00,1.20
2008.07.10 11:09:09.011,2.0383,2.0388,1.00,1.00
2008.07.10 11:09:09.244,2.03825,2.0388,3.90,1.00
2008.07.10 11:09:09.473,2.0382,2.03875,3.90,1.00
2008.07.10 11:09:10.076,2.0382,2.03875,3.90,1.20
2008.07.10 11:09:13.613,2.0382,2.03875,3.90,1.00
2008.07.10 11:09:13.839,2.03825,2.03875,1.00,1.00
2008.07.10 11:09:14.881,2.03825,2.03875,1.50,1.00
2008.07.10 11:09:15.129,2.03825,2.03875,3.90,1.00
2008.07.10 11:09:15.521,2.03825,2.0388,3.90,1.00
2008.07.10 11:09:15.682,2.0383,2.0388,2.40,1.00
2008.07.10 11:09:16.170,2.0383,2.03885,3.40,1.00
2008.07.10 11:09:17.132,2.0383,2.03885,3.90,1.00
2008.07.10 11:09:17.819,2.0383,2.03885,3.90,2.10
2008.07.10 11:09:18.085,2.03835,2.03885,1.00,2.10
2008.07.10 11:09:18.174,2.03835,2.03885,3.40,2.10
2008.07.10 11:09:25.336,2.03835,2.03885,3.40,1.00
2008.07.10 11:09:25.557,2.03835,2.03885,2.40,1.00
2008.07.10 11:09:25.754,2.03835,2.03885,2.40,2.10
2008.07.10 11:09:26.053,2.0383,2.03885,3.40,2.10
2008.07.10 11:09:26.505,2.0383,2.03885,3.40,1.00
2008.07.10 11:09:27.428,2.0383,2.03885,3.40,2.10
2008.07.10 11:09:29.809,2.0383,2.0388,3.40,1.20
2008.07.10 11:09:34.285,2.0383,2.0388,3.90,1.20
2008.07.10 11:09:34.470,2.0383,2.03885,3.90,1.00
2008.07.10 11:09:35.274,2.0383,2.0388,3.90,1.20
2008.07.10 11:09:35.488,2.0383,2.03885,3.90,1.00
2008.07.10 11:09:35.783,2.0384,2.03885,1.00,1.00
2008.07.10 11:09:35.938,2.0384,2.0389,1.00,2.10
2008.07.10 11:09:36.464,2.0384,2.0389,1.00,1.00
2008.07.10 11:09:36.621,2.0384,2.0389,3.40,1.00
2008.07.10 11:09:36.919,2.0384,2.03895,3.90,2.50
2008.07.10 11:09:37.072,2.0384,2.03895,3.90,2.10
2008.07.10 11:09:37.393,2.03845,2.03895,1.00,1.00
2008.07.10 11:09:37.902,2.03845,2.03895,3.40,1.00
2008.07.10 11:09:39.791,2.03845,2.03895,3.40,2.10
2008.07.10 11:09:49.680,2.03845,2.03895,3.40,1.00
2008.07.10 11:09:50.230,2.0385,2.03895,1.00,1.00
2008.07.10 11:09:50.745,2.0385,2.03895,1.00,2.10
2008.07.10 11:09:50.914,2.0385,2.0389,1.00,1.00
2008.07.10 11:09:52.299,2.0385,2.0389,1.00,1.80
2008.07.10 11:09:52.637,2.0385,2.0389,1.00,1.00
2008.07.10 11:09:52.903,2.03835,2.0389,3.90,1.00
2008.07.10 11:09:53.071,2.0384,2.0389,1.00,1.00
2008.07.10 11:09:53.244,2.0384,2.0389,3.40,1.00
2008.07.10 11:09:53.722,2.03845,2.0389,1.00,1.00
2008.07.10 11:09:53.885,2.0384,2.0389,3.40,1.00
2008.07.10 11:09:58.121,2.0385,2.0389,1.00,1.00
2008.07.10 11:09:58.283,2.0385,2.039,1.00,1.00
2008.07.10 11:09:59.159,2.0385,2.03905,1.00,1.20
2008.07.10 11:10:00.461,2.0385,2.03905,1.00,1.20
2008.07.10 11:10:00.651,2.0385,2.039,1.00,3.70
2008.07.10 11:10:00.887,2.0385,2.039,1.50,3.70
2008.07.10 11:10:00.929,2.0385,2.039,1.00,3.70
2008.07.10 11:10:03.506,2.0385,2.039,1.00,3.70
2008.07.10 11:10:03.829,2.03855,2.039,1.00,2.80
2008.07.10 11:10:04.103,2.03855,2.03905,1.00,1.00
2008.07.10 11:10:04.196,2.0386,2.0391,1.00,1.80
2008.07.10 11:10:04.335,2.0386,2.0391,1.00,3.70
2008.07.10 11:10:04.933,2.0386,2.0391,1.00,1.80
2008.07.10 11:10:05.537,2.03865,2.03895,1.00,1.20
2008.07.10 11:10:05.656,2.0386,2.03895,1.00,1.20
2008.07.10 11:10:05.875,2.0386,2.039,1.00,1.30
2008.07.10 11:10:06.095,2.0386,2.03905,1.00,2.10
2008.07.10 11:10:06.412,2.0386,2.039,1.00,1.20
2008.07.10 11:10:06.864,2.03855,2.039,2.40,1.50
2008.07.10 11:10:06.988,2.0385,2.039,1.00,1.50
2008.07.10 11:10:07.408,2.0385,2.039,1.00,1.00
2008.07.10 11:10:08.892,2.0385,2.039,1.00,1.20
2008.07.10 11:10:09.032,2.03845,2.039,1.00,1.20
2008.07.10 11:10:09.134,2.03845,2.039,1.00,2.50
2008.07.10 11:10:15.489,2.03845,2.03895,1.00,1.00
2008.07.10 11:10:15.587,2.03845,2.0389,1.00,1.00
2008.07.10 11:10:15.681,2.03845,2.03895,1.00,1.20
2008.07.10 11:10:17.112,2.0384,2.03895,1.40,1.20
2008.07.10 11:10:21.732,2.0384,2.0389,1.40,1.00
2008.07.10 11:10:23.385,2.0384,2.0389,1.60,1.00
2008.07.10 11:10:23.457,2.0384,2.0389,1.40,1.00
2008.07.10 11:10:28.332,2.03845,2.03895,1.00,1.00
2008.07.10 11:10:28.464,2.03845,2.039,1.00,2.60
2008.07.10 11:10:28.569,2.03845,2.039,1.50,2.20
2008.07.10 11:10:28.643,2.03845,2.039,3.90,2.20
2008.07.10 11:10:29.525,2.03845,2.039,3.90,2.60
2008.07.10 11:10:29.797,2.03845,2.039,3.90,2.20
2008.07.10 11:10:31.471,2.03845,2.039,4.20,2.20
2008.07.10 11:10:31.838,2.0385,2.039,1.00,2.20
2008.07.10 11:10:32.150,2.03855,2.039,1.50,1.30
2008.07.10 11:10:32.535,2.0386,2.039,1.00,1.30
2008.07.10 11:10:32.935,2.03855,2.039,3.90,1.30
2008.07.10 11:10:33.179,2.03855,2.039,1.50,1.30
2008.07.10 11:10:33.617,2.03855,2.039,1.00,2.20
2008.07.10 11:10:34.190,2.03855,2.039,1.00,3.40
2008.07.10 11:10:34.554,2.03855,2.03895,1.00,1.00
2008.07.10 11:10:35.111,2.0385,2.03895,1.00,1.00
2008.07.10 11:10:35.231,2.0385,2.03895,1.00,1.00
2008.07.10 11:10:35.500,2.0385,2.03895,1.00,1.00
2008.07.10 11:10:35.714,2.0385,2.039,1.00,1.60
2008.07.10 11:10:38.141,2.0385,2.039,1.00,1.60
2008.07.10 11:10:38.223,2.0385,2.039,1.60,1.30
2008.07.10 11:10:38.388,2.0385,2.039,4.20,1.30
2008.07.10 11:10:38.835,2.0386,2.039,1.00,1.30
2008.07.10 11:10:40.691,2.0386,2.0391,1.00,3.20
2008.07.10 11:10:40.940,2.0386,2.0391,1.00,3.20
2008.07.10 11:10:41.122,2.03865,2.0391,1.00,3.20
2008.07.10 11:10:41.429,2.03865,2.0391,3.00,3.20
2008.07.10 11:10:41.460,2.0387,2.0391,1.00,3.20
2008.07.10 11:10:41.900,2.0387,2.0392,1.00,3.20
2008.07.10 11:10:44.764,2.0387,2.0391,1.00,2.80
2008.07.10 11:10:44.972,2.0387,2.03925,1.00,2.50
2008.07.10 11:10:45.040,2.0387,2.03925,1.00,1.20
2008.07.10 11:10:45.175,2.0388,2.0392,1.00,1.20
2008.07.10 11:10:45.303,2.0387,2.039,1.00,1.00
2008.07.10 11:10:45.421,2.03865,2.03915,3.40,1.00
2008.07.10 11:10:45.649,2.0387,2.03925,1.00,2.50
2008.07.10 11:10:45.772,2.0387,2.03915,1.00,1.00
2008.07.10 11:10:45.901,2.0387,2.03915,1.00,1.00
2008.07.10 11:10:46.066,2.0387,2.03915,3.40,1.00
2008.07.10 11:10:46.234,2.0387,2.03925,3.40,2.10
2008.07.10 11:10:46.401,2.03875,2.03925,1.00,1.50
2008.07.10 11:10:46.991,2.03875,2.0392,1.00,2.80
2008.07.10 11:10:47.161,2.03865,2.0392,3.90,3.70
2008.07.10 11:10:47.248,2.03865,2.0392,3.90,1.20
2008.07.10 11:10:47.540,2.03865,2.0392,1.50,1.20
2008.07.10 11:10:47.633,2.03865,2.0392,1.00,1.20
2008.07.10 11:10:47.991,2.0386,2.03915,3.90,1.00
2008.07.10 11:10:48.309,2.0386,2.03915,3.00,1.20
2008.07.10 11:10:48.552,2.0386,2.03915,1.00,1.20
2008.07.10 11:10:49.557,2.03855,2.0391,3.90,1.00
2008.07.10 11:10:57.666,2.03855,2.0391,4.20,1.00
2008.07.10 11:10:57.759,2.0387,2.0391,1.00,1.00
2008.07.10 11:10:58.299,2.0387,2.03915,1.00,1.00
2008.07.10 11:10:59.349,2.0387,2.0391,1.00,1.00
2008.07.10 11:10:59.794,2.0387,2.03915,1.00,1.20
2008.07.10 11:11:00.740,2.0387,2.03915,1.00,1.00
2008.07.10 11:11:00.994,2.0387,2.0392,1.00,1.20
2008.07.10 11:11:01.279,2.0387,2.0392,1.00,1.00
2008.07.10 11:11:01.791,2.0387,2.03925,1.00,2.50
2008.07.10 11:11:02.049,2.0387,2.03915,2.50,1.00
2008.07.10 11:11:02.144,2.0388,2.03925,1.00,1.50
2008.07.10 11:11:02.429,2.0388,2.03925,1.00,1.00
2008.07.10 11:11:02.906,2.0388,2.0393,1.00,3.80
2008.07.10 11:11:03.026,2.0388,2.0393,1.00,2.50
2008.07.10 11:11:03.364,2.0387,2.0392,4.00,1.00
2008.07.10 11:11:03.840,2.0387,2.0392,4.00,1.80
2008.07.10 11:11:04.321,2.0387,2.0391,3.00,1.00
2008.07.10 11:11:04.405,2.0387,2.03915,2.50,1.20
2008.07.10 11:11:04.496,2.0387,2.03915,1.00,1.20
2008.07.10 11:11:05.626,2.0387,2.03915,1.00,1.00
2008.07.10 11:11:05.799,2.0387,2.03925,1.50,3.60
2008.07.10 11:11:05.942,2.0387,2.03925,1.50,1.20
2008.07.10 11:11:06.278,2.0387,2.03925,1.50,1.00
2008.07.10 11:11:06.356,2.0387,2.03925,4.00,1.00
2008.07.10 11:11:06.914,2.03875,2.03925,1.00,1.00
2008.07.10 11:11:07.198,2.03875,2.03925,1.00,2.10
2008.07.10 11:11:07.455,2.0387,2.0391,2.50,1.00
2008.07.10 11:11:07.720,2.0387,2.0392,1.00,3.60
2008.07.10 11:11:07.964,2.0387,2.0392,1.00,1.20
2008.07.10 11:11:08.027,2.0387,2.0392,1.00,1.20
2008.07.10 11:11:08.215,2.0387,2.0392,1.20,1.20
2008.07.10 11:11:08.280,2.03875,2.03925,1.00,1.00
2008.07.10 11:11:08.505,2.03875,2.03925,3.40,1.00
2008.07.10 11:11:08.584,2.03875,2.0392,3.40,1.00
2008.07.10 11:11:08.977,2.03875,2.03925,1.00,1.00
2008.07.10 11:11:09.169,2.03875,2.03925,1.50,1.00
2008.07.10 11:11:09.330,2.03875,2.0392,1.00,1.00
2008.07.10 11:11:09.494,2.03875,2.03925,1.00,2.50
2008.07.10 11:11:09.885,2.0387,2.03915,3.60,1.20
2008.07.10 11:11:10.008,2.0387,2.0391,1.00,2.80
2008.07.10 11:11:10.188,2.03865,2.03915,1.00,1.00
2008.07.10 11:11:10.416,2.03865,2.03915,1.00,1.00
2008.07.10 11:11:10.533,2.03865,2.0392,1.00,2.60
2008.07.10 11:11:10.985,2.0387,2.0392,1.00,2.60
2008.07.10 11:11:12.070,2.03865,2.0392,1.50,2.60
2008.07.10 11:11:14.471,2.03865,2.03915,1.00,1.00
2008.07.10 11:11:14.641,2.0386,2.03915,3.90,1.00
2008.07.10 11:11:15.987,2.0386,2.03915,3.90,2.10
2008.07.10 11:11:17.022,2.0386,2.03905,3.90,1.20
2008.07.10 11:11:17.267,2.0386,2.03905,3.00,1.20
2008.07.10 11:11:17.335,2.0386,2.03905,2.40,2.10
2008.07.10 11:11:17.404,2.0385,2.03905,5.00,2.10
2008.07.10 11:11:18.730,2.0385,2.03905,5.00,1.00
2008.07.10 11:11:21.126,2.0385,2.039,4.90,1.30
2008.07.10 11:11:21.548,2.0385,2.039,3.90,1.30
2008.07.10 11:11:21.695,2.0385,2.039,3.00,1.30
2008.07.10 11:11:21.780,2.0385,2.039,1.40,1.30
2008.07.10 11:11:24.903,2.03845,2.039,3.90,2.20
2008.07.10 11:11:26.815,2.03845,2.039,3.00,2.60
2008.07.10 11:11:26.902,2.0385,2.039,1.00,2.60
2008.07.10 11:11:29.152,2.03845,2.039,1.50,2.60
2008.07.10 11:11:29.530,2.0385,2.039,1.00,2.60
2008.07.10 11:11:30.512,2.0385,2.03895,1.00,1.20
2008.07.10 11:11:30.561,2.0385,2.0389,1.00,1.30
2008.07.10 11:11:30.610,2.03845,2.0389,1.00,1.30
2008.07.10 11:11:30.722,2.0384,2.0389,3.90,2.20
2008.07.10 11:11:30.859,2.0384,2.0389,3.00,2.60
2008.07.10 11:11:30.928,2.0384,2.0389,1.40,2.60
2008.07.10 11:11:31.116,2.0384,2.0389,1.40,1.20
2008.07.10 11:11:31.307,2.0384,2.0389,1.40,1.00
2008.07.10 11:11:36.318,2.0384,2.03895,1.40,1.20
2008.07.10 11:11:36.378,2.0384,2.03895,1.50,1.20
2008.07.10 11:11:36.902,2.0384,2.03895,3.90,1.20
2008.07.10 11:11:37.039,2.0384,2.03895,3.90,1.00
2008.07.10 11:11:40.000,2.0384,2.03895,4.20,1.00
2008.07.10 11:11:40.175,2.03845,2.039,1.00,1.20
2008.07.10 11:11:40.404,2.03845,2.039,1.50,3.70
2008.07.10 11:11:40.714,2.03845,2.039,3.90,3.70
2008.07.10 11:11:43.644,2.03845,2.039,3.90,1.00
2008.07.10 11:11:52.971,2.0385,2.039,1.00,1.00
2008.07.10 11:11:53.244,2.0385,2.039,1.20,1.00
2008.07.10 11:11:53.338,2.0385,2.039,1.20,1.00
2008.07.10 11:11:53.475,2.03855,2.039,1.00,1.00
2008.07.10 11:11:53.568,2.0386,2.0391,1.20,1.00
2008.07.10 11:11:53.678,2.03865,2.0391,1.00,1.00
2008.07.10 11:11:53.986,2.03865,2.0391,3.40,1.00
2008.07.10 11:11:54.074,2.03865,2.0392,3.90,1.00
2008.07.10 11:11:54.928,2.0387,2.0392,1.00,1.00
2008.07.10 11:11:55.871,2.0387,2.03925,1.00,1.20
2008.07.10 11:11:58.216,2.0387,2.03925,1.00,1.20
2008.07.10 11:11:58.472,2.03865,2.0392,3.90,1.00
2008.07.10 11:12:00.181,2.0387,2.0392,1.00,1.00
2008.07.10 11:12:00.218,2.0387,2.03925,1.50,1.20
2008.07.10 11:12:00.426,2.0387,2.03925,1.50,1.00
2008.07.10 11:12:00.526,2.0388,2.0393,1.40,1.00
2008.07.10 11:12:04.244,2.0388,2.0393,1.40,1.50
2008.07.10 11:12:04.398,2.0388,2.0393,1.00,2.50
2008.07.10 11:12:04.560,2.03875,2.0393,1.50,2.50
2008.07.10 11:12:04.861,2.03875,2.0393,3.90,2.50
2008.07.10 11:12:05.083,2.03875,2.03925,3.00,1.00
2008.07.10 11:12:05.302,2.03875,2.0393,1.50,2.50
2008.07.10 11:12:05.558,2.03875,2.03925,1.50,1.00
2008.07.10 11:12:05.788,2.03875,2.03925,3.90,1.00
2008.07.10 11:12:06.341,2.0389,2.03925,1.00,1.00
2008.07.10 11:12:08.743,2.0388,2.03925,1.00,1.00
2008.07.10 11:12:08.824,2.0388,2.0393,1.50,1.00
2008.07.10 11:12:09.089,2.03885,2.03935,1.00,1.00
2008.07.10 11:12:10.404,2.03885,2.03935,3.40,1.00
2008.07.10 11:12:14.401,2.03885,2.03935,1.00,1.00
2008.07.10 11:12:16.412,2.03895,2.03945,1.00,1.00
2008.07.10 11:12:17.741,2.039,2.03945,1.00,1.00
2008.07.10 11:12:17.901,2.039,2.03945,1.00,1.00
2008.07.10 11:12:18.059,2.03905,2.03945,1.00,1.00
2008.07.10 11:12:18.360,2.03895,2.03945,1.00,1.20
2008.07.10 11:12:18.507,2.03895,2.03945,1.00,1.00
2008.07.10 11:12:19.036,2.039,2.03945,1.00,1.00
2008.07.10 11:12:19.475,2.03895,2.03945,1.00,1.00
2008.07.10 11:12:19.726,2.0389,2.03945,1.50,1.20
2008.07.10 11:12:19.894,2.0389,2.03945,1.60,1.20
2008.07.10 11:12:20.457,2.0389,2.0394,1.50,1.00
2008.07.10 11:12:21.141,2.039,2.0394,1.00,1.00
2008.07.10 11:12:21.268,2.039,2.0394,1.00,1.00
2008.07.10 11:12:21.606,2.039,2.03945,1.00,1.00
2008.07.10 11:12:21.833,2.03895,2.03945,3.00,1.20
2008.07.10 11:12:22.046,2.0389,2.0394,1.50,1.00
2008.07.10 11:12:23.263,2.0389,2.0394,1.40,1.00
2008.07.10 11:12:23.438,2.03885,2.0393,3.40,1.00
2008.07.10 11:12:28.267,2.03885,2.0393,3.70,1.00
2008.07.10 11:12:28.476,2.03885,2.0394,4.20,1.00
2008.07.10 11:12:29.086,2.03885,2.0394,3.90,1.00
2008.07.10 11:12:29.446,2.03885,2.03935,3.40,1.00
2008.07.10 11:12:35.828,2.03885,2.0393,3.40,1.20
2008.07.10 11:12:35.996,2.03885,2.03925,3.40,1.00
2008.07.10 11:12:36.164,2.03885,2.0394,3.90,2.10
2008.07.10 11:12:36.536,2.03885,2.0393,3.40,1.00
2008.07.10 11:12:36.751,2.03885,2.0394,3.90,2.10
2008.07.10 11:12:36.888,2.03885,2.0394,3.90,3.70
2008.07.10 11:12:37.051,2.03885,2.0394,3.90,1.00
2008.07.10 11:12:39.669,2.03885,2.0394,3.90,3.70
2008.07.10 11:12:43.712,2.03885,2.0394,3.90,1.00
2008.07.10 11:12:44.009,2.03885,2.0393,3.90,1.20
2008.07.10 11:12:44.109,2.03885,2.03925,3.40,1.00
2008.07.10 11:12:44.274,2.03885,2.03925,2.40,1.00
2008.07.10 11:12:44.735,2.03885,2.03915,2.40,1.20
2008.07.10 11:12:44.854,2.03875,2.03915,1.00,1.20
2008.07.10 11:12:44.981,2.0387,2.03915,3.30,1.00
2008.07.10 11:12:45.241,2.0388,2.0392,1.00,1.20
2008.07.10 11:12:45.414,2.0388,2.0392,1.00,2.60
2008.07.10 11:12:45.535,2.0388,2.0392,1.20,1.30
2008.07.10 11:12:45.651,2.0388,2.0392,1.00,1.30
2008.07.10 11:12:46.104,2.03885,2.0393,1.00,2.20
2008.07.10 11:12:46.443,2.03885,2.0393,3.40,2.20
2008.07.10 11:12:48.979,2.0388,2.0393,4.40,2.20
2008.07.10 11:12:50.634,2.0388,2.0393,4.90,1.30
2008.07.10 11:12:50.937,2.0388,2.0393,4.40,2.20
2008.07.10 11:12:51.931,2.0388,2.0392,3.40,1.30
2008.07.10 11:12:52.343,2.03875,2.0392,3.40,1.30
2008.07.10 11:12:55.771,2.03875,2.0392,3.90,1.30
2008.07.10 11:12:56.836,2.03875,2.0392,3.00,1.30
2008.07.10 11:12:58.286,2.0388,2.0392,1.00,1.30
2008.07.10 11:12:59.911,2.0388,2.0392,3.80,1.30
2008.07.10 11:13:02.543,2.0387,2.0392,5.40,1.30
2008.07.10 11:13:02.619,2.0387,2.0392,1.50,1.30
2008.07.10 11:13:02.788,2.0387,2.0391,1.40,1.00
2008.07.10 11:13:03.399,2.0387,2.0392,1.40,1.60
2008.07.10 11:13:04.087,2.0387,2.03915,1.00,1.00
2008.07.10 11:13:04.345,2.03865,2.0392,1.50,2.60
2008.07.10 11:13:04.453,2.03865,2.0391,1.50,1.30
2008.07.10 11:13:05.689,2.03875,2.0391,1.00,1.30
2008.07.10 11:13:05.975,2.03875,2.0392,1.00,1.00
2008.07.10 11:13:06.039,2.0389,2.0392,1.00,1.00
2008.07.10 11:13:06.108,2.0388,2.0393,1.90,1.30
2008.07.10 11:13:06.482,2.0388,2.0393,2.50,1.30
2008.07.10 11:13:08.788,2.0388,2.0393,2.60,1.30
2008.07.10 11:13:08.839,2.0389,2.0393,1.00,1.30
2008.07.10 11:13:09.401,2.0389,2.0393,1.00,1.60
2008.07.10 11:13:09.701,2.03885,2.0393,1.50,1.30
2008.07.10 11:13:10.397,2.03885,2.0393,1.00,2.20
2008.07.10 11:13:10.581,2.0388,2.0392,2.40,1.30
2008.07.10 11:13:10.769,2.0388,2.0392,3.80,1.30
2008.07.10 11:13:11.480,2.0388,2.0391,3.80,1.30
2008.07.10 11:13:11.585,2.03875,2.0391,1.00,1.30
2008.07.10 11:13:13.612,2.0387,2.0391,1.40,1.30
2008.07.10 11:13:14.066,2.0387,2.0391,6.20,1.30
2008.07.10 11:13:24.860,2.0387,2.0391,4.30,1.30
2008.07.10 11:13:24.930,2.0388,2.0391,3.80,1.30
2008.07.10 11:13:25.093,2.03875,2.0391,1.50,1.30
2008.07.10 11:13:25.315,2.03875,2.0392,1.50,1.30
2008.07.10 11:13:28.933,2.0388,2.0392,3.80,1.30
2008.07.10 11:13:29.279,2.03875,2.0392,1.00,1.30
2008.07.10 11:13:29.471,2.0387,2.0391,3.90,1.30
2008.07.10 11:13:29.653,2.0387,2.0391,6.20,1.30
2008.07.10 11:13:30.813,2.0387,2.0392,6.20,1.30
2008.07.10 11:13:31.236,2.0387,2.0392,1.50,1.30
2008.07.10 11:13:31.405,2.0387,2.0392,3.90,1.30
2008.07.10 11:13:36.418,2.03885,2.0392,1.00,1.30
2008.07.10 11:13:36.558,2.03885,2.03925,1.00,1.00
2008.07.10 11:13:36.610,2.0389,2.03925,1.00,1.00
2008.07.10 11:13:36.769,2.0388,2.0393,1.40,1.50
2008.07.10 11:13:36.821,2.0388,2.03925,1.40,1.20
2008.07.10 11:13:36.863,2.0388,2.03925,5.20,1.20
2008.07.10 11:13:36.994,2.0389,2.03925,4.80,2.10
2008.07.10 11:13:37.078,2.0387,2.03925,4.90,2.10
2008.07.10 11:13:37.183,2.0387,2.03925,3.90,2.10
2008.07.10 11:13:37.327,2.0387,2.03925,3.40,2.10
2008.07.10 11:13:37.432,2.0387,2.03925,1.20,1.00
2008.07.10 11:13:37.592,2.0387,2.03925,4.90,1.20
2008.07.10 11:13:38.028,2.0387,2.03925,1.20,1.00
2008.07.10 11:13:38.236,2.0387,2.03925,3.70,1.00
2008.07.10 11:13:39.395,2.0387,2.03925,4.20,1.00
2008.07.10 11:13:39.581,2.0387,2.03925,3.10,1.20
2008.07.10 11:13:39.737,2.0387,2.03925,5.40,1.20
2008.07.10 11:13:40.745,2.0387,2.03925,6.30,1.20
2008.07.10 11:13:40.981,2.0387,2.03925,5.40,1.20
2008.07.10 11:13:41.168,2.0388,2.03925,4.80,1.00
2008.07.10 11:13:41.888,2.0388,2.0393,4.80,1.20
2008.07.10 11:13:44.444,2.0388,2.03925,4.80,1.00
2008.07.10 11:13:49.228,2.03875,2.03925,1.50,1.00
2008.07.10 11:13:49.327,2.0388,2.03925,5.80,1.00
2008.07.10 11:13:49.424,2.0388,2.03925,9.70,1.00
2008.07.10 11:13:49.909,2.0388,2.03925,9.80,1.00
2008.07.10 11:13:51.824,2.03885,2.03935,1.00,1.20
2008.07.10 11:13:51.925,2.0389,2.03935,4.80,1.20
2008.07.10 11:13:52.008,2.0389,2.03935,5.70,1.20
2008.07.10 11:13:52.046,2.0389,2.03935,5.70,1.00
2008.07.10 11:13:52.607,2.0389,2.0394,5.70,2.60
2008.07.10 11:13:52.772,2.03885,2.0394,1.60,2.60
2008.07.10 11:13:52.884,2.03885,2.0394,1.50,2.60
2008.07.10 11:13:53.093,2.0389,2.03935,4.80,1.00
2008.07.10 11:13:54.934,2.0389,2.03935,6.70,1.00
2008.07.10 11:13:55.033,2.03885,2.0394,1.60,2.60
2008.07.10 11:13:55.284,2.03885,2.0394,1.50,2.60
2008.07.10 11:13:55.525,2.0389,2.03935,6.70,1.00
2008.07.10 11:13:55.626,2.0389,2.03935,4.80,1.00
2008.07.10 11:13:59.099,2.03885,2.0394,1.60,2.60
2008.07.10 11:13:59.507,2.0389,2.0394,5.20,1.60
2008.07.10 11:13:59.622,2.0389,2.0394,7.20,1.60
2008.07.10 11:14:00.365,2.0389,2.0394,7.30,1.00
2008.07.10 11:14:00.516,2.0389,2.0394,5.40,1.00
2008.07.10 11:14:00.662,2.0389,2.03945,6.40,1.20
2008.07.10 11:14:02.283,2.0389,2.03945,6.30,1.20
2008.07.10 11:14:02.461,2.0389,2.03945,1.50,1.20
2008.07.10 11:14:03.048,2.0389,2.0394,1.50,1.30
2008.07.10 11:14:03.092,2.0389,2.0394,7.20,1.60
2008.07.10 11:14:04.960,2.0389,2.0394,6.20,1.60
2008.07.10 11:14:05.396,2.0389,2.0394,7.20,1.60
2008.07.10 11:14:16.772,2.03895,2.0394,1.00,1.60
2008.07.10 11:14:16.949,2.03895,2.0394,1.00,1.00
2008.07.10 11:14:17.005,2.039,2.0394,4.80,1.00
2008.07.10 11:14:17.230,2.039,2.03945,4.80,1.20
2008.07.10 11:14:18.079,2.039,2.03945,5.70,1.20
2008.07.10 11:14:18.244,2.0391,2.03945,1.00,1.20
2008.07.10 11:14:18.482,2.0391,2.03945,1.00,1.00
2008.07.10 11:14:18.563,2.03915,2.03955,1.00,3.10
2008.07.10 11:14:18.794,2.03915,2.03955,1.00,1.00
2008.07.10 11:14:20.533,2.0391,2.03955,4.80,1.00
2008.07.10 11:14:20.789,2.03905,2.0395,3.40,1.30
2008.07.10 11:14:20.959,2.03905,2.0395,1.20,1.30
2008.07.10 11:14:21.093,2.03905,2.0395,1.00,1.30
2008.07.10 11:14:21.219,2.03905,2.03955,1.00,1.20
2008.07.10 11:14:21.731,2.03915,2.03955,1.00,1.20
2008.07.10 11:14:22.221,2.03915,2.03955,1.00,1.00
2008.07.10 11:14:22.561,2.0391,2.03955,4.80,1.00
2008.07.10 11:14:23.018,2.03905,2.03955,1.20,1.00
2008.07.10 11:14:23.205,2.03905,2.03955,2.60,1.20
2008.07.10 11:14:23.426,2.03905,2.03955,1.00,1.20
2008.07.10 11:14:25.242,2.039,2.0395,1.00,1.00
2008.07.10 11:14:25.429,2.03895,2.03945,3.00,1.00
2008.07.10 11:14:25.674,2.039,2.0395,1.00,2.20
2008.07.10 11:14:25.903,2.03895,2.0395,3.90,2.60
2008.07.10 11:14:26.129,2.039,2.0395,4.90,1.20
2008.07.10 11:14:27.518,2.03895,2.0395,3.90,1.20
2008.07.10 11:14:31.854,2.03895,2.0395,4.20,1.20
2008.07.10 11:14:32.019,2.039,2.0395,1.00,1.20
2008.07.10 11:14:32.203,2.039,2.0395,5.20,1.00
2008.07.10 11:14:32.514,2.03905,2.0395,1.00,1.00
2008.07.10 11:14:32.729,2.03905,2.03955,1.00,1.20
2008.07.10 11:14:51.031,2.03915,2.03955,1.00,1.00
2008.07.10 11:14:51.385,2.03915,2.03965,1.00,3.60
2008.07.10 11:14:51.707,2.03915,2.03965,1.00,1.20
2008.07.10 11:14:52.054,2.03915,2.0396,1.00,1.00
2008.07.10 11:14:52.236,2.03915,2.0396,1.00,1.20
2008.07.10 11:14:52.483,2.03915,2.0396,1.00,1.00
2008.07.10 11:14:52.793,2.0391,2.0396,1.00,1.00
2008.07.10 11:14:53.201,2.0391,2.0396,1.00,1.20
2008.07.10 11:14:53.313,2.03905,2.03955,4.20,1.00
2008.07.10 11:14:53.752,2.03905,2.03955,1.60,1.00
2008.07.10 11:14:54.018,2.03915,2.03955,1.00,1.00
2008.07.10 11:14:54.677,2.0392,2.03955,1.00,1.00
2008.07.10 11:14:58.574,2.0392,2.0396,1.00,1.00
2008.07.10 11:14:59.241,2.0392,2.0396,1.00,3.70
2008.07.10 11:14:59.639,2.0392,2.0396,1.00,1.00
2008.07.10 11:14:59.931,2.0392,2.0395,1.00,1.00
2008.07.10 11:15:00.080,2.0392,2.0396,1.00,1.00
2008.07.10 11:15:00.270,2.0392,2.0396,1.00,1.80
2008.07.10 11:15:00.944,2.0392,2.0395,1.00,1.00
2008.07.10 11:15:01.102,2.0392,2.03955,1.00,1.00
2008.07.10 11:15:02.045,2.0392,2.0396,1.00,1.00
2008.07.10 11:15:02.669,2.0392,2.0396,1.00,1.00
2008.07.10 11:15:03.199,2.0391,2.0396,3.90,1.00
2008.07.10 11:15:03.475,2.03905,2.03955,3.90,1.00
2008.07.10 11:15:03.750,2.03905,2.0395,3.00,3.20
2008.07.10 11:15:03.996,2.03905,2.0395,1.00,1.00
2008.07.10 11:15:04.133,2.03905,2.0395,1.00,1.20
2008.07.10 11:15:04.370,2.03905,2.0395,1.00,1.00
2008.07.10 11:15:04.778,2.03905,2.0395,1.00,1.20
2008.07.10 11:15:05.051,2.0391,2.0395,1.00,1.20
2008.07.10 11:15:05.336,2.0391,2.0395,1.00,1.00
2008.07.10 11:15:05.706,2.0392,2.0395,1.00,1.00
2008.07.10 11:15:07.141,2.039,2.0395,1.90,1.00
2008.07.10 11:15:07.338,2.039,2.03945,1.00,1.00
2008.07.10 11:15:09.439,2.0389,2.03945,5.10,1.00
2008.07.10 11:15:10.060,2.0392,2.0395,1.00,1.00
2008.07.10 11:15:10.297,2.039,2.03945,1.00,1.00
2008.07.10 11:15:10.481,2.03895,2.03945,1.00,1.00
2008.07.10 11:15:10.663,2.03895,2.03945,3.40,1.00
2008.07.10 11:15:12.096,2.039,2.03945,1.00,1.00
2008.07.10 11:15:12.230,2.039,2.0395,1.20,1.00
2008.07.10 11:15:12.546,2.039,2.0395,3.70,1.00
2008.07.10 11:15:12.907,2.039,2.03945,3.70,1.00
2008.07.10 11:15:13.243,2.039,2.03945,1.20,1.00
2008.07.10 11:15:13.425,2.03905,2.03945,1.00,1.00
2008.07.10 11:15:13.822,2.039,2.03945,1.20,1.00
2008.07.10 11:15:14.010,2.03915,2.03945,1.00,1.00
2008.07.10 11:15:14.186,2.03915,2.03945,3.40,1.00
2008.07.10 11:15:14.403,2.0392,2.03945,1.00,1.00
2008.07.10 11:15:14.873,2.03915,2.03945,2.40,1.00
2008.07.10 11:15:15.087,2.03905,2.03945,3.40,1.00
2008.07.10 11:15:15.297,2.03905,2.03945,1.00,1.00
2008.07.10 11:15:16.387,2.03905,2.03955,1.00,1.00
2008.07.10 11:15:16.683,2.03905,2.03955,3.40,1.00
2008.07.10 11:15:16.847,2.03905,2.03945,3.40,1.00
2008.07.10 11:15:17.223,2.03905,2.03945,1.00,1.00
2008.07.10 11:15:17.519,2.03905,2.03945,3.40,1.00
2008.07.10 11:15:18.029,2.03905,2.03945,3.70,1.00
2008.07.10 11:15:18.133,2.0391,2.03945,1.00,1.00
2008.07.10 11:15:18.273,2.0391,2.03955,1.00,1.00
2008.07.10 11:15:18.394,2.03905,2.03955,3.40,1.00
2008.07.10 11:15:19.832,2.03905,2.0395,3.40,1.00
2008.07.10 11:15:20.185,2.03905,2.0395,1.00,1.00
2008.07.10 11:15:20.681,2.03905,2.0395,3.40,1.00
2008.07.10 11:15:21.017,2.03905,2.0395,2.40,1.00
2008.07.10 11:15:21.193,2.039,2.0395,3.40,1.00
2008.07.10 11:15:21.372,2.039,2.0395,2.40,1.20
2008.07.10 11:15:21.553,2.03895,2.0395,3.00,1.20
2008.07.10 11:15:21.733,2.03895,2.0395,1.00,1.20
2008.07.10 11:15:21.895,2.03895,2.03945,1.00,1.00
2008.07.10 11:15:22.009,2.03895,2.03945,3.40,1.00
2008.07.10 11:15:22.133,2.039,2.03945,1.00,1.00
2008.07.10 11:15:22.566,2.03895,2.03945,3.40,1.00
2008.07.10 11:15:23.266,2.039,2.03945,1.00,1.00
2008.07.10 11:15:23.719,2.03895,2.03945,3.40,1.00
2008.07.10 11:15:26.106,2.03895,2.0394,3.40,1.00
2008.07.10 11:15:27.154,2.0389,2.0394,3.40,1.00
2008.07.10 11:15:27.523,2.0391,2.0394,4.80,1.00
2008.07.10 11:15:27.720,2.03905,2.03945,3.40,1.00
2008.07.10 11:15:28.714,2.03905,2.0395,3.40,1.00
2008.07.10 11:15:28.996,2.0391,2.0395,3.40,1.00
2008.07.10 11:15:33.221,2.0391,2.0395,2.40,1.00
2008.07.10 11:15:33.615,2.039,2.0395,3.40,1.00
2008.07.10 11:15:34.852,2.039,2.03945,3.40,1.00
2008.07.10 11:15:35.100,2.039,2.03945,1.00,1.00
2008.07.10 11:15:35.589,2.039,2.0394,1.00,1.00
2008.07.10 11:15:35.781,2.03895,2.0394,2.40,1.00
2008.07.10 11:15:36.021,2.0389,2.0394,3.40,1.00
2008.07.10 11:15:36.173,2.0389,2.03935,3.40,1.00
2008.07.10 11:15:37.270,2.0389,2.03935,2.40,1.00
2008.07.10 11:15:37.745,2.0389,2.0393,2.40,1.00
2008.07.10 11:15:38.172,2.03885,2.0393,3.40,1.00
2008.07.10 11:15:38.311,2.03885,2.0393,2.40,1.00
2008.07.10 11:15:38.449,2.0388,2.0393,3.40,1.00
2008.07.10 11:15:39.039,2.0388,2.03925,3.40,1.00
2008.07.10 11:15:39.642,2.0388,2.0392,3.40,1.00
2008.07.10 11:15:39.847,2.0388,2.0392,2.40,1.00
2008.07.10 11:15:40.009,2.0388,2.0393,2.40,1.00
2008.07.10 11:15:40.303,2.03885,2.0393,1.00,1.00
2008.07.10 11:15:40.592,2.0389,2.0393,3.70,1.00
2008.07.10 11:15:41.171,2.0389,2.03935,3.70,1.00
2008.07.10 11:15:41.422,2.0389,2.0394,3.70,1.00
2008.07.10 11:15:44.148,2.03895,2.0394,1.00,1.00
2008.07.10 11:15:44.242,2.03895,2.03945,1.00,1.00
2008.07.10 11:15:44.421,2.03915,2.03945,1.00,1.00
2008.07.10 11:15:44.711,2.03915,2.03955,1.00,1.20
2008.07.10 11:15:44.919,2.03915,2.03955,2.60,1.20
2008.07.10 11:15:44.989,2.03915,2.03955,2.60,1.00
2008.07.10 11:15:45.068,2.0392,2.03955,1.00,1.00
2008.07.10 11:15:45.553,2.0392,2.0396,1.00,1.00
2008.07.10 11:15:46.432,2.0392,2.0397,1.00,1.00
2008.07.10 11:15:46.635,2.03925,2.0397,1.00,1.00
2008.07.10 11:15:47.017,2.03925,2.0397,3.40,1.00
2008.07.10 11:15:47.602,2.03925,2.03965,3.40,1.00
2008.07.10 11:15:47.736,2.03925,2.03965,1.00,1.00
2008.07.10 11:15:49.340,2.03925,2.03975,1.00,1.00
2008.07.10 11:15:49.732,2.0393,2.03975,4.90,1.00
2008.07.10 11:15:49.962,2.0394,2.03975,1.00,1.00
2008.07.10 11:15:50.103,2.0393,2.03975,1.20,1.00
2008.07.10 11:15:50.452,2.03935,2.03975,1.00,1.00
2008.07.10 11:15:50.751,2.0393,2.03975,3.40,1.00
2008.07.10 11:15:50.908,2.0393,2.0397,3.40,1.00
2008.07.10 11:15:51.616,2.0393,2.0397,2.40,1.00
2008.07.10 11:15:51.790,2.0392,2.0397,3.70,1.00
2008.07.10 11:15:51.971,2.0392,2.0397,3.40,1.00
2008.07.10 11:15:52.147,2.0392,2.03965,3.40,1.00
2008.07.10 11:15:52.636,2.03925,2.03965,1.00,1.00
2008.07.10 11:15:53.975,2.03925,2.03965,3.40,1.00
2008.07.10 11:15:55.996,2.0393,2.0397,4.90,1.00
2008.07.10 11:15:56.216,2.0393,2.03975,4.90,1.00
2008.07.10 11:15:56.358,2.0393,2.03975,1.20,1.00
2008.07.10 11:15:56.515,2.03935,2.03975,1.00,1.00
2008.07.10 11:15:57.424,2.03935,2.03975,3.40,1.00
2008.07.10 11:15:58.726,2.0394,2.03975,1.00,1.00
2008.07.10 11:15:58.960,2.0394,2.03985,1.00,1.00
2008.07.10 11:15:59.195,2.03935,2.03985,2.40,1.00
2008.07.10 11:15:59.425,2.0393,2.0398,3.70,1.00
2008.07.10 11:16:01.126,2.0393,2.0398,3.70,3.70
2008.07.10 11:16:01.919,2.0394,2.0398,1.00,3.70
2008.07.10 11:16:02.572,2.03935,2.0398,3.40,3.70
2008.07.10 11:16:06.721,2.03935,2.0398,2.40,3.70
2008.07.10 11:16:07.023,2.03925,2.03975,3.40,1.00
2008.07.10 11:16:07.331,2.03925,2.03965,3.40,1.00
2008.07.10 11:16:10.724,2.03925,2.0396,3.40,1.00
2008.07.10 11:16:10.906,2.03925,2.0396,2.40,1.00
2008.07.10 11:16:11.086,2.0392,2.0396,3.40,1.00
2008.07.10 11:16:11.276,2.0392,2.0396,1.00,1.00
2008.07.10 11:16:11.454,2.0392,2.0396,3.40,1.00
2008.07.10 11:16:14.373,2.0392,2.03955,3.40,1.00
2008.07.10 11:16:15.069,2.0392,2.0395,3.40,1.00
2008.07.10 11:16:15.610,2.0392,2.0395,2.40,1.00
2008.07.10 11:16:15.711,2.03905,2.0395,3.40,1.00
2008.07.10 11:16:15.899,2.03925,2.0395,1.00,1.00
2008.07.10 11:16:16.722,2.03925,2.0395,3.40,1.00
2008.07.10 11:16:16.865,2.03925,2.03955,2.40,1.00
2008.07.10 11:16:17.015,2.03915,2.03955,3.40,1.00
2008.07.10 11:16:19.724,2.03915,2.03955,1.00,1.00
2008.07.10 11:16:20.538,2.03915,2.03955,3.40,1.00
2008.07.10 11:16:20.738,2.03915,2.03955,1.00,1.00
2008.07.10 11:16:22.462,2.03915,2.0396,1.00,1.00
2008.07.10 11:16:22.759,2.03915,2.0396,3.40,1.00
2008.07.10 11:16:24.125,2.0392,2.0396,1.00,1.00
2008.07.10 11:16:24.531,2.03915,2.0396,3.40,1.00
2008.07.10 11:16:24.639,2.03915,2.0397,3.90,1.00
2008.07.10 11:16:24.838,2.03915,2.03965,3.00,1.00
2008.07.10 11:16:24.946,2.03915,2.03965,1.00,1.00
2008.07.10 11:16:26.088,2.0392,2.03965,1.00,1.00
2008.07.10 11:16:26.690,2.0393,2.0397,1.00,1.00
2008.07.10 11:16:26.878,2.0393,2.0397,3.40,1.00
2008.07.10 11:16:26.943,2.0393,2.03975,3.40,1.00
2008.07.10 11:16:28.288,2.03935,2.03975,1.00,1.00
2008.07.10 11:16:28.876,2.03935,2.03975,3.40,1.00
2008.07.10 11:16:32.387,2.03935,2.03965,2.40,1.00
2008.07.10 11:16:32.540,2.03915,2.03965,1.00,1.00
2008.07.10 11:16:32.833,2.03925,2.0397,1.00,2.20
2008.07.10 11:16:33.000,2.03925,2.0397,1.00,1.00
2008.07.10 11:16:33.481,2.03925,2.03975,1.00,1.00
2008.07.10 11:16:36.495,2.0393,2.03975,1.00,1.00
2008.07.10 11:16:36.936,2.0393,2.0398,1.00,1.00
2008.07.10 11:16:37.905,2.0393,2.03985,1.00,1.20
2008.07.10 11:16:38.025,2.03935,2.03985,1.00,1.20
2008.07.10 11:16:38.386,2.03935,2.03985,1.00,1.00
2008.07.10 11:16:38.475,2.03935,2.0399,1.00,1.20
2008.07.10 11:16:39.680,2.03935,2.0399,1.00,1.20
2008.07.10 11:16:40.215,2.03935,2.0399,1.60,1.20
2008.07.10 11:16:40.749,2.03935,2.0399,4.20,1.20
2008.07.10 11:16:42.057,2.0394,2.0399,1.00,1.20
2008.07.10 11:16:42.486,2.0394,2.0399,3.70,1.00
2008.07.10 11:16:42.637,2.0394,2.0399,3.40,1.00
2008.07.10 11:16:42.852,2.0394,2.03985,2.40,1.00
2008.07.10 11:16:43.272,2.03935,2.03985,1.00,1.00
2008.07.10 11:16:43.334,2.03935,2.0399,1.00,1.20
2008.07.10 11:16:43.387,2.03935,2.0399,1.60,1.20
2008.07.10 11:16:43.928,2.03935,2.0398,2.40,1.20
2008.07.10 11:16:44.108,2.0393,2.0398,1.00,1.20
2008.07.10 11:16:44.481,2.0392,2.03975,4.00,1.20
2008.07.10 11:16:44.814,2.03925,2.0397,1.00,1.00
2008.07.10 11:16:45.864,2.03935,2.0397,1.00,1.00
2008.07.10 11:16:46.406,2.0393,2.0397,4.90,1.00
2008.07.10 11:16:46.535,2.0393,2.03975,1.00,1.00
2008.07.10 11:16:46.717,2.03935,2.03975,1.00,1.00
2008.07.10 11:16:46.845,2.0393,2.03975,1.00,1.00
2008.07.10 11:16:51.952,2.0393,2.0398,1.00,1.00
2008.07.10 11:16:52.019,2.0394,2.0398,1.00,1.00
2008.07.10 11:16:52.353,2.0394,2.0398,1.00,1.00
2008.07.10 11:16:52.534,2.0394,2.03985,1.00,1.00
2008.07.10 11:16:54.160,2.0394,2.03985,3.90,1.00
2008.07.10 11:16:54.421,2.0394,2.0398,3.90,1.00
2008.07.10 11:16:54.687,2.0395,2.0398,1.00,1.00
2008.07.10 11:16:54.880,2.0395,2.0399,1.00,1.20
2008.07.10 11:16:55.065,2.0395,2.0399,1.00,1.00
2008.07.10 11:16:55.465,2.0395,2.03995,1.00,1.00
2008.07.10 11:16:57.109,2.0396,2.04,1.00,2.70
2008.07.10 11:16:57.569,2.0396,2.04,1.00,2.20
2008.07.10 11:16:58.610,2.0396,2.04,1.00,1.20
2008.07.10 11:16:58.825,2.0395,2.04,5.00,1.20
2008.07.10 11:16:59.284,2.03955,2.04,1.00,1.20
2008.07.10 11:16:59.490,2.03955,2.04,1.00,2.70
2008.07.10 11:16:59.836,2.0396,2.04,1.00,2.70
2008.07.10 11:17:04.362,2.0395,2.04,1.00,2.70
2008.07.10 11:17:04.453,2.0395,2.04,1.00,5.60
2008.07.10 11:17:04.585,2.0395,2.04,1.00,1.20
2008.07.10 11:17:04.690,2.03955,2.04,1.00,1.20
2008.07.10 11:17:04.862,2.0396,2.04,1.00,1.20
2008.07.10 11:17:05.136,2.0396,2.04005,1.00,1.20
2008.07.10 11:17:05.368,2.03955,2.04,1.00,2.70
2008.07.10 11:17:05.790,2.0395,2.04,2.50,2.70
2008.07.10 11:17:06.012,2.0395,2.03985,4.80,1.00
2008.07.10 11:17:06.347,2.03945,2.03985,3.40,1.00
2008.07.10 11:17:06.628,2.0394,2.03975,8.10,1.00
2008.07.10 11:17:06.904,2.0395,2.03975,5.70,1.00
2008.07.10 11:17:07.486,2.0394,2.0397,5.70,1.00
2008.07.10 11:17:07.816,2.0394,2.0397,4.80,1.00
2008.07.10 11:17:08.170,2.0394,2.0395,9.60,1.00
2008.07.10 11:17:08.664,2.0394,2.0395,9.60,1.20
2008.07.10 11:17:08.965,2.0395,2.03955,4.80,1.30
2008.07.10 11:17:09.201,2.0395,2.03955,4.80,1.00
2008.07.10 11:17:09.464,2.0393,2.03955,6.70,1.00
2008.07.10 11:17:09.785,2.0393,2.03955,5.70,1.00
2008.07.10 11:17:10.631,2.0393,2.03955,4.80,1.00
2008.07.10 11:17:10.802,2.03905,2.03955,1.60,1.00
2008.07.10 11:17:12.680,2.0391,2.03955,4.90,1.00
2008.07.10 11:17:13.192,2.0391,2.03955,5.00,1.00
2008.07.10 11:17:13.345,2.0391,2.03955,1.20,1.00
2008.07.10 11:17:13.501,2.0391,2.03955,3.70,1.00
2008.07.10 11:17:13.764,2.0391,2.0396,4.20,1.00
2008.07.10 11:17:14.203,2.03915,2.0396,1.00,1.00
2008.07.10 11:17:14.497,2.03915,2.03965,1.00,1.00
2008.07.10 11:17:14.648,2.03915,2.03965,1.60,1.00
2008.07.10 11:17:14.794,2.03915,2.03965,4.20,1.00
2008.07.10 11:17:15.532,2.03925,2.03965,1.00,1.00
2008.07.10 11:17:15.732,2.03925,2.03975,1.00,1.00
2008.07.10 11:17:15.931,2.0392,2.03975,3.90,2.10
2008.07.10 11:17:16.128,2.0392,2.03975,3.40,2.50
2008.07.10 11:17:16.257,2.0392,2.0397,3.40,1.00
2008.07.10 11:17:16.378,2.0392,2.03975,3.90,1.20
2008.07.10 11:17:16.495,2.03935,2.03975,1.00,1.20
2008.07.10 11:17:16.805,2.03935,2.0397,1.00,2.80
2008.07.10 11:17:16.951,2.03935,2.03975,1.00,1.00
2008.07.10 11:17:17.077,2.03935,2.0398,1.00,1.20
2008.07.10 11:17:17.714,2.0393,2.0398,2.80,1.20
2008.07.10 11:17:17.829,2.03935,2.0398,1.00,1.20
2008.07.10 11:17:19.436,2.03935,2.0398,1.00,4.00
2008.07.10 11:17:19.595,2.0393,2.0397,1.00,2.80
2008.07.10 11:17:19.899,2.0393,2.03975,1.00,1.20
2008.07.10 11:17:20.196,2.0393,2.0397,1.00,2.80
2008.07.10 11:17:24.797,2.0393,2.03975,2.80,1.00
2008.07.10 11:17:25.389,2.03935,2.0397,1.00,1.00
2008.07.10 11:17:25.667,2.03925,2.03965,1.00,1.00
2008.07.10 11:17:25.992,2.0392,2.03965,2.40,1.20
2008.07.10 11:17:26.173,2.03925,2.03965,1.00,1.00
2008.07.10 11:17:26.334,2.03925,2.0397,1.00,1.00
2008.07.10 11:17:26.486,2.03925,2.03965,1.00,1.00
2008.07.10 11:17:30.016,2.03925,2.0397,1.00,1.20
2008.07.10 11:17:30.350,2.0394,2.0397,1.00,1.20
2008.07.10 11:17:30.464,2.0394,2.0397,1.00,1.00
2008.07.10 11:17:30.511,2.0393,2.0397,1.00,1.00
2008.07.10 11:17:30.677,2.0393,2.0397,2.80,1.20
2008.07.10 11:17:30.803,2.03935,2.0397,1.00,1.20
2008.07.10 11:17:30.928,2.03935,2.0397,1.00,3.20
2008.07.10 11:17:31.045,2.03935,2.0397,1.00,2.80
2008.07.10 11:17:31.181,2.03935,2.03975,1.00,1.00
2008.07.10 11:17:31.416,2.03935,2.03985,1.00,1.20
2008.07.10 11:17:31.827,2.03935,2.03985,1.00,1.20
2008.07.10 11:17:36.265,2.03935,2.03985,1.00,1.00
2008.07.10 11:17:37.467,2.03945,2.03985,1.00,1.00
2008.07.10 11:17:37.757,2.03935,2.03985,1.00,1.00
2008.07.10 11:17:38.694,2.03935,2.03985,1.00,1.20
2008.07.10 11:17:38.923,2.03945,2.03985,1.00,1.20
2008.07.10 11:17:39.054,2.03945,2.03985,1.00,1.00
2008.07.10 11:17:39.444,2.03945,2.0399,1.00,1.30
2008.07.10 11:17:40.479,2.03945,2.0399,1.00,1.30
2008.07.10 11:17:41.976,2.03945,2.0399,1.60,1.30
2008.07.10 11:17:42.135,2.03945,2.0399,4.20,1.30
2008.07.10 11:17:45.457,2.03955,2.0399,1.00,1.30
2008.07.10 11:17:45.866,2.03965,2.03995,1.00,1.00
2008.07.10 11:17:45.966,2.03965,2.04005,1.00,1.20
2008.07.10 11:17:46.089,2.03965,2.04,1.00,4.80
2008.07.10 11:17:46.706,2.03965,2.04,1.00,1.90
2008.07.10 11:17:46.979,2.03965,2.0401,1.00,3.20
2008.07.10 11:17:47.951,2.03965,2.0401,1.00,4.20
2008.07.10 11:17:50.795,2.03965,2.0401,1.00,2.70
2008.07.10 11:17:51.425,2.03965,2.04,1.00,1.90
2008.07.10 11:17:51.737,2.0396,2.04,3.40,1.90
2008.07.10 11:17:51.893,2.0396,2.04,3.40,2.80
2008.07.10 11:17:52.103,2.0396,2.04,2.40,6.60
2008.07.10 11:17:52.398,2.0395,2.04,2.40,6.60
2008.07.10 11:17:52.545,2.03945,2.03995,3.70,1.00
2008.07.10 11:17:52.704,2.03945,2.03995,2.60,1.00
2008.07.10 11:17:53.046,2.03945,2.03995,1.00,1.00
2008.07.10 11:17:54.087,2.0394,2.03995,3.90,1.00
2008.07.10 11:17:54.229,2.0394,2.0399,3.40,1.00
2008.07.10 11:17:55.141,2.03945,2.0399,1.00,1.00
2008.07.10 11:17:55.299,2.03945,2.0399,1.20,1.00
2008.07.10 11:17:55.471,2.03945,2.04,1.60,2.20
2008.07.10 11:17:55.629,2.03955,2.04,1.00,1.20
2008.07.10 11:17:55.780,2.03955,2.04,1.00,2.70
2008.07.10 11:17:56.650,2.03945,2.04,4.20,2.70
2008.07.10 11:17:57.567,2.03955,2.04,1.00,2.70
2008.07.10 11:17:59.545,2.0395,2.04,4.80,2.70
2008.07.10 11:17:59.725,2.03945,2.03995,3.70,1.00
2008.07.10 11:18:00.082,2.03945,2.03995,2.60,1.00
2008.07.10 11:18:00.205,2.03945,2.03995,1.00,1.00
2008.07.10 11:18:04.772,2.0395,2.03995,1.00,1.00
2008.07.10 11:18:04.847,2.03955,2.03995,1.00,1.00
2008.07.10 11:18:04.956,2.03955,2.03995,3.40,1.00
2008.07.10 11:18:05.011,2.0396,2.03995,1.00,1.00
2008.07.10 11:18:05.162,2.0396,2.03995,3.40,1.00
2008.07.10 11:18:05.824,2.0396,2.03995,2.40,1.00
2008.07.10 11:18:06.024,2.0395,2.03995,1.20,1.00
2008.07.10 11:18:06.241,2.0395,2.04,1.20,2.70
2008.07.10 11:18:07.034,2.0395,2.04,1.00,2.70
2008.07.10 11:18:07.815,2.03955,2.04,1.00,2.70
2008.07.10 11:18:08.104,2.03955,2.04,1.20,2.70
2008.07.10 11:18:08.574,2.03955,2.04,1.20,1.90
2008.07.10 11:18:12.903,2.03955,2.04005,1.00,2.10
2008.07.10 11:18:13.220,2.03955,2.04,1.20,1.90
2008.07.10 11:18:13.296,2.03955,2.0399,1.00,1.00
2008.07.10 11:18:13.347,2.03955,2.0399,1.00,1.00
2008.07.10 11:18:13.438,2.03955,2.0399,1.00,1.00
2008.07.10 11:18:13.495,2.03955,2.04,1.50,2.20
2008.07.10 11:18:13.660,2.03955,2.0401,1.50,4.50
2008.07.10 11:18:13.795,2.03955,2.0401,1.60,4.50
2008.07.10 11:18:14.106,2.03955,2.0401,1.60,3.10
2008.07.10 11:18:14.439,2.0396,2.0401,1.00,2.70
2008.07.10 11:18:16.064,2.0396,2.0401,3.40,2.70
2008.07.10 11:18:16.241,2.03965,2.0401,1.00,2.70
2008.07.10 11:18:16.623,2.03965,2.04,1.00,1.90
2008.07.10 11:18:16.921,2.0396,2.04,3.90,1.90
2008.07.10 11:18:16.963,2.0396,2.04,3.40,1.90
2008.07.10 11:18:18.170,2.0396,2.04005,3.40,1.20
2008.07.10 11:18:18.523,2.0396,2.03995,2.40,1.00
2008.07.10 11:18:18.684,2.03965,2.03995,1.00,1.00
2008.07.10 11:18:18.762,2.03965,2.0401,1.00,2.70
2008.07.10 11:18:18.893,2.03965,2.04,1.00,1.90
2008.07.10 11:18:19.123,2.03965,2.0401,1.00,2.70
2008.07.10 11:18:19.401,2.0396,2.0401,3.60,2.70
2008.07.10 11:18:19.593,2.0396,2.0401,3.40,2.70
2008.07.10 11:18:20.285,2.03965,2.04005,1.00,1.20
2008.07.10 11:18:20.396,2.03965,2.04,1.00,2.70
2008.07.10 11:18:20.556,2.03965,2.03995,1.00,1.00
2008.07.10 11:18:20.875,2.03965,2.04005,1.00,2.20
2008.07.10 11:18:20.971,2.03965,2.04,1.00,1.90
2008.07.10 11:18:21.629,2.0396,2.04,3.90,1.90
2008.07.10 11:18:21.930,2.0396,2.0401,3.40,2.70
2008.07.10 11:18:24.029,2.0396,2.04,3.40,1.90
2008.07.10 11:18:24.583,2.0396,2.0401,3.40,2.70
2008.07.10 11:18:26.162,2.0396,2.04,3.40,1.90
2008.07.10 11:18:28.031,2.03965,2.04,1.00,1.90
2008.07.10 11:18:28.472,2.03965,2.0401,1.00,2.70
2008.07.10 11:18:28.575,2.0397,2.0401,1.00,2.70
2008.07.10 11:18:33.737,2.0397,2.04,1.00,1.90
2008.07.10 11:18:40.072,2.0397,2.0401,1.00,2.70
2008.07.10 11:18:40.695,2.03965,2.0401,3.70,2.70
2008.07.10 11:18:40.965,2.03965,2.04,2.60,1.90
2008.07.10 11:18:41.185,2.03965,2.04,2.40,1.90
2008.07.10 11:18:41.408,2.03965,2.04005,2.40,1.20
2008.07.10 11:18:41.517,2.03955,2.04005,1.00,1.20
2008.07.10 11:18:43.954,2.0396,2.04005,1.00,1.20
2008.07.10 11:18:44.267,2.0396,2.04,1.00,1.90
2008.07.10 11:18:44.499,2.0396,2.0401,1.00,3.10
2008.07.10 11:18:47.834,2.0396,2.0401,1.00,3.10
2008.07.10 11:18:47.948,2.0396,2.0401,1.00,4.00
2008.07.10 11:18:48.025,2.0398,2.0401,1.00,3.70
2008.07.10 11:18:48.165,2.0398,2.04,1.00,2.80
2008.07.10 11:18:48.330,2.0398,2.04,1.00,1.90
2008.07.10 11:18:48.411,2.0397,2.04,1.00,1.90
2008.07.10 11:18:48.609,2.0397,2.0401,1.00,3.20
2008.07.10 11:18:48.768,2.0397,2.0401,1.00,3.20
2008.07.10 11:18:48.956,2.0397,2.0401,1.00,3.20
2008.07.10 11:18:49.084,2.03965,2.0401,1.00,3.20
2008.07.10 11:18:49.232,2.03965,2.0401,1.00,3.20
2008.07.10 11:18:49.389,2.0396,2.0401,1.60,3.20
2008.07.10 11:18:49.964,2.0396,2.0401,3.90,3.20
2008.07.10 11:18:50.141,2.0396,2.0401,1.50,3.20
2008.07.10 11:18:50.542,2.0396,2.0401,1.00,3.60
2008.07.10 11:18:52.149,2.0396,2.04,1.00,1.90
2008.07.10 11:18:52.744,2.0396,2.0401,1.00,3.60
2008.07.10 11:18:53.568,2.03955,2.0401,3.90,4.50
2008.07.10 11:18:54.012,2.03955,2.04,1.50,1.30
2008.07.10 11:18:54.271,2.03955,2.04,1.00,1.30
2008.07.10 11:18:57.188,2.0395,2.04,3.90,1.30
2008.07.10 11:18:57.300,2.0395,2.04,3.00,1.30
2008.07.10 11:18:57.441,2.0395,2.04,1.40,1.30
2008.07.10 11:18:58.351,2.03945,2.03995,3.70,1.00
2008.07.10 11:18:58.973,2.03945,2.0399,3.70,1.00
2008.07.10 11:19:00.318,2.03945,2.04,4.20,2.20
2008.07.10 11:19:01.510,2.0396,2.04,1.00,7.50
2008.07.10 11:19:01.656,2.0396,2.04,1.00,3.80
2008.07.10 11:19:03.169,2.0396,2.04,1.00,3.80
2008.07.10 11:19:03.515,2.0396,2.0401,1.20,4.60
2008.07.10 11:19:03.763,2.0398,2.0401,1.00,4.60
2008.07.10 11:19:04.166,2.0398,2.0401,1.00,5.00
2008.07.10 11:19:04.231,2.0398,2.0401,1.00,4.60
2008.07.10 11:19:04.588,2.0397,2.0401,1.00,4.60
2008.07.10 11:19:04.950,2.0397,2.0399,1.00,1.00
2008.07.10 11:19:05.300,2.0395,2.0399,2.20,1.00
2008.07.10 11:19:05.519,2.0395,2.0399,1.80,1.00
2008.07.10 11:19:05.907,2.0395,2.0399,4.20,1.00
2008.07.10 11:19:06.060,2.0396,2.0399,1.00,1.00
2008.07.10 11:19:10.173,2.0396,2.04,1.00,2.80
2008.07.10 11:19:14.039,2.0396,2.04,1.00,2.80
2008.07.10 11:19:14.201,2.0396,2.04,3.30,2.80
2008.07.10 11:19:14.326,2.0396,2.0401,3.30,2.20
2008.07.10 11:19:14.498,2.0396,2.0401,3.60,2.20
2008.07.10 11:19:14.569,2.03975,2.0401,1.00,2.20
2008.07.10 11:19:14.707,2.03965,2.0401,1.00,2.20
2008.07.10 11:19:16.168,2.0397,2.0401,1.00,2.20
2008.07.10 11:19:16.354,2.0397,2.0401,1.00,2.20
2008.07.10 11:19:16.532,2.0397,2.0401,1.00,2.20
2008.07.10 11:19:16.712,2.03965,2.04,1.60,1.90
2008.07.10 11:19:16.898,2.0398,2.04,1.00,1.90
2008.07.10 11:19:17.263,2.0397,2.04,1.00,1.90
2008.07.10 11:19:18.159,2.0396,2.0401,3.40,2.70
2008.07.10 11:19:18.346,2.0396,2.0401,2.60,3.10
2008.07.10 11:19:18.481,2.03955,2.0401,3.90,3.10
2008.07.10 11:19:18.605,2.0396,2.0401,1.00,2.70
2008.07.10 11:19:18.740,2.0396,2.0401,3.40,2.70
2008.07.10 11:19:18.874,2.0396,2.0401,2.40,3.10
2008.07.10 11:19:19.005,2.03955,2.0401,3.90,3.10
2008.07.10 11:19:19.883,2.03955,2.0401,3.00,3.10
2008.07.10 11:19:20.051,2.03955,2.0401,3.10,4.50
2008.07.10 11:19:20.225,2.0396,2.0401,1.00,4.20
2008.07.10 11:19:20.465,2.0396,2.0401,3.40,4.20
2008.07.10 11:19:20.584,2.0397,2.0401,1.00,2.70
2008.07.10 11:19:22.523,2.0396,2.0401,3.40,4.00
2008.07.10 11:19:23.139,2.0396,2.04,2.40,1.90
2008.07.10 11:19:23.353,2.03955,2.0401,1.00,4.40
2008.07.10 11:19:23.556,2.03955,2.0401,1.00,4.40
2008.07.10 11:19:23.862,2.0397,2.0401,1.00,3.10
2008.07.10 11:19:24.040,2.0397,2.0401,1.00,2.70
2008.07.10 11:19:24.252,2.0397,2.04,1.00,1.90
2008.07.10 11:19:27.255,2.0397,2.0401,1.00,2.70
2008.07.10 11:19:27.328,2.0397,2.0401,1.00,3.10
2008.07.10 11:19:29.821,2.0397,2.0401,1.00,2.70
2008.07.10 11:19:30.033,2.0397,2.0401,1.00,3.10
2008.07.10 11:19:30.735,2.03955,2.0401,4.00,5.70
2008.07.10 11:19:31.358,2.03955,2.0401,4.00,4.40
2008.07.10 11:19:31.743,2.03955,2.0401,4.00,4.00
2008.07.10 11:19:32.166,2.0397,2.0401,1.00,2.70
2008.07.10 11:19:35.910,2.0397,2.0401,1.00,3.90
2008.07.10 11:19:36.020,2.0397,2.04,1.00,1.90
2008.07.10 11:19:36.137,2.0396,2.04005,1.00,1.20
2008.07.10 11:19:37.000,2.0396,2.04,1.00,4.80
2008.07.10 11:19:38.793,2.0396,2.04,1.00,1.90
2008.07.10 11:19:41.573,2.03955,2.04,1.00,2.80
2008.07.10 11:19:41.822,2.0395,2.04005,4.00,1.20
2008.07.10 11:19:42.073,2.0395,2.04005,4.00,2.50
2008.07.10 11:19:42.219,2.03955,2.04,1.00,3.70
2008.07.10 11:19:42.354,2.0397,2.04,1.00,3.70
2008.07.10 11:19:42.479,2.0397,2.04,1.00,2.80
2008.07.10 11:19:42.590,2.0397,2.04,1.00,1.90
2008.07.10 11:19:42.818,2.0397,2.0401,1.00,2.70
2008.07.10 11:19:45.821,2.0397,2.0401,1.00,3.10
2008.07.10 11:19:45.905,2.0397,2.0401,1.00,6.00
2008.07.10 11:19:46.059,2.0397,2.04005,1.00,1.20
2008.07.10 11:19:46.143,2.0395,2.03995,3.60,1.00
2008.07.10 11:19:46.467,2.0395,2.03995,1.00,1.00
2008.07.10 11:19:47.018,2.0395,2.03995,1.00,1.20
2008.07.10 11:19:48.736,2.0395,2.0399,1.00,1.00
2008.07.10 11:19:48.923,2.0394,2.0398,1.20,1.00
2008.07.10 11:19:49.089,2.0394,2.0398,1.00,1.00
2008.07.10 11:19:49.190,2.03935,2.0398,2.40,1.00
2008.07.10 11:19:49.290,2.0393,2.0398,1.00,1.00
2008.07.10 11:19:49.913,2.0393,2.0398,1.00,1.00
2008.07.10 11:19:50.329,2.03925,2.0398,4.00,1.00
2008.07.10 11:19:50.910,2.03925,2.0398,1.50,1.00
2008.07.10 11:19:51.131,2.03925,2.0398,1.50,1.20
2008.07.10 11:19:52.952,2.03925,2.03975,1.00,1.00
2008.07.10 11:19:55.525,2.03925,2.0398,1.50,1.20
2008.07.10 11:19:56.787,2.03925,2.0398,1.00,1.20
2008.07.10 11:19:57.537,2.03925,2.03975,1.00,1.00
2008.07.10 11:20:00.310,2.0392,2.03975,1.00,1.20
2008.07.10 11:20:00.520,2.03915,2.03965,3.10,1.00
2008.07.10 11:20:00.729,2.0392,2.03965,1.00,1.00
2008.07.10 11:20:00.883,2.0392,2.0397,1.00,1.00
2008.07.10 11:20:01.157,2.03915,2.0397,1.60,1.20
2008.07.10 11:20:01.461,2.03915,2.03965,1.00,1.00
2008.07.10 11:20:01.739,2.03915,2.0397,1.60,1.00
2008.07.10 11:20:02.124,2.03915,2.0397,4.20,1.00
2008.07.10 11:20:02.476,2.0392,2.0397,1.00,1.00
2008.07.10 11:20:02.747,2.0392,2.03975,3.60,1.20
2008.07.10 11:20:02.988,2.03925,2.03975,2.40,1.20
2008.07.10 11:20:03.514,2.03925,2.03975,3.40,1.00
2008.07.10 11:20:03.636,2.0393,2.03975,1.00,1.00
2008.07.10 11:20:05.737,2.0394,2.0398,1.00,1.30
2008.07.10 11:20:05.844,2.0394,2.0399,1.80,1.00
2008.07.10 11:20:06.138,2.0395,2.0399,1.00,1.00
2008.07.10 11:20:06.343,2.0395,2.0399,3.40,1.00
2008.07.10 11:20:07.047,2.0395,2.0399,3.70,1.00
2008.07.10 11:20:07.272,2.03955,2.04005,1.00,1.20
2008.07.10 11:20:07.864,2.0396,2.04005,2.40,1.20
2008.07.10 11:20:07.914,2.0396,2.04,3.40,1.90
2008.07.10 11:20:09.600,2.03965,2.04,1.00,1.90
2008.07.10 11:20:09.694,2.03965,2.04,3.40,1.90
2008.07.10 11:20:09.782,2.03965,2.0401,3.40,4.00
2008.07.10 11:20:13.344,2.03965,2.0401,2.40,4.00
2008.07.10 11:20:13.471,2.0396,2.04,3.40,1.90
2008.07.10 11:20:28.778,2.0396,2.04,2.40,1.90
2008.07.10 11:20:28.843,2.0396,2.04,2.40,2.70
2008.07.10 11:20:28.921,2.03955,2.04,3.40,2.70
2008.07.10 11:20:29.197,2.03955,2.04,3.40,5.60
2008.07.10 11:20:30.605,2.03955,2.04,3.40,2.70
2008.07.10 11:20:35.652,2.0396,2.04,1.00,2.70
2008.07.10 11:20:36.505,2.03955,2.04,3.40,2.70
2008.07.10 11:20:41.995,2.03955,2.03995,3.40,1.00
2008.07.10 11:20:42.111,2.0396,2.03995,1.00,1.00
2008.07.10 11:20:42.495,2.0396,2.03995,3.40,1.00
2008.07.10 11:20:42.683,2.0396,2.03995,1.00,1.00
2008.07.10 11:20:43.125,2.0396,2.04,1.00,2.70
2008.07.10 11:20:43.225,2.0397,2.04,1.00,2.70
2008.07.10 11:20:43.326,2.0398,2.04,1.00,1.90
2008.07.10 11:20:44.061,2.0399,2.04,1.00,1.80
2008.07.10 11:20:47.605,2.03995,2.04,1.00,1.80
2008.07.10 11:20:47.726,2.0399,2.04,1.00,1.80
2008.07.10 11:20:47.892,2.03995,2.04,1.00,1.80
2008.07.10 11:20:48.047,2.03995,2.04,3.40,1.80
2008.07.10 11:20:48.249,2.03995,2.0404,1.00,1.00
2008.07.10 11:20:48.774,2.0399,2.0404,3.60,1.00
2008.07.10 11:20:49.023,2.0399,2.0404,2.50,1.00
2008.07.10 11:20:49.153,2.0399,2.04035,1.00,1.00
2008.07.10 11:20:51.332,2.0399,2.04035,1.00,1.20
2008.07.10 11:20:51.981,2.0399,2.0403,1.00,1.00
2008.07.10 11:20:52.680,2.0398,2.0403,1.00,1.00
2008.07.10 11:20:52.752,2.0398,2.0403,1.00,1.20
2008.07.10 11:20:52.826,2.0398,2.04025,1.00,1.20
2008.07.10 11:20:53.215,2.0397,2.04025,1.00,1.20
2008.07.10 11:20:53.464,2.0397,2.0402,1.00,1.00
2008.07.10 11:20:53.553,2.0397,2.0402,1.00,1.00
2008.07.10 11:20:53.844,2.0397,2.04025,1.00,1.20
2008.07.10 11:20:55.154,2.04,2.04025,1.00,1.20
2008.07.10 11:20:55.308,2.04,2.0403,1.00,1.00
2008.07.10 11:20:55.382,2.04,2.04035,1.00,2.20
2008.07.10 11:20:55.872,2.04,2.04045,1.00,1.00
2008.07.10 11:20:56.206,2.04,2.04045,1.00,1.20
2008.07.10 11:20:57.562,2.04,2.04045,1.00,1.20
2008.07.10 11:20:57.957,2.04,2.04045,1.00,1.00
2008.07.10 11:20:58.094,2.04,2.04045,1.00,1.00
2008.07.10 11:20:58.352,2.04,2.04045,1.00,1.00
2008.07.10 11:20:58.546,2.04,2.0404,1.00,1.00
2008.07.10 11:20:59.184,2.04,2.0405,1.00,3.40
2008.07.10 11:20:59.555,2.04,2.0405,1.00,1.20
2008.07.10 11:21:00.271,2.04,2.04045,1.00,1.00
2008.07.10 11:21:00.579,2.04,2.04045,1.00,1.20
2008.07.10 11:21:02.666,2.04,2.0404,1.00,1.00
2008.07.10 11:21:03.966,2.04,2.04035,1.00,1.00
2008.07.10 11:21:04.355,2.0399,2.04035,1.00,1.00
2008.07.10 11:21:04.582,2.03995,2.04045,1.00,1.50
2008.07.10 11:21:04.767,2.0399,2.0404,1.00,1.00
2008.07.10 11:21:04.933,2.0399,2.04035,1.00,1.00
2008.07.10 11:21:05.092,2.03985,2.04035,1.50,1.00
2008.07.10 11:21:05.254,2.03985,2.04035,4.00,1.00
2008.07.10 11:21:05.960,2.03985,2.0403,2.40,1.00
2008.07.10 11:21:06.148,2.0398,2.0403,1.00,1.00
2008.07.10 11:21:06.533,2.0398,2.0403,1.00,1.20
2008.07.10 11:21:06.741,2.0399,2.0403,1.00,1.20
2008.07.10 11:21:06.962,2.0399,2.0402,1.00,1.00
2008.07.10 11:21:07.174,2.0397,2.04015,4.90,1.00
2008.07.10 11:21:07.719,2.0397,2.0401,4.80,1.00
2008.07.10 11:21:08.132,2.0396,2.0401,5.40,1.00
2008.07.10 11:21:08.743,2.0396,2.0401,6.40,1.00
2008.07.10 11:21:08.990,2.0396,2.04015,1.80,1.00
2008.07.10 11:21:09.240,2.0396,2.04015,2.70,1.00
2008.07.10 11:21:09.722,2.0396,2.04015,2.60,1.00
2008.07.10 11:21:09.881,2.0398,2.0401,2.80,1.00
2008.07.10 11:21:10.046,2.0396,2.0401,2.00,1.00
2008.07.10 11:21:10.216,2.0396,2.0401,2.10,1.00
2008.07.10 11:21:10.389,2.0396,2.04015,2.10,1.00
2008.07.10 11:21:10.551,2.0396,2.04015,1.20,1.00
2008.07.10 11:21:11.800,2.0396,2.04015,1.00,1.00
2008.07.10 11:21:11.948,2.0396,2.0401,1.00,1.00
2008.07.10 11:21:12.102,2.0396,2.0401,1.00,1.20
2008.07.10 11:21:13.855,2.03955,2.04,1.20,1.00
2008.07.10 11:21:14.179,2.03955,2.04005,1.20,1.00
2008.07.10 11:21:15.081,2.0396,2.0401,1.00,1.00
2008.07.10 11:21:15.617,2.0396,2.0401,1.00,1.00
2008.07.10 11:21:16.037,2.0396,2.0401,3.60,1.00
2008.07.10 11:21:16.350,2.03965,2.0401,1.00,1.00
2008.07.10 11:21:16.493,2.03965,2.0402,1.00,1.20
2008.07.10 11:21:16.807,2.03965,2.0402,1.60,1.00
2008.07.10 11:21:17.146,2.03965,2.0402,4.20,1.00
2008.07.10 11:21:17.716,2.03965,2.0402,3.10,1.20
2008.07.10 11:21:17.983,2.03965,2.0402,1.00,1.20
2008.07.10 11:21:18.174,2.03965,2.04015,1.00,1.00
2008.07.10 11:21:19.739,2.03965,2.04015,1.00,1.00
2008.07.10 11:21:20.137,2.03965,2.0401,1.00,1.00
2008.07.10 11:21:20.611,2.03965,2.0402,1.50,1.00
2008.07.10 11:21:20.777,2.0398,2.04025,1.00,1.00
2008.07.10 11:21:21.104,2.0398,2.0403,1.00,3.40
2008.07.10 11:21:21.425,2.0398,2.0403,1.00,1.20
2008.07.10 11:21:21.985,2.0398,2.0403,1.00,1.20
2008.07.10 11:21:22.274,2.0398,2.0403,1.80,5.60
2008.07.10 11:21:22.457,2.0398,2.04035,1.80,1.20
2008.07.10 11:21:22.753,2.0398,2.04035,1.60,1.20
2008.07.10 11:21:22.896,2.03985,2.04035,1.00,1.20
2008.07.10 11:21:23.359,2.0399,2.04035,1.00,1.20
2008.07.10 11:21:23.524,2.0399,2.04035,1.00,1.00
2008.07.10 11:21:23.684,2.0399,2.0404,1.00,1.20
2008.07.10 11:21:25.561,2.0399,2.04035,1.00,1.00
2008.07.10 11:21:26.414,2.0399,2.0403,1.00,1.00
2008.07.10 11:21:29.275,2.0399,2.0402,1.00,1.00
2008.07.10 11:21:29.355,2.0398,2.0402,3.40,1.00
2008.07.10 11:21:29.548,2.0398,2.0402,2.40,1.00
2008.07.10 11:21:29.679,2.03975,2.0402,3.40,1.00
2008.07.10 11:21:29.808,2.03975,2.0402,2.40,1.20
2008.07.10 11:21:29.940,2.03975,2.0402,2.40,1.00
2008.07.10 11:21:30.298,2.0397,2.0402,1.00,1.00
2008.07.10 11:21:30.801,2.03965,2.0402,1.60,2.10
2008.07.10 11:21:30.955,2.0396,2.04015,4.00,1.00
2008.07.10 11:21:31.586,2.0396,2.04005,3.40,1.00
2008.07.10 11:21:31.735,2.0396,2.04005,3.70,1.00
2008.07.10 11:21:32.021,2.0396,2.0401,1.20,1.00
2008.07.10 11:21:32.164,2.03965,2.0401,1.20,1.00
2008.07.10 11:21:32.434,2.03965,2.0401,3.70,1.00
2008.07.10 11:21:32.896,2.0397,2.0401,1.00,1.00
2008.07.10 11:21:33.187,2.03965,2.0401,1.00,1.00
2008.07.10 11:21:33.472,2.0396,2.0401,3.70,1.00
2008.07.10 11:21:33.764,2.03965,2.0401,1.00,1.00
2008.07.10 11:21:34.090,2.0396,2.0401,1.00,1.00
2008.07.10 11:21:34.224,2.0396,2.0401,3.40,1.00
2008.07.10 11:21:34.892,2.0396,2.04015,4.20,1.20
2008.07.10 11:21:35.118,2.03965,2.04015,1.00,1.00
2008.07.10 11:21:35.574,2.03965,2.04015,3.40,1.00
2008.07.10 11:21:35.797,2.03965,2.04015,2.40,1.00
2008.07.10 11:21:36.053,2.03965,2.04015,1.00,1.00
2008.07.10 11:21:36.199,2.03965,2.04015,3.40,1.00
2008.07.10 11:21:36.793,2.03965,2.0401,3.40,1.00
2008.07.10 11:21:37.134,2.03965,2.0401,3.40,1.80
2008.07.10 11:21:37.253,2.03965,2.0401,3.40,2.00
2008.07.10 11:21:37.375,2.03965,2.0401,2.40,2.50
2008.07.10 11:21:37.533,2.03965,2.04005,2.40,1.00
2008.07.10 11:21:37.673,2.0398,2.0401,1.00,1.30
2008.07.10 11:21:37.874,2.0398,2.0401,1.00,1.30
2008.07.10 11:21:38.046,2.0398,2.0402,1.00,3.20
2008.07.10 11:21:38.217,2.0398,2.0401,1.00,1.00
2008.07.10 11:21:38.393,2.03975,2.0401,1.00,1.00
2008.07.10 11:21:38.566,2.0397,2.0401,4.30,1.00
2008.07.10 11:21:38.745,2.03975,2.04025,2.60,1.20
2008.07.10 11:21:38.955,2.03975,2.0402,3.10,4.80
2008.07.10 11:21:39.216,2.0398,2.0403,1.00,1.00
2008.07.10 11:21:41.014,2.0398,2.04025,1.00,1.20
2008.07.10 11:21:41.318,2.0398,2.0403,1.00,1.00
2008.07.10 11:21:41.405,2.0398,2.04025,1.00,1.00
2008.07.10 11:21:41.784,2.03975,2.04025,3.40,1.00
2008.07.10 11:21:42.020,2.03975,2.04025,1.00,1.00
2008.07.10 11:21:42.214,2.0397,2.04025,4.00,1.20
2008.07.10 11:21:42.772,2.0397,2.04005,4.00,1.20
2008.07.10 11:21:42.976,2.0397,2.04005,3.40,1.20
2008.07.10 11:21:43.161,2.0397,2.04005,2.40,1.20
2008.07.10 11:21:43.543,2.03955,2.04005,4.00,1.20
2008.07.10 11:21:43.964,2.03955,2.04005,3.00,1.50
2008.07.10 11:21:44.104,2.03955,2.04005,1.00,1.50
2008.07.10 11:21:44.262,2.03955,2.04,1.00,1.20
2008.07.10 11:21:44.421,2.03955,2.04,1.00,2.50
2008.07.10 11:21:45.151,2.03955,2.04,1.00,1.30
2008.07.10 11:21:45.311,2.03955,2.04005,1.00,1.00
2008.07.10 11:21:45.490,2.0396,2.0401,1.50,1.30
2008.07.10 11:21:45.872,2.0396,2.0401,4.00,1.30
2008.07.10 11:21:47.243,2.0396,2.0401,4.00,2.50
2008.07.10 11:21:47.868,2.0396,2.0401,1.50,2.50
2008.07.10 11:21:48.309,2.0396,2.0401,1.00,2.50
2008.07.10 11:21:48.609,2.03955,2.0401,4.00,3.00
2008.07.10 11:21:48.779,2.03955,2.0401,1.50,3.00
2008.07.10 11:21:49.637,2.03955,2.04005,1.00,1.00
2008.07.10 11:21:49.897,2.03965,2.04005,1.00,1.00
2008.07.10 11:21:50.583,2.03965,2.04015,1.00,1.20
2008.07.10 11:21:50.814,2.03975,2.04015,1.00,1.20
2008.07.10 11:21:51.453,2.03975,2.0402,1.00,1.00
2008.07.10 11:21:52.257,2.03975,2.0402,1.00,1.20
2008.07.10 11:21:52.749,2.03975,2.0402,1.00,1.00
2008.07.10 11:21:53.148,2.03975,2.04025,1.50,1.20
2008.07.10 11:21:53.239,2.03975,2.0402,1.00,1.00
2008.07.10 11:21:53.536,2.03975,2.04025,1.00,1.50
2008.07.10 11:21:56.819,2.03975,2.04025,1.00,1.00
2008.07.10 11:21:57.078,2.03975,2.0403,1.50,3.80
2008.07.10 11:21:57.210,2.03975,2.0403,1.00,3.80
2008.07.10 11:21:57.853,2.03975,2.04025,1.00,1.00
2008.07.10 11:21:58.190,2.0397,2.04025,1.50,1.20
2008.07.10 11:21:58.388,2.0397,2.04,1.00,1.00
2008.07.10 11:21:58.586,2.0397,2.0401,1.00,1.00
2008.07.10 11:22:00.789,2.03965,2.0401,3.40,1.00
2008.07.10 11:22:00.926,2.03965,2.04015,3.40,1.00
2008.07.10 11:22:01.258,2.03965,2.04015,3.70,1.00
2008.07.10 11:22:01.369,2.03965,2.0401,3.70,1.00
2008.07.10 11:22:07.466,2.03965,2.0401,3.40,1.00
2008.07.10 11:22:07.554,2.03965,2.0401,3.00,1.00
2008.07.10 11:22:08.143,2.03965,2.0401,1.00,1.00
2008.07.10 11:22:09.161,2.0396,2.0401,1.00,1.00
2008.07.10 11:22:09.380,2.0396,2.0401,1.00,1.20
2008.07.10 11:22:16.904,2.0396,2.0401,1.00,1.20
2008.07.10 11:22:17.610,2.03965,2.0401,1.00,1.20
2008.07.10 11:22:17.861,2.03965,2.0401,1.00,1.00
2008.07.10 11:22:21.772,2.0396,2.0401,1.00,1.20
2008.07.10 11:22:25.439,2.03965,2.0401,1.00,1.00
2008.07.10 11:22:26.658,2.03965,2.0401,1.00,1.00
2008.07.10 11:22:26.936,2.03965,2.0402,1.00,3.40
2008.07.10 11:22:27.106,2.03965,2.0402,1.00,1.20
2008.07.10 11:22:27.219,2.03965,2.0402,1.60,1.00
2008.07.10 11:22:27.421,2.03965,2.0402,4.20,1.00
2008.07.10 11:22:27.481,2.0397,2.0402,1.00,1.00
2008.07.10 11:22:31.278,2.0397,2.0402,1.00,2.00
2008.07.10 11:22:31.435,2.0397,2.04015,1.00,1.00
2008.07.10 11:22:31.475,2.0397,2.04015,1.00,1.20
2008.07.10 11:22:31.737,2.0396,2.04015,3.40,1.20
2008.07.10 11:22:31.772,2.0396,2.04015,3.40,2.50
2008.07.10 11:22:31.965,2.0396,2.0401,3.40,1.00
2008.07.10 11:22:32.083,2.0396,2.0401,2.80,1.20
2008.07.10 11:22:32.118,2.0396,2.04005,2.80,1.00
2008.07.10 11:22:32.419,2.0396,2.04005,1.00,1.00
2008.07.10 11:22:32.677,2.0396,2.04005,1.00,1.00
2008.07.10 11:22:32.905,2.0396,2.04015,1.00,1.20
2008.07.10 11:22:33.159,2.0396,2.04005,1.00,1.20
2008.07.10 11:22:33.421,2.0396,2.04015,1.00,1.20
2008.07.10 11:22:33.550,2.0396,2.04,1.00,1.00
2008.07.10 11:22:33.683,2.0396,2.04,1.00,1.00
2008.07.10 11:22:33.782,2.0396,2.0401,1.00,2.60
2008.07.10 11:22:33.856,2.0396,2.04005,1.00,1.00
2008.07.10 11:22:34.063,2.0396,2.04015,1.00,1.20
2008.07.10 11:22:36.328,2.0396,2.04015,1.00,2.50
2008.07.10 11:22:36.690,2.0396,2.0401,1.00,1.30
2008.07.10 11:22:38.389,2.0396,2.04015,1.00,2.50
2008.07.10 11:22:38.746,2.03965,2.04015,1.00,1.20
2008.07.10 11:22:38.824,2.03965,2.04015,1.00,1.00
2008.07.10 11:22:39.030,2.0397,2.0402,1.00,1.00
2008.07.10 11:22:39.096,2.0397,2.0403,1.50,6.10
2008.07.10 11:22:39.166,2.0397,2.0403,4.00,3.80
2008.07.10 11:22:39.267,2.0397,2.0403,4.20,2.50
2008.07.10 11:22:39.578,2.0398,2.0403,1.00,2.50
2008.07.10 11:22:39.646,2.0398,2.0403,1.00,2.10
2008.07.10 11:22:42.279,2.0398,2.0403,1.00,3.40
2008.07.10 11:22:42.813,2.0398,2.04025,1.00,1.20
2008.07.10 11:22:43.305,2.03975,2.04025,3.40,1.20
2008.07.10 11:22:43.421,2.03975,2.0402,3.40,4.00
2008.07.10 11:22:43.738,2.0397,2.0402,1.00,4.00
2008.07.10 11:22:44.056,2.0397,2.0402,1.00,5.40
2008.07.10 11:22:44.237,2.0397,2.0402,1.00,4.20
2008.07.10 11:22:44.409,2.0398,2.04025,1.00,1.00
2008.07.10 11:22:44.575,2.0398,2.0403,1.00,3.40
2008.07.10 11:22:44.717,2.0398,2.0402,1.00,1.20
2008.07.10 11:22:44.977,2.03975,2.0402,1.00,2.50
2008.07.10 11:22:45.427,2.0397,2.0402,3.00,2.50
2008.07.10 11:22:45.696,2.0397,2.0402,1.00,2.50
2008.07.10 11:22:47.083,2.03965,2.0402,4.00,3.40
2008.07.10 11:22:57.104,2.03965,2.0402,4.20,2.10
2008.07.10 11:22:57.578,2.0397,2.0402,1.00,2.10
2008.07.10 11:22:57.788,2.0397,2.0402,1.00,1.30
2008.07.10 11:23:00.771,2.0397,2.0402,1.00,1.30
2008.07.10 11:23:13.306,2.0397,2.0402,1.00,2.50
2008.07.10 11:23:13.580,2.03965,2.04015,3.00,1.00
2008.07.10 11:23:13.648,2.03965,2.04015,1.00,1.00
2008.07.10 11:23:13.793,2.0397,2.04015,1.00,1.00
2008.07.10 11:23:14.098,2.0397,2.0402,1.00,2.10
2008.07.10 11:23:15.940,2.0397,2.0402,1.00,2.50
2008.07.10 11:23:16.702,2.03965,2.0402,4.00,2.50
2008.07.10 11:23:16.854,2.03965,2.0401,4.00,1.20
2008.07.10 11:23:17.128,2.03965,2.0401,3.00,1.50
2008.07.10 11:23:17.245,2.03965,2.0401,3.00,1.00
2008.07.10 11:23:17.349,2.03965,2.0401,3.00,3.20
2008.07.10 11:23:17.575,2.03965,2.0401,1.00,3.20
2008.07.10 11:23:17.647,2.03965,2.0401,1.00,1.00
2008.07.10 11:23:17.739,2.0397,2.0402,1.00,2.50
2008.07.10 11:23:17.798,2.0397,2.0402,1.00,2.10
2008.07.10 11:23:18.109,2.0397,2.0402,1.00,1.00
2008.07.10 11:23:23.398,2.03965,2.0402,4.00,1.00
2008.07.10 11:23:23.479,2.0398,2.0402,1.00,1.00
2008.07.10 11:23:23.875,2.03975,2.0402,1.00,1.00
2008.07.10 11:23:24.177,2.03975,2.0402,3.40,1.80
2008.07.10 11:23:24.371,2.03975,2.0402,2.40,1.80
2008.07.10 11:23:24.558,2.03965,2.0401,3.40,2.00
2008.07.10 11:23:24.781,2.03965,2.0401,2.40,2.50
2008.07.10 11:23:24.969,2.03955,2.0401,1.50,1.20
2008.07.10 11:23:25.240,2.03955,2.04005,1.50,1.00
2008.07.10 11:23:25.579,2.0396,2.04005,1.00,1.00
2008.07.10 11:23:29.020,2.03955,2.04005,1.50,1.00
2008.07.10 11:23:29.209,2.03955,2.04005,1.00,1.20
2008.07.10 11:23:31.567,2.0395,2.04005,4.00,1.20
2008.07.10 11:23:32.024,2.0395,2.04,4.00,1.00
2008.07.10 11:23:36.083,2.0395,2.04005,4.00,1.20
2008.07.10 11:23:37.333,2.0395,2.04005,4.00,2.50
2008.07.10 11:23:37.877,2.0395,2.04,3.00,1.00
2008.07.10 11:23:38.061,2.0395,2.04,1.00,1.00
2008.07.10 11:23:39.005,2.0395,2.04005,1.00,2.50
2008.07.10 11:23:39.144,2.0395,2.04005,1.00,1.20
2008.07.10 11:23:39.639,2.0395,2.04005,1.00,1.20
2008.07.10 11:23:39.983,2.0395,2.04005,3.40,1.20
2008.07.10 11:23:40.063,2.0395,2.04005,3.60,1.20
2008.07.10 11:23:40.226,2.03955,2.04005,1.00,1.00
2008.07.10 11:23:40.430,2.03955,2.04,1.00,1.00
2008.07.10 11:23:41.014,2.0395,2.04,3.10,1.20
2008.07.10 11:23:41.245,2.0395,2.04,1.00,1.00
2008.07.10 11:23:41.378,2.03945,2.04,1.50,1.00
2008.07.10 11:23:41.506,2.03945,2.04,4.00,1.00
2008.07.10 11:23:41.625,2.03945,2.04,4.00,1.20
2008.07.10 11:23:42.593,2.03945,2.04,3.00,1.20
2008.07.10 11:23:42.761,2.03945,2.04,1.00,1.20
2008.07.10 11:23:42.938,2.03945,2.03995,1.00,1.00
2008.07.10 11:23:43.582,2.0394,2.0399,4.00,1.00
2008.07.10 11:23:43.838,2.03945,2.0399,1.00,1.00
2008.07.10 11:23:44.062,2.03945,2.0399,3.40,1.00
2008.07.10 11:23:44.242,2.0395,2.0399,1.00,1.00
2008.07.10 11:23:44.413,2.0395,2.0399,3.40,1.00
2008.07.10 11:23:44.740,2.0395,2.0399,2.40,1.00
2008.07.10 11:23:45.000,2.03945,2.0399,3.40,1.00
2008.07.10 11:23:47.924,2.03945,2.0399,2.40,1.00
2008.07.10 11:23:48.067,2.03945,2.03995,2.40,1.00
2008.07.10 11:23:48.108,2.0394,2.03995,4.20,1.00
2008.07.10 11:23:49.071,2.03945,2.03995,1.00,1.00
2008.07.10 11:23:49.173,2.03945,2.03995,1.50,1.00
2008.07.10 11:23:49.520,2.03945,2.03995,4.00,1.00
2008.07.10 11:23:53.811,2.0395,2.03995,1.00,1.00
2008.07.10 11:23:53.930,2.0395,2.03995,3.40,1.00
2008.07.10 11:23:55.796,2.0395,2.03995,2.40,1.20
2008.07.10 11:23:56.038,2.03945,2.03995,1.00,1.00
2008.07.10 11:23:56.949,2.03945,2.04,4.00,1.00
2008.07.10 11:23:57.670,2.03945,2.03995,3.00,1.00
2008.07.10 11:23:57.875,2.03945,2.03995,1.00,1.00
2008.07.10 11:23:58.371,2.03945,2.03995,1.00,1.00
2008.07.10 11:23:58.550,2.0395,2.04,1.00,1.20
2008.07.10 11:23:58.655,2.0395,2.04,1.00,1.00
2008.07.10 11:23:58.840,2.03955,2.04005,1.00,1.00
2008.07.10 11:23:59.020,2.03955,2.04005,3.70,1.00
2008.07.10 11:23:59.191,2.0396,2.0401,1.00,1.00
2008.07.10 11:23:59.559,2.0396,2.0401,1.50,1.00
2008.07.10 11:23:59.804,2.0396,2.04015,1.50,1.00
2008.07.10 11:24:00.177,2.03965,2.04015,3.40,1.00
2008.07.10 11:24:01.117,2.03965,2.04015,4.00,1.00
2008.07.10 11:24:01.456,2.03965,2.0402,4.00,1.00
2008.07.10 11:24:07.277,2.03965,2.04015,4.00,1.00
2008.07.10 11:24:07.727,2.03965,2.04015,1.50,1.00
2008.07.10 11:24:07.873,2.03965,2.0402,1.60,1.00
2008.07.10 11:24:08.040,2.03965,2.0402,1.60,1.20
2008.07.10 11:24:08.179,2.03975,2.0402,1.00,1.00
2008.07.10 11:24:08.321,2.03975,2.04025,1.50,1.20
2008.07.10 11:24:08.620,2.03985,2.0403,1.00,5.60
2008.07.10 11:24:08.898,2.0399,2.0403,1.00,1.00
2008.07.10 11:24:10.171,2.0399,2.04035,1.00,1.00
2008.07.10 11:24:10.353,2.03995,2.04035,1.00,1.00
2008.07.10 11:24:13.261,2.0399,2.04035,1.00,1.00
2008.07.10 11:24:20.882,2.03985,2.0403,1.00,1.00
2008.07.10 11:24:26.295,2.03985,2.0403,1.00,3.70
2008.07.10 11:24:26.332,2.0399,2.0403,1.00,3.70
2008.07.10 11:24:26.713,2.0399,2.0403,1.00,1.00
2008.07.10 11:24:26.916,2.0399,2.0404,1.00,2.50
2008.07.10 11:24:27.114,2.0399,2.0404,1.00,1.20
2008.07.10 11:24:28.807,2.0399,2.0403,1.00,1.00
2008.07.10 11:24:28.853,2.0399,2.0403,1.00,1.20
2008.07.10 11:24:29.367,2.0399,2.0402,1.00,1.00
2008.07.10 11:24:29.581,2.0397,2.0402,5.70,1.00
2008.07.10 11:24:29.791,2.03975,2.0402,1.00,1.00
2008.07.10 11:24:30.771,2.0397,2.0402,4.00,1.00
2008.07.10 11:24:30.878,2.03975,2.0402,1.00,1.00
2008.07.10 11:24:31.053,2.03975,2.0402,1.00,2.10
2008.07.10 11:24:31.260,2.0397,2.0402,2.40,2.10
2008.07.10 11:24:31.412,2.03965,2.0402,4.20,2.10
2008.07.10 11:24:31.728,2.03965,2.04015,3.70,1.00
2008.07.10 11:24:32.153,2.03965,2.0402,4.20,2.10
2008.07.10 11:24:32.601,2.03965,2.0402,4.00,2.10
2008.07.10 11:24:32.800,2.03965,2.04015,2.40,1.00
2008.07.10 11:24:32.989,2.0396,2.04015,4.20,1.00
2008.07.10 11:24:33.527,2.0396,2.04015,3.40,1.00
2008.07.10 11:24:33.710,2.0396,2.04015,1.00,1.20
2008.07.10 11:24:33.779,2.03955,2.04015,4.20,1.20
2008.07.10 11:24:33.850,2.03955,2.0401,4.20,1.00
2008.07.10 11:24:34.699,2.03965,2.0401,1.00,1.00
2008.07.10 11:24:34.959,2.03965,2.04015,1.00,1.20
2008.07.10 11:24:37.412,2.0397,2.04015,1.00,1.00
2008.07.10 11:24:41.357,2.0397,2.04015,1.00,1.00
2008.07.10 11:24:44.761,2.0397,2.04015,1.00,1.00
2008.07.10 11:24:47.233,2.03965,2.04015,1.00,1.00
2008.07.10 11:24:47.401,2.0397,2.04015,1.00,1.00
2008.07.10 11:24:47.563,2.0397,2.04015,1.00,1.00
2008.07.10 11:24:47.685,2.0397,2.0402,1.00,1.00
2008.07.10 11:24:47.990,2.0398,2.0402,1.00,1.00
2008.07.10 11:24:48.096,2.0398,2.0402,3.00,1.00
2008.07.10 11:24:48.727,2.0398,2.0402,3.10,1.00
2008.07.10 11:24:48.924,2.0398,2.04025,3.10,1.20
2008.07.10 11:24:50.000,2.03985,2.04025,1.00,1.20
2008.07.10 11:24:50.162,2.03985,2.04025,1.00,1.00
2008.07.10 11:24:50.330,2.03985,2.0403,1.00,1.20
2008.07.10 11:24:51.330,2.0398,2.0403,3.10,1.20
2008.07.10 11:24:51.522,2.0398,2.04025,3.10,1.00
2008.07.10 11:24:52.053,2.0398,2.04025,2.80,1.00
2008.07.10 11:24:52.136,2.0398,2.04025,1.00,1.00
2008.07.10 11:24:52.281,2.03975,2.04025,1.00,1.00
2008.07.10 11:24:52.608,2.03975,2.04025,1.00,1.00
2008.07.10 11:24:52.756,2.03975,2.04025,1.00,1.20
2008.07.10 11:24:52.843,2.03975,2.0402,1.00,1.00
2008.07.10 11:24:52.968,2.0397,2.0402,3.10,1.00
2008.07.10 11:24:53.183,2.0397,2.0402,1.00,1.00
2008.07.10 11:24:55.947,2.0397,2.04025,1.00,1.20
2008.07.10 11:24:56.016,2.0397,2.0402,1.00,1.00
2008.07.10 11:24:56.570,2.0397,2.0402,1.00,1.00
2008.07.10 11:24:56.924,2.0397,2.04025,1.00,1.00
2008.07.10 11:24:57.035,2.03985,2.04025,1.00,1.00
2008.07.10 11:24:57.246,2.03985,2.0403,1.00,1.00
2008.07.10 11:24:57.626,2.0398,2.0403,3.70,1.00
2008.07.10 11:24:57.696,2.0398,2.0403,3.70,1.00
2008.07.10 11:24:57.875,2.0398,2.0403,2.60,1.20
2008.07.10 11:24:58.234,2.0398,2.0403,3.10,1.20
2008.07.10 11:24:58.655,2.0398,2.0403,1.20,1.00
2008.07.10 11:24:59.065,2.0398,2.0403,3.60,1.00
2008.07.10 11:24:59.280,2.0398,2.0403,1.00,1.00
2008.07.10 11:24:59.363,2.03975,2.04025,3.40,1.00
2008.07.10 11:24:59.443,2.03975,2.04025,1.00,1.00
2008.07.10 11:25:00.037,2.0398,2.04025,1.00,1.00
2008.07.10 11:25:00.116,2.0399,2.04025,1.00,1.00
2008.07.10 11:25:00.201,2.0398,2.0403,3.60,1.00
2008.07.10 11:25:00.282,2.03985,2.04035,1.00,1.00
2008.07.10 11:25:00.464,2.03985,2.04035,3.40,1.00
2008.07.10 11:25:00.612,2.03985,2.04035,2.40,1.20
2008.07.10 11:25:00.692,2.0398,2.0403,1.20,1.00
2008.07.10 11:25:04.041,2.0398,2.0403,1.20,1.00
2008.07.10 11:25:04.389,2.0398,2.0403,1.00,1.20
2008.07.10 11:25:05.000,2.03975,2.0403,1.50,1.20
2008.07.10 11:25:06.651,2.03975,2.0403,1.00,1.20
2008.07.10 11:25:07.303,2.03975,2.04025,1.00,1.00
2008.07.10 11:25:08.226,2.0398,2.04025,1.00,1.00
2008.07.10 11:25:08.557,2.0398,2.0403,1.00,1.20
2008.07.10 11:25:08.701,2.03975,2.0403,4.00,1.20
2008.07.10 11:25:08.911,2.03975,2.0403,1.50,1.20
2008.07.10 11:25:09.055,2.03975,2.04025,1.00,1.00
2008.07.10 11:25:10.648,2.0398,2.04025,1.00,1.00
2008.07.10 11:25:10.850,2.0398,2.0403,1.00,1.20
2008.07.10 11:25:11.061,2.03985,2.0403,1.00,1.00
2008.07.10 11:25:11.119,2.03985,2.04035,1.00,1.00
2008.07.10 11:25:13.161,2.03985,2.04035,1.00,1.50
2008.07.10 11:25:13.374,2.03975,2.0403,4.00,1.00
2008.07.10 11:25:13.535,2.03975,2.0403,4.00,1.20
2008.07.10 11:25:13.616,2.03975,2.0403,1.50,1.20
2008.07.10 11:25:14.946,2.0398,2.0403,1.00,1.20
2008.07.10 11:25:15.255,2.0398,2.0403,1.00,1.00
2008.07.10 11:25:15.344,2.03975,2.0403,1.50,1.00
2008.07.10 11:25:15.461,2.03975,2.0403,4.00,1.00
2008.07.10 11:25:15.570,2.03975,2.0403,4.00,1.20
2008.07.10 11:25:15.943,2.03975,2.0403,1.50,1.20
2008.07.10 11:25:16.132,2.03975,2.04015,1.00,1.00
2008.07.10 11:25:16.488,2.0397,2.04015,1.00,1.00
2008.07.10 11:25:18.421,2.0397,2.0402,1.00,1.20
2008.07.10 11:25:18.898,2.0398,2.0402,1.00,1.20
2008.07.10 11:25:19.196,2.0398,2.0402,1.00,1.00
2008.07.10 11:25:19.434,2.0397,2.0402,1.20,1.00
2008.07.10 11:25:19.805,2.0397,2.0402,3.70,1.00
2008.07.10 11:25:20.079,2.0397,2.0402,2.60,1.20
2008.07.10 11:25:20.139,2.0397,2.0402,1.00,1.20
2008.07.10 11:25:20.860,2.03975,2.0402,1.00,1.00
2008.07.10 11:25:21.536,2.03975,2.0403,1.50,3.40
2008.07.10 11:25:21.992,2.03975,2.0403,4.00,1.20
2008.07.10 11:25:30.960,2.03975,2.0403,1.50,1.20
2008.07.10 11:25:31.077,2.03975,2.0403,1.50,2.50
2008.07.10 11:25:31.162,2.03975,2.0403,1.50,3.80
2008.07.10 11:25:36.587,2.03975,2.04025,1.00,1.00
2008.07.10 11:25:38.769,2.0397,2.04025,4.00,1.20
2008.07.10 11:25:43.300,2.0397,2.04025,4.00,1.00
2008.07.10 11:25:45.170,2.0397,2.04025,4.20,1.00
2008.07.10 11:25:45.571,2.03975,2.04025,1.00,1.00
2008.07.10 11:25:49.596,2.0398,2.04025,1.00,1.00
2008.07.10 11:25:51.462,2.0398,2.0403,1.60,1.00
2008.07.10 11:25:51.540,2.0398,2.0403,1.80,1.00
2008.07.10 11:25:51.800,2.03985,2.0403,1.00,1.00
2008.07.10 11:25:51.884,2.03985,2.04035,1.00,1.00
2008.07.10 11:25:52.181,2.0399,2.04035,1.00,1.00
2008.07.10 11:25:52.388,2.0399,2.04045,1.50,1.20
2008.07.10 11:25:52.474,2.0399,2.04045,4.20,1.20
2008.07.10 11:25:52.701,2.03995,2.04045,1.00,1.00
2008.07.10 11:25:53.052,2.0399,2.04045,4.20,1.00
2008.07.10 11:25:53.690,2.0399,2.04045,4.00,1.00
2008.07.10 11:25:53.912,2.0399,2.0404,3.40,1.00
2008.07.10 11:25:57.612,2.0399,2.0404,3.40,2.00
2008.07.10 11:25:57.757,2.0399,2.04035,3.40,1.00
2008.07.10 11:25:57.876,2.0399,2.0404,3.40,2.00
2008.07.10 11:25:57.950,2.0399,2.0404,2.40,2.50
2008.07.10 11:25:58.104,2.0399,2.0404,2.40,1.20
2008.07.10 11:25:58.198,2.03985,2.0404,1.00,1.20
2008.07.10 11:25:58.245,2.03985,2.0404,1.00,2.50
2008.07.10 11:25:58.399,2.03985,2.0404,1.50,2.10
2008.07.10 11:25:58.503,2.03985,2.0404,1.50,2.50
2008.07.10 11:25:58.760,2.03985,2.0404,4.00,2.50
2008.07.10 11:25:59.908,2.03985,2.0404,4.00,3.80
2008.07.10 11:26:00.045,2.03985,2.0404,3.00,3.80
2008.07.10 11:26:00.187,2.03985,2.0404,1.00,3.80
2008.07.10 11:26:02.362,2.03985,2.0404,1.00,2.50
2008.07.10 11:26:03.241,2.03985,2.0404,1.00,1.60
2008.07.10 11:26:03.327,2.0399,2.0404,1.00,1.60
2008.07.10 11:26:06.921,2.0399,2.0404,3.80,1.60
2008.07.10 11:26:07.144,2.04,2.0404,1.00,1.00
2008.07.10 11:26:07.711,2.04,2.04045,1.00,1.20
2008.07.10 11:26:09.089,2.04,2.0404,1.00,1.00
2008.07.10 11:26:09.999,2.04,2.0404,1.00,1.20
2008.07.10 11:26:10.128,2.0399,2.04035,2.80,1.00
2008.07.10 11:26:10.380,2.0399,2.04035,2.80,1.20
2008.07.10 11:26:11.390,2.0398,2.0403,1.50,1.30
2008.07.10 11:26:11.788,2.0398,2.0403,3.30,1.30
2008.07.10 11:26:12.033,2.0398,2.0403,1.50,1.30
2008.07.10 11:26:12.734,2.0398,2.0403,4.00,1.30
2008.07.10 11:26:13.310,2.03985,2.0403,1.00,1.30
2008.07.10 11:26:13.694,2.0398,2.0403,4.00,1.30
2008.07.10 11:26:14.435,2.03985,2.0403,1.00,1.30
2008.07.10 11:26:14.494,2.03985,2.0403,1.50,1.30
2008.07.10 11:26:14.803,2.03985,2.0403,1.60,1.30
2008.07.10 11:26:14.856,2.03985,2.0404,1.60,2.10
2008.07.10 11:26:14.974,2.03985,2.0404,1.60,1.30
2008.07.10 11:26:15.016,2.0399,2.0404,1.00,1.30
2008.07.10 11:26:15.070,2.0399,2.0404,1.50,1.30
2008.07.10 11:26:15.173,2.0399,2.0404,4.00,1.30
2008.07.10 11:26:17.197,2.0399,2.0404,4.20,1.30
2008.07.10 11:26:17.294,2.03995,2.04045,1.00,1.00
2008.07.10 11:26:17.453,2.03995,2.0405,1.50,2.10
2008.07.10 11:26:17.752,2.03995,2.0405,4.00,2.10
2008.07.10 11:26:18.905,2.04,2.0405,1.00,2.10
2008.07.10 11:26:19.055,2.04,2.0405,1.00,1.00
2008.07.10 11:26:19.204,2.04005,2.04055,1.00,1.20
2008.07.10 11:26:19.493,2.04005,2.04055,3.00,1.20
2008.07.10 11:26:19.807,2.04005,2.04055,3.00,1.00
2008.07.10 11:26:19.882,2.04005,2.04055,4.00,1.00
2008.07.10 11:26:20.215,2.04005,2.04055,4.20,1.00
2008.07.10 11:26:20.442,2.0401,2.04065,1.00,1.20
2008.07.10 11:26:20.578,2.0401,2.04065,5.20,1.20
2008.07.10 11:26:20.684,2.04015,2.04065,1.00,1.00
2008.07.10 11:26:20.873,2.04015,2.0407,1.50,1.00
2008.07.10 11:26:20.979,2.0403,2.04075,1.00,1.20
2008.07.10 11:26:21.091,2.0403,2.0408,1.00,1.00
2008.07.10 11:26:21.333,2.0403,2.0408,2.40,1.20
2008.07.10 11:26:21.440,2.04025,2.0408,4.20,1.00
2008.07.10 11:26:21.545,2.04025,2.0408,4.00,1.00
2008.07.10 11:26:21.731,2.04025,2.04075,4.00,1.20
2008.07.10 11:26:21.908,2.04025,2.04075,2.40,2.50
2008.07.10 11:26:22.083,2.0402,2.0407,1.00,1.00
2008.07.10 11:26:22.616,2.0402,2.04075,1.60,1.20
2008.07.10 11:26:22.811,2.04025,2.04075,1.00,1.00
2008.07.10 11:26:22.985,2.04025,2.0408,1.50,1.20
2008.07.10 11:26:23.143,2.04025,2.0408,1.60,1.20
2008.07.10 11:26:23.342,2.04025,2.0408,4.20,1.00
2008.07.10 11:26:23.507,2.0403,2.0408,1.00,1.00
2008.07.10 11:26:23.679,2.0403,2.0408,3.00,1.00
2008.07.10 11:26:24.170,2.0403,2.04085,4.00,2.50
2008.07.10 11:26:24.331,2.0403,2.0408,3.00,1.00
2008.07.10 11:26:24.493,2.0403,2.0408,1.00,1.00
2008.07.10 11:26:25.084,2.0403,2.04085,1.50,2.50
2008.07.10 11:26:25.308,2.04035,2.04085,1.00,1.00
2008.07.10 11:26:25.526,2.04035,2.0408,2.40,1.00
2008.07.10 11:26:25.771,2.04025,2.0408,1.60,1.30
2008.07.10 11:26:25.992,2.04025,2.0408,4.20,1.30
2008.07.10 11:26:27.119,2.0403,2.0408,1.00,1.30
2008.07.10 11:26:27.421,2.0403,2.0408,3.40,1.30
2008.07.10 11:26:27.732,2.0403,2.0408,1.00,1.30
2008.07.10 11:26:28.055,2.04025,2.0408,4.20,1.30
2008.07.10 11:26:29.241,2.04025,2.0408,4.00,1.30
2008.07.10 11:26:32.780,2.04025,2.04075,4.00,1.20
2008.07.10 11:26:32.950,2.04025,2.04075,2.40,1.20
2008.07.10 11:26:33.143,2.0402,2.04075,4.00,1.20
2008.07.10 11:26:33.383,2.0402,2.04075,4.00,2.00
2008.07.10 11:26:36.007,2.0402,2.04075,4.00,1.00
2008.07.10 11:26:36.177,2.0402,2.04075,4.00,1.20
2008.07.10 11:26:36.309,2.0402,2.04075,1.50,1.00
2008.07.10 11:26:36.887,2.0402,2.04075,4.00,1.00
2008.07.10 11:26:37.489,2.0402,2.0407,3.00,1.00
2008.07.10 11:26:37.738,2.0402,2.0407,1.00,1.00
2008.07.10 11:26:39.078,2.0402,2.04075,1.00,1.20
2008.07.10 11:26:40.031,2.04025,2.04075,1.00,1.00
2008.07.10 11:26:40.158,2.0403,2.04075,1.00,1.00
2008.07.10 11:26:40.346,2.0403,2.04075,1.00,1.00
2008.07.10 11:26:40.444,2.0403,2.0408,1.00,1.20
2008.07.10 11:26:40.648,2.0403,2.0408,1.20,3.70
2008.07.10 11:26:40.816,2.0403,2.0408,3.40,3.40
2008.07.10 11:26:40.977,2.0403,2.0407,3.40,1.00
2008.07.10 11:26:41.135,2.0403,2.0407,2.40,1.00
2008.07.10 11:26:41.292,2.0403,2.04065,2.40,1.00
2008.07.10 11:26:41.465,2.0402,2.04065,1.00,1.00
2008.07.10 11:26:43.453,2.04015,2.0406,3.40,1.00
2008.07.10 11:26:43.738,2.0401,2.0406,3.60,1.00
2008.07.10 11:26:44.263,2.04015,2.0406,1.00,1.00
2008.07.10 11:26:44.343,2.04015,2.0407,1.50,1.20
2008.07.10 11:26:44.601,2.04015,2.0407,1.50,2.50
2008.07.10 11:26:44.678,2.0402,2.0407,1.00,2.00
2008.07.10 11:26:44.759,2.04015,2.0406,3.00,1.00
2008.07.10 11:26:44.968,2.04015,2.0406,2.40,1.20
2008.07.10 11:26:45.172,2.04005,2.0406,4.00,1.00
2008.07.10 11:26:45.372,2.04005,2.0406,4.00,1.20
2008.07.10 11:26:45.579,2.04005,2.0406,3.00,1.20
2008.07.10 11:26:45.781,2.04005,2.04055,1.00,2.00
2008.07.10 11:26:45.983,2.04,2.0405,3.00,1.00
2008.07.10 11:26:46.274,2.04005,2.0405,1.00,1.00
2008.07.10 11:26:46.466,2.04005,2.0405,1.00,1.00
2008.07.10 11:26:46.779,2.04005,2.0406,1.00,2.60
2008.07.10 11:26:46.948,2.0402,2.0406,1.00,2.20
2008.07.10 11:26:47.163,2.0402,2.04065,1.00,1.00
2008.07.10 11:26:47.597,2.0402,2.0406,1.00,1.00
2008.07.10 11:26:48.295,2.04025,2.0406,1.00,1.00
2008.07.10 11:26:48.709,2.0402,2.0406,1.00,1.00
2008.07.10 11:26:48.927,2.0402,2.04065,1.00,1.00
2008.07.10 11:26:49.462,2.04015,2.04065,1.00,1.00
2008.07.10 11:26:50.318,2.0401,2.04055,3.60,1.00
2008.07.10 11:26:50.611,2.0401,2.04055,2.50,1.00
2008.07.10 11:26:50.921,2.0401,2.0406,1.00,1.00
2008.07.10 11:26:51.079,2.04015,2.0406,1.00,1.00
2008.07.10 11:26:52.358,2.0401,2.0406,4.00,1.00
2008.07.10 11:26:53.051,2.0401,2.0406,4.00,2.10
2008.07.10 11:26:53.173,2.0401,2.04055,3.00,1.00
2008.07.10 11:26:53.420,2.0401,2.0405,3.00,1.00
2008.07.10 11:26:53.541,2.0401,2.0405,1.00,1.00
2008.07.10 11:26:53.854,2.0401,2.0406,1.00,4.40
2008.07.10 11:26:54.168,2.0401,2.0406,1.00,2.10
2008.07.10 11:26:54.325,2.0401,2.0406,1.00,2.50
2008.07.10 11:26:55.316,2.04005,2.04055,1.00,1.00
2008.07.10 11:26:55.665,2.04,2.04055,4.00,1.20
2008.07.10 11:26:56.022,2.04,2.0405,4.00,1.30
2008.07.10 11:26:56.207,2.04,2.0405,4.20,1.30
2008.07.10 11:26:56.284,2.04005,2.0405,1.00,1.30
2008.07.10 11:26:56.476,2.04005,2.04055,1.00,1.00
2008.07.10 11:26:56.789,2.0401,2.0406,1.00,2.10
2008.07.10 11:26:56.881,2.0401,2.0406,1.20,2.10
2008.07.10 11:26:56.970,2.0401,2.0406,4.20,1.30
2008.07.10 11:26:57.509,2.04015,2.0406,1.00,1.30
2008.07.10 11:26:57.853,2.0402,2.0406,1.00,1.30
2008.07.10 11:26:57.984,2.0402,2.0406,3.40,1.30
2008.07.10 11:26:58.382,2.0402,2.0406,3.70,1.30
2008.07.10 11:26:58.507,2.0403,2.0407,1.00,1.30
2008.07.10 11:26:58.868,2.0403,2.0407,1.50,1.30
2008.07.10 11:26:58.997,2.0403,2.0408,1.60,3.70
2008.07.10 11:26:59.128,2.0403,2.0408,1.60,1.00
2008.07.10 11:26:59.492,2.0403,2.0408,4.00,1.00
2008.07.10 11:26:59.814,2.0403,2.0408,3.10,1.00
2008.07.10 11:26:59.988,2.04035,2.04085,1.00,1.20
2008.07.10 11:27:00.203,2.04035,2.04085,1.00,1.00
2008.07.10 11:27:00.864,2.04035,2.04085,1.00,1.00
2008.07.10 11:27:01.237,2.0404,2.04095,1.50,1.20
2008.07.10 11:27:01.393,2.0404,2.04095,1.50,1.00
2008.07.10 11:27:01.552,2.0404,2.04095,4.00,1.00
2008.07.10 11:27:02.157,2.04045,2.041,1.50,1.00
2008.07.10 11:27:02.424,2.04045,2.041,4.00,1.00
2008.07.10 11:27:03.104,2.04045,2.041,3.00,1.20
2008.07.10 11:27:03.182,2.04045,2.041,1.00,1.20
2008.07.10 11:27:06.332,2.0405,2.041,1.00,1.00
2008.07.10 11:27:06.604,2.0405,2.04105,1.50,1.20
2008.07.10 11:27:06.705,2.04055,2.04105,1.00,1.00
2008.07.10 11:27:08.127,2.04055,2.04105,1.20,1.00
2008.07.10 11:27:08.280,2.04055,2.04105,1.00,1.00
2008.07.10 11:27:08.443,2.04055,2.0411,1.50,1.20
2008.07.10 11:27:08.599,2.04055,2.0411,1.50,2.50
2008.07.10 11:27:09.082,2.0406,2.04105,3.40,1.00
2008.07.10 11:27:09.523,2.04055,2.04105,3.40,1.00
2008.07.10 11:27:09.865,2.0406,2.04105,1.00,1.00
2008.07.10 11:27:09.974,2.0407,2.04105,1.00,1.00
2008.07.10 11:27:10.090,2.0407,2.0412,1.00,1.20
2008.07.10 11:27:10.317,2.0407,2.0412,1.60,1.00
2008.07.10 11:27:10.530,2.0407,2.0412,4.20,1.00
2008.07.10 11:27:10.783,2.04075,2.0412,1.00,1.00
2008.07.10 11:27:11.756,2.0407,2.0412,4.00,1.00
2008.07.10 11:27:12.348,2.0407,2.0411,3.40,1.00
2008.07.10 11:27:12.680,2.0407,2.0411,1.00,1.00
2008.07.10 11:27:13.012,2.0407,2.04105,1.00,1.00
2008.07.10 11:27:13.511,2.0407,2.0411,1.00,1.00
2008.07.10 11:27:13.902,2.0407,2.041,1.00,1.20
2008.07.10 11:27:14.041,2.04065,2.041,2.40,1.20
2008.07.10 11:27:14.412,2.0406,2.04095,1.00,1.00
2008.07.10 11:27:14.669,2.0406,2.041,1.00,3.70
2008.07.10 11:27:14.921,2.0406,2.041,2.40,1.00
2008.07.10 11:27:15.159,2.04055,2.041,1.00,1.00
2008.07.10 11:27:15.459,2.0405,2.041,1.20,1.00
2008.07.10 11:27:15.606,2.0405,2.04105,1.20,1.20
2008.07.10 11:27:15.753,2.04055,2.04105,1.00,1.00
2008.07.10 11:27:15.907,2.0405,2.04105,1.20,1.00
2008.07.10 11:27:16.053,2.0405,2.04105,4.20,1.20
2008.07.10 11:27:16.330,2.04055,2.04105,1.00,1.20
2008.07.10 11:27:16.508,2.04055,2.04105,1.20,1.00
2008.07.10 11:27:16.829,2.04055,2.04105,3.40,1.00
2008.07.10 11:27:22.130,2.04055,2.041,2.40,1.00
2008.07.10 11:27:22.210,2.0405,2.041,2.40,1.20
2008.07.10 11:27:22.408,2.04045,2.041,1.00,1.20
2008.07.10 11:27:22.610,2.04045,2.041,1.50,1.20
2008.07.10 11:27:22.735,2.04045,2.041,4.00,1.20
2008.07.10 11:27:23.565,2.0405,2.041,1.00,1.00
2008.07.10 11:27:23.647,2.04055,2.04105,1.00,1.00
2008.07.10 11:27:24.065,2.04055,2.041,1.00,1.00
2008.07.10 11:27:25.001,2.0405,2.041,1.00,1.20
2008.07.10 11:27:25.081,2.0405,2.041,1.60,1.00
2008.07.10 11:27:25.162,2.0405,2.041,1.00,1.20
2008.07.10 11:27:25.309,2.0405,2.041,1.00,1.20
2008.07.10 11:27:25.398,2.0405,2.041,1.00,1.00
2008.07.10 11:27:25.636,2.04055,2.041,1.00,1.00
2008.07.10 11:27:25.735,2.04055,2.041,3.00,1.00
2008.07.10 11:27:25.864,2.04055,2.0411,4.00,1.20
2008.07.10 11:27:26.276,2.04055,2.0411,4.00,1.00
2008.07.10 11:27:27.067,2.04055,2.0411,4.00,1.20
2008.07.10 11:27:28.809,2.04055,2.04105,3.00,1.00
2008.07.10 11:27:28.873,2.04055,2.04105,1.00,1.00
2008.07.10 11:27:30.024,2.0405,2.041,4.00,1.00
2008.07.10 11:27:30.383,2.0405,2.041,3.00,1.20
2008.07.10 11:27:30.437,2.0405,2.041,1.00,1.20
2008.07.10 11:27:31.015,2.04045,2.04095,3.40,1.00
2008.07.10 11:27:31.095,2.04045,2.04095,2.40,1.00
2008.07.10 11:27:31.175,2.0404,2.04095,4.00,1.00
2008.07.10 11:27:31.361,2.0404,2.0409,4.00,1.30
2008.07.10 11:27:32.263,2.0404,2.0408,4.00,1.20
2008.07.10 11:27:32.375,2.0404,2.0406,4.00,1.30
2008.07.10 11:27:32.540,2.0404,2.0406,3.40,1.30
2008.07.10 11:27:33.623,2.0404,2.0406,2.40,1.30
2008.07.10 11:27:33.775,2.04015,2.0406,3.40,1.30
2008.07.10 11:27:35.609,2.04015,2.0406,2.40,1.30
2008.07.10 11:27:35.709,2.0401,2.0406,4.20,1.30
2008.07.10 11:27:35.790,2.04015,2.0406,1.00,1.30
2008.07.10 11:27:35.994,2.04015,2.0407,1.00,2.50
2008.07.10 11:27:36.148,2.04015,2.0407,1.00,2.50
2008.07.10 11:27:36.186,2.04015,2.0407,1.60,2.50
2008.07.10 11:27:36.257,2.0402,2.0407,1.00,2.10
2008.07.10 11:27:36.354,2.0402,2.04065,1.00,1.20
2008.07.10 11:27:36.430,2.0402,2.0405,1.00,1.30
2008.07.10 11:27:36.827,2.0402,2.0405,1.20,1.30
2008.07.10 11:27:37.030,2.0402,2.0407,3.40,5.60
2008.07.10 11:27:37.193,2.0402,2.0407,3.00,1.00
2008.07.10 11:27:37.552,2.0402,2.0406,1.00,1.00
2008.07.10 11:27:37.713,2.0402,2.04065,1.00,1.00
2008.07.10 11:27:37.866,2.0402,2.04065,3.40,1.00
2008.07.10 11:27:38.031,2.0402,2.04065,1.00,1.00
2008.07.10 11:27:38.189,2.0402,2.0406,1.00,1.30
2008.07.10 11:27:38.349,2.04005,2.0406,3.10,1.60
2008.07.10 11:27:38.546,2.04005,2.0406,3.10,2.50
2008.07.10 11:27:38.706,2.04005,2.0406,1.00,2.50
2008.07.10 11:27:38.964,2.04005,2.0406,1.00,2.50
2008.07.10 11:27:39.224,2.04,2.04055,4.30,1.00
2008.07.10 11:27:39.519,2.04,2.0406,4.30,2.50
2008.07.10 11:27:39.747,2.04,2.0405,4.20,1.30
2008.07.10 11:27:40.251,2.04015,2.0405,1.00,1.30
2008.07.10 11:27:40.460,2.0401,2.0405,2.40,1.30
2008.07.10 11:27:40.643,2.04005,2.0405,3.40,1.30
2008.07.10 11:27:41.287,2.04005,2.0405,1.00,1.30
2008.07.10 11:27:42.816,2.04005,2.0405,1.20,1.30
2008.07.10 11:27:42.942,2.04005,2.0406,1.20,2.50
2008.07.10 11:27:43.072,2.04005,2.0406,1.60,2.50
2008.07.10 11:27:43.190,2.04005,2.0406,1.60,2.10
2008.07.10 11:27:43.303,2.04005,2.0406,4.20,2.50
2008.07.10 11:27:43.416,2.04005,2.0406,1.60,2.50
2008.07.10 11:27:43.739,2.04005,2.0406,1.60,2.10
2008.07.10 11:27:43.957,2.04005,2.0406,4.20,2.10
2008.07.10 11:27:45.392,2.0401,2.0406,1.00,2.10
2008.07.10 11:27:45.978,2.0401,2.0406,3.40,2.10
2008.07.10 11:27:46.078,2.0401,2.0406,2.40,2.10
2008.07.10 11:27:46.241,2.04005,2.0406,4.00,2.10
2008.07.10 11:27:46.876,2.0401,2.0406,1.00,2.10
2008.07.10 11:27:47.053,2.0401,2.0406,3.40,2.10
2008.07.10 11:27:47.513,2.0401,2.0406,2.40,2.50
2008.07.10 11:27:47.672,2.04005,2.0406,1.50,2.50
2008.07.10 11:27:48.052,2.04005,2.04055,1.00,1.00
2008.07.10 11:27:50.473,2.04005,2.0406,1.50,2.50
2008.07.10 11:27:50.836,2.04015,2.0406,1.00,1.60
2008.07.10 11:27:51.406,2.04015,2.0407,1.00,3.40
2008.07.10 11:27:51.653,2.04015,2.0407,1.00,1.20
2008.07.10 11:27:51.911,2.04015,2.0407,1.00,1.20
2008.07.10 11:27:52.162,2.04015,2.04065,1.00,1.00
2008.07.10 11:27:52.553,2.04035,2.04065,1.00,1.00
2008.07.10 11:27:53.024,2.0403,2.04065,1.00,1.00
2008.07.10 11:27:53.147,2.04025,2.04065,1.00,1.00
2008.07.10 11:27:53.631,2.04025,2.0407,1.00,1.00
2008.07.10 11:27:54.210,2.0402,2.0407,1.00,1.00
2008.07.10 11:27:54.990,2.0402,2.0407,1.00,1.20
2008.07.10 11:27:55.644,2.04025,2.0407,1.00,1.20
2008.07.10 11:27:55.956,2.0402,2.0407,1.00,1.20
2008.07.10 11:27:56.483,2.0402,2.04065,1.00,1.00
2008.07.10 11:27:59.493,2.0402,2.0407,1.00,1.20
2008.07.10 11:28:00.641,2.04025,2.0407,1.00,1.20
2008.07.10 11:28:01.374,2.04025,2.04065,1.00,1.00
2008.07.10 11:28:01.435,2.0402,2.04065,1.00,1.00
2008.07.10 11:28:01.963,2.0402,2.04065,1.00,1.00
2008.07.10 11:28:02.143,2.04015,2.04065,1.00,1.00
2008.07.10 11:28:04.795,2.0403,2.04065,1.00,1.00
2008.07.10 11:28:04.932,2.0403,2.0407,1.00,1.00
2008.07.10 11:28:05.064,2.0402,2.0407,1.60,1.30
2008.07.10 11:28:05.322,2.0402,2.0407,3.10,1.60
2008.07.10 11:28:05.473,2.0402,2.0407,1.00,1.60
2008.07.10 11:28:05.761,2.0402,2.0407,1.00,2.50
2008.07.10 11:28:06.068,2.0402,2.04065,1.00,1.00
2008.07.10 11:28:07.253,2.0402,2.0407,1.00,2.50
2008.07.10 11:28:08.474,2.04015,2.0407,1.00,2.50
2008.07.10 11:28:08.620,2.04015,2.0407,1.60,2.10
2008.07.10 11:28:08.874,2.04015,2.04065,1.00,1.00
2008.07.10 11:28:09.091,2.04015,2.04065,2.60,1.20
2008.07.10 11:28:09.301,2.04015,2.04065,1.00,1.20
2008.07.10 11:28:09.653,2.0402,2.04065,1.00,1.20
2008.07.10 11:28:10.447,2.04015,2.04065,3.70,1.00
2008.07.10 11:28:10.957,2.04015,2.04065,3.40,1.00
2008.07.10 11:28:11.105,2.04015,2.04055,3.40,1.00
2008.07.10 11:28:11.375,2.04015,2.04055,2.40,1.00
2008.07.10 11:28:11.521,2.04015,2.04055,1.00,1.00
2008.07.10 11:28:11.673,2.04015,2.0406,1.00,1.00
2008.07.10 11:28:11.823,2.04015,2.0406,1.20,1.00
2008.07.10 11:28:11.971,2.04015,2.0406,3.70,1.00
2008.07.10 11:28:13.048,2.04015,2.0406,3.70,1.80
2008.07.10 11:28:13.200,2.04015,2.0406,2.40,1.80
2008.07.10 11:28:13.791,2.0402,2.0406,1.00,1.80
2008.07.10 11:28:13.979,2.0402,2.0406,1.00,2.10
2008.07.10 11:28:14.164,2.0402,2.0406,1.00,1.30
2008.07.10 11:28:14.371,2.0402,2.0406,1.00,1.00
2008.07.10 11:28:14.568,2.04015,2.0406,3.40,2.10
2008.07.10 11:28:15.356,2.04015,2.0406,2.40,2.10
2008.07.10 11:28:15.531,2.0401,2.0406,1.00,2.10
2008.07.10 11:28:16.536,2.04015,2.0406,1.00,1.00
2008.07.10 11:28:17.035,2.0402,2.04065,1.00,1.00
2008.07.10 11:28:17.434,2.0402,2.04065,3.70,1.00
2008.07.10 11:28:17.599,2.0403,2.04065,1.00,1.00
2008.07.10 11:28:17.781,2.0403,2.0407,1.00,1.30
2008.07.10 11:28:18.084,2.0403,2.04075,1.00,1.00
2008.07.10 11:28:18.386,2.04025,2.04075,3.70,1.00
2008.07.10 11:28:18.725,2.0403,2.04075,1.00,1.00
2008.07.10 11:28:18.897,2.0403,2.0408,1.00,1.20
2008.07.10 11:28:20.396,2.0403,2.0408,1.00,1.20
2008.07.10 11:28:21.270,2.0403,2.04075,1.00,1.00
2008.07.10 11:28:21.517,2.0403,2.04075,1.00,1.00
2008.07.10 11:28:21.584,2.04025,2.04075,2.40,1.00
2008.07.10 11:28:21.645,2.04025,2.0407,2.40,1.00
2008.07.10 11:28:21.728,2.0402,2.0407,3.70,1.00
2008.07.10 11:28:21.941,2.0402,2.0407,2.60,1.00
2008.07.10 11:28:22.680,2.0402,2.0407,1.00,1.00
2008.07.10 11:28:22.946,2.0402,2.04065,1.00,1.00
2008.07.10 11:28:23.636,2.0402,2.0407,1.20,1.00
2008.07.10 11:28:24.456,2.0402,2.0407,1.00,1.00
2008.07.10 11:28:24.565,2.0402,2.0407,1.00,4.60
2008.07.10 11:28:24.720,2.0402,2.0407,1.00,1.00
2008.07.10 11:28:24.839,2.0402,2.04055,1.00,1.00
2008.07.10 11:28:24.957,2.04015,2.04055,1.00,1.00
2008.07.10 11:28:25.168,2.04005,2.04055,4.20,1.00
2008.07.10 11:28:25.297,2.04005,2.04055,3.70,1.00
2008.07.10 11:28:26.369,2.04005,2.0405,3.70,1.00
2008.07.10 11:28:26.602,2.04005,2.0405,3.40,1.00
2008.07.10 11:28:26.946,2.04005,2.0405,2.60,1.00
2008.07.10 11:28:27.558,2.04005,2.0405,1.00,1.00
2008.07.10 11:28:29.115,2.04005,2.04045,1.00,1.00
2008.07.10 11:28:29.365,2.04005,2.0404,1.00,1.30
2008.07.10 11:28:29.472,2.04005,2.0404,3.40,1.30
2008.07.10 11:28:29.828,2.04005,2.0404,2.40,1.30
2008.07.10 11:28:29.961,2.04,2.0404,1.00,1.30
2008.07.10 11:28:30.257,2.04,2.04045,1.00,1.00
2008.07.10 11:28:30.368,2.04005,2.04045,1.00,1.00
2008.07.10 11:28:30.684,2.04005,2.04045,1.20,1.00
2008.07.10 11:28:30.792,2.04015,2.04045,1.00,1.00
2008.07.10 11:28:31.026,2.04005,2.0404,1.20,1.30
2008.07.10 11:28:31.143,2.0401,2.0404,1.00,1.30
2008.07.10 11:28:31.258,2.0401,2.0404,3.40,1.30
2008.07.10 11:28:31.462,2.0401,2.0404,2.40,1.30
2008.07.10 11:28:31.592,2.04005,2.0404,1.00,1.30
2008.07.10 11:28:31.736,2.04005,2.04055,1.00,1.00
2008.07.10 11:28:32.344,2.04005,2.04055,1.00,1.20
2008.07.10 11:28:32.591,2.04015,2.04055,1.00,1.20
2008.07.10 11:28:32.828,2.04015,2.04055,1.00,1.00
2008.07.10 11:28:33.029,2.04005,2.0406,1.20,2.10
2008.07.10 11:28:33.241,2.04005,2.0406,1.00,2.10
2008.07.10 11:28:33.459,2.04005,2.0405,2.40,1.00
2008.07.10 11:28:33.998,2.04005,2.0405,2.40,1.20
2008.07.10 11:28:34.163,2.03995,2.0404,3.10,1.30
2008.07.10 11:28:34.514,2.03995,2.0404,2.60,1.30
2008.07.10 11:28:34.950,2.0399,2.04035,4.40,1.00
2008.07.10 11:28:35.296,2.0399,2.0402,1.00,1.30
2008.07.10 11:28:36.251,2.0397,2.0402,12.80,1.30
2008.07.10 11:28:36.409,2.0397,2.0402,9.00,1.30
2008.07.10 11:28:36.618,2.0397,2.0402,4.20,1.30
2008.07.10 11:28:38.451,2.0397,2.0402,4.00,1.30
2008.07.10 11:28:38.604,2.03975,2.0402,1.00,1.30
2008.07.10 11:28:38.806,2.03975,2.0402,3.40,1.30
2008.07.10 11:28:39.226,2.03975,2.0402,3.40,2.10
2008.07.10 11:28:39.833,2.03975,2.0402,2.40,2.10
2008.07.10 11:28:40.234,2.0397,2.0402,4.20,1.30
2008.07.10 11:28:40.439,2.03985,2.0403,1.00,1.00
2008.07.10 11:28:40.862,2.03985,2.04035,1.00,1.00
2008.07.10 11:28:41.296,2.03985,2.04035,1.00,1.00
2008.07.10 11:28:41.541,2.0399,2.0404,1.00,2.50
2008.07.10 11:28:42.341,2.0399,2.0404,1.00,2.10
2008.07.10 11:28:42.501,2.04,2.0404,1.00,1.30
2008.07.10 11:28:42.655,2.04,2.04045,1.00,1.20
2008.07.10 11:28:42.868,2.04,2.04055,1.20,3.10
2008.07.10 11:28:43.010,2.04005,2.04055,1.00,1.00
2008.07.10 11:28:43.955,2.0402,2.0406,1.00,1.30
2008.07.10 11:28:44.163,2.0402,2.04065,3.40,1.00
2008.07.10 11:28:44.363,2.04025,2.04065,1.00,1.00
2008.07.10 11:28:44.742,2.0403,2.04065,3.40,1.00
2008.07.10 11:28:45.166,2.04035,2.04065,1.00,1.00
2008.07.10 11:28:45.659,2.0403,2.04065,2.40,1.00
2008.07.10 11:28:46.009,2.04025,2.04065,3.40,1.00
2008.07.10 11:28:46.719,2.04025,2.0406,3.40,1.00
2008.07.10 11:28:46.871,2.04025,2.0406,2.40,1.00
2008.07.10 11:28:47.340,2.0401,2.0405,3.40,1.30
2008.07.10 11:28:47.580,2.0401,2.0405,2.40,1.30
2008.07.10 11:28:47.821,2.0402,2.0406,1.00,1.00
2008.07.10 11:28:49.010,2.0402,2.0406,3.40,1.00
2008.07.10 11:28:49.966,2.0402,2.0406,2.40,1.00
2008.07.10 11:28:50.135,2.04015,2.0406,3.40,1.00
2008.07.10 11:28:50.947,2.0402,2.0406,1.00,1.00
2008.07.10 11:28:51.874,2.0402,2.04065,1.00,1.00
2008.07.10 11:28:52.744,2.04015,2.04065,3.70,1.00
2008.07.10 11:28:53.428,2.04015,2.0405,3.40,1.00
2008.07.10 11:28:53.646,2.04015,2.0405,2.40,1.00
2008.07.10 11:28:53.865,2.04005,2.0405,1.00,2.10
2008.07.10 11:28:54.091,2.04,2.0405,4.00,2.10
2008.07.10 11:28:55.298,2.04005,2.0405,2.40,2.10
2008.07.10 11:28:55.546,2.04005,2.04045,2.40,1.00
2008.07.10 11:28:55.637,2.04,2.04045,3.40,1.00
2008.07.10 11:28:56.706,2.04,2.04045,2.40,1.00
2008.07.10 11:28:56.838,2.04,2.0403,2.40,1.30
2008.07.10 11:28:56.987,2.0399,2.0403,4.00,1.30
2008.07.10 11:28:57.375,2.04005,2.0403,1.00,1.30
2008.07.10 11:28:57.672,2.04005,2.0405,1.00,2.50
2008.07.10 11:28:57.843,2.03995,2.0405,1.00,2.50
2008.07.10 11:28:58.012,2.03995,2.0404,1.00,1.00
2008.07.10 11:28:58.187,2.03995,2.0403,1.00,1.30
2008.07.10 11:28:58.357,2.04,2.0403,1.00,1.30
2008.07.10 11:28:58.565,2.03995,2.0401,1.00,1.00
2008.07.10 11:28:58.772,2.03995,2.04015,1.00,1.00
2008.07.10 11:28:58.986,2.0398,2.04005,12.90,1.00
2008.07.10 11:28:59.236,2.0399,2.04005,10.50,1.00
2008.07.10 11:28:59.490,2.0399,2.0401,5.70,1.30
2008.07.10 11:28:59.856,2.0398,2.04025,6.20,2.60
2008.07.10 11:29:00.209,2.03995,2.04025,1.00,2.20
2008.07.10 11:29:00.576,2.03995,2.0404,1.00,1.30
2008.07.10 11:29:00.805,2.04005,2.04055,1.50,2.20
2008.07.10 11:29:01.174,2.04005,2.0406,1.50,1.20
2008.07.10 11:29:01.583,2.04005,2.0405,1.00,1.80
2008.07.10 11:29:01.828,2.0401,2.0404,1.00,1.00
2008.07.10 11:29:02.324,2.0401,2.04055,1.00,1.00
2008.07.10 11:29:02.614,2.0401,2.04055,1.00,1.00
2008.07.10 11:29:03.008,2.0401,2.04055,1.00,1.00
2008.07.10 11:29:03.199,2.04015,2.0406,1.00,1.00
2008.07.10 11:29:03.787,2.0401,2.0406,2.40,1.00
2008.07.10 11:29:04.170,2.04015,2.0406,1.00,1.00
2008.07.10 11:29:04.397,2.04015,2.0406,1.00,1.00
2008.07.10 11:29:04.598,2.04015,2.0402,1.00,1.00
2008.07.10 11:29:05.333,2.04015,2.0406,1.00,8.00
2008.07.10 11:29:05.508,2.04025,2.0406,1.00,3.20
2008.07.10 11:29:05.678,2.04025,2.0406,1.00,1.00
2008.07.10 11:29:05.966,2.04025,2.04065,3.40,1.00
2008.07.10 11:29:06.300,2.0405,2.0406,1.00,1.00
2008.07.10 11:29:06.598,2.0405,2.0407,1.00,2.20
2008.07.10 11:29:06.810,2.04035,2.04085,1.20,1.00
2008.07.10 11:29:06.954,2.04035,2.04085,1.00,1.00
2008.07.10 11:29:07.135,2.04035,2.04085,1.20,1.00
2008.07.10 11:29:07.312,2.04035,2.0408,1.20,1.00
2008.07.10 11:29:08.530,2.04035,2.0408,1.00,1.00
2008.07.10 11:29:08.689,2.04035,2.0408,1.00,3.70
2008.07.10 11:29:09.059,2.04035,2.04075,1.00,1.20
2008.07.10 11:29:09.245,2.04035,2.04065,1.00,1.20
2008.07.10 11:29:09.439,2.04035,2.04055,1.00,1.00
2008.07.10 11:29:09.580,2.0403,2.04055,2.40,1.00
2008.07.10 11:29:10.027,2.04015,2.0405,2.40,1.00
2008.07.10 11:29:10.231,2.04015,2.0405,2.40,1.20
2008.07.10 11:29:10.440,2.04,2.0405,1.00,1.20
2008.07.10 11:29:14.473,2.04,2.0405,1.00,2.50
2008.07.10 11:29:14.837,2.0399,2.0404,4.00,1.00
2008.07.10 11:29:15.298,2.0399,2.0403,4.00,1.30
2008.07.10 11:29:15.490,2.03985,2.0403,3.40,1.30
2008.07.10 11:29:16.069,2.0399,2.04025,1.40,1.00
2008.07.10 11:29:16.295,2.04,2.04025,1.00,1.00
2008.07.10 11:29:16.532,2.04,2.04025,1.00,1.00
2008.07.10 11:29:16.846,2.04,2.0404,1.00,2.20
2008.07.10 11:29:17.052,2.04,2.0404,1.00,1.00
2008.07.10 11:29:17.475,2.04,2.0404,1.00,5.70
2008.07.10 11:29:18.092,2.04,2.0404,1.00,4.80
2008.07.10 11:29:18.427,2.04,2.0405,1.00,1.00
2008.07.10 11:29:20.460,2.03995,2.04045,3.40,1.00
2008.07.10 11:29:20.614,2.03995,2.04045,1.00,1.00
2008.07.10 11:29:20.960,2.0399,2.0403,3.00,1.00
2008.07.10 11:29:21.113,2.0399,2.0404,1.00,1.00
2008.07.10 11:29:21.738,2.03985,2.04035,1.00,1.00
2008.07.10 11:29:21.901,2.0398,2.04035,4.00,1.00
2008.07.10 11:29:22.060,2.0398,2.0403,1.00,1.00
2008.07.10 11:29:23.300,2.03975,2.0403,1.00,1.20
2008.07.10 11:29:23.499,2.03975,2.04025,1.00,1.00
2008.07.10 11:29:23.699,2.03975,2.04025,1.00,1.00
2008.07.10 11:29:27.785,2.03975,2.04025,1.00,1.00
2008.07.10 11:29:27.922,2.03975,2.0403,1.00,1.20
2008.07.10 11:29:28.092,2.03975,2.0403,1.00,1.20
2008.07.10 11:29:28.188,2.03975,2.04025,1.00,1.00
2008.07.10 11:29:28.435,2.03975,2.04025,1.20,1.00
2008.07.10 11:29:28.613,2.03975,2.0403,1.20,1.00
2008.07.10 11:29:28.798,2.0398,2.0403,1.00,1.00
2008.07.10 11:29:29.462,2.03985,2.0403,1.00,1.00
2008.07.10 11:29:29.620,2.0398,2.0403,1.00,1.00
2008.07.10 11:29:29.819,2.03975,2.04025,1.00,1.00
2008.07.10 11:29:30.009,2.0398,2.0402,1.00,1.00
2008.07.10 11:29:30.302,2.03985,2.0402,1.20,1.00
2008.07.10 11:29:30.549,2.03985,2.0403,3.70,1.00
2008.07.10 11:29:30.805,2.03985,2.0403,3.40,1.00
2008.07.10 11:29:32.167,2.03985,2.0403,2.40,1.00
2008.07.10 11:29:32.293,2.0398,2.0403,2.40,1.20
2008.07.10 11:29:32.428,2.03975,2.0403,1.50,1.20
2008.07.10 11:29:32.818,2.03975,2.0403,4.00,1.20
2008.07.10 11:29:34.397,2.03975,2.0403,1.50,1.20
2008.07.10 11:29:35.411,2.03975,2.0403,1.60,1.20
2008.07.10 11:29:37.006,2.0398,2.0403,1.00,1.20
2008.07.10 11:29:37.186,2.03975,2.04025,1.00,1.00
2008.07.10 11:29:37.656,2.03975,2.04025,1.00,1.00
2008.07.10 11:29:38.508,2.03975,2.04025,1.00,1.00
2008.07.10 11:29:38.865,2.0398,2.04025,1.00,1.00
2008.07.10 11:29:41.979,2.0398,2.04025,1.00,1.00
2008.07.10 11:29:43.007,2.0398,2.04025,1.00,1.00
2008.07.10 11:29:43.276,2.03975,2.04025,1.00,1.00
2008.07.10 11:29:44.086,2.0398,2.0403,1.00,1.00
2008.07.10 11:29:44.257,2.0398,2.0403,1.20,1.00
2008.07.10 11:29:44.454,2.0398,2.0403,3.70,1.00
2008.07.10 11:29:44.718,2.0398,2.0403,3.40,1.00
2008.07.10 11:29:45.477,2.0398,2.0402,3.40,1.00
2008.07.10 11:29:45.636,2.0398,2.0402,2.40,1.00
2008.07.10 11:29:45.803,2.0397,2.0402,3.70,1.00
2008.07.10 11:29:45.975,2.0397,2.04025,3.70,1.20
2008.07.10 11:29:46.136,2.03975,2.04025,1.00,1.20
2008.07.10 11:29:48.652,2.03975,2.04025,1.50,1.00
2008.07.10 11:29:48.897,2.0399,2.0403,1.00,1.20
2008.07.10 11:29:49.051,2.03985,2.0403,1.00,1.20
2008.07.10 11:29:49.622,2.0399,2.0403,1.00,1.00
2008.07.10 11:29:49.976,2.03995,2.0404,1.00,1.00
2008.07.10 11:29:50.481,2.04,2.0404,1.00,1.00
2008.07.10 11:29:50.649,2.04,2.04055,1.50,3.40
2008.07.10 11:29:50.989,2.04,2.04055,1.50,1.20
2008.07.10 11:29:52.207,2.04005,2.04055,1.00,1.20
2008.07.10 11:29:52.402,2.04005,2.0406,4.20,2.10
2008.07.10 11:29:52.571,2.04005,2.0406,4.00,2.10
2008.07.10 11:29:54.489,2.04005,2.0406,4.00,2.50
2008.07.10 11:29:55.134,2.04015,2.0406,1.00,1.60
2008.07.10 11:29:55.756,2.04005,2.0406,4.00,2.10
2008.07.10 11:29:56.157,2.04005,2.04055,3.40,1.00
2008.07.10 11:29:56.471,2.04005,2.04055,2.40,1.00
2008.07.10 11:29:56.733,2.04,2.04055,4.00,1.00
2008.07.10 11:29:58.401,2.04,2.04055,4.00,1.20
2008.07.10 11:30:03.541,2.04005,2.04055,1.00,1.20
2008.07.10 11:30:03.625,2.0401,2.04055,1.00,1.20
2008.07.10 11:30:03.762,2.0401,2.04055,1.00,1.20
2008.07.10 11:30:03.875,2.0401,2.04055,1.00,1.00
2008.07.10 11:30:04.148,2.0401,2.04055,1.20,1.00
2008.07.10 11:30:04.374,2.0401,2.04055,1.60,1.00
2008.07.10 11:30:04.582,2.04015,2.04055,1.00,1.00
2008.07.10 11:30:04.921,2.0402,2.04065,1.00,1.00
2008.07.10 11:30:05.096,2.0402,2.0407,1.00,3.10
2008.07.10 11:30:05.293,2.0402,2.0407,3.40,1.00
2008.07.10 11:30:06.083,2.0402,2.0407,3.70,1.00
2008.07.10 11:30:06.400,2.0402,2.0407,4.20,1.00
2008.07.10 11:30:06.723,2.04025,2.0407,1.00,1.00
2008.07.10 11:30:06.828,2.04025,2.0408,1.00,1.20
2008.07.10 11:30:09.913,2.04025,2.0408,2.60,1.20
2008.07.10 11:30:09.936,2.04025,2.0408,3.70,4.60
2008.07.10 11:30:10.378,2.04025,2.0408,2.60,1.20
2008.07.10 11:30:10.496,2.04025,2.0408,1.00,1.20
2008.07.10 11:30:12.175,2.04025,2.04075,1.00,1.00
2008.07.10 11:30:12.339,2.04025,2.04075,1.00,1.20
2008.07.10 11:30:12.491,2.04025,2.04075,1.00,1.00
2008.07.10 11:30:17.408,2.04025,2.0408,1.00,1.20
2008.07.10 11:30:17.490,2.04025,2.0408,1.00,2.10
2008.07.10 11:30:17.837,2.0403,2.0408,1.00,2.10
2008.07.10 11:30:19.261,2.0403,2.0408,1.00,2.10
2008.07.10 11:30:20.070,2.0403,2.0408,1.00,1.30
2008.07.10 11:30:20.554,2.0403,2.0408,1.00,1.30
2008.07.10 11:30:21.246,2.0403,2.0408,1.00,2.10
2008.07.10 11:30:21.785,2.0403,2.0408,1.00,2.50
2008.07.10 11:30:22.126,2.0403,2.0408,1.00,1.20
2008.07.10 11:30:25.518,2.0403,2.0408,1.00,1.00
2008.07.10 11:30:25.836,2.0403,2.04075,1.00,1.00
2008.07.10 11:30:28.766,2.0403,2.0408,1.00,1.20
2008.07.10 11:30:30.727,2.0403,2.0408,1.00,1.00
2008.07.10 11:30:35.537,2.0403,2.04075,1.00,1.20
2008.07.10 11:30:35.791,2.04025,2.0407,4.00,1.30
2008.07.10 11:30:36.016,2.04025,2.04065,3.40,1.20
2008.07.10 11:30:36.123,2.04025,2.0406,2.40,1.00
2008.07.10 11:30:36.240,2.0401,2.04055,1.00,1.00
2008.07.10 11:30:36.816,2.0401,2.0406,1.00,2.10
2008.07.10 11:30:36.913,2.0401,2.0406,1.00,1.00
2008.07.10 11:30:37.017,2.0401,2.0406,1.00,1.20
2008.07.10 11:30:37.183,2.04015,2.0406,1.00,1.20
2008.07.10 11:30:40.097,2.04015,2.04055,1.00,1.00
2008.07.10 11:30:40.274,2.04015,2.0406,1.00,1.20
2008.07.10 11:30:40.971,2.04015,2.0406,1.00,1.00
2008.07.10 11:30:43.563,2.04015,2.0406,1.00,1.20
2008.07.10 11:30:43.611,2.0401,2.0406,1.00,1.20
2008.07.10 11:30:43.912,2.0401,2.0405,1.00,1.20
2008.07.10 11:30:44.128,2.0401,2.0405,1.00,2.50
2008.07.10 11:30:44.174,2.0401,2.0405,1.00,1.30
2008.07.10 11:30:44.354,2.0401,2.04045,1.00,1.00
2008.07.10 11:30:44.480,2.04,2.04045,5.20,1.00
2008.07.10 11:30:44.605,2.04,2.0405,5.20,1.00
2008.07.10 11:30:44.729,2.04,2.04055,5.50,1.20
2008.07.10 11:30:44.864,2.04,2.04055,8.40,1.20
2008.07.10 11:30:45.110,2.04,2.04055,3.60,1.20
2008.07.10 11:30:45.244,2.04005,2.04055,2.40,1.20
2008.07.10 11:30:45.584,2.0402,2.04065,1.00,1.20
2008.07.10 11:30:45.912,2.04015,2.04065,1.00,1.20
2008.07.10 11:30:46.239,2.0402,2.04065,3.60,1.00
2008.07.10 11:30:46.573,2.0402,2.04075,4.00,1.20
2008.07.10 11:30:46.775,2.0403,2.0408,1.00,1.00
2008.07.10 11:30:46.922,2.0403,2.0408,3.40,1.00
2008.07.10 11:30:47.587,2.0403,2.0408,1.00,1.00
2008.07.10 11:30:47.750,2.0403,2.0408,1.20,1.00
2008.07.10 11:30:47.898,2.04025,2.0408,4.00,2.00
2008.07.10 11:30:48.047,2.04025,2.0408,4.00,1.20
2008.07.10 11:30:48.454,2.04025,2.04065,3.40,1.00
2008.07.10 11:30:48.615,2.04025,2.04075,3.40,1.00
2008.07.10 11:30:48.818,2.04025,2.04075,1.00,1.00
2008.07.10 11:30:49.622,2.0402,2.0407,3.00,1.00
2008.07.10 11:30:49.755,2.0402,2.04065,1.00,1.00
2008.07.10 11:30:50.591,2.0402,2.0407,1.00,1.00
2008.07.10 11:30:51.324,2.04015,2.0407,1.00,1.00
2008.07.10 11:30:51.699,2.0403,2.0407,1.00,1.00
2008.07.10 11:30:52.048,2.0402,2.0407,1.00,1.20
2008.07.10 11:30:53.121,2.04015,2.04065,2.40,1.00
2008.07.10 11:30:53.256,2.0401,2.04065,4.30,1.00
2008.07.10 11:30:53.525,2.0401,2.0407,4.30,1.00
2008.07.10 11:30:53.882,2.0402,2.0407,1.00,1.00
2008.07.10 11:30:54.281,2.0402,2.04065,1.00,1.00
2008.07.10 11:30:54.468,2.04015,2.04065,1.00,1.20
2008.07.10 11:30:56.212,2.0401,2.04065,3.20,1.20
2008.07.10 11:30:56.292,2.0401,2.04065,1.60,1.20
2008.07.10 11:30:56.377,2.0401,2.04065,1.80,1.20
2008.07.10 11:30:56.514,2.04015,2.04065,1.00,1.00
2008.07.10 11:30:56.818,2.0402,2.04065,1.00,1.00
2008.07.10 11:30:58.645,2.04015,2.04065,1.00,1.00
2008.07.10 11:31:01.253,2.0402,2.04065,1.00,1.00
2008.07.10 11:31:01.435,2.0402,2.04075,4.00,1.00
2008.07.10 11:31:01.820,2.04025,2.04075,1.00,1.00
2008.07.10 11:31:04.015,2.0402,2.0408,4.20,1.20
2008.07.10 11:31:04.216,2.0402,2.0408,4.00,2.50
2008.07.10 11:31:04.371,2.0402,2.0407,4.00,1.30
2008.07.10 11:31:04.891,2.0402,2.0407,4.20,1.30
2008.07.10 11:31:05.019,2.04025,2.0407,1.00,1.30
2008.07.10 11:31:07.199,2.0403,2.0407,1.00,1.30
2008.07.10 11:31:07.393,2.0403,2.0408,1.00,1.20
2008.07.10 11:31:07.841,2.0403,2.0408,1.00,1.00
2008.07.10 11:31:08.102,2.0403,2.0408,1.00,1.20
2008.07.10 11:31:10.665,2.04025,2.0408,1.00,1.20
2008.07.10 11:31:11.020,2.04025,2.0408,1.00,1.00
2008.07.10 11:31:11.075,2.04025,2.04085,1.60,1.20
2008.07.10 11:31:11.153,2.04025,2.04085,4.20,1.20
2008.07.10 11:31:11.667,2.04025,2.0408,3.10,1.00
2008.07.10 11:31:11.992,2.04025,2.0408,1.00,1.00
2008.07.10 11:31:12.475,2.04035,2.0408,1.00,1.00
2008.07.10 11:31:13.228,2.04035,2.0408,1.00,1.00
2008.07.10 11:31:13.776,2.04035,2.0409,1.60,1.20
2008.07.10 11:31:15.922,2.04035,2.0409,1.50,1.20
2008.07.10 11:31:16.209,2.04035,2.04085,1.00,1.00
2008.07.10 11:31:16.390,2.04035,2.04085,1.00,2.00
2008.07.10 11:31:16.566,2.04035,2.0408,1.00,1.00
2008.07.10 11:31:16.906,2.0402,2.0408,1.50,1.20
2008.07.10 11:31:17.081,2.04025,2.0408,1.00,1.20
2008.07.10 11:31:17.381,2.04025,2.0408,1.60,1.20
2008.07.10 11:31:17.603,2.04025,2.0408,1.50,1.20
2008.07.10 11:31:18.243,2.04025,2.04075,1.00,1.00
2008.07.10 11:31:18.606,2.04025,2.0408,1.50,1.20
2008.07.10 11:31:19.136,2.04025,2.0408,1.50,1.00
2008.07.10 11:31:21.499,2.04025,2.0408,4.00,1.00
2008.07.10 11:31:21.866,2.0403,2.0408,1.00,1.00
2008.07.10 11:31:25.387,2.0403,2.0408,3.40,1.00
2008.07.10 11:31:26.365,2.0403,2.0408,1.00,1.00
2008.07.10 11:31:26.694,2.04025,2.0408,1.00,1.20
2008.07.10 11:31:30.262,2.04025,2.04075,1.00,1.00
2008.07.10 11:31:34.363,2.04025,2.04075,1.00,1.00
2008.07.10 11:31:35.325,2.04025,2.0408,1.00,1.20
2008.07.10 11:31:35.426,2.04025,2.0408,3.00,1.20
2008.07.10 11:31:35.748,2.0403,2.0408,1.00,1.00
2008.07.10 11:31:36.029,2.04035,2.0408,1.00,1.00
2008.07.10 11:31:38.643,2.0403,2.0408,3.40,1.00
2008.07.10 11:31:38.676,2.0403,2.0408,1.00,1.00
2008.07.10 11:31:40.517,2.04035,2.0408,1.00,1.00
2008.07.10 11:31:42.637,2.04035,2.0408,1.00,2.00
2008.07.10 11:31:42.811,2.0403,2.0408,2.40,2.00
2008.07.10 11:31:42.982,2.0403,2.0408,1.00,1.20
2008.07.10 11:31:43.329,2.0403,2.04085,1.00,1.00
2008.07.10 11:31:43.494,2.0404,2.04085,1.00,1.00
2008.07.10 11:31:44.494,2.0404,2.04085,3.40,1.00
2008.07.10 11:31:44.717,2.0404,2.04085,1.00,1.00
2008.07.10 11:31:44.871,2.04035,2.04085,3.40,1.00
2008.07.10 11:31:45.023,2.04035,2.04085,1.00,1.00
2008.07.10 11:31:45.174,2.04035,2.04085,3.40,1.00
2008.07.10 11:31:46.409,2.04035,2.04085,1.00,1.00
2008.07.10 11:31:50.507,2.0403,2.04085,1.00,1.20
2008.07.10 11:31:50.837,2.0403,2.0408,1.00,2.00
2008.07.10 11:31:51.126,2.04025,2.0408,4.00,2.00
2008.07.10 11:31:51.604,2.04025,2.0407,4.00,1.30
2008.07.10 11:31:51.759,2.04025,2.0407,3.00,1.30
2008.07.10 11:31:52.450,2.0402,2.0406,3.40,1.30
2008.07.10 11:31:52.627,2.0402,2.0406,1.00,2.10
2008.07.10 11:31:52.805,2.0402,2.0406,1.00,2.10
2008.07.10 11:31:53.169,2.04005,2.0406,1.50,2.10
2008.07.10 11:31:55.194,2.04005,2.0406,1.60,2.10
2008.07.10 11:31:55.256,2.04005,2.0406,1.60,1.00
2008.07.10 11:31:55.670,2.04005,2.0406,4.20,1.00
2008.07.10 11:31:55.905,2.0401,2.0406,1.00,1.00
2008.07.10 11:31:56.731,2.0401,2.0406,2.60,1.00
2008.07.10 11:31:56.847,2.0401,2.0406,2.40,1.00
2008.07.10 11:31:57.462,2.04005,2.0406,4.20,1.00
2008.07.10 11:31:59.144,2.04005,2.0406,4.00,1.00
2008.07.10 11:31:59.599,2.04005,2.0406,1.50,1.00
2008.07.10 11:31:59.836,2.04005,2.0406,1.50,2.10
2008.07.10 11:32:00.078,2.04005,2.0406,1.50,1.00
2008.07.10 11:32:00.219,2.04005,2.0406,4.00,1.00
2008.07.10 11:32:05.198,2.0401,2.04065,1.00,1.20
2008.07.10 11:32:05.249,2.0401,2.04065,1.00,1.20
2008.07.10 11:32:07.263,2.0401,2.04065,1.00,1.20
2008.07.10 11:32:08.358,2.04005,2.0406,4.00,1.00
2008.07.10 11:32:08.549,2.0401,2.0406,1.00,1.00
2008.07.10 11:32:08.692,2.0401,2.04065,1.00,1.20
2008.07.10 11:32:08.833,2.0401,2.04065,1.00,1.20
2008.07.10 11:32:08.969,2.0401,2.04065,1.00,1.20
2008.07.10 11:32:10.559,2.0401,2.04065,1.50,1.20
2008.07.10 11:32:10.809,2.0401,2.04065,4.00,1.20
2008.07.10 11:32:11.226,2.0401,2.04065,1.00,1.20
2008.07.10 11:32:12.588,2.0401,2.0406,1.00,1.00
2008.07.10 11:32:39.033,2.0401,2.0405,1.00,1.00
2008.07.10 11:32:39.251,2.04,2.0405,3.10,1.20
2008.07.10 11:32:39.337,2.04,2.0405,3.00,1.20
2008.07.10 11:32:39.417,2.04,2.0405,3.10,1.20
2008.07.10 11:32:39.538,2.04,2.0404,1.60,1.30
2008.07.10 11:32:39.675,2.04005,2.0404,1.00,1.30
2008.07.10 11:32:39.958,2.04005,2.0404,3.00,1.30
2008.07.10 11:32:40.107,2.04005,2.0404,2.40,1.30
2008.07.10 11:32:40.382,2.04005,2.0404,3.40,1.30
2008.07.10 11:32:40.535,2.04,2.0404,1.00,1.30
2008.07.10 11:32:41.849,2.03995,2.0404,1.00,1.30
2008.07.10 11:32:43.386,2.04,2.0404,1.00,1.30
2008.07.10 11:32:43.635,2.03995,2.0404,1.00,1.30
2008.07.10 11:32:44.895,2.04,2.0404,1.00,1.30
2008.07.10 11:32:45.023,2.03995,2.0404,1.00,1.30
2008.07.10 11:32:45.820,2.04,2.0404,1.00,1.30
2008.07.10 11:32:45.904,2.04,2.0405,3.40,1.00
2008.07.10 11:32:46.061,2.04,2.0405,1.00,1.30
2008.07.10 11:32:46.367,2.04,2.04045,1.00,1.00
2008.07.10 11:32:46.700,2.04,2.0405,1.00,1.20
2008.07.10 11:32:46.865,2.04,2.0405,2.80,1.20
2008.07.10 11:32:51.917,2.04005,2.0405,1.00,1.00
2008.07.10 11:32:52.269,2.04025,2.0405,1.00,1.00
2008.07.10 11:32:52.468,2.04025,2.0406,1.00,1.00
2008.07.10 11:32:52.965,2.04025,2.0406,3.40,1.00
2008.07.10 11:32:53.158,2.04025,2.0407,2.40,3.40
2008.07.10 11:32:53.615,2.0402,2.0407,1.00,3.40
2008.07.10 11:32:54.137,2.0402,2.0407,1.00,3.10
2008.07.10 11:32:54.369,2.0402,2.0407,1.00,2.10
2008.07.10 11:32:55.390,2.0402,2.0407,4.90,2.10
2008.07.10 11:32:55.629,2.0402,2.0407,1.00,2.10
2008.07.10 11:32:56.596,2.0402,2.0407,1.20,2.10
2008.07.10 11:32:56.816,2.0402,2.04065,1.00,1.00
2008.07.10 11:32:57.193,2.04015,2.04065,4.00,1.00
2008.07.10 11:32:58.079,2.04015,2.04065,3.00,1.20
2008.07.10 11:32:58.477,2.04015,2.0406,1.00,1.00
2008.07.10 11:32:58.961,2.04015,2.04065,1.00,1.00
2008.07.10 11:32:59.149,2.0402,2.04065,1.00,1.00
2008.07.10 11:32:59.536,2.0402,2.04065,1.20,1.00
2008.07.10 11:33:01.043,2.0402,2.04065,1.00,1.00
2008.07.10 11:33:01.537,2.0402,2.0407,1.00,2.10
2008.07.10 11:33:02.236,2.0402,2.0407,1.00,2.50
2008.07.10 11:33:03.693,2.0402,2.04065,1.00,1.00
2008.07.10 11:33:03.922,2.04015,2.04065,1.00,1.00
2008.07.10 11:33:04.095,2.0401,2.04065,4.30,1.00
2008.07.10 11:33:04.520,2.04015,2.04065,1.00,1.00
2008.07.10 11:33:06.239,2.0401,2.04065,3.00,1.20
2008.07.10 11:33:06.405,2.0401,2.04065,1.00,1.20
2008.07.10 11:33:07.765,2.04005,2.0406,4.00,2.10
2008.07.10 11:33:07.967,2.04005,2.0406,1.50,2.10
2008.07.10 11:33:08.346,2.04005,2.0406,1.00,1.20
2008.07.10 11:33:08.793,2.04005,2.0406,4.00,1.00
2008.07.10 11:33:08.933,2.04005,2.0406,3.00,2.50
2008.07.10 11:33:09.132,2.0401,2.0406,1.00,1.20
2008.07.10 11:33:09.221,2.0402,2.0406,1.00,1.00
2008.07.10 11:33:09.358,2.0402,2.04065,1.00,1.00
2008.07.10 11:33:09.630,2.0402,2.0406,1.00,1.00
2008.07.10 11:33:11.792,2.0402,2.04065,1.00,1.00
2008.07.10 11:33:24.569,2.04015,2.0406,1.00,1.30
2008.07.10 11:33:24.667,2.0401,2.0406,3.40,2.10
2008.07.10 11:33:38.282,2.04,2.0405,4.00,1.00
2008.07.10 11:33:39.770,2.04,2.0405,6.90,1.00
2008.07.10 11:33:39.940,2.0401,2.0406,2.80,2.50
2008.07.10 11:33:40.142,2.04005,2.0406,1.60,2.10
2008.07.10 11:33:40.335,2.04005,2.0406,4.20,2.10
2008.07.10 11:33:47.146,2.04005,2.0406,4.00,2.10
2008.07.10 11:33:48.978,2.04005,2.0406,4.20,2.10
2008.07.10 11:33:50.035,2.04005,2.0406,4.00,2.10
2008.07.10 11:33:50.748,2.04005,2.0406,1.00,2.50
2008.07.10 11:33:51.747,2.04005,2.0406,1.60,2.10
2008.07.10 11:33:51.945,2.04005,2.0406,4.20,2.10
2008.07.10 11:33:52.812,2.04005,2.0406,4.00,2.10
2008.07.10 11:33:54.245,2.04005,2.0406,4.20,2.10
2008.07.10 11:33:54.433,2.04005,2.0406,4.00,2.10
2008.07.10 11:33:55.506,2.04005,2.04055,4.00,1.20
2008.07.10 11:33:55.628,2.04005,2.0405,4.00,1.30
2008.07.10 11:33:55.709,2.04005,2.0405,3.40,2.10
2008.07.10 11:33:55.869,2.04005,2.0405,2.40,2.50
2008.07.10 11:33:55.948,2.03995,2.0405,3.40,2.50
2008.07.10 11:33:56.086,2.03995,2.04045,3.40,1.00
2008.07.10 11:33:56.752,2.03995,2.04045,1.00,1.00
2008.07.10 11:33:57.995,2.03995,2.0403,1.00,1.20
2008.07.10 11:33:58.244,2.03995,2.0403,1.00,2.50
2008.07.10 11:33:58.493,2.03995,2.04025,1.00,1.20
2008.07.10 11:33:58.713,2.03995,2.0402,1.00,1.30
2008.07.10 11:33:58.990,2.03975,2.0402,2.40,1.30
2008.07.10 11:33:59.282,2.0397,2.0402,3.40,2.10
2008.07.10 11:33:59.375,2.03975,2.0402,1.00,2.10
2008.07.10 11:34:01.011,2.03975,2.0402,3.40,2.10
2008.07.10 11:34:01.186,2.03975,2.0402,3.70,2.10
2008.07.10 11:34:01.274,2.03975,2.04025,3.70,1.00
2008.07.10 11:34:01.363,2.03975,2.0403,3.70,1.20
2008.07.10 11:34:01.760,2.0398,2.0403,1.00,1.00
2008.07.10 11:34:02.236,2.03985,2.0403,1.00,1.00
2008.07.10 11:34:02.420,2.03995,2.04035,1.00,1.00
2008.07.10 11:34:02.757,2.04,2.04035,1.00,1.00
2008.07.10 11:34:03.073,2.04005,2.04045,1.00,1.00
2008.07.10 11:34:03.382,2.04005,2.0404,2.40,1.00
2008.07.10 11:34:03.693,2.04,2.0404,1.00,1.00
2008.07.10 11:34:03.823,2.04005,2.0404,1.00,1.00
2008.07.10 11:34:04.513,2.04005,2.04045,1.00,1.00
2008.07.10 11:34:04.644,2.0401,2.0405,1.00,2.10
2008.07.10 11:34:04.775,2.0401,2.0405,3.40,2.10
2008.07.10 11:34:04.908,2.04015,2.0405,1.00,2.10
2008.07.10 11:34:05.057,2.04005,2.0405,3.40,2.10
2008.07.10 11:34:05.325,2.04005,2.0405,3.40,1.00
2008.07.10 11:34:05.617,2.0401,2.0405,1.00,1.00
2008.07.10 11:34:05.982,2.0401,2.0405,1.00,1.80
2008.07.10 11:34:06.143,2.0401,2.0404,1.00,1.00
2008.07.10 11:34:06.305,2.04005,2.0404,2.40,2.10
2008.07.10 11:34:06.611,2.04005,2.0404,2.40,6.30
2008.07.10 11:34:06.773,2.04005,2.0403,2.40,2.10
2008.07.10 11:34:07.081,2.03995,2.0403,1.00,2.10
2008.07.10 11:34:07.215,2.03985,2.0403,3.40,1.00
2008.07.10 11:34:07.341,2.0399,2.0403,2.40,1.00
2008.07.10 11:34:07.472,2.03985,2.0403,3.40,1.00
2008.07.10 11:34:07.605,2.0399,2.0403,1.00,1.00
2008.07.10 11:34:08.026,2.04005,2.0403,1.00,1.00
2008.07.10 11:34:08.149,2.04005,2.0403,3.40,1.00
2008.07.10 11:34:08.486,2.04005,2.0404,3.40,2.10
2008.07.10 11:34:08.947,2.04005,2.0404,2.40,2.10
2008.07.10 11:34:09.241,2.04005,2.0404,1.00,2.10
2008.07.10 11:34:09.430,2.04005,2.04045,1.00,1.00
2008.07.10 11:34:09.799,2.04005,2.04045,3.40,1.00
2008.07.10 11:34:09.990,2.04005,2.0405,3.40,2.10
2008.07.10 11:34:11.939,2.04005,2.0405,1.00,2.10
2008.07.10 11:34:12.794,2.04,2.04045,3.40,1.00
2008.07.10 11:34:13.155,2.04,2.04045,1.00,1.00
2008.07.10 11:34:22.433,2.04,2.04045,3.40,1.00
2008.07.10 11:34:23.425,2.04,2.04045,1.00,1.00
2008.07.10 11:34:23.800,2.03995,2.04045,3.40,1.00
2008.07.10 11:34:25.730,2.04,2.04045,1.00,1.00
2008.07.10 11:34:25.768,2.04,2.04045,3.00,1.00
2008.07.10 11:34:25.872,2.04,2.04045,1.20,1.00
2008.07.10 11:34:25.928,2.04005,2.04045,1.00,1.00
2008.07.10 11:34:26.069,2.04,2.04045,1.20,1.00
2008.07.10 11:34:26.107,2.04,2.04045,3.70,1.00
2008.07.10 11:34:26.408,2.04,2.0405,3.70,2.10
2008.07.10 11:34:26.435,2.04,2.0405,1.20,2.10
2008.07.10 11:34:26.597,2.04,2.0405,1.00,2.10
2008.07.10 11:34:26.826,2.03995,2.0405,4.20,2.10
2008.07.10 11:34:27.433,2.04,2.0405,1.00,2.10
2008.07.10 11:34:27.664,2.04,2.0405,3.40,2.10
2008.07.10 11:34:27.855,2.04,2.0405,2.40,2.10
2008.07.10 11:34:28.233,2.03995,2.0405,4.20,2.10
2008.07.10 11:34:28.835,2.03995,2.04045,3.70,1.00
2008.07.10 11:34:30.037,2.04,2.04045,1.00,1.00
2008.07.10 11:34:30.158,2.04,2.04045,3.40,1.00
2008.07.10 11:34:30.598,2.04,2.04045,2.40,1.00
2008.07.10 11:34:30.721,2.04,2.0404,2.40,1.00
2008.07.10 11:34:30.857,2.04,2.0404,2.40,2.10
2008.07.10 11:34:30.995,2.03995,2.0404,2.40,2.10
2008.07.10 11:34:31.254,2.0399,2.0404,3.00,2.10
2008.07.10 11:34:31.565,2.0399,2.0404,4.00,2.10
2008.07.10 11:34:31.984,2.0399,2.0404,6.60,2.10
2008.07.10 11:34:32.403,2.03995,2.0404,1.00,2.10
2008.07.10 11:34:32.652,2.03995,2.0404,3.40,2.10
2008.07.10 11:34:40.142,2.03995,2.0404,2.40,2.10
2008.07.10 11:34:40.692,2.0399,2.0404,6.60,2.10
2008.07.10 11:34:43.136,2.0399,2.0404,6.30,2.10
2008.07.10 11:34:43.322,2.0399,2.0404,3.40,2.10
2008.07.10 11:34:43.355,2.0399,2.04035,3.40,1.00
2008.07.10 11:34:44.068,2.0399,2.04035,3.40,2.00
2008.07.10 11:34:44.284,2.0399,2.0403,3.40,1.30
2008.07.10 11:34:44.403,2.0399,2.04025,3.40,1.00
2008.07.10 11:34:44.825,2.0399,2.04025,2.40,1.00
2008.07.10 11:34:44.941,2.03975,2.04025,4.20,1.00
2008.07.10 11:34:45.075,2.03985,2.04025,1.00,1.00
2008.07.10 11:34:45.222,2.03985,2.04025,3.40,1.00
2008.07.10 11:34:45.371,2.03985,2.0402,2.40,1.00
2008.07.10 11:34:45.775,2.0398,2.0402,3.40,1.00
2008.07.10 11:34:48.895,2.0398,2.04015,3.40,1.00
2008.07.10 11:34:49.167,2.0398,2.04015,1.00,1.00
2008.07.10 11:34:49.429,2.03975,2.04015,3.40,1.00
2008.07.10 11:34:50.752,2.03975,2.0402,3.40,1.00
2008.07.10 11:34:52.019,2.03975,2.0402,3.70,1.00
2008.07.10 11:34:52.142,2.03975,2.0402,3.40,1.00
2008.07.10 11:34:52.373,2.03975,2.04025,3.40,1.00
2008.07.10 11:34:52.604,2.03985,2.04025,1.00,1.00
2008.07.10 11:34:52.798,2.03985,2.04025,3.40,1.00
2008.07.10 11:34:55.163,2.03975,2.0402,3.40,1.20
2008.07.10 11:34:55.484,2.03985,2.0402,2.40,1.20
2008.07.10 11:34:55.778,2.03985,2.0402,3.40,1.20
2008.07.10 11:34:57.117,2.03985,2.0402,2.40,1.20
2008.07.10 11:34:57.678,2.03985,2.04025,2.40,1.00
2008.07.10 11:34:58.292,2.03985,2.04025,1.00,1.00
2008.07.10 11:34:58.645,2.03985,2.04025,3.40,1.00
2008.07.10 11:34:59.073,2.03985,2.04025,2.40,2.00
2008.07.10 11:34:59.328,2.0398,2.04025,3.40,2.00
2008.07.10 11:34:59.596,2.0398,2.04025,3.40,1.00
2008.07.10 11:35:00.189,2.0398,2.04025,1.00,1.00
2008.07.10 11:35:00.335,2.03975,2.04025,3.40,1.00
2008.07.10 11:35:00.744,2.03975,2.04025,3.40,2.00
2008.07.10 11:35:00.875,2.0398,2.04025,1.00,2.00
2008.07.10 11:35:01.237,2.0398,2.04025,3.40,2.00
2008.07.10 11:35:01.609,2.03985,2.04025,1.00,2.00
2008.07.10 11:35:01.793,2.03985,2.04025,3.40,1.00
2008.07.10 11:35:02.016,2.03985,2.04025,3.40,2.00
2008.07.10 11:35:02.232,2.03985,2.04025,2.40,2.00
2008.07.10 11:35:02.437,2.03985,2.0402,2.40,1.00
2008.07.10 11:35:02.647,2.0398,2.0402,3.40,1.00
2008.07.10 11:35:02.856,2.0398,2.0402,2.40,1.00
2008.07.10 11:35:03.066,2.03975,2.0402,1.00,1.00
2008.07.10 11:35:03.198,2.0397,2.0402,3.40,1.00
2008.07.10 11:35:06.972,2.03975,2.0402,1.00,1.00
2008.07.10 11:35:09.225,2.0397,2.0402,2.40,1.20
2008.07.10 11:35:09.286,2.0397,2.0401,2.40,1.00
2008.07.10 11:35:09.371,2.0397,2.0402,2.40,1.20
2008.07.10 11:35:09.456,2.0396,2.0402,4.00,1.20
2008.07.10 11:35:09.514,2.03965,2.0402,1.00,2.10
2008.07.10 11:35:09.624,2.03965,2.0402,1.50,2.10
2008.07.10 11:35:09.733,2.03965,2.0402,4.00,2.10
2008.07.10 11:35:13.333,2.03965,2.0402,4.00,1.00
2008.07.10 11:35:13.740,2.03975,2.0402,1.00,1.00
2008.07.10 11:35:13.887,2.03975,2.0403,1.00,2.50
2008.07.10 11:35:13.936,2.03975,2.0403,3.40,2.50
2008.07.10 11:35:14.075,2.0398,2.0403,1.00,2.00
2008.07.10 11:35:14.217,2.0398,2.0403,3.40,1.00
2008.07.10 11:35:14.551,2.03985,2.0403,1.00,1.00
2008.07.10 11:35:14.700,2.03985,2.0403,3.40,1.00
2008.07.10 11:35:15.845,2.03985,2.04035,4.00,1.00
2008.07.10 11:35:17.773,2.03985,2.0403,4.00,1.20
2008.07.10 11:35:17.993,2.03985,2.0403,3.00,1.20
2008.07.10 11:35:18.294,2.0398,2.0403,4.00,1.20
2008.07.10 11:35:19.002,2.03985,2.0403,1.00,1.20
2008.07.10 11:35:19.064,2.03985,2.0402,1.00,1.20
2008.07.10 11:35:19.302,2.03985,2.0402,2.40,1.20
2008.07.10 11:35:19.365,2.03985,2.04025,2.40,1.00
2008.07.10 11:35:19.505,2.03985,2.0403,2.40,1.20
2008.07.10 11:35:19.564,2.0398,2.0403,1.60,1.20
2008.07.10 11:35:19.616,2.03985,2.0403,1.00,1.20
2008.07.10 11:35:19.723,2.03985,2.04035,1.00,2.20
2008.07.10 11:35:20.011,2.03985,2.04035,1.00,3.10
2008.07.10 11:35:20.392,2.03985,2.04035,3.40,1.00
2008.07.10 11:35:23.312,2.03985,2.0403,3.40,1.00
2008.07.10 11:35:23.363,2.03985,2.0403,3.40,1.30
2008.07.10 11:35:24.102,2.03985,2.0403,2.40,1.30
2008.07.10 11:35:24.472,2.0398,2.0403,1.00,1.30
2008.07.10 11:35:26.754,2.0398,2.04035,1.60,1.20
2008.07.10 11:35:26.898,2.0398,2.0403,1.60,1.00
2008.07.10 11:35:26.978,2.0398,2.0403,4.00,1.00
2008.07.10 11:35:27.455,2.0398,2.0403,3.60,1.00
2008.07.10 11:35:27.705,2.0398,2.0403,3.60,1.30
2008.07.10 11:35:27.958,2.0398,2.04025,3.40,1.00
2008.07.10 11:35:28.206,2.0398,2.04025,2.40,1.20
2008.07.10 11:35:28.376,2.03975,2.04015,1.00,1.00
2008.07.10 11:35:28.544,2.03975,2.04015,3.40,1.00
2008.07.10 11:35:28.715,2.03975,2.04015,1.00,1.00
2008.07.10 11:35:30.620,2.0397,2.04015,2.40,1.00
2008.07.10 11:35:30.672,2.03965,2.04015,4.00,1.00
2008.07.10 11:35:30.836,2.03965,2.04015,3.40,1.00
2008.07.10 11:35:30.911,2.03965,2.04005,3.40,1.00
2008.07.10 11:35:31.086,2.03965,2.04015,3.40,1.00
2008.07.10 11:35:31.132,2.03965,2.04015,2.40,1.20
2008.07.10 11:35:31.312,2.0396,2.04015,1.00,1.20
2008.07.10 11:35:31.355,2.0396,2.0401,1.00,1.30
2008.07.10 11:35:32.150,2.03965,2.0401,1.00,1.30
2008.07.10 11:35:32.520,2.0397,2.0401,1.00,1.30
2008.07.10 11:35:32.730,2.0397,2.04,1.00,1.30
2008.07.10 11:35:33.090,2.03965,2.04,2.60,1.30
2008.07.10 11:35:33.210,2.03965,2.04,3.10,1.30
2008.07.10 11:35:33.271,2.03965,2.0401,3.10,1.30
2008.07.10 11:35:33.334,2.03965,2.0401,3.00,1.30
2008.07.10 11:35:33.576,2.03965,2.0401,1.00,1.30
2008.07.10 11:35:35.201,2.03965,2.0401,1.00,1.30
2008.07.10 11:35:35.511,2.0397,2.0401,1.00,1.30
2008.07.10 11:35:35.646,2.0397,2.0401,1.50,1.30
2008.07.10 11:35:35.780,2.0397,2.04,4.00,1.30
2008.07.10 11:35:35.915,2.0397,2.04,3.40,1.30
2008.07.10 11:35:36.193,2.0397,2.04,2.40,1.30
2008.07.10 11:35:36.326,2.0397,2.04,1.00,1.30
2008.07.10 11:35:36.525,2.0397,2.0401,1.00,1.30
2008.07.10 11:35:37.588,2.0397,2.0401,1.50,1.30
2008.07.10 11:35:37.726,2.0397,2.0401,4.00,1.30
2008.07.10 11:35:38.520,2.0397,2.0401,3.00,1.30
2008.07.10 11:35:38.678,2.0397,2.0401,1.00,1.30
2008.07.10 11:35:39.000,2.0397,2.0402,1.00,1.20
2008.07.10 11:35:39.317,2.03975,2.0402,1.00,1.00
2008.07.10 11:35:40.307,2.03975,2.04025,1.00,1.00
2008.07.10 11:35:40.434,2.0398,2.04025,1.00,1.00
2008.07.10 11:35:40.997,2.0398,2.04025,1.20,1.00
2008.07.10 11:35:41.621,2.0398,2.04025,3.70,1.00
2008.07.10 11:35:42.096,2.0398,2.04025,3.40,1.00
2008.07.10 11:35:45.965,2.0398,2.0403,3.40,2.10
2008.07.10 11:35:46.038,2.03985,2.0403,1.00,2.10
2008.07.10 11:35:46.115,2.03985,2.0403,3.40,2.10
2008.07.10 11:35:46.495,2.03985,2.0403,2.40,2.10
2008.07.10 11:35:46.651,2.0398,2.0403,3.40,2.10
2008.07.10 11:35:49.581,2.03985,2.0403,1.00,2.10
2008.07.10 11:35:49.963,2.03985,2.0403,3.40,2.10
2008.07.10 11:35:50.036,2.03985,2.0403,2.40,2.10
2008.07.10 11:35:50.184,2.0398,2.0403,3.40,2.10
2008.07.10 11:35:51.514,2.0398,2.0403,2.40,2.50
2008.07.10 11:35:51.594,2.03975,2.0403,4.00,2.50
2008.07.10 11:35:52.130,2.03975,2.0403,4.00,2.10
2008.07.10 11:35:52.278,2.03975,2.0403,4.00,3.40
2008.07.10 11:35:52.372,2.03975,2.04025,3.40,1.00
2008.07.10 11:35:52.565,2.03975,2.0402,2.40,1.00
2008.07.10 11:35:52.770,2.0397,2.0402,1.00,1.00
2008.07.10 11:35:53.643,2.03975,2.0402,2.40,1.00
2008.07.10 11:35:53.793,2.03975,2.04025,3.40,1.00
2008.07.10 11:35:55.448,2.0398,2.04025,1.00,1.00
2008.07.10 11:35:55.614,2.0398,2.0403,1.00,1.00
2008.07.10 11:35:55.798,2.0398,2.0403,3.40,1.00
2008.07.10 11:35:56.376,2.0398,2.0403,3.70,1.00
2008.07.10 11:35:56.492,2.03985,2.04035,1.00,1.00
2008.07.10 11:35:56.545,2.0398,2.04035,4.20,1.00
2008.07.10 11:35:56.761,2.03995,2.04035,1.00,1.00
2008.07.10 11:35:56.910,2.03995,2.04035,3.40,1.00
2008.07.10 11:35:59.710,2.03995,2.04035,2.40,1.00
2008.07.10 11:35:59.958,2.03985,2.04035,3.40,1.00
2008.07.10 11:36:01.570,2.03985,2.0403,2.40,1.00
2008.07.10 11:36:01.622,2.03985,2.0403,2.40,1.50
2008.07.10 11:36:01.676,2.03985,2.04025,2.40,1.00
2008.07.10 11:36:01.988,2.03985,2.04025,2.40,1.20
2008.07.10 11:36:02.184,2.03985,2.04025,2.40,1.00
2008.07.10 11:36:02.269,2.03985,2.0402,2.40,1.00
2008.07.10 11:36:02.870,2.0397,2.0402,1.00,1.00
2008.07.10 11:36:03.396,2.0397,2.0402,1.40,1.00
2008.07.10 11:36:03.633,2.0397,2.0402,1.50,1.00
2008.07.10 11:36:03.734,2.0397,2.0402,4.00,1.00
2008.07.10 11:36:04.021,2.03975,2.04025,1.00,1.20
2008.07.10 11:36:04.990,2.0398,2.04025,1.00,1.00
2008.07.10 11:36:05.040,2.0398,2.0403,1.00,1.20
2008.07.10 11:36:05.973,2.03985,2.0403,1.00,1.00
2008.07.10 11:36:06.082,2.03985,2.0402,1.00,1.00
2008.07.10 11:36:06.197,2.0398,2.0399,1.00,1.30
2008.07.10 11:36:06.307,2.0398,2.0399,3.40,1.30
2008.07.10 11:36:06.417,2.0398,2.0399,2.60,1.30
2008.07.10 11:36:06.519,2.0398,2.04015,3.10,1.00
2008.07.10 11:36:06.829,2.03985,2.0403,1.00,1.00
2008.07.10 11:36:07.128,2.03995,2.04035,1.00,1.00
2008.07.10 11:36:07.710,2.03995,2.0404,1.00,1.30
2008.07.10 11:36:10.053,2.0399,2.0404,1.50,1.30
2008.07.10 11:36:10.238,2.0399,2.0404,1.00,1.30
2008.07.10 11:36:10.461,2.0399,2.0404,1.00,2.10
2008.07.10 11:36:11.003,2.0399,2.0403,1.00,1.00
2008.07.10 11:36:11.081,2.03995,2.0403,1.00,1.00
2008.07.10 11:36:15.024,2.04,2.0403,1.00,1.00
2008.07.10 11:36:15.768,2.03995,2.0403,1.00,1.00
2008.07.10 11:36:18.165,2.0399,2.0403,1.00,1.00
2008.07.10 11:36:18.805,2.03995,2.0403,1.00,1.00
2008.07.10 11:36:19.229,2.0399,2.0403,3.40,1.00
2008.07.10 11:36:19.484,2.0399,2.0403,1.00,1.00
2008.07.10 11:36:20.130,2.04,2.0403,1.00,1.00
2008.07.10 11:36:23.521,2.04,2.0404,1.00,2.10
2008.07.10 11:36:24.284,2.04,2.0404,1.00,1.30
2008.07.10 11:36:24.820,2.04005,2.0405,1.00,2.00
2008.07.10 11:36:25.023,2.04005,2.04035,1.00,1.00
2008.07.10 11:36:25.395,2.04005,2.0404,1.00,1.30
2008.07.10 11:36:25.843,2.04005,2.0405,1.50,2.50
2008.07.10 11:36:26.379,2.04005,2.0404,4.00,2.50
2008.07.10 11:36:26.658,2.04005,2.0404,3.40,2.50
2008.07.10 11:36:26.766,2.0401,2.0404,1.00,2.50
2008.07.10 11:36:27.197,2.04005,2.0404,2.40,2.50
2008.07.10 11:36:27.308,2.04,2.0404,1.50,2.50
2008.07.10 11:36:27.519,2.04,2.0404,1.00,2.50
2008.07.10 11:36:27.765,2.03995,2.0404,1.50,2.50
2008.07.10 11:36:27.888,2.03995,2.04035,1.50,1.20
2008.07.10 11:36:28.536,2.03995,2.0404,1.50,2.50
2008.07.10 11:36:30.225,2.03995,2.0404,1.50,1.30
2008.07.10 11:36:30.514,2.03995,2.0405,1.50,3.80
2008.07.10 11:36:30.827,2.03995,2.04045,1.50,1.20
2008.07.10 11:36:31.209,2.03995,2.04045,1.00,1.50
2008.07.10 11:36:31.288,2.03995,2.04045,1.00,1.20
2008.07.10 11:36:31.533,2.04,2.04045,1.00,1.50
2008.07.10 11:36:32.466,2.04005,2.04045,1.00,1.50
2008.07.10 11:36:32.735,2.03995,2.04045,1.00,1.00
2008.07.10 11:36:33.349,2.04,2.04045,1.00,1.00
2008.07.10 11:36:33.889,2.04,2.04055,1.50,1.00
2008.07.10 11:36:34.114,2.04,2.04055,1.50,1.20
2008.07.10 11:36:34.233,2.04,2.04055,4.00,1.20
2008.07.10 11:36:34.453,2.04,2.04055,1.50,1.20
2008.07.10 11:36:35.339,2.04,2.0405,1.00,1.00
2008.07.10 11:36:36.095,2.03995,2.0405,1.60,1.00
2008.07.10 11:36:36.245,2.03995,2.0405,1.60,1.20
2008.07.10 11:36:36.435,2.03995,2.0405,1.50,2.50
2008.07.10 11:36:36.519,2.03995,2.0405,1.50,1.50
2008.07.10 11:36:36.609,2.04005,2.0405,1.00,1.50
2008.07.10 11:36:36.737,2.04005,2.04045,1.00,1.00
2008.07.10 11:36:36.816,2.03995,2.0404,1.00,1.30
2008.07.10 11:36:37.401,2.03995,2.0402,1.00,1.20
2008.07.10 11:36:37.535,2.03985,2.04,3.40,1.30
2008.07.10 11:36:37.793,2.0397,2.04,1.00,1.30
2008.07.10 11:36:38.065,2.0398,2.04015,1.00,1.00
2008.07.10 11:36:38.355,2.0398,2.0402,1.00,1.60
2008.07.10 11:36:39.194,2.0397,2.0402,1.00,1.60
2008.07.10 11:36:39.691,2.0397,2.0402,1.00,1.00
2008.07.10 11:36:40.145,2.0398,2.04025,1.00,1.00
2008.07.10 11:36:40.244,2.0398,2.04025,3.40,1.00
2008.07.10 11:36:40.438,2.0398,2.04025,2.40,1.20
2008.07.10 11:36:40.881,2.0397,2.04025,3.40,1.20
2008.07.10 11:36:41.100,2.0397,2.0402,3.40,1.00
2008.07.10 11:36:42.083,2.0397,2.0402,2.40,1.20
2008.07.10 11:36:42.353,2.03965,2.0402,1.00,1.20
2008.07.10 11:36:42.499,2.0396,2.0401,4.00,1.30
2008.07.10 11:36:42.731,2.03965,2.0401,1.00,1.30
2008.07.10 11:36:42.984,2.0397,2.04015,1.00,1.00
2008.07.10 11:36:43.418,2.0397,2.04015,3.00,1.00
2008.07.10 11:36:43.702,2.0397,2.0402,4.00,1.00
2008.07.10 11:36:43.902,2.0397,2.0402,4.20,1.00
2008.07.10 11:36:44.334,2.03975,2.04025,1.00,2.00
2008.07.10 11:36:44.909,2.0397,2.04025,3.00,2.50
2008.07.10 11:36:45.201,2.03965,2.0402,4.00,1.00
2008.07.10 11:36:45.486,2.03965,2.0402,4.00,1.80
2008.07.10 11:36:45.738,2.03965,2.0402,4.00,1.00
2008.07.10 11:36:46.656,2.0397,2.0402,4.80,1.20
2008.07.10 11:36:47.410,2.03965,2.0402,1.00,1.20
2008.07.10 11:36:50.054,2.0396,2.04015,3.70,1.00
2008.07.10 11:36:50.323,2.03965,2.04015,1.00,1.00
2008.07.10 11:36:50.530,2.03965,2.04015,1.00,1.00
2008.07.10 11:36:50.930,2.03965,2.04015,1.00,1.00
2008.07.10 11:36:51.179,2.0397,2.04015,1.00,1.00
2008.07.10 11:36:52.230,2.03965,2.04015,2.40,1.00
2008.07.10 11:36:52.589,2.0396,2.04015,4.30,1.00
2008.07.10 11:36:52.993,2.0397,2.04015,3.40,1.00
2008.07.10 11:36:53.166,2.0397,2.04015,2.40,1.00
2008.07.10 11:36:53.654,2.03965,2.04015,3.40,1.00
2008.07.10 11:36:54.370,2.03965,2.04015,3.70,1.00
2008.07.10 11:36:54.840,2.0397,2.04015,1.00,1.00
2008.07.10 11:36:57.550,2.0397,2.0401,1.00,1.00
2008.07.10 11:37:09.918,2.0397,2.04015,1.00,1.00
2008.07.10 11:37:10.273,2.0399,2.04015,1.00,1.00
2008.07.10 11:37:10.405,2.0399,2.0402,1.00,1.00
2008.07.10 11:37:10.525,2.0399,2.0402,1.00,1.30
2008.07.10 11:37:10.719,2.0399,2.0403,1.00,1.80
2008.07.10 11:37:10.787,2.0397,2.0403,1.60,3.40
2008.07.10 11:37:11.091,2.03975,2.0403,1.00,4.80
2008.07.10 11:37:11.311,2.03975,2.0402,1.00,1.00
2008.07.10 11:37:11.529,2.0397,2.04025,1.50,1.20
2008.07.10 11:37:11.936,2.03975,2.0402,1.00,1.00
2008.07.10 11:37:12.799,2.03975,2.0402,1.00,3.80
2008.07.10 11:37:12.974,2.0397,2.04025,3.10,1.20
2008.07.10 11:37:13.124,2.0397,2.0402,1.50,1.00
2008.07.10 11:37:13.415,2.03975,2.0402,1.00,1.00
2008.07.10 11:37:15.063,2.0397,2.04025,1.50,1.20
2008.07.10 11:37:15.567,2.0397,2.0402,1.60,1.00
2008.07.10 11:37:16.076,2.0397,2.04025,4.00,1.20
2008.07.10 11:37:18.622,2.0398,2.04025,1.00,1.20
2008.07.10 11:37:19.203,2.03975,2.04025,1.00,1.00
2008.07.10 11:37:19.561,2.0397,2.0402,3.10,1.00
2008.07.10 11:37:19.810,2.0397,2.0402,1.00,1.00
2008.07.10 11:37:20.024,2.0397,2.0402,5.20,1.20
2008.07.10 11:37:20.233,2.0397,2.0402,1.00,1.00
2008.07.10 11:37:20.459,2.0398,2.04025,1.00,1.00
2008.07.10 11:37:22.283,2.0398,2.0403,1.00,1.20
2008.07.10 11:37:23.099,2.03985,2.0403,1.00,1.00
2008.07.10 11:37:23.142,2.03985,2.0403,1.00,1.00
2008.07.10 11:37:23.216,2.03985,2.04035,1.60,1.00
2008.07.10 11:37:23.409,2.03985,2.04035,4.20,1.00
2008.07.10 11:37:23.490,2.03985,2.04035,4.00,1.00
2008.07.10 11:37:23.768,2.03985,2.0403,3.40,1.00
2008.07.10 11:37:23.849,2.03985,2.0403,2.40,1.00
2008.07.10 11:37:24.570,2.0398,2.0403,4.00,1.00
2008.07.10 11:37:25.806,2.03985,2.0403,1.00,1.00
2008.07.10 11:37:25.951,2.03985,2.04035,4.00,1.00
2008.07.10 11:37:30.181,2.03985,2.04035,4.00,2.00
2008.07.10 11:37:30.611,2.03985,2.0403,3.00,1.00
2008.07.10 11:37:30.802,2.03985,2.0403,1.00,1.00
2008.07.10 11:37:32.887,2.03985,2.04035,1.00,2.50
2008.07.10 11:37:35.102,2.03985,2.0403,1.00,1.00
2008.07.10 11:37:35.309,2.0398,2.0403,1.50,1.20
2008.07.10 11:37:39.334,2.0398,2.0403,1.50,1.80
2008.07.10 11:37:42.246,2.0398,2.0403,1.50,1.20
2008.07.10 11:37:49.396,2.0398,2.0403,1.50,2.50
2008.07.10 11:37:49.456,2.0398,2.0403,1.00,2.50
2008.07.10 11:37:49.578,2.0398,2.0403,1.00,2.50
2008.07.10 11:37:49.657,2.0398,2.04025,1.00,1.00
2008.07.10 11:37:49.810,2.03975,2.04025,3.00,1.20
2008.07.10 11:37:49.877,2.03975,2.04025,3.00,2.50
2008.07.10 11:37:49.936,2.03975,2.04025,1.00,2.50
2008.07.10 11:37:50.045,2.0397,2.0402,4.00,1.00
2008.07.10 11:37:50.477,2.03975,2.04025,1.00,1.50
2008.07.10 11:37:50.586,2.0398,2.04025,1.00,1.00
2008.07.10 11:37:51.285,2.0398,2.0403,1.00,3.80
2008.07.10 11:37:51.396,2.03975,2.0403,1.50,3.80
2008.07.10 11:37:55.994,2.03975,2.0403,1.50,2.50
2008.07.10 11:37:56.185,2.0398,2.0403,1.00,1.00
2008.07.10 11:37:56.293,2.0398,2.0403,1.60,1.00
2008.07.10 11:37:56.394,2.0398,2.04035,1.60,1.20
2008.07.10 11:37:56.760,2.03985,2.0404,1.50,2.50
2008.07.10 11:37:58.921,2.03985,2.0404,1.50,1.20
2008.07.10 11:38:00.033,2.03985,2.0404,1.50,3.70
2008.07.10 11:38:00.186,2.03985,2.0404,4.00,3.70
2008.07.10 11:38:03.186,2.0399,2.0403,1.40,2.80
2008.07.10 11:38:03.325,2.0399,2.0403,1.50,2.80
2008.07.10 11:38:03.687,2.0399,2.0403,1.60,2.80
2008.07.10 11:38:04.106,2.0399,2.0403,1.00,2.80
2008.07.10 11:38:04.264,2.0399,2.0403,1.00,1.30
2008.07.10 11:38:04.576,2.03985,2.0403,3.40,1.30
2008.07.10 11:38:04.792,2.0398,2.0403,1.50,1.30
2008.07.10 11:38:04.945,2.0398,2.04025,1.00,1.00
2008.07.10 11:38:06.730,2.03985,2.04025,1.00,1.00
2008.07.10 11:38:06.856,2.03985,2.04025,3.40,1.00
2008.07.10 11:38:08.518,2.03985,2.04025,2.40,1.00
2008.07.10 11:38:08.965,2.0398,2.04025,3.40,1.00
2008.07.10 11:38:09.163,2.0398,2.04025,2.40,1.00
2008.07.10 11:38:09.231,2.03975,2.04025,3.40,1.00
2008.07.10 11:38:12.531,2.03975,2.04025,3.70,1.00
2008.07.10 11:38:12.653,2.0398,2.04025,1.00,1.00
2008.07.10 11:38:12.774,2.0398,2.0403,1.00,1.00
2008.07.10 11:38:12.879,2.0398,2.0403,3.40,1.00
2008.07.10 11:38:13.012,2.0398,2.0403,3.70,1.00
2008.07.10 11:38:14.201,2.0399,2.0403,1.00,1.00
2008.07.10 11:38:14.524,2.0398,2.0403,3.70,1.00
2008.07.10 11:38:14.653,2.03985,2.0403,3.40,1.00
2008.07.10 11:38:15.080,2.03985,2.0403,2.40,1.00
2008.07.10 11:38:15.210,2.0398,2.0403,3.70,1.00
2008.07.10 11:38:16.418,2.0398,2.04025,3.70,1.00
2008.07.10 11:38:16.630,2.0398,2.04025,3.40,1.00
2008.07.10 11:38:16.809,2.0398,2.04025,2.40,1.20
2008.07.10 11:38:16.973,2.0398,2.0402,2.40,1.30
2008.07.10 11:38:17.280,2.0397,2.0402,4.20,1.30
2008.07.10 11:38:17.739,2.0397,2.0402,1.50,1.30
2008.07.10 11:38:17.981,2.0397,2.04015,1.50,1.20
2008.07.10 11:38:18.231,2.03965,2.04015,4.00,1.20
2008.07.10 11:38:18.494,2.03965,2.04015,3.40,1.20
2008.07.10 11:38:18.821,2.03965,2.0401,2.40,1.20
2008.07.10 11:38:19.045,2.03955,2.04,1.00,1.30
2008.07.10 11:38:19.177,2.0396,2.0401,1.60,1.30
2008.07.10 11:38:19.305,2.0397,2.0401,1.00,1.30
2008.07.10 11:38:19.667,2.0397,2.0402,1.00,4.40
2008.07.10 11:38:19.835,2.0397,2.0402,1.00,5.00
2008.07.10 11:38:19.957,2.0397,2.0402,1.50,5.00
2008.07.10 11:38:20.421,2.0397,2.0402,4.00,2.10
2008.07.10 11:38:20.641,2.03975,2.0402,1.00,2.10
2008.07.10 11:38:20.902,2.03975,2.0402,1.00,1.30
2008.07.10 11:38:22.164,2.03975,2.04025,1.20,1.00
2008.07.10 11:38:22.291,2.03975,2.0403,1.60,1.20
2008.07.10 11:38:22.545,2.03975,2.0403,1.50,1.20
2008.07.10 11:38:22.674,2.03985,2.0403,1.00,1.00
2008.07.10 11:38:22.845,2.03985,2.0403,3.40,1.00
2008.07.10 11:38:22.963,2.03985,2.0403,1.00,1.00
2008.07.10 11:38:24.132,2.03985,2.0403,1.00,2.00
2008.07.10 11:38:24.279,2.03985,2.0402,1.00,1.00
2008.07.10 11:38:24.411,2.0398,2.0402,3.40,1.00
2008.07.10 11:38:25.782,2.0398,2.04025,1.00,1.00
2008.07.10 11:38:26.033,2.03975,2.04025,1.50,1.00
2008.07.10 11:38:26.354,2.03975,2.0402,1.00,1.00
2008.07.10 11:38:26.619,2.0397,2.0402,4.00,1.00
2008.07.10 11:38:26.746,2.03975,2.0402,1.00,1.00
2008.07.10 11:38:26.916,2.03975,2.0402,3.40,1.00
2008.07.10 11:38:27.041,2.0398,2.0402,1.00,1.00
2008.07.10 11:38:27.459,2.03985,2.0402,1.00,1.00
2008.07.10 11:38:27.894,2.0398,2.0402,1.00,1.00
2008.07.10 11:38:28.053,2.03975,2.0402,2.40,1.00
2008.07.10 11:38:28.301,2.0397,2.04015,2.50,1.00
2008.07.10 11:38:28.615,2.0397,2.0401,2.40,1.30
2008.07.10 11:38:28.889,2.0397,2.0401,3.00,1.30
2008.07.10 11:38:28.978,2.0397,2.0401,1.00,1.30
2008.07.10 11:38:29.517,2.0397,2.0401,1.50,1.30
2008.07.10 11:38:30.029,2.0397,2.04025,4.30,1.00
2008.07.10 11:38:30.272,2.0398,2.0403,1.00,2.50
2008.07.10 11:38:30.443,2.0398,2.0403,1.00,1.60
2008.07.10 11:38:30.614,2.0398,2.0403,1.60,2.80
2008.07.10 11:38:30.787,2.0399,2.0403,2.40,3.20
2008.07.10 11:38:31.274,2.0398,2.0403,1.00,3.20
2008.07.10 11:38:31.487,2.03975,2.0402,3.00,1.20
2008.07.10 11:38:31.710,2.0397,2.0402,3.40,1.20
2008.07.10 11:38:31.916,2.0397,2.0402,3.40,2.00
2008.07.10 11:38:32.542,2.0397,2.04015,3.40,1.00
2008.07.10 11:38:32.751,2.0397,2.04015,2.40,2.00
2008.07.10 11:38:32.961,2.03965,2.04015,3.40,2.00
2008.07.10 11:38:33.181,2.03965,2.0401,3.40,1.20
2008.07.10 11:38:33.432,2.03965,2.0401,3.40,2.00
2008.07.10 11:38:33.569,2.0397,2.0401,2.40,1.00
2008.07.10 11:38:33.829,2.0396,2.0401,3.40,1.00
2008.07.10 11:38:34.102,2.0396,2.0401,3.40,2.00
2008.07.10 11:38:34.246,2.0396,2.0401,3.40,1.00
2008.07.10 11:38:34.430,2.0396,2.04015,4.00,1.20
2008.07.10 11:38:34.823,2.0396,2.04015,4.00,1.00
2008.07.10 11:38:35.381,2.0397,2.04015,1.00,1.00
2008.07.10 11:38:38.946,2.03965,2.04015,3.40,1.00
2008.07.10 11:38:41.239,2.03965,2.04015,2.40,1.00
2008.07.10 11:38:41.425,2.0396,2.04015,4.00,1.00
2008.07.10 11:38:42.578,2.0396,2.0401,3.40,1.00
2008.07.10 11:38:42.977,2.0396,2.0401,2.40,1.20
2008.07.10 11:38:43.149,2.0396,2.0401,3.40,1.00
2008.07.10 11:38:43.305,2.0396,2.0401,1.00,1.00
2008.07.10 11:38:44.367,2.0396,2.04015,1.50,1.20
2008.07.10 11:38:44.691,2.03965,2.04015,1.00,1.00
2008.07.10 11:38:44.843,2.03965,2.04015,3.40,1.00
2008.07.10 11:38:44.993,2.0397,2.04015,1.00,1.00
2008.07.10 11:38:51.795,2.03965,2.04015,3.40,1.00
2008.07.10 11:38:53.181,2.03965,2.0401,3.40,1.00
2008.07.10 11:38:53.410,2.03965,2.0401,2.40,1.00
2008.07.10 11:38:53.511,2.0396,2.0401,3.40,1.00
2008.07.10 11:38:54.239,2.0396,2.0401,4.00,1.00
2008.07.10 11:38:54.354,2.0396,2.04015,3.00,2.50
2008.07.10 11:38:54.462,2.0396,2.04015,2.40,2.50
2008.07.10 11:38:54.822,2.03955,2.04015,4.00,1.20
2008.07.10 11:38:55.145,2.03955,2.0401,3.00,1.00
2008.07.10 11:38:55.487,2.0396,2.0401,1.00,1.00
2008.07.10 11:38:55.852,2.0396,2.04005,2.40,1.20
2008.07.10 11:38:56.048,2.0396,2.04005,2.80,1.20
2008.07.10 11:38:56.245,2.0395,2.04005,6.90,2.00
2008.07.10 11:38:56.441,2.0395,2.04,6.90,1.30
2008.07.10 11:38:56.629,2.0395,2.04,3.00,1.30
2008.07.10 11:38:56.851,2.0395,2.04,1.00,1.30
2008.07.10 11:38:57.567,2.0395,2.04,1.50,1.30
2008.07.10 11:38:57.801,2.0395,2.04,1.00,2.10
2008.07.10 11:38:58.260,2.0395,2.04,3.40,2.10
2008.07.10 11:38:58.643,2.03955,2.04,1.00,2.10
2008.07.10 11:39:00.028,2.03955,2.04,1.00,1.30
2008.07.10 11:39:00.426,2.03955,2.04,3.40,1.30
2008.07.10 11:39:00.737,2.03955,2.04,4.00,1.30
2008.07.10 11:39:01.437,2.03955,2.04,4.20,1.30
2008.07.10 11:39:01.690,2.0396,2.0401,2.80,1.20
2008.07.10 11:39:01.929,2.0396,2.0401,1.00,1.00
2008.07.10 11:39:02.168,2.0396,2.0401,3.60,1.00
2008.07.10 11:39:05.347,2.0396,2.04015,4.00,1.00
2008.07.10 11:39:05.600,2.0396,2.04015,3.60,1.00
2008.07.10 11:39:05.793,2.0396,2.04005,3.60,1.00
2008.07.10 11:39:06.025,2.03965,2.04005,1.00,1.00
2008.07.10 11:39:06.270,2.0396,2.04,2.40,1.30
2008.07.10 11:39:06.659,2.03955,2.04,3.40,1.30
2008.07.10 11:39:06.871,2.0396,2.04,3.30,1.30
2008.07.10 11:39:07.337,2.0396,2.04,1.50,1.30
2008.07.10 11:39:08.324,2.0396,2.04,1.00,1.30
2008.07.10 11:39:08.555,2.03955,2.04,4.00,1.30
2008.07.10 11:39:08.969,2.03955,2.04,1.50,1.30
2008.07.10 11:39:10.422,2.03955,2.04,4.00,1.30
2008.07.10 11:39:11.231,2.03955,2.04,1.50,1.30
2008.07.10 11:39:11.299,2.03955,2.04,1.00,2.10
2008.07.10 11:39:11.725,2.0395,2.04,6.90,2.10
2008.07.10 11:39:17.764,2.0396,2.04,2.80,2.10
2008.07.10 11:39:17.791,2.0396,2.04,2.80,1.30
2008.07.10 11:39:17.934,2.0396,2.04005,2.80,1.00
2008.07.10 11:39:17.973,2.0396,2.0401,2.80,1.20
2008.07.10 11:39:18.009,2.0396,2.0401,2.80,1.00
2008.07.10 11:39:18.106,2.0396,2.0401,3.40,1.00
2008.07.10 11:39:18.427,2.03965,2.04015,1.00,1.00
2008.07.10 11:39:18.873,2.03965,2.04015,3.40,1.00
2008.07.10 11:39:26.419,2.03965,2.0401,3.40,1.00
2008.07.10 11:39:26.768,2.03965,2.0401,2.40,1.00
2008.07.10 11:39:26.912,2.03965,2.04005,2.40,1.00
2008.07.10 11:39:27.042,2.0396,2.0401,3.10,1.00
2008.07.10 11:39:27.255,2.03965,2.0401,2.40,1.00
2008.07.10 11:39:27.469,2.0397,2.0401,2.40,1.00
2008.07.10 11:39:27.682,2.03965,2.0401,3.40,1.00
2008.07.10 11:39:28.988,2.0397,2.04005,1.00,1.00
2008.07.10 11:39:29.027,2.0397,2.04005,3.40,1.00
2008.07.10 11:39:29.184,2.0397,2.04005,2.40,1.00
2008.07.10 11:39:29.222,2.0397,2.04,2.40,1.30
2008.07.10 11:39:29.455,2.0396,2.04,1.00,1.30
2008.07.10 11:39:29.687,2.0396,2.04,3.40,1.30
2008.07.10 11:39:30.739,2.0396,2.04,4.00,1.30
2008.07.10 11:39:31.636,2.0397,2.0402,1.00,2.10
2008.07.10 11:39:31.860,2.0397,2.0402,3.40,2.10
2008.07.10 11:39:34.223,2.0397,2.0402,2.40,2.50
2008.07.10 11:39:34.521,2.03965,2.0402,1.00,2.50
2008.07.10 11:39:37.693,2.03965,2.0402,1.50,2.10
2008.07.10 11:39:37.938,2.03965,2.0402,4.00,2.10
2008.07.10 11:39:38.934,2.0397,2.0402,1.00,1.30
2008.07.10 11:39:39.214,2.0397,2.0402,3.00,1.30
2008.07.10 11:39:39.295,2.0397,2.04025,3.10,1.20
2008.07.10 11:39:39.409,2.0397,2.04025,4.00,1.20
2008.07.10 11:39:39.654,2.0397,2.04025,4.00,1.00
2008.07.10 11:39:42.171,2.0397,2.0401,4.00,1.30
2008.07.10 11:39:42.394,2.0397,2.0401,3.40,1.30
2008.07.10 11:39:44.251,2.0397,2.0401,2.40,1.30
2008.07.10 11:39:44.753,2.03965,2.0401,1.00,1.30
2008.07.10 11:39:45.364,2.03965,2.0401,3.40,1.30
2008.07.10 11:39:49.063,2.03965,2.0401,1.00,1.30
2008.07.10 11:39:49.607,2.0396,2.0401,4.20,1.30
2008.07.10 11:39:49.888,2.03965,2.0401,1.00,1.30
2008.07.10 11:39:50.538,2.03965,2.0401,1.50,1.30
2008.07.10 11:39:50.717,2.03965,2.0401,4.00,1.30
2008.07.10 11:39:53.767,2.03965,2.0401,1.50,1.30
2008.07.10 11:39:54.214,2.03965,2.0401,1.60,1.30
2008.07.10 11:39:54.253,2.03965,2.0401,1.00,1.30
2008.07.10 11:39:54.397,2.03965,2.04015,1.00,1.00
2008.07.10 11:39:54.511,2.03965,2.0401,1.00,2.80
2008.07.10 11:39:54.706,2.03965,2.0402,1.00,5.40
2008.07.10 11:39:55.206,2.03965,2.0401,1.00,1.30
2008.07.10 11:39:55.422,2.0396,2.0401,4.20,1.30
2008.07.10 11:39:55.756,2.0396,2.0401,4.00,1.30
2008.07.10 11:39:56.127,2.0396,2.0401,4.20,1.30
2008.07.10 11:39:56.547,2.03965,2.0401,1.50,1.30
2008.07.10 11:39:56.747,2.03965,2.0401,4.00,1.30
2008.07.10 11:40:00.687,2.03965,2.0401,4.20,1.30
2008.07.10 11:40:00.745,2.03965,2.0402,4.20,5.40
2008.07.10 11:40:00.846,2.03965,2.0402,4.20,2.50
2008.07.10 11:40:00.950,2.0397,2.0402,1.00,1.60
2008.07.10 11:40:01.004,2.0397,2.0402,1.00,1.30
2008.07.10 11:40:01.071,2.0397,2.0402,1.50,1.30
2008.07.10 11:40:01.142,2.0397,2.0402,4.00,1.30
2008.07.10 11:40:04.734,2.0397,2.0402,4.20,1.30
2008.07.10 11:40:04.805,2.03975,2.0402,1.00,1.30
2008.07.10 11:40:06.468,2.03975,2.0402,1.50,1.30
2008.07.10 11:40:06.724,2.03975,2.0402,1.00,1.30
2008.07.10 11:40:07.095,2.0397,2.0402,4.00,1.30
2008.07.10 11:40:07.402,2.0397,2.04015,3.40,1.00
2008.07.10 11:40:08.833,2.0397,2.04015,2.40,1.00
2008.07.10 11:40:09.167,2.03965,2.04015,3.70,1.00
2008.07.10 11:40:09.582,2.0397,2.04015,1.00,1.00
2008.07.10 11:40:09.892,2.0397,2.04015,3.40,1.00
2008.07.10 11:40:10.264,2.0397,2.04015,2.40,1.00
2008.07.10 11:40:10.457,2.03965,2.04015,1.20,1.00
2008.07.10 11:40:11.307,2.03965,2.0401,1.20,1.00
2008.07.10 11:40:11.463,2.03965,2.04,1.00,1.00
2008.07.10 11:40:11.558,2.0396,2.04,2.40,1.00
2008.07.10 11:40:11.666,2.0396,2.04,2.40,1.20
2008.07.10 11:40:11.936,2.0396,2.04,2.40,1.00
2008.07.10 11:40:12.285,2.0395,2.04,1.20,1.00
2008.07.10 11:40:12.796,2.0395,2.04,1.00,3.70
2008.07.10 11:40:13.106,2.0395,2.04,1.00,1.00
2008.07.10 11:40:13.276,2.0395,2.03995,1.00,1.00
2008.07.10 11:40:13.466,2.0394,2.0399,1.60,1.30
2008.07.10 11:40:13.843,2.0394,2.03995,1.60,1.00
2008.07.10 11:40:13.984,2.03945,2.03995,1.00,1.00
2008.07.10 11:40:14.277,2.0394,2.03995,1.50,1.00
2008.07.10 11:40:14.452,2.03945,2.04,1.00,1.30
2008.07.10 11:40:14.605,2.03945,2.04,1.00,1.60
2008.07.10 11:40:14.757,2.0394,2.04,4.00,1.60
2008.07.10 11:40:14.934,2.0394,2.03995,4.00,1.20
2008.07.10 11:40:15.239,2.0394,2.0399,1.00,1.50
2008.07.10 11:40:15.543,2.0394,2.0399,1.00,1.00
2008.07.10 11:40:15.843,2.0394,2.0399,1.00,1.00
2008.07.10 11:40:16.145,2.0394,2.0399,1.00,2.00
2008.07.10 11:40:16.467,2.0394,2.0399,1.00,1.00
2008.07.10 11:40:16.773,2.03945,2.04,1.00,3.80
2008.07.10 11:40:16.904,2.03945,2.04,1.00,2.50
2008.07.10 11:40:17.035,2.03945,2.03995,1.00,1.00
2008.07.10 11:40:17.164,2.03945,2.03995,1.00,1.20
2008.07.10 11:40:18.326,2.03945,2.03995,1.00,2.50
2008.07.10 11:40:18.457,2.0394,2.0399,1.00,1.00
2008.07.10 11:40:18.580,2.03935,2.0399,4.00,1.00
2008.07.10 11:40:18.708,2.03935,2.0399,1.50,1.00
2008.07.10 11:40:19.045,2.03935,2.0399,1.50,1.60
2008.07.10 11:40:20.087,2.03935,2.0399,1.50,2.50
2008.07.10 11:40:20.199,2.0394,2.0399,1.00,2.50
2008.07.10 11:40:20.594,2.0394,2.0399,1.20,1.30
2008.07.10 11:40:20.671,2.0394,2.0399,1.60,1.30
2008.07.10 11:40:21.890,2.0394,2.0399,1.00,1.60
2008.07.10 11:40:22.120,2.0394,2.0399,1.60,1.30
2008.07.10 11:40:22.762,2.0394,2.0399,1.50,2.50
2008.07.10 11:40:22.912,2.0394,2.0399,1.00,3.40
2008.07.10 11:40:23.006,2.0394,2.0399,1.20,2.10
2008.07.10 11:40:23.128,2.0394,2.0397,1.20,1.30
2008.07.10 11:40:23.224,2.0394,2.0397,1.00,1.30
2008.07.10 11:40:23.289,2.0394,2.0399,1.00,1.60
2008.07.10 11:40:23.411,2.03945,2.0399,1.00,1.60
2008.07.10 11:40:23.701,2.03945,2.0399,1.00,1.30
2008.07.10 11:40:23.850,2.03945,2.03985,1.00,1.20
2008.07.10 11:40:24.000,2.0394,2.03985,1.50,1.20
2008.07.10 11:40:24.153,2.0394,2.03985,1.00,1.20
2008.07.10 11:40:24.321,2.0394,2.0399,3.00,2.50
2008.07.10 11:40:24.685,2.0394,2.0399,1.50,2.10
2008.07.10 11:40:25.321,2.0394,2.0399,1.50,3.40
2008.07.10 11:40:25.494,2.0394,2.0399,4.00,3.40
2008.07.10 11:40:30.250,2.03945,2.0399,1.00,3.40
2008.07.10 11:40:30.367,2.03945,2.0399,1.00,2.10
2008.07.10 11:40:30.463,2.0394,2.0399,4.00,2.10
2008.07.10 11:40:30.563,2.0394,2.0399,1.50,2.10
2008.07.10 11:40:30.732,2.03945,2.0399,1.00,1.30
2008.07.10 11:40:30.872,2.03945,2.03995,1.00,1.20
2008.07.10 11:40:30.966,2.03945,2.03995,1.00,1.00
2008.07.10 11:40:31.426,2.03955,2.04,1.00,1.00
2008.07.10 11:40:31.885,2.03955,2.04,1.00,2.10
2008.07.10 11:40:32.043,2.0395,2.04,2.40,2.50
2008.07.10 11:40:32.355,2.0394,2.03995,4.00,1.20
2008.07.10 11:40:32.598,2.0394,2.03995,1.50,1.00
2008.07.10 11:40:32.958,2.0394,2.03995,1.60,1.00
2008.07.10 11:40:33.250,2.0394,2.04,1.60,1.20
2008.07.10 11:40:33.441,2.0394,2.03995,1.60,1.20
2008.07.10 11:40:33.666,2.0394,2.0399,1.00,1.00
2008.07.10 11:40:34.310,2.03945,2.04,1.50,1.20
2008.07.10 11:40:34.532,2.03945,2.04,1.00,1.20
2008.07.10 11:40:36.007,2.03945,2.03995,1.00,1.00
2008.07.10 11:40:36.140,2.0395,2.04,1.00,1.20
2008.07.10 11:40:36.968,2.03945,2.04,1.00,1.20
2008.07.10 11:40:37.266,2.03945,2.04,1.50,1.20
2008.07.10 11:40:38.355,2.0395,2.04,1.00,1.00
2008.07.10 11:40:38.790,2.0395,2.04005,1.00,2.50
2008.07.10 11:40:38.888,2.03945,2.04,4.00,1.00
2008.07.10 11:40:38.991,2.03945,2.04,1.50,1.20
2008.07.10 11:40:40.266,2.03945,2.04,1.50,1.00
2008.07.10 11:40:41.521,2.0395,2.04005,1.00,2.50
2008.07.10 11:40:41.604,2.0395,2.04005,1.00,1.20
2008.07.10 11:40:41.947,2.0395,2.04005,1.50,1.20
2008.07.10 11:40:48.729,2.03955,2.04005,1.00,1.00
2008.07.10 11:40:49.267,2.03955,2.04,1.00,1.00
2008.07.10 11:40:49.324,2.03955,2.04005,1.00,1.00
2008.07.10 11:40:49.499,2.0395,2.04005,1.00,1.20
2008.07.10 11:40:49.955,2.0395,2.04,1.00,1.30
2008.07.10 11:40:50.411,2.0395,2.04,1.50,1.30
2008.07.10 11:40:50.530,2.0395,2.04,1.00,1.60
2008.07.10 11:40:50.977,2.03955,2.04,1.00,1.60
2008.07.10 11:40:51.095,2.0396,2.04,2.80,1.60
2008.07.10 11:40:51.383,2.03955,2.04,1.00,1.60
2008.07.10 11:40:51.470,2.03955,2.04,1.00,1.30
2008.07.10 11:40:53.522,2.0395,2.04,1.50,2.10
2008.07.10 11:40:54.205,2.0395,2.04,1.00,2.10
2008.07.10 11:40:54.585,2.03945,2.03995,1.50,1.00
2008.07.10 11:40:54.863,2.03945,2.03995,1.00,1.20
2008.07.10 11:40:57.400,2.0394,2.0399,1.00,1.00
2008.07.10 11:40:57.523,2.03935,2.0399,3.00,1.20
2008.07.10 11:40:57.712,2.03935,2.03985,3.00,1.00
2008.07.10 11:40:57.913,2.03935,2.03985,3.00,1.20
2008.07.10 11:40:58.035,2.03935,2.03985,1.00,1.20
2008.07.10 11:40:58.187,2.03935,2.0398,1.00,1.00
2008.07.10 11:40:58.374,2.03935,2.03975,1.00,1.00
2008.07.10 11:40:59.892,2.03925,2.03975,1.00,1.00
2008.07.10 11:41:00.385,2.03925,2.0397,1.00,1.00
2008.07.10 11:41:00.904,2.0392,2.0397,1.00,1.00
2008.07.10 11:41:01.233,2.0392,2.03965,1.00,1.00
2008.07.10 11:41:01.606,2.0391,2.03965,1.80,1.20
2008.07.10 11:41:01.708,2.0391,2.03965,1.60,1.20
2008.07.10 11:41:02.471,2.03915,2.03965,1.00,1.20
2008.07.10 11:41:03.303,2.0392,2.03965,1.00,1.00
2008.07.10 11:41:04.111,2.0392,2.0397,1.00,1.20
2008.07.10 11:41:05.403,2.03915,2.03965,1.60,1.00
2008.07.10 11:41:05.455,2.03915,2.03965,1.50,1.00
2008.07.10 11:41:09.369,2.03915,2.03965,1.60,1.00
2008.07.10 11:41:09.824,2.03915,2.03965,1.50,1.00
2008.07.10 11:41:10.060,2.03915,2.0397,1.50,1.50
2008.07.10 11:41:10.161,2.0392,2.0397,1.00,1.20
2008.07.10 11:41:10.296,2.0392,2.03975,1.00,2.50
2008.07.10 11:41:10.334,2.0392,2.0396,1.00,1.00
2008.07.10 11:41:10.585,2.03915,2.0396,1.00,1.00
2008.07.10 11:41:11.071,2.0392,2.0396,1.00,1.00
2008.07.10 11:41:11.324,2.0391,2.03955,2.50,1.00
2008.07.10 11:41:11.573,2.03905,2.0395,1.00,1.30
2008.07.10 11:41:12.423,2.0391,2.03955,1.00,1.00
2008.07.10 11:41:12.606,2.03915,2.03965,1.50,1.00
2008.07.10 11:41:13.108,2.03915,2.0396,1.00,1.00
2008.07.10 11:41:13.482,2.03915,2.03955,1.00,1.00
2008.07.10 11:41:13.628,2.0391,2.03955,2.50,1.00
2008.07.10 11:41:13.781,2.0391,2.03955,1.00,1.00
2008.07.10 11:41:16.143,2.0391,2.0396,1.00,1.00
2008.07.10 11:41:16.413,2.03915,2.0396,1.00,1.00
2008.07.10 11:41:16.915,2.03915,2.0396,3.40,1.00
2008.07.10 11:41:19.431,2.03915,2.0396,1.00,1.00
2008.07.10 11:41:20.266,2.03915,2.0396,3.40,1.00
2008.07.10 11:41:21.668,2.03915,2.03965,3.40,1.00
2008.07.10 11:41:21.852,2.03915,2.03965,2.40,1.00
2008.07.10 11:41:22.022,2.0391,2.03965,4.30,1.00
2008.07.10 11:41:22.233,2.03915,2.03965,1.00,1.00
2008.07.10 11:41:22.710,2.0392,2.03965,1.00,1.00
2008.07.10 11:41:22.776,2.0392,2.03965,1.00,1.00
2008.07.10 11:41:22.905,2.0392,2.0397,1.00,1.00
2008.07.10 11:41:23.050,2.03925,2.03975,1.00,1.00
2008.07.10 11:41:23.828,2.03925,2.03975,1.50,1.00
2008.07.10 11:41:24.063,2.03925,2.03965,1.00,1.00
2008.07.10 11:41:24.526,2.03915,2.03965,4.00,1.00
2008.07.10 11:41:25.465,2.0392,2.03965,1.00,1.00
2008.07.10 11:41:25.653,2.0392,2.03965,3.40,1.00
2008.07.10 11:41:25.997,2.03925,2.03965,1.00,1.00
2008.07.10 11:41:26.061,2.0392,2.03965,3.40,1.00
2008.07.10 11:41:27.688,2.0392,2.03975,4.00,1.00
2008.07.10 11:41:28.499,2.0393,2.0398,1.00,1.60
2008.07.10 11:41:28.693,2.0393,2.0398,1.00,1.30
2008.07.10 11:41:28.880,2.0393,2.0396,1.00,2.80
2008.07.10 11:41:29.053,2.03925,2.0396,4.00,2.80
2008.07.10 11:41:29.625,2.03925,2.0397,3.00,4.20
2008.07.10 11:41:29.815,2.03925,2.0397,1.00,4.20
2008.07.10 11:41:30.506,2.03925,2.0397,1.00,1.30
2008.07.10 11:41:30.764,2.0393,2.03975,1.00,1.20
2008.07.10 11:41:31.217,2.0393,2.03975,1.00,1.00
2008.07.10 11:41:32.114,2.0393,2.0396,1.00,2.80
2008.07.10 11:41:32.815,2.0393,2.0397,1.00,3.20
2008.07.10 11:41:33.082,2.0393,2.0397,1.00,4.00
2008.07.10 11:41:33.226,2.0393,2.0397,1.00,1.20
2008.07.10 11:41:33.493,2.0393,2.0397,1.00,1.80
2008.07.10 11:41:33.639,2.0393,2.0397,1.00,1.00
2008.07.10 11:41:33.879,2.0393,2.0397,1.00,2.80
2008.07.10 11:41:34.101,2.0393,2.0397,1.00,2.80
2008.07.10 11:41:34.218,2.0393,2.0398,1.00,3.20
2008.07.10 11:41:34.623,2.0393,2.0398,1.00,3.20
2008.07.10 11:41:35.179,2.0393,2.0398,2.80,1.30
2008.07.10 11:41:36.649,2.0393,2.0398,1.00,3.20
2008.07.10 11:41:36.917,2.0393,2.0398,2.80,1.30
2008.07.10 11:41:37.573,2.0393,2.0398,2.80,1.20
2008.07.10 11:41:38.230,2.0393,2.03975,2.80,1.00
2008.07.10 11:41:38.824,2.0393,2.0398,2.80,1.20
2008.07.10 11:41:39.107,2.0393,2.0398,1.00,1.20
2008.07.10 11:41:39.469,2.0393,2.0398,2.80,1.20
2008.07.10 11:41:39.549,2.0393,2.0398,2.80,1.80
2008.07.10 11:41:39.872,2.0393,2.03985,3.40,2.50
2008.07.10 11:41:41.509,2.0393,2.03985,3.40,1.20
2008.07.10 11:41:41.821,2.03935,2.03985,1.00,1.00
2008.07.10 11:41:41.961,2.03935,2.03985,1.00,2.00
2008.07.10 11:41:42.042,2.03935,2.0397,1.00,2.80
2008.07.10 11:41:42.124,2.0393,2.03985,1.60,2.50
2008.07.10 11:41:42.201,2.0393,2.03985,1.00,2.50
2008.07.10 11:41:42.769,2.03925,2.0398,4.00,1.00
2008.07.10 11:41:43.042,2.03925,2.0398,4.00,2.00
2008.07.10 11:41:43.341,2.03925,2.0398,1.50,2.50
2008.07.10 11:41:43.569,2.03925,2.0397,1.00,1.00
2008.07.10 11:41:44.296,2.0392,2.0397,3.10,1.20
2008.07.10 11:41:44.508,2.0392,2.0397,1.00,1.20
2008.07.10 11:41:47.456,2.0392,2.0397,3.40,1.20
2008.07.10 11:41:48.258,2.0392,2.03965,2.80,1.00
2008.07.10 11:41:49.002,2.03925,2.03965,1.00,1.00
2008.07.10 11:41:49.143,2.0392,2.03975,1.60,1.00
2008.07.10 11:41:49.255,2.03925,2.03975,2.40,1.00
2008.07.10 11:41:49.588,2.03925,2.0398,3.00,2.50
2008.07.10 11:41:49.735,2.03925,2.0398,4.00,2.10
2008.07.10 11:41:49.881,2.03925,2.0398,1.50,2.10
2008.07.10 11:41:50.042,2.0393,2.0397,3.40,1.00
2008.07.10 11:41:50.207,2.0393,2.0397,2.40,1.00
2008.07.10 11:41:50.493,2.03925,2.0397,2.40,1.00
2008.07.10 11:41:50.774,2.0392,2.0397,1.50,1.00
2008.07.10 11:41:51.653,2.0392,2.0397,1.00,1.00
2008.07.10 11:41:52.307,2.0392,2.0397,1.50,1.00
2008.07.10 11:41:52.464,2.0392,2.0397,4.00,1.00
2008.07.10 11:41:53.199,2.03925,2.0397,1.00,1.00
2008.07.10 11:41:53.359,2.0392,2.0397,4.00,1.00
2008.07.10 11:41:53.564,2.0392,2.0397,4.00,3.70
2008.07.10 11:41:53.733,2.0392,2.0397,4.00,1.00
2008.07.10 11:41:53.896,2.0392,2.0397,3.00,1.00
2008.07.10 11:41:54.227,2.0392,2.0397,1.00,1.00
2008.07.10 11:41:54.524,2.03915,2.0397,4.00,1.00
2008.07.10 11:41:55.102,2.0392,2.03975,1.00,2.50
2008.07.10 11:41:55.387,2.0392,2.03975,1.00,1.20
2008.07.10 11:41:55.585,2.0392,2.03975,3.30,1.20
2008.07.10 11:41:55.688,2.0392,2.03975,1.50,1.00
2008.07.10 11:41:56.107,2.0392,2.03975,4.00,1.00
2008.07.10 11:41:56.425,2.0392,2.03975,3.00,1.20
2008.07.10 11:41:56.585,2.0392,2.03975,3.00,2.50
2008.07.10 11:41:56.745,2.0392,2.03975,1.00,2.50
2008.07.10 11:41:57.104,2.03915,2.0397,4.00,1.00
2008.07.10 11:41:57.216,2.03915,2.0397,4.00,1.20
2008.07.10 11:41:57.742,2.03915,2.0397,4.00,2.50
2008.07.10 11:41:59.111,2.03915,2.0397,3.00,2.50
2008.07.10 11:41:59.529,2.03915,2.0397,1.00,2.50
2008.07.10 11:41:59.661,2.03915,2.0397,1.00,1.20
2008.07.10 11:41:59.887,2.03915,2.0397,1.50,1.20
2008.07.10 11:42:00.123,2.03915,2.0397,4.00,1.20
2008.07.10 11:42:01.146,2.03915,2.0396,3.40,2.00
2008.07.10 11:42:01.720,2.03905,2.03955,1.00,1.00
2008.07.10 11:42:02.606,2.039,2.03955,1.60,1.20
2008.07.10 11:42:04.004,2.039,2.03955,4.00,1.20
2008.07.10 11:42:06.754,2.039,2.03955,4.00,1.00
2008.07.10 11:42:08.583,2.03905,2.0396,1.00,2.50
2008.07.10 11:42:09.434,2.03905,2.0396,1.00,1.20
2008.07.10 11:42:09.797,2.0391,2.0396,1.00,1.00
2008.07.10 11:42:10.110,2.0391,2.0396,3.00,1.00
2008.07.10 11:42:10.192,2.0391,2.03965,4.00,2.00
2008.07.10 11:42:10.393,2.0391,2.03965,4.00,1.00
2008.07.10 11:42:10.478,2.03915,2.0397,1.00,2.50
2008.07.10 11:42:10.704,2.03915,2.0397,1.50,2.50
2008.07.10 11:42:11.068,2.03915,2.0397,4.00,1.50
2008.07.10 11:42:11.212,2.0392,2.0397,1.00,1.50
2008.07.10 11:42:11.538,2.0392,2.0397,1.50,1.20
2008.07.10 11:42:11.979,2.0392,2.03975,1.50,2.50
2008.07.10 11:42:12.217,2.03925,2.03975,1.20,1.00
2008.07.10 11:42:12.347,2.03925,2.0398,1.20,1.20
2008.07.10 11:42:12.445,2.03925,2.0398,1.00,1.00
2008.07.10 11:42:12.544,2.0393,2.0398,2.80,1.00
2008.07.10 11:42:13.354,2.0393,2.0398,2.80,1.20
2008.07.10 11:42:13.554,2.0393,2.0398,2.80,1.00
2008.07.10 11:42:14.160,2.0393,2.0397,1.00,2.80
2008.07.10 11:42:14.596,2.0393,2.03985,1.00,1.20
2008.07.10 11:42:16.221,2.0393,2.03985,1.00,1.20
2008.07.10 11:42:16.461,2.0393,2.03985,3.60,1.20
2008.07.10 11:42:18.993,2.0393,2.0397,3.60,2.80
2008.07.10 11:42:19.155,2.0393,2.0398,3.60,4.90
2008.07.10 11:42:19.462,2.0393,2.0397,2.60,2.80
2008.07.10 11:42:19.625,2.0394,2.0397,1.00,2.80
2008.07.10 11:42:19.783,2.0394,2.03975,1.00,1.00
2008.07.10 11:42:20.470,2.03935,2.03975,2.40,1.00
2008.07.10 11:42:20.554,2.0394,2.0398,1.00,2.10
2008.07.10 11:42:20.876,2.03935,2.0398,2.40,3.40
2008.07.10 11:42:21.024,2.0393,2.03975,1.00,1.00
2008.07.10 11:42:21.162,2.0393,2.03975,1.00,1.00
2008.07.10 11:42:21.303,2.0393,2.03985,1.60,1.20
2008.07.10 11:42:21.441,2.0393,2.03985,4.00,1.20
2008.07.10 11:42:21.842,2.03935,2.03985,1.00,1.00
2008.07.10 11:42:22.052,2.03935,2.03985,1.50,1.00
2008.07.10 11:42:22.464,2.0394,2.03985,1.00,1.00
2008.07.10 11:42:22.672,2.0394,2.03995,1.50,1.20
2008.07.10 11:42:22.943,2.03945,2.03995,1.00,1.00
2008.07.10 11:42:23.783,2.03945,2.03995,1.50,1.00
2008.07.10 11:42:23.970,2.03955,2.03995,1.00,1.00
2008.07.10 11:42:24.076,2.03955,2.04,1.00,1.30
2008.07.10 11:42:24.351,2.0396,2.04005,1.00,1.00
2008.07.10 11:42:24.462,2.0396,2.04005,1.00,1.20
2008.07.10 11:42:24.688,2.0396,2.04005,1.00,1.20
2008.07.10 11:42:24.979,2.03955,2.04005,4.00,1.20
2008.07.10 11:42:25.279,2.03955,2.04005,1.50,1.20
2008.07.10 11:42:26.656,2.03955,2.0401,1.50,2.50
2008.07.10 11:42:26.938,2.0396,2.0401,1.00,2.00
2008.07.10 11:42:27.297,2.0396,2.0401,1.00,1.00
2008.07.10 11:42:27.627,2.0396,2.0401,3.40,1.00
2008.07.10 11:42:27.953,2.03965,2.0401,1.00,3.70
2008.07.10 11:42:28.122,2.03965,2.0401,3.40,3.70
2008.07.10 11:42:28.304,2.03965,2.04015,3.40,1.20
2008.07.10 11:42:28.489,2.03965,2.04015,1.00,1.20
2008.07.10 11:42:28.843,2.03965,2.04015,1.00,1.00
2008.07.10 11:42:29.181,2.0397,2.04015,1.00,1.00
2008.07.10 11:42:29.836,2.0397,2.0402,1.00,2.00
2008.07.10 11:42:30.009,2.0397,2.04015,3.40,1.20
2008.07.10 11:42:30.728,2.03975,2.04015,1.00,1.20
2008.07.10 11:42:31.199,2.0397,2.04015,3.40,1.20
2008.07.10 11:42:32.544,2.0397,2.0402,3.40,1.00
2008.07.10 11:42:32.761,2.03975,2.0402,1.00,1.00
2008.07.10 11:42:32.915,2.03975,2.0402,3.40,1.00
2008.07.10 11:42:33.303,2.03975,2.0402,2.40,1.00
2008.07.10 11:42:33.514,2.03975,2.0402,2.40,1.20
2008.07.10 11:42:33.721,2.0397,2.0402,1.50,1.20
2008.07.10 11:42:33.920,2.0397,2.0402,1.00,1.50
2008.07.10 11:42:34.626,2.0397,2.0402,1.00,1.00
2008.07.10 11:42:35.537,2.0397,2.04005,1.00,1.00
2008.07.10 11:42:35.859,2.0397,2.04,1.00,1.00
2008.07.10 11:42:36.546,2.03965,2.04,1.00,1.00
2008.07.10 11:42:36.660,2.03965,2.04015,1.00,1.00
2008.07.10 11:42:37.268,2.03965,2.04005,1.00,1.00
2008.07.10 11:42:37.367,2.0396,2.04005,1.00,1.00
2008.07.10 11:42:38.211,2.0396,2.04005,1.00,1.00
2008.07.10 11:42:40.004,2.0396,2.04005,3.30,1.00
2008.07.10 11:42:40.278,2.0396,2.0401,3.30,1.00
2008.07.10 11:42:40.570,2.0396,2.0401,3.40,1.00
2008.07.10 11:42:40.885,2.0396,2.04015,1.60,1.20
2008.07.10 11:42:43.484,2.03965,2.04015,1.00,1.20
2008.07.10 11:42:43.540,2.0397,2.04015,1.00,1.20
2008.07.10 11:42:43.662,2.0397,2.04015,1.00,1.00
2008.07.10 11:42:43.778,2.0397,2.0402,1.00,1.20
2008.07.10 11:42:43.856,2.0397,2.0402,1.60,1.00
2008.07.10 11:42:43.946,2.0397,2.0402,4.00,1.00
2008.07.10 11:42:44.402,2.0397,2.0402,3.10,1.00
2008.07.10 11:42:45.076,2.0397,2.0402,1.00,1.00
2008.07.10 11:42:45.869,2.03975,2.0401,1.00,2.80
2008.07.10 11:42:45.982,2.03975,2.04025,1.00,1.20
2008.07.10 11:42:46.476,2.03975,2.0402,1.00,1.20
2008.07.10 11:42:46.667,2.03965,2.04015,4.00,1.00
2008.07.10 11:42:46.859,2.03965,2.04015,3.40,1.00
2008.07.10 11:42:47.050,2.03965,2.0401,3.40,1.20
2008.07.10 11:42:47.267,2.03965,2.04,2.40,1.30
2008.07.10 11:42:47.428,2.0396,2.04,2.40,1.30
2008.07.10 11:42:47.578,2.0395,2.04,1.50,1.30
2008.07.10 11:42:48.040,2.0395,2.04,1.50,2.50
2008.07.10 11:42:48.408,2.0395,2.03995,2.40,1.00
2008.07.10 11:42:48.567,2.03945,2.03995,3.40,1.00
2008.07.10 11:42:48.893,2.03945,2.04,4.00,1.00
2008.07.10 11:42:49.135,2.0395,2.04,1.00,1.00
2008.07.10 11:42:49.318,2.0395,2.04,2.40,1.00
2008.07.10 11:42:49.494,2.03945,2.04,4.00,1.00
2008.07.10 11:42:50.114,2.0395,2.04,1.00,1.00
2008.07.10 11:42:50.478,2.0395,2.04,3.40,1.00
2008.07.10 11:42:52.385,2.0395,2.04,2.40,1.00
2008.07.10 11:42:52.452,2.0395,2.04,2.60,1.00
2008.07.10 11:42:52.691,2.0395,2.04,1.00,1.00
2008.07.10 11:42:52.769,2.0395,2.04,4.90,1.00
2008.07.10 11:42:52.845,2.03955,2.04,1.00,1.00
2008.07.10 11:42:52.926,2.0396,2.04005,1.00,1.00
2008.07.10 11:42:53.005,2.0396,2.04005,1.00,2.00
2008.07.10 11:42:53.150,2.0396,2.04,3.40,1.30
2008.07.10 11:42:53.228,2.0396,2.04,3.40,2.10
2008.07.10 11:42:53.302,2.0396,2.04,2.40,2.10
2008.07.10 11:42:53.423,2.03955,2.04,2.40,2.10
2008.07.10 11:42:53.529,2.03955,2.03995,2.40,1.20
2008.07.10 11:42:53.606,2.03955,2.0399,2.40,1.30
2008.07.10 11:42:53.695,2.03945,2.0399,4.00,1.30
2008.07.10 11:42:53.845,2.03945,2.0399,3.00,1.60
2008.07.10 11:42:54.077,2.03945,2.0399,2.40,2.50
2008.07.10 11:42:54.253,2.03935,2.03985,3.00,1.00
2008.07.10 11:42:54.432,2.03935,2.03985,1.00,1.00
2008.07.10 11:42:55.645,2.03935,2.03985,1.00,1.00
2008.07.10 11:42:55.786,2.0394,2.0399,1.00,1.60
2008.07.10 11:42:55.915,2.0394,2.0399,1.50,1.30
2008.07.10 11:42:56.046,2.0394,2.0399,1.50,1.20
2008.07.10 11:42:56.187,2.0395,2.03995,1.00,1.20
2008.07.10 11:42:56.524,2.0394,2.0399,4.00,1.20
2008.07.10 11:42:56.788,2.03935,2.0399,4.00,1.20
2008.07.10 11:42:57.046,2.03935,2.03985,4.00,1.00
2008.07.10 11:42:57.307,2.0395,2.03995,1.00,1.00
2008.07.10 11:42:57.457,2.0395,2.04,1.20,3.10
2008.07.10 11:42:57.608,2.03955,2.03995,1.00,1.20
2008.07.10 11:42:57.890,2.03945,2.03985,2.40,1.00
2008.07.10 11:42:58.037,2.03935,2.03985,1.00,1.00
2008.07.10 11:42:59.711,2.03935,2.0398,1.00,1.00
2008.07.10 11:42:59.875,2.0393,2.0398,1.00,1.00
2008.07.10 11:43:00.565,2.0393,2.03975,1.00,1.00
2008.07.10 11:43:02.756,2.0393,2.0397,1.00,1.00
2008.07.10 11:43:03.580,2.0393,2.03975,1.00,1.00
2008.07.10 11:43:03.706,2.0393,2.0397,1.00,1.00
2008.07.10 11:43:08.368,2.03925,2.0397,1.00,1.00
2008.07.10 11:43:12.729,2.03925,2.03975,1.00,1.20
2008.07.10 11:43:16.638,2.0393,2.03975,1.00,1.20
2008.07.10 11:43:16.741,2.0393,2.03975,1.00,1.00
2008.07.10 11:43:16.858,2.0393,2.03975,1.00,1.00
2008.07.10 11:43:16.977,2.03935,2.03975,1.00,1.00
2008.07.10 11:43:17.051,2.03925,2.03975,1.00,1.00
2008.07.10 11:43:19.572,2.0392,2.03975,1.50,1.00
2008.07.10 11:43:19.795,2.0392,2.03975,1.50,1.20
2008.07.10 11:43:20.181,2.0392,2.03975,1.60,1.20
2008.07.10 11:43:24.014,2.0392,2.03975,1.60,2.50
2008.07.10 11:43:24.083,2.0392,2.0397,1.00,1.00
2008.07.10 11:43:24.266,2.0392,2.0397,1.00,1.00
2008.07.10 11:43:24.301,2.0392,2.03975,1.00,2.50
2008.07.10 11:43:24.489,2.03915,2.0397,3.00,1.00
2008.07.10 11:43:24.711,2.0392,2.03975,1.00,2.50
2008.07.10 11:43:24.748,2.0392,2.03975,1.50,2.50
2008.07.10 11:43:25.047,2.0392,2.03975,1.50,1.20
2008.07.10 11:43:25.383,2.0392,2.0397,1.50,1.00
2008.07.10 11:43:25.852,2.0392,2.0397,1.00,1.00
2008.07.10 11:43:25.985,2.0392,2.03965,1.00,1.20
2008.07.10 11:43:26.120,2.03915,2.03965,3.00,1.20
2008.07.10 11:43:26.247,2.03915,2.03965,1.00,1.50
2008.07.10 11:43:26.467,2.03905,2.0396,4.00,1.00
2008.07.10 11:43:26.669,2.03905,2.0396,4.20,1.00
2008.07.10 11:43:26.766,2.03905,2.0395,3.10,1.00
2008.07.10 11:43:26.946,2.0391,2.0395,1.00,1.00
2008.07.10 11:43:27.045,2.0391,2.0396,1.00,1.20
2008.07.10 11:43:27.141,2.0391,2.03965,1.00,1.20
2008.07.10 11:43:27.399,2.0391,2.03965,1.00,1.00
2008.07.10 11:43:27.646,2.03915,2.03965,1.00,1.00
2008.07.10 11:43:28.458,2.03915,2.0397,1.00,1.20
2008.07.10 11:43:28.535,2.03915,2.03965,1.00,1.00
2008.07.10 11:43:28.725,2.03925,2.03965,1.00,1.00
2008.07.10 11:43:28.869,2.0393,2.03965,1.00,1.00
2008.07.10 11:43:29.051,2.0393,2.0398,1.00,4.80
2008.07.10 11:43:29.127,2.0393,2.03975,1.00,1.20
2008.07.10 11:43:29.208,2.0392,2.03975,1.50,3.40
2008.07.10 11:43:29.290,2.0392,2.03975,4.00,1.20
2008.07.10 11:43:29.454,2.0392,2.0397,1.00,1.00
2008.07.10 11:43:29.592,2.0392,2.0397,1.00,1.20
2008.07.10 11:43:29.856,2.0392,2.0397,1.00,1.20
2008.07.10 11:43:29.987,2.0392,2.0397,1.60,3.70
2008.07.10 11:43:30.115,2.0392,2.0397,1.00,1.20
2008.07.10 11:43:30.256,2.0392,2.0397,1.00,1.00
2008.07.10 11:43:30.473,2.0392,2.03975,4.00,1.00
2008.07.10 11:43:30.897,2.0392,2.0397,4.00,1.00
2008.07.10 11:43:31.337,2.03925,2.03975,1.00,1.20
2008.07.10 11:43:31.523,2.03925,2.03975,1.00,1.00
2008.07.10 11:43:35.372,2.0393,2.0398,1.00,1.00
2008.07.10 11:43:35.705,2.0393,2.03985,1.50,1.00
2008.07.10 11:43:35.806,2.03935,2.03985,1.00,1.20
2008.07.10 11:43:36.224,2.03925,2.03975,3.40,1.00
2008.07.10 11:43:36.718,2.03925,2.03975,2.40,1.20
2008.07.10 11:43:36.842,2.03925,2.0397,2.40,1.00
2008.07.10 11:43:37.115,2.03915,2.0397,4.00,1.00
2008.07.10 11:43:37.395,2.03915,2.0397,4.00,2.00
2008.07.10 11:43:37.704,2.0393,2.0397,2.80,2.00
2008.07.10 11:43:37.897,2.0392,2.0397,3.00,1.00
2008.07.10 11:43:38.052,2.0393,2.0397,2.80,1.00
2008.07.10 11:43:38.216,2.03925,2.0397,1.00,1.00
2008.07.10 11:43:38.414,2.0392,2.0397,2.40,1.00
2008.07.10 11:43:38.552,2.0392,2.0397,2.40,1.20
2008.07.10 11:43:39.083,2.0392,2.03965,2.40,1.00
2008.07.10 11:43:39.357,2.03915,2.03965,1.00,1.00
2008.07.10 11:43:39.503,2.0392,2.03965,1.00,1.00
2008.07.10 11:43:39.759,2.0392,2.0397,1.00,1.00
2008.07.10 11:43:40.469,2.03925,2.03975,1.00,1.00
2008.07.10 11:43:40.617,2.03925,2.03975,1.00,1.50
2008.07.10 11:43:40.891,2.0392,2.0397,3.40,3.70
2008.07.10 11:43:41.000,2.0392,2.0397,2.40,4.00
2008.07.10 11:43:41.174,2.0392,2.0397,2.40,1.20
2008.07.10 11:43:41.262,2.03915,2.0397,1.00,1.20
2008.07.10 11:43:42.283,2.0392,2.0397,2.80,1.20
2008.07.10 11:43:42.608,2.03915,2.0397,4.00,1.20
2008.07.10 11:43:42.723,2.0392,2.0397,2.80,1.20
2008.07.10 11:43:42.911,2.0392,2.0397,3.40,1.00
2008.07.10 11:43:43.424,2.0392,2.03975,1.60,1.00
2008.07.10 11:43:43.709,2.0392,2.0398,1.60,3.80
2008.07.10 11:43:43.920,2.03925,2.0398,1.00,3.80
2008.07.10 11:43:44.182,2.03925,2.03975,1.00,1.00
2008.07.10 11:43:45.703,2.03925,2.0398,1.00,3.80
2008.07.10 11:43:45.837,2.03925,2.0398,1.00,2.50
2008.07.10 11:43:46.164,2.0393,2.0398,2.40,2.50
2008.07.10 11:43:46.545,2.0393,2.0398,3.40,2.10
2008.07.10 11:43:46.741,2.0393,2.0398,3.70,2.10
2008.07.10 11:43:46.937,2.0394,2.0399,1.00,1.00
2008.07.10 11:43:47.423,2.03945,2.03995,1.00,1.00
2008.07.10 11:43:48.030,2.0395,2.04,1.00,1.20
2008.07.10 11:43:48.191,2.0395,2.04,1.00,1.00
2008.07.10 11:43:48.346,2.0395,2.04,1.50,1.00
2008.07.10 11:43:48.499,2.0395,2.04,1.00,1.00
2008.07.10 11:43:48.789,2.0395,2.04,1.50,1.00
2008.07.10 11:43:48.948,2.03955,2.0401,1.50,1.00
2008.07.10 11:43:49.235,2.0396,2.0401,1.00,1.00
2008.07.10 11:43:49.679,2.0396,2.0401,3.40,1.00
2008.07.10 11:43:57.505,2.0396,2.04005,3.40,1.00
2008.07.10 11:43:57.633,2.0396,2.04005,2.40,1.00
2008.07.10 11:43:57.757,2.03955,2.04005,3.40,1.00
2008.07.10 11:43:58.199,2.03955,2.0399,1.00,1.00
2008.07.10 11:43:58.510,2.03955,2.03995,1.00,1.20
2008.07.10 11:43:58.828,2.03955,2.0399,1.00,1.30
2008.07.10 11:43:58.989,2.03945,2.0399,1.00,1.30
2008.07.10 11:43:59.516,2.03945,2.0399,1.00,1.60
2008.07.10 11:44:00.525,2.0394,2.0399,1.00,1.60
2008.07.10 11:44:00.760,2.03935,2.03985,4.00,1.20
2008.07.10 11:44:00.925,2.03935,2.03985,3.00,1.50
2008.07.10 11:44:01.291,2.03935,2.03985,1.00,1.50
2008.07.10 11:44:01.449,2.0393,2.03985,4.00,2.50
2008.07.10 11:44:02.293,2.0393,2.0398,4.00,1.30
2008.07.10 11:44:03.454,2.03935,2.0398,1.00,1.30
2008.07.10 11:44:07.194,2.0393,2.0398,4.00,1.30
2008.07.10 11:44:08.870,2.0393,2.0398,7.00,1.30
2008.07.10 11:44:09.192,2.03935,2.0398,1.00,1.30
2008.07.10 11:44:09.356,2.0394,2.03985,2.80,1.00
2008.07.10 11:44:13.140,2.0394,2.03985,1.00,1.00
2008.07.10 11:44:13.207,2.03935,2.03985,3.40,1.00
2008.07.10 11:44:13.494,2.03935,2.03985,2.40,1.00
2008.07.10 11:44:13.654,2.0393,2.03985,4.00,1.00
2008.07.10 11:44:13.858,2.0393,2.03985,4.00,1.00
2008.07.10 11:44:13.895,2.0393,2.0398,3.40,1.00
2008.07.10 11:44:14.001,2.0393,2.0398,2.40,1.00
2008.07.10 11:44:14.180,2.03925,2.0398,4.00,1.00
2008.07.10 11:44:16.156,2.03925,2.0398,4.00,2.00
2008.07.10 11:44:16.527,2.03935,2.0398,1.00,2.00
2008.07.10 11:44:16.853,2.03935,2.0398,1.00,1.00
2008.07.10 11:44:17.073,2.03935,2.03985,1.50,1.00
2008.07.10 11:44:18.267,2.03935,2.03985,4.00,1.00
2008.07.10 11:44:18.572,2.03935,2.03985,3.00,1.00
2008.07.10 11:44:18.678,2.03935,2.03985,1.00,1.00
2008.07.10 11:44:19.137,2.03935,2.03985,3.00,1.00
2008.07.10 11:44:19.476,2.03935,2.03985,4.00,1.00
2008.07.10 11:44:20.972,2.03935,2.03985,3.00,1.00
2008.07.10 11:44:21.230,2.03935,2.03985,1.00,1.00
2008.07.10 11:44:26.271,2.0394,2.0399,1.00,1.00
2008.07.10 11:44:26.629,2.0394,2.03985,1.00,1.20
2008.07.10 11:44:27.070,2.03935,2.03985,1.00,1.20
2008.07.10 11:44:27.600,2.03935,2.03985,1.00,1.50
2008.07.10 11:44:30.887,2.03935,2.0398,1.00,1.00
2008.07.10 11:44:31.249,2.0393,2.0398,3.40,1.00
2008.07.10 11:44:31.848,2.0393,2.03985,1.60,1.20
2008.07.10 11:44:32.049,2.0393,2.03985,1.60,1.00
2008.07.10 11:44:32.892,2.0393,2.03985,4.00,1.00
2008.07.10 11:44:33.987,2.0393,2.03985,4.00,1.20
2008.07.10 11:44:39.480,2.0393,2.0397,4.00,1.20
2008.07.10 11:44:39.596,2.0393,2.0397,3.60,1.20
2008.07.10 11:44:39.807,2.0393,2.03955,2.50,1.00
2008.07.10 11:44:40.021,2.0393,2.03955,1.00,1.00
2008.07.10 11:44:40.130,2.0393,2.0397,1.00,2.20
2008.07.10 11:44:40.419,2.0393,2.03975,1.00,1.20
2008.07.10 11:44:43.700,2.0393,2.03975,2.80,1.20
2008.07.10 11:44:46.645,2.0393,2.03975,1.00,1.20
2008.07.10 11:44:46.725,2.0392,2.0397,1.50,1.30
2008.07.10 11:44:47.298,2.0392,2.0397,3.40,2.10
2008.07.10 11:44:47.682,2.0392,2.0397,2.40,2.10
2008.07.10 11:44:47.876,2.03915,2.0397,4.00,2.10
2008.07.10 11:44:48.375,2.03915,2.0397,4.20,2.10
2008.07.10 11:44:49.047,2.03925,2.0397,1.50,1.30
2008.07.10 11:44:49.230,2.0393,2.0397,1.00,2.80
2008.07.10 11:44:55.355,2.0393,2.03975,1.00,1.00
2008.07.10 11:44:55.535,2.0393,2.0398,1.00,1.20
2008.07.10 11:44:55.705,2.0393,2.0398,1.00,1.00
2008.07.10 11:44:56.765,2.0393,2.03975,1.00,1.00
2008.07.10 11:44:57.000,2.03925,2.03975,3.40,2.00
2008.07.10 11:44:57.107,2.03925,2.0397,2.40,1.00
2008.07.10 11:44:57.292,2.0392,2.0397,1.00,1.20
2008.07.10 11:44:57.661,2.0392,2.03965,1.00,1.00
2008.07.10 11:44:58.333,2.0392,2.0397,1.00,1.20
2008.07.10 11:44:58.942,2.0392,2.03965,1.00,1.00
2008.07.10 11:44:59.263,2.0392,2.0396,1.00,2.80
2008.07.10 11:44:59.548,2.0392,2.0397,1.00,4.00
2008.07.10 11:44:59.883,2.0392,2.0397,1.00,4.00
2008.07.10 11:45:09.757,2.0392,2.0397,1.50,4.00
2008.07.10 11:45:09.914,2.0392,2.0397,2.50,4.00
2008.07.10 11:45:09.984,2.03925,2.0397,1.00,3.20
2008.07.10 11:45:10.021,2.03925,2.0396,1.00,2.80
2008.07.10 11:45:10.771,2.0393,2.0396,1.00,2.80
2008.07.10 11:45:16.337,2.0393,2.0397,1.00,2.80
2008.07.10 11:45:21.034,2.0393,2.0398,1.00,4.00
2008.07.10 11:45:21.133,2.0393,2.0398,1.00,3.20
2008.07.10 11:45:21.669,2.0393,2.0397,1.00,2.80
2008.07.10 11:45:21.696,2.0393,2.03975,1.00,2.00
2008.07.10 11:45:21.783,2.03925,2.0397,1.00,1.30
2008.07.10 11:45:22.027,2.03925,2.0397,1.00,1.60
2008.07.10 11:45:22.439,2.03915,2.0397,1.00,2.50
2008.07.10 11:45:24.321,2.03915,2.0397,1.00,3.80
2008.07.10 11:45:24.688,2.03915,2.0397,1.00,2.50
2008.07.10 11:45:24.731,2.03915,2.0397,1.00,5.40
2008.07.10 11:45:24.772,2.03925,2.0397,1.00,4.50
2008.07.10 11:45:25.063,2.03925,2.0396,1.00,1.30
2008.07.10 11:45:27.499,2.03925,2.0397,1.00,1.30
2008.07.10 11:45:29.536,2.03925,2.0397,1.00,1.60
2008.07.10 11:45:29.780,2.03925,2.0397,1.00,1.30
2008.07.10 11:45:30.349,2.03935,2.0397,1.00,1.30
2008.07.10 11:45:30.969,2.03935,2.0397,1.50,2.80
2008.07.10 11:45:31.258,2.03935,2.0397,1.00,2.80
2008.07.10 11:45:34.468,2.0394,2.0397,1.00,2.80
2008.07.10 11:45:34.617,2.0395,2.0397,1.00,2.80
2008.07.10 11:45:34.753,2.0395,2.03985,1.00,1.00
2008.07.10 11:45:34.918,2.0395,2.0399,1.00,7.60
2008.07.10 11:45:35.019,2.0395,2.03995,1.00,1.00
2008.07.10 11:45:35.349,2.0395,2.03995,1.00,1.20
2008.07.10 11:45:35.711,2.0395,2.0399,1.00,3.20
2008.07.10 11:45:35.902,2.03945,2.0399,1.00,3.20
2008.07.10 11:45:36.085,2.03945,2.03985,1.00,1.00
2008.07.10 11:45:37.696,2.0394,2.03985,1.00,1.00
2008.07.10 11:45:37.880,2.0394,2.03985,3.20,1.00
2008.07.10 11:45:38.101,2.0394,2.0399,4.30,2.80
2008.07.10 11:45:40.360,2.0394,2.0399,4.00,2.80
2008.07.10 11:45:40.854,2.0394,2.0399,4.00,2.80
2008.07.10 11:45:43.173,2.0394,2.03995,4.00,1.20
2008.07.10 11:45:44.292,2.0394,2.03985,4.00,1.20
2008.07.10 11:45:44.451,2.0394,2.0397,4.00,2.80
2008.07.10 11:45:44.604,2.0394,2.0397,3.40,2.80
2008.07.10 11:45:44.704,2.03935,2.0397,1.00,2.80
2008.07.10 11:45:47.822,2.0394,2.0397,1.00,2.80
2008.07.10 11:45:47.954,2.0394,2.0397,1.00,2.80
2008.07.10 11:45:48.066,2.03945,2.03985,1.00,1.00
2008.07.10 11:45:48.375,2.03945,2.03985,1.00,1.00
2008.07.10 11:45:48.475,2.03945,2.04,4.20,1.20
2008.07.10 11:45:48.672,2.03945,2.04,4.20,4.60
2008.07.10 11:45:49.812,2.03945,2.04,4.20,1.80
2008.07.10 11:45:50.617,2.0395,2.04,1.00,1.80
2008.07.10 11:45:50.871,2.0395,2.04,3.40,1.80
2008.07.10 11:45:51.720,2.0395,2.04005,4.00,1.20
2008.07.10 11:45:52.311,2.0395,2.04005,4.00,1.20
2008.07.10 11:45:52.449,2.0395,2.04,4.00,1.00
2008.07.10 11:45:53.288,2.0395,2.04,4.00,3.80
2008.07.10 11:45:54.357,2.0395,2.04005,4.00,1.20
2008.07.10 11:45:54.816,2.0395,2.04005,4.00,2.50
2008.07.10 11:45:55.834,2.0395,2.04005,3.10,1.20
2008.07.10 11:45:55.916,2.0395,2.04005,1.50,2.50
2008.07.10 11:45:58.210,2.0395,2.04005,1.00,2.50
2008.07.10 11:45:58.324,2.0395,2.04005,1.00,1.20
2008.07.10 11:45:58.429,2.03955,2.04005,1.00,1.00
2008.07.10 11:45:58.818,2.0396,2.04005,1.00,1.00
2008.07.10 11:45:58.929,2.0396,2.0401,1.00,1.60
2008.07.10 11:45:59.277,2.0396,2.04005,1.00,1.00
2008.07.10 11:45:59.954,2.03965,2.04005,1.00,1.00
2008.07.10 11:46:00.066,2.03965,2.0401,1.00,3.20
2008.07.10 11:46:00.153,2.0397,2.0401,1.00,1.00
2008.07.10 11:46:00.348,2.0397,2.0401,1.40,1.00
2008.07.10 11:46:00.480,2.0397,2.0402,1.40,3.60
2008.07.10 11:46:00.683,2.0397,2.0402,2.40,3.60
2008.07.10 11:46:00.818,2.0397,2.0402,2.40,1.30
2008.07.10 11:46:02.017,2.0397,2.0402,5.20,1.30
2008.07.10 11:46:02.139,2.0397,2.0402,4.30,1.30
2008.07.10 11:46:03.818,2.0397,2.0402,1.50,1.30
2008.07.10 11:46:03.970,2.0397,2.0402,4.00,1.30
2008.07.10 11:46:05.467,2.0397,2.0402,1.50,1.30
2008.07.10 11:46:05.725,2.03975,2.0402,1.00,1.30
2008.07.10 11:46:05.854,2.03975,2.0402,3.40,1.30
2008.07.10 11:46:05.939,2.03975,2.0402,4.00,1.30
2008.07.10 11:46:09.035,2.03975,2.0402,3.40,1.30
2008.07.10 11:46:09.307,2.03975,2.0402,2.40,1.30
2008.07.10 11:46:09.448,2.0397,2.0402,1.00,1.30
2008.07.10 11:46:09.871,2.0397,2.0402,1.00,2.10
2008.07.10 11:46:09.988,2.04,2.04025,1.00,1.00
2008.07.10 11:46:10.248,2.0399,2.04025,1.00,1.00
2008.07.10 11:46:10.418,2.0399,2.04025,1.00,1.00
2008.07.10 11:46:10.584,2.0399,2.0403,1.00,1.00
2008.07.10 11:46:10.782,2.0399,2.0403,1.00,1.00
2008.07.10 11:46:11.000,2.0399,2.0404,1.00,2.20
2008.07.10 11:46:11.169,2.03985,2.0404,1.00,2.60
2008.07.10 11:46:11.446,2.03985,2.0404,1.00,3.40
2008.07.10 11:46:11.972,2.0399,2.0404,4.00,3.10
2008.07.10 11:46:12.308,2.0399,2.0404,4.00,2.20
2008.07.10 11:46:12.510,2.03995,2.0404,1.00,2.20
2008.07.10 11:46:12.991,2.03995,2.0404,1.00,1.30
2008.07.10 11:46:13.194,2.03995,2.0404,1.00,1.60
2008.07.10 11:46:13.706,2.03995,2.0404,1.00,1.30
2008.07.10 11:46:13.931,2.03995,2.04045,1.00,1.20
2008.07.10 11:46:15.624,2.04,2.04045,1.00,1.00
2008.07.10 11:46:19.497,2.04,2.0405,1.00,3.20
2008.07.10 11:46:19.575,2.04,2.04055,1.00,4.80
2008.07.10 11:46:19.651,2.04,2.04055,1.00,2.50
2008.07.10 11:46:20.485,2.04,2.04055,1.00,2.50
2008.07.10 11:46:20.759,2.04,2.0405,1.00,3.20
2008.07.10 11:46:21.348,2.04,2.04055,1.00,2.50
2008.07.10 11:46:21.792,2.04,2.04045,1.00,1.00
2008.07.10 11:46:22.240,2.04,2.04045,1.00,1.00
2008.07.10 11:46:25.514,2.0399,2.04045,1.60,1.00
2008.07.10 11:46:25.549,2.0399,2.04045,1.50,1.00
2008.07.10 11:46:25.751,2.0399,2.04045,1.60,1.00
2008.07.10 11:46:25.774,2.0399,2.0404,1.60,1.00
2008.07.10 11:46:25.889,2.0399,2.0404,1.40,1.00
2008.07.10 11:46:25.918,2.04,2.0404,1.00,1.00
2008.07.10 11:46:25.988,2.04,2.0405,1.00,3.00
2008.07.10 11:46:26.144,2.0399,2.04045,1.50,1.00
2008.07.10 11:46:26.421,2.0399,2.04045,1.00,2.00
2008.07.10 11:46:26.686,2.0399,2.0404,2.40,1.20
2008.07.10 11:46:26.914,2.03985,2.0404,1.50,2.50
2008.07.10 11:46:27.136,2.03985,2.0404,1.50,2.10
2008.07.10 11:46:27.361,2.03985,2.0404,4.00,2.10
2008.07.10 11:46:28.341,2.03985,2.0404,4.00,3.40
2008.07.10 11:46:28.432,2.03985,2.0404,3.00,5.40
2008.07.10 11:46:28.666,2.03985,2.0404,3.00,4.00
2008.07.10 11:46:28.921,2.03985,2.0404,1.00,4.00
2008.07.10 11:46:29.106,2.03985,2.0404,1.50,4.00
2008.07.10 11:46:29.269,2.03995,2.0404,1.00,3.20
2008.07.10 11:46:29.526,2.03995,2.0403,1.00,2.80
2008.07.10 11:46:30.273,2.03995,2.04035,1.00,1.00
2008.07.10 11:46:30.406,2.03995,2.04045,1.00,2.50
2008.07.10 11:46:30.534,2.03995,2.04045,1.00,1.20
2008.07.10 11:46:30.658,2.03995,2.04035,1.00,1.00
2008.07.10 11:46:30.834,2.03995,2.04045,1.00,1.20
2008.07.10 11:46:30.952,2.03995,2.0404,1.00,1.00
2008.07.10 11:46:31.311,2.03995,2.04045,1.00,1.20
2008.07.10 11:46:31.734,2.03995,2.04045,1.00,2.50
2008.07.10 11:46:32.137,2.03995,2.04035,1.00,1.00
2008.07.10 11:46:32.344,2.0399,2.04035,1.00,1.00
2008.07.10 11:46:32.547,2.0399,2.0403,1.00,2.80
2008.07.10 11:46:33.556,2.0399,2.0403,1.00,2.80
2008.07.10 11:46:33.773,2.0399,2.0403,1.00,3.20
2008.07.10 11:46:34.189,2.0398,2.0403,1.00,1.00
2008.07.10 11:46:34.607,2.0398,2.0403,1.00,1.00
2008.07.10 11:46:35.154,2.0398,2.04025,1.00,1.00
2008.07.10 11:46:36.448,2.0399,2.04025,1.00,1.00
2008.07.10 11:46:36.761,2.0398,2.04025,1.00,1.00
2008.07.10 11:46:37.940,2.03985,2.04025,1.00,1.00
2008.07.10 11:46:38.034,2.03985,2.04035,1.00,1.20
2008.07.10 11:46:38.092,2.03985,2.04035,1.00,1.00
2008.07.10 11:46:38.552,2.0399,2.04035,1.00,1.00
2008.07.10 11:46:38.687,2.0399,2.0403,1.00,1.00
2008.07.10 11:46:38.792,2.0399,2.04035,1.00,1.00
2008.07.10 11:46:39.708,2.03985,2.04035,1.00,1.00
2008.07.10 11:46:40.002,2.03985,2.04025,1.00,1.00
2008.07.10 11:46:40.290,2.0398,2.04025,1.00,1.00
2008.07.10 11:46:41.539,2.0398,2.0403,1.00,1.00
2008.07.10 11:46:43.843,2.0398,2.0403,1.00,1.20
2008.07.10 11:46:43.891,2.03975,2.0403,1.50,2.50
2008.07.10 11:46:44.029,2.03975,2.0403,1.50,3.80
2008.07.10 11:46:44.071,2.03975,2.0403,1.00,3.80
2008.07.10 11:46:44.207,2.03975,2.0402,1.00,1.20
2008.07.10 11:46:44.367,2.03975,2.04015,1.00,1.00
2008.07.10 11:46:44.569,2.03975,2.04015,1.00,2.00
2008.07.10 11:46:44.773,2.03975,2.0401,1.00,1.30
2008.07.10 11:46:44.987,2.0397,2.0401,2.40,2.10
2008.07.10 11:46:45.195,2.0396,2.0401,2.80,1.30
2008.07.10 11:46:45.416,2.0396,2.04015,2.20,2.50
2008.07.10 11:46:45.662,2.03965,2.04015,1.00,1.00
2008.07.10 11:46:46.141,2.0397,2.04015,1.20,1.00
2008.07.10 11:46:46.987,2.03965,2.04015,1.00,1.00
2008.07.10 11:46:47.376,2.0396,2.04015,4.00,1.20
2008.07.10 11:46:47.518,2.03965,2.04015,1.00,1.00
2008.07.10 11:46:47.844,2.03965,2.04015,1.50,1.00
2008.07.10 11:46:48.316,2.03965,2.0402,1.50,1.20
2008.07.10 11:46:48.510,2.0397,2.0402,1.00,1.00
2008.07.10 11:46:48.669,2.03965,2.0402,4.00,1.20
2008.07.10 11:46:48.776,2.03965,2.0402,1.50,1.20
2008.07.10 11:46:49.857,2.0397,2.0402,1.00,1.00
2008.07.10 11:46:50.053,2.03965,2.0402,4.00,1.20
2008.07.10 11:46:50.557,2.03965,2.0402,1.50,1.20
2008.07.10 11:46:50.685,2.0398,2.0402,1.00,1.00
2008.07.10 11:46:50.812,2.0398,2.04025,1.00,1.00
2008.07.10 11:46:51.047,2.0398,2.0403,1.00,1.20
2008.07.10 11:46:51.385,2.03985,2.0403,1.00,1.00
2008.07.10 11:46:51.727,2.03985,2.04035,1.00,1.50
2008.07.10 11:46:52.177,2.03985,2.0403,1.00,1.00
2008.07.10 11:46:52.628,2.0398,2.0403,1.00,1.00
2008.07.10 11:46:52.904,2.0398,2.0403,3.10,1.00
2008.07.10 11:46:52.963,2.0398,2.04035,4.00,1.00
2008.07.10 11:46:54.088,2.03985,2.0404,1.00,1.20
2008.07.10 11:46:54.225,2.0398,2.04035,3.60,1.00
2008.07.10 11:46:54.402,2.0398,2.0403,2.50,3.20
2008.07.10 11:46:54.481,2.0398,2.0403,1.00,3.20
2008.07.10 11:46:54.598,2.0398,2.0403,1.00,2.80
2008.07.10 11:46:54.667,2.0398,2.0403,3.60,2.80
2008.07.10 11:46:57.389,2.0398,2.04035,3.60,2.00
2008.07.10 11:46:58.994,2.0398,2.0403,3.60,1.20
2008.07.10 11:46:59.365,2.0398,2.0403,3.40,2.50
2008.07.10 11:46:59.849,2.0398,2.0403,2.40,2.50
2008.07.10 11:46:59.993,2.03975,2.0403,4.00,2.50
2008.07.10 11:47:00.767,2.03975,2.04025,3.00,1.00
2008.07.10 11:47:00.840,2.03975,2.04015,3.00,1.20
2008.07.10 11:47:00.938,2.03975,2.04015,2.40,1.20
2008.07.10 11:47:01.010,2.0397,2.0402,4.00,1.20
2008.07.10 11:47:01.097,2.0397,2.0402,5.40,1.20
2008.07.10 11:47:01.187,2.0397,2.0402,2.80,1.20
2008.07.10 11:47:01.254,2.0397,2.0402,5.70,1.20
2008.07.10 11:47:01.535,2.0397,2.0402,4.40,1.20
2008.07.10 11:47:01.751,2.0397,2.0402,3.30,1.50
2008.07.10 11:47:02.006,2.0397,2.0402,1.00,1.50
2008.07.10 11:47:02.170,2.0397,2.04025,1.00,1.20
2008.07.10 11:47:02.377,2.0398,2.04025,4.00,1.00
2008.07.10 11:47:03.023,2.0398,2.0403,2.20,2.00
2008.07.10 11:47:03.204,2.0398,2.0403,4.80,2.00
2008.07.10 11:47:03.382,2.0398,2.0403,4.80,1.00
2008.07.10 11:47:03.725,2.0398,2.0403,3.40,3.70
2008.07.10 11:47:04.022,2.0398,2.0403,3.40,2.00
2008.07.10 11:47:04.166,2.03985,2.04025,2.40,1.00
2008.07.10 11:47:04.388,2.0398,2.04025,3.40,1.00
2008.07.10 11:47:04.543,2.0398,2.04025,1.00,2.00
2008.07.10 11:47:05.075,2.0398,2.04025,1.00,1.00
2008.07.10 11:47:05.316,2.03975,2.04025,2.40,1.00
2008.07.10 11:47:05.557,2.0397,2.04025,4.00,1.00
2008.07.10 11:47:05.821,2.0397,2.04025,1.50,1.00
2008.07.10 11:47:06.066,2.0397,2.04025,1.50,1.20
2008.07.10 11:47:06.721,2.0397,2.0402,1.00,2.00
2008.07.10 11:47:07.038,2.03965,2.0402,4.00,2.00
2008.07.10 11:47:07.208,2.03965,2.0401,3.40,1.00
2008.07.10 11:47:07.378,2.0397,2.0402,1.00,1.30
2008.07.10 11:47:07.703,2.0397,2.04025,1.00,2.50
2008.07.10 11:47:11.075,2.0397,2.0402,1.00,1.20
2008.07.10 11:47:11.272,2.0397,2.04025,1.00,2.50
2008.07.10 11:47:11.669,2.0398,2.04025,1.00,1.20
2008.07.10 11:47:11.873,2.0398,2.0402,1.00,1.20
2008.07.10 11:47:12.046,2.0398,2.0402,2.40,1.20
2008.07.10 11:47:12.248,2.03975,2.0402,3.40,1.20
2008.07.10 11:47:12.939,2.03975,2.04025,3.40,2.00
2008.07.10 11:47:13.890,2.03975,2.0402,3.40,1.20
2008.07.10 11:47:14.908,2.03975,2.04025,3.40,1.00
2008.07.10 11:47:15.467,2.03975,2.0403,3.40,1.20
2008.07.10 11:47:15.570,2.03975,2.0403,1.00,1.20
2008.07.10 11:47:16.768,2.0397,2.0403,4.20,1.20
2008.07.10 11:47:16.957,2.0397,2.04025,3.10,1.00
2008.07.10 11:47:17.068,2.0397,2.04025,3.00,1.00
2008.07.10 11:47:17.258,2.0397,2.04025,1.00,1.00
2008.07.10 11:47:18.514,2.0397,2.04025,1.00,1.00
2008.07.10 11:47:18.739,2.0397,2.0402,1.00,1.00
2008.07.10 11:47:18.837,2.0397,2.04025,1.00,1.00
2008.07.10 11:47:19.084,2.0397,2.04025,1.00,1.20
2008.07.10 11:47:19.426,2.0397,2.0402,1.00,1.00
2008.07.10 11:47:20.669,2.0397,2.0402,1.00,1.50
2008.07.10 11:47:20.866,2.03965,2.0402,4.00,1.50
2008.07.10 11:47:21.275,2.03965,2.0402,4.00,2.50
2008.07.10 11:47:21.605,2.03965,2.0402,3.00,2.50
2008.07.10 11:47:21.858,2.03965,2.0402,1.00,2.50
2008.07.10 11:47:22.489,2.0396,2.0402,4.00,2.50
2008.07.10 11:47:22.829,2.0396,2.04015,4.00,1.20
2008.07.10 11:47:23.008,2.0396,2.0402,4.00,2.50
2008.07.10 11:47:23.196,2.0396,2.0402,5.40,2.50
2008.07.10 11:47:23.528,2.0396,2.0401,3.00,1.00
2008.07.10 11:47:23.712,2.0396,2.04015,2.80,1.00
2008.07.10 11:47:23.885,2.0396,2.04015,5.40,1.00
2008.07.10 11:47:23.986,2.0396,2.04015,4.30,1.00
2008.07.10 11:47:24.104,2.0396,2.04015,1.80,1.00
2008.07.10 11:47:24.560,2.0396,2.04015,1.00,1.50
2008.07.10 11:47:24.858,2.0396,2.0401,1.00,3.20
2008.07.10 11:47:25.128,2.0396,2.0401,1.00,1.60
2008.07.10 11:47:26.257,2.03955,2.0401,1.00,1.60
2008.07.10 11:47:26.747,2.03955,2.04005,1.00,1.00
2008.07.10 11:47:26.796,2.03955,2.04005,1.00,1.20
2008.07.10 11:47:27.292,2.0395,2.04005,4.00,1.20
2008.07.10 11:47:27.444,2.03955,2.04005,1.00,1.00
2008.07.10 11:47:27.920,2.03955,2.04005,2.40,1.20
2008.07.10 11:47:28.058,2.0395,2.04005,1.00,1.20
2008.07.10 11:47:28.264,2.0395,2.04,1.00,1.00
2008.07.10 11:47:28.377,2.0395,2.04005,1.00,1.20
2008.07.10 11:47:28.540,2.0395,2.04005,1.00,2.50
2008.07.10 11:47:28.851,2.0395,2.04005,1.50,2.00
2008.07.10 11:47:29.009,2.0395,2.04005,3.00,1.20
2008.07.10 11:47:29.173,2.0395,2.04005,3.00,2.50
2008.07.10 11:47:29.456,2.0395,2.04005,1.50,2.00
2008.07.10 11:47:29.750,2.0395,2.04005,3.00,2.50
2008.07.10 11:47:30.026,2.0395,2.04005,1.00,2.50
2008.07.10 11:47:31.729,2.03945,2.03995,4.00,1.00
2008.07.10 11:47:34.237,2.0395,2.03995,1.00,1.00
2008.07.10 11:47:34.398,2.0395,2.03995,3.40,1.00
2008.07.10 11:47:34.705,2.0395,2.03995,1.00,1.00
2008.07.10 11:47:35.016,2.0395,2.03995,3.40,1.00
2008.07.10 11:47:35.714,2.0395,2.03995,2.40,1.00
2008.07.10 11:47:35.959,2.03945,2.03995,4.00,1.00
2008.07.10 11:47:40.152,2.0395,2.04,1.00,1.20
2008.07.10 11:47:40.473,2.0396,2.04,1.00,1.20
2008.07.10 11:47:40.631,2.03955,2.04005,1.00,1.00
2008.07.10 11:47:40.844,2.03955,2.0401,1.50,1.00
2008.07.10 11:47:40.987,2.03955,2.0401,4.00,1.00
2008.07.10 11:47:41.132,2.0396,2.0401,1.00,1.00
2008.07.10 11:47:41.424,2.0396,2.0401,1.00,1.00
2008.07.10 11:47:41.994,2.0396,2.0401,2.80,1.00
2008.07.10 11:47:42.765,2.0396,2.0401,1.00,1.00
2008.07.10 11:47:42.942,2.0396,2.0401,3.60,1.00
2008.07.10 11:47:43.152,2.0396,2.0401,1.00,1.00
2008.07.10 11:47:46.687,2.0396,2.0401,1.00,1.00
2008.07.10 11:47:46.773,2.03955,2.0401,3.00,1.20
2008.07.10 11:47:46.952,2.03955,2.0401,1.00,1.20
2008.07.10 11:47:47.413,2.03955,2.04005,1.00,1.00
2008.07.10 11:47:48.904,2.03955,2.04005,1.00,1.20
2008.07.10 11:47:50.165,2.03955,2.04005,1.00,1.00
2008.07.10 11:47:50.377,2.0395,2.04,1.60,1.00
2008.07.10 11:47:50.486,2.0395,2.04,4.00,1.00
2008.07.10 11:47:57.794,2.0395,2.04,3.10,1.00
2008.07.10 11:47:57.890,2.0395,2.04,1.00,1.00
2008.07.10 11:48:02.681,2.0395,2.04,1.00,1.00
2008.07.10 11:48:02.723,2.0395,2.03995,1.00,1.20
2008.07.10 11:48:02.815,2.03945,2.03995,3.40,2.00
2008.07.10 11:48:02.961,2.03945,2.03995,2.40,2.00
2008.07.10 11:48:03.267,2.0395,2.03995,1.20,1.00
2008.07.10 11:48:03.531,2.0394,2.03995,3.00,1.20
2008.07.10 11:48:03.674,2.0394,2.03995,4.00,1.20
2008.07.10 11:48:03.930,2.0394,2.03995,1.50,1.20
2008.07.10 11:48:04.071,2.0394,2.0399,1.50,1.30
2008.07.10 11:48:04.373,2.0394,2.0399,2.80,1.30
2008.07.10 11:48:04.517,2.0394,2.03995,2.80,1.20
2008.07.10 11:48:04.671,2.03945,2.03995,1.00,1.00
2008.07.10 11:48:04.821,2.0395,2.04,1.00,1.60
2008.07.10 11:48:04.992,2.0395,2.04,1.00,1.30
2008.07.10 11:48:05.219,2.0395,2.04005,1.40,1.00
2008.07.10 11:48:05.782,2.0395,2.04005,1.50,1.00
2008.07.10 11:48:05.986,2.0395,2.04,1.60,1.00
2008.07.10 11:48:06.182,2.0395,2.04005,1.00,1.20
2008.07.10 11:48:06.461,2.0395,2.03995,2.40,1.00
2008.07.10 11:48:06.730,2.03945,2.03995,1.00,1.00
2008.07.10 11:48:07.517,2.03945,2.04,1.00,1.20
2008.07.10 11:48:08.971,2.03945,2.04,1.00,1.20
2008.07.10 11:48:09.248,2.03945,2.0399,1.00,1.00
2008.07.10 11:48:09.413,2.03955,2.0399,1.00,1.00
2008.07.10 11:48:09.615,2.0394,2.0399,1.40,1.60
2008.07.10 11:48:09.783,2.0394,2.0399,1.40,3.00
2008.07.10 11:48:09.949,2.0394,2.0399,1.40,2.50
2008.07.10 11:48:10.114,2.0394,2.0399,1.00,2.50
2008.07.10 11:48:10.500,2.0394,2.03985,4.30,1.00
2008.07.10 11:48:10.743,2.0394,2.0399,4.30,2.50
2008.07.10 11:48:11.008,2.0394,2.0399,3.40,1.00
2008.07.10 11:48:11.253,2.0394,2.03995,3.40,1.20
2008.07.10 11:48:11.378,2.0394,2.03995,1.00,1.20
2008.07.10 11:48:11.727,2.0394,2.0399,1.00,1.00
2008.07.10 11:48:12.187,2.0394,2.0399,3.40,1.00
2008.07.10 11:48:12.318,2.0394,2.0399,1.00,1.00
2008.07.10 11:48:12.449,2.0394,2.0399,1.00,1.20
2008.07.10 11:48:12.627,2.0394,2.03985,1.00,1.00
2008.07.10 11:48:12.984,2.0393,2.0398,1.00,1.00
2008.07.10 11:48:13.174,2.03945,2.03975,1.00,1.00
2008.07.10 11:48:13.380,2.03945,2.0398,1.00,1.00
2008.07.10 11:48:13.494,2.03945,2.03985,1.00,1.00
2008.07.10 11:48:13.621,2.03945,2.0398,1.00,1.00
2008.07.10 11:48:13.776,2.0394,2.03985,1.00,1.00
2008.07.10 11:48:13.899,2.0394,2.0398,1.00,1.00
2008.07.10 11:48:14.086,2.0394,2.0398,1.00,1.50
2008.07.10 11:48:14.198,2.0394,2.0397,1.00,1.00
2008.07.10 11:48:14.319,2.03935,2.0397,1.00,1.00
2008.07.10 11:48:14.813,2.03925,2.0397,1.00,1.00
2008.07.10 11:48:15.197,2.03935,2.0397,1.00,1.00
2008.07.10 11:48:15.403,2.03935,2.0398,1.00,1.00
2008.07.10 11:48:17.472,2.03935,2.03985,1.00,1.00
2008.07.10 11:48:17.811,2.0394,2.0399,1.00,1.00
2008.07.10 11:48:18.246,2.0394,2.0399,1.00,1.50
2008.07.10 11:48:18.539,2.0394,2.03985,1.00,1.00
2008.07.10 11:48:18.695,2.0394,2.03985,1.00,1.50
2008.07.10 11:48:18.957,2.0394,2.0398,1.00,1.00
2008.07.10 11:48:19.985,2.03935,2.0398,1.00,1.00
2008.07.10 11:48:20.805,2.03935,2.03985,1.00,1.50
2008.07.10 11:48:22.773,2.0393,2.0398,2.80,1.00
2008.07.10 11:48:22.902,2.0393,2.03985,2.80,2.50
2008.07.10 11:48:23.290,2.0394,2.03985,1.00,1.50
2008.07.10 11:48:23.866,2.0393,2.03985,3.40,2.50
2008.07.10 11:48:24.094,2.0393,2.03975,3.40,1.20
2008.07.10 11:48:24.229,2.0394,2.03975,1.00,1.20
2008.07.10 11:48:24.433,2.0393,2.03975,3.30,1.20
2008.07.10 11:48:24.797,2.0393,2.03975,1.00,1.20
2008.07.10 11:48:25.102,2.0393,2.03975,1.00,1.50
2008.07.10 11:48:25.395,2.0393,2.0398,1.00,1.60
2008.07.10 11:48:25.694,2.0393,2.03975,1.00,1.00
2008.07.10 11:48:25.793,2.0393,2.03975,1.00,1.50
2008.07.10 11:48:27.259,2.0393,2.0397,1.00,1.00
2008.07.10 11:48:27.354,2.0392,2.0397,2.80,1.20
2008.07.10 11:48:29.392,2.0392,2.0397,2.80,1.00
2008.07.10 11:48:29.795,2.0392,2.0397,2.80,1.20
2008.07.10 11:48:30.298,2.0392,2.0397,3.80,1.20
2008.07.10 11:48:30.824,2.0393,2.0397,1.00,1.00
2008.07.10 11:48:30.927,2.0393,2.03975,2.80,1.00
2008.07.10 11:48:31.026,2.0393,2.0398,2.80,1.00
2008.07.10 11:48:32.995,2.0393,2.03975,2.80,1.00
2008.07.10 11:48:33.205,2.0393,2.0397,1.00,2.80
2008.07.10 11:48:34.010,2.0393,2.03975,1.00,1.20
2008.07.10 11:48:34.267,2.0393,2.0397,1.00,2.80
2008.07.10 11:48:34.492,2.0394,2.0397,1.00,2.80
2008.07.10 11:48:34.635,2.0394,2.03985,1.00,1.00
2008.07.10 11:48:36.390,2.0394,2.0399,1.00,1.50
2008.07.10 11:48:36.440,2.0394,2.0399,1.00,3.20
2008.07.10 11:48:36.548,2.0394,2.03985,1.00,1.00
2008.07.10 11:48:37.620,2.0394,2.03985,1.00,1.50
2008.07.10 11:48:37.867,2.0394,2.0397,1.00,2.80
2008.07.10 11:48:38.099,2.0394,2.0398,1.00,3.20
2008.07.10 11:48:38.340,2.0394,2.0397,1.00,2.80
2008.07.10 11:48:39.109,2.0394,2.0398,1.00,3.20
2008.07.10 11:48:39.193,2.03935,2.0398,1.00,3.20
2008.07.10 11:48:39.361,2.03935,2.0398,1.00,1.00
2008.07.10 11:48:39.509,2.0393,2.0398,1.00,1.00
2008.07.10 11:48:39.655,2.0393,2.03975,1.00,1.00
2008.07.10 11:48:39.800,2.0393,2.0397,1.00,2.80
2008.07.10 11:48:40.779,2.0393,2.03975,1.00,1.00
2008.07.10 11:48:41.056,2.0393,2.0397,1.00,2.80
2008.07.10 11:48:41.708,2.0393,2.03975,1.00,1.00
2008.07.10 11:48:42.015,2.0393,2.0398,1.00,1.00
2008.07.10 11:48:44.315,2.03935,2.0398,1.00,1.00
2008.07.10 11:48:44.461,2.03935,2.03985,1.00,1.00
2008.07.10 11:48:45.651,2.03935,2.0398,1.00,1.00
2008.07.10 11:48:45.726,2.03935,2.03985,1.00,1.00
2008.07.10 11:48:45.858,2.0394,2.03985,1.00,1.00
2008.07.10 11:48:47.426,2.0394,2.0399,1.00,1.20
2008.07.10 11:48:48.483,2.0394,2.03985,1.00,1.00
2008.07.10 11:48:48.861,2.0394,2.03985,1.00,1.00
2008.07.10 11:48:49.088,2.0394,2.0399,1.00,3.20
2008.07.10 11:48:49.326,2.03945,2.0399,1.00,3.20
2008.07.10 11:48:49.610,2.03945,2.0399,1.00,1.00
2008.07.10 11:48:50.016,2.0395,2.0399,1.00,1.00
2008.07.10 11:48:51.917,2.03945,2.0399,1.00,1.00
2008.07.10 11:48:52.571,2.03945,2.0399,1.00,3.20
2008.07.10 11:49:08.279,2.0394,2.0399,1.00,3.20
2008.07.10 11:49:10.926,2.0394,2.0399,1.00,1.20
2008.07.10 11:49:11.214,2.0394,2.03985,1.00,1.00
2008.07.10 11:49:16.604,2.0394,2.0399,1.00,1.20
2008.07.10 11:49:16.869,2.0394,2.0399,1.00,1.20
2008.07.10 11:49:18.001,2.0394,2.03985,1.00,1.00
2008.07.10 11:49:18.159,2.0394,2.03985,1.00,1.00
2008.07.10 11:49:18.311,2.0393,2.0398,4.00,1.30
2008.07.10 11:49:18.471,2.0393,2.03975,3.40,1.00
2008.07.10 11:49:18.629,2.0393,2.03975,2.40,1.00
2008.07.10 11:49:18.720,2.03925,2.0397,3.40,2.80
2008.07.10 11:49:18.818,2.03925,2.0397,2.40,3.70
2008.07.10 11:49:18.989,2.0392,2.0397,2.50,3.70
2008.07.10 11:49:19.078,2.0392,2.0397,3.60,3.70
2008.07.10 11:49:19.171,2.0392,2.0397,1.00,3.70
2008.07.10 11:49:20.366,2.03925,2.0396,1.00,1.30
2008.07.10 11:49:20.517,2.0393,2.0396,1.00,1.30
2008.07.10 11:49:20.916,2.03935,2.0398,1.00,6.30
2008.07.10 11:49:21.194,2.0393,2.0398,3.00,5.40
2008.07.10 11:49:21.466,2.03925,2.03975,1.50,2.00
2008.07.10 11:49:21.732,2.03925,2.03975,1.00,2.50
2008.07.10 11:49:21.937,2.03925,2.03975,1.00,2.00
2008.07.10 11:49:22.103,2.03925,2.03975,1.00,2.50
2008.07.10 11:49:22.416,2.0393,2.03975,1.00,1.00
2008.07.10 11:49:22.729,2.0393,2.0398,1.00,2.00
2008.07.10 11:49:23.294,2.0393,2.0398,1.00,1.20
2008.07.10 11:49:23.507,2.0393,2.03985,1.00,1.00
2008.07.10 11:49:23.684,2.03935,2.0399,1.00,3.80
2008.07.10 11:49:24.124,2.0394,2.0399,1.00,3.80
2008.07.10 11:49:24.659,2.0394,2.0399,1.50,3.40
2008.07.10 11:49:24.831,2.0394,2.0399,1.50,2.10
2008.07.10 11:49:25.004,2.0394,2.0399,4.00,2.10
2008.07.10 11:49:25.419,2.03945,2.0399,1.00,1.30
2008.07.10 11:49:28.696,2.03945,2.04,1.00,2.50
2008.07.10 11:49:28.905,2.03955,2.04,1.00,1.50
2008.07.10 11:49:29.164,2.03955,2.04,1.00,1.00
2008.07.10 11:49:29.602,2.03955,2.03995,1.00,1.00
2008.07.10 11:49:31.296,2.03955,2.04,1.00,1.00
2008.07.10 11:49:32.478,2.03955,2.03995,1.00,1.00
2008.07.10 11:49:32.697,2.03955,2.04,1.00,1.00
2008.07.10 11:49:35.857,2.03955,2.04005,1.00,1.20
2008.07.10 11:49:38.674,2.03955,2.03995,1.00,1.00
2008.07.10 11:49:41.354,2.03955,2.04,1.00,1.00
2008.07.10 11:49:41.825,2.03955,2.04,1.00,1.50
2008.07.10 11:49:42.067,2.03945,2.04,1.50,2.50
2008.07.10 11:49:42.292,2.03945,2.03985,1.00,1.00
2008.07.10 11:49:42.477,2.0394,2.03985,1.00,1.00
2008.07.10 11:49:42.851,2.0394,2.0398,1.00,1.00
2008.07.10 11:49:43.215,2.0394,2.03985,1.00,1.00
2008.07.10 11:49:43.965,2.03935,2.0398,1.00,1.00
2008.07.10 11:49:45.615,2.03925,2.03975,3.00,1.00
2008.07.10 11:49:46.014,2.03935,2.03975,1.00,1.00
2008.07.10 11:49:46.652,2.03935,2.03985,1.00,1.20
2008.07.10 11:49:47.975,2.03935,2.0398,1.00,1.00
2008.07.10 11:49:48.028,2.0394,2.0398,1.00,1.00
2008.07.10 11:49:48.439,2.0394,2.03985,1.00,1.00
2008.07.10 11:49:49.119,2.0394,2.0399,1.00,1.00
2008.07.10 11:49:49.814,2.03945,2.0399,1.00,1.00
2008.07.10 11:49:57.991,2.0394,2.0399,1.00,1.00
2008.07.10 11:49:59.058,2.03945,2.0399,1.00,1.00
2008.07.10 11:50:01.953,2.03945,2.0399,1.00,3.20
2008.07.10 11:50:02.169,2.0394,2.0399,1.00,3.20
2008.07.10 11:50:02.669,2.0394,2.0399,1.00,1.00
2008.07.10 11:50:02.709,2.0394,2.0398,1.00,1.30
2008.07.10 11:50:06.861,2.0394,2.0399,1.00,1.00
2008.07.10 11:50:07.360,2.03945,2.0399,1.00,1.00
2008.07.10 11:50:12.321,2.03945,2.04,1.50,4.40
2008.07.10 11:50:12.489,2.03945,2.04,4.00,2.10
2008.07.10 11:50:12.610,2.0395,2.04,1.00,1.30
2008.07.10 11:50:12.688,2.0395,2.04,1.00,1.30
2008.07.10 11:50:12.771,2.0395,2.04,1.60,1.30
2008.07.10 11:50:12.856,2.0395,2.04,1.60,1.00
2008.07.10 11:50:12.936,2.0395,2.0401,1.60,2.10
2008.07.10 11:50:13.274,2.0396,2.0401,4.00,1.80
2008.07.10 11:50:13.904,2.0396,2.0401,4.00,3.70
2008.07.10 11:50:14.120,2.0396,2.0401,4.00,5.60
2008.07.10 11:50:14.269,2.0396,2.0401,3.00,1.20
2008.07.10 11:50:14.432,2.0396,2.0401,1.00,1.20
2008.07.10 11:50:17.492,2.03965,2.0401,1.00,1.20
2008.07.10 11:50:17.665,2.03965,2.0401,1.00,1.00
2008.07.10 11:50:18.331,2.03975,2.0401,1.00,1.00
2008.07.10 11:50:18.597,2.0397,2.0401,1.00,3.20
2008.07.10 11:50:19.091,2.0397,2.0401,1.00,2.80
2008.07.10 11:50:19.945,2.0397,2.04015,1.00,1.00
2008.07.10 11:50:20.332,2.0397,2.0402,1.00,1.00
2008.07.10 11:50:20.672,2.0397,2.0402,3.00,1.00
2008.07.10 11:50:20.832,2.0397,2.04025,4.00,2.00
2008.07.10 11:50:24.440,2.03975,2.04025,1.00,2.00
2008.07.10 11:50:25.855,2.03985,2.04025,1.00,1.00
2008.07.10 11:50:25.988,2.0399,2.04025,1.00,1.00
2008.07.10 11:50:26.200,2.0399,2.0403,1.00,1.00
2008.07.10 11:50:26.264,2.0399,2.04035,2.40,1.00
2008.07.10 11:50:26.455,2.03985,2.04035,2.40,1.00
2008.07.10 11:50:26.549,2.03985,2.04035,3.40,1.00
2008.07.10 11:50:26.807,2.03985,2.04025,3.40,1.00
2008.07.10 11:50:27.057,2.0398,2.04025,3.40,1.00
2008.07.10 11:50:27.398,2.0398,2.04025,1.00,1.00
2008.07.10 11:50:28.639,2.0398,2.0402,1.00,1.00
2008.07.10 11:50:28.784,2.03975,2.0402,3.40,1.00
2008.07.10 11:50:31.014,2.03975,2.04015,3.40,1.00
2008.07.10 11:50:31.683,2.03975,2.04015,2.40,1.00
2008.07.10 11:50:32.271,2.0397,2.04015,3.40,1.00
2008.07.10 11:50:32.963,2.0397,2.04015,3.40,2.00
2008.07.10 11:50:33.075,2.0397,2.04015,2.40,2.50
2008.07.10 11:50:33.205,2.0396,2.04015,1.60,2.50
2008.07.10 11:50:33.398,2.0396,2.04,1.50,1.30
2008.07.10 11:50:33.878,2.0396,2.04,4.00,1.30
2008.07.10 11:50:34.198,2.0396,2.04,1.50,1.30
2008.07.10 11:50:34.834,2.0396,2.04,3.30,1.30
2008.07.10 11:50:37.337,2.0396,2.04015,3.40,1.20
2008.07.10 11:50:37.753,2.03965,2.04015,1.00,1.00
2008.07.10 11:50:37.791,2.03965,2.04015,3.40,1.00
2008.07.10 11:50:38.662,2.03965,2.04015,3.40,2.00
2008.07.10 11:50:38.972,2.03965,2.0401,3.40,1.00
2008.07.10 11:50:39.146,2.03965,2.0401,1.00,1.00
2008.07.10 11:50:39.224,2.0396,2.0401,2.80,1.20
2008.07.10 11:50:39.369,2.0396,2.04,2.80,1.30
2008.07.10 11:50:40.460,2.03955,2.04,1.50,1.30
2008.07.10 11:50:41.029,2.0396,2.04,2.80,1.30
2008.07.10 11:50:42.075,2.03955,2.04,1.50,1.30
2008.07.10 11:50:43.039,2.0396,2.04,3.30,1.30
2008.07.10 11:50:45.335,2.0396,2.04,1.50,1.30
2008.07.10 11:50:45.546,2.0396,2.04015,1.60,2.50
2008.07.10 11:50:45.642,2.03965,2.04015,1.00,1.50
2008.07.10 11:50:45.719,2.0397,2.04015,1.00,1.20
2008.07.10 11:50:45.988,2.0397,2.04015,3.40,1.20
2008.07.10 11:50:46.117,2.03975,2.04015,1.00,1.20
2008.07.10 11:50:46.705,2.0397,2.0401,2.40,2.10
2008.07.10 11:50:47.104,2.03955,2.0401,4.00,2.10
2008.07.10 11:50:47.478,2.0396,2.0401,1.00,3.70
2008.07.10 11:50:47.784,2.0396,2.0401,2.20,3.70
2008.07.10 11:50:47.948,2.03965,2.0401,1.00,4.60
2008.07.10 11:50:48.109,2.03965,2.0401,1.00,3.80
2008.07.10 11:50:48.410,2.03965,2.0401,3.40,3.80
2008.07.10 11:50:48.710,2.03965,2.04015,3.40,1.00
2008.07.10 11:50:49.300,2.03965,2.04015,3.40,2.00
2008.07.10 11:50:49.459,2.03965,2.0401,3.40,1.00
2008.07.10 11:50:52.020,2.03965,2.0401,2.40,1.00
2008.07.10 11:50:52.157,2.0396,2.0401,3.40,1.00
2008.07.10 11:50:53.989,2.0396,2.0401,3.70,1.00
2008.07.10 11:50:54.259,2.03965,2.0401,1.00,1.00
2008.07.10 11:50:54.396,2.03965,2.0401,3.40,1.00
2008.07.10 11:50:55.629,2.03965,2.0401,2.40,1.00
2008.07.10 11:50:55.686,2.0396,2.0401,3.40,1.00
2008.07.10 11:50:57.727,2.0396,2.0401,3.40,2.00
2008.07.10 11:50:57.888,2.0396,2.0401,3.40,1.00
2008.07.10 11:50:58.074,2.0396,2.04005,3.40,1.00
2008.07.10 11:50:58.150,2.0396,2.04005,2.40,1.00
2008.07.10 11:50:58.235,2.0395,2.04005,4.00,2.00
2008.07.10 11:50:58.359,2.03955,2.04005,1.00,2.00
2008.07.10 11:50:58.689,2.0396,2.04005,1.00,2.00
2008.07.10 11:50:59.516,2.0396,2.04005,3.40,2.00
2008.07.10 11:50:59.960,2.0396,2.04005,3.40,1.20
2008.07.10 11:51:00.189,2.0396,2.04005,2.40,1.50
2008.07.10 11:51:00.430,2.0396,2.04005,2.40,2.50
2008.07.10 11:51:00.669,2.0395,2.04005,4.00,2.50
2008.07.10 11:51:00.912,2.0396,2.04005,1.00,2.00
2008.07.10 11:51:01.163,2.0396,2.04005,3.40,2.00
2008.07.10 11:51:01.498,2.0396,2.04005,3.40,1.00
2008.07.10 11:51:01.616,2.03965,2.04005,1.00,1.00
2008.07.10 11:51:01.783,2.03965,2.04005,3.40,1.00
2008.07.10 11:51:02.000,2.03965,2.04015,3.40,1.00
2008.07.10 11:51:06.259,2.03965,2.04015,3.40,2.00
2008.07.10 11:51:06.694,2.03965,2.0401,2.40,5.10
2008.07.10 11:51:06.896,2.03965,2.04005,2.40,1.00
2008.07.10 11:51:07.191,2.0396,2.04005,2.80,1.00
2008.07.10 11:51:07.950,2.0396,2.04005,2.80,1.20
2008.07.10 11:51:08.142,2.0396,2.04005,2.80,1.00
2008.07.10 11:51:08.336,2.0396,2.0401,3.40,1.20
2008.07.10 11:51:08.514,2.0396,2.0401,1.60,1.80
2008.07.10 11:51:08.832,2.0396,2.0401,1.60,1.00
2008.07.10 11:51:10.203,2.03965,2.04015,1.00,1.20
2008.07.10 11:51:10.519,2.0397,2.04015,1.00,1.00
2008.07.10 11:51:10.689,2.0397,2.0402,1.00,1.20
2008.07.10 11:51:10.819,2.0397,2.0402,1.50,1.00
2008.07.10 11:51:10.872,2.0397,2.0402,4.00,1.00
2008.07.10 11:51:11.107,2.0397,2.0402,6.90,1.00
2008.07.10 11:51:11.311,2.0398,2.04025,2.80,1.20
2008.07.10 11:51:12.050,2.03975,2.04025,1.00,1.20
2008.07.10 11:51:12.248,2.03975,2.04025,1.50,1.00
2008.07.10 11:51:12.452,2.03975,2.0402,1.00,1.00
2008.07.10 11:51:13.998,2.03985,2.04035,1.00,1.00
2008.07.10 11:51:14.096,2.03985,2.04025,1.00,1.00
2008.07.10 11:51:14.185,2.03985,2.04025,3.40,1.00
2008.07.10 11:51:18.192,2.03985,2.04025,2.40,1.00
2008.07.10 11:51:18.373,2.0398,2.04025,3.40,1.00
2008.07.10 11:51:18.922,2.0398,2.04025,1.00,1.00
2008.07.10 11:51:20.191,2.0398,2.0403,1.00,2.10
2008.07.10 11:51:20.433,2.0398,2.0403,3.40,2.10
2008.07.10 11:51:21.013,2.0398,2.0403,1.00,2.10
2008.07.10 11:51:21.710,2.0398,2.0403,3.40,2.10
2008.07.10 11:51:22.584,2.0398,2.04025,2.40,1.00
2008.07.10 11:51:22.968,2.03975,2.04025,1.00,1.00
2008.07.10 11:51:23.366,2.0398,2.04025,2.40,1.00
2008.07.10 11:51:23.737,2.0398,2.0403,3.40,2.10
2008.07.10 11:51:25.929,2.0398,2.0403,1.00,2.10
2008.07.10 11:51:31.120,2.0398,2.0403,1.00,1.00
2008.07.10 11:51:31.356,2.0398,2.0403,3.40,1.00
2008.07.10 11:51:33.077,2.03985,2.0403,1.00,1.00
2008.07.10 11:51:33.310,2.03985,2.0403,3.40,1.00
2008.07.10 11:51:33.702,2.03985,2.0403,2.40,1.00
2008.07.10 11:51:34.041,2.0398,2.0403,3.40,2.00
2008.07.10 11:51:34.408,2.0398,2.0403,2.40,2.50
2008.07.10 11:51:34.540,2.03975,2.0403,1.50,1.20
2008.07.10 11:51:34.928,2.0398,2.0403,1.00,3.70
2008.07.10 11:51:35.064,2.0398,2.0403,1.00,2.10
2008.07.10 11:51:35.186,2.0398,2.0403,3.40,2.10
2008.07.10 11:51:36.610,2.03975,2.04025,3.00,1.50
2008.07.10 11:51:36.707,2.03975,2.04025,1.00,1.00
2008.07.10 11:51:37.173,2.0398,2.0403,1.00,2.10
2008.07.10 11:51:41.603,2.0398,2.0403,3.40,2.10
2008.07.10 11:51:42.692,2.0398,2.0403,1.00,2.10
2008.07.10 11:51:46.123,2.0398,2.0403,3.40,2.10
2008.07.10 11:51:48.892,2.0398,2.0403,1.00,2.10
2008.07.10 11:51:55.587,2.0398,2.04025,1.00,1.20
2008.07.10 11:51:55.903,2.03975,2.04025,3.00,1.50
2008.07.10 11:51:56.131,2.03975,2.0402,3.00,1.00
2008.07.10 11:51:56.234,2.03975,2.0402,1.00,1.00
2008.07.10 11:51:56.300,2.03975,2.04025,1.00,1.00
2008.07.10 11:51:56.941,2.0398,2.0403,1.00,1.30
2008.07.10 11:51:57.783,2.0398,2.0403,1.00,2.10
2008.07.10 11:52:01.107,2.0398,2.04025,1.00,1.20
2008.07.10 11:52:01.393,2.0398,2.04025,3.40,1.20
2008.07.10 11:52:01.492,2.0398,2.04025,3.40,2.00
2008.07.10 11:52:01.621,2.0398,2.04025,1.00,2.00
2008.07.10 11:52:01.726,2.0397,2.04025,1.00,2.50
2008.07.10 11:52:09.011,2.0397,2.04025,1.00,1.20
2008.07.10 11:52:09.466,2.0397,2.04025,1.00,2.50
2008.07.10 11:52:09.770,2.0397,2.04025,1.00,1.20
2008.07.10 11:52:09.874,2.0398,2.04025,1.00,1.00
2008.07.10 11:52:10.161,2.0397,2.04025,1.00,2.50
2008.07.10 11:52:10.568,2.0397,2.04025,1.00,1.20
2008.07.10 11:52:10.767,2.0398,2.04025,1.00,1.00
2008.07.10 11:52:14.977,2.0398,2.04025,1.00,2.00
2008.07.10 11:52:15.856,2.0398,2.04025,1.00,1.00
2008.07.10 11:52:18.279,2.0398,2.0403,2.50,1.30
2008.07.10 11:52:18.334,2.0398,2.04035,2.60,1.00
2008.07.10 11:52:18.475,2.0398,2.04035,5.00,1.00
2008.07.10 11:52:18.610,2.0399,2.04035,1.00,1.00
2008.07.10 11:52:18.755,2.04,2.0404,1.00,1.00
2008.07.10 11:52:19.018,2.0401,2.04045,1.00,1.00
2008.07.10 11:52:19.301,2.0401,2.0405,1.00,3.10
2008.07.10 11:52:19.446,2.0401,2.0405,2.40,3.80
2008.07.10 11:52:19.683,2.0401,2.0406,1.00,6.00
2008.07.10 11:52:19.895,2.04015,2.0406,1.00,2.10
2008.07.10 11:52:20.098,2.04015,2.04055,1.00,1.00
2008.07.10 11:52:20.997,2.0401,2.04055,3.40,1.00
2008.07.10 11:52:21.305,2.0401,2.04055,1.00,1.00
2008.07.10 11:52:21.705,2.0401,2.04055,3.40,1.00
2008.07.10 11:52:22.192,2.0401,2.04055,1.00,1.00
2008.07.10 11:52:22.434,2.0401,2.04055,3.40,1.00
2008.07.10 11:52:26.121,2.0401,2.04055,1.00,1.00
2008.07.10 11:52:29.445,2.0401,2.04055,3.40,1.00
2008.07.10 11:52:30.228,2.0401,2.0406,3.40,2.10
2008.07.10 11:52:30.256,2.0401,2.0406,3.40,1.00
2008.07.10 11:52:30.380,2.04015,2.0406,1.00,1.00
2008.07.10 11:52:30.632,2.04015,2.0406,3.40,1.00
2008.07.10 11:52:30.794,2.04015,2.04065,3.40,1.00
2008.07.10 11:52:39.784,2.04015,2.04065,3.40,2.00
2008.07.10 11:52:40.002,2.04015,2.0406,2.40,1.00
2008.07.10 11:52:40.269,2.0401,2.0406,1.00,1.00
2008.07.10 11:52:40.620,2.0401,2.04065,1.50,2.50
2008.07.10 11:52:46.737,2.0401,2.04065,1.60,1.20
2008.07.10 11:52:46.846,2.0402,2.0407,1.00,1.00
2008.07.10 11:52:47.174,2.0403,2.0407,1.00,1.00
2008.07.10 11:52:47.322,2.0403,2.04075,1.00,3.10
2008.07.10 11:52:47.637,2.0403,2.04075,1.00,1.00
2008.07.10 11:52:48.835,2.0403,2.0408,1.00,2.50
2008.07.10 11:52:49.064,2.0403,2.0408,1.00,1.20
2008.07.10 11:52:49.197,2.0403,2.0408,1.00,1.00
2008.07.10 11:52:49.411,2.04035,2.0408,1.00,1.00
2008.07.10 11:52:49.553,2.04035,2.04085,1.00,1.00
2008.07.10 11:52:49.819,2.04035,2.0409,1.50,1.20
2008.07.10 11:52:50.088,2.04035,2.0409,4.00,1.20
2008.07.10 11:52:50.228,2.04035,2.0409,1.50,1.20
2008.07.10 11:52:50.641,2.04035,2.0409,4.00,1.20
2008.07.10 11:52:56.156,2.04035,2.0408,4.00,1.20
2008.07.10 11:52:56.388,2.04035,2.0408,3.40,1.20
2008.07.10 11:52:56.510,2.04035,2.0408,2.40,1.50
2008.07.10 11:52:56.664,2.0403,2.0408,1.50,1.50
2008.07.10 11:52:56.696,2.0403,2.0408,1.50,1.00
2008.07.10 11:52:57.006,2.04035,2.04085,1.00,1.00
2008.07.10 11:52:57.706,2.04035,2.04085,3.40,1.00
2008.07.10 11:53:01.990,2.04035,2.0409,4.00,1.20
2008.07.10 11:53:04.768,2.04035,2.0409,3.00,1.20
2008.07.10 11:53:04.872,2.04035,2.0409,3.10,1.20
2008.07.10 11:53:05.159,2.04035,2.0409,1.00,1.20
2008.07.10 11:53:05.437,2.0404,2.0409,1.00,1.20
2008.07.10 11:53:05.721,2.04045,2.0409,1.00,3.70
2008.07.10 11:53:06.013,2.04055,2.0409,1.00,2.80
2008.07.10 11:53:06.126,2.0405,2.0409,1.00,2.80
2008.07.10 11:53:06.251,2.0405,2.0409,3.40,2.80
2008.07.10 11:53:06.365,2.0405,2.0409,2.40,3.70
2008.07.10 11:53:06.490,2.04045,2.0409,3.40,3.70
2008.07.10 11:53:06.913,2.04045,2.0409,3.40,2.80
2008.07.10 11:53:07.025,2.04045,2.04095,3.40,1.00
2008.07.10 11:53:07.135,2.0405,2.04095,1.00,1.00
2008.07.10 11:53:07.354,2.04045,2.04095,3.70,1.00
2008.07.10 11:53:07.470,2.04045,2.04095,4.20,1.00
2008.07.10 11:53:07.586,2.04045,2.04095,4.00,1.00
2008.07.10 11:53:07.697,2.0406,2.04095,2.40,1.00
2008.07.10 11:53:08.095,2.04055,2.04095,3.40,1.00
2008.07.10 11:53:08.566,2.04055,2.04095,2.40,1.00
2008.07.10 11:53:08.757,2.0405,2.04095,3.40,1.00
2008.07.10 11:53:10.837,2.04055,2.04095,1.00,1.00
2008.07.10 11:53:11.398,2.04055,2.04095,3.40,1.00
2008.07.10 11:53:11.582,2.04055,2.041,3.40,1.00
2008.07.10 11:53:11.679,2.04055,2.041,1.00,1.00
2008.07.10 11:53:12.246,2.0405,2.041,3.40,1.00
2008.07.10 11:53:15.381,2.0405,2.041,2.40,1.20
2008.07.10 11:53:15.723,2.04045,2.041,4.20,1.20
2008.07.10 11:53:15.985,2.0405,2.041,2.40,1.20
2008.07.10 11:53:16.226,2.0405,2.041,3.40,1.00
2008.07.10 11:53:18.426,2.04055,2.041,1.00,1.00
2008.07.10 11:53:18.721,2.04055,2.0411,1.00,1.20
2008.07.10 11:53:18.761,2.04055,2.0411,1.50,1.00
2008.07.10 11:53:18.801,2.04055,2.0411,1.00,1.00
2008.07.10 11:53:18.895,2.0405,2.0411,4.00,1.20
2008.07.10 11:53:19.069,2.04055,2.0411,2.40,1.20
2008.07.10 11:53:19.122,2.04055,2.041,2.40,1.00
2008.07.10 11:53:19.210,2.04055,2.041,2.60,1.00
2008.07.10 11:53:19.252,2.0406,2.041,1.00,1.00
2008.07.10 11:53:19.354,2.0406,2.04105,1.00,1.00
2008.07.10 11:53:19.445,2.0406,2.04105,3.40,1.00
2008.07.10 11:53:19.703,2.0406,2.04105,3.70,1.00
2008.07.10 11:53:20.231,2.04065,2.04105,1.00,1.00
2008.07.10 11:53:20.422,2.0407,2.04105,3.40,1.00
2008.07.10 11:53:20.601,2.0407,2.0411,3.40,1.00
2008.07.10 11:53:20.941,2.0407,2.0411,2.40,1.00
2008.07.10 11:53:21.114,2.0406,2.0411,3.60,1.00
2008.07.10 11:53:22.302,2.0406,2.04105,3.60,1.00
2008.07.10 11:53:23.425,2.0406,2.041,3.60,1.00
2008.07.10 11:53:23.591,2.0406,2.04105,3.60,1.00
2008.07.10 11:53:23.763,2.0406,2.04105,2.50,1.00
2008.07.10 11:53:24.124,2.0406,2.04105,1.00,1.00
2008.07.10 11:53:24.957,2.0406,2.0411,1.50,2.00
2008.07.10 11:53:25.263,2.0406,2.0411,1.00,2.00
2008.07.10 11:53:25.532,2.0406,2.04105,1.00,1.00
2008.07.10 11:53:25.759,2.0406,2.04105,1.00,1.00
2008.07.10 11:53:26.077,2.0407,2.0411,1.00,1.00
2008.07.10 11:53:26.256,2.0406,2.04115,1.60,1.20
2008.07.10 11:53:26.444,2.0407,2.04115,1.00,1.00
2008.07.10 11:53:26.630,2.0407,2.0411,1.00,1.00
2008.07.10 11:53:26.811,2.0407,2.0411,2.40,1.00
2008.07.10 11:53:26.991,2.0406,2.0411,3.60,2.00
2008.07.10 11:53:27.323,2.0406,2.0411,2.50,2.50
2008.07.10 11:53:27.528,2.0406,2.0411,1.00,2.50
2008.07.10 11:53:27.990,2.0406,2.0411,1.00,1.20
2008.07.10 11:53:28.281,2.04055,2.0411,1.50,2.50
2008.07.10 11:53:28.421,2.04055,2.04105,1.00,1.00
2008.07.10 11:53:28.555,2.0406,2.04105,2.40,1.00
2008.07.10 11:53:28.854,2.0405,2.04105,4.00,1.00
2008.07.10 11:53:28.990,2.0405,2.04105,4.00,2.00
2008.07.10 11:53:29.242,2.0405,2.041,3.10,1.00
2008.07.10 11:53:29.483,2.0405,2.041,1.00,1.00
2008.07.10 11:53:29.737,2.0405,2.04105,1.60,2.50
2008.07.10 11:53:29.981,2.0405,2.04105,1.60,1.20
2008.07.10 11:53:30.328,2.04055,2.04105,1.00,1.00
2008.07.10 11:53:30.571,2.04055,2.04105,3.40,1.00
2008.07.10 11:53:30.736,2.0405,2.04105,4.00,1.00
2008.07.10 11:53:30.863,2.0405,2.04105,4.00,2.00
2008.07.10 11:53:31.336,2.0405,2.041,3.10,1.00
2008.07.10 11:53:31.653,2.0405,2.04105,1.60,2.50
2008.07.10 11:53:31.980,2.0405,2.04105,1.60,1.20
2008.07.10 11:53:32.580,2.0405,2.04105,1.60,1.00
2008.07.10 11:53:32.740,2.0405,2.041,3.40,1.00
2008.07.10 11:53:33.228,2.0405,2.041,2.40,1.00
2008.07.10 11:53:33.394,2.0405,2.041,1.00,1.00
2008.07.10 11:53:34.448,2.0405,2.04105,1.50,1.20
2008.07.10 11:53:34.828,2.04055,2.04105,1.00,1.00
2008.07.10 11:53:34.985,2.04055,2.041,1.00,1.00
2008.07.10 11:53:35.301,2.0405,2.041,3.40,1.00
2008.07.10 11:53:35.695,2.0405,2.041,1.00,1.00
2008.07.10 11:53:36.172,2.04045,2.041,1.50,1.20
2008.07.10 11:53:36.468,2.04045,2.041,1.50,2.50
2008.07.10 11:53:38.160,2.04045,2.04095,1.00,1.00
2008.07.10 11:53:38.760,2.0404,2.04095,4.00,1.00
2008.07.10 11:53:38.821,2.0404,2.04095,4.00,1.20
2008.07.10 11:53:39.267,2.0404,2.04095,1.60,1.20
2008.07.10 11:53:41.059,2.0404,2.04095,1.60,1.00
2008.07.10 11:53:41.437,2.0404,2.04095,4.00,1.00
2008.07.10 11:53:43.067,2.0404,2.04095,3.10,1.20
2008.07.10 11:53:43.226,2.0404,2.04095,1.50,1.20
2008.07.10 11:53:43.533,2.0404,2.04095,1.60,1.00
2008.07.10 11:53:43.657,2.0404,2.04095,4.00,1.00
2008.07.10 11:53:44.714,2.0404,2.04095,4.30,1.00
2008.07.10 11:53:45.227,2.0404,2.04095,4.00,1.00
2008.07.10 11:53:45.565,2.0404,2.0409,3.60,1.00
2008.07.10 11:53:45.663,2.0404,2.0409,2.50,1.00
2008.07.10 11:53:45.973,2.0404,2.0409,1.00,1.00
2008.07.10 11:53:56.444,2.04035,2.0409,4.00,1.00
2008.07.10 11:53:56.706,2.04035,2.0409,4.20,1.00
2008.07.10 11:53:56.784,2.04035,2.0409,4.20,1.20
2008.07.10 11:53:57.150,2.04035,2.0409,4.20,1.00
2008.07.10 11:53:57.315,2.0404,2.0409,1.00,1.00
2008.07.10 11:53:57.852,2.0404,2.0409,1.00,1.20
2008.07.10 11:53:58.025,2.0404,2.0409,1.00,1.20
2008.07.10 11:53:58.360,2.0404,2.0409,1.00,1.00
2008.07.10 11:53:58.638,2.0404,2.0409,1.00,1.00
2008.07.10 11:53:58.963,2.0404,2.0409,3.60,1.00
2008.07.10 11:53:59.461,2.0404,2.0409,3.60,3.70
2008.07.10 11:53:59.639,2.0404,2.0409,2.50,3.70
2008.07.10 11:53:59.815,2.0404,2.0409,1.00,3.70
2008.07.10 11:54:00.168,2.0405,2.04095,1.00,1.50
2008.07.10 11:54:01.919,2.0405,2.04095,1.00,1.00
2008.07.10 11:54:01.984,2.0405,2.041,1.00,3.80
2008.07.10 11:54:04.075,2.04055,2.041,1.00,3.00
2008.07.10 11:54:05.462,2.04055,2.041,1.00,1.50
2008.07.10 11:54:27.381,2.0405,2.041,1.00,2.50
2008.07.10 11:54:39.767,2.0405,2.04095,1.00,1.20
2008.07.10 11:54:39.964,2.0405,2.04095,1.00,1.20
2008.07.10 11:54:40.104,2.0405,2.04095,1.00,1.50
2008.07.10 11:54:40.281,2.0405,2.0409,1.00,3.20
2008.07.10 11:54:40.402,2.0405,2.0409,1.00,1.50
2008.07.10 11:54:40.722,2.0404,2.0409,1.00,1.50
2008.07.10 11:54:40.832,2.0404,2.04085,1.00,1.00
2008.07.10 11:54:55.464,2.04035,2.04085,1.00,1.00
2008.07.10 11:54:56.502,2.0403,2.04085,1.00,1.00
2008.07.10 11:54:56.624,2.0403,2.0408,1.00,1.00
2008.07.10 11:54:56.915,2.0404,2.04085,1.00,1.00
2008.07.10 11:54:57.147,2.0404,2.0409,1.00,1.50
2008.07.10 11:54:57.689,2.0404,2.04085,1.00,1.00
2008.07.10 11:54:57.838,2.0404,2.04085,1.00,1.50
2008.07.10 11:54:58.401,2.0404,2.0408,1.00,1.20
2008.07.10 11:54:58.533,2.04035,2.0408,1.00,1.20
2008.07.10 11:54:58.790,2.04035,2.04075,1.00,1.00
2008.07.10 11:54:59.819,2.04035,2.0407,1.00,1.00
2008.07.10 11:54:59.900,2.04035,2.04075,1.00,1.00
2008.07.10 11:55:00.944,2.0403,2.04075,1.00,1.00
2008.07.10 11:55:01.506,2.04025,2.04075,1.00,1.00
2008.07.10 11:55:02.483,2.0402,2.0407,1.00,1.00
2008.07.10 11:55:04.454,2.04015,2.0407,4.00,1.00
2008.07.10 11:55:04.905,2.0402,2.0407,1.00,1.00
2008.07.10 11:55:05.061,2.0402,2.04075,1.00,1.20
2008.07.10 11:55:05.465,2.0402,2.04075,1.00,1.20
2008.07.10 11:55:05.602,2.0402,2.0407,1.00,1.00
2008.07.10 11:55:05.913,2.04025,2.0407,1.00,1.00
2008.07.10 11:55:06.129,2.04025,2.0407,3.40,1.00
2008.07.10 11:55:06.464,2.0402,2.0407,1.00,1.00
2008.07.10 11:55:07.078,2.0402,2.04075,1.60,1.20
2008.07.10 11:55:08.432,2.04025,2.04075,1.00,1.00
2008.07.10 11:55:08.614,2.04025,2.0407,1.00,1.00
2008.07.10 11:55:09.105,2.0403,2.0407,1.00,1.00
2008.07.10 11:55:09.551,2.0403,2.0408,1.00,1.00
2008.07.10 11:55:09.655,2.0403,2.0408,1.00,1.00
2008.07.10 11:55:09.941,2.0403,2.0408,3.60,1.00
2008.07.10 11:55:10.642,2.0403,2.04075,3.40,1.00
2008.07.10 11:55:10.816,2.0403,2.04075,2.40,1.00
2008.07.10 11:55:10.917,2.04025,2.04075,3.40,1.00
2008.07.10 11:55:17.625,2.04035,2.04075,1.00,1.00
2008.07.10 11:55:17.674,2.04035,2.0408,1.00,1.00
2008.07.10 11:55:18.162,2.0403,2.0408,3.60,1.00
2008.07.10 11:55:18.312,2.0403,2.0408,3.60,2.00
2008.07.10 11:55:18.575,2.0403,2.0407,3.60,1.00
2008.07.10 11:55:18.650,2.0403,2.0407,3.40,1.00
2008.07.10 11:55:18.726,2.0403,2.0407,2.40,1.00
2008.07.10 11:55:19.015,2.0402,2.0407,4.20,1.00
2008.07.10 11:55:19.541,2.0403,2.0407,1.00,1.00
2008.07.10 11:55:19.757,2.0403,2.04075,3.60,1.00
2008.07.10 11:55:24.921,2.0403,2.0408,3.60,1.00
2008.07.10 11:55:25.031,2.0403,2.0408,3.40,2.00
2008.07.10 11:55:25.467,2.0403,2.0407,2.40,1.00
2008.07.10 11:55:25.691,2.0403,2.04065,2.40,1.00
2008.07.10 11:55:25.782,2.04015,2.04065,1.00,1.00
2008.07.10 11:55:26.119,2.0403,2.0407,1.00,1.00
2008.07.10 11:55:28.336,2.0403,2.04075,1.00,1.50
2008.07.10 11:55:28.738,2.0403,2.04075,1.00,1.00
2008.07.10 11:55:28.991,2.0403,2.0408,1.00,1.00
2008.07.10 11:55:29.294,2.04025,2.0408,1.50,1.20
2008.07.10 11:55:31.335,2.04025,2.0408,1.50,2.50
2008.07.10 11:55:31.737,2.04025,2.0408,1.50,2.00
2008.07.10 11:55:31.926,2.04025,2.04075,1.50,1.20
2008.07.10 11:55:32.021,2.04025,2.04075,4.00,1.20
2008.07.10 11:55:32.196,2.04025,2.04075,3.40,2.00
2008.07.10 11:55:32.846,2.04025,2.04075,2.40,2.00
2008.07.10 11:55:33.136,2.0402,2.04075,4.00,2.00
2008.07.10 11:55:35.374,2.0402,2.04075,4.00,2.50
2008.07.10 11:55:35.813,2.0402,2.04075,4.00,2.00
2008.07.10 11:55:36.348,2.0402,2.04075,4.20,1.00
2008.07.10 11:55:36.530,2.0402,2.04075,3.10,1.20
2008.07.10 11:55:36.672,2.04025,2.04075,1.00,1.00
2008.07.10 11:55:36.940,2.04025,2.0407,1.00,1.00
2008.07.10 11:55:37.083,2.0402,2.0407,1.00,1.00
2008.07.10 11:55:37.347,2.0402,2.0407,1.00,1.20
2008.07.10 11:55:38.060,2.0402,2.0407,1.50,1.00
2008.07.10 11:55:38.543,2.0402,2.0407,1.00,1.00
2008.07.10 11:55:39.206,2.0402,2.0407,1.00,2.00
2008.07.10 11:55:39.279,2.0402,2.0406,1.00,1.00
2008.07.10 11:55:39.417,2.0402,2.04065,1.20,1.00
2008.07.10 11:55:39.531,2.04025,2.04065,1.00,1.00
2008.07.10 11:55:39.760,2.0403,2.04075,1.00,1.00
2008.07.10 11:55:39.976,2.0403,2.04075,3.40,1.00
2008.07.10 11:55:42.851,2.0403,2.04075,2.40,1.00
2008.07.10 11:55:43.197,2.0402,2.04075,4.00,1.00
2008.07.10 11:55:43.335,2.0402,2.0407,4.00,1.00
2008.07.10 11:55:44.099,2.04025,2.0407,1.00,1.00
2008.07.10 11:55:44.236,2.04025,2.0407,3.40,1.00
2008.07.10 11:55:44.377,2.0403,2.0407,3.40,1.00
2008.07.10 11:55:44.907,2.0403,2.04075,3.40,1.00
2008.07.10 11:55:47.089,2.0403,2.04075,3.40,2.00
2008.07.10 11:55:47.585,2.0403,2.04075,2.40,2.50
2008.07.10 11:55:47.717,2.0402,2.04075,1.50,2.50
2008.07.10 11:55:48.100,2.0402,2.04075,1.50,2.00
2008.07.10 11:55:48.197,2.0402,2.04075,4.00,2.00
2008.07.10 11:55:48.496,2.0402,2.0407,4.00,1.00
2008.07.10 11:55:49.979,2.04025,2.0407,1.00,1.00
2008.07.10 11:55:50.055,2.0402,2.0407,4.00,1.00
2008.07.10 11:55:50.624,2.0402,2.04075,4.00,2.00
2008.07.10 11:55:50.743,2.0402,2.04075,1.00,2.50
2008.07.10 11:55:50.855,2.0402,2.0407,1.00,1.00
2008.07.10 11:55:54.316,2.04015,2.0407,4.00,1.00
2008.07.10 11:55:54.584,2.04015,2.0407,4.00,1.20
2008.07.10 11:55:54.645,2.04015,2.0407,1.50,1.20
2008.07.10 11:55:58.196,2.04015,2.0407,4.00,1.20
2008.07.10 11:55:58.368,2.04015,2.0407,4.00,1.00
2008.07.10 11:55:58.603,2.0402,2.04075,1.00,2.50
2008.07.10 11:55:59.505,2.0402,2.04065,1.00,1.00
2008.07.10 11:56:04.567,2.0403,2.04065,1.00,1.00
2008.07.10 11:56:06.201,2.04025,2.04065,2.40,1.00
2008.07.10 11:56:06.307,2.04025,2.04055,2.40,1.00
2008.07.10 11:56:06.364,2.04015,2.04055,3.40,1.00
2008.07.10 11:56:06.407,2.04015,2.04065,3.40,1.00
2008.07.10 11:56:06.965,2.0402,2.04065,1.00,1.00
2008.07.10 11:56:27.095,2.0402,2.04065,1.00,2.00
2008.07.10 11:56:27.180,2.0402,2.04065,3.40,2.00
2008.07.10 11:56:27.489,2.0402,2.04065,2.40,1.00
2008.07.10 11:56:27.642,2.0402,2.0407,2.40,5.60
2008.07.10 11:56:27.804,2.04015,2.0407,1.20,3.10
2008.07.10 11:56:27.955,2.04015,2.0407,1.20,1.00
2008.07.10 11:56:28.108,2.04015,2.0407,1.00,1.00
2008.07.10 11:56:28.258,2.0401,2.04065,1.00,1.00
2008.07.10 11:56:28.953,2.0401,2.04065,1.40,1.20
2008.07.10 11:56:29.279,2.0401,2.0406,1.40,1.00
2008.07.10 11:56:29.533,2.0401,2.04065,1.00,1.20
2008.07.10 11:56:30.764,2.0401,2.0406,1.00,1.00
2008.07.10 11:56:31.351,2.0401,2.0406,1.00,1.20
2008.07.10 11:56:33.622,2.0401,2.0406,1.00,1.20
2008.07.10 11:56:33.706,2.04015,2.0406,1.00,1.00
2008.07.10 11:56:33.816,2.0401,2.0406,3.60,1.00
2008.07.10 11:56:33.877,2.04015,2.0406,2.40,1.00
2008.07.10 11:56:34.269,2.0401,2.0406,3.60,1.00
2008.07.10 11:56:34.431,2.0401,2.04065,3.60,1.00
2008.07.10 11:56:34.568,2.04015,2.04065,1.00,1.00
2008.07.10 11:56:35.324,2.04015,2.04065,1.00,1.00
2008.07.10 11:56:35.503,2.0402,2.0407,1.00,1.00
2008.07.10 11:56:35.855,2.0402,2.0407,3.40,1.00
2008.07.10 11:56:40.186,2.04025,2.0407,1.00,1.00
2008.07.10 11:56:40.463,2.04025,2.0407,3.40,1.00
2008.07.10 11:56:41.036,2.04025,2.0407,2.40,1.00
2008.07.10 11:56:41.502,2.0402,2.0407,3.40,1.00
2008.07.10 11:56:42.066,2.0402,2.0407,3.40,2.00
2008.07.10 11:56:43.646,2.0402,2.04065,3.40,1.00
2008.07.10 11:56:44.067,2.0402,2.04065,3.40,2.00
2008.07.10 11:56:44.264,2.0402,2.04065,1.00,2.00
2008.07.10 11:56:49.551,2.0402,2.04065,1.00,1.00
2008.07.10 11:56:51.028,2.0402,2.04065,1.00,2.00
2008.07.10 11:56:51.383,2.0402,2.04065,3.40,2.00
2008.07.10 11:56:51.515,2.0402,2.04065,3.40,1.00
2008.07.10 11:56:52.080,2.0402,2.04065,3.40,2.00
2008.07.10 11:56:52.425,2.0402,2.04065,2.40,2.00
2008.07.10 11:56:52.481,2.04015,2.04065,3.40,2.00
2008.07.10 11:56:52.544,2.04015,2.0406,3.40,1.20
2008.07.10 11:56:52.772,2.04015,2.0406,3.40,2.50
2008.07.10 11:56:53.191,2.04015,2.0406,2.40,2.50
2008.07.10 11:56:53.339,2.04015,2.0406,2.40,1.30
2008.07.10 11:56:53.562,2.0402,2.0406,2.80,1.30
2008.07.10 11:56:54.894,2.0402,2.0406,2.80,2.50
2008.07.10 11:56:54.992,2.0401,2.0405,3.40,1.00
2008.07.10 11:56:55.209,2.0401,2.04055,3.40,1.00
2008.07.10 11:56:55.534,2.0401,2.04055,2.40,1.00
2008.07.10 11:56:55.610,2.0401,2.04055,2.40,2.00
2008.07.10 11:56:56.013,2.04005,2.04055,3.40,2.00
2008.07.10 11:56:56.101,2.04005,2.0405,3.40,1.20
2008.07.10 11:56:56.284,2.04005,2.0405,3.40,2.00
2008.07.10 11:56:56.360,2.04005,2.0405,2.40,2.00
2008.07.10 11:56:56.446,2.04,2.0405,4.00,2.00
2008.07.10 11:56:56.566,2.04,2.0405,4.00,3.40
2008.07.10 11:56:57.380,2.04,2.0405,3.40,3.40
2008.07.10 11:56:58.467,2.04,2.04045,3.40,1.20
2008.07.10 11:56:58.888,2.04,2.04045,2.40,1.50
2008.07.10 11:56:59.059,2.03995,2.04045,1.50,1.20
2008.07.10 11:56:59.208,2.03995,2.0405,1.50,4.60
2008.07.10 11:56:59.279,2.03995,2.0405,4.00,4.60
2008.07.10 11:56:59.454,2.03995,2.0405,4.00,3.70
2008.07.10 11:56:59.535,2.04,2.0405,1.50,1.00
2008.07.10 11:57:00.098,2.04,2.0405,4.00,1.00
2008.07.10 11:57:00.439,2.04,2.0405,4.00,1.40
2008.07.10 11:57:01.263,2.04,2.0405,4.00,1.00
2008.07.10 11:57:02.365,2.04005,2.0405,1.00,1.00
2008.07.10 11:57:02.638,2.04005,2.0405,3.40,1.00
2008.07.10 11:57:02.912,2.04005,2.0405,2.40,1.00
2008.07.10 11:57:03.298,2.04,2.0405,4.00,1.00
2008.07.10 11:57:03.560,2.04005,2.0405,1.00,1.00
2008.07.10 11:57:03.721,2.0401,2.0406,1.00,3.30
2008.07.10 11:57:03.888,2.04005,2.0406,4.00,3.30
2008.07.10 11:57:04.758,2.04005,2.0406,3.00,3.70
2008.07.10 11:57:04.868,2.04005,2.0406,1.00,3.70
2008.07.10 11:57:06.616,2.04005,2.0405,1.00,1.00
2008.07.10 11:57:06.917,2.04,2.0405,1.00,1.20
2008.07.10 11:57:09.466,2.04,2.0405,1.50,1.40
2008.07.10 11:57:09.610,2.04,2.0405,4.00,1.40
2008.07.10 11:57:09.959,2.04,2.0405,1.50,1.40
2008.07.10 11:57:10.253,2.04005,2.04055,1.00,1.20
2008.07.10 11:57:10.467,2.04005,2.0405,1.00,1.00
2008.07.10 11:57:11.367,2.04005,2.0405,1.50,1.00
2008.07.10 11:57:11.674,2.04005,2.0405,4.00,1.00
2008.07.10 11:57:12.006,2.04005,2.0405,4.20,1.00
2008.07.10 11:57:12.504,2.0401,2.0405,1.00,1.00
2008.07.10 11:57:12.664,2.0401,2.0405,3.40,1.00
2008.07.10 11:57:14.424,2.0401,2.0405,2.40,1.00
2008.07.10 11:57:14.622,2.04005,2.0405,4.20,1.00
2008.07.10 11:57:16.294,2.04015,2.0405,1.00,1.00
2008.07.10 11:57:16.575,2.0401,2.0405,3.40,1.00
2008.07.10 11:57:17.380,2.0401,2.0406,4.00,1.00
2008.07.10 11:57:17.667,2.04015,2.0406,1.00,1.00
2008.07.10 11:57:17.974,2.04015,2.0406,3.40,1.00
2008.07.10 11:57:19.912,2.04015,2.0406,1.00,1.00
2008.07.10 11:57:20.327,2.0401,2.0406,4.00,1.00
2008.07.10 11:57:21.112,2.0401,2.0406,4.20,1.00
2008.07.10 11:57:21.700,2.04015,2.0406,1.00,1.00
2008.07.10 11:57:21.855,2.04015,2.0406,1.00,1.00
2008.07.10 11:57:22.260,2.0402,2.0406,1.00,1.00
2008.07.10 11:57:24.364,2.0402,2.0406,1.00,1.00
2008.07.10 11:57:24.574,2.0402,2.0406,1.00,1.00
2008.07.10 11:57:25.005,2.0401,2.0406,1.00,1.00
2008.07.10 11:57:27.643,2.0401,2.0406,1.00,1.00
2008.07.10 11:57:29.020,2.0401,2.0406,1.00,1.40
2008.07.10 11:57:29.754,2.0401,2.0406,1.00,1.00
2008.07.10 11:57:30.942,2.0401,2.0406,1.00,1.40
2008.07.10 11:57:33.885,2.0401,2.0406,1.00,1.00
2008.07.10 11:57:35.389,2.04015,2.0406,1.00,1.00
2008.07.10 11:57:35.725,2.04015,2.0406,3.40,1.00
2008.07.10 11:57:35.968,2.04015,2.0406,2.40,1.00
2008.07.10 11:57:36.129,2.0401,2.0406,1.00,1.00
2008.07.10 11:57:36.183,2.0401,2.0406,1.00,1.00
2008.07.10 11:57:36.406,2.0401,2.0406,1.00,1.90
2008.07.10 11:57:37.783,2.0401,2.0405,1.00,1.00
2008.07.10 11:57:37.943,2.04005,2.04055,2.40,1.20
2008.07.10 11:57:38.131,2.04005,2.04055,2.40,2.50
2008.07.10 11:57:38.289,2.04,2.0405,1.00,1.00
2008.07.10 11:57:38.812,2.04,2.0405,1.00,1.00
2008.07.10 11:57:38.930,2.04,2.0405,1.00,1.00
2008.07.10 11:57:39.453,2.04,2.04045,1.00,1.00
2008.07.10 11:57:40.025,2.04,2.0405,1.00,1.00
2008.07.10 11:57:40.346,2.04,2.0405,1.00,1.00
2008.07.10 11:57:40.464,2.04,2.0405,1.00,1.00
2008.07.10 11:57:41.324,2.04,2.0405,1.00,5.80
2008.07.10 11:57:41.609,2.04,2.04045,1.00,1.00
2008.07.10 11:57:43.278,2.03995,2.04045,1.00,1.00
2008.07.10 11:57:43.477,2.03995,2.0404,1.00,1.00
2008.07.10 11:57:43.769,2.03995,2.04045,1.00,1.00
2008.07.10 11:57:43.957,2.03995,2.0405,1.00,4.00
2008.07.10 11:57:44.153,2.03995,2.0405,1.00,1.80
2008.07.10 11:57:46.382,2.03995,2.04045,1.00,1.00
2008.07.10 11:57:47.532,2.03995,2.0405,1.00,1.80
2008.07.10 11:57:47.722,2.0399,2.04045,4.00,1.00
2008.07.10 11:57:47.778,2.0399,2.04045,4.00,2.00
2008.07.10 11:57:48.030,2.0399,2.0404,3.10,5.10
2008.07.10 11:57:48.087,2.0399,2.0404,3.00,5.10
2008.07.10 11:57:48.227,2.0399,2.0404,1.00,5.10
2008.07.10 11:57:48.342,2.0399,2.0404,1.00,1.00
2008.07.10 11:57:48.498,2.03995,2.04045,1.00,1.00
2008.07.10 11:57:49.578,2.03995,2.0404,1.00,1.00
2008.07.10 11:57:50.285,2.03995,2.04045,1.00,1.00
2008.07.10 11:57:50.575,2.03995,2.0404,1.00,1.00
2008.07.10 11:57:51.481,2.03995,2.04045,1.00,1.00
2008.07.10 11:57:57.110,2.03995,2.04045,3.00,1.00
2008.07.10 11:57:57.766,2.03995,2.0405,4.00,1.80
2008.07.10 11:58:00.080,2.03995,2.0405,1.50,1.80
2008.07.10 11:58:00.176,2.04,2.0405,1.00,1.00
2008.07.10 11:58:00.365,2.04,2.0405,1.00,1.00
2008.07.10 11:58:00.950,2.04005,2.0405,1.00,1.00
2008.07.10 11:58:01.182,2.04005,2.0405,1.00,1.00
2008.07.10 11:58:05.367,2.0401,2.0405,1.00,1.00
2008.07.10 11:58:05.845,2.04,2.0405,1.00,1.00
2008.07.10 11:58:06.139,2.04,2.0405,1.50,1.00
2008.07.10 11:58:06.266,2.04005,2.0405,2.40,1.00
2008.07.10 11:58:06.397,2.04005,2.0405,2.60,1.00
2008.07.10 11:58:06.528,2.04005,2.0405,3.10,1.00
2008.07.10 11:58:06.661,2.04005,2.0405,1.00,1.00
2008.07.10 11:58:07.035,2.04005,2.0405,1.00,1.00
2008.07.10 11:58:07.232,2.04005,2.0405,4.00,1.00
2008.07.10 11:58:07.432,2.04005,2.0405,3.00,1.00
2008.07.10 11:58:07.636,2.04005,2.0405,1.00,1.00
2008.07.10 11:58:08.767,2.04,2.0405,1.00,1.40
2008.07.10 11:58:09.236,2.04,2.0405,1.00,1.80
2008.07.10 11:58:09.329,2.04,2.0405,1.00,1.00
2008.07.10 11:58:11.693,2.04,2.04045,1.00,1.00
2008.07.10 11:58:11.858,2.03995,2.04045,1.00,1.00
2008.07.10 11:58:14.735,2.03995,2.0405,1.60,1.80
2008.07.10 11:58:14.958,2.03995,2.0405,1.50,1.80
2008.07.10 11:58:15.173,2.03995,2.04045,1.00,1.00
2008.07.10 11:58:17.446,2.03995,2.0404,1.00,1.00
2008.07.10 11:58:17.977,2.03995,2.04045,1.00,1.00
2008.07.10 11:58:18.806,2.03995,2.0404,1.00,1.00
2008.07.10 11:58:18.891,2.0399,2.0404,1.00,1.00
2008.07.10 11:58:19.171,2.0399,2.0404,1.00,1.00
2008.07.10 11:58:19.510,2.0399,2.04045,1.00,1.20
2008.07.10 11:58:20.250,2.0399,2.04045,1.00,1.20
2008.07.10 11:58:20.620,2.0399,2.04045,1.00,1.20
2008.07.10 11:58:21.782,2.0399,2.0404,1.00,1.00
2008.07.10 11:58:24.494,2.0399,2.0404,1.00,1.00
2008.07.10 11:58:24.810,2.03995,2.0404,1.00,1.00
2008.07.10 11:58:28.828,2.0399,2.0404,1.00,1.00
2008.07.10 11:58:29.306,2.0399,2.0404,1.00,5.10
2008.07.10 11:58:29.513,2.0399,2.0404,1.00,1.20
2008.07.10 11:58:29.592,2.03985,2.04035,1.00,1.00
2008.07.10 11:58:30.340,2.03985,2.0403,1.00,1.00
2008.07.10 11:58:31.365,2.03985,2.04035,1.00,1.00
2008.07.10 11:58:31.511,2.03985,2.0404,1.00,3.80
2008.07.10 11:58:31.621,2.03985,2.0404,1.00,2.50
2008.07.10 11:58:31.712,2.03985,2.0404,1.00,3.80
2008.07.10 11:58:31.911,2.03985,2.0404,1.00,2.50
2008.07.10 11:58:33.436,2.03985,2.0403,1.00,1.00
2008.07.10 11:58:35.351,2.0398,2.0403,1.00,1.20
2008.07.10 11:58:35.437,2.0398,2.04025,1.00,1.00
2008.07.10 11:58:42.435,2.03985,2.04025,1.00,1.00
2008.07.10 11:58:42.607,2.03985,2.04025,1.00,1.00
2008.07.10 11:58:43.048,2.0399,2.04025,1.00,1.00
2008.07.10 11:58:43.109,2.0399,2.04035,1.00,2.80
2008.07.10 11:58:43.164,2.0399,2.04035,1.00,1.00
2008.07.10 11:58:46.044,2.03985,2.04035,1.00,1.40
2008.07.10 11:58:46.329,2.03985,2.04025,1.00,1.00
2008.07.10 11:58:46.505,2.03975,2.04025,1.00,1.00
2008.07.10 11:58:47.624,2.03975,2.04025,1.00,1.00
2008.07.10 11:58:47.963,2.0397,2.04025,1.50,1.00
2008.07.10 11:58:48.078,2.0397,2.04025,1.00,1.00
2008.07.10 11:58:48.142,2.0397,2.0402,1.00,1.00
2008.07.10 11:58:48.938,2.0397,2.0402,1.00,1.00
2008.07.10 11:58:49.049,2.0397,2.04025,1.00,2.50
2008.07.10 11:58:49.459,2.0397,2.0402,1.00,5.10
2008.07.10 11:58:50.476,2.0397,2.0402,1.00,1.00
2008.07.10 11:58:50.624,2.0397,2.04025,1.00,1.20
2008.07.10 11:58:50.915,2.0397,2.04025,1.00,1.20
2008.07.10 11:58:51.734,2.0397,2.0402,1.00,1.00
2008.07.10 11:58:52.125,2.0397,2.04025,1.00,1.20
2008.07.10 11:58:58.908,2.0397,2.0402,1.00,1.00
2008.07.10 11:59:11.187,2.0397,2.04025,1.00,1.20
2008.07.10 11:59:11.640,2.0397,2.0402,1.00,1.00
2008.07.10 11:59:13.636,2.0397,2.04025,1.00,1.20
2008.07.10 11:59:14.177,2.0397,2.0402,1.00,1.00
2008.07.10 11:59:14.477,2.0397,2.0402,1.00,1.60
2008.07.10 11:59:14.679,2.0397,2.04015,1.00,1.00
2008.07.10 11:59:15.779,2.0397,2.04005,1.00,1.00
2008.07.10 11:59:15.860,2.0396,2.04005,2.40,1.00
2008.07.10 11:59:15.950,2.03955,2.04005,1.00,1.00
2008.07.10 11:59:16.523,2.0396,2.04005,1.00,1.00
2008.07.10 11:59:16.825,2.0396,2.0401,1.00,1.00
2008.07.10 11:59:17.105,2.0396,2.04005,1.00,1.00
2008.07.10 11:59:18.056,2.03955,2.04005,1.00,1.00
2008.07.10 11:59:18.456,2.03955,2.04,1.00,1.00
2008.07.10 11:59:18.616,2.03955,2.04005,1.00,1.00
2008.07.10 11:59:20.888,2.03955,2.04,1.00,1.00
2008.07.10 11:59:22.114,2.03955,2.04005,1.00,1.00
2008.07.10 11:59:25.507,2.0395,2.04005,1.50,1.20
2008.07.10 11:59:25.592,2.0395,2.04,1.50,1.00
2008.07.10 11:59:30.775,2.0395,2.04,1.00,1.00
2008.07.10 11:59:31.207,2.0395,2.04,1.00,1.00
2008.07.10 11:59:33.342,2.0395,2.04,1.00,1.80
2008.07.10 11:59:34.332,2.0395,2.04,1.00,3.00
2008.07.10 11:59:34.570,2.0394,2.03995,4.00,1.00
2008.07.10 11:59:34.724,2.0394,2.03995,3.10,1.20
2008.07.10 11:59:34.876,2.0394,2.03995,1.00,1.20
2008.07.10 11:59:35.806,2.0394,2.0399,1.00,1.00
2008.07.10 11:59:35.972,2.0394,2.03995,1.60,1.20
2008.07.10 11:59:36.338,2.0394,2.03995,1.60,2.50
2008.07.10 11:59:36.440,2.0394,2.03985,1.00,1.00
2008.07.10 11:59:36.752,2.0394,2.03995,1.00,1.20
2008.07.10 11:59:37.391,2.0394,2.0399,1.00,1.00
2008.07.10 11:59:37.878,2.0394,2.0399,1.40,1.00
2008.07.10 11:59:37.980,2.0394,2.0399,1.60,1.00
2008.07.10 11:59:38.269,2.0394,2.03995,1.60,1.00
2008.07.10 11:59:38.374,2.0395,2.04,1.00,5.40
2008.07.10 11:59:38.479,2.0395,2.04,1.00,3.10
2008.07.10 11:59:42.628,2.0395,2.04,1.00,3.70
2008.07.10 11:59:43.029,2.0395,2.04,1.00,3.30
2008.07.10 11:59:45.186,2.0395,2.04,1.00,2.70
2008.07.10 11:59:45.468,2.0395,2.04,1.00,2.10
2008.07.10 11:59:46.137,2.0395,2.03995,1.00,1.00
2008.07.10 11:59:46.539,2.0395,2.0399,1.00,1.30
2008.07.10 11:59:47.129,2.0395,2.0399,1.00,1.60
2008.07.10 11:59:47.613,2.0395,2.0398,1.00,1.30
2008.07.10 11:59:47.818,2.03945,2.0398,1.00,1.30
2008.07.10 11:59:49.878,2.03945,2.0399,1.00,1.00
2008.07.10 11:59:52.136,2.03945,2.03995,1.00,2.50
2008.07.10 11:59:54.346,2.03945,2.0399,1.00,1.00
2008.07.10 11:59:57.105,2.0395,2.0399,1.00,1.00
2008.07.10 11:59:57.335,2.0395,2.03995,1.00,1.00
2008.07.10 11:59:57.563,2.0395,2.03995,1.00,1.00
2008.07.10 11:59:58.495,2.0395,2.04,1.00,1.00
