2011.02.02 06:00:00.833,1.50828,1.50853,1.50,1.50
2011.02.02 06:00:01.051,1.50827,1.50864,1.50,1.50
2011.02.02 06:00:01.384,1.50827,1.50874,1.50,1.50
2011.02.02 06:00:01.882,1.5083,1.50874,1.50,1.50
2011.02.02 06:00:02.224,1.50836,1.50874,3.00,1.50
2011.02.02 06:00:08.989,1.50842,1.50883,1.50,1.50
2011.02.02 06:00:09.211,1.50846,1.50894,1.50,1.50
2011.02.02 06:00:10.672,1.50846,1.50884,1.50,2.25
2011.02.02 06:00:11.005,1.50846,1.50894,3.00,2.25
2011.02.02 06:00:11.461,1.50847,1.50883,1.50,2.25
2011.02.02 06:00:13.114,1.50837,1.50873,1.50,1.50
2011.02.02 06:00:13.460,1.50837,1.50873,1.50,2.25
2011.02.02 06:00:15.102,1.50837,1.50873,1.50,2.25
2011.02.02 06:00:15.584,1.50837,1.50873,1.50,2.25
2011.02.02 06:00:16.372,1.50837,1.50873,1.50,2.25
2011.02.02 06:00:17.093,1.50837,1.50873,1.50,1.50
2011.02.02 06:00:17.322,1.50847,1.50883,1.50,2.25
2011.02.02 06:00:17.895,1.50847,1.50883,1.50,1.50
2011.02.02 06:00:23.664,1.50847,1.50883,1.50,1.69
2011.02.02 06:00:23.894,1.50826,1.50874,3.15,2.25
2011.02.02 06:00:24.399,1.50826,1.50864,1.50,1.50
2011.02.02 06:00:25.483,1.50826,1.50864,1.58,1.50
2011.02.02 06:00:26.201,1.50826,1.50864,1.50,1.50
2011.02.02 06:00:29.374,1.50826,1.50874,1.50,3.00
2011.02.02 06:00:29.493,1.50826,1.50864,1.50,1.50
2011.02.02 06:00:30.265,1.50826,1.50864,1.58,1.50
2011.02.02 06:00:30.602,1.50826,1.50864,1.50,1.50
2011.02.02 06:00:30.713,1.50826,1.50864,1.65,1.50
2011.02.02 06:00:31.162,1.50826,1.50864,1.50,1.50
2011.02.02 06:00:43.095,1.50827,1.50873,1.50,1.50
2011.02.02 06:00:43.646,1.50836,1.50874,1.50,1.50
2011.02.02 06:00:43.986,1.50836,1.50874,1.50,2.25
2011.02.02 06:00:44.215,1.50827,1.5087,1.50,1.50
2011.02.02 06:00:45.087,1.50827,1.50863,1.50,1.50
2011.02.02 06:00:46.102,1.50827,1.50863,1.50,2.25
2011.02.02 06:00:47.373,1.50827,1.50863,1.50,1.50
2011.02.02 06:01:02.265,1.50826,1.50864,1.50,1.50
2011.02.02 06:01:04.414,1.50816,1.50854,1.50,1.50
2011.02.02 06:01:04.876,1.50807,1.50853,1.58,1.50
2011.02.02 06:01:04.994,1.50806,1.50844,1.80,1.50
2011.02.02 06:01:06.543,1.50806,1.50844,3.98,1.50
2011.02.02 06:01:06.923,1.50807,1.50853,1.65,1.50
2011.02.02 06:01:07.044,1.50807,1.50853,3.98,1.50
2011.02.02 06:01:07.595,1.50816,1.50854,1.58,1.50
2011.02.02 06:01:18.212,1.50816,1.50854,1.50,1.50
2011.02.02 06:01:18.547,1.50816,1.50854,1.58,1.50
2011.02.02 06:01:19.100,1.50816,1.50854,1.50,1.50
2011.02.02 06:01:19.762,1.50816,1.50854,1.65,1.50
2011.02.02 06:01:23.634,1.50816,1.50854,1.50,1.50
2011.02.02 06:01:24.524,1.50816,1.50854,1.58,1.50
2011.02.02 06:01:25.064,1.50827,1.50863,1.50,1.50
2011.02.02 06:01:27.053,1.50827,1.50863,1.50,2.25
2011.02.02 06:01:27.467,1.50816,1.50864,1.50,2.25
2011.02.02 06:01:27.695,1.50816,1.50864,1.50,2.25
2011.02.02 06:01:27.924,1.50817,1.50853,1.65,1.50
2011.02.02 06:01:40.342,1.50817,1.50853,1.58,1.50
2011.02.02 06:01:52.626,1.50817,1.50853,1.50,1.50
2011.02.02 06:01:53.185,1.50817,1.50853,1.58,1.50
2011.02.02 06:01:55.012,1.50817,1.50853,1.50,2.25
2011.02.02 06:01:55.129,1.50805,1.50853,1.58,1.50
2011.02.02 06:01:55.245,1.50804,1.50853,1.80,1.50
2011.02.02 06:01:55.797,1.50807,1.50843,1.80,1.50
2011.02.02 06:01:56.347,1.50807,1.50843,1.95,1.50
2011.02.02 06:01:57.004,1.50807,1.50843,4.20,1.50
2011.02.02 06:01:57.534,1.50807,1.50843,4.17,1.50
2011.02.02 06:01:57.889,1.50807,1.50853,1.73,1.50
2011.02.02 06:01:58.553,1.50816,1.50854,1.58,1.50
2011.02.02 06:01:59.877,1.50816,1.50854,1.80,1.50
2011.02.02 06:02:00.012,1.50816,1.50854,1.50,1.50
2011.02.02 06:02:00.344,1.50826,1.50864,1.50,1.50
2011.02.02 06:02:02.113,1.50817,1.50853,1.65,1.50
2011.02.02 06:02:02.443,1.50817,1.50853,1.58,1.50
2011.02.02 06:02:02.565,1.50817,1.50863,1.58,2.25
2011.02.02 06:02:03.292,1.50816,1.50854,1.58,1.50
2011.02.02 06:02:03.736,1.50817,1.50863,1.50,2.25
2011.02.02 06:02:04.388,1.50827,1.50863,1.50,2.25
2011.02.02 06:02:05.063,1.50806,1.50854,3.15,2.25
2011.02.02 06:02:05.174,1.50806,1.50854,1.58,2.25
2011.02.02 06:02:05.699,1.50807,1.50843,1.50,1.50
2011.02.02 06:02:06.585,1.50796,1.50844,1.58,1.50
2011.02.02 06:02:07.834,1.50807,1.50843,1.50,2.25
2011.02.02 06:02:08.944,1.50807,1.50843,1.50,8.40
2011.02.02 06:02:09.695,1.50806,1.50849,1.50,2.55
2011.02.02 06:02:10.301,1.50806,1.50848,1.50,1.50
2011.02.02 06:02:10.424,1.50827,1.50857,1.50,2.25
2011.02.02 06:02:10.663,1.50827,1.50862,1.50,1.50
2011.02.02 06:02:13.575,1.50827,1.50863,1.50,3.00
2011.02.02 06:02:13.697,1.50806,1.50863,1.65,1.50
2011.02.02 06:02:14.064,1.50806,1.50863,1.65,1.88
2011.02.02 06:02:14.416,1.50807,1.50853,1.58,1.50
2011.02.02 06:02:15.027,1.50817,1.50853,1.50,1.50
2011.02.02 06:02:16.041,1.50816,1.5086,1.50,1.50
2011.02.02 06:02:16.484,1.50827,1.50861,1.50,1.50
2011.02.02 06:02:17.626,1.50827,1.50863,1.50,3.00
2011.02.02 06:02:18.616,1.50817,1.50853,4.05,1.50
2011.02.02 06:02:18.843,1.50817,1.50863,3.90,2.25
2011.02.02 06:02:19.410,1.50827,1.50863,1.50,2.25
2011.02.02 06:02:20.193,1.50827,1.50863,1.50,2.25
2011.02.02 06:02:20.721,1.50827,1.50863,1.50,1.50
2011.02.02 06:02:20.957,1.50826,1.50872,1.69,1.88
2011.02.02 06:02:21.507,1.50836,1.50878,1.50,1.50
2011.02.02 06:02:21.844,1.50846,1.50878,1.50,1.50
2011.02.02 06:02:22.390,1.50846,1.50883,1.50,1.50
2011.02.02 06:02:23.383,1.50837,1.50881,1.50,1.50
2011.02.02 06:02:23.495,1.50837,1.50879,1.58,1.50
2011.02.02 06:02:24.135,1.50837,1.50871,1.50,1.50
2011.02.02 06:02:24.263,1.50837,1.50873,1.50,1.50
2011.02.02 06:02:25.476,1.50837,1.50873,1.50,2.25
2011.02.02 06:02:25.597,1.50826,1.50874,1.58,2.25
2011.02.02 06:02:26.240,1.50827,1.50863,1.58,1.50
2011.02.02 06:02:26.584,1.50837,1.50872,1.50,2.25
2011.02.02 06:02:27.783,1.50837,1.50872,1.50,2.25
2011.02.02 06:02:28.124,1.50837,1.50869,1.50,2.25
2011.02.02 06:02:30.373,1.50837,1.50869,1.50,2.25
2011.02.02 06:02:30.811,1.50826,1.50864,1.50,2.25
2011.02.02 06:02:31.302,1.50826,1.50864,1.50,2.25
2011.02.02 06:02:32.473,1.50826,1.50864,1.58,2.25
2011.02.02 06:02:32.703,1.50826,1.50864,1.50,2.25
2011.02.02 06:02:33.582,1.50826,1.50864,1.58,1.50
2011.02.02 06:02:34.873,1.50826,1.50864,1.80,1.50
2011.02.02 06:02:36.313,1.50826,1.50864,1.80,1.50
2011.02.02 06:02:36.431,1.50836,1.50874,1.50,1.50
2011.02.02 06:02:37.742,1.50836,1.50874,1.58,1.50
2011.02.02 06:02:38.293,1.50836,1.50874,1.50,1.50
2011.02.02 06:02:38.785,1.50826,1.50864,1.65,1.50
2011.02.02 06:02:39.125,1.50826,1.50864,4.20,1.50
2011.02.02 06:02:39.977,1.50826,1.50864,3.98,1.50
2011.02.02 06:02:40.448,1.50826,1.50864,4.17,1.50
2011.02.02 06:02:41.434,1.50826,1.50864,4.35,1.50
2011.02.02 06:02:41.859,1.50835,1.50882,4.35,2.25
2011.02.02 06:02:41.974,1.50835,1.50874,4.35,1.50
2011.02.02 06:02:42.093,1.50837,1.50874,1.20,1.50
2011.02.02 06:02:42.313,1.50838,1.50874,3.98,1.50
2011.02.02 06:02:42.853,1.50838,1.50874,4.58,1.50
2011.02.02 06:02:42.963,1.50836,1.50874,4.20,1.50
2011.02.02 06:02:43.375,1.50836,1.50874,4.17,1.50
2011.02.02 06:02:47.116,1.50836,1.50874,1.65,2.25
2011.02.02 06:02:47.343,1.50836,1.50874,3.98,2.25
2011.02.02 06:02:47.465,1.50836,1.50874,1.65,2.25
2011.02.02 06:02:48.332,1.50836,1.50874,1.65,2.25
2011.02.02 06:02:48.658,1.50836,1.50874,1.80,2.25
2011.02.02 06:02:48.893,1.50836,1.50874,1.65,2.25
2011.02.02 06:02:49.405,1.50836,1.50874,1.50,3.75
2011.02.02 06:02:49.635,1.50836,1.50874,1.65,3.75
2011.02.02 06:02:50.242,1.50836,1.50874,1.65,3.75
2011.02.02 06:02:50.357,1.50847,1.50878,1.50,1.50
2011.02.02 06:02:51.132,1.50847,1.50878,1.58,1.50
2011.02.02 06:02:51.493,1.50847,1.50871,1.50,1.50
2011.02.02 06:02:51.917,1.50827,1.50871,4.20,1.50
2011.02.02 06:02:52.041,1.50826,1.50864,4.20,1.50
2011.02.02 06:02:52.375,1.50826,1.50864,4.17,1.50
2011.02.02 06:02:52.715,1.50826,1.50864,4.20,1.50
2011.02.02 06:02:53.284,1.50826,1.50864,1.80,1.50
2011.02.02 06:02:53.859,1.50826,1.50864,1.80,1.50
2011.02.02 06:02:53.974,1.50826,1.50864,4.20,1.50
2011.02.02 06:02:54.313,1.50826,1.50864,1.65,1.50
2011.02.02 06:02:55.275,1.50826,1.50864,3.98,1.50
2011.02.02 06:02:56.184,1.50826,1.50864,3.98,1.50
2011.02.02 06:02:56.423,1.50826,1.50864,1.65,1.50
2011.02.02 06:02:56.654,1.50837,1.50873,1.50,1.50
2011.02.02 06:02:57.392,1.50837,1.50873,1.58,1.50
2011.02.02 06:02:58.473,1.50837,1.50873,1.65,1.50
2011.02.02 06:02:59.543,1.50837,1.50873,1.58,1.50
2011.02.02 06:02:59.653,1.50837,1.5087,1.65,1.50
2011.02.02 06:03:00.114,1.50827,1.50863,1.65,1.50
2011.02.02 06:03:00.674,1.50827,1.50863,1.65,1.50
2011.02.02 06:03:00.797,1.50827,1.50863,1.80,1.50
2011.02.02 06:03:01.336,1.50827,1.50863,4.58,1.50
2011.02.02 06:03:01.744,1.50827,1.50863,1.73,1.50
2011.02.02 06:03:02.193,1.50827,1.50863,4.58,1.50
2011.02.02 06:03:02.597,1.50827,1.50863,3.98,1.50
2011.02.02 06:03:02.722,1.50827,1.50863,4.17,1.50
2011.02.02 06:03:03.051,1.50827,1.50863,3.98,1.50
2011.02.02 06:03:03.602,1.50827,1.50863,1.95,1.50
2011.02.02 06:03:04.903,1.50827,1.50863,4.58,1.50
2011.02.02 06:03:05.747,1.50827,1.50863,3.98,1.50
2011.02.02 06:03:05.867,1.50827,1.50863,4.17,1.50
2011.02.02 06:03:06.046,1.50827,1.50863,1.73,1.50
2011.02.02 06:03:07.512,1.50827,1.50863,4.17,1.50
2011.02.02 06:03:09.154,1.5083,1.50873,2.29,1.50
2011.02.02 06:03:09.276,1.50831,1.50873,1.35,1.50
2011.02.02 06:03:09.394,1.50835,1.50873,2.40,1.50
2011.02.02 06:03:09.514,1.50835,1.50884,2.40,1.50
2011.02.02 06:03:10.245,1.50847,1.50883,1.65,1.50
2011.02.02 06:03:10.596,1.50857,1.50893,1.50,3.00
2011.02.02 06:03:10.935,1.50857,1.5089,1.50,1.50
2011.02.02 06:03:11.436,1.50857,1.50892,1.50,1.50
2011.02.02 06:03:13.493,1.50846,1.50884,1.50,1.50
2011.02.02 06:03:13.604,1.50847,1.5089,1.50,1.50
2011.02.02 06:03:14.133,1.50847,1.50891,1.50,1.50
2011.02.02 06:03:14.583,1.50846,1.50884,1.50,1.50
2011.02.02 06:03:17.044,1.50856,1.50894,1.50,3.00
2011.02.02 06:03:18.192,1.50847,1.50883,1.50,1.50
2011.02.02 06:03:18.522,1.50849,1.50883,2.25,1.50
2011.02.02 06:03:19.503,1.50849,1.50884,2.25,1.50
2011.02.02 06:03:19.919,1.50836,1.50884,2.03,1.50
2011.02.02 06:03:20.036,1.50847,1.50883,1.50,1.50
2011.02.02 06:03:21.685,1.50847,1.50883,1.65,1.50
2011.02.02 06:03:22.343,1.50836,1.50874,4.20,1.50
2011.02.02 06:03:23.501,1.50836,1.50874,4.58,1.50
2011.02.02 06:03:23.737,1.50836,1.50874,3.98,1.50
2011.02.02 06:03:25.346,1.50836,1.50874,4.17,1.50
2011.02.02 06:03:26.542,1.50836,1.50874,4.20,1.50
2011.02.02 06:03:27.317,1.50836,1.50874,3.98,1.50
2011.02.02 06:03:28.392,1.50836,1.50874,1.80,1.50
2011.02.02 06:03:28.503,1.50836,1.50874,3.98,1.88
2011.02.02 06:03:29.056,1.50836,1.50874,1.65,1.50
2011.02.02 06:03:30.472,1.50836,1.50874,3.98,1.50
2011.02.02 06:03:34.323,1.50836,1.50874,1.65,1.50
2011.02.02 06:03:34.567,1.50836,1.50874,3.98,1.50
2011.02.02 06:03:34.907,1.50836,1.50874,4.09,1.50
2011.02.02 06:03:35.354,1.50836,1.50874,4.28,1.50
2011.02.02 06:03:39.093,1.50836,1.50874,1.65,1.50
2011.02.02 06:03:39.643,1.50836,1.50874,3.98,1.50
2011.02.02 06:03:39.770,1.50836,1.50874,1.65,1.50
2011.02.02 06:03:40.289,1.50836,1.50874,1.80,1.50
2011.02.02 06:03:40.844,1.50837,1.50873,1.80,1.50
2011.02.02 06:03:41.283,1.50837,1.50873,4.20,1.50
2011.02.02 06:03:42.443,1.50837,1.50873,1.73,1.50
2011.02.02 06:03:43.225,1.50837,1.50873,3.98,1.50
2011.02.02 06:03:45.963,1.50837,1.50873,1.65,1.50
2011.02.02 06:03:46.295,1.50837,1.50873,4.28,1.50
2011.02.02 06:03:48.289,1.50847,1.50883,1.58,1.50
2011.02.02 06:03:48.408,1.50836,1.50884,1.84,1.50
2011.02.02 06:03:48.523,1.50846,1.50884,1.50,1.50
2011.02.02 06:03:48.855,1.50857,1.50893,1.50,1.50
2011.02.02 06:03:49.455,1.50846,1.50884,1.65,1.50
2011.02.02 06:03:49.993,1.50846,1.50884,1.65,1.50
2011.02.02 06:03:51.476,1.50846,1.50884,1.65,1.50
2011.02.02 06:03:51.923,1.50846,1.50884,1.58,1.50
2011.02.02 06:03:52.418,1.50846,1.50884,1.50,1.50
2011.02.02 06:03:53.212,1.50846,1.50884,1.58,1.50
2011.02.02 06:03:53.766,1.50846,1.50884,1.58,1.50
2011.02.02 06:03:53.993,1.50846,1.50884,1.50,1.50
2011.02.02 06:03:54.727,1.50846,1.50884,1.58,1.50
2011.02.02 06:03:55.408,1.50846,1.50884,1.50,1.50
2011.02.02 06:03:56.014,1.50846,1.50884,1.58,1.50
2011.02.02 06:03:57.344,1.50846,1.50884,1.50,1.50
2011.02.02 06:03:57.993,1.50846,1.50884,1.58,1.50
2011.02.02 06:03:59.672,1.50846,1.50884,1.50,1.50
2011.02.02 06:03:59.792,1.50846,1.50884,1.84,1.50
2011.02.02 06:04:00.123,1.50856,1.50894,1.50,1.88
2011.02.02 06:04:02.283,1.50856,1.50894,1.50,1.95
2011.02.02 06:04:03.271,1.50856,1.50894,1.50,1.88
2011.02.02 06:04:08.915,1.50856,1.50894,1.69,1.50
2011.02.02 06:04:09.040,1.50856,1.50894,1.50,1.50
2011.02.02 06:04:14.512,1.50856,1.50894,1.65,1.50
2011.02.02 06:04:14.912,1.50856,1.50894,1.50,1.50
2011.02.02 06:04:15.050,1.50857,1.50903,1.65,1.50
2011.02.02 06:04:15.493,1.50867,1.50903,1.50,1.50
2011.02.02 06:04:16.861,1.50867,1.50903,1.65,1.50
2011.02.02 06:04:17.443,1.50867,1.50903,1.50,1.50
2011.02.02 06:04:38.096,1.50867,1.50899,1.50,1.50
2011.02.02 06:04:38.433,1.50867,1.50895,1.50,1.50
2011.02.02 06:04:38.543,1.50857,1.50893,1.50,1.50
2011.02.02 06:04:40.843,1.50857,1.50892,1.50,1.50
2011.02.02 06:04:48.582,1.50857,1.50893,1.50,3.00
2011.02.02 06:04:48.872,1.50857,1.50891,1.50,1.50
2011.02.02 06:04:49.783,1.50857,1.5089,1.50,1.50
2011.02.02 06:04:50.743,1.50846,1.5089,1.50,1.50
2011.02.02 06:04:58.002,1.50837,1.50873,1.80,1.50
2011.02.02 06:04:58.224,1.50847,1.50896,1.50,1.50
2011.02.02 06:04:58.704,1.50857,1.50903,1.50,1.88
2011.02.02 06:04:59.074,1.50857,1.50893,1.50,1.50
2011.02.02 06:05:01.183,1.50846,1.50884,1.50,1.50
2011.02.02 06:05:06.196,1.50856,1.50893,1.50,1.50
2011.02.02 06:05:10.972,1.50847,1.50883,1.50,1.50
2011.02.02 06:05:12.884,1.50857,1.50893,1.50,1.50
2011.02.02 06:05:17.594,1.50857,1.50893,1.50,2.25
2011.02.02 06:05:17.714,1.50846,1.50886,1.50,1.50
2011.02.02 06:05:18.021,1.50847,1.50883,1.50,1.50
2011.02.02 06:05:20.474,1.50837,1.50873,1.65,1.50
2011.02.02 06:05:21.169,1.50837,1.50873,1.58,1.50
2011.02.02 06:05:21.633,1.50837,1.50873,1.65,1.50
2011.02.02 06:05:21.815,1.50837,1.50873,1.58,1.50
2011.02.02 06:05:23.014,1.50837,1.50873,1.58,1.50
2011.02.02 06:05:24.036,1.50837,1.50873,1.50,1.50
2011.02.02 06:05:28.390,1.50837,1.50873,1.65,1.50
2011.02.02 06:05:29.113,1.50837,1.50873,1.50,1.50
2011.02.02 06:05:30.412,1.50846,1.50884,1.50,1.50
2011.02.02 06:05:30.853,1.50837,1.50873,1.50,1.50
2011.02.02 06:05:32.767,1.50836,1.50879,1.50,1.50
2011.02.02 06:05:33.375,1.50846,1.50883,1.50,1.50
2011.02.02 06:05:33.727,1.50846,1.50878,1.50,1.50
2011.02.02 06:05:34.236,1.50837,1.50873,1.50,1.50
2011.02.02 06:05:36.547,1.50836,1.50883,1.50,1.50
2011.02.02 06:05:36.888,1.50847,1.50882,1.50,1.50
2011.02.02 06:05:37.453,1.50847,1.50883,1.50,1.50
2011.02.02 06:05:38.382,1.50856,1.50894,1.50,3.00
2011.02.02 06:05:39.152,1.50856,1.50891,1.50,1.50
2011.02.02 06:05:39.707,1.50856,1.50894,1.50,3.00
2011.02.02 06:05:47.775,1.50856,1.50894,1.50,1.50
2011.02.02 06:05:47.901,1.50847,1.50883,1.50,1.50
2011.02.02 06:05:49.333,1.50847,1.50883,1.58,1.50
2011.02.02 06:05:51.244,1.50847,1.50883,1.50,1.50
2011.02.02 06:05:52.097,1.50847,1.50883,1.58,1.50
2011.02.02 06:05:52.220,1.50856,1.50894,1.50,1.50
2011.02.02 06:05:52.663,1.50847,1.50883,1.50,1.50
2011.02.02 06:05:57.115,1.50856,1.50894,1.50,1.50
2011.02.02 06:05:58.103,1.50847,1.50883,1.50,1.50
2011.02.02 06:06:05.977,1.50847,1.50883,2.55,1.50
2011.02.02 06:06:06.964,1.50857,1.50893,1.50,1.50
2011.02.02 06:06:10.908,1.50846,1.50884,2.25,1.50
2011.02.02 06:06:11.345,1.50846,1.50894,2.40,1.50
2011.02.02 06:06:11.471,1.50846,1.50894,4.65,1.50
2011.02.02 06:06:11.834,1.50856,1.50894,1.50,1.50
2011.02.02 06:06:21.972,1.50856,1.50894,1.58,1.50
2011.02.02 06:06:22.090,1.50856,1.50894,1.50,1.50
2011.02.02 06:06:28.735,1.50846,1.50894,2.25,1.50
2011.02.02 06:06:29.295,1.50846,1.50884,2.25,1.50
2011.02.02 06:06:30.365,1.50846,1.50884,2.33,1.50
2011.02.02 06:06:31.026,1.50846,1.50884,2.40,1.50
2011.02.02 06:06:31.366,1.50857,1.50893,1.50,1.50
2011.02.02 06:06:50.409,1.50867,1.50903,1.50,1.50
2011.02.02 06:06:53.606,1.50857,1.50893,1.50,1.50
2011.02.02 06:07:00.205,1.50846,1.50884,2.25,1.50
2011.02.02 06:07:03.846,1.50846,1.50884,2.33,1.50
2011.02.02 06:07:04.285,1.50847,1.50893,1.50,1.50
2011.02.02 06:07:04.734,1.50857,1.50893,1.50,1.50
2011.02.02 06:07:29.685,1.50857,1.50903,1.50,1.50
2011.02.02 06:07:30.327,1.50867,1.50902,1.50,1.50
2011.02.02 06:07:33.162,1.50876,1.50914,1.50,3.08
2011.02.02 06:07:33.715,1.50876,1.50912,1.50,1.50
2011.02.02 06:07:36.188,1.50876,1.5091,1.50,1.50
2011.02.02 06:07:37.659,1.50867,1.50903,1.50,1.50
2011.02.02 06:07:40.480,1.50856,1.50894,1.50,1.50
2011.02.02 06:07:41.782,1.50867,1.50903,1.50,1.50
2011.02.02 06:07:43.463,1.50867,1.50903,1.50,1.58
2011.02.02 06:07:43.994,1.50867,1.50903,1.50,1.50
2011.02.02 06:07:44.663,1.50856,1.50894,1.50,1.50
2011.02.02 06:07:51.076,1.50867,1.50913,1.50,1.50
2011.02.02 06:07:51.199,1.50866,1.50904,1.50,1.50
2011.02.02 06:07:54.844,1.50866,1.50904,1.58,1.50
2011.02.02 06:07:55.184,1.50867,1.50923,3.19,2.63
2011.02.02 06:07:55.415,1.50876,1.50923,1.50,1.13
2011.02.02 06:07:55.535,1.50878,1.50924,1.50,1.50
2011.02.02 06:07:55.654,1.50887,1.50923,1.50,3.75
2011.02.02 06:07:56.155,1.50887,1.50921,1.50,2.25
2011.02.02 06:07:59.818,1.50867,1.50913,1.50,1.50
2011.02.02 06:08:00.373,1.50866,1.50904,1.50,1.50
2011.02.02 06:08:03.707,1.50867,1.50913,1.50,1.50
2011.02.02 06:08:04.153,1.50876,1.50914,1.50,1.50
2011.02.02 06:08:15.107,1.50876,1.50914,1.50,1.58
2011.02.02 06:08:15.563,1.50876,1.50914,1.50,1.50
2011.02.02 06:08:15.946,1.50876,1.50914,1.50,1.65
2011.02.02 06:08:17.102,1.50876,1.50914,1.50,1.50
2011.02.02 06:08:18.292,1.50876,1.50914,1.50,1.50
2011.02.02 06:08:20.461,1.50876,1.50914,1.50,1.58
2011.02.02 06:08:22.082,1.50876,1.50914,1.50,1.50
2011.02.02 06:08:22.743,1.50877,1.50913,1.50,1.50
2011.02.02 06:08:29.201,1.50876,1.50914,1.50,1.50
2011.02.02 06:08:35.902,1.50876,1.50914,1.50,1.58
2011.02.02 06:08:36.023,1.50876,1.50914,1.50,1.50
2011.02.02 06:08:36.625,1.50877,1.50914,1.50,1.50
2011.02.02 06:08:37.382,1.50877,1.50914,1.58,1.50
2011.02.02 06:08:38.000,1.50877,1.50914,1.65,1.50
2011.02.02 06:08:38.522,1.50877,1.50914,1.58,1.50
2011.02.02 06:08:38.852,1.50881,1.50914,1.50,1.50
2011.02.02 06:08:39.307,1.50886,1.50924,1.50,1.50
2011.02.02 06:08:40.525,1.50886,1.50924,1.58,1.50
2011.02.02 06:08:41.074,1.50886,1.50924,1.65,1.50
2011.02.02 06:08:42.213,1.50886,1.50924,1.58,1.50
2011.02.02 06:08:42.773,1.50886,1.50924,1.50,1.50
2011.02.02 06:08:43.873,1.50886,1.50924,1.58,1.50
2011.02.02 06:08:44.101,1.50886,1.50924,1.50,1.50
2011.02.02 06:08:44.714,1.50886,1.50924,1.65,1.50
2011.02.02 06:08:45.055,1.50886,1.50934,2.78,1.50
2011.02.02 06:08:45.175,1.50898,1.50934,1.65,1.50
2011.02.02 06:08:45.296,1.50898,1.50934,1.50,1.50
2011.02.02 06:08:45.412,1.50898,1.50944,1.69,1.50
2011.02.02 06:08:45.827,1.50906,1.50944,1.50,1.50
2011.02.02 06:08:46.161,1.5091,1.50944,1.50,1.50
2011.02.02 06:08:47.014,1.50907,1.50944,1.58,1.50
2011.02.02 06:08:48.022,1.50907,1.50944,1.58,1.50
2011.02.02 06:08:48.347,1.50907,1.50944,1.65,1.50
2011.02.02 06:08:48.571,1.5091,1.50944,1.50,1.50
2011.02.02 06:08:49.277,1.50907,1.50944,1.50,1.50
2011.02.02 06:08:49.835,1.50907,1.50944,1.65,1.50
2011.02.02 06:08:50.722,1.50907,1.50944,1.50,1.50
2011.02.02 06:08:50.831,1.5091,1.50944,2.25,1.50
2011.02.02 06:08:52.542,1.50909,1.50944,1.50,1.50
2011.02.02 06:08:54.325,1.5091,1.50944,2.25,1.50
2011.02.02 06:09:00.580,1.50909,1.50954,1.50,1.50
2011.02.02 06:09:00.910,1.50907,1.50954,1.65,1.50
2011.02.02 06:09:01.020,1.50916,1.50954,1.50,1.50
2011.02.02 06:09:04.244,1.50916,1.50954,2.25,1.50
2011.02.02 06:09:04.364,1.50926,1.50974,1.50,1.50
2011.02.02 06:09:04.981,1.50937,1.50973,1.50,3.00
2011.02.02 06:09:05.215,1.50926,1.50968,1.50,1.50
2011.02.02 06:09:05.554,1.50927,1.50963,1.50,1.50
2011.02.02 06:09:07.602,1.50927,1.50973,1.50,1.50
2011.02.02 06:09:08.082,1.50937,1.50973,1.50,1.50
2011.02.02 06:09:08.416,1.50926,1.50973,1.50,1.50
2011.02.02 06:09:08.534,1.50926,1.5097,1.50,1.50
2011.02.02 06:09:09.092,1.50927,1.50963,1.50,1.50
2011.02.02 06:09:09.743,1.50927,1.50973,1.50,1.50
2011.02.02 06:09:10.194,1.50927,1.50971,1.50,1.50
2011.02.02 06:09:10.531,1.50926,1.50964,1.50,1.50
2011.02.02 06:09:11.960,1.50936,1.50964,2.25,1.50
2011.02.02 06:09:12.451,1.50938,1.50964,2.25,1.50
2011.02.02 06:09:13.586,1.50941,1.50964,2.25,1.50
2011.02.02 06:09:13.706,1.50941,1.50973,2.25,1.50
2011.02.02 06:09:14.043,1.50943,1.50974,2.25,1.50
2011.02.02 06:09:16.122,1.50943,1.50983,2.25,3.00
2011.02.02 06:09:16.566,1.50937,1.50983,1.50,3.00
2011.02.02 06:09:16.683,1.50936,1.50974,1.50,1.50
2011.02.02 06:09:19.521,1.50946,1.50984,1.50,1.50
2011.02.02 06:09:20.184,1.50947,1.50988,1.50,1.50
2011.02.02 06:09:20.940,1.50947,1.50987,1.50,1.50
2011.02.02 06:09:21.055,1.50947,1.50983,1.50,1.50
2011.02.02 06:09:22.155,1.50947,1.50987,2.44,1.50
2011.02.02 06:09:22.275,1.50947,1.50999,2.25,1.50
2011.02.02 06:09:22.749,1.50956,1.50999,1.50,1.50
2011.02.02 06:09:23.057,1.50956,1.50994,1.50,1.50
2011.02.02 06:09:29.133,1.50956,1.50993,1.50,1.50
2011.02.02 06:09:29.472,1.50956,1.50991,1.50,1.50
2011.02.02 06:09:30.872,1.50956,1.50994,1.50,1.50
2011.02.02 06:09:36.665,1.50951,1.50984,2.25,1.50
2011.02.02 06:09:39.673,1.50946,1.50984,1.50,1.50
2011.02.02 06:09:43.071,1.50951,1.50984,2.25,1.50
2011.02.02 06:09:43.633,1.50946,1.50984,1.50,1.50
2011.02.02 06:09:44.047,1.50957,1.50993,1.50,1.50
2011.02.02 06:09:47.221,1.50956,1.50994,3.75,1.50
2011.02.02 06:09:52.822,1.50957,1.50994,2.25,1.50
2011.02.02 06:10:05.261,1.50957,1.50993,3.75,1.50
2011.02.02 06:10:07.642,1.50946,1.50994,1.99,7.95
2011.02.02 06:10:07.863,1.50937,1.50982,2.74,1.65
2011.02.02 06:10:07.983,1.50937,1.50983,1.50,1.65
2011.02.02 06:10:08.092,1.50937,1.50983,1.50,3.15
2011.02.02 06:10:08.423,1.50937,1.50968,1.50,1.58
2011.02.02 06:10:08.543,1.50927,1.50968,1.50,1.58
2011.02.02 06:10:08.974,1.50926,1.50964,1.50,1.50
2011.02.02 06:10:20.772,1.50926,1.50963,1.50,2.25
2011.02.02 06:10:25.681,1.50926,1.50964,1.50,1.50
2011.02.02 06:10:26.322,1.50926,1.50963,1.50,2.25
2011.02.02 06:10:27.172,1.50926,1.50964,1.50,1.50
2011.02.02 06:10:53.384,1.50926,1.50964,1.65,1.50
2011.02.02 06:10:54.406,1.50926,1.50964,1.50,1.50
2011.02.02 06:11:01.923,1.50926,1.50964,1.58,1.50
2011.02.02 06:11:02.045,1.50926,1.50964,1.50,1.50
2011.02.02 06:11:14.335,1.50927,1.50963,1.50,1.50
2011.02.02 06:11:33.423,1.50916,1.50954,1.50,1.50
2011.02.02 06:11:44.462,1.50916,1.50952,1.50,2.25
2011.02.02 06:11:45.171,1.50916,1.50954,1.50,1.50
2011.02.02 06:11:48.125,1.50918,1.50954,2.25,1.50
2011.02.02 06:11:48.713,1.50919,1.50954,1.50,1.50
2011.02.02 06:11:50.181,1.50927,1.50963,1.50,1.50
2011.02.02 06:12:06.646,1.50929,1.50963,2.25,1.50
2011.02.02 06:12:08.401,1.50929,1.50964,2.25,1.50
2011.02.02 06:12:10.384,1.5093,1.50964,2.25,1.50
2011.02.02 06:12:10.504,1.50926,1.50964,3.75,1.50
2011.02.02 06:12:11.234,1.50926,1.50974,1.50,1.50
2011.02.02 06:12:11.357,1.50928,1.50974,1.50,1.50
2011.02.02 06:12:11.693,1.50936,1.50974,1.50,1.50
2011.02.02 06:12:15.017,1.50926,1.50964,1.50,1.50
2011.02.02 06:12:19.884,1.50916,1.50954,1.50,1.50
2011.02.02 06:12:20.114,1.50906,1.50954,1.88,1.50
2011.02.02 06:12:20.233,1.50917,1.50953,1.50,1.50
2011.02.02 06:12:20.559,1.50907,1.50952,1.88,1.50
2011.02.02 06:12:20.676,1.50907,1.50952,1.50,1.50
2011.02.02 06:12:21.134,1.50906,1.50944,1.50,1.50
2011.02.02 06:12:30.862,1.50897,1.50943,1.50,1.50
2011.02.02 06:12:30.983,1.50896,1.50934,1.50,1.50
2011.02.02 06:12:49.386,1.50897,1.50933,1.50,1.50
2011.02.02 06:12:59.304,1.50896,1.50934,1.50,1.50
2011.02.02 06:13:14.331,1.50897,1.50933,1.50,1.50
2011.02.02 06:13:32.184,1.50886,1.50934,1.50,1.50
2011.02.02 06:13:32.632,1.50887,1.50923,1.50,1.50
2011.02.02 06:13:38.153,1.50886,1.50934,6.00,1.50
2011.02.02 06:13:38.271,1.50888,1.50934,2.33,1.50
2011.02.02 06:13:38.605,1.50896,1.50934,1.50,1.50
2011.02.02 06:13:42.773,1.50889,1.50923,1.58,1.50
2011.02.02 06:13:43.481,1.50888,1.50923,1.73,1.50
2011.02.02 06:13:43.593,1.50888,1.50923,1.58,1.50
2011.02.02 06:13:44.433,1.50888,1.50923,1.80,1.50
2011.02.02 06:13:44.973,1.50888,1.50923,1.58,1.50
2011.02.02 06:13:49.313,1.50896,1.50934,1.50,1.50
2011.02.02 06:13:49.957,1.50896,1.50934,1.65,1.50
2011.02.02 06:13:50.073,1.50896,1.50934,3.83,1.50
2011.02.02 06:13:50.938,1.50896,1.50934,1.58,1.50
2011.02.02 06:13:53.718,1.50896,1.50934,1.50,1.50
2011.02.02 06:13:53.842,1.50887,1.50933,1.65,1.50
2011.02.02 06:13:53.956,1.50887,1.50923,1.58,1.50
2011.02.02 06:13:54.292,1.50883,1.50914,1.58,1.50
2011.02.02 06:13:55.091,1.5088,1.50914,1.65,1.50
2011.02.02 06:13:55.747,1.5088,1.50914,3.98,1.50
2011.02.02 06:13:55.863,1.5088,1.50914,1.65,1.50
2011.02.02 06:13:56.491,1.5088,1.50914,4.20,1.50
2011.02.02 06:13:56.721,1.50882,1.50913,1.80,1.50
2011.02.02 06:13:57.281,1.50887,1.50923,1.58,1.50
2011.02.02 06:13:57.679,1.5089,1.50923,1.58,1.50
2011.02.02 06:13:57.806,1.50893,1.50914,1.50,1.50
2011.02.02 06:13:57.926,1.50893,1.50923,1.50,1.50
2011.02.02 06:13:58.507,1.5089,1.50923,1.50,1.50
2011.02.02 06:13:58.842,1.50889,1.50923,1.65,1.50
2011.02.02 06:13:59.328,1.50894,1.50933,1.50,1.50
2011.02.02 06:13:59.554,1.50894,1.50933,1.58,1.50
2011.02.02 06:13:59.784,1.50896,1.50934,1.50,1.50
2011.02.02 06:14:00.219,1.50896,1.50934,1.58,1.50
2011.02.02 06:14:00.555,1.50896,1.50934,1.65,1.50
2011.02.02 06:14:01.148,1.50896,1.50934,1.65,1.50
2011.02.02 06:14:02.248,1.50896,1.50934,7.73,1.50
2011.02.02 06:14:03.555,1.50902,1.50944,1.65,1.50
2011.02.02 06:14:04.550,1.50907,1.50943,3.90,1.50
2011.02.02 06:14:05.206,1.50907,1.50943,3.90,1.50
2011.02.02 06:14:05.874,1.50907,1.50943,3.00,1.50
2011.02.02 06:14:08.212,1.50907,1.50943,1.65,1.50
2011.02.02 06:14:08.772,1.50907,1.50943,1.50,1.50
2011.02.02 06:14:09.542,1.50907,1.50943,1.65,1.50
2011.02.02 06:14:09.918,1.50907,1.50943,1.65,1.50
2011.02.02 06:14:10.142,1.50907,1.50943,1.58,1.50
2011.02.02 06:14:10.853,1.50907,1.50943,1.65,1.50
2011.02.02 06:14:10.962,1.50907,1.50943,1.65,1.50
2011.02.02 06:14:11.790,1.50907,1.50943,1.50,1.50
2011.02.02 06:14:16.955,1.509,1.50933,1.50,1.50
2011.02.02 06:14:19.683,1.509,1.50933,1.50,1.50
2011.02.02 06:14:20.237,1.509,1.50933,1.65,1.50
2011.02.02 06:14:20.924,1.509,1.50933,1.65,1.50
2011.02.02 06:14:21.461,1.509,1.50933,1.65,1.50
2011.02.02 06:14:25.513,1.50901,1.50933,1.65,1.50
2011.02.02 06:14:27.345,1.50901,1.50933,1.65,1.50
2011.02.02 06:14:28.374,1.50901,1.50933,1.58,1.50
2011.02.02 06:14:31.623,1.50901,1.50933,1.65,1.50
2011.02.02 06:14:32.190,1.50907,1.50943,1.50,1.50
2011.02.02 06:14:32.733,1.50906,1.50944,1.50,1.50
2011.02.02 06:14:33.254,1.50906,1.50944,1.65,1.50
2011.02.02 06:14:33.771,1.50906,1.50944,1.50,1.50
2011.02.02 06:14:35.108,1.50906,1.50944,1.58,1.50
2011.02.02 06:14:35.936,1.50906,1.50944,1.65,1.50
2011.02.02 06:14:36.162,1.50906,1.50944,1.58,1.50
2011.02.02 06:14:39.404,1.50906,1.50944,1.58,1.50
2011.02.02 06:14:40.502,1.50906,1.50944,1.80,1.50
2011.02.02 06:14:41.114,1.50906,1.50944,1.65,1.50
2011.02.02 06:14:41.893,1.50899,1.50933,1.65,1.50
2011.02.02 06:14:42.335,1.50906,1.50944,1.58,1.50
2011.02.02 06:14:42.989,1.50906,1.50944,1.50,1.50
2011.02.02 06:14:43.972,1.50906,1.50944,1.58,1.50
2011.02.02 06:14:44.314,1.50906,1.50944,1.50,1.50
2011.02.02 06:14:45.931,1.50906,1.50944,1.50,1.50
2011.02.02 06:14:46.051,1.50917,1.50953,1.50,1.50
2011.02.02 06:14:50.593,1.50907,1.50943,1.65,1.50
2011.02.02 06:14:54.164,1.50907,1.50943,1.80,1.50
2011.02.02 06:14:54.286,1.50907,1.50943,1.65,1.50
2011.02.02 06:14:54.632,1.50907,1.50943,3.30,1.50
2011.02.02 06:14:58.686,1.50907,1.50943,3.23,1.50
2011.02.02 06:14:58.913,1.50907,1.50943,3.15,1.50
2011.02.02 06:14:59.480,1.50907,1.50943,3.30,1.50
2011.02.02 06:14:59.800,1.50907,1.50943,3.15,1.50
2011.02.02 06:15:00.467,1.50907,1.50943,3.15,1.50
2011.02.02 06:15:01.152,1.50917,1.50953,1.50,1.50
2011.02.02 06:15:16.862,1.5091,1.50944,1.50,1.50
2011.02.02 06:15:17.083,1.50907,1.50944,1.50,1.50
2011.02.02 06:15:19.911,1.50906,1.50944,1.50,1.50
2011.02.02 06:15:21.103,1.50899,1.50943,1.50,1.50
2011.02.02 06:15:21.448,1.50899,1.50933,1.50,1.50
2011.02.02 06:15:21.783,1.50899,1.50933,1.58,1.50
2011.02.02 06:15:21.903,1.50899,1.50933,1.50,1.50
2011.02.02 06:15:22.012,1.50899,1.50933,1.58,1.50
2011.02.02 06:15:22.432,1.50899,1.50933,1.50,1.50
2011.02.02 06:15:23.762,1.50907,1.50944,1.50,1.50
2011.02.02 06:15:24.362,1.50907,1.50943,1.50,1.50
2011.02.02 06:15:25.734,1.50907,1.50943,1.65,1.50
2011.02.02 06:15:27.532,1.50907,1.50943,1.58,1.50
2011.02.02 06:15:28.068,1.50907,1.50943,1.58,1.50
2011.02.02 06:15:32.385,1.50907,1.50943,1.50,1.50
2011.02.02 06:15:33.241,1.50907,1.50943,1.58,1.50
2011.02.02 06:15:33.803,1.50907,1.50943,1.50,1.50
2011.02.02 06:15:34.455,1.50903,1.50943,1.50,1.50
2011.02.02 06:15:34.574,1.50903,1.50934,1.50,1.50
2011.02.02 06:15:34.692,1.509,1.50934,1.50,1.50
2011.02.02 06:15:35.829,1.509,1.50934,1.58,1.50
2011.02.02 06:15:36.383,1.509,1.50934,1.58,1.50
2011.02.02 06:15:39.207,1.50898,1.50934,1.65,1.50
2011.02.02 06:15:39.871,1.50896,1.50934,3.00,1.50
2011.02.02 06:15:40.414,1.50896,1.50934,3.08,1.50
2011.02.02 06:15:42.723,1.50896,1.50934,3.15,1.50
2011.02.02 06:15:43.438,1.50896,1.50934,3.00,1.50
2011.02.02 06:15:45.562,1.50896,1.50934,3.15,1.50
2011.02.02 06:15:46.122,1.50896,1.50934,3.08,1.50
2011.02.02 06:15:46.695,1.50896,1.50934,3.00,1.50
2011.02.02 06:15:47.475,1.50896,1.50934,1.65,1.50
2011.02.02 06:15:47.937,1.50896,1.50934,1.50,1.50
2011.02.02 06:15:52.511,1.50897,1.50933,1.50,1.50
2011.02.02 06:15:55.342,1.50897,1.50933,1.65,1.50
2011.02.02 06:15:56.865,1.50897,1.50933,1.65,1.50
2011.02.02 06:16:02.494,1.50897,1.50933,1.58,1.50
2011.02.02 06:16:02.724,1.50899,1.50933,1.58,1.50
2011.02.02 06:16:03.176,1.50907,1.50943,1.50,1.50
2011.02.02 06:16:03.721,1.50907,1.50943,3.15,1.50
2011.02.02 06:16:05.734,1.50905,1.50944,1.65,1.50
2011.02.02 06:16:06.072,1.50905,1.50934,1.65,1.50
2011.02.02 06:16:06.511,1.50898,1.50934,2.40,1.50
2011.02.02 06:16:06.625,1.50898,1.50934,1.50,1.50
2011.02.02 06:16:07.184,1.50897,1.50934,1.50,1.50
2011.02.02 06:16:07.785,1.50894,1.50933,1.50,1.50
2011.02.02 06:16:07.905,1.50888,1.50933,1.65,1.50
2011.02.02 06:16:08.244,1.5089,1.50933,1.50,1.50
2011.02.02 06:16:08.362,1.50887,1.50933,1.65,1.50
2011.02.02 06:16:08.474,1.50887,1.50933,1.65,1.50
2011.02.02 06:16:08.813,1.50897,1.50933,1.50,1.50
2011.02.02 06:16:10.302,1.50897,1.50933,1.65,1.50
2011.02.02 06:16:14.833,1.50897,1.50933,1.58,1.50
2011.02.02 06:16:15.394,1.50897,1.50933,1.58,1.50
2011.02.02 06:16:16.424,1.50897,1.50933,1.65,1.50
2011.02.02 06:16:17.002,1.50897,1.50933,1.58,1.50
2011.02.02 06:16:17.333,1.50897,1.50933,1.65,1.50
2011.02.02 06:16:20.582,1.50906,1.50944,1.50,1.50
2011.02.02 06:16:21.373,1.50896,1.50934,1.58,1.50
2011.02.02 06:16:24.331,1.50896,1.50934,1.58,1.50
2011.02.02 06:16:32.584,1.50896,1.50934,1.50,1.50
2011.02.02 06:16:40.894,1.50886,1.50934,1.58,1.50
2011.02.02 06:16:41.013,1.50887,1.50923,1.58,1.50
2011.02.02 06:16:41.352,1.50887,1.50923,1.80,1.50
2011.02.02 06:16:42.442,1.50887,1.50923,1.65,1.50
2011.02.02 06:16:42.744,1.50887,1.50923,4.17,1.50
2011.02.02 06:16:43.083,1.50887,1.50933,2.10,1.50
2011.02.02 06:16:43.632,1.50896,1.50934,1.50,1.50
2011.02.02 06:16:45.274,1.50896,1.50934,1.58,1.50
2011.02.02 06:16:45.722,1.50906,1.50944,1.50,1.50
2011.02.02 06:16:50.322,1.50899,1.50944,1.50,1.50
2011.02.02 06:16:50.804,1.50907,1.50943,1.50,1.50
2011.02.02 06:16:51.764,1.50896,1.50934,1.50,1.50
2011.02.02 06:16:55.513,1.50896,1.50934,1.58,1.50
2011.02.02 06:16:56.922,1.50896,1.50934,1.50,1.50
2011.02.02 06:17:09.361,1.50897,1.50933,1.50,1.50
2011.02.02 06:17:14.573,1.50896,1.50934,1.50,1.50
2011.02.02 06:17:17.703,1.50896,1.50934,1.58,1.50
2011.02.02 06:17:18.393,1.50896,1.50934,1.50,1.50
2011.02.02 06:17:19.555,1.50896,1.50934,1.58,1.50
2011.02.02 06:17:20.905,1.50896,1.50934,1.50,1.50
2011.02.02 06:17:23.992,1.50896,1.50934,1.65,1.50
2011.02.02 06:17:24.504,1.50896,1.50934,1.50,1.50
2011.02.02 06:17:29.443,1.50897,1.50933,1.50,1.50
2011.02.02 06:17:38.167,1.50892,1.50923,1.50,1.50
2011.02.02 06:17:45.644,1.50892,1.50924,1.50,1.50
2011.02.02 06:17:45.765,1.50885,1.50924,1.50,1.50
2011.02.02 06:17:45.882,1.50883,1.50924,1.50,1.50
2011.02.02 06:17:45.994,1.50883,1.50913,1.50,1.50
2011.02.02 06:17:46.663,1.5088,1.50913,1.50,1.50
2011.02.02 06:17:47.134,1.5088,1.50913,1.58,1.50
2011.02.02 06:17:47.463,1.5088,1.50913,1.50,1.50
2011.02.02 06:17:48.311,1.5088,1.50913,1.58,1.50
2011.02.02 06:17:49.152,1.5088,1.50913,1.50,1.50
2011.02.02 06:17:49.541,1.5087,1.50904,1.88,1.50
2011.02.02 06:17:50.124,1.5087,1.50904,1.50,1.50
2011.02.02 06:17:50.461,1.5087,1.50904,1.65,1.50
2011.02.02 06:17:50.975,1.50872,1.50904,1.58,1.50
2011.02.02 06:17:52.314,1.5087,1.50904,1.50,1.50
2011.02.02 06:17:52.658,1.5087,1.50904,1.58,1.50
2011.02.02 06:17:52.778,1.50867,1.50904,1.50,1.50
2011.02.02 06:17:54.871,1.50867,1.50904,1.58,1.50
2011.02.02 06:17:55.521,1.50867,1.50904,1.50,1.50
2011.02.02 06:17:56.853,1.50867,1.50904,1.80,1.50
2011.02.02 06:17:58.722,1.50869,1.50904,1.80,1.50
2011.02.02 06:18:00.197,1.5087,1.50904,1.80,1.50
2011.02.02 06:18:00.566,1.50872,1.50904,1.50,1.50
2011.02.02 06:18:00.683,1.50877,1.50913,1.50,1.50
2011.02.02 06:18:02.452,1.50877,1.50913,1.58,1.50
2011.02.02 06:18:02.792,1.50877,1.50913,1.80,1.50
2011.02.02 06:18:03.159,1.50877,1.50913,1.65,1.50
2011.02.02 06:18:03.674,1.50877,1.50913,1.80,1.50
2011.02.02 06:18:04.121,1.50877,1.50913,1.73,1.50
2011.02.02 06:18:05.531,1.50877,1.50913,1.65,1.50
2011.02.02 06:18:08.734,1.50877,1.50913,1.65,1.50
2011.02.02 06:18:09.225,1.50877,1.50913,1.58,1.50
2011.02.02 06:18:15.711,1.50877,1.50913,3.15,1.50
2011.02.02 06:18:16.095,1.50877,1.50913,3.00,1.50
2011.02.02 06:18:18.178,1.50877,1.50914,1.50,1.50
2011.02.02 06:18:20.134,1.50876,1.50914,1.58,1.50
2011.02.02 06:18:20.252,1.50879,1.50924,1.50,1.50
2011.02.02 06:18:20.473,1.50879,1.50924,1.95,1.50
2011.02.02 06:18:20.806,1.50886,1.50924,1.50,1.50
2011.02.02 06:18:23.423,1.50886,1.50924,1.58,1.50
2011.02.02 06:18:24.373,1.50886,1.50924,1.65,1.50
2011.02.02 06:18:24.972,1.50886,1.50924,1.65,1.50
2011.02.02 06:18:25.734,1.50886,1.50924,1.65,1.50
2011.02.02 06:18:25.952,1.50886,1.50924,1.65,1.50
2011.02.02 06:18:26.064,1.50886,1.50924,1.50,1.50
2011.02.02 06:18:30.496,1.50886,1.50924,1.50,2.44
2011.02.02 06:18:30.617,1.50876,1.50924,1.50,2.44
2011.02.02 06:18:31.177,1.50868,1.50904,1.50,1.50
2011.02.02 06:18:32.133,1.50877,1.50913,1.50,1.50
2011.02.02 06:18:33.593,1.5087,1.50904,1.50,1.50
2011.02.02 06:18:33.703,1.50866,1.50904,3.08,1.50
2011.02.02 06:18:33.814,1.50861,1.50894,1.58,1.50
2011.02.02 06:18:34.264,1.50859,1.50894,1.80,1.50
2011.02.02 06:18:35.578,1.5086,1.50894,1.17,1.50
2011.02.02 06:18:35.700,1.50887,1.50923,1.50,1.50
2011.02.02 06:18:36.843,1.50888,1.50923,2.25,1.50
2011.02.02 06:18:37.065,1.50896,1.50923,2.25,1.50
2011.02.02 06:18:37.628,1.50896,1.50933,1.50,1.50
2011.02.02 06:18:37.746,1.50887,1.50923,1.50,1.50
2011.02.02 06:18:37.867,1.50896,1.50933,1.50,1.50
2011.02.02 06:18:37.986,1.50877,1.50933,1.50,3.00
2011.02.02 06:18:38.107,1.50877,1.50929,1.50,1.50
2011.02.02 06:18:38.586,1.50876,1.50914,1.50,1.50
2011.02.02 06:18:41.948,1.50876,1.50932,2.25,1.50
2011.02.02 06:18:42.066,1.5088,1.50934,1.50,1.50
2011.02.02 06:18:42.402,1.50896,1.50933,1.50,1.50
2011.02.02 06:18:42.825,1.50896,1.50923,1.50,2.25
2011.02.02 06:18:43.379,1.50877,1.50922,1.50,2.25
2011.02.02 06:18:43.615,1.50876,1.50914,1.50,1.50
2011.02.02 06:18:45.883,1.50887,1.50923,1.50,1.50
2011.02.02 06:18:50.086,1.50887,1.50924,1.50,2.25
2011.02.02 06:18:50.205,1.50887,1.50933,1.50,1.50
2011.02.02 06:18:50.432,1.50896,1.50933,1.50,1.50
2011.02.02 06:18:57.582,1.50887,1.50929,1.50,3.00
2011.02.02 06:18:58.134,1.50886,1.50924,1.50,1.50
2011.02.02 06:19:00.244,1.50896,1.50934,1.50,3.00
2011.02.02 06:19:00.363,1.50886,1.50934,1.50,3.00
2011.02.02 06:19:00.693,1.50887,1.50923,1.50,1.50
2011.02.02 06:19:08.661,1.50897,1.50936,1.50,1.50
2011.02.02 06:19:08.994,1.50896,1.50934,1.50,1.50
2011.02.02 06:19:10.690,1.50896,1.50932,1.50,1.50
2011.02.02 06:19:11.031,1.50896,1.50934,1.50,3.00
2011.02.02 06:19:11.254,1.50896,1.50932,1.50,2.25
2011.02.02 06:19:11.885,1.50896,1.50934,1.50,1.50
2011.02.02 06:19:12.223,1.50906,1.50937,1.50,2.25
2011.02.02 06:19:12.333,1.50896,1.50934,1.50,1.50
2011.02.02 06:19:12.855,1.50887,1.50933,1.50,1.50
2011.02.02 06:19:12.980,1.50886,1.50924,1.50,1.50
2011.02.02 06:19:13.422,1.50897,1.50933,1.50,1.50
2011.02.02 06:19:20.383,1.50886,1.50924,1.50,1.50
2011.02.02 06:19:21.299,1.50876,1.50924,1.50,1.50
2011.02.02 06:19:21.533,1.50876,1.50914,1.50,1.50
2011.02.02 06:19:24.287,1.50886,1.50924,1.50,1.50
2011.02.02 06:19:25.294,1.50886,1.50922,1.50,2.25
2011.02.02 06:19:26.792,1.50886,1.50924,1.50,3.75
2011.02.02 06:19:27.183,1.50886,1.50922,1.50,2.25
2011.02.02 06:19:27.607,1.50886,1.50924,1.50,3.75
2011.02.02 06:19:31.328,1.50877,1.50913,1.50,1.50
2011.02.02 06:19:31.553,1.50886,1.50924,1.50,1.50
2011.02.02 06:19:48.342,1.50896,1.50934,1.50,1.50
2011.02.02 06:19:49.764,1.50886,1.50924,1.50,1.50
2011.02.02 06:19:56.782,1.50886,1.50924,1.65,1.50
2011.02.02 06:19:57.367,1.50886,1.50924,1.50,1.50
2011.02.02 06:20:00.907,1.50897,1.50933,1.50,1.50
2011.02.02 06:20:02.435,1.50897,1.50931,1.50,2.25
2011.02.02 06:20:02.773,1.50886,1.50924,1.50,1.50
2011.02.02 06:20:06.753,1.50886,1.50922,1.50,2.25
2011.02.02 06:20:06.863,1.50886,1.50924,1.50,1.50
2011.02.02 06:20:11.604,1.50886,1.50923,1.50,2.25
2011.02.02 06:20:24.107,1.50886,1.50923,1.50,1.50
2011.02.02 06:20:24.753,1.50886,1.5092,1.50,1.50
2011.02.02 06:20:27.212,1.50886,1.50923,1.50,1.50
2011.02.02 06:20:27.321,1.50886,1.50921,1.50,1.50
2011.02.02 06:20:29.533,1.50887,1.50921,1.50,1.50
2011.02.02 06:20:31.845,1.50876,1.50921,1.95,1.50
2011.02.02 06:20:31.964,1.50876,1.50932,1.88,2.25
2011.02.02 06:20:32.085,1.50876,1.50932,1.50,2.25
2011.02.02 06:20:32.205,1.50877,1.50923,1.50,1.50
2011.02.02 06:20:32.658,1.50886,1.50924,1.50,1.50
2011.02.02 06:20:32.992,1.50896,1.50929,1.50,1.50
2011.02.02 06:20:38.455,1.50896,1.50933,1.50,1.50
2011.02.02 06:20:38.977,1.50896,1.50934,1.50,3.00
2011.02.02 06:20:49.744,1.50896,1.50932,1.50,1.50
2011.02.02 06:20:50.326,1.50896,1.50933,1.50,2.25
2011.02.02 06:20:50.662,1.50896,1.50931,1.50,1.50
2011.02.02 06:20:51.102,1.50896,1.50934,1.50,5.25
2011.02.02 06:20:54.131,1.50896,1.50932,1.50,2.25
2011.02.02 06:20:54.248,1.50876,1.50929,1.50,1.50
2011.02.02 06:20:54.583,1.50887,1.50929,1.50,3.75
2011.02.02 06:20:54.914,1.50886,1.50924,1.50,1.50
2011.02.02 06:21:12.424,1.50887,1.50923,1.50,1.50
2011.02.02 06:21:26.338,1.50897,1.50933,1.50,1.50
2011.02.02 06:21:28.020,1.50886,1.50934,1.50,3.75
2011.02.02 06:21:28.138,1.50886,1.50926,1.50,2.25
2011.02.02 06:21:28.497,1.50887,1.50923,1.50,1.50
2011.02.02 06:21:34.666,1.50876,1.50914,1.50,1.50
2011.02.02 06:21:54.452,1.50876,1.50914,1.65,1.50
2011.02.02 06:21:55.531,1.50876,1.50914,1.50,1.50
2011.02.02 06:21:57.243,1.50876,1.50914,1.50,1.50
2011.02.02 06:21:59.482,1.50877,1.50913,1.50,1.50
2011.02.02 06:22:10.770,1.50866,1.50904,1.50,1.50
2011.02.02 06:22:13.416,1.50866,1.50904,1.58,1.50
2011.02.02 06:22:13.862,1.50866,1.50904,1.50,1.50
2011.02.02 06:22:21.762,1.50866,1.50904,1.65,1.50
2011.02.02 06:22:23.404,1.50866,1.50904,1.65,1.50
2011.02.02 06:22:28.514,1.50867,1.50903,1.58,1.50
2011.02.02 06:22:29.088,1.50867,1.50903,1.50,1.50
2011.02.02 06:22:29.755,1.50867,1.50903,1.58,1.50
2011.02.02 06:22:30.424,1.50867,1.50903,1.50,1.50
2011.02.02 06:23:04.767,1.50876,1.50914,1.50,1.50
2011.02.02 06:23:18.209,1.50867,1.50903,1.50,1.50
2011.02.02 06:23:22.643,1.50876,1.50911,1.50,1.50
2011.02.02 06:23:22.754,1.50876,1.50914,1.50,3.00
2011.02.02 06:23:40.343,1.50877,1.50913,1.50,1.50
2011.02.02 06:23:40.571,1.50866,1.50904,1.50,1.50
2011.02.02 06:23:47.546,1.50866,1.50904,1.58,1.50
2011.02.02 06:23:48.079,1.50866,1.50904,1.50,1.50
2011.02.02 06:23:50.736,1.50866,1.50904,1.58,1.50
2011.02.02 06:23:51.370,1.50877,1.50913,1.50,1.50
2011.02.02 06:24:18.135,1.50887,1.50923,1.50,3.00
2011.02.02 06:24:36.373,1.50886,1.50924,1.50,1.50
2011.02.02 06:25:00.498,1.50889,1.50924,2.25,1.50
2011.02.02 06:25:01.023,1.50887,1.50924,2.25,1.50
2011.02.02 06:25:01.474,1.5089,1.50924,2.25,1.50
2011.02.02 06:25:14.364,1.5089,1.50923,2.25,1.50
2011.02.02 06:25:17.511,1.50887,1.50923,1.50,1.50
2011.02.02 06:25:25.696,1.50876,1.50922,1.50,1.50
2011.02.02 06:25:25.925,1.50866,1.50904,1.50,1.50
2011.02.02 06:25:32.421,1.50876,1.50913,1.50,1.50
2011.02.02 06:25:32.757,1.50866,1.50906,1.50,1.50
2011.02.02 06:25:33.093,1.50866,1.50904,1.50,1.50
2011.02.02 06:25:33.828,1.50866,1.50903,1.50,1.50
2011.02.02 06:25:37.211,1.50866,1.50904,1.50,1.50
2011.02.02 06:25:48.680,1.50877,1.50913,1.50,3.00
2011.02.02 06:25:56.867,1.50877,1.50912,1.50,1.50
2011.02.02 06:26:06.270,1.50876,1.50912,1.50,1.50
2011.02.02 06:26:14.717,1.50877,1.50912,1.50,1.50
2011.02.02 06:26:15.733,1.50877,1.50906,1.50,1.50
2011.02.02 06:26:16.293,1.50877,1.50902,1.50,1.50
2011.02.02 06:26:17.467,1.50877,1.50902,1.50,2.25
2011.02.02 06:26:17.581,1.50861,1.50901,1.50,2.25
2011.02.02 06:26:17.800,1.50852,1.50898,1.50,1.50
2011.02.02 06:26:18.131,1.50852,1.50901,1.50,1.50
2011.02.02 06:26:18.350,1.50861,1.50901,1.50,1.50
2011.02.02 06:26:24.588,1.50846,1.50884,1.50,1.50
2011.02.02 06:26:44.906,1.50856,1.50892,1.50,2.25
2011.02.02 06:26:45.023,1.50856,1.50894,1.50,1.50
2011.02.02 06:26:48.633,1.50856,1.50894,2.25,1.50
2011.02.02 06:26:48.862,1.50866,1.50903,1.50,2.25
2011.02.02 06:26:49.524,1.50866,1.50904,1.50,1.50
2011.02.02 06:27:07.430,1.50867,1.50903,1.50,1.50
2011.02.02 06:27:11.332,1.50857,1.50893,1.50,1.50
2011.02.02 06:27:11.882,1.50856,1.50904,1.50,1.50
2011.02.02 06:27:12.330,1.50866,1.50904,1.50,1.50
2011.02.02 06:28:29.218,1.50867,1.50903,1.50,1.50
2011.02.02 06:28:34.612,1.50856,1.50904,1.50,1.50
2011.02.02 06:28:35.164,1.50856,1.50894,1.50,1.50
2011.02.02 06:28:36.681,1.50867,1.50903,1.50,1.50
2011.02.02 06:28:54.544,1.50866,1.50904,1.58,1.50
2011.02.02 06:28:55.210,1.50866,1.50904,1.50,1.50
2011.02.02 06:28:56.059,1.50866,1.50904,1.65,1.50
2011.02.02 06:28:56.661,1.50876,1.50914,1.50,1.50
2011.02.02 06:29:00.962,1.50876,1.50924,1.50,1.50
2011.02.02 06:29:01.191,1.50887,1.50923,1.50,1.50
2011.02.02 06:29:03.031,1.50876,1.50914,1.50,1.50
2011.02.02 06:29:29.320,1.50877,1.50913,1.50,1.50
2011.02.02 06:29:44.293,1.50876,1.50914,1.50,1.50
2011.02.02 06:30:07.641,1.50876,1.50911,1.50,1.50
2011.02.02 06:30:07.861,1.50876,1.50914,1.50,1.50
2011.02.02 06:30:08.942,1.50876,1.50913,1.50,1.50
2011.02.02 06:30:11.559,1.50876,1.50914,1.50,1.50
2011.02.02 06:30:11.781,1.50876,1.50912,1.50,1.50
2011.02.02 06:30:13.604,1.50876,1.50913,1.50,1.50
2011.02.02 06:30:14.351,1.50876,1.50911,1.50,1.50
2011.02.02 06:30:14.790,1.50876,1.50914,1.50,3.00
2011.02.02 06:30:35.669,1.50886,1.5092,1.50,1.50
2011.02.02 06:30:35.890,1.50876,1.50914,1.50,1.50
2011.02.02 06:30:36.460,1.50886,1.5092,1.50,1.50
2011.02.02 06:30:59.682,1.50887,1.50933,1.50,1.58
2011.02.02 06:31:00.304,1.50897,1.50933,1.50,1.50
2011.02.02 06:31:06.920,1.50897,1.50933,1.58,1.50
2011.02.02 06:31:07.471,1.50897,1.50933,1.50,1.50
2011.02.02 06:31:18.991,1.50892,1.50933,2.33,1.50
2011.02.02 06:31:22.030,1.50897,1.50933,1.58,1.50
2011.02.02 06:31:22.550,1.50897,1.50933,1.50,1.50
2011.02.02 06:31:37.361,1.50896,1.50934,1.50,1.50
2011.02.02 06:31:39.302,1.50893,1.50934,2.25,1.50
2011.02.02 06:31:39.414,1.50893,1.50924,2.25,1.50
2011.02.02 06:31:41.580,1.50891,1.50924,2.33,1.50
2011.02.02 06:31:42.379,1.50891,1.50924,2.55,1.50
2011.02.02 06:31:42.894,1.50891,1.50924,2.40,1.50
2011.02.02 06:31:44.082,1.50891,1.50924,2.25,1.50
2011.02.02 06:31:44.206,1.50891,1.50924,2.33,1.50
2011.02.02 06:31:44.771,1.50891,1.50924,2.33,1.50
2011.02.02 06:31:48.482,1.50891,1.50924,2.33,1.50
2011.02.02 06:31:48.810,1.50895,1.50924,2.25,1.50
2011.02.02 06:31:50.623,1.50897,1.50933,1.50,1.50
2011.02.02 06:31:56.427,1.50897,1.50933,1.65,1.50
2011.02.02 06:31:58.609,1.50897,1.50933,1.50,1.50
2011.02.02 06:32:00.461,1.50897,1.50933,1.58,1.50
2011.02.02 06:32:02.945,1.50897,1.50933,1.50,1.50
2011.02.02 06:32:10.120,1.50897,1.50933,1.65,1.50
2011.02.02 06:32:11.653,1.50897,1.50933,1.50,1.50
2011.02.02 06:32:28.030,1.50897,1.50933,1.58,1.50
2011.02.02 06:32:28.712,1.50897,1.50933,1.50,1.50
2011.02.02 06:32:29.333,1.50896,1.50934,1.58,1.50
2011.02.02 06:32:30.148,1.50896,1.50934,1.50,1.50
2011.02.02 06:32:31.663,1.50896,1.50934,1.58,1.50
2011.02.02 06:32:34.309,1.50896,1.50934,1.50,1.50
2011.02.02 06:32:35.330,1.50896,1.50934,1.65,1.50
2011.02.02 06:32:35.660,1.50896,1.50934,1.50,1.50
2011.02.02 06:32:36.004,1.50896,1.50934,1.58,1.50
2011.02.02 06:32:36.542,1.50896,1.50934,1.50,1.50
2011.02.02 06:32:36.771,1.50896,1.50934,1.58,1.50
2011.02.02 06:32:37.412,1.50896,1.50934,1.65,1.50
2011.02.02 06:32:38.503,1.50896,1.50934,1.50,1.50
2011.02.02 06:32:38.621,1.50896,1.50934,1.65,1.50
2011.02.02 06:32:38.842,1.50896,1.50934,1.65,1.50
2011.02.02 06:32:39.992,1.50896,1.50934,1.50,1.50
2011.02.02 06:32:40.632,1.50896,1.50934,1.58,1.50
2011.02.02 06:32:41.840,1.50896,1.50934,1.65,1.50
2011.02.02 06:32:42.203,1.50896,1.50934,1.58,1.50
2011.02.02 06:32:43.048,1.50896,1.50934,1.50,1.50
2011.02.02 06:32:45.853,1.50896,1.50934,1.65,1.50
2011.02.02 06:32:52.925,1.50896,1.50934,1.50,1.50
2011.02.02 06:32:53.765,1.50896,1.50934,1.65,1.50
2011.02.02 06:32:54.771,1.50896,1.50934,1.65,1.50
2011.02.02 06:32:55.310,1.50896,1.50934,1.58,1.50
2011.02.02 06:32:57.604,1.50896,1.50934,1.50,1.50
2011.02.02 06:32:58.162,1.50896,1.50934,1.58,1.50
2011.02.02 06:33:00.452,1.50896,1.50934,1.65,1.50
2011.02.02 06:33:02.722,1.50896,1.50934,1.50,1.50
2011.02.02 06:33:02.954,1.50896,1.50934,1.50,1.69
2011.02.02 06:33:03.416,1.50896,1.50934,1.50,2.25
2011.02.02 06:33:03.754,1.50883,1.50927,1.50,2.44
2011.02.02 06:33:03.871,1.50876,1.50913,1.50,2.25
2011.02.02 06:33:04.426,1.50876,1.50914,1.50,1.88
2011.02.02 06:33:12.151,1.50869,1.50903,1.58,1.50
2011.02.02 06:33:14.760,1.50869,1.50903,1.50,1.50
2011.02.02 06:33:14.982,1.50869,1.50903,1.58,1.50
2011.02.02 06:33:15.722,1.50869,1.50903,1.50,1.50
2011.02.02 06:33:15.836,1.50867,1.50903,1.50,1.50
2011.02.02 06:33:22.904,1.50869,1.50903,1.50,1.50
2011.02.02 06:33:24.090,1.50867,1.50903,1.50,1.50
2011.02.02 06:33:25.303,1.50868,1.50903,1.50,1.50
2011.02.02 06:33:25.765,1.50866,1.50914,1.50,2.25
2011.02.02 06:33:25.884,1.50867,1.50903,1.50,1.50
2011.02.02 06:33:26.409,1.50861,1.50903,1.50,1.50
2011.02.02 06:33:27.071,1.50861,1.50893,1.50,1.50
2011.02.02 06:33:29.596,1.50861,1.50893,1.58,1.50
2011.02.02 06:33:30.276,1.50861,1.50893,1.58,1.50
2011.02.02 06:33:30.911,1.50861,1.50893,1.50,1.50
2011.02.02 06:33:31.555,1.50861,1.50893,1.65,1.50
2011.02.02 06:33:32.946,1.50859,1.50893,1.50,1.50
2011.02.02 06:33:33.452,1.50857,1.50893,1.50,1.50
2011.02.02 06:33:36.092,1.50857,1.50893,1.58,1.50
2011.02.02 06:33:36.323,1.50866,1.50904,1.50,1.50
2011.02.02 06:33:36.846,1.50867,1.50913,1.50,1.50
2011.02.02 06:33:37.194,1.50867,1.50903,1.50,1.50
2011.02.02 06:33:37.643,1.50877,1.50903,1.50,1.50
2011.02.02 06:33:44.231,1.5087,1.50903,1.50,1.50
2011.02.02 06:33:44.778,1.50871,1.50903,1.50,1.50
2011.02.02 06:33:45.975,1.50871,1.50913,1.50,1.50
2011.02.02 06:33:46.097,1.50874,1.50913,1.50,1.50
2011.02.02 06:33:46.546,1.50876,1.50914,1.50,1.50
2011.02.02 06:33:55.015,1.50886,1.50924,1.50,1.50
2011.02.02 06:33:55.540,1.50877,1.50913,1.50,1.50
2011.02.02 06:34:00.401,1.50879,1.50913,1.50,1.50
2011.02.02 06:34:00.937,1.50877,1.50913,1.50,1.50
2011.02.02 06:34:05.270,1.50878,1.50913,1.50,1.50
2011.02.02 06:34:06.356,1.50877,1.50913,1.50,1.50
2011.02.02 06:34:11.450,1.50877,1.50913,1.58,1.50
2011.02.02 06:34:12.001,1.50877,1.50913,1.65,1.50
2011.02.02 06:34:13.510,1.50877,1.50913,1.65,1.50
2011.02.02 06:34:14.061,1.50877,1.50913,1.58,1.50
2011.02.02 06:34:14.171,1.50877,1.50913,1.65,1.50
2011.02.02 06:34:14.281,1.50877,1.50913,1.58,1.50
2011.02.02 06:34:14.715,1.5087,1.50913,1.50,1.50
2011.02.02 06:34:14.833,1.5087,1.50903,1.50,1.50
2011.02.02 06:34:15.732,1.50871,1.50903,1.50,1.50
2011.02.02 06:34:16.282,1.5087,1.50903,1.50,1.50
2011.02.02 06:34:16.952,1.50871,1.50903,1.50,1.50
2011.02.02 06:34:17.502,1.50872,1.50903,1.50,1.50
2011.02.02 06:34:19.153,1.50871,1.50903,1.50,1.50
2011.02.02 06:34:19.743,1.50872,1.50903,1.50,1.50
2011.02.02 06:34:20.303,1.50873,1.50903,1.50,1.50
2011.02.02 06:34:20.974,1.50871,1.50903,1.50,1.50
2011.02.02 06:34:21.405,1.50873,1.50903,1.58,1.50
2011.02.02 06:34:22.091,1.50874,1.50903,1.50,1.50
2011.02.02 06:34:22.641,1.50871,1.50903,1.50,1.50
2011.02.02 06:34:22.863,1.50875,1.50903,1.50,1.50
2011.02.02 06:34:24.070,1.50876,1.50903,1.50,1.50
2011.02.02 06:34:24.185,1.50877,1.50913,1.50,1.50
2011.02.02 06:34:24.631,1.5088,1.50913,1.50,1.50
2011.02.02 06:34:26.233,1.50877,1.50913,1.50,1.50
2011.02.02 06:34:26.830,1.50878,1.50913,1.50,1.50
2011.02.02 06:34:31.463,1.50877,1.50913,1.50,1.50
2011.02.02 06:34:34.914,1.50868,1.50913,1.50,1.50
2011.02.02 06:34:35.143,1.50868,1.50901,1.50,2.25
2011.02.02 06:34:35.557,1.50857,1.50901,1.50,2.25
2011.02.02 06:34:35.678,1.50857,1.50893,1.50,1.50
2011.02.02 06:34:37.306,1.50857,1.50903,1.50,1.50
2011.02.02 06:34:37.422,1.50861,1.50903,1.50,1.50
2011.02.02 06:34:37.642,1.50866,1.50911,1.50,2.25
2011.02.02 06:34:38.091,1.50866,1.50904,1.50,1.50
2011.02.02 06:34:41.742,1.50867,1.5091,1.50,2.33
2011.02.02 06:34:42.406,1.50866,1.50904,1.50,1.50
2011.02.02 06:34:44.743,1.50866,1.50904,1.50,1.58
2011.02.02 06:34:45.400,1.50866,1.50904,1.50,1.50
2011.02.02 06:34:48.650,1.50866,1.50904,1.50,1.58
2011.02.02 06:34:49.204,1.50866,1.50904,1.50,1.50
2011.02.02 06:34:50.991,1.50876,1.50914,1.50,1.80
2011.02.02 06:34:51.951,1.50876,1.50914,1.50,3.98
2011.02.02 06:34:52.530,1.50856,1.50894,1.50,1.50
2011.02.02 06:34:53.864,1.50867,1.50903,1.50,1.65
2011.02.02 06:34:53.983,1.50856,1.50904,1.50,1.65
2011.02.02 06:34:54.408,1.50866,1.50904,1.50,1.65
2011.02.02 06:34:54.741,1.50857,1.50893,1.50,1.50
2011.02.02 06:34:56.143,1.50867,1.50911,1.50,1.50
2011.02.02 06:34:56.384,1.50877,1.50913,1.50,1.65
2011.02.02 06:34:57.013,1.50867,1.50903,1.50,1.58
2011.02.02 06:34:57.615,1.50867,1.50903,1.50,1.50
2011.02.02 06:35:15.307,1.50877,1.50913,1.50,1.50
2011.02.02 06:35:23.331,1.50876,1.50921,1.50,1.50
2011.02.02 06:35:23.952,1.50887,1.50923,1.50,3.75
2011.02.02 06:35:37.942,1.50887,1.50919,1.50,1.50
2011.02.02 06:35:38.486,1.50877,1.50913,1.50,1.50
2011.02.02 06:35:51.243,1.50876,1.50922,1.50,1.50
2011.02.02 06:35:51.582,1.50887,1.50922,1.50,3.75
2011.02.02 06:35:53.703,1.50887,1.50918,1.50,1.50
2011.02.02 06:35:54.133,1.50877,1.50918,1.50,1.50
2011.02.02 06:35:54.362,1.50876,1.50914,1.50,1.50
2011.02.02 06:36:00.853,1.50876,1.50914,2.25,1.50
2011.02.02 06:36:01.320,1.50876,1.50923,2.25,2.25
2011.02.02 06:36:01.721,1.50886,1.50923,1.50,2.25
2011.02.02 06:36:08.704,1.50886,1.50924,1.50,1.50
2011.02.02 06:36:09.102,1.50876,1.50914,1.50,1.50
2011.02.02 06:36:14.372,1.50866,1.50914,1.50,1.50
2011.02.02 06:36:14.592,1.50866,1.50904,1.50,1.50
2011.02.02 06:36:15.608,1.50867,1.50904,1.50,1.50
2011.02.02 06:36:17.689,1.50867,1.50904,1.58,1.50
2011.02.02 06:36:18.471,1.50867,1.50904,1.50,1.50
2011.02.02 06:36:20.338,1.50876,1.50913,1.50,2.25
2011.02.02 06:36:20.890,1.50876,1.50912,1.50,2.25
2011.02.02 06:36:21.699,1.50876,1.50914,1.50,1.50
2011.02.02 06:36:54.891,1.50866,1.50904,3.00,1.50
2011.02.02 06:37:04.623,1.50866,1.50898,1.50,4.50
2011.02.02 06:37:04.745,1.50857,1.50896,1.50,2.25
2011.02.02 06:37:05.197,1.50857,1.50893,1.65,1.50
2011.02.02 06:37:06.056,1.50857,1.50893,1.58,1.50
2011.02.02 06:37:06.614,1.50857,1.50893,1.50,1.50
2011.02.02 06:37:07.310,1.50857,1.50893,1.65,1.50
2011.02.02 06:37:07.974,1.50857,1.50893,1.50,1.50
2011.02.02 06:37:09.717,1.50857,1.50893,1.58,1.50
2011.02.02 06:37:11.172,1.50858,1.50893,1.65,1.50
2011.02.02 06:37:15.100,1.50858,1.50893,1.50,1.50
2011.02.02 06:37:20.594,1.50858,1.50893,1.65,1.50
2011.02.02 06:37:22.323,1.50858,1.50893,1.50,1.50
2011.02.02 06:37:23.817,1.50861,1.50893,1.65,1.50
2011.02.02 06:37:23.934,1.50868,1.50913,1.50,1.50
2011.02.02 06:37:24.548,1.50876,1.50914,1.50,1.50
2011.02.02 06:37:28.982,1.50886,1.50924,1.50,1.50
2011.02.02 06:37:29.312,1.50877,1.50913,1.50,1.50
2011.02.02 06:37:30.700,1.50886,1.50924,1.50,1.50
2011.02.02 06:37:35.244,1.50886,1.50924,1.50,4.65
2011.02.02 06:37:35.582,1.50886,1.50923,1.50,2.58
2011.02.02 06:37:35.700,1.50866,1.50919,1.50,2.33
2011.02.02 06:37:35.812,1.50867,1.50913,1.50,1.50
2011.02.02 06:37:36.234,1.50867,1.50903,1.50,1.50
2011.02.02 06:37:38.403,1.50868,1.50913,2.44,1.50
2011.02.02 06:37:38.515,1.50876,1.50914,1.50,1.50
2011.02.02 06:37:45.012,1.50887,1.50923,1.50,1.50
2011.02.02 06:38:14.890,1.50882,1.50934,1.50,1.50
2011.02.02 06:38:15.002,1.50882,1.50923,1.50,1.50
2011.02.02 06:38:15.332,1.50886,1.50924,1.50,1.50
2011.02.02 06:38:44.313,1.50887,1.50923,1.50,1.50
2011.02.02 06:38:49.295,1.50887,1.50923,1.69,1.50
2011.02.02 06:38:49.416,1.50894,1.50943,1.50,2.25
2011.02.02 06:38:49.534,1.50888,1.50943,1.50,1.50
2011.02.02 06:38:49.656,1.50897,1.50943,1.50,2.93
2011.02.02 06:38:49.993,1.50897,1.50933,1.50,1.50
2011.02.02 06:38:50.332,1.50906,1.50944,1.50,1.50
2011.02.02 06:39:10.595,1.50916,1.50954,1.50,1.50
2011.02.02 06:39:13.372,1.50927,1.50963,1.50,1.50
2011.02.02 06:39:30.845,1.50907,1.50953,1.65,1.50
2011.02.02 06:39:30.969,1.50906,1.50944,1.50,1.50
2011.02.02 06:39:32.475,1.50906,1.50944,1.58,1.50
2011.02.02 06:39:33.817,1.50906,1.50944,1.50,1.50
2011.02.02 06:39:34.572,1.50906,1.50944,1.58,1.50
2011.02.02 06:39:35.141,1.50906,1.50944,1.50,1.50
2011.02.02 06:39:35.772,1.50906,1.50944,1.58,1.50
2011.02.02 06:39:37.021,1.50906,1.50944,1.65,1.50
2011.02.02 06:39:38.166,1.50906,1.50944,1.58,1.50
2011.02.02 06:39:38.868,1.50906,1.50944,1.58,1.50
2011.02.02 06:39:40.501,1.50906,1.50944,1.65,1.50
2011.02.02 06:39:41.052,1.50906,1.50944,1.58,1.50
2011.02.02 06:39:41.161,1.50906,1.50944,1.50,1.50
2011.02.02 06:39:41.512,1.50906,1.50944,1.58,1.50
2011.02.02 06:39:41.622,1.50912,1.50953,1.50,1.50
2011.02.02 06:39:42.255,1.50917,1.50953,1.50,1.50
2011.02.02 06:39:43.373,1.50906,1.50954,1.58,1.50
2011.02.02 06:39:43.997,1.50906,1.50944,1.58,1.50
2011.02.02 06:39:44.773,1.50906,1.50944,1.50,1.50
2011.02.02 06:39:45.114,1.50906,1.50944,1.58,1.50
2011.02.02 06:39:45.233,1.50906,1.50944,1.50,1.50
2011.02.02 06:39:46.111,1.50906,1.50944,1.58,1.50
2011.02.02 06:39:46.223,1.50906,1.50944,1.50,1.50
2011.02.02 06:39:46.915,1.50906,1.50944,1.65,1.50
2011.02.02 06:39:47.472,1.50906,1.50944,1.58,1.50
2011.02.02 06:39:51.984,1.50906,1.50944,1.50,1.50
2011.02.02 06:39:52.653,1.50906,1.50944,1.58,1.50
2011.02.02 06:39:55.122,1.50906,1.50944,1.50,1.50
2011.02.02 06:39:55.637,1.50906,1.50944,1.65,1.50
2011.02.02 06:39:56.241,1.50906,1.50944,1.50,1.50
2011.02.02 06:39:57.241,1.50906,1.50944,1.65,1.50
2011.02.02 06:39:57.712,1.50897,1.50944,1.65,1.50
2011.02.02 06:39:57.823,1.50897,1.50944,1.73,1.50
2011.02.02 06:39:58.356,1.50897,1.50944,1.65,1.50
2011.02.02 06:39:58.475,1.50897,1.50933,3.15,1.50
2011.02.02 06:39:59.132,1.50897,1.50933,7.73,1.50
2011.02.02 06:39:59.701,1.50897,1.50933,3.23,1.50
2011.02.02 06:40:00.173,1.50897,1.50933,1.80,1.50
2011.02.02 06:40:00.609,1.50895,1.50924,1.65,1.50
2011.02.02 06:40:10.787,1.50895,1.50924,1.65,1.50
2011.02.02 06:40:11.121,1.50896,1.50924,3.98,1.50
2011.02.02 06:40:11.231,1.50897,1.50933,1.65,1.50
2011.02.02 06:40:12.371,1.50897,1.50933,1.80,1.50
2011.02.02 06:40:13.362,1.50898,1.50933,1.73,1.50
2011.02.02 06:40:13.584,1.50898,1.50933,1.58,1.50
2011.02.02 06:40:13.704,1.50898,1.50933,1.95,1.50
2011.02.02 06:40:13.825,1.50902,1.50944,1.73,1.50
2011.02.02 06:40:14.055,1.50902,1.50944,1.65,1.50
2011.02.02 06:40:14.613,1.50906,1.50944,1.58,1.50
2011.02.02 06:40:15.067,1.50906,1.50944,1.65,1.50
2011.02.02 06:40:17.286,1.50906,1.50944,1.65,1.50
2011.02.02 06:40:17.926,1.50906,1.50944,1.65,1.50
2011.02.02 06:40:18.048,1.50906,1.50944,1.50,1.50
2011.02.02 06:40:18.585,1.50906,1.50944,1.58,1.50
2011.02.02 06:40:19.034,1.50906,1.50944,1.65,1.50
2011.02.02 06:40:19.195,1.50906,1.50944,1.58,1.50
2011.02.02 06:40:20.752,1.50906,1.50944,1.80,1.50
2011.02.02 06:40:23.641,1.50906,1.50944,1.65,1.50
2011.02.02 06:40:23.955,1.50906,1.50944,3.98,1.50
2011.02.02 06:40:26.232,1.50906,1.50944,1.65,1.50
2011.02.02 06:40:27.904,1.50906,1.50944,1.80,1.50
2011.02.02 06:40:28.462,1.50906,1.50944,1.65,1.50
2011.02.02 06:40:30.192,1.50906,1.50944,1.80,1.50
2011.02.02 06:40:33.053,1.50906,1.50944,1.65,1.50
2011.02.02 06:40:33.173,1.50906,1.50944,1.65,1.50
2011.02.02 06:40:35.397,1.50906,1.50944,1.58,1.50
2011.02.02 06:40:36.744,1.50906,1.50944,1.58,1.50
2011.02.02 06:40:38.810,1.50906,1.50944,1.65,1.50
2011.02.02 06:40:39.431,1.50906,1.50944,1.65,1.50
2011.02.02 06:40:40.396,1.50906,1.50944,1.65,1.50
2011.02.02 06:40:41.026,1.50906,1.50944,1.65,1.50
2011.02.02 06:40:41.452,1.50906,1.50944,1.65,1.50
2011.02.02 06:40:42.001,1.50906,1.50944,1.65,1.50
2011.02.02 06:40:50.211,1.50906,1.50944,1.65,1.50
2011.02.02 06:40:50.433,1.50906,1.50944,1.65,1.50
2011.02.02 06:40:50.888,1.50906,1.50944,4.73,1.50
2011.02.02 06:40:51.002,1.50906,1.50944,1.65,1.50
2011.02.02 06:40:51.117,1.50906,1.50944,1.65,1.50
2011.02.02 06:40:51.231,1.50906,1.50944,3.98,1.50
2011.02.02 06:40:52.271,1.50907,1.50944,1.80,1.50
2011.02.02 06:40:54.586,1.50907,1.50944,4.20,1.50
2011.02.02 06:40:54.811,1.50907,1.50944,1.80,1.50
2011.02.02 06:40:59.371,1.50907,1.50943,3.15,1.50
2011.02.02 06:40:59.557,1.50907,1.50943,7.95,1.50
2011.02.02 06:41:00.111,1.50907,1.50943,3.23,1.50
2011.02.02 06:41:00.221,1.50907,1.50943,3.30,1.50
2011.02.02 06:41:00.681,1.50907,1.50943,7.95,1.50
2011.02.02 06:41:07.391,1.50907,1.50943,3.15,1.50
2011.02.02 06:41:07.720,1.50907,1.50943,7.73,1.50
2011.02.02 06:41:09.311,1.50907,1.50943,1.80,1.50
2011.02.02 06:41:09.754,1.50907,1.50943,7.73,1.50
2011.02.02 06:41:10.280,1.50907,1.50943,4.17,1.50
2011.02.02 06:41:10.502,1.50907,1.50943,1.73,1.50
2011.02.02 06:41:10.725,1.50907,1.50943,4.17,1.50
2011.02.02 06:41:11.272,1.50907,1.50943,7.73,1.50
2011.02.02 06:41:13.242,1.50907,1.50943,1.73,1.50
2011.02.02 06:41:14.101,1.50907,1.50943,4.17,1.50
2011.02.02 06:41:14.322,1.50908,1.50943,1.73,1.50
2011.02.02 06:41:20.753,1.50908,1.50943,1.80,1.50
2011.02.02 06:41:23.342,1.50908,1.50943,1.95,1.50
2011.02.02 06:41:24.460,1.50908,1.50943,1.65,1.50
2011.02.02 06:41:27.634,1.50908,1.50954,1.73,1.50
2011.02.02 06:41:27.973,1.50917,1.50953,1.80,1.50
2011.02.02 06:41:28.093,1.50917,1.50953,1.65,1.50
2011.02.02 06:41:28.843,1.50917,1.50953,1.65,1.50
2011.02.02 06:41:30.472,1.50917,1.50953,1.80,1.50
2011.02.02 06:41:31.478,1.50916,1.50954,1.65,1.50
2011.02.02 06:41:35.464,1.50916,1.50954,3.98,1.50
2011.02.02 06:41:35.862,1.50916,1.50954,1.80,1.50
2011.02.02 06:41:36.192,1.50914,1.50943,1.58,1.50
2011.02.02 06:41:36.512,1.50914,1.50943,1.65,1.50
2011.02.02 06:41:38.451,1.50914,1.50943,3.98,1.50
2011.02.02 06:41:38.671,1.50914,1.50943,1.65,1.50
2011.02.02 06:41:38.903,1.50914,1.50943,1.58,1.50
2011.02.02 06:41:39.444,1.50914,1.50943,1.58,1.50
2011.02.02 06:41:39.603,1.50914,1.50943,1.65,1.50
2011.02.02 06:41:39.930,1.50914,1.50943,4.20,1.50
2011.02.02 06:41:40.371,1.50914,1.50943,1.65,1.50
2011.02.02 06:41:41.451,1.50914,1.50943,1.80,1.50
2011.02.02 06:41:48.421,1.50916,1.50954,1.65,1.50
2011.02.02 06:41:49.062,1.50916,1.50954,1.58,1.50
2011.02.02 06:41:49.974,1.50916,1.50954,1.65,1.50
2011.02.02 06:41:51.112,1.50916,1.50954,1.80,1.50
2011.02.02 06:41:52.333,1.50916,1.50954,7.73,1.50
2011.02.02 06:41:54.470,1.50916,1.50954,7.73,1.50
2011.02.02 06:41:56.420,1.50916,1.50954,7.73,1.50
2011.02.02 06:41:58.042,1.50916,1.50954,3.15,1.50
2011.02.02 06:42:00.482,1.50916,1.50954,7.73,1.50
2011.02.02 06:42:00.812,1.50916,1.50954,3.30,1.50
2011.02.02 06:42:01.191,1.50916,1.50954,7.73,1.50
2011.02.02 06:42:03.605,1.50916,1.50954,7.95,1.50
2011.02.02 06:42:05.371,1.50916,1.50954,3.30,1.50
2011.02.02 06:42:06.291,1.50917,1.50953,1.80,1.50
2011.02.02 06:42:10.021,1.50917,1.50953,1.95,1.50
2011.02.02 06:42:10.364,1.50919,1.50963,1.80,2.25
2011.02.02 06:42:10.484,1.50919,1.50963,4.20,1.50
2011.02.02 06:42:11.094,1.50936,1.50974,1.50,1.50
2011.02.02 06:42:13.632,1.50936,1.50974,1.58,1.50
2011.02.02 06:42:15.273,1.50936,1.50974,1.50,1.50
2011.02.02 06:42:16.345,1.50936,1.50974,1.65,1.50
2011.02.02 06:42:18.261,1.50927,1.50963,3.45,1.50
2011.02.02 06:42:18.372,1.50927,1.50963,3.30,1.50
2011.02.02 06:42:18.876,1.50927,1.50963,7.73,1.50
2011.02.02 06:42:19.412,1.50927,1.50963,3.15,1.50
2011.02.02 06:42:20.414,1.50927,1.50963,7.73,1.50
2011.02.02 06:42:29.522,1.50927,1.50963,3.08,1.50
2011.02.02 06:42:29.632,1.50927,1.50973,3.15,1.50
2011.02.02 06:42:29.742,1.50927,1.50973,1.65,1.50
2011.02.02 06:42:29.851,1.50927,1.50973,1.58,1.50
2011.02.02 06:42:30.180,1.50927,1.50963,1.58,1.50
2011.02.02 06:42:30.835,1.50927,1.50963,1.65,1.50
2011.02.02 06:42:31.933,1.50928,1.50963,1.58,1.50
2011.02.02 06:42:33.371,1.50929,1.50963,1.80,1.50
2011.02.02 06:42:33.893,1.50929,1.50963,3.98,1.50
2011.02.02 06:42:36.362,1.50927,1.50963,1.73,1.50
2011.02.02 06:42:38.502,1.50927,1.50963,4.58,1.50
2011.02.02 06:42:40.419,1.50927,1.50963,4.20,1.50
2011.02.02 06:42:42.557,1.50937,1.50973,1.58,1.50
2011.02.02 06:42:43.664,1.50937,1.50973,1.65,1.50
2011.02.02 06:42:45.009,1.50937,1.50973,1.80,1.50
2011.02.02 06:42:46.189,1.50937,1.50973,1.65,1.50
2011.02.02 06:42:46.518,1.50937,1.50973,1.80,1.50
2011.02.02 06:42:46.630,1.50937,1.50973,1.65,1.50
2011.02.02 06:42:48.088,1.50937,1.50973,1.58,1.50
2011.02.02 06:42:49.107,1.50937,1.50973,3.98,1.50
2011.02.02 06:42:49.551,1.50943,1.50984,5.85,1.50
2011.02.02 06:42:49.779,1.50944,1.50984,2.33,1.50
2011.02.02 06:42:50.413,1.50947,1.50983,1.58,1.50
2011.02.02 06:42:50.939,1.50947,1.50983,1.58,1.50
2011.02.02 06:42:51.571,1.50948,1.50983,1.50,1.50
2011.02.02 06:42:51.688,1.50948,1.50983,1.65,1.50
2011.02.02 06:42:54.119,1.50947,1.50983,3.90,1.50
2011.02.02 06:42:54.559,1.50951,1.50983,1.50,1.50
2011.02.02 06:42:55.193,1.50951,1.50983,1.65,1.50
2011.02.02 06:42:55.310,1.50952,1.50983,1.05,1.50
2011.02.02 06:42:56.358,1.50952,1.50983,1.17,1.50
2011.02.02 06:42:56.838,1.50953,1.50983,2.40,1.50
2011.02.02 06:42:57.059,1.50953,1.50983,2.40,1.50
2011.02.02 06:42:57.721,1.50955,1.50983,4.73,1.50
2011.02.02 06:42:57.903,1.50955,1.50983,4.65,1.50
2011.02.02 06:42:59.619,1.50957,1.50983,2.33,1.50
2011.02.02 06:43:00.296,1.50957,1.50994,1.05,1.50
2011.02.02 06:43:00.524,1.50957,1.50994,2.10,1.50
2011.02.02 06:43:00.641,1.50958,1.50993,1.58,1.50
2011.02.02 06:43:01.184,1.50957,1.50993,2.33,1.50
2011.02.02 06:43:01.299,1.50957,1.50993,2.40,1.50
2011.02.02 06:43:02.508,1.50957,1.50993,2.40,1.50
2011.02.02 06:43:04.168,1.50957,1.50993,5.85,1.50
2011.02.02 06:43:04.389,1.50957,1.50993,2.40,1.50
2011.02.02 06:43:06.249,1.50957,1.50993,2.40,1.50
2011.02.02 06:43:06.908,1.50959,1.50993,1.65,1.50
2011.02.02 06:43:07.129,1.50959,1.50993,1.58,1.50
2011.02.02 06:43:07.348,1.50959,1.50993,1.65,1.50
2011.02.02 06:43:07.579,1.50966,1.51004,1.58,1.50
2011.02.02 06:43:08.263,1.50966,1.51004,1.50,1.50
2011.02.02 06:43:10.339,1.50966,1.51004,1.65,1.50
2011.02.02 06:43:10.668,1.50966,1.51004,4.20,1.50
2011.02.02 06:43:11.273,1.50966,1.51004,1.65,1.50
2011.02.02 06:43:11.615,1.50966,1.51004,3.98,1.50
2011.02.02 06:43:12.248,1.50973,1.51013,2.33,1.50
2011.02.02 06:43:12.362,1.50973,1.51003,2.25,1.50
2011.02.02 06:43:13.096,1.50974,1.51003,2.25,1.50
2011.02.02 06:43:13.770,1.5097,1.51003,3.90,1.50
2011.02.02 06:43:14.520,1.5097,1.51003,3.75,1.50
2011.02.02 06:43:15.433,1.5097,1.51003,3.83,1.50
2011.02.02 06:43:18.438,1.5097,1.51003,3.75,1.50
2011.02.02 06:43:19.800,1.5097,1.51003,3.83,1.50
2011.02.02 06:43:19.909,1.5097,1.51003,3.75,1.50
2011.02.02 06:43:20.340,1.5097,1.51003,3.83,1.50
2011.02.02 06:43:21.467,1.5097,1.51003,3.83,1.50
2011.02.02 06:43:22.489,1.5097,1.51003,3.75,1.50
2011.02.02 06:43:24.502,1.50975,1.51003,2.33,1.50
2011.02.02 06:43:24.619,1.50975,1.51003,2.25,1.50
2011.02.02 06:43:24.729,1.50976,1.51014,1.58,1.50
2011.02.02 06:43:25.473,1.50976,1.51014,1.50,1.50
2011.02.02 06:43:25.810,1.50976,1.51014,1.58,1.50
2011.02.02 06:43:28.588,1.50976,1.51014,1.50,1.50
2011.02.02 06:43:29.230,1.50976,1.51014,1.58,1.50
2011.02.02 06:43:30.871,1.50976,1.51014,1.50,1.50
2011.02.02 06:43:33.091,1.50976,1.51014,1.58,1.50
2011.02.02 06:43:34.856,1.50976,1.51014,1.50,1.50
2011.02.02 06:43:36.261,1.50968,1.51003,2.25,1.50
2011.02.02 06:43:36.683,1.50957,1.50995,1.50,2.25
2011.02.02 06:43:36.806,1.50957,1.50993,1.50,1.50
2011.02.02 06:43:54.488,1.50956,1.50994,1.50,1.50
2011.02.02 06:43:55.058,1.50951,1.50994,1.50,1.50
2011.02.02 06:43:55.170,1.50948,1.50994,1.50,1.50
2011.02.02 06:43:55.692,1.50948,1.50984,1.50,1.50
2011.02.02 06:44:00.740,1.50946,1.50984,1.50,1.50
2011.02.02 06:44:01.067,1.50942,1.50983,1.65,1.50
2011.02.02 06:44:01.410,1.50939,1.50973,1.58,1.50
2011.02.02 06:44:04.978,1.50939,1.50973,1.50,1.50
2011.02.02 06:44:05.089,1.50939,1.50973,1.58,1.50
2011.02.02 06:44:06.469,1.50939,1.50973,1.58,1.50
2011.02.02 06:44:08.440,1.50939,1.50973,1.50,1.50
2011.02.02 06:44:10.079,1.50939,1.50973,1.65,1.50
2011.02.02 06:44:19.289,1.50939,1.50974,1.58,1.50
2011.02.02 06:44:21.738,1.50941,1.50974,1.65,1.50
2011.02.02 06:44:26.304,1.50941,1.50974,1.58,1.50
2011.02.02 06:44:30.878,1.50941,1.50974,1.50,1.50
2011.02.02 06:44:37.629,1.50941,1.50974,1.58,1.50
2011.02.02 06:44:38.488,1.50941,1.50974,1.50,1.50
2011.02.02 06:44:42.298,1.50944,1.50974,1.50,1.50
2011.02.02 06:44:42.627,1.50944,1.50974,1.65,1.50
2011.02.02 06:44:42.848,1.50942,1.50974,1.65,1.50
2011.02.02 06:44:43.259,1.50942,1.50974,1.65,1.50
2011.02.02 06:44:44.638,1.50943,1.50974,1.58,1.50
2011.02.02 06:44:44.750,1.50943,1.50974,1.50,1.50
2011.02.02 06:44:44.872,1.50946,1.50974,1.58,1.50
2011.02.02 06:44:45.542,1.50948,1.50974,1.50,1.50
2011.02.02 06:44:45.919,1.5095,1.50974,1.65,1.50
2011.02.02 06:44:46.589,1.50952,1.50983,1.58,1.50
2011.02.02 06:44:47.360,1.50952,1.50983,1.58,1.50
2011.02.02 06:44:47.793,1.50952,1.50983,1.65,1.50
2011.02.02 06:44:47.909,1.50952,1.50983,1.65,1.50
2011.02.02 06:44:48.241,1.50952,1.50983,1.65,1.50
2011.02.02 06:44:48.470,1.50954,1.50983,1.50,1.50
2011.02.02 06:44:49.210,1.50954,1.50983,2.33,1.50
2011.02.02 06:44:49.598,1.50957,1.50993,1.50,1.50
2011.02.02 06:44:51.574,1.50957,1.50993,1.65,1.50
2011.02.02 06:44:51.798,1.50957,1.50993,1.50,1.50
2011.02.02 06:44:54.010,1.50957,1.50993,2.25,1.50
2011.02.02 06:44:55.272,1.50958,1.50993,2.25,1.50
2011.02.02 06:44:55.991,1.50967,1.51003,1.50,1.50
2011.02.02 06:45:01.627,1.50959,1.50994,2.25,1.50
2011.02.02 06:45:01.853,1.50959,1.50994,1.50,1.50
2011.02.02 06:45:02.376,1.50956,1.50994,3.83,1.50
2011.02.02 06:45:03.149,1.5096,1.50994,1.50,1.50
2011.02.02 06:45:03.699,1.50966,1.51004,1.50,1.50
2011.02.02 06:45:07.711,1.50966,1.51004,1.58,1.50
2011.02.02 06:45:07.838,1.50971,1.51014,1.50,1.50
2011.02.02 06:45:07.952,1.50976,1.51014,1.50,1.50
2011.02.02 06:45:10.297,1.50977,1.51023,1.88,1.50
2011.02.02 06:45:10.630,1.50976,1.51014,1.50,1.50
2011.02.02 06:45:15.634,1.50983,1.51014,1.50,1.50
2011.02.02 06:45:15.754,1.50983,1.51033,1.58,1.50
2011.02.02 06:45:15.876,1.50997,1.51034,2.25,1.50
2011.02.02 06:45:16.358,1.51007,1.51033,1.50,1.50
2011.02.02 06:45:16.583,1.51011,1.51043,2.07,1.50
2011.02.02 06:45:18.498,1.51012,1.51043,2.03,1.50
2011.02.02 06:45:19.235,1.51007,1.51043,3.00,1.50
2011.02.02 06:45:19.353,1.51016,1.51054,1.50,1.50
2011.02.02 06:45:21.519,1.51016,1.51051,1.50,2.25
2011.02.02 06:45:21.869,1.51007,1.51043,1.50,1.50
2011.02.02 06:45:25.981,1.50997,1.51033,1.50,1.50
2011.02.02 06:45:28.281,1.50997,1.51033,1.69,1.50
2011.02.02 06:45:28.728,1.51006,1.51044,1.50,1.50
2011.02.02 06:45:30.970,1.51006,1.51044,2.44,1.50
2011.02.02 06:45:31.079,1.51007,1.51053,2.44,1.50
2011.02.02 06:45:31.409,1.51017,1.51053,1.50,1.50
2011.02.02 06:45:33.640,1.51031,1.51072,1.69,2.25
2011.02.02 06:45:34.035,1.51027,1.51072,1.50,2.25
2011.02.02 06:45:34.157,1.51046,1.51078,1.50,1.50
2011.02.02 06:45:34.272,1.51036,1.51074,1.50,1.50
2011.02.02 06:45:39.630,1.51046,1.51077,1.50,1.50
2011.02.02 06:45:40.178,1.51037,1.51073,1.50,1.50
2011.02.02 06:45:52.080,1.51027,1.51073,1.50,1.50
2011.02.02 06:45:52.545,1.51027,1.51063,1.50,1.50
2011.02.02 06:45:53.730,1.51027,1.51063,2.25,1.50
2011.02.02 06:45:54.330,1.51037,1.51073,1.50,1.50
2011.02.02 06:45:56.719,1.51037,1.51072,1.50,2.25
2011.02.02 06:45:56.836,1.51016,1.51064,2.25,1.50
2011.02.02 06:45:57.601,1.51027,1.51061,1.50,2.25
2011.02.02 06:45:57.942,1.51017,1.51053,1.50,1.50
2011.02.02 06:46:00.447,1.5102,1.51064,3.00,1.50
2011.02.02 06:46:00.564,1.51026,1.51074,1.50,3.00
2011.02.02 06:46:00.899,1.51027,1.51063,1.50,1.50
2011.02.02 06:46:01.973,1.51027,1.51062,1.50,1.50
2011.02.02 06:46:03.270,1.51016,1.51054,1.50,1.50
2011.02.02 06:46:03.600,1.51006,1.51054,1.50,1.50
2011.02.02 06:46:03.829,1.51006,1.51052,1.50,1.50
2011.02.02 06:46:04.174,1.51006,1.51044,1.50,1.50
2011.02.02 06:46:08.644,1.51006,1.51044,1.65,1.50
2011.02.02 06:46:08.762,1.51016,1.51054,1.50,1.50
2011.02.02 06:46:10.555,1.51008,1.51063,1.09,1.50
2011.02.02 06:46:10.781,1.5101,1.51063,1.95,1.50
2011.02.02 06:46:11.009,1.51026,1.51069,1.50,1.58
2011.02.02 06:46:11.340,1.51026,1.51064,1.50,1.50
2011.02.02 06:46:11.701,1.51026,1.51063,2.25,1.50
2011.02.02 06:46:11.819,1.51026,1.51063,1.50,1.50
2011.02.02 06:46:12.888,1.51026,1.51064,1.50,1.50
2011.02.02 06:46:14.322,1.51017,1.51063,2.25,1.50
2011.02.02 06:46:14.552,1.51016,1.51054,1.50,1.50
2011.02.02 06:46:17.376,1.51007,1.51043,1.58,1.50
2011.02.02 06:46:17.931,1.51007,1.51043,2.40,1.50
2011.02.02 06:46:20.074,1.51007,1.51043,2.33,1.50
2011.02.02 06:46:20.980,1.51008,1.51043,1.58,1.50
2011.02.02 06:46:21.101,1.51027,1.51073,1.50,3.00
2011.02.02 06:46:21.330,1.51026,1.51064,1.50,1.50
2011.02.02 06:46:23.605,1.51026,1.5106,1.50,1.50
2011.02.02 06:46:23.842,1.51026,1.51062,1.50,1.50
2011.02.02 06:46:23.963,1.51017,1.51053,1.50,1.50
2011.02.02 06:46:27.889,1.51027,1.51063,1.50,1.50
2011.02.02 06:46:30.439,1.51017,1.51053,1.50,1.50
2011.02.02 06:46:30.819,1.51026,1.51064,1.50,1.50
2011.02.02 06:46:44.982,1.51016,1.51054,1.50,1.50
2011.02.02 06:46:45.320,1.51027,1.51063,1.50,1.50
2011.02.02 06:47:00.453,1.51016,1.51054,1.50,1.50
2011.02.02 06:47:04.380,1.51006,1.51054,1.50,1.50
2011.02.02 06:47:04.794,1.51006,1.51044,1.50,1.50
2011.02.02 06:47:07.121,1.51006,1.51044,1.58,1.50
2011.02.02 06:47:07.462,1.5101,1.51044,2.82,1.50
2011.02.02 06:47:07.883,1.51011,1.51063,1.02,1.50
2011.02.02 06:47:08.005,1.51027,1.51063,1.50,1.50
2011.02.02 06:47:10.136,1.51027,1.51063,2.25,1.50
2011.02.02 06:47:10.367,1.51031,1.51083,1.69,1.50
2011.02.02 06:47:10.592,1.51047,1.51085,1.50,1.50
2011.02.02 06:47:11.559,1.51047,1.51083,1.50,1.65
2011.02.02 06:47:11.799,1.51036,1.51074,2.25,1.50
2011.02.02 06:47:12.749,1.51027,1.51073,1.50,1.50
2011.02.02 06:47:13.094,1.51037,1.51073,1.50,1.50
2011.02.02 06:47:13.433,1.51026,1.51074,1.50,1.50
2011.02.02 06:47:13.852,1.51027,1.51063,1.50,1.50
2011.02.02 06:47:14.190,1.51027,1.51063,2.25,1.50
2011.02.02 06:47:15.677,1.51027,1.51063,2.25,1.50
2011.02.02 06:47:17.444,1.51027,1.51073,2.25,1.50
2011.02.02 06:47:17.998,1.51036,1.51074,1.50,1.50
2011.02.02 06:47:19.148,1.51027,1.51063,2.25,1.50
2011.02.02 06:47:22.959,1.51027,1.51063,2.25,1.50
2011.02.02 06:47:23.178,1.51036,1.51074,1.50,1.50
2011.02.02 06:47:25.701,1.51026,1.51074,2.25,1.50
2011.02.02 06:47:26.408,1.51037,1.51073,1.50,1.50
2011.02.02 06:47:30.358,1.51037,1.51083,2.25,1.50
2011.02.02 06:47:30.717,1.51036,1.51074,2.25,1.50
2011.02.02 06:47:32.558,1.51038,1.51074,2.40,1.50
2011.02.02 06:47:33.421,1.51038,1.51074,2.48,1.50
2011.02.02 06:47:35.401,1.51038,1.51074,2.33,1.50
2011.02.02 06:47:35.836,1.51036,1.51074,3.90,1.50
2011.02.02 06:47:36.064,1.51036,1.51074,1.50,1.50
2011.02.02 06:47:36.575,1.51033,1.51074,2.25,1.50
2011.02.02 06:47:36.802,1.51043,1.51084,1.50,1.50
2011.02.02 06:47:37.464,1.51047,1.51083,1.50,1.50
2011.02.02 06:47:41.669,1.51046,1.51094,1.50,1.69
2011.02.02 06:47:41.779,1.51046,1.51094,1.50,3.19
2011.02.02 06:47:42.108,1.51046,1.51084,1.50,1.50
2011.02.02 06:47:53.294,1.51036,1.51084,1.50,1.50
2011.02.02 06:47:53.642,1.51037,1.51073,1.50,1.50
2011.02.02 06:47:56.808,1.51027,1.51064,1.50,1.50
2011.02.02 06:47:59.320,1.51026,1.51064,1.50,1.50
2011.02.02 06:48:05.170,1.51027,1.51064,2.25,1.50
2011.02.02 06:48:05.670,1.51028,1.51064,2.25,1.50
2011.02.02 06:48:06.229,1.51029,1.51064,1.50,1.50
2011.02.02 06:48:29.252,1.51029,1.51063,1.50,1.50
2011.02.02 06:48:34.049,1.51032,1.51063,1.50,1.50
2011.02.02 06:48:34.379,1.51034,1.51063,1.50,1.50
2011.02.02 06:48:34.713,1.51039,1.51063,1.50,1.50
2011.02.02 06:48:35.410,1.51036,1.51063,1.50,1.50
2011.02.02 06:48:35.520,1.51037,1.51073,1.50,1.50
2011.02.02 06:48:36.230,1.51035,1.51064,1.50,1.50
2011.02.02 06:48:38.006,1.51037,1.51073,1.50,1.50
2011.02.02 06:48:41.491,1.51049,1.51073,3.19,1.50
2011.02.02 06:48:41.971,1.51086,1.51121,1.50,1.58
2011.02.02 06:48:42.203,1.51086,1.51124,1.50,1.65
2011.02.02 06:48:42.711,1.51086,1.51124,1.50,1.65
2011.02.02 06:48:42.839,1.51086,1.51124,1.50,1.65
2011.02.02 06:48:42.954,1.51076,1.51114,1.50,1.50
2011.02.02 06:48:47.039,1.51066,1.51104,1.50,1.50
2011.02.02 06:48:47.681,1.51058,1.51104,1.50,1.50
2011.02.02 06:48:47.804,1.51061,1.51104,1.69,1.50
2011.02.02 06:48:47.922,1.51068,1.51123,2.25,2.25
2011.02.02 06:48:48.261,1.51087,1.51123,1.50,1.50
2011.02.02 06:48:48.599,1.51077,1.51113,1.50,1.50
2011.02.02 06:48:50.381,1.51076,1.51124,1.50,1.50
2011.02.02 06:48:50.501,1.51086,1.51124,1.50,1.50
2011.02.02 06:48:53.020,1.51068,1.51113,1.50,1.50
2011.02.02 06:48:53.352,1.51067,1.51103,1.50,1.50
2011.02.02 06:48:53.996,1.51056,1.51104,1.50,1.50
2011.02.02 06:48:54.110,1.5105,1.51083,1.50,1.50
2011.02.02 06:48:55.557,1.51047,1.51083,1.50,1.50
2011.02.02 06:48:58.978,1.51043,1.51074,1.50,1.50
2011.02.02 06:49:00.051,1.51037,1.51074,1.50,1.50
2011.02.02 06:49:00.410,1.51039,1.51063,1.50,1.50
2011.02.02 06:49:02.110,1.51041,1.51063,1.50,1.50
2011.02.02 06:49:02.232,1.51039,1.51063,1.50,1.50
2011.02.02 06:49:02.724,1.51037,1.51073,1.50,1.50
2011.02.02 06:49:05.501,1.5104,1.51083,1.50,1.50
2011.02.02 06:49:05.623,1.51044,1.51083,1.50,1.50
2011.02.02 06:49:05.746,1.5104,1.51083,1.50,1.50
2011.02.02 06:49:05.863,1.51046,1.51084,1.50,1.50
2011.02.02 06:49:07.654,1.51046,1.51084,1.50,1.58
2011.02.02 06:49:08.479,1.51046,1.51084,1.50,1.50
2011.02.02 06:49:09.041,1.51047,1.51093,1.50,1.65
2011.02.02 06:49:09.160,1.51057,1.51093,1.50,1.58
2011.02.02 06:49:11.769,1.51057,1.51093,1.50,1.65
2011.02.02 06:49:12.399,1.51057,1.51093,1.50,1.58
2011.02.02 06:49:14.948,1.51057,1.51093,1.50,1.50
2011.02.02 06:49:16.116,1.51046,1.51084,1.50,1.50
2011.02.02 06:49:18.398,1.51057,1.51093,1.50,1.65
2011.02.02 06:49:24.704,1.51066,1.51104,1.50,1.58
2011.02.02 06:49:24.824,1.51066,1.51104,1.50,1.50
2011.02.02 06:49:25.051,1.51066,1.51104,1.50,1.65
2011.02.02 06:49:25.702,1.51066,1.51104,1.50,1.65
2011.02.02 06:49:26.592,1.51066,1.51104,1.50,1.65
2011.02.02 06:49:27.114,1.51066,1.51104,1.50,1.58
2011.02.02 06:49:28.201,1.51066,1.51104,1.50,1.50
2011.02.02 06:49:29.486,1.51066,1.51104,1.50,1.58
2011.02.02 06:49:30.539,1.51066,1.51104,1.50,1.50
2011.02.02 06:49:31.200,1.51066,1.51104,1.50,1.58
2011.02.02 06:49:32.561,1.51066,1.51104,1.50,1.80
2011.02.02 06:49:33.260,1.51066,1.51104,1.50,1.65
2011.02.02 06:49:36.079,1.51066,1.51104,1.50,1.58
2011.02.02 06:49:38.271,1.51066,1.51104,1.50,1.80
2011.02.02 06:49:38.768,1.51057,1.51103,1.50,1.65
2011.02.02 06:49:39.219,1.51056,1.51094,1.50,1.50
2011.02.02 06:49:50.369,1.51047,1.51093,1.58,1.50
2011.02.02 06:49:50.589,1.51047,1.51083,1.58,1.50
2011.02.02 06:49:55.771,1.51047,1.51083,1.50,1.50
2011.02.02 06:49:57.559,1.51047,1.51083,3.08,1.50
2011.02.02 06:49:59.431,1.51047,1.51083,3.15,1.50
2011.02.02 06:49:59.658,1.51047,1.51083,3.08,1.50
2011.02.02 06:50:00.598,1.51047,1.51083,3.15,1.50
2011.02.02 06:50:01.368,1.51047,1.51083,3.08,1.50
2011.02.02 06:50:06.144,1.51047,1.51083,3.00,1.50
2011.02.02 06:50:08.508,1.51047,1.51084,1.50,1.50
2011.02.02 06:50:09.071,1.51048,1.51084,1.50,1.50
2011.02.02 06:50:14.270,1.51047,1.51084,1.50,1.50
2011.02.02 06:50:16.118,1.51047,1.51084,1.58,1.50
2011.02.02 06:50:16.750,1.51047,1.51084,1.50,1.50
2011.02.02 06:50:17.189,1.51046,1.51073,1.50,1.50
2011.02.02 06:50:23.098,1.51047,1.51083,1.50,1.50
2011.02.02 06:50:31.917,1.5104,1.51063,1.50,1.50
2011.02.02 06:50:37.432,1.51037,1.51063,1.50,1.50
2011.02.02 06:50:38.113,1.51037,1.51064,1.50,1.50
2011.02.02 06:50:38.233,1.51035,1.51064,1.50,1.50
2011.02.02 06:50:38.461,1.51037,1.51064,1.50,1.50
2011.02.02 06:50:40.300,1.51037,1.51073,1.50,1.50
2011.02.02 06:50:40.880,1.51037,1.51074,1.50,1.50
2011.02.02 06:50:41.422,1.51036,1.51074,1.50,1.50
2011.02.02 06:50:43.393,1.51037,1.51074,1.50,1.50
2011.02.02 06:50:44.649,1.51036,1.51074,1.50,1.50
2011.02.02 06:50:44.869,1.51034,1.51064,1.50,1.50
2011.02.02 06:50:45.378,1.5103,1.51064,1.50,1.50
2011.02.02 06:50:45.712,1.51026,1.51064,3.00,1.50
2011.02.02 06:50:57.364,1.51026,1.51064,1.50,1.88
2011.02.02 06:50:58.762,1.51028,1.51074,1.50,1.95
2011.02.02 06:50:58.989,1.51037,1.51073,1.50,1.95
2011.02.02 06:51:00.182,1.51037,1.51073,1.50,4.28
2011.02.02 06:51:00.414,1.51037,1.51073,1.50,1.95
2011.02.02 06:51:00.533,1.51026,1.51064,1.50,1.50
2011.02.02 06:51:01.614,1.51026,1.51064,1.50,1.88
2011.02.02 06:51:01.962,1.51027,1.51073,1.69,2.25
2011.02.02 06:51:02.302,1.51037,1.51073,1.50,2.25
2011.02.02 06:51:02.530,1.51027,1.51063,1.50,1.50
2011.02.02 06:51:05.491,1.51036,1.51083,1.50,1.02
2011.02.02 06:51:06.289,1.51036,1.51083,1.50,1.02
2011.02.02 06:51:06.620,1.51046,1.51083,1.50,1.28
2011.02.02 06:51:14.872,1.51046,1.51082,1.50,1.28
2011.02.02 06:51:15.853,1.51029,1.51074,1.50,1.88
2011.02.02 06:51:15.974,1.51028,1.51074,1.50,2.25
2011.02.02 06:51:16.309,1.51029,1.51064,1.50,1.50
2011.02.02 06:51:16.861,1.51031,1.51064,1.50,1.50
2011.02.02 06:51:17.271,1.51036,1.51074,1.50,2.25
2011.02.02 06:51:19.111,1.51037,1.51083,1.50,2.33
2011.02.02 06:51:19.222,1.51037,1.51083,1.50,5.22
2011.02.02 06:51:19.452,1.51047,1.51082,1.50,1.02
2011.02.02 06:51:21.331,1.51047,1.51083,1.50,2.33
2011.02.02 06:51:25.323,1.51047,1.51083,1.50,4.58
2011.02.02 06:51:25.770,1.51036,1.51074,1.50,1.88
2011.02.02 06:51:35.120,1.51036,1.51074,1.50,1.50
2011.02.02 06:51:43.750,1.51037,1.51074,1.50,1.50
2011.02.02 06:51:44.582,1.51036,1.51074,3.00,1.50
2011.02.02 06:51:45.853,1.51038,1.51074,1.02,1.50
2011.02.02 06:51:45.976,1.51042,1.51093,1.50,1.65
2011.02.02 06:51:46.342,1.51042,1.51091,1.50,1.47
2011.02.02 06:51:46.690,1.51056,1.51092,1.50,1.02
2011.02.02 06:51:50.528,1.51047,1.51083,1.50,2.03
2011.02.02 06:52:09.629,1.51047,1.51083,1.50,2.25
2011.02.02 06:52:14.251,1.51046,1.51084,1.50,2.25
2011.02.02 06:52:28.189,1.51046,1.51084,1.50,2.25
2011.02.02 06:52:28.770,1.51046,1.51084,1.50,1.88
2011.02.02 06:52:28.885,1.51046,1.51084,1.50,1.50
2011.02.02 06:52:35.618,1.51046,1.51084,2.25,1.50
2011.02.02 06:52:36.232,1.51057,1.51093,1.50,1.50
2011.02.02 06:52:36.791,1.51056,1.51094,1.50,1.50
2011.02.02 06:52:51.470,1.51056,1.51094,1.50,1.65
2011.02.02 06:52:52.028,1.51056,1.51094,1.50,1.50
2011.02.02 06:52:54.389,1.51057,1.51093,1.50,1.50
2011.02.02 06:52:55.735,1.51057,1.51103,1.50,1.50
2011.02.02 06:52:56.370,1.51057,1.51093,1.50,1.50
2011.02.02 06:52:59.140,1.51066,1.51104,1.50,1.50
2011.02.02 06:53:08.031,1.51056,1.51094,1.50,1.50
2011.02.02 06:53:22.020,1.51046,1.51084,3.00,1.50
2011.02.02 06:53:26.298,1.51046,1.51084,3.15,1.50
2011.02.02 06:53:26.628,1.51057,1.51093,1.50,1.50
2011.02.02 06:53:34.641,1.51057,1.51093,1.65,1.50
2011.02.02 06:53:35.224,1.5105,1.51094,1.65,1.50
2011.02.02 06:53:35.450,1.51057,1.51093,1.50,1.50
2011.02.02 06:53:40.763,1.51057,1.51093,1.50,2.25
2011.02.02 06:53:40.881,1.51047,1.51083,1.50,1.50
2011.02.02 06:53:44.935,1.51036,1.51074,1.50,1.50
2011.02.02 06:53:49.532,1.51027,1.51074,1.65,1.50
2011.02.02 06:53:49.772,1.51032,1.51073,1.50,1.50
2011.02.02 06:53:49.893,1.51027,1.51073,3.75,1.50
2011.02.02 06:53:50.010,1.51027,1.51064,2.25,1.50
2011.02.02 06:53:50.560,1.51026,1.51064,1.50,1.50
2011.02.02 06:53:53.354,1.51027,1.51073,3.00,1.50
2011.02.02 06:53:53.584,1.51036,1.51074,1.50,1.50
2011.02.02 06:53:55.630,1.51036,1.51074,1.50,2.25
2011.02.02 06:53:55.740,1.51027,1.51073,1.50,2.63
2011.02.02 06:53:56.310,1.51026,1.51074,1.50,1.88
2011.02.02 06:53:56.423,1.51037,1.51073,1.50,1.50
2011.02.02 06:54:01.473,1.51029,1.51064,1.50,1.50
2011.02.02 06:54:02.263,1.51028,1.51064,1.50,1.50
2011.02.02 06:54:04.422,1.51026,1.51064,1.50,1.50
2011.02.02 06:54:04.982,1.51018,1.51054,1.50,1.50
2011.02.02 06:54:09.130,1.51022,1.51054,1.50,1.50
2011.02.02 06:54:09.664,1.51026,1.51064,1.50,1.50
2011.02.02 06:54:23.432,1.51021,1.51054,1.50,1.50
2011.02.02 06:54:24.080,1.51022,1.51054,1.50,1.50
2011.02.02 06:54:26.423,1.51024,1.51054,1.50,1.50
2011.02.02 06:54:26.844,1.51024,1.51063,1.50,1.50
2011.02.02 06:54:26.967,1.51026,1.51063,1.50,1.50
2011.02.02 06:54:27.531,1.51027,1.51063,1.50,1.50
2011.02.02 06:54:33.282,1.51023,1.51063,1.58,1.50
2011.02.02 06:54:33.404,1.51027,1.51063,1.50,1.50
2011.02.02 06:54:35.799,1.5102,1.51053,1.65,1.50
2011.02.02 06:54:36.763,1.5102,1.51053,1.58,1.50
2011.02.02 06:54:38.021,1.5102,1.51053,1.50,1.50
2011.02.02 06:54:39.079,1.5102,1.51053,1.58,1.50
2011.02.02 06:54:39.740,1.5102,1.51053,1.58,1.50
2011.02.02 06:54:40.378,1.5102,1.51053,1.50,1.50
2011.02.02 06:54:43.458,1.5102,1.51053,1.58,1.50
2011.02.02 06:54:45.679,1.5102,1.51053,1.58,1.50
2011.02.02 06:54:45.796,1.51018,1.51053,1.50,1.50
2011.02.02 06:54:46.620,1.51026,1.51064,1.50,1.50
2011.02.02 06:54:49.187,1.51028,1.51064,1.58,1.50
2011.02.02 06:54:50.559,1.51028,1.51064,1.80,1.50
2011.02.02 06:54:51.393,1.51028,1.51064,1.65,1.50
2011.02.02 06:54:52.817,1.51028,1.51064,1.58,1.50
2011.02.02 06:54:52.934,1.51028,1.51064,1.65,1.50
2011.02.02 06:54:53.639,1.51028,1.51064,1.65,1.50
2011.02.02 06:54:54.397,1.51028,1.51064,1.58,1.50
2011.02.02 06:55:06.213,1.51026,1.51064,1.58,1.50
2011.02.02 06:55:06.330,1.51027,1.51073,1.58,1.50
2011.02.02 06:55:06.668,1.51036,1.51074,1.50,1.50
2011.02.02 06:55:10.779,1.51036,1.51074,1.58,1.50
2011.02.02 06:55:13.581,1.51036,1.51074,1.50,1.50
2011.02.02 06:55:13.935,1.51036,1.51074,1.58,1.50
2011.02.02 06:55:16.051,1.51036,1.51074,1.65,1.50
2011.02.02 06:55:16.501,1.51041,1.51074,1.50,1.50
2011.02.02 06:55:16.619,1.51037,1.51074,1.58,1.50
2011.02.02 06:55:18.317,1.51037,1.51074,1.65,1.50
2011.02.02 06:55:18.651,1.51042,1.51074,1.65,1.50
2011.02.02 06:55:18.761,1.51042,1.51074,1.58,1.50
2011.02.02 06:55:18.981,1.51042,1.51074,1.65,1.50
2011.02.02 06:55:19.101,1.51043,1.51084,1.65,1.50
2011.02.02 06:55:19.442,1.51046,1.51094,3.15,1.50
2011.02.02 06:55:20.003,1.51053,1.51094,1.50,1.50
2011.02.02 06:55:20.124,1.51057,1.51093,1.58,1.50
2011.02.02 06:55:22.342,1.51057,1.51093,1.58,1.50
2011.02.02 06:55:24.252,1.51057,1.51093,1.50,1.50
2011.02.02 06:55:28.864,1.51057,1.51093,1.84,1.50
2011.02.02 06:55:28.983,1.51066,1.51114,1.50,3.00
2011.02.02 06:55:29.322,1.51076,1.51114,1.50,1.50
2011.02.02 06:55:30.962,1.51076,1.51114,1.50,1.58
2011.02.02 06:55:32.364,1.51076,1.51114,1.50,1.50
2011.02.02 06:55:47.221,1.51076,1.51114,1.50,1.65
2011.02.02 06:55:47.715,1.51077,1.51113,1.50,1.65
2011.02.02 06:55:47.829,1.51077,1.51113,1.50,1.65
2011.02.02 06:55:49.461,1.51077,1.51113,1.50,1.65
2011.02.02 06:55:50.043,1.51077,1.51113,1.50,1.65
2011.02.02 06:55:50.600,1.51077,1.51113,1.50,1.50
2011.02.02 06:55:51.312,1.51077,1.51113,1.50,1.58
2011.02.02 06:55:58.261,1.51077,1.51113,1.50,1.65
2011.02.02 06:55:59.401,1.51076,1.51114,1.50,4.20
2011.02.02 06:56:01.192,1.51076,1.51114,1.50,1.65
2011.02.02 06:56:02.751,1.51076,1.51114,1.69,1.65
2011.02.02 06:56:02.871,1.51077,1.51123,2.44,1.95
2011.02.02 06:56:02.993,1.51077,1.51119,1.50,2.10
2011.02.02 06:56:03.223,1.51077,1.51118,1.50,6.53
2011.02.02 06:56:03.798,1.51077,1.51113,1.50,1.58
2011.02.02 06:56:05.231,1.51077,1.51113,2.25,1.50
2011.02.02 06:56:05.561,1.51087,1.51123,1.50,3.98
2011.02.02 06:56:06.029,1.51077,1.51113,2.25,1.50
2011.02.02 06:56:06.701,1.51077,1.51113,1.50,1.50
2011.02.02 06:56:13.736,1.51087,1.51123,1.50,1.65
2011.02.02 06:56:18.281,1.51087,1.51123,1.50,1.58
2011.02.02 06:56:24.869,1.51087,1.51123,1.50,1.65
2011.02.02 06:56:25.393,1.51087,1.51123,1.50,1.50
2011.02.02 06:56:27.700,1.51076,1.51114,2.25,1.50
2011.02.02 06:56:29.309,1.51076,1.51114,2.25,1.50
2011.02.02 06:56:39.260,1.51087,1.51123,1.50,1.50
2011.02.02 06:56:42.781,1.51077,1.51113,2.25,1.50
2011.02.02 06:56:43.563,1.51087,1.51123,1.50,1.50
2011.02.02 06:56:43.889,1.51077,1.51113,2.25,1.50
2011.02.02 06:56:45.651,1.51077,1.51113,2.25,1.50
2011.02.02 06:56:46.210,1.51087,1.51123,1.50,1.50
2011.02.02 06:56:47.719,1.51077,1.51113,2.25,1.50
2011.02.02 06:56:48.309,1.51076,1.51114,2.25,1.50
2011.02.02 06:56:48.849,1.51076,1.51114,1.50,1.50
2011.02.02 06:56:49.521,1.51066,1.51104,2.25,1.50
2011.02.02 06:56:51.679,1.51066,1.51104,2.25,1.50
2011.02.02 06:56:54.216,1.51066,1.51104,2.25,1.50
2011.02.02 06:56:57.289,1.51066,1.51104,2.25,1.50
2011.02.02 06:57:02.461,1.51066,1.51104,2.25,1.50
2011.02.02 06:57:03.236,1.51066,1.51104,2.25,1.50
2011.02.02 06:57:08.120,1.51076,1.51114,1.50,1.58
2011.02.02 06:57:08.560,1.51066,1.51104,2.25,1.50
2011.02.02 06:57:10.621,1.51077,1.51113,1.50,1.50
2011.02.02 06:57:12.380,1.51077,1.51113,1.50,1.58
2011.02.02 06:57:12.932,1.51077,1.51113,1.50,1.50
2011.02.02 06:57:28.498,1.51076,1.51114,1.50,1.50
2011.02.02 06:57:32.421,1.51067,1.51103,1.50,1.50
2011.02.02 06:57:33.550,1.51076,1.51114,1.50,3.75
2011.02.02 06:57:34.100,1.51067,1.51103,2.25,1.50
2011.02.02 06:57:35.012,1.51077,1.51113,1.50,1.58
2011.02.02 06:57:37.171,1.51077,1.51113,1.50,1.65
2011.02.02 06:57:37.722,1.51077,1.51113,1.50,1.65
2011.02.02 06:57:38.061,1.51067,1.51103,1.50,1.50
2011.02.02 06:57:39.030,1.51057,1.51093,1.50,1.50
2011.02.02 06:57:39.361,1.51067,1.51103,1.50,1.50
2011.02.02 06:57:40.241,1.51067,1.51103,2.25,1.50
2011.02.02 06:57:40.675,1.51076,1.51114,1.50,1.50
2011.02.02 06:57:41.013,1.51076,1.51112,1.50,1.50
2011.02.02 06:57:41.352,1.51067,1.51103,1.50,1.50
2011.02.02 06:57:42.981,1.51067,1.51103,2.25,1.50
2011.02.02 06:57:43.429,1.51076,1.51114,1.50,3.00
2011.02.02 06:57:43.903,1.51076,1.51114,1.50,3.08
2011.02.02 06:57:44.315,1.51067,1.51103,2.25,1.50
2011.02.02 06:57:44.437,1.51067,1.51103,1.50,1.50
2011.02.02 06:57:52.883,1.51057,1.51094,2.25,1.50
2011.02.02 06:58:02.058,1.51056,1.51094,1.50,1.50
2011.02.02 06:58:02.865,1.51076,1.511,1.50,2.25
2011.02.02 06:58:03.110,1.51056,1.51094,1.50,1.50
2011.02.02 06:58:03.220,1.51067,1.51102,1.50,3.00
2011.02.02 06:58:05.595,1.51067,1.51101,1.50,2.25
2011.02.02 06:58:05.917,1.51067,1.51101,1.50,2.33
2011.02.02 06:58:06.140,1.51067,1.51101,1.50,2.25
2011.02.02 06:58:06.563,1.51067,1.51101,1.50,2.33
2011.02.02 06:58:07.082,1.51067,1.51101,1.50,2.25
2011.02.02 06:58:09.321,1.51057,1.51093,1.50,1.50
2011.02.02 06:58:09.657,1.51046,1.51084,3.00,1.50
2011.02.02 06:58:09.778,1.51046,1.51084,3.90,1.50
2011.02.02 06:58:10.660,1.51056,1.51094,1.50,1.50
2011.02.02 06:58:26.481,1.51056,1.51094,1.58,1.50
2011.02.02 06:58:27.144,1.51056,1.51094,1.50,1.50
2011.02.02 06:58:30.063,1.51056,1.51094,1.58,1.50
2011.02.02 06:58:31.492,1.51056,1.51094,1.50,1.50
2011.02.02 06:58:33.440,1.51056,1.51094,1.65,1.50
2011.02.02 06:58:33.984,1.51055,1.51093,1.50,1.50
2011.02.02 06:58:34.214,1.51047,1.51093,3.49,2.25
2011.02.02 06:58:34.442,1.51046,1.51094,2.25,2.25
2011.02.02 06:58:34.981,1.51058,1.51094,2.25,1.50
2011.02.02 06:58:35.522,1.51057,1.51093,4.50,1.50
2011.02.02 06:58:36.505,1.51057,1.51093,4.50,1.50
2011.02.02 06:58:41.550,1.51057,1.51093,1.50,1.50
2011.02.02 06:58:43.590,1.51057,1.51093,2.25,1.50
2011.02.02 06:58:45.751,1.51057,1.51093,1.50,1.50
2011.02.02 06:58:47.473,1.51056,1.51104,2.25,1.50
2011.02.02 06:58:47.701,1.51059,1.51104,2.44,1.50
2011.02.02 06:58:48.251,1.51067,1.51103,2.25,1.50
2011.02.02 06:58:49.139,1.5107,1.51114,1.69,1.50
2011.02.02 06:58:49.257,1.51083,1.51124,1.69,1.50
2011.02.02 06:58:49.485,1.51083,1.51123,1.69,1.50
2011.02.02 06:58:49.921,1.51097,1.51129,1.50,1.65
2011.02.02 06:58:50.783,1.51087,1.51121,2.25,1.50
2011.02.02 06:58:50.910,1.51087,1.51117,1.50,1.50
2011.02.02 06:58:51.024,1.51076,1.51117,1.50,1.50
2011.02.02 06:58:51.648,1.51076,1.51114,1.50,1.50
2011.02.02 06:58:52.311,1.51076,1.51114,1.50,3.08
2011.02.02 06:58:52.657,1.51067,1.51103,1.50,1.50
2011.02.02 06:59:00.528,1.51067,1.51113,1.50,1.50
2011.02.02 06:59:00.645,1.51076,1.51114,1.50,2.40
2011.02.02 06:59:00.982,1.51066,1.51104,1.50,1.50
2011.02.02 06:59:01.211,1.51066,1.51104,2.25,1.50
2011.02.02 06:59:01.547,1.51077,1.51113,1.50,1.50
2011.02.02 06:59:01.672,1.51078,1.51123,2.25,1.50
2011.02.02 06:59:01.919,1.51098,1.51123,2.25,1.50
2011.02.02 06:59:02.035,1.51098,1.51143,3.00,1.50
2011.02.02 06:59:02.435,1.51105,1.51143,2.18,1.50
2011.02.02 06:59:02.555,1.51113,1.51149,2.25,1.50
2011.02.02 06:59:02.671,1.51116,1.51149,1.50,1.50
2011.02.02 06:59:02.905,1.51117,1.51152,1.50,1.50
2011.02.02 06:59:03.481,1.51117,1.51146,1.50,1.50
2011.02.02 06:59:04.326,1.51117,1.51151,1.50,1.50
2011.02.02 06:59:05.370,1.51117,1.51152,1.50,1.50
2011.02.02 06:59:10.235,1.51117,1.51153,1.50,1.50
2011.02.02 06:59:11.340,1.51117,1.51151,1.50,1.50
2011.02.02 06:59:12.029,1.51117,1.51153,1.50,1.50
2011.02.02 06:59:16.079,1.51107,1.51143,1.50,1.50
2011.02.02 06:59:25.834,1.51107,1.51143,1.50,2.33
2011.02.02 06:59:26.062,1.51097,1.51142,1.50,2.40
2011.02.02 06:59:26.453,1.51096,1.51134,1.50,1.50
2011.02.02 06:59:30.599,1.51088,1.51123,3.00,1.50
2011.02.02 06:59:31.560,1.51088,1.51123,3.08,1.50
2011.02.02 06:59:31.782,1.51088,1.51134,6.53,1.50
2011.02.02 06:59:31.892,1.51088,1.51134,12.15,1.50
2011.02.02 06:59:32.452,1.51097,1.51133,2.25,1.50
2011.02.02 06:59:34.314,1.51097,1.51133,2.40,1.50
2011.02.02 06:59:35.404,1.51097,1.51133,2.40,1.50
2011.02.02 06:59:35.999,1.51098,1.51133,1.05,1.50
2011.02.02 06:59:39.150,1.51097,1.51133,2.40,1.50
2011.02.02 06:59:39.636,1.51091,1.51144,1.24,1.58
2011.02.02 06:59:39.755,1.51086,1.51139,2.40,1.50
2011.02.02 06:59:39.873,1.51086,1.51142,2.25,1.50
2011.02.02 06:59:40.101,1.51087,1.51124,1.05,1.50
2011.02.02 06:59:41.133,1.51088,1.51124,1.54,1.50
2011.02.02 06:59:41.558,1.51097,1.51133,2.33,1.50
2011.02.02 06:59:45.749,1.51099,1.51133,1.32,1.50
2011.02.02 06:59:45.858,1.51099,1.51143,1.32,1.50
2011.02.02 06:59:46.521,1.51107,1.51143,1.50,1.50
2011.02.02 06:59:47.354,1.51099,1.51133,1.32,1.50
2011.02.02 06:59:48.338,1.51098,1.51133,1.39,1.50
2011.02.02 06:59:48.449,1.51098,1.51133,1.32,1.50
2011.02.02 06:59:48.571,1.51099,1.51144,1.32,1.50
2011.02.02 06:59:48.798,1.51099,1.51144,1.32,1.50
2011.02.02 06:59:48.909,1.51106,1.51144,1.50,1.50
2011.02.02 06:59:49.551,1.51099,1.51133,1.24,1.50
2011.02.02 06:59:49.962,1.51099,1.51143,1.24,1.50
2011.02.02 06:59:50.665,1.51097,1.51143,2.25,1.50
2011.02.02 06:59:50.786,1.51096,1.51134,2.25,1.50
2011.02.02 06:59:51.781,1.51104,1.51134,2.25,1.50
2011.02.02 06:59:52.234,1.51104,1.51134,3.00,1.50
2011.02.02 06:59:52.361,1.51107,1.51143,1.50,1.50
2011.02.02 06:59:53.719,1.51097,1.51134,2.25,1.50
2011.02.02 06:59:54.336,1.51096,1.51134,4.50,1.50
2011.02.02 06:59:54.671,1.51106,1.51144,1.50,1.50
2011.02.02 06:59:55.121,1.5112,1.51144,2.25,1.50
2011.02.02 06:59:55.539,1.5112,1.51153,2.25,1.50
2011.02.02 06:59:55.661,1.51116,1.51154,1.50,1.50
2011.02.02 06:59:58.238,1.51117,1.51163,1.50,1.58
2011.02.02 06:59:58.655,1.51117,1.51156,1.50,1.50
2011.02.02 06:59:58.998,1.51116,1.51152,1.50,1.50
2011.02.02 06:59:59.630,1.51116,1.51151,1.50,1.50
