2012.08.07 01:00:03.084,1.51046,1.51082,2.25,2.39
2012.08.07 01:00:03.153,1.51046,1.51082,2.25,2.39
2012.08.07 01:00:05.049,1.51047,1.51082,1.50,2.39
2012.08.07 01:00:05.742,1.51047,1.51082,2.25,2.39
2012.08.07 01:00:05.866,1.51048,1.51082,1.50,2.39
2012.08.07 01:00:07.487,1.51049,1.51082,1.50,2.25
2012.08.07 01:00:07.612,1.51053,1.51082,1.50,2.25
2012.08.07 01:00:21.153,1.51062,1.51094,1.50,1.04
2012.08.07 01:00:22.972,1.5106,1.51092,1.50,1.04
2012.08.07 01:00:23.040,1.51053,1.51092,1.50,1.04
2012.08.07 01:00:23.165,1.51052,1.51092,3.98,1.04
2012.08.07 01:00:23.678,1.51052,1.51089,2.25,1.04
2012.08.07 01:00:43.224,1.5105,1.51088,2.25,1.04
2012.08.07 01:00:46.389,1.51049,1.51088,1.73,1.04
2012.08.07 01:00:46.690,1.51051,1.51091,1.50,1.64
2012.08.07 01:00:46.815,1.51051,1.51091,2.25,1.64
2012.08.07 01:00:47.121,1.51051,1.51091,1.50,1.27
2012.08.07 01:00:47.665,1.51051,1.51091,1.50,2.39
2012.08.07 01:00:58.924,1.51051,1.51083,1.50,2.25
2012.08.07 01:01:01.483,1.5105,1.51083,1.50,2.25
2012.08.07 01:01:01.842,1.51047,1.51083,2.12,2.48
2012.08.07 01:01:01.906,1.51047,1.51083,2.12,2.48
2012.08.07 01:01:03.357,1.51047,1.51083,1.50,2.39
2012.08.07 01:01:03.908,1.51046,1.51083,2.25,2.39
2012.08.07 01:01:06.308,1.51046,1.51083,1.50,2.39
2012.08.07 01:01:06.490,1.51047,1.51083,1.50,2.39
2012.08.07 01:01:09.424,1.51048,1.51083,1.50,2.48
2012.08.07 01:01:10.090,1.51048,1.51083,1.50,2.48
2012.08.07 01:01:13.433,1.51048,1.51078,1.50,2.25
2012.08.07 01:01:13.841,1.51046,1.51078,1.37,2.25
2012.08.07 01:01:17.925,1.51045,1.51078,1.50,2.25
2012.08.07 01:01:18.373,1.51044,1.51078,2.12,2.25
2012.08.07 01:01:21.583,1.51047,1.51081,1.50,2.25
2012.08.07 01:01:21.650,1.51047,1.51085,2.25,1.12
2012.08.07 01:01:21.958,1.51046,1.51084,1.37,1.87
2012.08.07 01:01:22.177,1.51045,1.51082,1.50,1.12
2012.08.07 01:01:22.707,1.51045,1.51082,1.50,1.12
2012.08.07 01:01:22.881,1.51044,1.51082,1.74,1.12
2012.08.07 01:01:28.017,1.51046,1.51078,2.49,2.48
2012.08.07 01:01:28.279,1.51046,1.51078,1.37,2.48
2012.08.07 01:01:28.940,1.51048,1.51078,1.37,2.48
2012.08.07 01:01:31.093,1.51043,1.51078,1.50,3.23
2012.08.07 01:01:31.275,1.5104,1.51078,2.49,3.23
2012.08.07 01:01:31.717,1.51041,1.51073,1.13,1.73
2012.08.07 01:01:32.558,1.51041,1.51073,1.13,1.73
2012.08.07 01:01:33.211,1.51041,1.51073,1.13,1.73
2012.08.07 01:01:33.713,1.5104,1.51073,2.49,1.73
2012.08.07 01:01:37.612,1.51038,1.51073,1.50,1.73
2012.08.07 01:01:37.680,1.51037,1.51073,1.50,1.73
2012.08.07 01:01:37.748,1.51038,1.51069,1.13,1.73
2012.08.07 01:01:37.934,1.51036,1.51069,1.50,1.88
2012.08.07 01:01:38.061,1.51035,1.51069,2.25,1.73
2012.08.07 01:01:38.453,1.51031,1.51064,2.12,1.73
2012.08.07 01:01:39.004,1.51031,1.51064,2.12,1.73
2012.08.07 01:01:41.106,1.51031,1.51064,2.12,1.73
2012.08.07 01:01:42.679,1.51031,1.51063,2.12,1.73
2012.08.07 01:01:42.980,1.51028,1.51063,1.50,1.73
2012.08.07 01:01:43.047,1.51031,1.51063,1.50,1.73
2012.08.07 01:01:44.448,1.51029,1.51063,2.12,1.73
2012.08.07 01:01:49.330,1.51029,1.51064,1.50,1.73
2012.08.07 01:01:52.366,1.51029,1.5106,1.50,1.50
2012.08.07 01:01:52.615,1.51024,1.51058,1.50,1.27
2012.08.07 01:01:52.923,1.51025,1.51058,1.50,1.27
2012.08.07 01:01:53.232,1.51025,1.51058,1.50,1.27
2012.08.07 01:01:53.758,1.51027,1.51062,1.50,1.12
2012.08.07 01:01:53.826,1.51027,1.51062,1.50,1.12
2012.08.07 01:01:54.073,1.51025,1.51061,1.50,1.12
2012.08.07 01:01:54.140,1.51022,1.51061,1.50,1.12
2012.08.07 01:01:54.583,1.51021,1.51059,1.50,1.12
2012.08.07 01:01:55.477,1.51022,1.51059,1.50,1.12
2012.08.07 01:01:56.319,1.51022,1.51059,1.50,1.12
2012.08.07 01:01:56.565,1.51026,1.51061,3.00,1.12
2012.08.07 01:01:56.927,1.51026,1.51061,2.25,1.12
2012.08.07 01:01:57.249,1.51026,1.51061,1.50,1.12
2012.08.07 01:01:57.613,1.51026,1.51062,2.25,1.64
2012.08.07 01:01:57.679,1.51026,1.51062,2.25,1.50
2012.08.07 01:01:58.408,1.51026,1.51063,3.00,1.12
2012.08.07 01:01:58.717,1.51022,1.51058,2.12,1.73
2012.08.07 01:01:59.259,1.5102,1.51058,1.50,1.12
2012.08.07 01:02:02.428,1.51021,1.51058,1.50,1.12
2012.08.07 01:02:02.554,1.51024,1.51063,1.50,1.87
2012.08.07 01:02:04.626,1.51026,1.51061,1.50,1.12
2012.08.07 01:02:05.612,1.51026,1.51064,2.25,2.62
2012.08.07 01:02:05.798,1.51028,1.51064,1.50,1.12
2012.08.07 01:02:05.924,1.51027,1.51064,1.50,1.12
2012.08.07 01:02:08.296,1.51026,1.51064,3.00,1.12
2012.08.07 01:02:11.056,1.51027,1.51064,2.25,1.12
2012.08.07 01:02:11.125,1.51029,1.51064,1.50,1.12
2012.08.07 01:02:11.417,1.51028,1.51068,1.37,2.24
2012.08.07 01:02:26.704,1.51025,1.51063,1.50,1.12
2012.08.07 01:02:26.948,1.51024,1.51061,3.00,1.12
2012.08.07 01:02:27.603,1.51024,1.51057,2.25,1.12
2012.08.07 01:02:29.828,1.51024,1.51058,2.25,1.87
2012.08.07 01:02:30.387,1.51024,1.51058,3.00,1.73
2012.08.07 01:02:30.721,1.51025,1.51062,1.50,1.12
2012.08.07 01:02:31.077,1.51025,1.51063,1.50,1.12
2012.08.07 01:02:31.588,1.51025,1.51062,1.50,1.12
2012.08.07 01:02:31.978,1.51025,1.51062,1.50,1.12
2012.08.07 01:02:32.597,1.51025,1.51062,1.50,1.12
2012.08.07 01:02:34.368,1.51025,1.51062,1.50,1.12
2012.08.07 01:02:40.574,1.51024,1.51059,3.00,1.73
2012.08.07 01:02:40.888,1.51024,1.51059,1.50,1.87
2012.08.07 01:02:41.257,1.51024,1.51063,3.00,1.12
2012.08.07 01:02:42.459,1.51024,1.51063,3.00,1.12
2012.08.07 01:02:42.833,1.51024,1.51062,2.25,1.12
2012.08.07 01:02:43.017,1.51024,1.51062,2.25,1.12
2012.08.07 01:02:43.335,1.51026,1.51065,1.50,1.12
2012.08.07 01:02:43.907,1.51026,1.51065,2.25,1.12
2012.08.07 01:02:45.431,1.51028,1.51058,1.50,1.50
2012.08.07 01:02:45.697,1.51031,1.51058,1.50,1.50
2012.08.07 01:02:46.002,1.51033,1.51058,1.50,1.50
2012.08.07 01:02:46.128,1.51032,1.51058,1.50,1.50
2012.08.07 01:02:46.320,1.51032,1.51058,1.50,1.50
2012.08.07 01:02:46.825,1.51034,1.5106,1.50,2.25
2012.08.07 01:02:49.832,1.51035,1.51073,1.50,1.12
2012.08.07 01:03:18.845,1.51036,1.51073,1.50,1.12
2012.08.07 01:03:25.805,1.51032,1.51069,2.25,1.64
2012.08.07 01:03:25.988,1.51032,1.51067,2.25,1.12
2012.08.07 01:03:33.243,1.51026,1.51066,2.25,1.12
2012.08.07 01:03:33.309,1.51031,1.51066,1.50,1.12
2012.08.07 01:03:33.908,1.51031,1.51067,1.50,2.25
2012.08.07 01:03:35.148,1.51028,1.51064,1.13,1.12
2012.08.07 01:03:37.060,1.51032,1.51067,1.50,2.39
2012.08.07 01:03:37.363,1.51032,1.51067,1.50,2.39
2012.08.07 01:03:43.299,1.51028,1.51067,1.13,2.39
2012.08.07 01:03:45.950,1.51028,1.51067,1.50,2.39
2012.08.07 01:03:46.196,1.51028,1.5106,1.50,2.39
2012.08.07 01:03:46.272,1.51027,1.5106,2.25,2.39
2012.08.07 01:03:46.339,1.51027,1.5106,1.50,2.39
2012.08.07 01:03:46.406,1.51026,1.5106,1.50,2.39
2012.08.07 01:03:48.029,1.51024,1.5106,1.50,2.39
2012.08.07 01:03:48.931,1.51024,1.5106,1.50,2.39
2012.08.07 01:03:49.452,1.51022,1.51057,1.50,1.12
2012.08.07 01:03:50.751,1.51022,1.51057,2.25,1.12
2012.08.07 01:03:50.877,1.51022,1.51057,2.25,1.12
2012.08.07 01:03:51.121,1.51028,1.5106,1.50,2.39
2012.08.07 01:03:51.247,1.51029,1.5106,1.50,2.25
2012.08.07 01:03:52.938,1.51029,1.5106,1.50,2.25
2012.08.07 01:03:57.183,1.51029,1.5106,1.50,2.25
2012.08.07 01:03:57.545,1.51031,1.5106,1.50,2.25
2012.08.07 01:03:57.613,1.51033,1.51068,1.50,2.39
2012.08.07 01:03:58.554,1.51034,1.51068,1.50,2.39
2012.08.07 01:03:59.082,1.51034,1.51068,1.50,2.39
2012.08.07 01:03:59.640,1.51032,1.51068,2.25,2.39
2012.08.07 01:03:59.707,1.51032,1.51068,1.50,2.39
2012.08.07 01:04:00.073,1.51028,1.51068,1.50,3.37
2012.08.07 01:04:00.453,1.51028,1.51064,1.50,1.12
2012.08.07 01:04:00.962,1.51031,1.51067,1.50,1.12
2012.08.07 01:04:02.314,1.51031,1.51064,1.50,1.64
2012.08.07 01:04:02.632,1.51025,1.51061,1.50,1.12
2012.08.07 01:04:05.597,1.51027,1.51066,2.25,2.39
2012.08.07 01:04:06.119,1.51028,1.51066,1.50,2.39
2012.08.07 01:04:07.201,1.51029,1.51066,2.25,2.39
2012.08.07 01:04:07.270,1.51036,1.51066,1.50,1.50
2012.08.07 01:04:07.579,1.51037,1.51075,2.12,2.25
2012.08.07 01:04:09.160,1.51039,1.51079,2.25,1.87
2012.08.07 01:04:18.027,1.5104,1.51077,1.50,1.12
2012.08.07 01:04:36.358,1.51038,1.51075,1.50,1.12
2012.08.07 01:04:48.165,1.51036,1.51073,3.75,1.12
2012.08.07 01:04:49.208,1.51036,1.51073,3.75,1.12
2012.08.07 01:04:49.511,1.51036,1.51072,2.25,1.12
2012.08.07 01:04:49.699,1.51032,1.51068,1.50,1.12
2012.08.07 01:04:50.410,1.51031,1.51065,1.50,1.12
2012.08.07 01:04:52.079,1.51032,1.51067,1.50,1.12
2012.08.07 01:04:56.810,1.51031,1.51064,1.50,1.50
2012.08.07 01:04:56.876,1.51029,1.51064,1.88,1.50
2012.08.07 01:04:57.483,1.51028,1.51064,1.50,1.50
2012.08.07 01:05:13.955,1.5103,1.51062,1.13,2.48
2012.08.07 01:05:14.316,1.51022,1.51057,1.88,1.04
2012.08.07 01:05:14.381,1.51022,1.51054,1.13,1.65
2012.08.07 01:05:15.071,1.5102,1.51054,1.88,1.65
2012.08.07 01:05:17.770,1.5102,1.51054,1.88,1.50
2012.08.07 01:05:21.159,1.5102,1.51057,1.13,1.12
2012.08.07 01:05:21.506,1.5102,1.51048,1.13,1.50
2012.08.07 01:05:22.035,1.51013,1.51048,1.13,1.73
2012.08.07 01:05:22.564,1.51012,1.51048,1.50,1.73
2012.08.07 01:05:24.761,1.51011,1.51048,1.37,1.73
2012.08.07 01:05:37.513,1.51012,1.51048,1.13,1.73
2012.08.07 01:05:37.927,1.51014,1.51048,1.74,1.73
2012.08.07 01:05:37.999,1.51016,1.51053,2.49,1.50
2012.08.07 01:05:38.302,1.51017,1.51054,1.50,1.49
2012.08.07 01:05:38.427,1.5102,1.51055,1.13,2.48
2012.08.07 01:05:38.945,1.5102,1.51055,1.13,2.25
2012.08.07 01:05:39.088,1.5102,1.51055,1.13,2.25
2012.08.07 01:05:56.359,1.51016,1.51046,2.12,1.13
2012.08.07 01:05:56.662,1.51007,1.51043,1.37,1.73
2012.08.07 01:05:56.908,1.51006,1.51044,1.50,2.62
2012.08.07 01:05:57.035,1.51008,1.51044,1.13,2.39
2012.08.07 01:05:57.158,1.51006,1.51044,1.50,2.39
2012.08.07 01:05:58.113,1.51003,1.51037,1.50,2.39
2012.08.07 01:05:58.319,1.51001,1.51037,2.63,2.39
2012.08.07 01:05:58.655,1.51001,1.51037,1.88,2.39
2012.08.07 01:06:00.051,1.51,1.51037,2.25,2.39
2012.08.07 01:06:00.732,1.51,1.51037,1.50,2.39
2012.08.07 01:06:00.859,1.50997,1.51033,1.50,1.12
2012.08.07 01:06:01.130,1.51001,1.51033,1.88,1.12
2012.08.07 01:06:01.197,1.51001,1.51037,1.88,2.39
2012.08.07 01:06:01.265,1.51002,1.51037,1.50,2.39
2012.08.07 01:06:02.265,1.51002,1.51037,1.50,2.39
2012.08.07 01:06:02.394,1.51001,1.51037,1.88,2.39
2012.08.07 01:06:02.711,1.51,1.51037,2.25,2.39
2012.08.07 01:06:03.691,1.51001,1.51037,1.50,2.39
2012.08.07 01:06:05.021,1.51002,1.51037,1.50,2.39
2012.08.07 01:06:05.145,1.51004,1.51037,1.50,2.39
2012.08.07 01:06:06.353,1.51002,1.51037,1.50,2.39
2012.08.07 01:06:06.476,1.51001,1.51037,1.50,2.39
2012.08.07 01:06:07.992,1.51003,1.51037,1.50,2.25
2012.08.07 01:06:13.719,1.51002,1.51043,2.63,1.04
2012.08.07 01:06:13.785,1.51002,1.51042,1.50,1.04
2012.08.07 01:06:14.317,1.51002,1.51038,2.25,1.12
2012.08.07 01:06:15.322,1.51002,1.51038,1.50,1.12
2012.08.07 01:06:17.068,1.51002,1.51038,2.25,1.12
2012.08.07 01:06:21.222,1.51003,1.51038,1.50,1.12
2012.08.07 01:06:21.818,1.51003,1.51041,1.88,1.04
2012.08.07 01:06:22.063,1.51002,1.51036,1.13,1.12
2012.08.07 01:06:22.963,1.51002,1.51038,1.50,2.62
2012.08.07 01:06:24.574,1.51002,1.51038,1.50,2.39
2012.08.07 01:06:25.242,1.51004,1.51042,1.50,1.04
2012.08.07 01:06:25.309,1.51004,1.51042,1.50,1.04
2012.08.07 01:06:25.628,1.51004,1.51042,1.50,1.04
2012.08.07 01:06:25.702,1.51004,1.51042,1.50,1.04
2012.08.07 01:06:25.963,1.51004,1.51042,1.50,1.04
2012.08.07 01:06:26.773,1.51003,1.51042,2.48,1.04
2012.08.07 01:06:30.183,1.51003,1.51042,1.50,1.04
2012.08.07 01:06:30.998,1.51001,1.51039,2.63,2.39
2012.08.07 01:06:32.882,1.51001,1.51038,1.88,1.64
2012.08.07 01:06:34.390,1.51001,1.51039,2.63,2.62
2012.08.07 01:06:34.869,1.51002,1.51041,2.25,1.27
2012.08.07 01:06:35.168,1.51002,1.51041,2.25,1.04
2012.08.07 01:06:40.543,1.51002,1.51039,2.25,1.12
2012.08.07 01:06:41.849,1.51003,1.51041,1.73,1.04
2012.08.07 01:06:42.181,1.51003,1.51041,1.73,1.04
2012.08.07 01:06:43.244,1.51011,1.51043,1.50,1.27
2012.08.07 01:06:43.369,1.51011,1.51042,1.50,1.42
2012.08.07 01:06:43.495,1.51011,1.51044,1.50,1.04
2012.08.07 01:06:43.996,1.51009,1.51044,2.25,1.04
2012.08.07 01:06:44.675,1.51009,1.51044,1.50,1.04
2012.08.07 01:07:03.299,1.51005,1.51043,2.25,1.64
2012.08.07 01:07:05.212,1.51005,1.51043,2.25,1.64
2012.08.07 01:07:05.279,1.51006,1.51044,1.50,1.64
2012.08.07 01:07:21.525,1.51009,1.51046,1.50,1.27
2012.08.07 01:07:28.765,1.51011,1.51045,1.50,1.27
2012.08.07 01:07:28.831,1.51011,1.51045,2.25,1.27
2012.08.07 01:07:31.774,1.51013,1.51045,1.50,1.13
2012.08.07 01:07:33.331,1.51013,1.51045,1.50,1.13
2012.08.07 01:07:36.238,1.51013,1.51051,1.50,1.12
2012.08.07 01:07:38.687,1.5102,1.51052,1.50,1.27
2012.08.07 01:07:38.876,1.51025,1.51058,1.50,1.73
2012.08.07 01:07:38.942,1.51026,1.51059,1.50,1.73
2012.08.07 01:07:39.251,1.51022,1.51054,1.50,1.64
2012.08.07 01:07:39.318,1.51021,1.51054,1.50,1.64
2012.08.07 01:07:39.505,1.5102,1.51053,2.25,1.12
2012.08.07 01:07:39.813,1.5102,1.51048,1.50,1.12
2012.08.07 01:07:40.126,1.5102,1.51047,1.50,1.12
2012.08.07 01:07:40.253,1.51012,1.51053,3.75,2.24
2012.08.07 01:07:41.093,1.51012,1.51045,2.25,1.35
2012.08.07 01:07:42.617,1.51013,1.51049,1.50,1.12
2012.08.07 01:07:42.873,1.51013,1.51053,1.50,1.12
2012.08.07 01:07:42.941,1.51022,1.51053,1.50,1.12
2012.08.07 01:07:43.429,1.51022,1.51062,4.59,1.79
2012.08.07 01:07:44.644,1.51026,1.51063,1.50,1.64
2012.08.07 01:07:58.935,1.51024,1.51058,1.50,1.12
2012.08.07 01:07:59.062,1.51024,1.51058,1.50,1.12
2012.08.07 01:07:59.188,1.51022,1.51062,3.00,1.64
2012.08.07 01:07:59.374,1.51022,1.51062,3.62,1.64
2012.08.07 01:08:04.719,1.51021,1.51055,1.50,2.02
2012.08.07 01:08:04.786,1.5102,1.51046,2.25,1.87
2012.08.07 01:08:05.097,1.5102,1.51054,1.50,2.39
2012.08.07 01:08:05.882,1.51016,1.51052,2.25,1.04
2012.08.07 01:08:05.949,1.51016,1.5105,2.25,1.64
2012.08.07 01:08:06.016,1.51016,1.51043,1.50,1.64
2012.08.07 01:08:06.083,1.51012,1.51043,1.50,1.64
2012.08.07 01:08:06.150,1.51012,1.51047,1.50,1.12
2012.08.07 01:08:06.278,1.51017,1.5105,1.50,1.64
2012.08.07 01:08:06.463,1.51011,1.51045,1.13,1.73
2012.08.07 01:08:06.588,1.51008,1.51045,2.63,1.12
2012.08.07 01:08:06.714,1.51008,1.51045,2.63,1.12
2012.08.07 01:08:07.022,1.51009,1.51043,1.50,1.64
2012.08.07 01:08:08.582,1.51008,1.51039,2.25,1.87
2012.08.07 01:08:08.890,1.51008,1.51038,1.50,1.50
2012.08.07 01:08:09.331,1.51008,1.51041,2.25,1.12
2012.08.07 01:08:12.387,1.51008,1.51041,2.25,1.12
2012.08.07 01:08:27.561,1.51008,1.51043,2.25,1.12
2012.08.07 01:08:31.347,1.51008,1.51043,3.00,1.12
2012.08.07 01:08:31.419,1.51008,1.51043,3.00,1.87
2012.08.07 01:08:37.737,1.51008,1.51043,3.00,1.12
2012.08.07 01:08:47.956,1.51011,1.51045,1.50,1.12
2012.08.07 01:08:49.385,1.51011,1.51048,1.50,1.73
2012.08.07 01:08:50.354,1.51016,1.51048,2.25,1.73
2012.08.07 01:09:02.181,1.51016,1.51054,3.00,1.12
2012.08.07 01:09:02.247,1.51016,1.51054,3.75,1.12
2012.08.07 01:09:22.549,1.51017,1.51056,1.50,1.64
2012.08.07 01:09:35.418,1.51018,1.51056,3.00,1.64
2012.08.07 01:09:43.442,1.51022,1.51059,1.13,1.64
2012.08.07 01:09:43.509,1.51023,1.51059,1.13,1.64
2012.08.07 01:09:44.041,1.51024,1.51061,2.25,2.39
2012.08.07 01:09:44.283,1.51022,1.51061,1.50,2.39
2012.08.07 01:09:52.049,1.51024,1.51063,2.85,1.79
2012.08.07 01:09:52.359,1.51035,1.51063,1.50,1.79
2012.08.07 01:09:54.227,1.51025,1.51063,1.50,2.54
2012.08.07 01:10:03.255,1.51023,1.5106,2.25,1.12
2012.08.07 01:10:13.540,1.51024,1.5106,1.50,1.12
2012.08.07 01:10:15.186,1.51022,1.5106,3.00,1.12
2012.08.07 01:10:20.492,1.51019,1.51058,2.12,1.64
2012.08.07 01:10:51.094,1.51018,1.51058,1.50,2.39
2012.08.07 01:11:01.279,1.51018,1.51055,1.50,1.27
2012.08.07 01:11:01.636,1.51017,1.51051,1.50,1.12
2012.08.07 01:11:02.157,1.51013,1.51049,2.25,1.73
2012.08.07 01:11:02.517,1.5101,1.51046,1.50,1.12
2012.08.07 01:11:31.251,1.51009,1.51046,3.62,1.12
2012.08.07 01:11:33.854,1.51011,1.5105,1.88,1.12
2012.08.07 01:12:03.778,1.51014,1.51048,1.88,1.73
2012.08.07 01:12:04.081,1.51012,1.51043,2.63,1.50
2012.08.07 01:12:06.371,1.51013,1.51049,1.88,1.87
2012.08.07 01:12:08.236,1.51013,1.51044,1.50,1.50
2012.08.07 01:12:09.308,1.51013,1.51048,1.50,1.87
2012.08.07 01:12:25.119,1.51015,1.51049,1.50,1.12
2012.08.07 01:12:31.307,1.51015,1.51053,1.50,1.87
2012.08.07 01:12:35.015,1.51013,1.51049,2.25,1.50
2012.08.07 01:12:35.267,1.51013,1.51049,2.25,1.73
2012.08.07 01:12:39.263,1.51014,1.51049,1.13,1.73
2012.08.07 01:12:39.387,1.51015,1.51049,1.13,1.50
2012.08.07 01:12:39.452,1.51015,1.51049,1.88,1.50
2012.08.07 01:12:40.150,1.51015,1.51049,1.50,1.50
2012.08.07 01:12:42.044,1.51015,1.51044,1.50,1.50
2012.08.07 01:12:42.109,1.51013,1.51043,2.25,1.50
2012.08.07 01:12:42.235,1.51008,1.51043,1.13,1.73
2012.08.07 01:12:42.536,1.51008,1.51043,1.88,1.73
2012.08.07 01:12:42.896,1.51008,1.51043,1.13,1.73
2012.08.07 01:12:45.312,1.51012,1.51048,1.13,1.12
2012.08.07 01:12:45.833,1.51012,1.51044,1.13,1.73
2012.08.07 01:12:48.319,1.5101,1.51044,1.50,1.73
2012.08.07 01:13:03.396,1.51009,1.51043,1.50,1.73
2012.08.07 01:13:07.145,1.51009,1.51046,2.25,1.12
2012.08.07 01:13:07.289,1.5101,1.51046,1.50,1.12
2012.08.07 01:13:09.230,1.5101,1.51046,1.50,1.12
2012.08.07 01:13:09.420,1.5101,1.51046,1.50,1.12
2012.08.07 01:13:10.189,1.5101,1.51046,1.88,1.12
2012.08.07 01:13:22.585,1.51011,1.51043,2.25,1.50
2012.08.07 01:13:22.931,1.51009,1.51042,2.25,1.12
2012.08.07 01:13:23.115,1.5101,1.51042,1.50,1.12
2012.08.07 01:13:25.611,1.5101,1.51044,3.00,1.12
2012.08.07 01:13:25.676,1.5101,1.51046,3.00,1.12
2012.08.07 01:13:34.581,1.5101,1.51043,2.25,1.73
2012.08.07 01:13:34.648,1.5101,1.51043,2.25,1.73
2012.08.07 01:13:34.773,1.5101,1.51044,3.00,1.12
2012.08.07 01:13:34.897,1.5101,1.51043,2.25,1.73
2012.08.07 01:13:36.151,1.5101,1.51043,2.25,1.73
2012.08.07 01:13:57.561,1.51011,1.51046,2.63,1.12
2012.08.07 01:13:57.627,1.51013,1.51048,1.50,1.87
2012.08.07 01:13:57.872,1.51012,1.51048,1.50,1.87
2012.08.07 01:14:00.607,1.51013,1.51048,1.50,1.73
2012.08.07 01:14:15.828,1.51013,1.51048,3.00,1.73
2012.08.07 01:14:18.687,1.51013,1.51048,3.00,1.73
2012.08.07 01:14:27.480,1.51015,1.51048,1.50,1.73
2012.08.07 01:14:28.014,1.51015,1.51051,1.88,1.35
2012.08.07 01:14:30.265,1.51015,1.51049,1.50,2.10
2012.08.07 01:14:30.655,1.51014,1.51049,1.13,1.35
2012.08.07 01:14:46.853,1.51013,1.51048,3.00,1.87
2012.08.07 01:14:46.984,1.51013,1.51048,3.00,1.87
2012.08.07 01:15:02.939,1.51013,1.51053,2.12,1.73
2012.08.07 01:15:03.005,1.51015,1.51053,1.37,1.73
2012.08.07 01:15:03.517,1.51016,1.5105,1.13,1.35
2012.08.07 01:15:05.210,1.51016,1.51048,1.13,1.73
2012.08.07 01:15:06.278,1.51015,1.51053,2.25,1.73
2012.08.07 01:15:13.599,1.51016,1.51049,1.37,2.48
2012.08.07 01:15:14.186,1.51015,1.51049,2.25,2.48
2012.08.07 01:15:18.694,1.51016,1.51049,1.88,2.48
2012.08.07 01:15:19.318,1.5102,1.51056,1.37,2.48
2012.08.07 01:15:24.755,1.51018,1.51053,1.13,1.73
2012.08.07 01:15:25.122,1.51018,1.51053,2.49,1.73
2012.08.07 01:15:25.673,1.51019,1.51056,2.12,2.48
2012.08.07 01:15:25.739,1.5102,1.51056,1.37,2.48
2012.08.07 01:15:27.096,1.51019,1.51056,1.37,2.48
2012.08.07 01:15:27.164,1.51017,1.51053,1.74,1.50
2012.08.07 01:15:27.586,1.51025,1.51056,1.37,2.48
2012.08.07 01:15:27.718,1.5102,1.51056,1.37,2.48
2012.08.07 01:15:28.599,1.5102,1.51056,1.37,2.48
2012.08.07 01:15:28.962,1.51019,1.51056,2.49,2.48
2012.08.07 01:15:32.620,1.51019,1.51056,1.50,2.48
2012.08.07 01:15:32.802,1.51018,1.51053,2.49,1.73
2012.08.07 01:15:34.512,1.51016,1.51054,2.49,1.87
2012.08.07 01:15:37.543,1.51016,1.51054,1.37,1.87
2012.08.07 01:15:51.351,1.51016,1.51054,2.12,1.87
2012.08.07 01:15:51.492,1.5102,1.51054,1.50,1.87
2012.08.07 01:15:59.943,1.51019,1.51049,1.50,1.73
2012.08.07 01:16:00.128,1.51016,1.51045,1.37,1.50
2012.08.07 01:16:00.655,1.51016,1.51045,1.37,1.50
2012.08.07 01:16:04.392,1.51022,1.51045,1.50,1.50
2012.08.07 01:16:06.463,1.51015,1.51045,2.87,1.50
2012.08.07 01:16:11.528,1.51015,1.51044,2.25,1.50
2012.08.07 01:16:19.320,1.51015,1.51044,1.50,1.73
2012.08.07 01:16:19.907,1.51015,1.51044,2.49,1.50
2012.08.07 01:16:20.094,1.51015,1.51048,2.49,1.50
2012.08.07 01:16:20.657,1.51016,1.51048,1.13,1.50
2012.08.07 01:16:23.228,1.51017,1.51048,1.13,1.50
2012.08.07 01:16:23.296,1.51017,1.51048,1.13,1.50
2012.08.07 01:16:36.203,1.51018,1.51048,1.88,1.50
2012.08.07 01:16:36.269,1.5102,1.51053,1.50,1.73
2012.08.07 01:16:36.709,1.5102,1.51048,1.13,1.50
2012.08.07 01:16:37.294,1.51018,1.51048,2.25,1.50
2012.08.07 01:16:39.118,1.5102,1.51048,1.13,1.50
2012.08.07 01:16:39.420,1.51021,1.51054,1.88,1.50
2012.08.07 01:16:45.272,1.51021,1.51054,1.13,1.50
2012.08.07 01:16:46.375,1.51022,1.51054,1.50,1.50
2012.08.07 01:16:47.279,1.51022,1.5105,1.50,1.50
2012.08.07 01:16:47.589,1.51022,1.51054,2.12,1.50
2012.08.07 01:16:48.794,1.51022,1.51052,1.88,1.50
2012.08.07 01:16:49.337,1.51022,1.51053,1.88,1.50
2012.08.07 01:16:49.448,1.51022,1.51052,1.88,1.50
2012.08.07 01:16:49.571,1.51022,1.51053,1.88,1.50
2012.08.07 01:16:51.029,1.51022,1.51052,1.88,1.50
2012.08.07 01:16:51.334,1.51022,1.51054,1.50,1.73
2012.08.07 01:16:51.753,1.51022,1.51051,1.50,1.50
2012.08.07 01:16:53.088,1.51022,1.51054,2.12,1.50
2012.08.07 01:16:53.669,1.51022,1.51054,2.49,1.50
2012.08.07 01:16:54.086,1.51022,1.51052,2.49,1.50
2012.08.07 01:16:54.210,1.51022,1.51054,2.49,1.50
2012.08.07 01:16:55.088,1.51022,1.51052,2.49,1.50
2012.08.07 01:16:55.188,1.51022,1.51054,2.49,1.50
2012.08.07 01:16:55.936,1.51028,1.51058,1.37,1.73
2012.08.07 01:16:56.049,1.51028,1.51058,1.37,1.73
2012.08.07 01:16:56.615,1.51028,1.51058,1.37,1.73
2012.08.07 01:17:06.735,1.51029,1.51056,1.50,1.50
2012.08.07 01:17:12.033,1.51029,1.51056,1.50,1.73
2012.08.07 01:17:12.657,1.51029,1.51056,1.50,1.73
2012.08.07 01:17:12.977,1.51029,1.51056,1.50,1.73
2012.08.07 01:17:13.042,1.51029,1.51056,1.50,1.73
2012.08.07 01:17:13.108,1.51029,1.51056,1.50,1.73
2012.08.07 01:17:13.416,1.51029,1.51056,1.50,1.73
2012.08.07 01:17:13.693,1.51029,1.51056,1.50,1.73
2012.08.07 01:17:13.888,1.51029,1.51048,1.50,1.50
2012.08.07 01:17:14.546,1.51029,1.51055,1.50,1.73
2012.08.07 01:17:14.852,1.51021,1.51047,1.50,1.73
2012.08.07 01:17:16.665,1.51021,1.51044,1.50,1.50
2012.08.07 01:17:16.972,1.51021,1.51044,1.50,1.73
2012.08.07 01:17:17.434,1.51021,1.51044,1.50,1.73
2012.08.07 01:17:17.949,1.51021,1.51044,1.50,1.73
2012.08.07 01:17:18.504,1.51021,1.51044,1.50,1.50
2012.08.07 01:17:19.099,1.51021,1.51046,1.50,1.73
2012.08.07 01:17:19.805,1.51021,1.51049,1.50,1.73
2012.08.07 01:17:20.308,1.51021,1.51049,1.50,1.73
2012.08.07 01:17:20.959,1.51021,1.51049,2.25,1.73
2012.08.07 01:17:21.144,1.51022,1.51052,1.13,1.73
2012.08.07 01:17:21.334,1.51022,1.51054,1.13,1.73
2012.08.07 01:17:21.401,1.51021,1.51054,2.25,1.73
2012.08.07 01:17:21.469,1.51021,1.51054,1.88,1.73
2012.08.07 01:17:21.953,1.51023,1.51054,1.13,1.73
2012.08.07 01:17:22.139,1.51028,1.51054,1.50,1.73
2012.08.07 01:17:22.264,1.51028,1.51054,1.50,1.73
2012.08.07 01:17:27.305,1.51024,1.51054,1.50,1.50
2012.08.07 01:17:28.328,1.51024,1.51054,1.88,1.50
2012.08.07 01:17:28.751,1.51025,1.51059,1.88,1.73
2012.08.07 01:17:28.817,1.51026,1.51059,1.50,1.73
2012.08.07 01:17:29.829,1.51029,1.51059,1.50,1.73
2012.08.07 01:17:33.980,1.51028,1.5106,3.00,1.73
2012.08.07 01:17:47.873,1.51028,1.5106,2.25,1.73
2012.08.07 01:17:48.451,1.51028,1.51059,1.50,1.73
2012.08.07 01:17:49.274,1.51027,1.51059,2.25,1.73
2012.08.07 01:17:51.593,1.51027,1.51059,1.13,1.73
2012.08.07 01:17:52.098,1.51026,1.51059,1.50,1.73
2012.08.07 01:18:06.353,1.51027,1.51056,1.13,1.50
2012.08.07 01:18:08.228,1.51025,1.51058,1.37,1.73
2012.08.07 01:18:26.552,1.51027,1.51063,1.13,1.73
2012.08.07 01:18:26.617,1.51029,1.51063,1.13,1.50
2012.08.07 01:18:27.132,1.51026,1.51058,2.25,1.50
2012.08.07 01:18:35.931,1.51026,1.51059,1.13,1.50
2012.08.07 01:18:36.446,1.51029,1.51064,1.13,1.73
2012.08.07 01:18:37.970,1.51029,1.51059,1.13,1.50
2012.08.07 01:18:38.038,1.51025,1.51058,1.50,1.50
2012.08.07 01:18:46.220,1.51024,1.51058,1.86,1.50
2012.08.07 01:18:46.286,1.51024,1.51058,1.50,1.50
2012.08.07 01:18:46.488,1.51028,1.51061,1.13,1.50
2012.08.07 01:18:46.553,1.51028,1.51063,1.13,1.50
2012.08.07 01:19:08.849,1.51028,1.51061,1.13,1.50
2012.08.07 01:19:09.042,1.51028,1.51064,1.13,1.73
2012.08.07 01:19:10.450,1.51028,1.51064,1.13,1.50
2012.08.07 01:19:10.979,1.51028,1.51064,1.13,1.73
2012.08.07 01:19:11.280,1.51028,1.51063,1.13,1.73
2012.08.07 01:19:11.650,1.51028,1.51061,1.13,1.50
2012.08.07 01:19:22.777,1.51024,1.51061,1.37,1.50
2012.08.07 01:19:22.843,1.51024,1.51059,1.37,1.73
2012.08.07 01:19:28.307,1.51028,1.51059,1.13,1.50
2012.08.07 01:19:28.373,1.51028,1.51059,1.13,1.50
2012.08.07 01:19:36.932,1.51029,1.51063,1.13,1.73
2012.08.07 01:19:37.482,1.51026,1.51059,1.74,1.50
2012.08.07 01:19:42.271,1.51026,1.51055,1.74,1.09
2012.08.07 01:19:42.398,1.51023,1.51055,1.50,1.23
2012.08.07 01:19:42.882,1.51016,1.51058,2.12,2.02
2012.08.07 01:19:43.007,1.51017,1.51058,1.37,2.02
2012.08.07 01:19:43.250,1.51017,1.51058,1.37,1.88
2012.08.07 01:19:43.555,1.51019,1.51058,1.37,1.13
2012.08.07 01:19:44.119,1.51019,1.51058,1.37,1.13
2012.08.07 01:19:50.066,1.51019,1.51058,1.37,1.13
2012.08.07 01:19:51.609,1.51018,1.51058,2.12,1.13
2012.08.07 01:19:51.957,1.51018,1.51058,2.12,1.13
2012.08.07 01:19:52.712,1.51021,1.51059,1.37,3.00
2012.08.07 01:19:54.571,1.51021,1.51059,1.37,3.00
2012.08.07 01:19:55.085,1.51018,1.51059,2.12,3.23
2012.08.07 01:19:55.762,1.51021,1.51059,1.37,3.23
2012.08.07 01:19:56.623,1.51021,1.51059,1.37,3.23
2012.08.07 01:19:57.249,1.51022,1.51059,2.12,2.25
2012.08.07 01:19:57.771,1.51021,1.51058,1.59,1.50
2012.08.07 01:19:57.838,1.5102,1.51058,1.13,1.50
2012.08.07 01:20:02.230,1.51019,1.51059,1.50,3.37
2012.08.07 01:20:11.968,1.51021,1.51051,1.37,2.25
2012.08.07 01:20:12.711,1.5102,1.51051,1.37,2.25
2012.08.07 01:20:21.978,1.51021,1.51051,1.50,2.25
2012.08.07 01:20:23.734,1.51022,1.51058,1.37,3.23
2012.08.07 01:20:24.343,1.5102,1.51055,1.50,1.12
2012.08.07 01:20:32.346,1.51019,1.5105,1.50,2.25
2012.08.07 01:20:39.558,1.51019,1.51056,1.50,2.62
2012.08.07 01:20:39.799,1.51019,1.51056,1.50,2.39
2012.08.07 01:20:48.510,1.51021,1.51056,1.50,2.62
2012.08.07 01:21:18.413,1.5102,1.51056,1.50,2.48
2012.08.07 01:21:19.190,1.51019,1.51056,1.50,2.48
2012.08.07 01:21:23.916,1.51022,1.51054,1.50,1.12
2012.08.07 01:21:25.350,1.51022,1.51057,2.25,1.12
2012.08.07 01:21:27.768,1.51022,1.51059,2.25,1.12
2012.08.07 01:21:27.952,1.51023,1.51059,1.50,1.12
2012.08.07 01:21:32.734,1.51025,1.51064,1.50,1.87
2012.08.07 01:21:33.386,1.51026,1.51064,1.50,1.87
2012.08.07 01:21:34.005,1.51027,1.51062,1.50,1.12
2012.08.07 01:21:34.069,1.51028,1.51062,1.50,1.12
2012.08.07 01:21:34.818,1.51027,1.51062,1.50,1.12
2012.08.07 01:21:48.414,1.51026,1.51062,1.50,1.12
2012.08.07 01:21:52.531,1.51028,1.51062,1.50,1.12
2012.08.07 01:21:55.811,1.51024,1.51059,2.12,1.50
2012.08.07 01:21:55.939,1.5103,1.51062,1.50,1.12
2012.08.07 01:21:56.353,1.51026,1.51062,1.50,1.12
2012.08.07 01:22:00.796,1.51025,1.51058,1.50,1.73
2012.08.07 01:22:06.155,1.51023,1.51058,1.50,1.73
2012.08.07 01:22:06.283,1.51021,1.51054,1.37,1.73
2012.08.07 01:22:06.784,1.51019,1.51054,1.50,1.87
2012.08.07 01:22:19.963,1.51017,1.51054,1.50,1.87
2012.08.07 01:22:21.070,1.51019,1.51054,1.50,1.87
2012.08.07 01:22:22.522,1.5102,1.51057,1.50,2.48
2012.08.07 01:22:22.589,1.51022,1.51057,1.13,2.48
2012.08.07 01:22:22.901,1.51031,1.51067,1.37,2.48
2012.08.07 01:22:23.029,1.51031,1.51067,2.49,2.25
2012.08.07 01:22:23.763,1.51029,1.51062,2.25,1.12
2012.08.07 01:22:23.892,1.51028,1.51062,1.50,1.12
2012.08.07 01:22:24.837,1.51028,1.51062,1.50,1.12
2012.08.07 01:22:27.490,1.51028,1.51062,1.50,1.12
2012.08.07 01:22:27.731,1.51031,1.51064,1.50,1.87
2012.08.07 01:22:31.138,1.51029,1.51064,1.50,1.64
2012.08.07 01:22:31.326,1.51029,1.51064,1.50,1.87
2012.08.07 01:22:31.467,1.51029,1.51064,1.50,1.87
2012.08.07 01:22:31.768,1.51028,1.51064,1.13,1.87
2012.08.07 01:22:37.642,1.51028,1.5106,1.13,1.12
2012.08.07 01:22:37.947,1.5102,1.51055,1.50,1.12
2012.08.07 01:22:38.132,1.51026,1.51057,1.88,2.25
2012.08.07 01:22:42.911,1.51026,1.51058,1.13,1.50
2012.08.07 01:22:43.390,1.51026,1.51057,1.13,2.63
2012.08.07 01:22:43.579,1.51018,1.51056,1.50,1.87
2012.08.07 01:22:44.004,1.5102,1.51055,1.50,1.64
2012.08.07 01:22:44.578,1.51018,1.51054,1.50,1.64
2012.08.07 01:22:54.899,1.51015,1.51052,1.50,1.64
2012.08.07 01:22:56.504,1.51015,1.51049,1.50,1.64
2012.08.07 01:23:07.464,1.51016,1.51051,1.50,1.64
2012.08.07 01:23:12.511,1.51016,1.5105,1.50,1.64
2012.08.07 01:23:13.758,1.51016,1.51051,1.50,1.64
2012.08.07 01:23:14.077,1.51014,1.51048,1.13,1.64
2012.08.07 01:23:15.625,1.51014,1.51048,1.13,1.87
2012.08.07 01:23:15.933,1.51014,1.51051,1.13,3.23
2012.08.07 01:23:16.061,1.51014,1.51051,1.13,3.23
2012.08.07 01:23:20.545,1.51011,1.51048,1.50,1.12
2012.08.07 01:23:20.673,1.5101,1.51045,1.50,1.12
2012.08.07 01:23:20.980,1.51008,1.51042,2.25,1.64
2012.08.07 01:23:24.827,1.51011,1.51045,1.50,1.12
2012.08.07 01:23:24.895,1.51011,1.51047,1.50,1.64
2012.08.07 01:23:26.098,1.51015,1.5105,1.50,1.64
2012.08.07 01:23:26.464,1.51015,1.51043,1.50,1.50
2012.08.07 01:23:28.409,1.51015,1.51051,1.50,1.87
2012.08.07 01:23:29.504,1.51019,1.51049,1.50,1.64
2012.08.07 01:23:29.812,1.51021,1.51052,1.37,1.73
2012.08.07 01:23:29.939,1.51026,1.51059,1.50,1.64
2012.08.07 01:23:30.973,1.51029,1.5106,1.50,3.14
2012.08.07 01:23:31.364,1.51032,1.51062,1.50,1.12
2012.08.07 01:23:32.296,1.51032,1.51062,1.50,1.12
2012.08.07 01:23:32.363,1.51032,1.51062,1.50,1.12
2012.08.07 01:23:32.610,1.51032,1.51062,1.50,1.12
2012.08.07 01:23:32.735,1.51032,1.51062,1.50,1.12
2012.08.07 01:23:33.059,1.51024,1.51062,2.25,1.12
2012.08.07 01:23:37.335,1.51024,1.51058,1.50,1.73
2012.08.07 01:23:39.742,1.51024,1.51058,2.25,1.64
2012.08.07 01:23:40.426,1.51024,1.51058,3.00,1.64
2012.08.07 01:23:41.366,1.51026,1.51058,1.50,1.50
2012.08.07 01:23:42.947,1.51026,1.51058,1.50,1.50
2012.08.07 01:23:45.707,1.51026,1.51059,1.50,1.50
2012.08.07 01:23:56.244,1.51026,1.51062,2.25,1.87
2012.08.07 01:24:02.489,1.51026,1.51059,3.00,1.50
2012.08.07 01:24:03.038,1.51026,1.51059,2.25,1.64
2012.08.07 01:24:06.963,1.51026,1.51057,2.25,1.12
2012.08.07 01:24:07.146,1.51026,1.51057,2.25,1.12
2012.08.07 01:24:07.658,1.51026,1.51054,1.50,1.73
2012.08.07 01:24:07.785,1.51019,1.51054,2.87,1.73
2012.08.07 01:24:08.328,1.51019,1.51053,2.87,1.73
2012.08.07 01:24:08.694,1.51022,1.51057,1.50,1.12
2012.08.07 01:24:08.761,1.51022,1.51057,1.50,1.12
2012.08.07 01:24:14.504,1.51021,1.51058,1.50,1.64
2012.08.07 01:24:15.160,1.51026,1.51058,1.50,1.64
2012.08.07 01:24:22.008,1.51026,1.51058,2.25,1.64
2012.08.07 01:24:25.508,1.51026,1.51056,2.25,1.73
2012.08.07 01:24:26.657,1.51026,1.51055,1.50,1.50
2012.08.07 01:24:26.959,1.51026,1.51055,1.50,1.73
2012.08.07 01:24:27.081,1.51026,1.51054,1.50,1.73
2012.08.07 01:24:27.147,1.5102,1.51054,1.37,1.73
2012.08.07 01:24:27.424,1.5102,1.51054,1.37,1.73
2012.08.07 01:24:27.927,1.51024,1.51058,2.25,1.12
2012.08.07 01:24:28.473,1.51026,1.51058,1.50,1.12
2012.08.07 01:24:29.350,1.51026,1.51058,1.50,1.12
2012.08.07 01:24:32.114,1.51026,1.51054,1.50,1.73
2012.08.07 01:24:37.946,1.51026,1.51058,1.50,1.87
2012.08.07 01:24:38.318,1.51026,1.5106,3.00,1.64
2012.08.07 01:24:38.628,1.51029,1.51063,1.13,1.50
2012.08.07 01:24:38.755,1.51026,1.51063,3.00,2.39
2012.08.07 01:24:39.360,1.51027,1.51062,1.88,1.73
2012.08.07 01:24:42.604,1.51026,1.51059,2.25,1.73
2012.08.07 01:24:43.189,1.51026,1.51059,1.50,2.62
2012.08.07 01:24:43.928,1.51021,1.51059,1.88,2.62
2012.08.07 01:25:02.896,1.51022,1.51059,1.50,1.87
2012.08.07 01:25:04.337,1.51022,1.51059,1.50,1.87
2012.08.07 01:25:04.401,1.51021,1.51059,1.50,2.62
2012.08.07 01:25:05.993,1.51021,1.51059,2.87,1.73
2012.08.07 01:25:08.098,1.51022,1.51059,1.13,1.73
2012.08.07 01:25:09.775,1.51021,1.51059,3.24,1.73
2012.08.07 01:25:10.188,1.51021,1.51059,2.49,2.62
2012.08.07 01:25:10.312,1.51021,1.51059,2.49,2.62
2012.08.07 01:25:11.661,1.51021,1.51059,2.12,2.48
2012.08.07 01:25:11.969,1.51024,1.51061,1.50,1.12
2012.08.07 01:25:13.000,1.51021,1.51059,1.50,1.12
2012.08.07 01:25:13.066,1.51021,1.51059,1.50,1.87
2012.08.07 01:25:18.339,1.51019,1.51055,1.50,1.73
2012.08.07 01:25:18.675,1.51016,1.51052,1.50,1.50
2012.08.07 01:25:18.921,1.5102,1.51054,1.50,1.87
2012.08.07 01:25:19.049,1.51017,1.51054,1.50,1.87
2012.08.07 01:25:20.780,1.51016,1.51051,1.50,1.50
2012.08.07 01:25:21.200,1.51019,1.5105,1.50,1.50
2012.08.07 01:25:21.326,1.51016,1.5105,1.50,1.50
2012.08.07 01:25:23.780,1.5102,1.51052,1.50,1.64
2012.08.07 01:25:24.024,1.51016,1.51049,1.50,1.50
2012.08.07 01:25:24.532,1.51017,1.51053,1.50,2.39
2012.08.07 01:25:24.658,1.51017,1.5105,1.50,1.50
2012.08.07 01:25:25.855,1.51017,1.51053,1.50,1.50
2012.08.07 01:25:25.980,1.51016,1.51051,1.50,1.64
2012.08.07 01:25:29.159,1.51017,1.51053,1.50,2.39
2012.08.07 01:25:34.958,1.51017,1.51051,1.50,1.64
2012.08.07 01:25:36.848,1.51017,1.51052,1.50,1.73
2012.08.07 01:25:37.152,1.51025,1.51056,1.50,1.50
2012.08.07 01:25:44.132,1.51025,1.5106,1.50,1.73
2012.08.07 01:25:44.198,1.51022,1.51058,1.50,1.50
2012.08.07 01:25:46.161,1.51025,1.5106,1.50,1.64
2012.08.07 01:25:46.288,1.51025,1.5106,1.50,1.64
2012.08.07 01:25:46.354,1.51028,1.51061,1.50,1.50
2012.08.07 01:25:46.482,1.51026,1.51061,1.50,1.50
2012.08.07 01:25:46.550,1.51032,1.51064,1.37,1.73
2012.08.07 01:25:46.739,1.51032,1.51066,2.12,1.73
2012.08.07 01:25:54.852,1.5103,1.51064,2.25,1.73
2012.08.07 01:25:54.918,1.5103,1.51064,1.50,1.73
2012.08.07 01:26:02.269,1.5103,1.51065,2.25,1.73
2012.08.07 01:26:02.981,1.51032,1.51067,1.50,1.73
2012.08.07 01:26:12.572,1.51032,1.51068,1.50,1.50
2012.08.07 01:26:12.638,1.51035,1.51068,1.50,1.50
2012.08.07 01:26:12.707,1.51035,1.51068,2.25,2.25
2012.08.07 01:26:12.776,1.51035,1.51068,2.25,2.25
2012.08.07 01:26:13.086,1.51035,1.51068,1.50,1.50
2012.08.07 01:26:13.721,1.51035,1.51068,2.25,1.50
2012.08.07 01:26:21.422,1.51035,1.51069,3.00,1.50
2012.08.07 01:26:21.667,1.51035,1.51069,3.00,1.73
2012.08.07 01:26:22.169,1.51035,1.51069,3.00,1.50
2012.08.07 01:26:22.296,1.51035,1.51066,3.00,1.50
2012.08.07 01:26:22.781,1.51035,1.51069,2.25,1.50
2012.08.07 01:26:22.965,1.51035,1.51069,2.25,1.50
2012.08.07 01:26:23.587,1.51035,1.51068,2.25,1.50
2012.08.07 01:26:23.956,1.51035,1.51065,2.25,1.50
2012.08.07 01:26:24.508,1.51035,1.51069,2.63,1.50
2012.08.07 01:26:24.940,1.51035,1.51068,3.38,1.73
2012.08.07 01:26:25.066,1.51035,1.51065,1.88,1.50
2012.08.07 01:26:25.488,1.51035,1.51067,2.25,1.50
2012.08.07 01:26:25.977,1.51036,1.51069,1.50,1.73
2012.08.07 01:26:27.138,1.51035,1.51067,3.00,1.50
2012.08.07 01:26:27.524,1.51035,1.51068,3.00,1.50
2012.08.07 01:26:28.210,1.51035,1.51067,3.00,1.50
2012.08.07 01:26:28.335,1.51035,1.51069,3.00,1.50
2012.08.07 01:26:30.508,1.51035,1.51067,3.00,1.50
2012.08.07 01:26:30.632,1.51035,1.51069,3.00,1.50
2012.08.07 01:26:31.316,1.51035,1.51067,3.00,1.50
2012.08.07 01:26:31.488,1.51035,1.51069,3.00,1.50
2012.08.07 01:26:32.139,1.51035,1.51067,3.00,1.50
2012.08.07 01:26:32.270,1.51035,1.51069,3.00,1.50
2012.08.07 01:26:32.769,1.51041,1.51069,1.50,1.50
2012.08.07 01:26:33.360,1.51041,1.51067,1.50,1.50
2012.08.07 01:26:35.560,1.51041,1.51068,1.50,1.50
2012.08.07 01:26:40.290,1.51033,1.51068,3.00,1.50
2012.08.07 01:26:48.436,1.51034,1.51069,1.50,1.50
2012.08.07 01:27:18.399,1.51036,1.51073,1.50,1.73
2012.08.07 01:27:34.219,1.51036,1.51073,1.50,1.73
2012.08.07 01:27:34.576,1.51035,1.51074,1.50,1.50
2012.08.07 01:28:04.884,1.51034,1.51074,1.50,1.73
2012.08.07 01:28:05.137,1.51034,1.51074,1.50,1.73
2012.08.07 01:28:34.406,1.51029,1.51069,1.50,1.73
2012.08.07 01:28:34.943,1.51028,1.51065,2.25,1.50
2012.08.07 01:28:35.247,1.51028,1.51063,2.25,1.50
2012.08.07 01:28:35.691,1.51028,1.51067,2.25,1.73
2012.08.07 01:28:35.940,1.51028,1.51067,2.25,1.73
2012.08.07 01:28:40.593,1.51028,1.51066,2.87,1.50
2012.08.07 01:28:42.620,1.51028,1.51067,2.87,1.50
2012.08.07 01:28:43.159,1.51036,1.51067,1.50,1.73
2012.08.07 01:28:43.914,1.51036,1.51067,1.50,1.73
2012.08.07 01:28:44.918,1.51036,1.51064,1.50,1.50
2012.08.07 01:28:44.985,1.51028,1.51064,2.25,1.73
2012.08.07 01:28:45.541,1.51028,1.51063,2.25,1.73
2012.08.07 01:28:56.358,1.51028,1.51063,2.25,1.73
2012.08.07 01:28:58.697,1.51028,1.51067,2.25,1.50
2012.08.07 01:28:59.772,1.51027,1.51067,2.25,1.50
2012.08.07 01:29:09.936,1.51027,1.51065,2.25,1.73
2012.08.07 01:29:10.210,1.51027,1.5106,2.25,1.73
2012.08.07 01:29:10.340,1.51025,1.51063,1.50,1.87
2012.08.07 01:29:10.407,1.51022,1.51063,1.88,1.87
2012.08.07 01:29:10.957,1.51022,1.51058,1.13,1.50
2012.08.07 01:29:11.024,1.51022,1.51058,1.13,1.50
2012.08.07 01:29:11.275,1.51022,1.51058,1.88,1.50
2012.08.07 01:29:11.464,1.51027,1.51064,1.50,3.23
2012.08.07 01:29:11.983,1.51039,1.51065,1.50,1.50
2012.08.07 01:29:13.026,1.51039,1.51067,1.50,1.50
2012.08.07 01:29:13.095,1.5103,1.51063,2.10,1.50
2012.08.07 01:29:13.637,1.5103,1.51059,2.10,1.50
2012.08.07 01:29:15.926,1.5103,1.51061,1.50,1.50
2012.08.07 01:29:18.338,1.5103,1.51058,1.50,1.50
2012.08.07 01:29:18.468,1.5103,1.51057,1.50,1.64
2012.08.07 01:29:18.535,1.5103,1.51061,3.00,1.50
2012.08.07 01:29:18.661,1.51032,1.51065,1.13,1.50
2012.08.07 01:29:18.728,1.51036,1.51071,2.25,1.50
2012.08.07 01:29:18.795,1.51039,1.51071,1.50,1.50
2012.08.07 01:29:21.561,1.51039,1.51068,1.50,1.73
2012.08.07 01:29:21.630,1.51031,1.51062,2.25,1.13
2012.08.07 01:29:21.760,1.51031,1.51062,1.50,1.12
2012.08.07 01:29:21.888,1.51031,1.51058,1.50,1.73
2012.08.07 01:29:22.078,1.51031,1.51058,1.50,1.50
2012.08.07 01:29:22.685,1.51031,1.51064,2.25,1.73
2012.08.07 01:29:23.243,1.51031,1.51064,1.50,1.73
2012.08.07 01:29:23.778,1.51031,1.51064,2.25,1.73
2012.08.07 01:29:23.967,1.51031,1.51064,2.25,1.73
2012.08.07 01:29:24.034,1.51031,1.51067,2.25,1.73
2012.08.07 01:29:24.543,1.51031,1.51067,2.25,1.50
2012.08.07 01:29:24.853,1.51036,1.51073,1.50,1.73
2012.08.07 01:29:25.219,1.51038,1.51076,1.50,1.73
2012.08.07 01:29:25.684,1.51038,1.51074,1.50,1.35
2012.08.07 01:29:26.051,1.51038,1.51073,2.25,1.73
2012.08.07 01:29:26.361,1.51038,1.51077,3.00,1.73
2012.08.07 01:29:26.427,1.51038,1.51077,2.25,1.73
2012.08.07 01:29:26.614,1.51038,1.51077,1.50,1.87
2012.08.07 01:29:26.742,1.51038,1.5107,2.25,1.35
2012.08.07 01:29:26.809,1.51038,1.5107,1.50,1.13
2012.08.07 01:29:27.116,1.51038,1.51065,1.50,1.13
2012.08.07 01:29:27.523,1.5103,1.51065,2.63,1.13
2012.08.07 01:29:30.349,1.51032,1.51065,1.13,1.13
2012.08.07 01:29:30.416,1.51032,1.51065,1.13,1.13
2012.08.07 01:29:33.968,1.5103,1.51063,1.50,1.50
2012.08.07 01:29:34.095,1.5103,1.51063,1.50,1.64
2012.08.07 01:29:34.341,1.51027,1.51063,1.50,1.64
2012.08.07 01:29:34.838,1.51025,1.51062,2.25,1.35
2012.08.07 01:29:34.906,1.51025,1.51058,1.50,1.50
2012.08.07 01:29:35.503,1.51025,1.51062,2.25,1.35
2012.08.07 01:29:35.692,1.51025,1.51058,1.50,1.73
2012.08.07 01:29:35.760,1.51023,1.51058,2.25,1.50
2012.08.07 01:29:36.579,1.51022,1.51057,1.50,1.13
2012.08.07 01:29:36.704,1.51022,1.51057,1.50,1.13
2012.08.07 01:29:41.746,1.51025,1.51061,1.13,2.25
2012.08.07 01:29:45.587,1.51026,1.51061,1.50,2.25
2012.08.07 01:29:49.481,1.51025,1.51061,1.50,2.25
2012.08.07 01:29:51.608,1.51026,1.51061,1.50,2.25
2012.08.07 01:29:53.653,1.51022,1.51058,2.25,1.73
2012.08.07 01:29:53.973,1.51022,1.51058,1.50,1.73
2012.08.07 01:29:54.275,1.51018,1.51054,1.50,3.23
2012.08.07 01:29:56.045,1.51016,1.51044,1.50,1.50
2012.08.07 01:29:56.660,1.51016,1.51044,1.50,1.50
2012.08.07 01:29:57.167,1.51012,1.51037,1.50,1.50
2012.08.07 01:29:57.234,1.51011,1.51037,1.50,1.50
2012.08.07 01:29:57.482,1.51011,1.51037,1.50,1.50
2012.08.07 01:29:57.802,1.5101,1.51037,1.50,1.50
2012.08.07 01:29:58.055,1.5101,1.51039,1.50,1.50
2012.08.07 01:29:58.123,1.5101,1.51043,1.50,2.25
2012.08.07 01:30:01.944,1.51009,1.51043,1.50,2.25
2012.08.07 01:30:08.384,1.51007,1.51043,1.50,2.25
2012.08.07 01:30:08.572,1.51007,1.51043,1.50,2.25
2012.08.07 01:30:08.639,1.51007,1.51043,1.50,2.25
2012.08.07 01:30:08.965,1.5101,1.51043,1.50,2.25
2012.08.07 01:30:09.216,1.51012,1.51048,1.88,2.25
2012.08.07 01:30:09.343,1.51013,1.51048,1.37,2.25
2012.08.07 01:30:09.590,1.51013,1.51048,1.37,1.50
2012.08.07 01:30:10.386,1.51012,1.51048,1.88,1.50
2012.08.07 01:30:16.362,1.51007,1.5104,3.00,1.50
2012.08.07 01:30:17.083,1.51007,1.51043,3.75,1.73
2012.08.07 01:30:17.644,1.51011,1.51048,1.50,1.73
2012.08.07 01:30:18.985,1.51007,1.51043,4.37,1.50
2012.08.07 01:30:21.323,1.51007,1.51043,4.13,1.50
2012.08.07 01:30:21.877,1.51011,1.51048,1.50,1.73
2012.08.07 01:30:22.534,1.51007,1.51044,3.38,1.50
2012.08.07 01:30:23.183,1.51006,1.51043,1.50,2.25
2012.08.07 01:30:23.487,1.51006,1.51043,1.50,2.25
2012.08.07 01:30:28.415,1.51007,1.51042,1.50,1.50
2012.08.07 01:30:28.602,1.51014,1.51043,1.50,1.50
2012.08.07 01:30:28.853,1.51014,1.51051,1.50,3.00
2012.08.07 01:30:28.920,1.51011,1.51049,2.10,1.50
2012.08.07 01:30:29.447,1.51011,1.51049,2.25,1.73
2012.08.07 01:30:29.998,1.51011,1.51049,2.25,1.50
2012.08.07 01:30:30.066,1.51011,1.51049,2.63,1.50
2012.08.07 01:30:30.377,1.51011,1.51049,2.25,1.50
2012.08.07 01:30:30.517,1.51013,1.51049,1.13,1.50
2012.08.07 01:30:30.584,1.51017,1.51049,1.74,1.50
2012.08.07 01:30:30.893,1.5102,1.51053,1.13,2.48
2012.08.07 01:30:31.080,1.51014,1.51049,1.13,1.50
2012.08.07 01:30:31.209,1.51019,1.51051,1.13,1.73
2012.08.07 01:30:31.456,1.51013,1.51049,1.88,1.50
2012.08.07 01:30:31.759,1.51013,1.51049,1.88,1.50
2012.08.07 01:30:33.135,1.51017,1.51049,1.13,1.73
2012.08.07 01:30:38.780,1.51014,1.51044,1.13,1.50
2012.08.07 01:30:38.905,1.51011,1.51044,2.63,1.50
2012.08.07 01:30:39.270,1.51011,1.51044,2.63,1.50
2012.08.07 01:30:44.286,1.51011,1.51049,3.00,1.50
2012.08.07 01:30:46.504,1.51011,1.51049,1.50,1.50
2012.08.07 01:30:46.631,1.51011,1.51049,1.50,1.50
2012.08.07 01:30:53.424,1.51011,1.51049,2.25,1.50
2012.08.07 01:31:01.033,1.51014,1.51051,1.50,1.50
2012.08.07 01:31:01.602,1.51011,1.51047,1.50,1.50
2012.08.07 01:31:05.382,1.51011,1.51047,1.50,1.50
2012.08.07 01:31:17.119,1.51006,1.51044,1.50,1.50
2012.08.07 01:31:17.423,1.51007,1.51044,1.13,1.50
2012.08.07 01:31:20.311,1.5101,1.51047,1.50,1.50
2012.08.07 01:31:20.376,1.51011,1.51047,1.50,1.50
2012.08.07 01:31:26.940,1.51007,1.51044,2.25,1.50
2012.08.07 01:31:29.813,1.5101,1.51047,1.50,1.73
2012.08.07 01:31:31.255,1.51007,1.51044,2.25,1.50
2012.08.07 01:31:39.181,1.51007,1.51044,2.25,1.50
2012.08.07 01:31:47.816,1.51009,1.51047,1.50,1.73
2012.08.07 01:31:52.700,1.51007,1.51043,1.50,1.50
2012.08.07 01:31:56.896,1.51007,1.51043,1.50,1.73
2012.08.07 01:32:03.827,1.51007,1.51043,1.50,1.50
2012.08.07 01:32:04.198,1.51009,1.51047,1.50,1.73
2012.08.07 01:32:10.916,1.51006,1.51044,1.50,1.73
2012.08.07 01:32:15.197,1.51009,1.51047,1.50,2.10
2012.08.07 01:32:15.526,1.51007,1.51043,1.50,1.50
2012.08.07 01:32:15.968,1.51009,1.51047,1.50,2.10
2012.08.07 01:32:21.477,1.51007,1.51043,1.50,1.50
2012.08.07 01:32:49.531,1.51009,1.51048,1.50,1.73
2012.08.07 01:32:59.857,1.51006,1.51044,1.50,2.25
2012.08.07 01:33:00.467,1.51006,1.51044,1.50,1.73
2012.08.07 01:33:01.473,1.51006,1.51044,1.88,1.73
2012.08.07 01:33:35.357,1.51007,1.51039,1.13,1.50
2012.08.07 01:33:35.864,1.51007,1.51044,1.13,1.50
2012.08.07 01:33:42.799,1.5101,1.51044,2.25,1.50
2012.08.07 01:33:42.924,1.5101,1.51044,2.12,1.50
2012.08.07 01:33:43.345,1.51009,1.51044,2.25,1.50
2012.08.07 01:33:45.326,1.51012,1.51044,1.13,1.50
2012.08.07 01:33:45.642,1.51009,1.51044,2.63,1.50
2012.08.07 01:33:48.279,1.51009,1.51041,2.25,1.50
2012.08.07 01:33:48.404,1.51009,1.51044,2.25,1.50
2012.08.07 01:33:48.529,1.51009,1.51044,2.25,1.73
2012.08.07 01:33:52.208,1.51009,1.51043,2.25,1.50
2012.08.07 01:33:52.466,1.51009,1.51041,2.25,1.50
2012.08.07 01:33:56.142,1.51008,1.51042,2.25,1.73
2012.08.07 01:33:56.455,1.51008,1.51036,1.50,1.50
2012.08.07 01:33:57.450,1.51008,1.51039,1.50,1.73
2012.08.07 01:33:58.986,1.51008,1.51036,1.50,1.50
2012.08.07 01:33:59.929,1.51008,1.51038,1.50,1.50
2012.08.07 01:34:03.018,1.51008,1.51036,1.50,1.50
2012.08.07 01:34:15.909,1.51006,1.51036,2.25,1.50
2012.08.07 01:34:21.159,1.51006,1.51038,2.25,1.50
2012.08.07 01:34:26.548,1.51006,1.51043,2.25,2.48
2012.08.07 01:34:26.675,1.51007,1.51043,2.25,1.73
2012.08.07 01:34:26.923,1.51014,1.51043,1.50,1.73
2012.08.07 01:34:28.720,1.51014,1.51043,2.25,1.50
2012.08.07 01:34:47.818,1.51011,1.51044,2.25,1.50
2012.08.07 01:34:48.186,1.51011,1.51044,2.25,1.50
2012.08.07 01:34:48.310,1.51011,1.51043,2.25,1.50
2012.08.07 01:34:48.618,1.51011,1.51039,1.50,1.64
2012.08.07 01:34:49.047,1.51011,1.51039,1.50,1.50
2012.08.07 01:34:49.569,1.5101,1.51038,1.50,1.50
2012.08.07 01:34:49.636,1.51004,1.51038,2.85,1.50
2012.08.07 01:34:49.762,1.51004,1.51037,2.25,1.73
2012.08.07 01:34:50.311,1.51004,1.51038,2.25,1.50
2012.08.07 01:34:50.618,1.51011,1.51038,1.50,1.50
2012.08.07 01:34:50.935,1.51013,1.5104,1.50,1.73
2012.08.07 01:34:51.475,1.51013,1.51043,1.50,1.87
2012.08.07 01:34:52.021,1.51013,1.51038,1.50,1.50
2012.08.07 01:34:52.268,1.51005,1.51038,2.25,1.50
2012.08.07 01:34:53.825,1.51005,1.51041,2.63,1.50
2012.08.07 01:34:54.298,1.51007,1.51043,1.50,1.73
2012.08.07 01:34:54.423,1.51007,1.51043,1.50,2.48
2012.08.07 01:35:03.854,1.51005,1.51039,2.25,1.73
2012.08.07 01:35:04.158,1.51005,1.51037,2.25,2.48
2012.08.07 01:35:04.464,1.51005,1.5103,1.50,1.13
2012.08.07 01:35:04.590,1.50999,1.5103,2.25,1.13
2012.08.07 01:35:04.656,1.50999,1.51028,1.50,2.25
2012.08.07 01:35:04.969,1.50999,1.51028,1.88,1.87
2012.08.07 01:35:05.216,1.50999,1.5103,1.50,1.04
2012.08.07 01:35:05.340,1.50999,1.5103,1.50,1.04
2012.08.07 01:35:08.157,1.50999,1.51032,1.50,1.79
2012.08.07 01:35:14.032,1.50999,1.51029,2.25,1.64
2012.08.07 01:35:14.216,1.50999,1.5103,1.50,1.64
2012.08.07 01:35:14.584,1.50996,1.51028,2.63,1.79
2012.08.07 01:35:14.709,1.50992,1.51028,1.88,1.79
2012.08.07 01:35:15.240,1.50992,1.51028,1.13,1.27
2012.08.07 01:35:20.680,1.50992,1.51028,1.50,1.87
2012.08.07 01:35:21.655,1.50992,1.51028,1.13,1.87
2012.08.07 01:35:23.955,1.50992,1.51028,1.13,1.87
2012.08.07 01:35:24.321,1.50992,1.51026,1.13,1.64
2012.08.07 01:35:24.388,1.50992,1.51026,1.50,1.64
2012.08.07 01:35:25.151,1.50988,1.51028,1.50,3.14
2012.08.07 01:35:25.217,1.50987,1.51019,2.12,1.50
2012.08.07 01:35:25.523,1.50987,1.51019,1.37,1.65
2012.08.07 01:35:26.059,1.50987,1.51026,2.12,1.64
2012.08.07 01:35:26.311,1.50988,1.51026,1.50,1.64
2012.08.07 01:35:26.906,1.50987,1.51024,1.37,1.50
2012.08.07 01:35:27.632,1.50988,1.51026,1.50,1.64
2012.08.07 01:35:28.140,1.50991,1.51026,1.50,1.64
2012.08.07 01:35:32.068,1.50991,1.51026,1.50,1.64
2012.08.07 01:35:33.588,1.50995,1.51029,1.50,1.73
2012.08.07 01:35:34.040,1.50995,1.51033,2.25,1.87
2012.08.07 01:35:34.106,1.50997,1.51033,1.50,1.50
2012.08.07 01:35:36.052,1.50997,1.51033,1.50,1.50
2012.08.07 01:35:39.595,1.51001,1.51033,1.50,1.50
2012.08.07 01:35:43.100,1.51001,1.51031,1.50,1.87
2012.08.07 01:35:43.403,1.51001,1.51028,1.50,1.50
2012.08.07 01:35:43.529,1.51001,1.51028,1.50,1.50
2012.08.07 01:35:48.291,1.51001,1.51027,1.50,1.50
2012.08.07 01:35:49.824,1.51001,1.51028,1.50,1.50
2012.08.07 01:35:50.802,1.50994,1.51028,3.00,1.50
2012.08.07 01:35:51.224,1.50994,1.51027,1.50,1.12
2012.08.07 01:35:53.200,1.50994,1.51028,3.00,1.73
2012.08.07 01:35:56.692,1.50994,1.51025,2.25,1.50
2012.08.07 01:35:56.876,1.50994,1.51024,1.50,1.73
2012.08.07 01:35:59.372,1.50994,1.51024,1.88,1.50
2012.08.07 01:35:59.499,1.50994,1.51024,2.63,1.50
2012.08.07 01:36:00.352,1.50994,1.51024,1.50,1.50
2012.08.07 01:36:09.321,1.50994,1.51029,2.12,1.50
2012.08.07 01:36:09.444,1.50995,1.5103,1.37,1.50
2012.08.07 01:36:09.630,1.50996,1.5103,1.50,1.50
2012.08.07 01:36:09.754,1.50994,1.51029,1.88,1.50
2012.08.07 01:36:10.820,1.50993,1.51029,3.24,1.50
2012.08.07 01:36:14.990,1.50993,1.51029,1.74,1.50
2012.08.07 01:36:18.623,1.50991,1.51029,3.38,1.64
2012.08.07 01:36:20.117,1.50991,1.51024,2.25,1.50
2012.08.07 01:36:20.420,1.50991,1.51023,1.50,1.50
2012.08.07 01:36:36.608,1.50991,1.51023,1.50,1.50
2012.08.07 01:36:46.562,1.50991,1.51023,2.12,1.50
2012.08.07 01:36:46.867,1.51025,1.51033,1.50,1.12
2012.08.07 01:36:47.118,1.50998,1.51035,1.88,1.12
2012.08.07 01:36:47.243,1.51,1.51038,1.13,1.12
2012.08.07 01:36:50.797,1.50999,1.51038,1.13,1.64
2012.08.07 01:36:51.162,1.50999,1.51038,1.13,1.64
2012.08.07 01:36:51.856,1.50997,1.51035,1.88,1.12
2012.08.07 01:37:01.354,1.50997,1.51035,1.13,1.12
2012.08.07 01:37:01.539,1.50994,1.51033,1.88,1.64
2012.08.07 01:37:02.053,1.50994,1.51031,1.13,1.12
2012.08.07 01:37:06.054,1.50995,1.51031,1.13,1.12
2012.08.07 01:37:06.300,1.51001,1.51036,1.37,1.73
2012.08.07 01:37:06.821,1.51001,1.51038,1.37,2.48
2012.08.07 01:37:07.456,1.51001,1.51038,1.37,2.48
2012.08.07 01:37:07.639,1.51001,1.51038,1.37,2.48
2012.08.07 01:37:07.768,1.51001,1.51038,1.37,1.50
2012.08.07 01:37:07.895,1.51,1.51038,1.50,1.64
2012.08.07 01:37:08.201,1.51002,1.51035,1.50,1.12
2012.08.07 01:37:08.329,1.51001,1.51035,1.13,1.12
2012.08.07 01:37:08.457,1.50999,1.51035,1.50,1.12
2012.08.07 01:37:08.645,1.50998,1.51035,2.25,1.12
2012.08.07 01:37:09.933,1.50998,1.51032,1.50,1.12
2012.08.07 01:37:10.122,1.50989,1.51024,2.25,1.87
2012.08.07 01:37:10.427,1.50991,1.51027,1.13,1.12
2012.08.07 01:37:11.100,1.50991,1.51028,1.88,1.64
2012.08.07 01:37:11.634,1.50991,1.51028,1.13,2.39
2012.08.07 01:37:11.700,1.50989,1.51028,2.63,2.39
2012.08.07 01:37:12.376,1.5099,1.51026,1.50,1.12
2012.08.07 01:37:14.212,1.50989,1.51027,2.63,1.12
2012.08.07 01:37:14.755,1.5099,1.51027,1.50,1.12
2012.08.07 01:37:18.274,1.50992,1.51028,1.13,1.87
2012.08.07 01:37:20.499,1.50993,1.51028,1.50,1.64
2012.08.07 01:37:20.565,1.50992,1.51028,1.88,1.64
2012.08.07 01:37:20.631,1.50993,1.51028,1.50,1.64
2012.08.07 01:37:20.909,1.50994,1.51028,1.50,1.64
2012.08.07 01:37:39.980,1.50992,1.5103,1.13,1.64
2012.08.07 01:37:40.105,1.50992,1.51028,1.13,1.64
2012.08.07 01:37:42.164,1.50992,1.51028,1.13,1.73
2012.08.07 01:37:42.792,1.50991,1.51027,2.63,1.12
2012.08.07 01:37:45.252,1.50992,1.51029,1.13,1.87
2012.08.07 01:37:45.318,1.50994,1.51029,1.50,1.87
2012.08.07 01:37:45.863,1.50994,1.51029,1.50,1.64
2012.08.07 01:37:47.664,1.50992,1.51029,1.50,1.64
2012.08.07 01:37:50.636,1.50994,1.51029,1.50,1.64
2012.08.07 01:37:55.103,1.50992,1.5103,1.88,1.12
2012.08.07 01:37:55.494,1.50992,1.5103,1.88,1.12
2012.08.07 01:37:58.295,1.50992,1.51032,1.88,1.64
2012.08.07 01:38:00.034,1.50994,1.51032,1.50,1.64
2012.08.07 01:38:00.586,1.50994,1.51032,1.50,1.64
2012.08.07 01:38:02.122,1.50994,1.51032,1.50,1.64
2012.08.07 01:38:04.206,1.50992,1.51032,1.88,1.64
2012.08.07 01:38:04.285,1.50992,1.51032,1.88,1.64
2012.08.07 01:38:06.193,1.50992,1.51032,1.88,1.87
2012.08.07 01:38:06.953,1.50995,1.51032,1.50,1.64
2012.08.07 01:38:09.154,1.50995,1.51032,1.50,1.64
2012.08.07 01:38:11.132,1.50995,1.51032,1.50,1.64
2012.08.07 01:38:17.733,1.50992,1.51029,1.13,1.64
2012.08.07 01:38:17.823,1.50992,1.51029,1.13,1.64
2012.08.07 01:38:20.132,1.50992,1.51029,1.35,1.64
2012.08.07 01:38:20.906,1.50992,1.51029,1.35,1.64
2012.08.07 01:38:21.363,1.50993,1.51029,1.73,1.64
2012.08.07 01:38:23.134,1.50993,1.51032,1.73,1.64
2012.08.07 01:38:24.478,1.50992,1.51032,2.63,1.87
2012.08.07 01:38:30.705,1.50999,1.51032,1.74,1.73
2012.08.07 01:38:30.831,1.51006,1.51034,1.37,2.25
2012.08.07 01:38:30.960,1.51007,1.51041,1.88,1.35
2012.08.07 01:38:31.027,1.51006,1.51045,1.50,1.12
2012.08.07 01:38:31.153,1.51005,1.51045,2.87,1.12
2012.08.07 01:38:31.279,1.51005,1.51044,1.50,1.12
2012.08.07 01:38:31.586,1.51005,1.51039,1.50,1.12
2012.08.07 01:38:31.716,1.51005,1.51039,2.87,2.48
2012.08.07 01:38:31.961,1.51006,1.51039,1.37,1.50
2012.08.07 01:38:42.022,1.50985,1.51016,2.25,1.75
2012.08.07 01:38:42.091,1.50995,1.51008,1.50,1.13
2012.08.07 01:38:42.159,1.50985,1.51004,2.25,1.13
2012.08.07 01:38:42.226,1.50991,1.51005,1.50,1.13
2012.08.07 01:38:42.293,1.50991,1.51014,2.25,1.50
2012.08.07 01:38:42.419,1.50991,1.51014,2.25,1.50
2012.08.07 01:38:42.606,1.50993,1.51023,2.25,1.13
2012.08.07 01:38:42.736,1.50987,1.51023,1.71,1.88
2012.08.07 01:38:43.277,1.50987,1.51026,2.12,1.64
2012.08.07 01:38:46.875,1.50992,1.51025,1.37,1.73
2012.08.07 01:38:47.002,1.50995,1.51027,1.37,1.73
2012.08.07 01:38:47.069,1.50996,1.51027,1.50,1.50
2012.08.07 01:38:49.994,1.50995,1.51034,1.37,1.87
2012.08.07 01:39:03.294,1.50996,1.51035,2.12,3.23
2012.08.07 01:39:04.463,1.50996,1.51034,1.50,1.73
2012.08.07 01:39:04.775,1.50997,1.51034,1.13,1.73
2012.08.07 01:39:04.961,1.51007,1.51036,1.13,2.25
2012.08.07 01:39:05.087,1.51007,1.51039,1.13,1.50
2012.08.07 01:39:05.863,1.51007,1.51039,1.13,1.73
2012.08.07 01:39:05.991,1.51004,1.51038,1.37,1.73
2012.08.07 01:39:06.061,1.50996,1.51024,1.37,1.13
2012.08.07 01:39:06.251,1.50989,1.51018,2.25,1.13
2012.08.07 01:39:06.436,1.50989,1.51021,2.25,1.12
2012.08.07 01:39:06.564,1.50989,1.51021,1.50,1.27
2012.08.07 01:39:06.750,1.50989,1.51022,1.50,1.49
2012.08.07 01:39:07.507,1.50989,1.51022,1.50,1.12
2012.08.07 01:39:07.814,1.50989,1.51023,2.12,1.13
2012.08.07 01:39:07.881,1.50989,1.51023,2.12,1.13
2012.08.07 01:39:08.207,1.50993,1.51026,1.37,1.58
2012.08.07 01:39:08.279,1.50993,1.51029,1.37,1.73
2012.08.07 01:39:09.030,1.50989,1.5103,2.87,1.12
2012.08.07 01:39:09.401,1.50994,1.5103,1.50,1.87
2012.08.07 01:39:11.753,1.50994,1.5103,2.25,1.87
2012.08.07 01:39:11.820,1.50996,1.51031,1.50,1.73
2012.08.07 01:39:12.005,1.50994,1.5103,1.50,1.73
2012.08.07 01:39:12.559,1.50991,1.5103,2.12,1.73
2012.08.07 01:39:13.978,1.50992,1.5103,1.37,1.73
2012.08.07 01:39:14.046,1.50994,1.5103,1.50,1.73
2012.08.07 01:39:15.798,1.50994,1.51032,1.50,2.48
2012.08.07 01:39:15.990,1.50997,1.51034,1.13,1.12
2012.08.07 01:39:16.060,1.51002,1.51038,1.50,1.73
2012.08.07 01:39:16.130,1.51004,1.51038,1.88,1.73
2012.08.07 01:39:16.260,1.51004,1.51042,1.88,1.87
2012.08.07 01:39:16.447,1.51004,1.5104,1.88,1.12
2012.08.07 01:39:16.578,1.5101,1.51042,1.37,1.73
2012.08.07 01:39:16.770,1.5101,1.51043,1.37,1.73
2012.08.07 01:39:16.837,1.51006,1.51043,1.74,1.73
2012.08.07 01:39:17.024,1.51008,1.51043,1.74,1.73
2012.08.07 01:39:17.491,1.51008,1.51043,1.74,1.73
2012.08.07 01:39:17.557,1.51008,1.51043,1.74,1.73
2012.08.07 01:39:17.909,1.51009,1.51043,1.37,1.73
2012.08.07 01:39:18.445,1.51012,1.51043,1.13,1.73
2012.08.07 01:39:19.237,1.51009,1.51043,1.37,1.73
2012.08.07 01:39:20.223,1.5101,1.51043,1.74,1.73
2012.08.07 01:39:20.776,1.51011,1.51043,3.99,1.73
2012.08.07 01:39:21.216,1.51011,1.51043,3.62,1.73
2012.08.07 01:39:21.388,1.51011,1.51043,3.62,1.73
2012.08.07 01:39:22.587,1.51011,1.51043,2.87,1.73
2012.08.07 01:39:28.205,1.51011,1.51049,2.87,1.73
2012.08.07 01:39:28.331,1.51013,1.51049,1.74,1.73
2012.08.07 01:39:28.802,1.51012,1.51043,1.74,1.73
2012.08.07 01:39:29.335,1.51011,1.51043,2.12,1.73
2012.08.07 01:39:30.758,1.51011,1.51043,2.12,1.73
2012.08.07 01:39:30.883,1.51011,1.51043,2.12,1.73
2012.08.07 01:39:31.009,1.51011,1.51048,2.12,1.73
2012.08.07 01:39:31.193,1.51014,1.51048,1.37,1.73
2012.08.07 01:39:31.741,1.51014,1.51048,1.74,1.73
2012.08.07 01:39:33.187,1.51014,1.51048,1.74,1.73
2012.08.07 01:39:34.046,1.51014,1.51048,1.74,1.73
2012.08.07 01:39:34.982,1.51014,1.51052,1.74,2.10
2012.08.07 01:39:35.050,1.51015,1.51052,1.74,2.10
2012.08.07 01:39:35.357,1.51018,1.51053,1.37,1.73
2012.08.07 01:39:35.484,1.51021,1.51053,1.50,1.73
2012.08.07 01:39:36.153,1.51021,1.51049,1.50,1.50
2012.08.07 01:39:37.106,1.51021,1.51053,1.50,1.73
2012.08.07 01:39:45.774,1.5102,1.51053,1.50,1.73
2012.08.07 01:39:45.839,1.51018,1.51053,1.37,1.73
2012.08.07 01:39:48.054,1.51018,1.51049,1.37,1.73
2012.08.07 01:39:48.360,1.51015,1.51044,1.50,1.12
2012.08.07 01:39:48.485,1.51012,1.51044,1.88,1.12
2012.08.07 01:39:48.672,1.51008,1.51042,2.63,1.12
2012.08.07 01:39:49.179,1.51008,1.51045,1.88,1.12
2012.08.07 01:39:49.467,1.51008,1.51045,1.88,1.12
2012.08.07 01:39:49.906,1.51008,1.51045,2.63,1.12
2012.08.07 01:39:50.330,1.51008,1.51048,3.24,1.12
2012.08.07 01:39:50.726,1.51016,1.51049,1.50,2.62
2012.08.07 01:39:50.793,1.51016,1.51049,1.50,2.48
2012.08.07 01:39:51.406,1.51016,1.51049,1.50,1.73
2012.08.07 01:39:53.198,1.51016,1.51048,1.50,1.50
2012.08.07 01:39:53.757,1.51016,1.51048,2.12,1.73
2012.08.07 01:39:53.883,1.51016,1.51048,2.87,1.73
2012.08.07 01:39:54.418,1.51016,1.51053,3.24,1.73
2012.08.07 01:39:54.730,1.51019,1.51053,1.37,1.73
2012.08.07 01:39:55.057,1.51016,1.51053,2.49,1.73
2012.08.07 01:39:55.799,1.51016,1.51053,3.24,1.73
2012.08.07 01:39:56.319,1.51016,1.51048,2.12,1.73
2012.08.07 01:39:56.684,1.51016,1.51046,1.50,1.12
2012.08.07 01:39:56.990,1.51005,1.51039,1.45,1.32
2012.08.07 01:39:57.298,1.51005,1.51041,1.45,1.12
2012.08.07 01:39:57.813,1.51006,1.51044,1.37,2.24
2012.08.07 01:39:58.000,1.51007,1.51044,2.12,2.10
2012.08.07 01:39:59.266,1.51008,1.51044,2.12,1.35
2012.08.07 01:40:00.328,1.51009,1.51047,2.49,2.48
2012.08.07 01:40:00.800,1.51009,1.51043,2.49,1.73
2012.08.07 01:40:02.235,1.51009,1.51043,2.49,1.73
2012.08.07 01:40:03.326,1.51009,1.51043,2.49,1.73
2012.08.07 01:40:03.866,1.51011,1.51049,2.25,1.73
2012.08.07 01:40:03.993,1.51013,1.51049,1.37,1.73
2012.08.07 01:40:04.358,1.51013,1.51044,1.13,1.13
2012.08.07 01:40:04.715,1.5102,1.51051,2.12,1.73
2012.08.07 01:40:04.902,1.5102,1.51058,3.24,1.87
2012.08.07 01:40:05.538,1.5102,1.51058,3.24,1.87
2012.08.07 01:40:06.056,1.5102,1.51058,3.24,1.87
2012.08.07 01:40:08.143,1.5102,1.51058,3.24,1.87
2012.08.07 01:40:11.590,1.51021,1.51058,1.13,1.12
2012.08.07 01:40:12.092,1.51021,1.51058,1.13,1.12
2012.08.07 01:40:12.396,1.51023,1.51061,1.13,1.73
2012.08.07 01:40:13.198,1.51022,1.51051,1.50,2.22
2012.08.07 01:40:13.450,1.51011,1.51039,1.50,1.23
2012.08.07 01:40:14.955,1.51011,1.51042,1.50,1.12
2012.08.07 01:40:15.475,1.51011,1.51043,2.25,1.12
2012.08.07 01:40:15.790,1.51012,1.51047,1.50,1.12
2012.08.07 01:40:15.974,1.51012,1.51048,1.50,1.12
2012.08.07 01:40:24.976,1.51012,1.51049,1.50,1.12
2012.08.07 01:40:29.947,1.51012,1.51052,2.12,1.45
2012.08.07 01:40:34.498,1.51024,1.51052,1.50,1.32
2012.08.07 01:40:34.690,1.51024,1.51054,1.50,1.12
2012.08.07 01:40:35.382,1.51024,1.51059,1.50,1.87
2012.08.07 01:40:36.325,1.51031,1.51058,1.50,1.50
2012.08.07 01:40:36.571,1.51023,1.51059,2.25,1.73
2012.08.07 01:40:37.698,1.51023,1.51063,3.00,1.64
2012.08.07 01:40:37.824,1.51026,1.51063,1.50,1.64
2012.08.07 01:40:37.890,1.51023,1.51063,2.25,2.39
2012.08.07 01:40:38.192,1.51028,1.51063,1.37,1.50
2012.08.07 01:40:38.261,1.51028,1.51063,3.62,1.50
2012.08.07 01:40:38.448,1.51028,1.51063,1.37,1.50
2012.08.07 01:40:45.147,1.51027,1.51065,1.37,1.87
2012.08.07 01:40:45.452,1.5103,1.51064,2.12,1.50
2012.08.07 01:40:45.518,1.5103,1.51064,1.50,1.50
2012.08.07 01:40:46.035,1.5103,1.51064,2.87,1.50
2012.08.07 01:40:46.573,1.5103,1.51064,1.50,1.50
2012.08.07 01:40:46.780,1.5103,1.51064,2.25,1.50
2012.08.07 01:40:46.964,1.51031,1.51064,1.37,1.73
2012.08.07 01:40:47.090,1.5103,1.51064,2.25,1.50
2012.08.07 01:40:47.156,1.5103,1.51064,1.50,1.50
2012.08.07 01:40:47.934,1.5103,1.51065,2.25,1.73
2012.08.07 01:40:49.120,1.5103,1.51065,1.50,2.10
2012.08.07 01:40:51.985,1.5103,1.51063,1.50,1.73
2012.08.07 01:40:52.474,1.51026,1.51063,1.37,1.87
2012.08.07 01:40:52.539,1.51024,1.51063,2.12,1.87
2012.08.07 01:40:58.554,1.51023,1.51058,2.12,1.73
2012.08.07 01:40:58.621,1.51023,1.51058,1.50,1.73
2012.08.07 01:40:58.687,1.51023,1.51058,2.12,1.73
2012.08.07 01:40:58.992,1.51021,1.51052,1.37,2.25
2012.08.07 01:40:59.058,1.51021,1.5105,1.37,2.25
2012.08.07 01:41:01.413,1.51019,1.51058,1.37,1.73
2012.08.07 01:41:03.826,1.51018,1.51058,1.37,1.73
2012.08.07 01:41:03.951,1.51016,1.51055,3.62,1.12
2012.08.07 01:41:11.475,1.51016,1.51054,2.12,1.73
2012.08.07 01:41:12.013,1.51014,1.51038,2.87,1.50
2012.08.07 01:41:12.138,1.51006,1.51038,1.50,1.73
2012.08.07 01:41:12.204,1.51006,1.51038,1.50,1.73
2012.08.07 01:41:12.269,1.51002,1.51038,1.50,1.73
2012.08.07 01:41:12.335,1.51001,1.51038,1.37,3.23
2012.08.07 01:41:12.403,1.50999,1.51033,1.37,1.50
2012.08.07 01:41:12.468,1.50999,1.51033,1.37,1.50
2012.08.07 01:41:12.837,1.50998,1.51036,2.12,2.48
2012.08.07 01:41:13.170,1.51001,1.51036,1.37,2.48
2012.08.07 01:41:15.056,1.51002,1.51036,1.37,2.48
2012.08.07 01:41:16.502,1.51002,1.51038,1.37,2.48
2012.08.07 01:41:16.568,1.51005,1.51038,1.37,1.50
2012.08.07 01:41:20.347,1.51005,1.51036,1.37,1.13
2012.08.07 01:41:20.761,1.51003,1.51034,1.37,1.13
2012.08.07 01:41:20.926,1.51002,1.51035,1.37,1.13
2012.08.07 01:41:21.363,1.51002,1.51035,1.37,1.13
2012.08.07 01:41:30.291,1.51006,1.51039,1.37,1.73
2012.08.07 01:41:30.500,1.51009,1.51044,1.50,2.85
2012.08.07 01:41:30.567,1.51009,1.51044,3.00,2.25
2012.08.07 01:41:30.873,1.51011,1.51044,1.37,2.25
2012.08.07 01:41:32.551,1.51011,1.51048,1.37,1.50
2012.08.07 01:41:33.908,1.51011,1.51044,1.37,1.50
2012.08.07 01:41:34.153,1.5101,1.51043,3.00,1.73
2012.08.07 01:41:39.852,1.5101,1.51043,2.25,1.73
2012.08.07 01:41:41.264,1.5101,1.51043,2.25,1.73
2012.08.07 01:41:44.867,1.5101,1.51039,1.50,1.73
2012.08.07 01:41:45.396,1.5101,1.51039,1.50,1.73
2012.08.07 01:41:49.200,1.51009,1.51039,1.50,1.73
2012.08.07 01:41:49.324,1.51003,1.51039,3.62,1.73
2012.08.07 01:41:53.435,1.51003,1.51042,3.62,1.12
2012.08.07 01:41:53.676,1.51009,1.51042,1.50,1.12
2012.08.07 01:41:59.606,1.51009,1.51039,1.50,1.73
2012.08.07 01:42:01.293,1.51009,1.51043,2.25,1.73
2012.08.07 01:42:13.988,1.51006,1.51039,1.50,1.73
2012.08.07 01:42:14.053,1.51006,1.51039,1.50,1.73
2012.08.07 01:42:16.863,1.51006,1.51038,1.50,1.73
2012.08.07 01:42:19.091,1.51006,1.51039,2.25,1.73
2012.08.07 01:42:19.628,1.51006,1.5104,3.00,1.73
2012.08.07 01:42:20.199,1.51006,1.51039,2.25,1.73
2012.08.07 01:42:23.552,1.51007,1.51043,1.37,2.48
2012.08.07 01:42:23.617,1.51007,1.51043,2.12,2.48
2012.08.07 01:42:23.822,1.51007,1.51043,1.37,2.48
2012.08.07 01:42:24.370,1.51006,1.51038,2.25,1.73
2012.08.07 01:42:24.719,1.51006,1.51038,2.25,1.73
2012.08.07 01:42:25.305,1.51002,1.51038,2.12,1.73
2012.08.07 01:42:26.464,1.51,1.51034,1.37,1.73
2012.08.07 01:42:27.189,1.51,1.51038,1.37,1.73
2012.08.07 01:42:27.360,1.51,1.51033,1.37,1.73
2012.08.07 01:42:32.755,1.50999,1.51029,2.87,1.50
2012.08.07 01:42:33.062,1.50999,1.5103,2.87,1.73
2012.08.07 01:42:33.513,1.50999,1.5103,2.87,1.73
2012.08.07 01:42:38.645,1.50999,1.5103,2.87,1.73
2012.08.07 01:42:39.020,1.50999,1.51033,2.87,1.73
2012.08.07 01:42:40.850,1.50999,1.51034,2.87,1.73
2012.08.07 01:42:43.510,1.50999,1.51034,2.25,1.73
2012.08.07 01:42:47.636,1.50998,1.51029,2.25,1.73
2012.08.07 01:42:48.187,1.50998,1.51032,1.50,1.73
2012.08.07 01:42:56.513,1.50998,1.51029,2.25,1.50
2012.08.07 01:43:00.008,1.50998,1.51029,2.25,1.73
2012.08.07 01:43:00.589,1.50998,1.51033,2.25,1.73
2012.08.07 01:43:02.310,1.50998,1.51029,2.25,1.73
2012.08.07 01:43:06.445,1.5099,1.51028,1.37,1.73
2012.08.07 01:43:06.751,1.50989,1.51028,2.12,2.26
2012.08.07 01:43:06.876,1.50989,1.51025,1.50,1.45
2012.08.07 01:43:07.332,1.50989,1.51025,2.25,1.87
2012.08.07 01:43:07.517,1.50991,1.51025,1.13,1.87
2012.08.07 01:43:07.643,1.50989,1.51025,2.25,1.12
2012.08.07 01:43:08.041,1.50999,1.51028,1.50,1.87
2012.08.07 01:43:13.174,1.50999,1.51032,1.50,1.73
2012.08.07 01:43:13.767,1.50997,1.51032,2.25,1.73
2012.08.07 01:43:13.953,1.50995,1.5103,1.50,1.73
2012.08.07 01:43:25.916,1.50991,1.51028,2.25,1.50
2012.08.07 01:43:26.041,1.50991,1.51023,1.50,1.50
2012.08.07 01:43:26.979,1.50991,1.51025,2.25,1.87
2012.08.07 01:43:27.668,1.50991,1.51024,2.25,1.12
2012.08.07 01:43:28.208,1.50991,1.51023,1.50,1.73
2012.08.07 01:43:29.790,1.50989,1.51019,1.50,1.50
2012.08.07 01:43:30.092,1.50983,1.51018,1.74,1.73
2012.08.07 01:43:30.393,1.50983,1.51018,1.74,1.73
2012.08.07 01:43:30.642,1.50983,1.51018,1.74,1.73
2012.08.07 01:43:30.765,1.50983,1.51018,1.74,1.73
2012.08.07 01:43:31.099,1.50983,1.51018,1.74,1.73
2012.08.07 01:43:31.381,1.50983,1.51016,1.74,1.13
2012.08.07 01:43:31.797,1.50975,1.50996,1.50,1.42
2012.08.07 01:43:31.984,1.50975,1.50997,1.50,1.04
2012.08.07 01:43:32.111,1.50975,1.51008,2.25,1.50
2012.08.07 01:43:32.177,1.50975,1.51012,2.25,2.39
2012.08.07 01:43:32.244,1.50975,1.51008,2.25,1.64
2012.08.07 01:43:33.164,1.50975,1.51009,2.25,1.64
2012.08.07 01:43:36.798,1.50977,1.51012,1.50,1.50
2012.08.07 01:43:37.373,1.50977,1.51013,1.50,1.73
2012.08.07 01:43:40.121,1.50977,1.51013,1.50,1.73
2012.08.07 01:43:40.465,1.50975,1.51012,2.25,1.73
2012.08.07 01:43:40.704,1.50975,1.5101,2.25,1.50
2012.08.07 01:43:41.303,1.50975,1.51012,2.25,1.50
2012.08.07 01:43:41.618,1.50976,1.51014,1.50,1.50
2012.08.07 01:43:45.501,1.50977,1.51014,1.50,1.50
2012.08.07 01:43:46.332,1.50976,1.51014,1.37,1.50
2012.08.07 01:43:46.879,1.50976,1.51014,1.37,1.73
2012.08.07 01:43:46.946,1.50976,1.51015,2.12,1.73
2012.08.07 01:43:50.227,1.50982,1.51015,2.25,1.50
2012.08.07 01:43:54.922,1.50986,1.51018,1.50,1.12
2012.08.07 01:43:55.220,1.50987,1.51019,1.50,1.50
2012.08.07 01:43:59.211,1.50988,1.51018,2.25,1.50
2012.08.07 01:43:59.457,1.50982,1.51019,2.25,2.48
2012.08.07 01:43:59.581,1.50982,1.51017,2.25,1.73
2012.08.07 01:44:01.462,1.50986,1.51017,1.50,1.73
2012.08.07 01:44:01.964,1.50982,1.51019,2.25,2.48
2012.08.07 01:44:02.264,1.50986,1.51019,1.50,1.73
2012.08.07 01:44:02.390,1.50982,1.51019,2.25,2.48
2012.08.07 01:44:02.788,1.50982,1.51017,2.25,1.73
2012.08.07 01:44:03.407,1.50982,1.51013,2.25,1.50
2012.08.07 01:44:03.532,1.50982,1.51016,2.25,1.87
2012.08.07 01:44:06.814,1.50982,1.51014,2.25,1.50
2012.08.07 01:44:08.012,1.50982,1.51014,2.25,1.73
2012.08.07 01:44:08.199,1.50982,1.51017,3.00,1.73
2012.08.07 01:44:08.328,1.50982,1.51017,2.25,1.64
2012.08.07 01:44:08.814,1.50982,1.51015,1.50,1.12
2012.08.07 01:44:10.560,1.50982,1.51012,2.25,1.12
2012.08.07 01:44:10.687,1.50982,1.51014,2.25,1.12
2012.08.07 01:44:11.052,1.50982,1.51013,1.50,1.73
2012.08.07 01:44:12.652,1.50982,1.51018,3.00,1.87
2012.08.07 01:44:12.777,1.50982,1.51014,1.50,1.73
2012.08.07 01:44:15.265,1.50984,1.51016,1.37,1.73
2012.08.07 01:44:15.510,1.50984,1.51019,1.37,1.73
2012.08.07 01:44:22.536,1.50982,1.51013,2.87,1.73
2012.08.07 01:44:23.104,1.50982,1.51013,2.87,1.73
2012.08.07 01:44:24.603,1.50982,1.51013,2.87,1.73
2012.08.07 01:44:24.851,1.50982,1.51017,2.25,2.10
2012.08.07 01:44:25.094,1.50982,1.51015,2.25,1.73
2012.08.07 01:44:25.601,1.50982,1.51014,2.25,2.10
2012.08.07 01:44:27.406,1.50981,1.51014,1.37,1.73
2012.08.07 01:44:27.533,1.50981,1.51014,1.37,1.73
2012.08.07 01:44:27.837,1.50983,1.51017,1.37,1.73
2012.08.07 01:44:28.329,1.50983,1.51015,1.37,1.73
2012.08.07 01:44:32.685,1.5098,1.51013,1.37,1.50
2012.08.07 01:44:40.519,1.5098,1.51015,1.37,1.73
2012.08.07 01:44:41.484,1.50979,1.51013,1.37,1.50
2012.08.07 01:44:46.642,1.50979,1.51013,1.37,1.73
2012.08.07 01:44:55.201,1.50976,1.51013,2.87,1.73
2012.08.07 01:45:00.470,1.50976,1.51008,2.25,1.50
2012.08.07 01:45:17.625,1.50975,1.51009,1.37,1.73
2012.08.07 01:45:17.750,1.50975,1.51012,1.37,1.50
2012.08.07 01:45:18.292,1.50978,1.51017,1.50,2.62
2012.08.07 01:45:18.850,1.5098,1.51016,1.50,1.50
2012.08.07 01:45:19.156,1.50982,1.51019,1.37,1.73
2012.08.07 01:45:22.682,1.50982,1.5102,1.37,1.87
2012.08.07 01:45:22.864,1.50982,1.5102,2.12,1.87
2012.08.07 01:45:23.397,1.50982,1.51018,1.50,1.12
2012.08.07 01:45:25.651,1.50981,1.51017,1.50,1.12
2012.08.07 01:45:25.955,1.5098,1.51013,1.50,1.50
2012.08.07 01:45:26.489,1.50977,1.51013,1.50,1.50
2012.08.07 01:45:26.903,1.50974,1.5101,1.50,1.50
2012.08.07 01:45:27.213,1.50973,1.51008,1.37,1.73
2012.08.07 01:45:27.738,1.50971,1.51008,3.62,1.73
2012.08.07 01:45:27.864,1.50971,1.51007,2.25,1.50
2012.08.07 01:45:28.371,1.50971,1.51004,2.25,1.50
2012.08.07 01:45:30.443,1.50971,1.51004,2.25,1.50
2012.08.07 01:45:32.127,1.50973,1.51007,1.50,1.12
2012.08.07 01:45:32.193,1.50974,1.51008,1.50,1.64
2012.08.07 01:45:32.260,1.50972,1.51008,1.50,2.39
2012.08.07 01:45:32.446,1.50976,1.5101,1.50,1.50
2012.08.07 01:45:32.512,1.50976,1.51014,1.50,2.39
2012.08.07 01:45:32.576,1.50972,1.51009,2.12,1.50
2012.08.07 01:45:32.775,1.50972,1.51004,1.50,1.50
2012.08.07 01:45:34.244,1.50971,1.51006,2.25,1.50
2012.08.07 01:45:34.790,1.50971,1.51004,2.25,1.50
2012.08.07 01:45:38.838,1.50971,1.51009,4.37,1.50
2012.08.07 01:45:45.052,1.50977,1.51013,2.12,1.50
2012.08.07 01:45:45.358,1.5098,1.51016,1.50,1.50
2012.08.07 01:45:45.663,1.50979,1.51014,2.87,1.50
2012.08.07 01:45:45.971,1.50979,1.51014,2.87,1.50
2012.08.07 01:45:48.027,1.50983,1.51017,1.50,1.50
2012.08.07 01:45:48.330,1.50979,1.51014,1.59,1.50
2012.08.07 01:45:55.867,1.50981,1.51012,1.37,1.50
2012.08.07 01:45:56.051,1.50978,1.5101,2.87,1.73
2012.08.07 01:45:56.535,1.50978,1.51007,2.87,1.50
2012.08.07 01:45:56.843,1.50972,1.51004,1.37,1.50
2012.08.07 01:45:57.200,1.5097,1.51003,1.50,1.73
2012.08.07 01:45:58.595,1.5097,1.50999,1.50,1.50
2012.08.07 01:45:59.156,1.5097,1.51003,1.50,1.73
2012.08.07 01:46:00.359,1.5097,1.50999,1.50,1.50
2012.08.07 01:46:01.368,1.50964,1.50998,2.12,2.25
2012.08.07 01:46:01.614,1.5097,1.50999,1.50,1.50
2012.08.07 01:46:02.614,1.5097,1.51004,2.25,1.87
2012.08.07 01:46:02.799,1.50972,1.51007,2.10,1.73
2012.08.07 01:46:02.866,1.50979,1.51007,1.50,1.73
2012.08.07 01:46:03.318,1.5097,1.51001,3.75,1.50
2012.08.07 01:46:03.386,1.50973,1.51001,1.50,1.50
2012.08.07 01:46:03.515,1.5097,1.51001,2.25,1.50
2012.08.07 01:46:04.294,1.50973,1.51006,1.50,1.73
2012.08.07 01:46:04.361,1.50973,1.51009,1.50,1.87
2012.08.07 01:46:04.491,1.50976,1.51009,1.37,1.73
2012.08.07 01:46:04.802,1.50971,1.51003,1.50,1.50
2012.08.07 01:46:05.110,1.50972,1.51008,1.50,3.23
2012.08.07 01:46:07.089,1.50974,1.51009,1.37,1.73
2012.08.07 01:46:07.397,1.50973,1.51004,1.37,1.50
2012.08.07 01:46:07.968,1.50971,1.51004,2.25,1.50
2012.08.07 01:46:15.105,1.50971,1.51004,2.25,1.50
2012.08.07 01:46:15.410,1.50972,1.51008,2.49,1.50
2012.08.07 01:46:15.476,1.50974,1.51009,1.37,1.50
2012.08.07 01:46:15.662,1.50976,1.51014,2.49,3.00
2012.08.07 01:46:17.020,1.50976,1.51012,1.50,1.50
2012.08.07 01:46:20.104,1.50975,1.51009,1.37,1.50
2012.08.07 01:46:22.252,1.50972,1.51009,1.50,1.64
2012.08.07 01:46:22.379,1.50972,1.51008,1.50,1.27
2012.08.07 01:46:22.505,1.50972,1.51005,1.50,1.35
2012.08.07 01:46:22.629,1.50971,1.51005,2.25,1.13
2012.08.07 01:46:22.937,1.50967,1.51001,1.13,1.13
2012.08.07 01:46:23.062,1.50966,1.51,1.50,1.50
2012.08.07 01:46:23.128,1.50966,1.51001,1.50,1.50
2012.08.07 01:46:29.216,1.50969,1.51003,1.50,1.50
2012.08.07 01:46:29.284,1.50971,1.51003,1.50,1.50
2012.08.07 01:46:29.530,1.50976,1.51008,1.50,3.75
2012.08.07 01:46:31.377,1.50977,1.51008,1.50,1.50
2012.08.07 01:46:31.504,1.50982,1.51008,1.50,1.50
2012.08.07 01:46:39.226,1.50982,1.51008,1.50,1.50
2012.08.07 01:46:39.353,1.50986,1.51016,1.50,1.50
2012.08.07 01:46:39.421,1.50982,1.51016,2.12,1.50
2012.08.07 01:46:39.668,1.50982,1.51015,1.37,1.73
2012.08.07 01:46:40.037,1.50977,1.51013,1.50,1.50
2012.08.07 01:46:40.344,1.50974,1.51004,2.25,1.50
2012.08.07 01:46:40.530,1.50974,1.51008,2.25,1.50
2012.08.07 01:46:40.778,1.5097,1.51006,1.50,1.73
2012.08.07 01:46:40.906,1.50972,1.51004,1.37,1.50
2012.08.07 01:46:41.034,1.50967,1.51005,1.50,1.12
2012.08.07 01:46:41.220,1.50966,1.51,2.25,1.50
2012.08.07 01:46:41.586,1.50964,1.51,1.37,1.50
2012.08.07 01:46:41.653,1.50969,1.51003,1.50,2.25
2012.08.07 01:46:41.901,1.50969,1.51004,1.37,1.50
2012.08.07 01:46:42.457,1.5097,1.51006,1.37,1.50
2012.08.07 01:46:48.306,1.50971,1.51007,1.50,1.50
2012.08.07 01:46:48.606,1.50972,1.51009,1.37,2.63
2012.08.07 01:46:48.915,1.50972,1.51008,1.37,1.73
2012.08.07 01:46:49.218,1.50971,1.51005,1.37,1.50
2012.08.07 01:46:49.342,1.50971,1.51009,2.12,2.63
2012.08.07 01:46:49.643,1.50971,1.51008,1.37,1.50
2012.08.07 01:46:49.887,1.50971,1.51006,1.37,1.50
2012.08.07 01:46:52.981,1.50971,1.51008,1.50,1.12
2012.08.07 01:46:53.516,1.50971,1.51008,1.50,1.50
2012.08.07 01:46:54.430,1.50971,1.51009,1.50,1.64
2012.08.07 01:46:55.442,1.50969,1.51004,1.50,1.50
2012.08.07 01:47:06.312,1.50971,1.51009,1.50,3.00
2012.08.07 01:47:06.731,1.50972,1.51009,1.37,2.25
2012.08.07 01:47:14.364,1.50972,1.51009,1.37,2.25
2012.08.07 01:47:14.605,1.50972,1.51009,2.12,2.25
2012.08.07 01:47:15.028,1.50972,1.51008,1.50,1.64
2012.08.07 01:47:15.098,1.50972,1.51008,1.50,1.64
2012.08.07 01:47:19.195,1.50972,1.51008,1.50,2.48
2012.08.07 01:47:19.738,1.50971,1.51007,1.50,1.49
2012.08.07 01:47:20.534,1.50971,1.51006,1.50,1.64
2012.08.07 01:47:21.045,1.50967,1.51004,1.50,1.50
2012.08.07 01:47:22.246,1.50967,1.51005,1.50,2.39
2012.08.07 01:47:22.668,1.50972,1.51006,1.50,1.87
2012.08.07 01:47:23.637,1.50972,1.51005,1.50,1.50
2012.08.07 01:47:24.153,1.50972,1.51004,1.50,1.50
2012.08.07 01:47:25.089,1.50971,1.51007,1.50,1.12
2012.08.07 01:47:25.215,1.50977,1.51007,1.50,1.64
2012.08.07 01:47:25.398,1.50977,1.51008,1.50,2.25
2012.08.07 01:47:25.940,1.50977,1.51008,1.50,1.50
2012.08.07 01:47:26.066,1.50977,1.51013,1.50,2.39
2012.08.07 01:47:30.003,1.50977,1.51013,1.50,1.64
2012.08.07 01:47:30.507,1.50977,1.51013,1.50,1.50
2012.08.07 01:47:41.351,1.50982,1.51018,1.50,1.50
2012.08.07 01:47:41.484,1.50982,1.51018,1.50,1.50
2012.08.07 01:47:41.985,1.50981,1.51014,2.25,1.50
2012.08.07 01:47:54.959,1.50981,1.51015,1.50,1.73
2012.08.07 01:47:55.199,1.50981,1.51017,1.50,3.14
2012.08.07 01:47:55.323,1.50978,1.51015,1.37,1.50
2012.08.07 01:47:55.388,1.50982,1.51017,1.50,3.14
2012.08.07 01:47:56.137,1.50978,1.51015,1.37,1.50
2012.08.07 01:47:57.395,1.50978,1.51013,1.37,1.50
2012.08.07 01:47:57.523,1.50978,1.51013,1.37,2.48
2012.08.07 01:47:57.650,1.50974,1.51008,2.25,1.35
2012.08.07 01:47:57.718,1.50974,1.51007,2.25,1.12
2012.08.07 01:47:57.845,1.50974,1.51005,2.25,1.73
2012.08.07 01:47:58.091,1.50967,1.51004,2.25,1.50
2012.08.07 01:47:58.335,1.50967,1.51004,3.00,1.64
2012.08.07 01:47:58.881,1.50969,1.51004,1.50,1.73
2012.08.07 01:48:08.602,1.50968,1.51003,1.37,1.50
2012.08.07 01:48:08.727,1.50967,1.51004,2.87,1.73
2012.08.07 01:48:08.852,1.50967,1.51004,2.87,2.10
2012.08.07 01:48:10.506,1.50968,1.51005,1.37,1.73
2012.08.07 01:48:10.809,1.50969,1.51006,2.12,1.09
2012.08.07 01:48:10.876,1.50971,1.51008,1.37,1.73
2012.08.07 01:48:11.296,1.50969,1.51008,1.50,1.50
2012.08.07 01:48:11.608,1.50969,1.51004,1.50,1.50
2012.08.07 01:48:11.913,1.50969,1.51003,1.50,1.87
2012.08.07 01:48:12.099,1.50967,1.51001,1.50,1.64
2012.08.07 01:48:12.644,1.50962,1.51001,1.50,1.64
2012.08.07 01:48:12.936,1.50962,1.51003,2.25,3.14
2012.08.07 01:48:18.618,1.5097,1.51001,1.50,1.64
2012.08.07 01:48:19.463,1.50967,1.51003,1.50,2.25
2012.08.07 01:48:20.061,1.50971,1.51006,1.37,1.50
2012.08.07 01:48:21.592,1.50967,1.51003,1.50,1.50
2012.08.07 01:48:22.256,1.50971,1.51002,1.50,1.50
2012.08.07 01:48:22.322,1.50969,1.51002,1.50,1.50
2012.08.07 01:48:22.505,1.50966,1.51002,3.00,1.50
2012.08.07 01:48:23.325,1.50966,1.51,3.00,1.04
2012.08.07 01:48:23.392,1.50966,1.51002,2.25,2.02
2012.08.07 01:48:23.460,1.50962,1.51001,1.50,2.39
2012.08.07 01:48:24.109,1.50966,1.50998,1.50,1.50
2012.08.07 01:48:24.399,1.50966,1.50998,1.50,1.50
2012.08.07 01:48:29.903,1.50967,1.51001,1.50,2.25
2012.08.07 01:48:31.048,1.50968,1.51001,1.50,2.25
2012.08.07 01:48:33.925,1.50967,1.51002,1.50,1.50
2012.08.07 01:48:35.107,1.50968,1.51002,1.50,1.50
2012.08.07 01:48:37.138,1.50964,1.50999,2.25,1.64
2012.08.07 01:48:37.204,1.50964,1.50999,2.25,1.64
2012.08.07 01:48:38.247,1.50964,1.50998,2.25,1.64
2012.08.07 01:48:38.655,1.50961,1.5099,1.50,1.50
2012.08.07 01:48:39.081,1.50956,1.50993,1.13,1.50
2012.08.07 01:48:39.386,1.50959,1.50994,1.50,1.50
2012.08.07 01:48:39.460,1.50957,1.50994,2.12,1.50
2012.08.07 01:48:39.528,1.50957,1.50994,2.12,1.73
2012.08.07 01:48:40.604,1.50957,1.50997,2.12,1.12
2012.08.07 01:48:44.336,1.50957,1.50994,1.50,1.73
2012.08.07 01:48:47.865,1.50963,1.50997,2.25,1.12
2012.08.07 01:48:48.111,1.50965,1.50998,1.37,1.73
2012.08.07 01:48:54.983,1.50968,1.50999,1.37,1.73
2012.08.07 01:48:55.409,1.50971,1.51002,1.37,1.73
2012.08.07 01:48:55.888,1.50973,1.51003,1.37,1.50
2012.08.07 01:48:56.549,1.5097,1.51003,1.37,1.50
2012.08.07 01:48:56.623,1.50966,1.50997,1.37,1.50
2012.08.07 01:48:58.678,1.50963,1.50997,1.37,2.25
2012.08.07 01:48:58.864,1.50961,1.50997,1.37,3.00
2012.08.07 01:49:04.135,1.50959,1.50997,1.37,2.25
2012.08.07 01:49:11.046,1.50959,1.50997,1.37,2.25
2012.08.07 01:49:11.405,1.50954,1.50992,2.25,1.64
2012.08.07 01:49:12.008,1.50955,1.50988,1.50,1.13
2012.08.07 01:49:15.487,1.50954,1.50988,2.25,1.13
2012.08.07 01:49:17.915,1.50955,1.50988,1.50,1.13
2012.08.07 01:49:19.292,1.50952,1.50988,2.25,1.13
2012.08.07 01:49:20.557,1.50955,1.50992,1.37,1.50
2012.08.07 01:49:23.292,1.50955,1.50993,1.74,2.25
2012.08.07 01:49:28.590,1.50959,1.50993,1.37,1.50
2012.08.07 01:49:34.148,1.50959,1.50996,1.37,1.50
2012.08.07 01:49:38.271,1.50962,1.50997,1.37,1.13
2012.08.07 01:49:38.572,1.50966,1.51001,1.37,3.00
2012.08.07 01:49:39.113,1.50965,1.50999,1.37,1.50
2012.08.07 01:49:48.784,1.50961,1.50998,1.37,1.73
2012.08.07 01:49:48.851,1.5096,1.50996,1.37,1.50
2012.08.07 01:49:49.154,1.50958,1.50993,1.37,1.73
2012.08.07 01:49:49.705,1.5096,1.50998,1.50,1.50
2012.08.07 01:49:50.010,1.50962,1.50998,1.37,1.50
2012.08.07 01:49:50.395,1.50961,1.50998,1.37,1.50
2012.08.07 01:49:51.694,1.50958,1.50993,1.50,1.35
2012.08.07 01:49:52.632,1.50956,1.50986,2.12,1.13
2012.08.07 01:49:52.759,1.50951,1.50986,1.50,1.27
2012.08.07 01:49:52.885,1.50951,1.50986,1.50,1.27
2012.08.07 01:49:53.130,1.50951,1.50986,1.50,1.13
2012.08.07 01:49:54.347,1.50952,1.50992,1.50,2.24
2012.08.07 01:49:54.807,1.50955,1.50992,1.37,1.88
2012.08.07 01:49:55.116,1.50959,1.50996,1.37,2.10
2012.08.07 01:50:11.536,1.50956,1.50993,2.25,1.87
2012.08.07 01:50:11.721,1.50956,1.50989,2.25,1.50
2012.08.07 01:50:12.028,1.50956,1.50989,1.50,1.50
2012.08.07 01:50:12.094,1.50951,1.50989,1.37,1.50
2012.08.07 01:50:12.160,1.50951,1.50989,1.37,1.50
2012.08.07 01:50:19.171,1.50953,1.50993,1.50,3.52
2012.08.07 01:50:19.657,1.50962,1.50998,2.12,1.50
2012.08.07 01:50:19.723,1.50962,1.50998,2.12,1.50
2012.08.07 01:50:20.263,1.50962,1.50998,2.12,1.50
2012.08.07 01:50:21.864,1.50962,1.50995,2.49,1.50
2012.08.07 01:50:27.046,1.50957,1.50995,2.12,1.73
2012.08.07 01:50:27.231,1.50955,1.50993,1.37,3.23
2012.08.07 01:50:27.296,1.50955,1.50992,1.37,1.73
2012.08.07 01:50:27.538,1.50955,1.50989,1.37,1.50
2012.08.07 01:50:27.779,1.50955,1.50989,1.37,1.50
2012.08.07 01:50:28.337,1.50952,1.50992,2.12,1.87
2012.08.07 01:50:30.853,1.50953,1.50983,1.37,1.50
2012.08.07 01:50:31.163,1.50953,1.5098,1.37,1.50
2012.08.07 01:50:32.996,1.50953,1.50988,1.37,2.25
2012.08.07 01:50:37.108,1.50951,1.50984,1.37,1.50
2012.08.07 01:50:37.235,1.50951,1.50983,1.37,3.00
2012.08.07 01:50:37.303,1.50944,1.50977,1.37,1.28
2012.08.07 01:50:37.370,1.50945,1.5098,1.50,1.28
2012.08.07 01:50:37.436,1.50945,1.5098,1.50,1.27
2012.08.07 01:50:37.503,1.50945,1.50974,1.50,1.27
2012.08.07 01:50:37.809,1.50939,1.50973,1.50,3.29
2012.08.07 01:50:40.921,1.50937,1.50973,1.73,2.39
2012.08.07 01:50:41.689,1.50939,1.50973,1.50,2.39
2012.08.07 01:50:43.050,1.50939,1.50973,1.50,2.39
2012.08.07 01:50:43.661,1.50939,1.50973,1.50,2.39
2012.08.07 01:50:44.018,1.50943,1.50979,1.88,1.64
2012.08.07 01:50:44.085,1.50946,1.50979,1.37,1.50
2012.08.07 01:50:44.703,1.50943,1.50978,2.25,1.50
2012.08.07 01:50:45.317,1.50938,1.50973,2.12,1.50
2012.08.07 01:50:45.623,1.50935,1.50969,2.25,1.64
2012.08.07 01:50:45.901,1.50935,1.50969,1.50,1.64
2012.08.07 01:50:45.972,1.50935,1.50969,1.50,1.64
2012.08.07 01:50:46.748,1.50936,1.50971,1.50,1.50
2012.08.07 01:50:47.176,1.50935,1.5097,1.50,1.26
2012.08.07 01:50:47.867,1.50935,1.5097,1.50,2.01
2012.08.07 01:50:48.171,1.50935,1.50969,1.50,1.64
2012.08.07 01:50:48.488,1.50935,1.50969,1.50,1.64
2012.08.07 01:50:48.918,1.50935,1.50973,2.25,1.50
2012.08.07 01:50:49.232,1.50935,1.50968,1.50,1.50
2012.08.07 01:50:50.209,1.50935,1.50968,2.50,1.50
2012.08.07 01:50:50.276,1.50936,1.50968,1.37,1.50
2012.08.07 01:50:50.785,1.50936,1.50968,1.37,1.50
2012.08.07 01:50:51.051,1.50936,1.50967,1.37,1.50
2012.08.07 01:50:51.303,1.50933,1.50968,1.75,1.50
2012.08.07 01:50:51.490,1.50933,1.50968,1.37,1.50
2012.08.07 01:50:51.926,1.50928,1.50967,2.87,1.50
2012.08.07 01:50:52.429,1.50926,1.50963,1.13,1.50
2012.08.07 01:50:52.739,1.50932,1.50958,1.75,2.25
2012.08.07 01:50:53.048,1.50932,1.50964,2.12,1.50
2012.08.07 01:50:53.661,1.50931,1.50969,1.37,2.48
2012.08.07 01:50:53.932,1.50932,1.50969,1.37,2.48
2012.08.07 01:50:54.280,1.50932,1.50969,1.37,2.25
2012.08.07 01:50:54.408,1.50934,1.50969,1.37,2.25
2012.08.07 01:50:55.128,1.50936,1.50969,1.37,1.50
2012.08.07 01:50:55.197,1.50936,1.50969,1.75,1.50
2012.08.07 01:50:55.563,1.50939,1.50969,1.37,1.50
2012.08.07 01:50:55.807,1.50941,1.50973,1.37,1.50
2012.08.07 01:50:56.054,1.50943,1.50976,1.37,2.25
2012.08.07 01:50:57.311,1.50943,1.50974,1.37,1.50
2012.08.07 01:51:01.310,1.50945,1.50974,1.37,1.50
2012.08.07 01:51:04.222,1.50943,1.50974,1.37,1.50
2012.08.07 01:51:04.523,1.5094,1.50969,1.75,1.50
2012.08.07 01:51:04.838,1.5094,1.50973,2.12,1.50
2012.08.07 01:51:04.963,1.50943,1.50973,1.37,1.50
2012.08.07 01:51:05.503,1.50942,1.50973,1.37,1.50
2012.08.07 01:51:05.628,1.50945,1.50973,1.37,1.50
2012.08.07 01:51:05.756,1.50948,1.50978,2.50,1.50
2012.08.07 01:51:05.823,1.50949,1.5098,1.13,1.50
2012.08.07 01:51:05.891,1.5095,1.50981,2.25,1.50
2012.08.07 01:51:05.958,1.5095,1.50981,2.87,1.50
2012.08.07 01:51:06.143,1.50951,1.50984,1.37,1.73
2012.08.07 01:51:06.329,1.50953,1.50984,1.37,1.50
2012.08.07 01:51:11.986,1.50953,1.50986,1.37,1.50
2012.08.07 01:51:13.626,1.50953,1.50984,1.37,1.50
2012.08.07 01:51:14.345,1.50953,1.50988,1.37,1.50
2012.08.07 01:51:14.410,1.50953,1.50988,1.37,1.50
2012.08.07 01:51:14.595,1.50952,1.50991,2.19,1.50
2012.08.07 01:51:14.723,1.50956,1.50991,3.47,1.50
2012.08.07 01:51:14.852,1.50959,1.50994,1.13,1.50
2012.08.07 01:51:14.919,1.50959,1.50991,1.13,1.50
2012.08.07 01:51:15.223,1.50956,1.50988,2.12,1.50
2012.08.07 01:51:21.350,1.50956,1.50986,1.37,1.50
2012.08.07 01:51:22.653,1.50954,1.50989,1.37,1.50
2012.08.07 01:51:24.384,1.50954,1.50984,1.37,1.50
2012.08.07 01:51:24.731,1.50954,1.50984,1.37,1.50
2012.08.07 01:51:24.918,1.50955,1.50988,2.25,1.50
2012.08.07 01:51:24.987,1.50955,1.50988,2.87,1.50
2012.08.07 01:51:25.115,1.50953,1.50988,1.37,1.50
2012.08.07 01:51:25.243,1.50954,1.50989,2.25,1.50
2012.08.07 01:51:25.310,1.50954,1.50986,2.25,1.50
2012.08.07 01:51:26.010,1.50954,1.50986,2.25,1.50
2012.08.07 01:51:27.543,1.50954,1.50989,2.25,1.50
2012.08.07 01:51:28.491,1.50955,1.50989,1.37,1.50
2012.08.07 01:51:28.735,1.50954,1.50989,1.50,1.50
2012.08.07 01:51:29.098,1.50954,1.50983,1.50,1.50
2012.08.07 01:51:30.114,1.50954,1.50984,2.12,1.50
2012.08.07 01:51:30.620,1.50954,1.50984,2.12,1.50
2012.08.07 01:51:30.686,1.50954,1.50984,2.12,1.50
2012.08.07 01:51:33.191,1.50956,1.50985,1.37,1.50
2012.08.07 01:51:33.437,1.50956,1.50985,1.37,1.50
2012.08.07 01:51:34.031,1.50954,1.50984,2.12,1.50
2012.08.07 01:51:36.919,1.50954,1.50986,2.25,1.50
2012.08.07 01:51:37.101,1.50954,1.50984,1.50,1.50
2012.08.07 01:51:37.469,1.50954,1.50982,1.50,1.50
2012.08.07 01:51:37.595,1.50954,1.50984,1.50,1.50
2012.08.07 01:51:37.725,1.50951,1.50984,2.25,1.73
2012.08.07 01:51:37.791,1.5095,1.50982,1.13,1.50
2012.08.07 01:51:37.916,1.5095,1.50983,1.13,1.50
2012.08.07 01:51:38.469,1.50951,1.50983,1.13,1.50
2012.08.07 01:51:39.283,1.50951,1.50983,1.13,1.50
2012.08.07 01:51:42.625,1.50951,1.50982,1.75,1.50
2012.08.07 01:51:43.061,1.50951,1.50984,1.75,1.50
2012.08.07 01:51:50.261,1.50951,1.50984,1.37,1.50
2012.08.07 01:51:51.302,1.50951,1.50984,1.37,1.50
2012.08.07 01:51:58.898,1.5095,1.50984,2.25,1.50
2012.08.07 01:51:58.971,1.5095,1.50984,2.25,1.50
2012.08.07 01:51:59.277,1.50951,1.5098,1.37,1.50
2012.08.07 01:51:59.526,1.5095,1.50979,1.50,1.50
2012.08.07 01:52:00.085,1.50947,1.50979,1.37,1.50
2012.08.07 01:52:00.497,1.50947,1.50982,1.37,1.50
2012.08.07 01:52:00.623,1.50952,1.50986,1.50,1.50
2012.08.07 01:52:00.690,1.50952,1.50986,2.12,1.50
2012.08.07 01:52:00.875,1.50955,1.50986,1.37,1.50
2012.08.07 01:52:02.275,1.50954,1.50988,1.37,1.50
2012.08.07 01:52:02.342,1.50953,1.50988,1.37,1.50
2012.08.07 01:52:02.563,1.50954,1.50988,1.37,1.50
2012.08.07 01:52:02.688,1.50952,1.50988,3.62,1.50
2012.08.07 01:52:03.254,1.50952,1.50989,3.62,1.50
2012.08.07 01:52:07.011,1.50953,1.50992,1.50,1.86
2012.08.07 01:52:07.584,1.50953,1.50989,1.37,1.50
2012.08.07 01:52:07.659,1.50954,1.50992,1.37,1.50
2012.08.07 01:52:08.898,1.50955,1.50992,1.50,1.50
2012.08.07 01:52:08.964,1.50954,1.50988,1.37,1.50
2012.08.07 01:52:11.409,1.50955,1.50991,1.37,1.50
2012.08.07 01:52:11.591,1.50958,1.50992,1.37,1.50
2012.08.07 01:52:11.809,1.50958,1.50992,1.37,1.50
2012.08.07 01:52:41.815,1.50959,1.50993,1.13,1.50
2012.08.07 01:52:42.394,1.50959,1.50993,1.13,1.50
2012.08.07 01:52:43.568,1.50959,1.50993,1.13,1.50
2012.08.07 01:52:44.842,1.50961,1.50997,1.37,1.50
2012.08.07 01:52:45.776,1.50965,1.50998,1.37,2.25
2012.08.07 01:52:55.532,1.50965,1.50999,1.37,1.50
2012.08.07 01:52:58.859,1.50965,1.50999,1.37,1.50
2012.08.07 01:53:07.572,1.50966,1.51001,1.37,1.50
2012.08.07 01:53:07.884,1.50971,1.51001,1.50,1.50
2012.08.07 01:53:08.190,1.50975,1.51006,1.37,2.25
2012.08.07 01:53:12.321,1.50971,1.51006,1.50,1.50
2012.08.07 01:53:12.387,1.50971,1.51007,1.50,1.50
2012.08.07 01:53:14.895,1.50971,1.51009,1.50,1.50
2012.08.07 01:53:19.256,1.50971,1.5101,1.50,1.50
2012.08.07 01:53:25.918,1.5097,1.51009,1.97,1.50
2012.08.07 01:53:26.584,1.5097,1.51011,1.97,1.50
2012.08.07 01:53:39.388,1.50973,1.51013,2.25,1.50
2012.08.07 01:53:41.642,1.50973,1.51013,2.25,1.73
2012.08.07 01:53:46.881,1.50973,1.5101,2.25,1.35
2012.08.07 01:53:47.125,1.50973,1.51007,2.25,1.50
2012.08.07 01:53:48.002,1.50973,1.51008,2.25,1.50
2012.08.07 01:53:49.186,1.50975,1.51009,2.25,2.25
2012.08.07 01:53:53.615,1.50975,1.51009,2.25,2.48
2012.08.07 01:53:54.173,1.50975,1.51009,2.25,2.48
2012.08.07 01:53:54.816,1.50975,1.51009,2.25,2.48
2012.08.07 01:53:59.538,1.50975,1.51007,2.25,1.73
2012.08.07 01:53:59.613,1.50975,1.51002,1.50,1.13
2012.08.07 01:53:59.801,1.50968,1.51006,2.25,1.50
2012.08.07 01:54:00.048,1.50968,1.51005,2.25,1.50
2012.08.07 01:54:00.174,1.50968,1.51005,2.25,1.50
2012.08.07 01:54:00.539,1.50968,1.51005,2.25,1.50
2012.08.07 01:54:00.964,1.50968,1.51005,2.25,1.50
2012.08.07 01:54:01.149,1.50968,1.51005,2.25,1.50
2012.08.07 01:54:01.455,1.50968,1.51005,2.25,2.25
2012.08.07 01:54:01.522,1.50968,1.51005,2.25,2.25
2012.08.07 01:54:02.321,1.50968,1.51004,2.25,1.50
2012.08.07 01:54:02.446,1.50968,1.51003,2.25,1.50
2012.08.07 01:54:02.570,1.50968,1.51003,2.25,1.50
2012.08.07 01:54:04.868,1.50968,1.51003,2.25,1.50
2012.08.07 01:54:05.110,1.50968,1.51005,2.25,2.25
2012.08.07 01:54:05.412,1.50968,1.51005,2.25,2.25
2012.08.07 01:54:05.695,1.50968,1.51005,2.25,2.25
2012.08.07 01:54:05.950,1.50968,1.51003,2.25,1.50
2012.08.07 01:54:11.824,1.50968,1.51004,2.25,1.50
2012.08.07 01:54:12.348,1.50968,1.51006,2.25,1.50
2012.08.07 01:54:45.165,1.50974,1.51009,1.37,1.50
2012.08.07 01:54:45.966,1.50977,1.51009,2.25,1.50
2012.08.07 01:54:46.485,1.5098,1.51014,1.13,1.73
2012.08.07 01:54:46.673,1.5098,1.51015,1.37,1.50
2012.08.07 01:54:48.086,1.5098,1.51015,1.37,1.50
2012.08.07 01:54:48.372,1.50981,1.51018,1.50,1.50
2012.08.07 01:54:48.441,1.50984,1.51018,2.25,1.50
2012.08.07 01:54:48.750,1.50995,1.5102,1.50,1.50
2012.08.07 01:54:48.876,1.50995,1.51023,1.50,1.50
2012.08.07 01:54:49.248,1.50995,1.51023,1.50,1.50
2012.08.07 01:54:51.217,1.50985,1.51023,1.37,2.25
2012.08.07 01:54:51.878,1.50985,1.5102,1.37,1.50
2012.08.07 01:54:52.471,1.50985,1.51023,1.37,2.25
2012.08.07 01:54:52.805,1.50985,1.5102,1.37,1.50
2012.08.07 01:54:53.307,1.50983,1.5102,1.37,3.00
2012.08.07 01:54:53.376,1.50979,1.51018,1.50,1.50
2012.08.07 01:54:56.456,1.50985,1.5102,1.75,3.00
2012.08.07 01:54:56.583,1.50985,1.5102,1.75,2.25
2012.08.07 01:54:56.649,1.50985,1.5102,1.75,1.50
2012.08.07 01:54:56.715,1.50988,1.51023,1.37,2.25
2012.08.07 01:54:57.480,1.50992,1.51026,1.50,1.73
2012.08.07 01:54:58.039,1.50994,1.51029,1.37,3.00
2012.08.07 01:54:58.346,1.50987,1.51028,1.37,1.86
2012.08.07 01:54:58.711,1.50987,1.51024,1.37,1.50
2012.08.07 01:55:01.378,1.50987,1.51024,1.37,1.50
2012.08.07 01:55:03.804,1.50991,1.51024,1.50,1.50
2012.08.07 01:55:07.879,1.50992,1.51027,1.37,1.50
2012.08.07 01:55:07.945,1.50992,1.51028,1.75,2.25
2012.08.07 01:55:08.189,1.50987,1.51028,1.37,2.39
2012.08.07 01:55:13.645,1.50988,1.51027,1.37,1.86
2012.08.07 01:55:14.525,1.50989,1.51027,1.37,1.50
2012.08.07 01:55:24.656,1.50988,1.51027,1.37,1.64
2012.08.07 01:55:25.140,1.50988,1.51028,2.12,1.50
2012.08.07 01:55:26.532,1.50987,1.51026,1.37,1.64
2012.08.07 01:55:31.492,1.50993,1.51029,2.25,1.64
2012.08.07 01:55:32.029,1.50993,1.51029,2.48,1.50
2012.08.07 01:55:32.270,1.50993,1.51029,2.25,1.50
2012.08.07 01:55:40.967,1.5099,1.51027,1.37,1.13
2012.08.07 01:55:43.468,1.5099,1.51024,1.37,1.50
2012.08.07 01:55:47.974,1.50985,1.51023,2.48,1.64
2012.08.07 01:55:48.300,1.50985,1.51023,2.48,1.64
2012.08.07 01:56:01.326,1.50981,1.51017,2.31,1.64
2012.08.07 01:56:04.129,1.50982,1.51018,1.73,1.50
2012.08.07 01:56:04.636,1.50982,1.5102,1.73,1.64
2012.08.07 01:56:08.165,1.50983,1.51023,1.60,1.64
2012.08.07 01:56:09.456,1.50984,1.51025,1.50,2.39
2012.08.07 01:56:14.255,1.50988,1.51024,1.13,1.50
2012.08.07 01:56:14.321,1.50988,1.51025,1.75,1.73
2012.08.07 01:56:14.445,1.50991,1.51025,1.37,1.50
2012.08.07 01:56:17.745,1.50991,1.51028,1.37,1.13
2012.08.07 01:56:31.502,1.50992,1.51028,1.37,1.88
2012.08.07 01:56:42.362,1.50992,1.51031,1.37,1.64
2012.08.07 01:56:43.055,1.50996,1.51031,1.37,2.25
2012.08.07 01:56:43.120,1.50992,1.51028,1.37,1.50
2012.08.07 01:56:52.406,1.50992,1.51027,1.75,1.50
2012.08.07 01:56:52.706,1.50992,1.51026,1.75,1.50
2012.08.07 01:56:59.828,1.50992,1.51024,1.37,1.50
2012.08.07 01:57:06.015,1.50996,1.51032,1.37,1.50
2012.08.07 01:57:06.322,1.51001,1.51033,1.37,2.25
2012.08.07 01:57:06.508,1.51005,1.51036,1.13,2.25
2012.08.07 01:57:07.160,1.51015,1.51036,1.37,1.50
2012.08.07 01:57:07.287,1.51013,1.51044,1.09,3.23
2012.08.07 01:57:07.355,1.51004,1.5104,1.75,1.50
2012.08.07 01:57:07.777,1.51004,1.5104,1.75,1.50
2012.08.07 01:57:08.278,1.51,1.51036,1.37,1.50
2012.08.07 01:57:25.601,1.50998,1.51034,1.37,1.50
2012.08.07 01:57:25.846,1.50994,1.51031,1.37,1.50
2012.08.07 01:57:25.913,1.50998,1.51031,1.37,1.50
2012.08.07 01:57:26.217,1.50996,1.51034,1.60,1.50
2012.08.07 01:57:26.284,1.50996,1.51034,1.37,1.50
2012.08.07 01:57:26.528,1.50996,1.51034,1.60,1.50
2012.08.07 01:57:26.832,1.50993,1.51032,1.37,1.64
2012.08.07 01:57:27.134,1.50997,1.51032,1.37,1.50
2012.08.07 01:57:27.462,1.50994,1.51032,1.37,1.50
2012.08.07 01:57:46.853,1.50997,1.51034,3.10,1.50
2012.08.07 01:57:48.286,1.50997,1.51036,1.60,3.00
2012.08.07 01:57:48.901,1.50995,1.51034,1.60,1.50
2012.08.07 01:57:54.766,1.50993,1.51033,2.48,1.64
2012.08.07 01:58:10.271,1.50998,1.5103,1.37,1.50
2012.08.07 01:58:17.033,1.50998,1.51032,1.60,2.25
2012.08.07 01:58:40.351,1.50996,1.51032,1.37,2.25
2012.08.07 01:58:40.475,1.50996,1.51032,1.37,2.25
2012.08.07 01:58:41.173,1.50996,1.51029,1.43,1.50
2012.08.07 01:58:43.456,1.50995,1.51032,1.56,2.25
2012.08.07 01:58:46.247,1.50994,1.51032,1.88,2.25
2012.08.07 01:58:51.656,1.50993,1.51027,1.26,1.50
2012.08.07 01:58:53.765,1.50993,1.51027,1.26,1.50
2012.08.07 01:59:16.312,1.5099,1.51027,1.37,1.50
2012.08.07 01:59:19.241,1.5099,1.51027,1.60,1.50
2012.08.07 01:59:21.059,1.50993,1.51032,2.25,1.64
2012.08.07 01:59:27.976,1.50996,1.51033,1.60,1.50
2012.08.07 01:59:28.395,1.51001,1.51036,1.60,1.50
2012.08.07 01:59:28.721,1.51001,1.51036,1.60,2.25
2012.08.07 01:59:37.521,1.50998,1.51036,1.60,3.00
2012.08.07 01:59:39.728,1.50998,1.51036,1.60,3.00
2012.08.07 01:59:40.086,1.51007,1.51036,1.37,1.50
2012.08.07 01:59:40.791,1.51001,1.51036,1.13,2.25
2012.08.07 01:59:41.760,1.51003,1.51036,1.60,2.63
2012.08.07 01:59:43.182,1.50998,1.51036,1.37,3.14
2012.08.07 01:59:43.486,1.50998,1.51033,1.37,1.50
2012.08.07 01:59:45.935,1.50996,1.51028,1.50,1.50
2012.08.07 01:59:46.064,1.50994,1.51028,2.12,2.25
2012.08.07 01:59:46.190,1.5099,1.51021,1.37,2.25
2012.08.07 01:59:46.766,1.5099,1.51024,1.37,1.50
2012.08.07 01:59:49.684,1.5099,1.51025,1.37,1.50
2012.08.07 01:59:49.749,1.50985,1.51025,2.35,1.64
2012.08.07 01:59:49.876,1.50986,1.51024,1.37,1.50
2012.08.07 01:59:53.693,1.50991,1.51028,1.37,2.25
2012.08.07 01:59:53.819,1.50991,1.51028,1.43,2.25
2012.08.07 01:59:53.885,1.50994,1.51028,1.37,2.25
