2008.02.29 02:00:00.047,2.0882,2.08925,2.40,4.00
2008.02.29 02:00:00.358,2.0882,2.08925,2.40,4.00
2008.02.29 02:00:00.657,2.0882,2.08925,2.40,4.00
2008.02.29 02:00:02.293,2.0882,2.08925,2.40,4.00
2008.02.29 02:00:02.413,2.0882,2.08925,2.40,4.00
2008.02.29 02:00:02.557,2.0882,2.08925,2.40,4.00
2008.02.29 02:00:02.687,2.0882,2.08925,2.40,4.00
2008.02.29 02:00:02.813,2.0882,2.08925,2.40,4.00
2008.02.29 02:00:02.971,2.0882,2.08925,2.40,4.00
2008.02.29 02:00:04.663,2.0882,2.08925,2.40,4.00
2008.02.29 02:00:04.818,2.0882,2.08925,2.40,4.00
2008.02.29 02:00:04.989,2.0882,2.08925,2.40,4.00
2008.02.29 02:00:05.166,2.0882,2.08925,2.40,4.00
2008.02.29 02:00:05.340,2.0882,2.08925,2.40,4.00
2008.02.29 02:00:05.514,2.0882,2.08925,2.40,4.00
2008.02.29 02:00:05.685,2.0882,2.08925,2.40,4.00
2008.02.29 02:00:06.043,2.0882,2.08915,2.40,2.40
2008.02.29 02:00:06.401,2.0882,2.08915,2.40,2.40
2008.02.29 02:00:06.741,2.0882,2.08915,2.40,2.40
2008.02.29 02:00:06.977,2.0882,2.08915,2.40,2.40
2008.02.29 02:00:07.208,2.0882,2.08915,2.40,2.40
2008.02.29 02:00:07.453,2.0882,2.08915,2.40,2.40
2008.02.29 02:00:07.691,2.0882,2.08915,2.40,2.40
2008.02.29 02:00:08.017,2.0882,2.08915,2.40,2.40
2008.02.29 02:00:08.333,2.0882,2.08915,2.40,2.40
2008.02.29 02:00:08.652,2.0882,2.08915,2.40,2.40
2008.02.29 02:00:08.892,2.0882,2.08915,2.40,2.40
2008.02.29 02:00:09.122,2.0882,2.08915,2.40,2.40
2008.02.29 02:00:09.354,2.0882,2.08915,2.40,2.40
2008.02.29 02:00:09.588,2.0882,2.08915,2.40,2.40
2008.02.29 02:00:09.834,2.0882,2.08905,2.40,2.40
2008.02.29 02:00:10.144,2.08815,2.08905,4.80,2.40
2008.02.29 02:00:10.447,2.08815,2.08905,4.80,2.40
2008.02.29 02:00:10.756,2.08815,2.08905,4.80,2.40
2008.02.29 02:00:11.012,2.08815,2.08905,4.80,2.40
2008.02.29 02:00:11.274,2.08815,2.08915,4.80,2.40
2008.02.29 02:00:11.545,2.0882,2.08915,2.40,2.40
2008.02.29 02:00:11.815,2.0882,2.08915,2.40,2.40
2008.02.29 02:00:12.084,2.0882,2.08915,2.40,2.40
2008.02.29 02:00:12.355,2.0882,2.08915,2.40,2.40
2008.02.29 02:00:12.625,2.0882,2.08915,2.40,2.40
2008.02.29 02:00:12.900,2.0882,2.08915,2.40,2.40
2008.02.29 02:00:13.186,2.0882,2.08915,2.40,2.40
2008.02.29 02:00:13.471,2.0882,2.08915,2.40,2.40
2008.02.29 02:00:13.750,2.0882,2.08915,2.40,2.40
2008.02.29 02:00:14.007,2.0882,2.08915,2.40,2.40
2008.02.29 02:00:14.273,2.0882,2.08915,2.40,2.40
2008.02.29 02:00:14.527,2.0882,2.08915,2.40,2.40
2008.02.29 02:00:14.781,2.0882,2.08915,2.40,2.40
2008.02.29 02:00:15.055,2.0882,2.08915,2.40,2.40
2008.02.29 02:00:15.325,2.0882,2.08915,2.40,2.40
2008.02.29 02:00:16.788,2.0882,2.08915,2.40,2.40
2008.02.29 02:00:16.923,2.0882,2.08915,2.40,2.40
2008.02.29 02:00:17.085,2.0882,2.08915,2.40,2.40
2008.02.29 02:00:17.241,2.0882,2.08915,2.40,2.40
2008.02.29 02:00:17.329,2.0882,2.08915,2.40,2.40
2008.02.29 02:00:17.468,2.0882,2.08915,2.40,2.40
2008.02.29 02:00:17.581,2.0882,2.08915,2.40,2.40
2008.02.29 02:00:19.236,2.0882,2.08915,2.40,2.40
2008.02.29 02:00:19.444,2.0882,2.08915,2.40,2.40
2008.02.29 02:00:19.629,2.0882,2.08915,2.40,2.40
2008.02.29 02:00:19.818,2.0882,2.08915,2.40,2.40
2008.02.29 02:00:20.022,2.0882,2.08915,2.40,2.40
2008.02.29 02:00:20.205,2.0882,2.08915,2.40,2.40
2008.02.29 02:00:20.385,2.0882,2.08915,2.40,2.40
2008.02.29 02:00:22.039,2.08815,2.08905,4.80,2.40
2008.02.29 02:00:22.164,2.08815,2.08905,4.80,2.40
2008.02.29 02:00:22.268,2.08815,2.08905,4.80,2.40
2008.02.29 02:00:22.448,2.08815,2.08905,4.80,2.40
2008.02.29 02:00:22.521,2.08815,2.08905,4.80,2.40
2008.02.29 02:00:55.983,2.08835,2.08935,2.40,2.40
2008.02.29 02:00:59.721,2.08835,2.08935,2.40,2.40
2008.02.29 02:00:59.867,2.08835,2.08945,2.40,2.40
2008.02.29 02:01:00.076,2.08835,2.08945,2.40,2.40
2008.02.29 02:01:00.226,2.08835,2.08945,3.20,2.40
2008.02.29 02:01:00.400,2.08835,2.08945,3.20,2.40
2008.02.29 02:01:01.475,2.08835,2.08945,3.20,2.40
2008.02.29 02:01:01.660,2.08835,2.08945,3.20,2.40
2008.02.29 02:01:01.830,2.08835,2.08945,3.20,2.40
2008.02.29 02:01:01.991,2.08835,2.08945,3.20,2.40
2008.02.29 02:01:02.153,2.08835,2.08945,3.20,2.40
2008.02.29 02:01:02.307,2.08835,2.08945,3.20,2.40
2008.02.29 02:01:02.473,2.08835,2.08945,3.20,2.40
2008.02.29 02:01:02.815,2.08835,2.08945,3.20,2.40
2008.02.29 02:01:03.157,2.08835,2.08945,3.20,2.40
2008.02.29 02:01:03.497,2.08835,2.08945,3.20,2.40
2008.02.29 02:01:03.723,2.08835,2.08945,3.20,2.40
2008.02.29 02:01:03.949,2.08835,2.08945,3.20,2.40
2008.02.29 02:01:04.165,2.08835,2.08945,3.20,2.40
2008.02.29 02:01:04.380,2.08835,2.08945,3.20,2.40
2008.02.29 02:01:04.594,2.08835,2.08945,3.20,2.40
2008.02.29 02:01:04.925,2.08835,2.08945,3.20,2.40
2008.02.29 02:01:05.255,2.08835,2.08945,3.20,2.40
2008.02.29 02:01:05.599,2.08835,2.08945,3.20,2.40
2008.02.29 02:01:05.836,2.08835,2.08945,3.20,2.40
2008.02.29 02:01:06.067,2.08835,2.08945,3.20,2.40
2008.02.29 02:01:06.300,2.08835,2.08945,3.20,2.40
2008.02.29 02:01:06.516,2.08835,2.08945,3.20,2.40
2008.02.29 02:01:06.837,2.08835,2.08945,3.20,2.40
2008.02.29 02:01:07.172,2.08835,2.08945,3.20,2.40
2008.02.29 02:01:07.497,2.08835,2.08945,3.20,2.40
2008.02.29 02:01:07.776,2.08835,2.08945,3.20,2.40
2008.02.29 02:01:08.051,2.08835,2.08945,3.20,2.40
2008.02.29 02:01:08.336,2.08835,2.08945,3.20,2.40
2008.02.29 02:01:08.610,2.08835,2.08945,3.20,2.40
2008.02.29 02:01:08.876,2.08835,2.08945,3.20,2.40
2008.02.29 02:01:09.153,2.08835,2.08945,3.20,2.40
2008.02.29 02:01:09.417,2.08835,2.08945,3.20,2.40
2008.02.29 02:01:09.680,2.08835,2.08945,3.20,2.40
2008.02.29 02:01:09.929,2.08835,2.08945,3.20,2.40
2008.02.29 02:01:10.186,2.08835,2.08945,3.20,2.40
2008.02.29 02:01:10.445,2.08835,2.08945,3.20,2.40
2008.02.29 02:01:10.694,2.08835,2.08945,3.20,2.40
2008.02.29 02:01:11.006,2.08835,2.08945,3.20,2.40
2008.02.29 02:01:11.306,2.08835,2.08945,3.20,2.40
2008.02.29 02:01:11.607,2.08835,2.08945,3.20,2.40
2008.02.29 02:01:11.839,2.08835,2.08945,3.20,2.40
2008.02.29 02:01:12.069,2.08835,2.08945,3.20,2.40
2008.02.29 02:01:12.298,2.08835,2.08945,3.20,2.40
2008.02.29 02:01:12.527,2.08835,2.08945,3.20,2.40
2008.02.29 02:01:12.758,2.08835,2.08945,3.20,2.40
2008.02.29 02:01:13.094,2.08835,2.08945,3.20,2.40
2008.02.29 02:01:13.441,2.08835,2.08945,3.20,2.40
2008.02.29 02:01:13.776,2.08835,2.08945,3.20,2.40
2008.02.29 02:01:14.010,2.08835,2.08945,3.20,2.40
2008.02.29 02:01:14.269,2.08835,2.08945,3.20,2.40
2008.02.29 02:01:14.528,2.08835,2.08945,3.20,2.40
2008.02.29 02:01:14.777,2.08835,2.08945,3.20,2.40
2008.02.29 02:01:15.065,2.08835,2.08945,3.20,2.40
2008.02.29 02:01:15.361,2.08835,2.08945,3.20,2.40
2008.02.29 02:01:15.653,2.08835,2.08945,3.20,2.40
2008.02.29 02:01:17.557,2.08835,2.08945,3.20,2.40
2008.02.29 02:01:17.638,2.08835,2.08945,3.20,2.40
2008.02.29 02:01:17.780,2.08835,2.08945,3.20,2.40
2008.02.29 02:01:17.848,2.08835,2.08945,3.20,2.40
2008.02.29 02:01:18.892,2.08835,2.08945,3.20,2.40
2008.02.29 02:01:19.140,2.08835,2.08945,3.20,2.40
2008.02.29 02:01:19.406,2.08835,2.08945,3.20,2.40
2008.02.29 02:01:19.678,2.08835,2.08945,3.20,2.40
2008.02.29 02:01:19.953,2.08835,2.08945,3.20,2.40
2008.02.29 02:01:20.220,2.08835,2.08945,3.20,2.40
2008.02.29 02:01:20.488,2.08835,2.08945,3.20,2.40
2008.02.29 02:01:20.763,2.08835,2.08945,3.20,2.40
2008.02.29 02:01:21.047,2.08835,2.08945,3.20,2.40
2008.02.29 02:01:21.315,2.08835,2.08945,3.20,2.40
2008.02.29 02:01:21.582,2.08835,2.08945,3.20,2.40
2008.02.29 02:01:21.860,2.08835,2.08945,3.20,2.40
2008.02.29 02:01:22.128,2.08835,2.08945,3.20,2.40
2008.02.29 02:01:22.380,2.08835,2.08945,3.20,2.40
2008.02.29 02:01:22.624,2.08835,2.08945,3.20,2.40
2008.02.29 02:01:22.870,2.08835,2.08945,3.20,2.40
2008.02.29 02:01:23.130,2.08835,2.08945,3.20,2.40
2008.02.29 02:01:24.754,2.08835,2.08945,3.20,2.40
2008.02.29 02:01:24.853,2.08835,2.08945,3.20,2.40
2008.02.29 02:01:24.937,2.08835,2.08945,3.20,2.40
2008.02.29 02:01:25.160,2.08835,2.08945,3.20,2.40
2008.02.29 02:01:26.418,2.08835,2.08945,3.20,2.40
2008.02.29 02:01:26.611,2.08835,2.08945,3.20,2.40
2008.02.29 02:01:26.778,2.08835,2.08945,3.20,2.40
2008.02.29 02:01:26.929,2.08835,2.08945,3.20,2.40
2008.02.29 02:01:27.094,2.08835,2.08945,3.20,2.40
2008.02.29 02:01:27.260,2.08835,2.08945,3.20,2.40
2008.02.29 02:01:27.422,2.08835,2.08945,3.20,2.40
2008.02.29 02:01:27.767,2.08835,2.08945,3.20,2.40
2008.02.29 02:01:28.122,2.08845,2.08945,2.40,2.40
2008.02.29 02:01:28.465,2.08845,2.08945,2.40,4.00
2008.02.29 02:01:28.699,2.08845,2.08945,2.40,4.00
2008.02.29 02:01:28.935,2.08845,2.08945,2.40,4.00
2008.02.29 02:01:29.176,2.08845,2.08945,2.40,4.00
2008.02.29 02:01:29.422,2.08845,2.08945,2.40,4.00
2008.02.29 02:01:29.667,2.08845,2.08945,2.40,4.00
2008.02.29 02:01:29.982,2.08845,2.08945,2.40,4.00
2008.02.29 02:01:30.311,2.08845,2.08945,2.40,4.00
2008.02.29 02:01:30.632,2.08845,2.08945,2.40,4.00
2008.02.29 02:01:30.868,2.08845,2.08945,2.40,4.00
2008.02.29 02:01:31.105,2.08845,2.08945,2.40,4.00
2008.02.29 02:01:31.353,2.08845,2.08945,2.40,4.00
2008.02.29 02:01:31.604,2.08845,2.08945,2.40,4.00
2008.02.29 02:01:31.912,2.08845,2.08945,2.40,4.00
2008.02.29 02:01:32.215,2.08845,2.08945,2.40,2.40
2008.02.29 02:01:32.513,2.08845,2.08945,2.40,2.40
2008.02.29 02:01:32.804,2.08845,2.08945,2.40,4.00
2008.02.29 02:01:33.098,2.08845,2.08945,2.40,4.00
2008.02.29 02:01:33.386,2.08845,2.08945,2.40,4.00
2008.02.29 02:01:33.681,2.0884,2.08945,2.40,4.00
2008.02.29 02:01:33.942,2.0884,2.08945,2.40,4.00
2008.02.29 02:01:34.213,2.0884,2.08945,2.40,4.00
2008.02.29 02:01:34.476,2.0884,2.08945,2.40,4.00
2008.02.29 02:01:34.757,2.0884,2.08945,2.40,4.00
2008.02.29 02:01:35.053,2.0884,2.08945,2.40,4.00
2008.02.29 02:01:35.337,2.0884,2.08945,2.40,4.00
2008.02.29 02:01:35.634,2.08845,2.08945,2.40,2.40
2008.02.29 02:01:35.896,2.08845,2.08945,2.40,2.40
2008.02.29 02:01:36.156,2.08845,2.08945,2.40,2.40
2008.02.29 02:01:36.422,2.08845,2.08945,2.40,2.40
2008.02.29 02:01:36.683,2.08845,2.08945,2.40,2.40
2008.02.29 02:01:36.974,2.08845,2.08945,2.40,2.40
2008.02.29 02:01:37.260,2.08845,2.08945,2.40,2.40
2008.02.29 02:01:37.543,2.08845,2.08945,2.40,2.40
2008.02.29 02:01:37.826,2.08845,2.08945,2.40,2.40
2008.02.29 02:01:38.124,2.08845,2.08945,2.40,2.40
2008.02.29 02:01:38.429,2.0884,2.08945,2.40,4.00
2008.02.29 02:01:38.736,2.0884,2.08945,2.40,4.00
2008.02.29 02:01:38.976,2.0884,2.08945,2.40,4.00
2008.02.29 02:01:39.216,2.0884,2.08945,2.40,4.00
2008.02.29 02:01:39.466,2.0884,2.08945,2.40,4.00
2008.02.29 02:01:39.724,2.0884,2.08945,2.40,4.00
2008.02.29 02:01:39.999,2.0884,2.08945,2.40,4.00
2008.02.29 02:01:40.285,2.0884,2.08945,2.40,4.00
2008.02.29 02:01:40.562,2.0884,2.08945,2.40,4.00
2008.02.29 02:01:40.848,2.0884,2.08945,2.40,4.00
2008.02.29 02:01:41.116,2.0884,2.08945,2.40,4.00
2008.02.29 02:01:41.396,2.0884,2.08945,2.40,4.00
2008.02.29 02:01:41.661,2.0884,2.08945,2.40,4.00
2008.02.29 02:01:41.927,2.0884,2.08945,2.40,4.00
2008.02.29 02:01:42.205,2.0884,2.08945,2.40,4.00
2008.02.29 02:01:42.475,2.0884,2.08945,2.40,4.00
2008.02.29 02:01:42.741,2.0884,2.08945,2.40,4.00
2008.02.29 02:01:43.042,2.0884,2.08945,2.40,4.00
2008.02.29 02:01:43.345,2.0884,2.08945,2.40,4.00
2008.02.29 02:01:43.657,2.0884,2.08945,2.40,4.00
2008.02.29 02:01:43.957,2.0884,2.08945,2.40,4.00
2008.02.29 02:01:44.191,2.0884,2.08945,2.40,4.00
2008.02.29 02:01:44.420,2.0884,2.08945,2.40,4.00
2008.02.29 02:01:44.671,2.0884,2.08945,2.40,4.00
2008.02.29 02:01:44.959,2.0884,2.08945,2.40,4.00
2008.02.29 02:01:45.284,2.0884,2.08945,2.40,4.00
2008.02.29 02:01:45.580,2.0884,2.08945,2.40,4.00
2008.02.29 02:01:48.527,2.0884,2.08945,2.40,4.00
2008.02.29 02:01:48.632,2.08845,2.08945,2.40,2.40
2008.02.29 02:01:48.738,2.08845,2.08945,2.40,2.40
2008.02.29 02:01:48.822,2.08845,2.08945,2.40,2.40
2008.02.29 02:01:48.858,2.08845,2.08945,2.40,2.40
2008.02.29 02:01:48.940,2.08845,2.08945,2.40,2.40
2008.02.29 02:01:50.442,2.08845,2.08945,2.40,2.40
2008.02.29 02:01:50.573,2.0885,2.08945,2.40,2.40
2008.02.29 02:01:50.728,2.0885,2.08945,2.40,2.40
2008.02.29 02:01:50.879,2.0885,2.08945,2.40,2.40
2008.02.29 02:01:51.053,2.0885,2.08945,2.40,2.40
2008.02.29 02:01:51.202,2.0885,2.08945,2.40,2.40
2008.02.29 02:01:52.599,2.0885,2.08945,2.40,2.40
2008.02.29 02:01:55.037,2.0885,2.08945,2.40,2.40
2008.02.29 02:01:55.161,2.0885,2.08945,2.40,2.40
2008.02.29 02:01:56.508,2.0885,2.08945,2.40,2.40
2008.02.29 02:01:56.671,2.0885,2.08945,2.40,2.40
2008.02.29 02:01:56.770,2.0885,2.08945,2.40,2.40
2008.02.29 02:01:58.155,2.0885,2.08945,2.40,2.40
2008.02.29 02:01:58.199,2.0885,2.08945,2.40,2.40
2008.02.29 02:01:59.255,2.0885,2.08945,2.40,2.40
2008.02.29 02:02:00.644,2.0885,2.08945,2.40,2.40
2008.02.29 02:02:02.377,2.0885,2.08945,2.40,2.40
2008.02.29 02:02:03.970,2.0885,2.08945,2.40,2.40
2008.02.29 02:02:04.048,2.0884,2.08945,2.40,4.00
2008.02.29 02:02:05.435,2.0884,2.08945,2.40,4.00
2008.02.29 02:02:05.552,2.08835,2.08935,3.20,1.60
2008.02.29 02:02:07.212,2.08835,2.08935,3.20,1.60
2008.02.29 02:02:07.354,2.08835,2.08935,3.20,1.60
2008.02.29 02:02:07.456,2.08835,2.08935,3.20,1.60
2008.02.29 02:02:07.676,2.08835,2.08935,3.20,1.60
2008.02.29 02:02:09.718,2.08835,2.08935,3.20,1.60
2008.02.29 02:02:09.885,2.08835,2.0894,5.60,1.60
2008.02.29 02:02:10.095,2.08835,2.0894,5.60,1.60
2008.02.29 02:02:10.287,2.08835,2.0894,5.60,1.60
2008.02.29 02:02:10.481,2.08835,2.0894,5.60,1.60
2008.02.29 02:02:10.649,2.08835,2.0894,5.60,1.60
2008.02.29 02:02:10.825,2.08835,2.0894,5.60,1.60
2008.02.29 02:02:11.008,2.08835,2.0894,5.60,1.60
2008.02.29 02:02:11.198,2.08835,2.0894,5.60,1.60
2008.02.29 02:02:11.533,2.08835,2.0894,5.60,1.60
2008.02.29 02:02:11.883,2.08835,2.0894,5.60,1.60
2008.02.29 02:02:12.224,2.08835,2.0894,5.60,1.60
2008.02.29 02:02:12.471,2.08835,2.0894,5.60,1.60
2008.02.29 02:02:12.713,2.08835,2.0894,5.60,1.60
2008.02.29 02:02:12.943,2.08835,2.0894,5.60,1.60
2008.02.29 02:02:15.084,2.08835,2.0894,5.60,1.60
2008.02.29 02:02:15.202,2.08835,2.0894,5.60,1.60
2008.02.29 02:02:16.294,2.08835,2.08925,4.80,10.80
2008.02.29 02:02:16.448,2.08815,2.08885,3.20,2.40
2008.02.29 02:02:16.582,2.08815,2.08885,3.20,2.40
2008.02.29 02:02:17.990,2.08815,2.08885,3.20,2.40
2008.02.29 02:02:19.656,2.08815,2.08885,3.20,2.40
2008.02.29 02:02:22.056,2.08815,2.08885,3.20,2.40
2008.02.29 02:02:23.323,2.08835,2.08915,2.40,4.00
2008.02.29 02:02:23.375,2.08815,2.08885,3.20,2.40
2008.02.29 02:02:23.446,2.08835,2.08925,0.80,1.60
2008.02.29 02:02:24.845,2.08825,2.08925,10.00,1.60
2008.02.29 02:02:24.900,2.0882,2.08925,2.40,1.60
2008.02.29 02:02:25.117,2.08815,2.0891,15.60,1.60
2008.02.29 02:02:28.146,2.08835,2.0894,2.40,1.60
2008.02.29 02:02:28.419,2.08835,2.0894,2.40,1.60
2008.02.29 02:02:29.614,2.08835,2.0894,2.40,1.60
2008.02.29 02:02:29.665,2.08835,2.0894,2.40,1.60
2008.02.29 02:02:31.570,2.08835,2.0894,2.40,1.60
2008.02.29 02:02:31.719,2.08835,2.0894,2.40,1.60
2008.02.29 02:02:31.842,2.08835,2.0894,2.40,1.60
2008.02.29 02:02:31.997,2.08835,2.0894,2.40,1.60
2008.02.29 02:02:32.390,2.08835,2.0894,2.40,1.60
2008.02.29 02:02:33.353,2.08835,2.0894,2.40,1.60
2008.02.29 02:02:33.637,2.08835,2.0894,2.40,1.60
2008.02.29 02:02:33.909,2.08835,2.0894,2.40,1.60
2008.02.29 02:02:35.070,2.08835,2.0894,2.40,1.60
2008.02.29 02:02:36.657,2.0884,2.08945,2.40,4.80
2008.02.29 02:02:36.809,2.0884,2.08945,2.40,4.80
2008.02.29 02:02:36.908,2.0884,2.08945,2.40,4.80
2008.02.29 02:02:37.043,2.0884,2.08945,2.40,4.80
2008.02.29 02:02:37.143,2.0884,2.08945,2.40,4.80
2008.02.29 02:02:37.209,2.0884,2.08945,2.40,4.80
2008.02.29 02:02:37.299,2.0884,2.08945,2.40,4.80
2008.02.29 02:02:38.685,2.0884,2.08945,2.40,4.80
2008.02.29 02:02:38.889,2.0884,2.08945,2.40,4.80
2008.02.29 02:02:39.086,2.0884,2.08945,2.40,4.80
2008.02.29 02:02:40.613,2.0884,2.08945,2.40,4.80
2008.02.29 02:02:43.237,2.08835,2.0894,2.40,1.60
2008.02.29 02:02:43.296,2.0885,2.08945,2.40,3.20
2008.02.29 02:02:43.322,2.0885,2.08945,2.40,3.20
2008.02.29 02:02:43.387,2.0885,2.08945,2.40,3.20
2008.02.29 02:02:43.564,2.0885,2.08945,2.40,3.20
2008.02.29 02:02:43.758,2.0885,2.08945,2.40,3.20
2008.02.29 02:02:43.797,2.0885,2.08945,2.40,3.20
2008.02.29 02:02:43.862,2.0885,2.08945,2.40,3.20
2008.02.29 02:02:43.946,2.0885,2.08945,2.40,3.20
2008.02.29 02:02:44.041,2.0885,2.08945,2.40,3.20
2008.02.29 02:02:44.184,2.0885,2.08945,2.40,3.20
2008.02.29 02:02:44.318,2.0885,2.08945,2.40,3.20
2008.02.29 02:02:44.641,2.0885,2.08945,2.40,3.20
2008.02.29 02:02:44.990,2.0885,2.08945,2.40,3.20
2008.02.29 02:02:45.333,2.0885,2.08945,2.40,3.20
2008.02.29 02:02:45.540,2.0885,2.08945,2.40,3.20
2008.02.29 02:02:45.756,2.0885,2.08945,2.40,3.20
2008.02.29 02:02:45.970,2.0885,2.08945,2.40,3.20
2008.02.29 02:02:46.190,2.0885,2.08945,2.40,3.20
2008.02.29 02:02:46.401,2.0885,2.08945,2.40,3.20
2008.02.29 02:02:46.740,2.0885,2.08945,2.40,3.20
2008.02.29 02:02:47.067,2.0885,2.08945,2.40,3.20
2008.02.29 02:02:47.404,2.0885,2.08945,2.40,3.20
2008.02.29 02:02:47.624,2.0885,2.08945,2.40,3.20
2008.02.29 02:02:47.846,2.0885,2.08945,2.40,3.20
2008.02.29 02:02:48.072,2.0885,2.08945,2.40,3.20
2008.02.29 02:02:48.294,2.0885,2.08945,2.40,3.20
2008.02.29 02:02:48.514,2.0885,2.08945,2.40,3.20
2008.02.29 02:02:48.859,2.0885,2.08945,2.40,3.20
2008.02.29 02:02:49.195,2.0885,2.08945,2.40,3.20
2008.02.29 02:02:49.540,2.0885,2.08945,2.40,3.20
2008.02.29 02:02:49.761,2.08845,2.08945,2.40,3.20
2008.02.29 02:02:49.989,2.08845,2.08945,2.40,3.20
2008.02.29 02:02:50.217,2.08845,2.08945,2.40,3.20
2008.02.29 02:02:50.454,2.08845,2.08945,2.40,3.20
2008.02.29 02:02:50.769,2.08845,2.08945,2.40,4.80
2008.02.29 02:02:51.072,2.08845,2.08945,2.40,4.80
2008.02.29 02:02:51.372,2.08845,2.08945,2.40,4.80
2008.02.29 02:02:51.681,2.08845,2.08945,2.40,4.80
2008.02.29 02:02:51.932,2.08845,2.08945,2.40,4.80
2008.02.29 02:02:52.189,2.08845,2.08945,2.40,4.80
2008.02.29 02:02:52.447,2.08845,2.08945,2.40,4.80
2008.02.29 02:02:52.737,2.08845,2.08945,2.40,4.80
2008.02.29 02:02:53.017,2.08845,2.08945,2.40,4.80
2008.02.29 02:02:53.297,2.08845,2.08945,2.40,4.80
2008.02.29 02:02:53.578,2.08845,2.08945,2.40,4.80
2008.02.29 02:02:53.881,2.08845,2.08945,2.40,4.80
2008.02.29 02:02:54.178,2.08845,2.08945,2.40,3.20
2008.02.29 02:02:54.483,2.08845,2.08945,2.40,3.20
2008.02.29 02:02:54.740,2.08845,2.08945,2.40,3.20
2008.02.29 02:02:54.992,2.08845,2.08945,2.40,3.20
2008.02.29 02:02:55.229,2.08845,2.08945,2.40,3.20
2008.02.29 02:02:55.465,2.08845,2.08945,2.40,3.20
2008.02.29 02:02:55.759,2.08845,2.08945,2.40,3.20
2008.02.29 02:02:56.046,2.08845,2.08945,2.40,3.20
2008.02.29 02:02:56.343,2.08845,2.08945,2.40,3.20
2008.02.29 02:02:56.631,2.08845,2.08945,2.40,3.20
2008.02.29 02:02:56.886,2.08845,2.08945,2.40,3.20
2008.02.29 02:02:57.131,2.08845,2.08945,2.40,3.20
2008.02.29 02:02:57.382,2.08845,2.08945,2.40,3.20
2008.02.29 02:02:57.643,2.08845,2.08945,2.40,3.20
2008.02.29 02:02:57.957,2.08845,2.08945,2.40,3.20
2008.02.29 02:02:58.280,2.08845,2.08945,2.40,3.20
2008.02.29 02:02:58.605,2.08845,2.08945,2.40,3.20
2008.02.29 02:02:58.831,2.08845,2.08945,2.40,3.20
2008.02.29 02:02:59.065,2.08845,2.08945,2.40,3.20
2008.02.29 02:02:59.290,2.08845,2.08945,2.40,3.20
2008.02.29 02:02:59.525,2.08845,2.08945,2.40,3.20
2008.02.29 02:02:59.753,2.08845,2.08945,2.40,3.20
2008.02.29 02:03:00.100,2.08845,2.08945,2.40,3.20
2008.02.29 02:03:00.434,2.08845,2.08945,2.40,3.20
2008.02.29 02:03:00.783,2.08845,2.08945,2.40,3.20
2008.02.29 02:03:01.016,2.08845,2.08945,2.40,3.20
2008.02.29 02:03:01.242,2.08845,2.08945,2.40,3.20
2008.02.29 02:03:01.461,2.08845,2.08945,2.40,3.20
2008.02.29 02:03:01.691,2.08845,2.08945,2.40,3.20
2008.02.29 02:03:01.987,2.08845,2.08945,2.40,3.20
2008.02.29 02:03:02.291,2.08845,2.08945,2.40,3.20
2008.02.29 02:03:02.580,2.08845,2.08945,2.40,3.20
2008.02.29 02:03:02.874,2.08845,2.08945,2.40,3.20
2008.02.29 02:03:03.173,2.08845,2.08945,2.40,3.20
2008.02.29 02:03:03.465,2.08845,2.08945,2.40,3.20
2008.02.29 02:03:03.768,2.08845,2.08945,2.40,3.20
2008.02.29 02:03:04.010,2.08845,2.08945,2.40,3.20
2008.02.29 02:03:04.247,2.08845,2.08945,2.40,3.20
2008.02.29 02:03:04.477,2.08845,2.08945,2.40,3.20
2008.02.29 02:03:04.717,2.08845,2.08945,2.40,3.20
2008.02.29 02:03:05.005,2.08845,2.08945,2.40,3.20
2008.02.29 02:03:05.292,2.08845,2.08945,2.40,3.20
2008.02.29 02:03:05.585,2.08845,2.08945,2.40,3.20
2008.02.29 02:03:05.871,2.08845,2.08925,2.40,6.00
2008.02.29 02:03:06.134,2.0883,2.08905,2.40,2.40
2008.02.29 02:03:06.390,2.0883,2.08905,2.40,2.40
2008.02.29 02:03:06.657,2.0882,2.08905,2.40,2.40
2008.02.29 02:03:06.916,2.0882,2.08905,2.40,2.40
2008.02.29 02:03:07.204,2.0882,2.08905,2.40,2.40
2008.02.29 02:03:07.518,2.0882,2.08905,2.40,2.40
2008.02.29 02:03:07.801,2.0882,2.08905,2.40,2.40
2008.02.29 02:03:08.075,2.0882,2.08925,2.40,5.60
2008.02.29 02:03:08.357,2.08835,2.0894,2.40,1.60
2008.02.29 02:03:08.629,2.08835,2.0894,2.40,1.60
2008.02.29 02:03:08.913,2.08835,2.0894,2.40,1.60
2008.02.29 02:03:09.187,2.08835,2.0894,2.40,1.60
2008.02.29 02:03:09.473,2.08835,2.0894,2.40,1.60
2008.02.29 02:03:09.748,2.0884,2.08945,2.40,4.80
2008.02.29 02:03:10.033,2.0884,2.08945,2.40,4.80
2008.02.29 02:03:10.290,2.0884,2.08945,2.40,4.80
2008.02.29 02:03:10.536,2.0884,2.08945,2.40,4.80
2008.02.29 02:03:10.784,2.0884,2.08945,2.40,4.80
2008.02.29 02:03:11.043,2.0884,2.08945,2.40,4.80
2008.02.29 02:03:11.340,2.0884,2.08945,2.40,4.80
2008.02.29 02:03:11.636,2.0884,2.08945,2.40,4.80
2008.02.29 02:03:11.916,2.0884,2.08945,2.40,4.80
2008.02.29 02:03:12.191,2.0884,2.08945,2.40,4.80
2008.02.29 02:03:12.451,2.0884,2.08945,2.40,4.00
2008.02.29 02:03:12.724,2.0884,2.08945,2.40,4.00
2008.02.29 02:03:12.999,2.0884,2.08945,2.40,4.80
2008.02.29 02:03:13.282,2.0884,2.08945,2.40,4.80
2008.02.29 02:03:13.574,2.0884,2.08945,2.40,4.80
2008.02.29 02:03:13.872,2.0884,2.08945,2.40,4.80
2008.02.29 02:03:14.175,2.0884,2.08945,2.40,4.80
2008.02.29 02:03:14.448,2.08845,2.08945,2.40,4.80
2008.02.29 02:03:14.716,2.08845,2.08945,2.40,4.80
2008.02.29 02:03:15.017,2.08845,2.08945,2.40,3.20
2008.02.29 02:03:15.285,2.08845,2.08945,2.40,3.20
2008.02.29 02:03:15.563,2.08845,2.08945,2.40,3.20
2008.02.29 02:03:15.821,2.08845,2.08945,2.40,3.20
2008.02.29 02:03:16.088,2.08845,2.08945,2.40,3.20
2008.02.29 02:03:16.374,2.08845,2.08945,2.40,3.20
2008.02.29 02:03:16.660,2.08845,2.08945,2.40,3.20
2008.02.29 02:03:16.951,2.08845,2.08945,2.40,3.20
2008.02.29 02:03:17.236,2.08845,2.08945,2.40,3.20
2008.02.29 02:03:17.529,2.08845,2.08945,2.40,3.20
2008.02.29 02:03:17.823,2.08845,2.08945,2.40,3.20
2008.02.29 02:03:18.068,2.08845,2.08945,2.40,3.20
2008.02.29 02:03:18.354,2.08845,2.08945,2.40,3.20
2008.02.29 02:03:18.648,2.08845,2.08945,2.40,3.20
2008.02.29 02:03:18.945,2.08845,2.08945,2.40,3.20
2008.02.29 02:03:19.242,2.08845,2.08945,2.40,3.20
2008.02.29 02:03:19.491,2.08845,2.08945,2.40,3.20
2008.02.29 02:03:19.752,2.08845,2.08945,2.40,3.20
2008.02.29 02:03:20.015,2.08845,2.08945,2.40,3.20
2008.02.29 02:03:20.296,2.08845,2.08945,2.40,3.20
2008.02.29 02:03:20.577,2.08845,2.08945,2.40,3.20
2008.02.29 02:03:20.862,2.08845,2.08945,2.40,3.20
2008.02.29 02:03:21.145,2.08845,2.08945,2.40,3.20
2008.02.29 02:03:21.415,2.08845,2.08945,2.40,3.20
2008.02.29 02:03:21.683,2.08845,2.08945,2.40,3.20
2008.02.29 02:03:21.946,2.08845,2.08945,2.40,3.20
2008.02.29 02:03:22.208,2.08845,2.08945,2.40,3.20
2008.02.29 02:03:23.906,2.08845,2.08945,2.40,3.20
2008.02.29 02:03:24.023,2.08845,2.08945,2.40,3.20
2008.02.29 02:03:24.129,2.08845,2.08945,2.40,3.20
2008.02.29 02:03:25.410,2.08845,2.08945,2.40,3.20
2008.02.29 02:03:25.598,2.08845,2.08945,2.40,3.20
2008.02.29 02:03:25.815,2.08845,2.08945,2.40,3.20
2008.02.29 02:03:25.979,2.08845,2.08945,2.40,3.20
2008.02.29 02:03:26.181,2.08845,2.08945,2.40,3.20
2008.02.29 02:03:26.373,2.0885,2.08945,2.40,3.20
2008.02.29 02:03:26.594,2.0885,2.08945,2.40,3.20
2008.02.29 02:03:26.938,2.08845,2.08945,2.40,3.20
2008.02.29 02:03:27.298,2.08845,2.08945,2.40,3.20
2008.02.29 02:03:27.653,2.08845,2.08945,2.40,3.20
2008.02.29 02:03:27.901,2.08845,2.08945,2.40,3.20
2008.02.29 02:03:28.138,2.08845,2.08945,2.40,3.20
2008.02.29 02:03:28.386,2.08845,2.08945,2.40,3.20
2008.02.29 02:03:28.624,2.08845,2.08945,2.40,3.20
2008.02.29 02:03:28.938,2.08845,2.08945,2.40,3.20
2008.02.29 02:03:29.253,2.08845,2.08945,2.40,3.20
2008.02.29 02:03:29.574,2.08845,2.08945,2.40,3.20
2008.02.29 02:03:31.025,2.08845,2.08945,2.40,3.20
2008.02.29 02:03:32.658,2.08845,2.08945,2.40,3.20
2008.02.29 02:03:32.756,2.08845,2.08945,2.40,3.20
2008.02.29 02:03:32.848,2.08845,2.08945,2.40,3.20
2008.02.29 02:03:32.902,2.08845,2.08945,2.40,3.20
2008.02.29 02:03:33.194,2.08845,2.08945,2.40,3.20
2008.02.29 02:03:33.363,2.08845,2.08945,2.40,3.20
2008.02.29 02:03:33.448,2.08845,2.08945,2.40,3.20
2008.02.29 02:03:33.523,2.08845,2.08945,2.40,3.20
2008.02.29 02:03:33.609,2.08845,2.08945,2.40,3.20
2008.02.29 02:03:33.698,2.08845,2.08945,2.40,3.20
2008.02.29 02:03:34.048,2.08845,2.08945,2.40,3.20
2008.02.29 02:03:34.393,2.08845,2.08945,2.40,3.20
2008.02.29 02:03:34.734,2.08845,2.08945,2.40,3.20
2008.02.29 02:03:34.957,2.08845,2.08945,2.40,3.20
2008.02.29 02:03:35.181,2.08845,2.08945,2.40,3.20
2008.02.29 02:03:35.403,2.08845,2.08945,2.40,3.20
2008.02.29 02:03:35.632,2.08845,2.08945,2.40,3.20
2008.02.29 02:03:35.853,2.08845,2.08945,2.40,3.20
2008.02.29 02:03:36.184,2.08845,2.08945,2.40,3.20
2008.02.29 02:03:36.503,2.08845,2.08945,2.40,3.20
2008.02.29 02:03:36.821,2.08845,2.08945,2.40,3.20
2008.02.29 02:03:37.062,2.08845,2.08945,2.40,3.20
2008.02.29 02:03:37.295,2.08845,2.08945,2.40,3.20
2008.02.29 02:03:37.593,2.08845,2.08945,2.40,3.20
2008.02.29 02:03:37.857,2.08845,2.08945,2.40,3.20
2008.02.29 02:03:38.159,2.08845,2.08945,2.40,3.20
2008.02.29 02:03:38.497,2.08845,2.08945,2.40,3.20
2008.02.29 02:03:38.827,2.08845,2.08945,2.40,3.20
2008.02.29 02:03:39.052,2.08845,2.08945,2.40,3.20
2008.02.29 02:03:39.276,2.08845,2.08945,2.40,3.20
2008.02.29 02:03:39.501,2.08845,2.08945,2.40,3.20
2008.02.29 02:03:39.733,2.08845,2.08945,2.40,3.20
2008.02.29 02:03:39.963,2.08845,2.08945,2.40,3.20
2008.02.29 02:03:40.271,2.08845,2.08945,2.40,3.20
2008.02.29 02:03:40.583,2.0885,2.08945,2.40,3.20
2008.02.29 02:03:40.894,2.0885,2.08945,2.40,3.20
2008.02.29 02:03:41.115,2.0885,2.08945,2.40,3.20
2008.02.29 02:03:41.348,2.0885,2.08945,2.40,3.20
2008.02.29 02:03:41.570,2.0885,2.08945,2.40,3.20
2008.02.29 02:03:41.803,2.0885,2.08945,2.40,3.20
2008.02.29 02:03:42.134,2.0885,2.08945,2.40,3.20
2008.02.29 02:03:42.470,2.0885,2.08945,2.40,3.20
2008.02.29 02:03:42.805,2.0886,2.08945,2.40,2.40
2008.02.29 02:03:43.081,2.0886,2.08945,2.40,2.40
2008.02.29 02:03:43.349,2.0886,2.08945,2.40,2.40
2008.02.29 02:03:43.625,2.0886,2.08945,2.40,2.40
2008.02.29 02:03:43.884,2.0886,2.08945,2.40,2.40
2008.02.29 02:03:44.174,2.0886,2.08945,2.40,2.40
2008.02.29 02:03:44.465,2.0886,2.08945,2.40,2.40
2008.02.29 02:03:44.768,2.0886,2.08945,2.40,2.40
2008.02.29 02:03:45.062,2.0886,2.08945,2.40,2.40
2008.02.29 02:03:45.315,2.0886,2.08945,2.40,2.40
2008.02.29 02:03:45.558,2.0886,2.08945,2.40,2.40
2008.02.29 02:03:45.810,2.0886,2.08945,2.40,2.40
2008.02.29 02:03:46.093,2.0886,2.08945,2.40,2.40
2008.02.29 02:03:46.365,2.0886,2.08945,2.40,2.40
2008.02.29 02:03:46.650,2.0886,2.08945,2.40,2.40
2008.02.29 02:03:46.926,2.0886,2.08945,2.40,2.40
2008.02.29 02:03:47.221,2.0886,2.08945,2.40,2.40
2008.02.29 02:03:47.545,2.0886,2.08945,2.40,2.40
2008.02.29 02:03:47.846,2.0886,2.08945,2.40,2.40
2008.02.29 02:03:48.117,2.0886,2.08945,2.40,2.40
2008.02.29 02:03:48.397,2.0886,2.08945,2.40,2.40
2008.02.29 02:03:48.663,2.0886,2.08945,2.40,2.40
2008.02.29 02:03:48.939,2.0886,2.08945,2.40,2.40
2008.02.29 02:03:49.209,2.0886,2.08945,2.40,2.40
2008.02.29 02:03:49.489,2.0886,2.08945,2.40,2.40
2008.02.29 02:03:49.756,2.0886,2.08945,2.40,2.40
2008.02.29 02:03:50.024,2.0886,2.08945,2.40,2.40
2008.02.29 02:03:50.283,2.0886,2.08945,2.40,2.40
2008.02.29 02:03:50.531,2.0886,2.08945,2.40,2.40
2008.02.29 02:03:50.793,2.0886,2.08945,2.40,2.40
2008.02.29 02:03:51.041,2.0886,2.08945,2.40,2.40
2008.02.29 02:03:51.346,2.0886,2.08945,2.40,2.40
2008.02.29 02:03:51.644,2.0886,2.08945,2.40,2.40
2008.02.29 02:03:51.953,2.0886,2.08945,2.40,2.40
2008.02.29 02:03:52.195,2.0886,2.08945,2.40,2.40
2008.02.29 02:03:52.437,2.0886,2.08945,2.40,2.40
2008.02.29 02:03:52.680,2.0886,2.08945,2.40,2.40
2008.02.29 02:03:52.933,2.0886,2.08945,2.40,2.40
2008.02.29 02:03:53.177,2.0886,2.08945,2.40,2.40
2008.02.29 02:03:53.504,2.0886,2.08945,2.40,2.40
2008.02.29 02:03:53.836,2.0886,2.08945,2.40,2.40
2008.02.29 02:03:54.171,2.0886,2.08945,2.40,2.40
2008.02.29 02:03:54.407,2.0886,2.08945,2.40,2.40
2008.02.29 02:03:54.649,2.0886,2.08945,2.40,2.40
2008.02.29 02:03:54.883,2.0886,2.08945,2.40,2.40
2008.02.29 02:03:55.116,2.0886,2.08945,2.40,2.40
2008.02.29 02:03:55.423,2.0886,2.08945,2.40,2.40
2008.02.29 02:03:55.727,2.0886,2.08945,2.40,2.40
2008.02.29 02:03:56.036,2.0886,2.08945,2.40,2.40
2008.02.29 02:03:56.284,2.0886,2.08945,2.40,2.40
2008.02.29 02:03:56.541,2.0886,2.08945,2.40,2.40
2008.02.29 02:03:56.800,2.0886,2.08945,2.40,2.40
2008.02.29 02:03:57.046,2.0886,2.08945,2.40,2.40
2008.02.29 02:03:57.314,2.0886,2.08945,2.40,2.40
2008.02.29 02:03:57.586,2.0886,2.08945,2.40,2.40
2008.02.29 02:03:57.852,2.0886,2.08945,2.40,2.40
2008.02.29 02:03:58.124,2.0886,2.08945,2.40,2.40
2008.02.29 02:03:58.427,2.0886,2.08945,2.40,2.40
2008.02.29 02:03:58.730,2.0886,2.08945,2.40,2.40
2008.02.29 02:03:59.044,2.0886,2.08945,2.40,2.40
2008.02.29 02:03:59.368,2.0886,2.08945,2.40,2.40
2008.02.29 02:03:59.634,2.0886,2.08945,2.40,2.40
2008.02.29 02:03:59.907,2.0886,2.08945,2.40,2.40
2008.02.29 02:04:00.172,2.0886,2.08945,2.40,2.40
2008.02.29 02:04:00.416,2.0886,2.08945,2.40,2.40
2008.02.29 02:04:00.664,2.0886,2.08945,2.40,2.40
2008.02.29 02:04:00.916,2.0886,2.08945,2.40,2.40
2008.02.29 02:04:01.176,2.0886,2.08945,2.40,2.40
2008.02.29 02:04:01.458,2.0886,2.08945,2.40,2.40
2008.02.29 02:04:01.744,2.0886,2.08945,2.40,2.40
2008.02.29 02:04:02.037,2.0886,2.08945,2.40,2.40
2008.02.29 02:04:02.319,2.0886,2.08945,2.40,2.40
2008.02.29 02:04:02.609,2.0886,2.08945,2.40,2.40
2008.02.29 02:04:02.879,2.0886,2.08945,2.40,2.40
2008.02.29 02:04:03.134,2.0886,2.08945,2.40,2.40
2008.02.29 02:04:03.390,2.0886,2.08945,2.40,2.40
2008.02.29 02:04:03.676,2.0886,2.08945,2.40,2.40
2008.02.29 02:04:03.961,2.0886,2.08945,2.40,2.40
2008.02.29 02:04:04.257,2.0886,2.08945,2.40,2.40
2008.02.29 02:04:04.511,2.0886,2.08945,2.40,2.40
2008.02.29 02:04:04.769,2.0886,2.08945,2.40,2.40
2008.02.29 02:04:05.027,2.0886,2.08945,2.40,2.40
2008.02.29 02:04:05.292,2.0886,2.08945,2.40,2.40
2008.02.29 02:04:05.570,2.0886,2.08945,2.40,2.40
2008.02.29 02:04:05.858,2.0886,2.08945,2.40,2.40
2008.02.29 02:04:06.137,2.0886,2.08945,2.40,2.40
2008.02.29 02:04:06.422,2.0886,2.08945,2.40,2.40
2008.02.29 02:04:06.686,2.0886,2.08945,2.40,2.40
2008.02.29 02:04:06.953,2.0886,2.08945,2.40,2.40
2008.02.29 02:04:08.542,2.0886,2.08945,2.40,2.40
2008.02.29 02:04:08.681,2.0886,2.08945,2.40,2.40
2008.02.29 02:04:08.827,2.0886,2.08945,2.40,2.40
2008.02.29 02:04:08.965,2.0886,2.08945,2.40,2.40
2008.02.29 02:04:10.363,2.0886,2.08945,2.40,2.40
2008.02.29 02:04:10.572,2.0886,2.08945,2.40,2.40
2008.02.29 02:04:10.757,2.0886,2.08945,2.40,2.40
2008.02.29 02:04:10.926,2.0886,2.08945,2.40,2.40
2008.02.29 02:04:11.095,2.0886,2.08945,2.40,2.40
2008.02.29 02:04:11.281,2.08855,2.08945,4.80,2.40
2008.02.29 02:04:12.671,2.08855,2.08945,4.80,3.20
2008.02.29 02:04:12.752,2.08855,2.08945,2.40,3.20
2008.02.29 02:04:12.788,2.08855,2.08945,2.40,3.20
2008.02.29 02:04:12.837,2.08855,2.08945,2.40,3.20
2008.02.29 02:04:12.874,2.08855,2.08945,2.40,3.20
2008.02.29 02:04:12.998,2.08855,2.08945,2.40,3.20
2008.02.29 02:04:13.213,2.08855,2.08945,2.40,3.20
2008.02.29 02:04:13.254,2.08855,2.08945,2.40,3.20
2008.02.29 02:04:13.291,2.08855,2.08945,2.40,3.20
2008.02.29 02:04:13.995,2.08855,2.08945,2.40,3.20
2008.02.29 02:04:14.283,2.08855,2.08945,2.40,3.20
2008.02.29 02:04:14.582,2.0885,2.08945,2.40,3.20
2008.02.29 02:04:14.888,2.0885,2.08945,2.40,3.20
2008.02.29 02:04:15.182,2.0885,2.08945,2.40,3.20
2008.02.29 02:04:15.434,2.0885,2.08945,2.40,3.20
2008.02.29 02:04:15.677,2.08855,2.08945,2.40,3.20
2008.02.29 02:04:15.929,2.08855,2.08945,2.40,3.20
2008.02.29 02:04:16.175,2.08855,2.08945,2.40,3.20
2008.02.29 02:04:16.477,2.08855,2.08945,2.40,3.20
2008.02.29 02:04:16.759,2.08855,2.08945,2.40,3.20
2008.02.29 02:04:17.044,2.08855,2.08945,2.40,3.20
2008.02.29 02:04:17.304,2.08855,2.08945,2.40,3.20
2008.02.29 02:04:17.575,2.08855,2.08945,2.40,3.20
2008.02.29 02:04:17.841,2.08855,2.08945,2.40,3.20
2008.02.29 02:04:20.202,2.08855,2.08945,2.40,2.40
2008.02.29 02:04:20.349,2.08855,2.08945,2.40,2.40
2008.02.29 02:04:20.489,2.08855,2.08945,2.40,2.40
2008.02.29 02:04:22.120,2.08855,2.08945,2.40,2.40
2008.02.29 02:04:22.214,2.08855,2.08945,2.40,2.40
2008.02.29 02:04:22.368,2.08855,2.08945,2.40,2.40
2008.02.29 02:04:22.508,2.08855,2.08945,2.40,2.40
2008.02.29 02:04:24.601,2.08855,2.08945,2.40,2.40
2008.02.29 02:04:24.798,2.08855,2.08945,2.40,2.40
2008.02.29 02:04:24.927,2.08855,2.08945,2.40,2.40
2008.02.29 02:04:25.070,2.08855,2.08945,2.40,2.40
2008.02.29 02:04:25.208,2.08855,2.08945,2.40,2.40
2008.02.29 02:04:25.370,2.08855,2.08945,2.40,2.40
2008.02.29 02:04:25.513,2.08855,2.08945,2.40,2.40
2008.02.29 02:04:25.874,2.08855,2.08945,2.40,2.40
2008.02.29 02:04:26.216,2.08855,2.08945,2.40,2.40
2008.02.29 02:04:26.558,2.08855,2.08945,2.40,2.40
2008.02.29 02:04:27.906,2.08855,2.08945,2.40,2.40
2008.02.29 02:04:28.065,2.08855,2.08945,2.40,2.40
2008.02.29 02:04:29.475,2.08855,2.08945,2.40,2.40
2008.02.29 02:04:29.577,2.08855,2.08945,2.40,2.40
2008.02.29 02:04:29.667,2.08855,2.08945,2.40,2.40
2008.02.29 02:04:29.816,2.08855,2.08945,2.40,2.40
2008.02.29 02:04:29.919,2.08855,2.08945,2.40,2.40
2008.02.29 02:04:30.034,2.08855,2.08945,2.40,2.40
2008.02.29 02:04:30.139,2.08855,2.08945,2.40,2.40
2008.02.29 02:04:31.452,2.08855,2.08945,2.40,2.40
2008.02.29 02:04:31.653,2.08855,2.08945,2.40,2.40
2008.02.29 02:04:31.867,2.08855,2.08945,2.40,2.40
2008.02.29 02:04:32.108,2.08855,2.08945,2.40,2.40
2008.02.29 02:04:32.331,2.08855,2.08945,2.40,2.40
2008.02.29 02:04:32.538,2.08855,2.08945,2.40,2.40
2008.02.29 02:04:34.173,2.08855,2.08945,2.40,2.40
2008.02.29 02:04:35.720,2.08855,2.08945,2.40,2.40
2008.02.29 02:04:35.852,2.08855,2.08945,2.40,2.40
2008.02.29 02:04:35.925,2.08855,2.08945,2.40,2.40
2008.02.29 02:04:37.687,2.08855,2.08945,2.40,2.40
2008.02.29 02:04:38.167,2.08855,2.08945,2.40,2.40
2008.02.29 02:04:38.239,2.0887,2.08945,2.40,2.40
2008.02.29 02:04:39.424,2.0887,2.08945,2.40,2.40
2008.02.29 02:04:39.557,2.08865,2.08965,2.40,4.80
2008.02.29 02:04:39.683,2.08865,2.08965,2.40,4.80
2008.02.29 02:04:39.801,2.08865,2.08965,2.40,4.80
2008.02.29 02:04:39.926,2.08865,2.08965,2.40,4.80
2008.02.29 02:04:40.112,2.08865,2.08965,2.40,4.80
2008.02.29 02:04:41.270,2.08865,2.08965,2.40,4.80
2008.02.29 02:04:41.506,2.08865,2.0897,2.40,1.60
2008.02.29 02:04:44.014,2.08865,2.0897,2.40,1.60
2008.02.29 02:04:44.095,2.08855,2.08955,2.40,1.60
2008.02.29 02:04:44.237,2.08855,2.08955,2.40,1.60
2008.02.29 02:04:44.356,2.08855,2.08955,2.40,1.60
2008.02.29 02:04:46.067,2.08855,2.08955,2.40,1.60
2008.02.29 02:04:46.295,2.08875,2.0895,4.00,1.60
2008.02.29 02:04:46.508,2.08885,2.08985,2.40,4.00
2008.02.29 02:04:46.720,2.08885,2.08985,2.40,4.00
2008.02.29 02:04:46.918,2.08885,2.08985,12.40,4.00
2008.02.29 02:04:47.115,2.089,2.08985,2.40,2.40
2008.02.29 02:04:47.470,2.089,2.08985,2.40,2.40
2008.02.29 02:04:49.155,2.089,2.08985,2.40,2.40
2008.02.29 02:04:49.290,2.0891,2.09015,2.40,7.60
2008.02.29 02:04:49.485,2.0891,2.09015,2.40,7.60
2008.02.29 02:04:49.633,2.0891,2.09005,2.40,6.00
2008.02.29 02:04:51.945,2.0891,2.09015,2.40,7.60
2008.02.29 02:04:53.880,2.0891,2.09005,2.40,2.40
2008.02.29 02:04:53.946,2.0889,2.08995,2.40,7.60
2008.02.29 02:04:53.996,2.0889,2.08995,2.40,7.60
2008.02.29 02:04:54.063,2.0889,2.08995,2.40,7.60
2008.02.29 02:04:54.146,2.0889,2.08995,2.40,7.60
2008.02.29 02:04:54.264,2.0889,2.08995,2.40,7.60
2008.02.29 02:04:54.374,2.0889,2.08995,2.40,7.60
2008.02.29 02:04:57.389,2.0889,2.08995,2.40,7.60
2008.02.29 02:04:57.452,2.08895,2.08995,2.40,7.60
2008.02.29 02:04:57.501,2.08895,2.08995,2.40,7.60
2008.02.29 02:05:00.129,2.08895,2.08995,2.40,7.60
2008.02.29 02:05:00.289,2.08885,2.0899,2.40,1.60
2008.02.29 02:05:00.355,2.08885,2.0899,2.40,1.60
2008.02.29 02:05:00.409,2.08885,2.0899,2.40,1.60
2008.02.29 02:05:00.469,2.08885,2.0899,2.40,1.60
2008.02.29 02:05:00.645,2.08885,2.0899,2.40,1.60
2008.02.29 02:05:00.758,2.08885,2.0899,2.40,1.60
2008.02.29 02:05:00.863,2.08885,2.09005,2.40,13.20
2008.02.29 02:05:02.401,2.08885,2.09005,2.40,13.20
2008.02.29 02:05:02.481,2.08885,2.0899,2.40,1.60
2008.02.29 02:05:02.681,2.08885,2.0899,2.40,1.60
2008.02.29 02:05:02.871,2.08885,2.0899,2.40,1.60
2008.02.29 02:05:03.071,2.0888,2.08985,2.40,1.60
2008.02.29 02:05:03.273,2.0888,2.08985,2.40,1.60
2008.02.29 02:05:03.460,2.0888,2.08985,2.40,1.60
2008.02.29 02:05:03.816,2.0888,2.08985,2.40,1.60
2008.02.29 02:05:04.161,2.0888,2.08985,2.40,1.60
2008.02.29 02:05:04.508,2.0888,2.08985,2.40,1.60
2008.02.29 02:05:04.715,2.0888,2.08985,2.40,1.60
2008.02.29 02:05:04.930,2.0888,2.08985,2.40,1.60
2008.02.29 02:05:06.540,2.0888,2.08985,2.40,1.60
2008.02.29 02:05:08.379,2.0888,2.08985,2.40,1.60
2008.02.29 02:05:08.584,2.08885,2.0899,2.40,1.60
2008.02.29 02:05:08.679,2.08885,2.0899,2.40,1.60
2008.02.29 02:05:10.370,2.08885,2.0899,2.40,1.60
2008.02.29 02:05:10.519,2.08885,2.0899,2.40,1.60
2008.02.29 02:05:10.670,2.08885,2.0899,2.40,1.60
2008.02.29 02:05:10.820,2.08885,2.0899,2.40,1.60
2008.02.29 02:05:10.952,2.08885,2.0899,2.40,1.60
2008.02.29 02:05:12.126,2.08885,2.0899,2.40,1.60
2008.02.29 02:05:12.309,2.08885,2.0899,2.40,1.60
2008.02.29 02:05:12.510,2.08885,2.0899,2.40,1.60
2008.02.29 02:05:12.728,2.08885,2.0899,2.40,1.60
2008.02.29 02:05:12.928,2.08885,2.0899,2.40,1.60
2008.02.29 02:05:13.138,2.08885,2.0899,2.40,1.60
2008.02.29 02:05:13.484,2.08885,2.0899,2.40,1.60
2008.02.29 02:05:13.843,2.08885,2.0899,2.40,1.60
2008.02.29 02:05:14.200,2.08885,2.0899,2.40,1.60
2008.02.29 02:05:14.427,2.08885,2.0899,2.40,1.60
2008.02.29 02:05:14.641,2.0888,2.08985,2.40,1.60
2008.02.29 02:05:14.852,2.0888,2.08985,2.40,1.60
2008.02.29 02:05:15.067,2.0888,2.08985,2.40,1.60
2008.02.29 02:05:15.293,2.0888,2.08985,2.40,1.60
2008.02.29 02:05:15.651,2.0888,2.08985,2.40,1.60
2008.02.29 02:05:16.012,2.08885,2.0899,2.40,1.60
2008.02.29 02:05:16.343,2.08885,2.0899,2.40,1.60
2008.02.29 02:05:16.599,2.08885,2.0899,2.40,1.60
2008.02.29 02:05:16.837,2.08885,2.0899,2.40,1.60
2008.02.29 02:05:17.113,2.08885,2.0899,2.40,1.60
2008.02.29 02:05:17.367,2.08885,2.0899,2.40,1.60
2008.02.29 02:05:17.671,2.08885,2.0899,2.40,1.60
2008.02.29 02:05:17.959,2.08885,2.0899,2.40,1.60
2008.02.29 02:05:18.254,2.0888,2.08985,2.40,1.60
2008.02.29 02:05:18.552,2.0888,2.08985,2.40,1.60
2008.02.29 02:05:18.843,2.0888,2.08985,2.40,1.60
2008.02.29 02:05:19.131,2.0888,2.08985,2.40,1.60
2008.02.29 02:05:20.465,2.08885,2.0899,2.40,1.60
2008.02.29 02:05:20.642,2.08885,2.0899,2.40,1.60
2008.02.29 02:05:20.768,2.08885,2.0899,2.40,1.60
2008.02.29 02:05:20.894,2.08885,2.0899,2.40,1.60
2008.02.29 02:05:21.029,2.08885,2.0899,2.40,1.60
2008.02.29 02:05:22.654,2.08885,2.0899,2.40,1.60
2008.02.29 02:05:24.452,2.08885,2.0899,2.40,1.60
2008.02.29 02:05:24.540,2.08885,2.0899,2.40,1.60
2008.02.29 02:05:24.746,2.08885,2.0899,2.40,1.60
2008.02.29 02:05:26.353,2.08885,2.0899,2.40,1.60
2008.02.29 02:05:26.466,2.08885,2.0899,2.40,1.60
2008.02.29 02:05:26.642,2.08885,2.0899,2.40,1.60
2008.02.29 02:05:26.771,2.08885,2.0899,2.40,1.60
2008.02.29 02:05:50.871,2.08885,2.0899,2.40,1.60
2008.02.29 02:05:50.951,2.08885,2.0899,2.40,1.60
2008.02.29 02:05:51.202,2.08885,2.0899,2.40,1.60
2008.02.29 02:05:51.466,2.08885,2.0899,2.40,1.60
2008.02.29 02:05:51.768,2.0888,2.08985,2.40,1.60
2008.02.29 02:05:52.068,2.0888,2.08985,2.40,1.60
2008.02.29 02:05:52.380,2.0888,2.08985,2.40,1.60
2008.02.29 02:05:52.687,2.0888,2.08985,2.40,1.60
2008.02.29 02:05:52.935,2.0888,2.08985,2.40,1.60
2008.02.29 02:05:53.171,2.0888,2.08985,2.40,1.60
2008.02.29 02:05:53.408,2.0888,2.08985,2.40,1.60
2008.02.29 02:05:53.656,2.0888,2.08985,2.40,1.60
2008.02.29 02:05:53.954,2.0888,2.08985,2.40,1.60
2008.02.29 02:05:54.252,2.0888,2.08985,2.40,1.60
2008.02.29 02:05:54.540,2.0888,2.08985,2.40,1.60
2008.02.29 02:05:54.833,2.0888,2.08985,2.40,1.60
2008.02.29 02:05:55.133,2.08885,2.0899,2.40,1.60
2008.02.29 02:05:55.433,2.08885,2.0899,2.40,1.60
2008.02.29 02:05:55.725,2.08885,2.0899,2.40,1.60
2008.02.29 02:05:55.971,2.08885,2.0899,2.40,1.60
2008.02.29 02:05:56.223,2.08885,2.0899,2.40,1.60
2008.02.29 02:05:56.467,2.08885,2.0899,2.40,1.60
2008.02.29 02:05:56.720,2.08885,2.0899,2.40,1.60
2008.02.29 02:05:57.002,2.08885,2.0899,2.40,1.60
2008.02.29 02:05:57.293,2.08885,2.0899,2.40,1.60
2008.02.29 02:05:57.582,2.08885,2.0899,2.40,1.60
2008.02.29 02:05:57.852,2.08885,2.0899,2.40,1.60
2008.02.29 02:05:58.124,2.08885,2.0899,2.40,1.60
2008.02.29 02:05:58.396,2.08885,2.0899,2.40,1.60
2008.02.29 02:05:58.670,2.08885,2.0899,2.40,1.60
2008.02.29 02:05:58.941,2.0889,2.08995,2.40,1.60
2008.02.29 02:05:59.218,2.0889,2.08995,2.40,1.60
2008.02.29 02:06:01.405,2.08895,2.08995,2.40,1.60
2008.02.29 02:06:01.553,2.08895,2.09,2.40,1.60
2008.02.29 02:06:01.675,2.08895,2.09,2.40,1.60
2008.02.29 02:06:01.794,2.08895,2.09,2.40,1.60
2008.02.29 02:06:01.978,2.08895,2.09,2.40,1.60
2008.02.29 02:06:02.125,2.08895,2.09,2.40,1.60
2008.02.29 02:06:02.246,2.08895,2.09,2.40,1.60
2008.02.29 02:06:03.721,2.08895,2.09,2.40,1.60
2008.02.29 02:06:05.820,2.08895,2.09,2.40,1.60
2008.02.29 02:06:05.990,2.08885,2.0899,2.40,1.60
2008.02.29 02:06:06.127,2.08885,2.0899,2.40,1.60
2008.02.29 02:06:06.336,2.08885,2.0899,2.40,1.60
2008.02.29 02:06:06.465,2.08885,2.0899,2.40,1.60
2008.02.29 02:06:06.604,2.08885,2.0899,2.40,1.60
2008.02.29 02:06:06.742,2.08885,2.0899,2.40,1.60
2008.02.29 02:06:07.094,2.08885,2.0899,2.40,1.60
2008.02.29 02:06:07.445,2.08885,2.0899,2.40,1.60
2008.02.29 02:06:09.055,2.08885,2.0899,2.40,1.60
2008.02.29 02:06:09.159,2.08885,2.0899,2.40,1.60
2008.02.29 02:06:12.220,2.08885,2.0899,2.40,1.60
2008.02.29 02:06:13.635,2.08885,2.0899,2.40,1.60
2008.02.29 02:06:13.845,2.08885,2.0899,2.40,1.60
2008.02.29 02:06:13.877,2.08885,2.0899,2.40,1.60
2008.02.29 02:06:14.073,2.08885,2.0899,2.40,1.60
2008.02.29 02:06:14.139,2.08885,2.0899,2.40,1.60
2008.02.29 02:06:14.203,2.08885,2.0899,2.40,1.60
2008.02.29 02:06:14.225,2.08885,2.0899,2.40,1.60
2008.02.29 02:06:15.395,2.08885,2.0899,2.40,1.60
2008.02.29 02:06:15.633,2.08885,2.0899,2.40,1.60
2008.02.29 02:06:15.869,2.08885,2.0899,2.40,1.60
2008.02.29 02:06:16.087,2.08885,2.0899,2.40,1.60
2008.02.29 02:06:16.335,2.08885,2.0899,2.40,1.60
2008.02.29 02:06:16.585,2.08885,2.0899,2.40,1.60
2008.02.29 02:06:16.940,2.08885,2.0899,2.40,1.60
2008.02.29 02:06:17.291,2.08885,2.0899,2.40,1.60
2008.02.29 02:06:17.642,2.08885,2.0899,2.40,1.60
2008.02.29 02:06:17.873,2.08885,2.0899,2.40,1.60
2008.02.29 02:06:18.106,2.08885,2.0899,2.40,1.60
2008.02.29 02:06:18.348,2.08885,2.0899,2.40,1.60
2008.02.29 02:06:18.570,2.08885,2.0899,2.40,1.60
2008.02.29 02:06:18.902,2.08885,2.0899,2.40,1.60
2008.02.29 02:06:19.224,2.08885,2.0899,2.40,1.60
2008.02.29 02:06:19.542,2.08885,2.0899,2.40,1.60
2008.02.29 02:06:19.792,2.08885,2.0899,2.40,1.60
2008.02.29 02:06:20.026,2.08885,2.0899,2.40,1.60
2008.02.29 02:06:20.272,2.08885,2.0899,2.40,1.60
2008.02.29 02:06:20.508,2.08885,2.0899,2.40,1.60
2008.02.29 02:06:20.747,2.08885,2.0899,2.40,1.60
2008.02.29 02:06:21.048,2.08885,2.0899,2.40,1.60
2008.02.29 02:06:21.356,2.08885,2.0899,2.40,1.60
2008.02.29 02:06:21.672,2.08885,2.0899,2.40,1.60
2008.02.29 02:06:21.903,2.08885,2.0899,2.40,1.60
2008.02.29 02:06:22.134,2.08885,2.0899,2.40,1.60
2008.02.29 02:06:22.365,2.08885,2.0899,2.40,1.60
2008.02.29 02:06:22.597,2.08885,2.0899,2.40,1.60
2008.02.29 02:06:22.900,2.08885,2.0899,2.40,1.60
2008.02.29 02:06:23.190,2.08885,2.0899,2.40,1.60
2008.02.29 02:06:23.482,2.08885,2.0899,2.40,1.60
2008.02.29 02:06:23.768,2.08885,2.0899,2.40,1.60
2008.02.29 02:06:24.037,2.08885,2.0899,2.40,1.60
2008.02.29 02:06:24.295,2.08885,2.0899,2.40,1.60
2008.02.29 02:06:24.563,2.08885,2.0899,2.40,1.60
2008.02.29 02:06:24.835,2.08885,2.0899,2.40,1.60
2008.02.29 02:06:25.119,2.08885,2.0899,2.40,1.60
2008.02.29 02:06:25.386,2.08885,2.0899,2.40,1.60
2008.02.29 02:06:25.660,2.08885,2.0899,2.40,1.60
2008.02.29 02:06:25.917,2.08885,2.0899,2.40,1.60
2008.02.29 02:06:26.239,2.08865,2.0899,10.00,1.60
2008.02.29 02:06:26.564,2.08885,2.0899,2.40,1.60
2008.02.29 02:06:26.889,2.08885,2.0899,2.40,1.60
2008.02.29 02:06:27.140,2.08875,2.08975,2.40,1.60
2008.02.29 02:06:27.391,2.08875,2.08975,2.40,1.60
2008.02.29 02:06:27.645,2.08875,2.08975,2.40,1.60
2008.02.29 02:06:27.884,2.08875,2.08975,2.40,1.60
2008.02.29 02:06:28.179,2.08875,2.08975,2.40,1.60
2008.02.29 02:06:28.479,2.08875,2.08975,2.40,1.60
2008.02.29 02:06:28.759,2.08875,2.08975,2.40,1.60
2008.02.29 02:06:29.023,2.08875,2.08975,2.40,1.60
2008.02.29 02:06:29.296,2.08875,2.0898,2.40,1.60
2008.02.29 02:06:29.559,2.08875,2.0898,2.40,1.60
2008.02.29 02:06:29.834,2.08875,2.0898,2.40,1.60
2008.02.29 02:06:30.150,2.08875,2.0898,2.40,1.60
2008.02.29 02:06:30.473,2.08875,2.0898,2.40,1.60
2008.02.29 02:06:30.792,2.08875,2.0898,2.40,1.60
2008.02.29 02:06:32.829,2.08875,2.0898,2.40,1.60
2008.02.29 02:06:32.953,2.08875,2.0898,2.40,1.60
2008.02.29 02:06:33.621,2.08875,2.0898,2.40,1.60
2008.02.29 02:06:33.910,2.08875,2.0898,2.40,1.60
2008.02.29 02:06:34.197,2.08875,2.0898,2.40,1.60
2008.02.29 02:06:34.472,2.08875,2.0898,2.40,1.60
2008.02.29 02:06:34.751,2.08875,2.0898,2.40,1.60
2008.02.29 02:06:35.053,2.08875,2.0898,2.40,1.60
2008.02.29 02:06:35.349,2.08875,2.0898,2.40,1.60
2008.02.29 02:06:35.644,2.08875,2.0898,2.40,1.60
2008.02.29 02:06:35.938,2.08875,2.0898,2.40,1.60
2008.02.29 02:06:36.231,2.08875,2.0898,2.40,1.60
2008.02.29 02:06:36.518,2.08875,2.0898,2.40,1.60
2008.02.29 02:06:36.809,2.08875,2.0898,2.40,1.60
2008.02.29 02:06:38.874,2.08875,2.0898,2.40,1.60
2008.02.29 02:06:40.014,2.08875,2.08975,2.40,1.60
2008.02.29 02:06:40.141,2.08875,2.08975,2.40,1.60
2008.02.29 02:06:40.211,2.08875,2.08975,2.40,1.60
2008.02.29 02:06:41.094,2.08875,2.08975,2.40,1.60
2008.02.29 02:06:41.310,2.08875,2.08975,2.40,1.60
2008.02.29 02:06:41.542,2.08875,2.0898,2.40,1.60
2008.02.29 02:06:42.904,2.08875,2.0898,2.40,1.60
2008.02.29 02:06:43.072,2.08895,2.08995,2.40,1.60
2008.02.29 02:06:43.244,2.0889,2.08995,2.40,1.60
2008.02.29 02:06:43.471,2.0889,2.08995,2.40,1.60
2008.02.29 02:06:43.629,2.0889,2.08995,2.40,1.60
2008.02.29 02:06:44.843,2.0889,2.08995,2.40,7.60
2008.02.29 02:06:46.980,2.0889,2.08995,2.40,7.60
2008.02.29 02:06:48.523,2.08845,2.0895,12.40,1.60
2008.02.29 02:06:48.540,2.08855,2.08955,2.40,1.60
2008.02.29 02:06:48.600,2.08845,2.0895,2.40,1.60
2008.02.29 02:06:49.845,2.08845,2.0895,2.40,1.60
2008.02.29 02:06:49.970,2.08845,2.0895,2.40,1.60
2008.02.29 02:06:50.049,2.08845,2.0895,8.40,1.60
2008.02.29 02:06:50.172,2.08845,2.0895,8.40,1.60
2008.02.29 02:06:52.929,2.08845,2.0895,8.40,1.60
2008.02.29 02:06:52.986,2.08855,2.0896,2.40,1.60
2008.02.29 02:06:56.336,2.08855,2.0896,2.40,1.60
2008.02.29 02:06:56.503,2.0885,2.08955,2.40,1.60
2008.02.29 02:06:57.939,2.08835,2.0894,8.00,1.60
2008.02.29 02:06:58.051,2.08835,2.0894,8.00,1.60
2008.02.29 02:06:58.200,2.08835,2.0894,8.00,1.60
2008.02.29 02:06:59.663,2.08835,2.0894,8.00,1.60
2008.02.29 02:07:03.055,2.08835,2.0894,4.80,1.60
2008.02.29 02:07:03.274,2.0884,2.08945,2.40,1.60
2008.02.29 02:07:03.338,2.0884,2.08945,2.40,1.60
2008.02.29 02:07:05.084,2.0884,2.08945,2.40,1.60
2008.02.29 02:07:06.574,2.0884,2.08945,2.40,1.60
2008.02.29 02:07:06.591,2.0884,2.08945,2.40,1.60
2008.02.29 02:07:08.643,2.0884,2.08945,2.40,1.60
2008.02.29 02:07:08.793,2.0883,2.08935,2.40,1.60
2008.02.29 02:07:08.918,2.0883,2.08935,2.40,1.60
2008.02.29 02:07:10.492,2.0883,2.08935,2.40,1.60
2008.02.29 02:07:10.684,2.0883,2.08935,2.40,1.60
2008.02.29 02:07:10.822,2.08825,2.0893,4.80,1.60
2008.02.29 02:07:11.015,2.08825,2.0893,4.80,1.60
2008.02.29 02:07:11.152,2.08825,2.0893,4.80,1.60
2008.02.29 02:07:11.302,2.08825,2.0893,4.80,1.60
2008.02.29 02:07:11.439,2.08825,2.0893,10.80,1.60
2008.02.29 02:07:11.784,2.08835,2.0894,4.80,1.60
2008.02.29 02:07:12.130,2.08835,2.0894,4.80,1.60
2008.02.29 02:07:12.482,2.08835,2.0894,4.80,1.60
2008.02.29 02:07:12.708,2.08835,2.0894,4.80,1.60
2008.02.29 02:07:12.943,2.0884,2.08945,2.40,5.60
2008.02.29 02:07:13.176,2.0884,2.08945,2.40,1.60
2008.02.29 02:07:13.401,2.0884,2.08945,2.40,1.60
2008.02.29 02:07:13.632,2.0884,2.08945,2.40,1.60
2008.02.29 02:07:13.949,2.0884,2.08945,2.40,1.60
2008.02.29 02:07:14.248,2.0884,2.08945,2.40,1.60
2008.02.29 02:07:14.549,2.0884,2.08945,2.40,1.60
2008.02.29 02:07:14.856,2.0884,2.08945,2.40,1.60
2008.02.29 02:07:15.098,2.0884,2.08945,2.40,1.60
2008.02.29 02:07:15.355,2.08845,2.0894,2.40,1.60
2008.02.29 02:07:15.609,2.08845,2.0894,2.40,1.60
2008.02.29 02:07:15.915,2.08845,2.08945,2.40,1.60
2008.02.29 02:07:16.231,2.08845,2.08945,2.40,1.60
2008.02.29 02:07:16.537,2.08845,2.08945,2.40,1.60
2008.02.29 02:07:16.854,2.08845,2.08945,2.40,1.60
2008.02.29 02:07:17.090,2.08845,2.08945,2.40,1.60
2008.02.29 02:07:17.335,2.08845,2.08945,2.40,1.60
2008.02.29 02:07:17.578,2.08845,2.08945,2.40,1.60
2008.02.29 02:07:17.860,2.08845,2.08945,6.00,1.60
2008.02.29 02:07:18.150,2.08845,2.08945,6.00,1.60
2008.02.29 02:07:18.431,2.08845,2.08945,6.00,1.60
2008.02.29 02:07:18.712,2.08845,2.08945,6.00,1.60
2008.02.29 02:07:18.968,2.08845,2.08945,6.00,1.60
2008.02.29 02:07:19.225,2.08845,2.08945,6.00,1.60
2008.02.29 02:07:19.480,2.08845,2.08945,6.00,1.60
2008.02.29 02:07:19.744,2.08845,2.08945,6.00,1.60
2008.02.29 02:07:20.015,2.08845,2.08945,6.00,1.60
2008.02.29 02:07:20.282,2.08845,2.08945,6.00,1.60
2008.02.29 02:07:20.561,2.08845,2.08945,6.00,1.60
2008.02.29 02:07:20.828,2.08845,2.08945,6.00,1.60
2008.02.29 02:07:21.138,2.08845,2.08945,6.00,1.60
2008.02.29 02:07:21.439,2.08845,2.08945,6.00,1.60
2008.02.29 02:07:21.751,2.08845,2.08945,6.00,1.60
2008.02.29 02:07:21.994,2.08845,2.08945,6.00,1.60
2008.02.29 02:07:22.251,2.08845,2.08945,6.00,1.60
2008.02.29 02:07:22.495,2.08845,2.08945,6.00,1.60
2008.02.29 02:07:22.740,2.08845,2.08945,6.00,1.60
2008.02.29 02:07:23.025,2.08845,2.08945,6.00,1.60
2008.02.29 02:07:23.315,2.08845,2.08945,6.00,1.60
2008.02.29 02:07:23.606,2.08845,2.08945,6.00,1.60
2008.02.29 02:07:23.885,2.08845,2.08945,6.00,1.60
2008.02.29 02:07:24.159,2.08845,2.08945,6.00,1.60
2008.02.29 02:07:25.677,2.08845,2.08945,8.40,1.60
2008.02.29 02:07:25.966,2.0885,2.08955,2.40,1.60
2008.02.29 02:07:27.527,2.0885,2.08955,2.40,1.60
2008.02.29 02:07:30.795,2.0885,2.08955,2.40,1.60
2008.02.29 02:07:31.001,2.08855,2.0896,2.40,1.60
2008.02.29 02:07:31.157,2.08855,2.0896,2.40,1.60
2008.02.29 02:07:31.233,2.08855,2.0896,2.40,1.60
2008.02.29 02:07:31.311,2.08855,2.0896,2.40,1.60
2008.02.29 02:07:31.428,2.08855,2.0896,2.40,1.60
2008.02.29 02:07:31.529,2.08855,2.0896,2.40,1.60
2008.02.29 02:07:35.001,2.08855,2.0896,2.40,1.60
2008.02.29 02:07:35.058,2.08855,2.0896,2.40,1.60
2008.02.29 02:07:35.121,2.08855,2.0896,2.40,1.60
2008.02.29 02:07:35.258,2.08855,2.0896,2.40,1.60
2008.02.29 02:07:35.438,2.08855,2.0896,2.40,1.60
2008.02.29 02:07:35.587,2.08855,2.0896,2.40,1.60
2008.02.29 02:07:35.706,2.08855,2.0896,2.40,1.60
2008.02.29 02:07:40.154,2.08855,2.0896,2.40,1.60
2008.02.29 02:07:40.275,2.08855,2.08955,2.40,1.60
2008.02.29 02:07:40.389,2.08855,2.08955,2.40,1.60
2008.02.29 02:07:40.464,2.08855,2.08955,2.40,1.60
2008.02.29 02:07:40.506,2.08855,2.08955,2.40,1.60
2008.02.29 02:07:42.152,2.08855,2.08955,2.40,1.60
2008.02.29 02:07:42.305,2.08855,2.08955,2.40,1.60
2008.02.29 02:07:42.438,2.08855,2.08955,2.40,1.60
2008.02.29 02:07:42.581,2.08855,2.08955,2.40,1.60
2008.02.29 02:07:42.736,2.08855,2.08955,2.40,1.60
2008.02.29 02:07:42.885,2.08855,2.08955,2.40,1.60
2008.02.29 02:07:43.041,2.08855,2.08955,2.40,1.60
2008.02.29 02:07:43.193,2.08855,2.08955,2.40,1.60
2008.02.29 02:07:43.541,2.08855,2.08955,2.40,1.60
2008.02.29 02:07:43.894,2.08855,2.08955,2.40,1.60
2008.02.29 02:07:44.249,2.08855,2.08955,2.40,1.60
2008.02.29 02:07:44.497,2.08855,2.08955,2.40,1.60
2008.02.29 02:07:44.731,2.08855,2.08955,2.40,1.60
2008.02.29 02:07:44.964,2.08855,2.08955,2.40,1.60
2008.02.29 02:07:45.201,2.08855,2.08955,2.40,1.60
2008.02.29 02:07:45.531,2.08855,2.08955,2.40,1.60
2008.02.29 02:07:45.853,2.0885,2.08955,2.40,1.60
2008.02.29 02:07:46.175,2.0885,2.08955,2.40,1.60
2008.02.29 02:07:46.501,2.0885,2.08955,2.40,1.60
2008.02.29 02:07:46.768,2.0885,2.08955,2.40,1.60
2008.02.29 02:07:47.022,2.0885,2.08955,2.40,1.60
2008.02.29 02:07:47.291,2.0885,2.08955,2.40,1.60
2008.02.29 02:07:47.581,2.0885,2.08955,2.40,1.60
2008.02.29 02:07:47.847,2.0885,2.08955,2.40,1.60
2008.02.29 02:07:48.115,2.0885,2.08955,2.40,1.60
2008.02.29 02:07:48.393,2.08885,2.0897,2.40,1.60
2008.02.29 02:07:48.660,2.08885,2.0898,2.40,1.60
2008.02.29 02:07:48.926,2.08885,2.0898,2.40,1.60
2008.02.29 02:07:49.195,2.08885,2.0898,2.40,1.60
2008.02.29 02:07:49.480,2.08885,2.0898,2.40,1.60
2008.02.29 02:07:49.773,2.08885,2.0898,2.40,1.60
2008.02.29 02:07:50.054,2.08885,2.0898,2.40,1.60
2008.02.29 02:07:50.332,2.08885,2.0898,2.40,1.60
2008.02.29 02:07:50.609,2.08885,2.0898,2.40,1.60
2008.02.29 02:07:50.874,2.08885,2.0898,2.40,1.60
2008.02.29 02:07:51.141,2.08885,2.0898,2.40,1.60
2008.02.29 02:07:51.413,2.08885,2.0898,2.40,1.60
2008.02.29 02:07:51.675,2.08885,2.0898,2.40,1.60
2008.02.29 02:07:51.934,2.08885,2.0898,2.40,1.60
2008.02.29 02:07:52.181,2.08885,2.0898,2.40,1.60
2008.02.29 02:07:52.439,2.08885,2.0898,2.40,1.60
2008.02.29 02:07:52.703,2.08885,2.0898,2.40,1.60
2008.02.29 02:07:52.979,2.08885,2.0898,2.40,1.60
2008.02.29 02:07:53.268,2.08885,2.0898,2.40,1.60
2008.02.29 02:07:53.545,2.08885,2.0898,2.40,1.60
2008.02.29 02:07:53.803,2.08885,2.0898,2.40,1.60
2008.02.29 02:07:54.054,2.08885,2.0898,2.40,1.60
2008.02.29 02:07:54.299,2.08885,2.0898,2.40,1.60
2008.02.29 02:07:54.552,2.08885,2.0898,2.40,1.60
2008.02.29 02:07:54.845,2.08885,2.0898,2.40,1.60
2008.02.29 02:07:55.139,2.08885,2.0898,2.40,1.60
2008.02.29 02:07:55.419,2.08885,2.0898,2.40,1.60
2008.02.29 02:07:55.699,2.08885,2.0898,2.40,1.60
2008.02.29 02:07:55.997,2.08885,2.0898,2.40,1.60
2008.02.29 02:07:56.295,2.08885,2.0898,2.40,1.60
2008.02.29 02:07:56.602,2.08885,2.0898,2.40,1.60
2008.02.29 02:07:56.863,2.08885,2.0898,2.40,1.60
2008.02.29 02:07:57.138,2.08885,2.0898,2.40,1.60
2008.02.29 02:07:57.415,2.08885,2.0898,2.40,1.60
2008.02.29 02:07:59.073,2.08885,2.0898,2.40,1.60
2008.02.29 02:07:59.216,2.08885,2.0898,2.40,1.60
2008.02.29 02:07:59.409,2.08885,2.0898,2.40,1.60
2008.02.29 02:07:59.517,2.08885,2.0898,2.40,1.60
2008.02.29 02:07:59.640,2.08885,2.0898,2.40,1.60
2008.02.29 02:07:59.779,2.08885,2.0898,2.40,1.60
2008.02.29 02:08:01.121,2.08885,2.0898,2.40,1.60
2008.02.29 02:08:01.363,2.08885,2.0898,2.40,1.60
2008.02.29 02:08:02.647,2.08885,2.0898,2.40,1.60
2008.02.29 02:08:02.742,2.08885,2.0898,2.40,1.60
2008.02.29 02:08:04.213,2.08885,2.0898,2.40,1.60
2008.02.29 02:08:04.363,2.08885,2.0898,2.40,1.60
2008.02.29 02:08:04.550,2.08885,2.0898,2.40,1.60
2008.02.29 02:08:04.706,2.08885,2.0898,2.40,1.60
2008.02.29 02:08:04.738,2.08885,2.0898,2.40,1.60
2008.02.29 02:08:04.971,2.08885,2.0898,2.40,1.60
2008.02.29 02:08:05.084,2.08885,2.0898,2.40,1.60
2008.02.29 02:08:05.179,2.08885,2.0898,2.40,1.60
2008.02.29 02:08:05.300,2.08885,2.0898,2.40,1.60
2008.02.29 02:08:07.070,2.08885,2.0898,2.40,1.60
2008.02.29 02:08:07.137,2.08885,2.0898,2.40,1.60
2008.02.29 02:08:07.229,2.08885,2.0898,2.40,1.60
2008.02.29 02:08:07.709,2.08885,2.0898,2.40,1.60
2008.02.29 02:08:09.251,2.08885,2.0898,2.40,1.60
2008.02.29 02:08:09.265,2.08885,2.0898,2.40,1.60
2008.02.29 02:08:09.364,2.08885,2.0898,2.40,1.60
2008.02.29 02:08:09.459,2.08885,2.0898,2.40,1.60
2008.02.29 02:08:09.548,2.08885,2.0898,2.40,1.60
2008.02.29 02:08:09.738,2.08885,2.0898,2.40,1.60
2008.02.29 02:08:09.903,2.08885,2.0898,2.40,1.60
2008.02.29 02:08:09.990,2.08885,2.0898,2.40,1.60
2008.02.29 02:08:11.690,2.08885,2.0898,2.40,1.60
2008.02.29 02:08:11.938,2.08885,2.0898,2.40,1.60
2008.02.29 02:08:13.131,2.08885,2.0898,2.40,1.60
2008.02.29 02:08:13.303,2.08885,2.0898,2.40,1.60
2008.02.29 02:08:15.429,2.08885,2.0898,2.40,1.60
2008.02.29 02:08:15.523,2.08885,2.0898,2.40,1.60
2008.02.29 02:08:15.642,2.08885,2.0898,2.40,1.60
2008.02.29 02:08:17.352,2.08885,2.0898,2.40,1.60
2008.02.29 02:08:17.519,2.08885,2.0898,2.40,1.60
2008.02.29 02:08:19.238,2.08895,2.08995,2.40,3.20
2008.02.29 02:08:19.437,2.08915,2.08995,2.40,3.20
2008.02.29 02:08:19.560,2.08915,2.08995,2.40,3.20
2008.02.29 02:08:19.752,2.08915,2.08995,2.40,3.20
2008.02.29 02:08:19.873,2.0891,2.08995,2.40,3.20
2008.02.29 02:08:19.988,2.0891,2.08995,2.40,3.20
2008.02.29 02:08:20.124,2.08905,2.08995,2.40,3.20
2008.02.29 02:08:22.274,2.08905,2.08995,2.40,3.20
2008.02.29 02:08:22.426,2.08905,2.08995,2.40,3.20
2008.02.29 02:08:22.598,2.08905,2.08995,2.40,3.20
2008.02.29 02:08:22.786,2.08905,2.08995,2.40,3.20
2008.02.29 02:08:22.973,2.08905,2.08995,2.40,3.20
2008.02.29 02:08:23.151,2.08905,2.08995,2.40,3.20
2008.02.29 02:08:23.332,2.08905,2.08995,2.40,3.20
2008.02.29 02:08:23.691,2.08905,2.08995,2.40,3.20
2008.02.29 02:08:24.034,2.08905,2.08995,2.40,3.20
2008.02.29 02:08:24.391,2.08905,2.08995,2.40,3.20
2008.02.29 02:08:24.610,2.08905,2.08995,2.40,3.20
2008.02.29 02:08:24.820,2.08905,2.08995,2.40,3.20
2008.02.29 02:08:25.032,2.08905,2.08995,2.40,3.20
2008.02.29 02:08:25.235,2.08905,2.08995,2.40,3.20
2008.02.29 02:08:25.450,2.08905,2.08995,2.40,3.20
2008.02.29 02:08:25.811,2.08905,2.08995,2.40,3.20
2008.02.29 02:08:26.167,2.08905,2.08995,2.40,3.20
2008.02.29 02:08:26.515,2.08905,2.08995,2.40,3.20
2008.02.29 02:08:26.746,2.08905,2.08995,2.40,3.20
2008.02.29 02:08:26.958,2.08905,2.08995,2.40,3.20
2008.02.29 02:08:27.169,2.08905,2.08995,2.40,3.20
2008.02.29 02:08:27.391,2.08905,2.08995,2.40,3.20
2008.02.29 02:08:27.717,2.08905,2.08995,2.40,3.20
2008.02.29 02:08:28.043,2.08905,2.08995,2.40,3.20
2008.02.29 02:08:28.368,2.08905,2.08995,2.40,3.20
2008.02.29 02:08:28.707,2.08905,2.08995,2.40,3.20
2008.02.29 02:08:28.932,2.08905,2.08995,2.40,3.20
2008.02.29 02:08:29.174,2.08905,2.08995,2.40,3.20
2008.02.29 02:08:29.413,2.08905,2.08995,2.40,3.20
2008.02.29 02:08:29.704,2.08905,2.08995,2.40,3.20
2008.02.29 02:08:29.998,2.08905,2.08995,2.40,3.20
2008.02.29 02:08:30.298,2.08905,2.08975,2.40,3.20
2008.02.29 02:08:30.590,2.0889,2.08975,2.40,3.20
2008.02.29 02:08:30.881,2.0889,2.08975,2.40,3.20
2008.02.29 02:08:31.180,2.0889,2.08975,2.40,3.20
2008.02.29 02:08:31.469,2.0889,2.08975,2.40,3.20
2008.02.29 02:08:31.698,2.0889,2.08975,2.40,3.20
2008.02.29 02:08:31.939,2.0889,2.08975,2.40,3.20
2008.02.29 02:08:32.179,2.0889,2.08975,2.40,3.20
2008.02.29 02:08:33.670,2.0889,2.08975,2.40,3.20
2008.02.29 02:08:33.808,2.0889,2.08975,2.40,3.20
2008.02.29 02:08:34.047,2.0889,2.08975,2.40,3.20
2008.02.29 02:08:34.120,2.0889,2.08975,2.40,3.20
2008.02.29 02:08:34.284,2.0889,2.08975,2.40,3.20
2008.02.29 02:08:35.994,2.0889,2.08975,2.40,3.20
2008.02.29 02:08:38.615,2.0889,2.08975,2.40,3.20
2008.02.29 02:08:38.748,2.0889,2.08975,2.40,3.20
2008.02.29 02:08:38.840,2.0889,2.08975,2.40,3.20
2008.02.29 02:08:39.058,2.0889,2.08975,2.40,3.20
2008.02.29 02:08:41.176,2.0889,2.08975,2.40,3.20
2008.02.29 02:08:41.339,2.08895,2.08975,4.80,2.40
2008.02.29 02:08:41.481,2.089,2.08975,2.40,2.40
2008.02.29 02:08:41.617,2.089,2.08975,2.40,2.40
2008.02.29 02:08:42.735,2.0889,2.08975,2.40,3.20
2008.02.29 02:08:42.893,2.0889,2.08975,2.40,3.20
2008.02.29 02:08:43.051,2.0889,2.08975,2.40,3.20
2008.02.29 02:08:43.210,2.0889,2.08975,2.40,3.20
2008.02.29 02:08:45.406,2.0889,2.08975,2.40,3.20
2008.02.29 02:08:45.509,2.0889,2.08975,2.40,3.20
2008.02.29 02:08:45.691,2.0889,2.08975,2.40,3.20
2008.02.29 02:08:45.819,2.0889,2.08975,2.40,3.20
2008.02.29 02:08:45.947,2.0889,2.08975,2.40,3.20
2008.02.29 02:08:47.258,2.0889,2.08975,2.40,3.20
2008.02.29 02:08:47.441,2.0889,2.08975,2.40,3.20
2008.02.29 02:08:47.628,2.0889,2.08975,2.40,3.20
2008.02.29 02:08:47.854,2.0889,2.08975,2.40,3.20
2008.02.29 02:08:48.108,2.0889,2.08975,2.40,3.20
2008.02.29 02:08:48.316,2.0889,2.08975,2.40,3.20
2008.02.29 02:08:48.659,2.0889,2.08975,2.40,3.20
2008.02.29 02:08:49.004,2.0889,2.08975,2.40,3.20
2008.02.29 02:08:49.358,2.0889,2.08975,2.40,3.20
2008.02.29 02:08:49.581,2.0889,2.08975,2.40,3.20
2008.02.29 02:08:50.336,2.0889,2.08975,2.40,2.40
2008.02.29 02:08:50.592,2.08895,2.08975,4.80,2.40
2008.02.29 02:08:50.777,2.08895,2.08975,4.80,2.40
2008.02.29 02:08:52.227,2.08895,2.08975,4.80,2.40
2008.02.29 02:08:54.587,2.08895,2.08975,4.80,2.40
2008.02.29 02:08:55.302,2.08895,2.08975,4.80,2.40
2008.02.29 02:08:56.631,2.08895,2.08975,4.80,2.40
2008.02.29 02:08:57.394,2.08905,2.08995,2.40,2.40
2008.02.29 02:08:57.457,2.08905,2.08995,2.40,2.40
2008.02.29 02:08:57.581,2.08905,2.08995,2.40,2.40
2008.02.29 02:08:57.780,2.08905,2.08995,2.40,2.40
2008.02.29 02:08:57.988,2.08905,2.08995,2.40,2.40
2008.02.29 02:08:58.199,2.08905,2.08995,2.40,2.40
2008.02.29 02:08:58.403,2.08905,2.08995,2.40,2.40
2008.02.29 02:08:58.596,2.08905,2.08995,2.40,2.40
2008.02.29 02:08:58.936,2.08905,2.08995,2.40,2.40
2008.02.29 02:08:59.282,2.08905,2.08995,2.40,2.40
2008.02.29 02:08:59.620,2.08905,2.08995,2.40,2.40
2008.02.29 02:08:59.837,2.08905,2.08995,2.40,2.40
2008.02.29 02:09:00.079,2.08905,2.08995,2.40,2.40
2008.02.29 02:09:00.335,2.08905,2.08995,2.40,2.40
2008.02.29 02:09:00.571,2.08905,2.08995,2.40,2.40
2008.02.29 02:09:00.778,2.08905,2.08995,2.40,2.40
2008.02.29 02:09:01.134,2.08905,2.08995,2.40,2.40
2008.02.29 02:09:01.480,2.08905,2.08995,2.40,2.40
2008.02.29 02:09:01.819,2.08905,2.08995,2.40,2.40
2008.02.29 02:09:02.031,2.08905,2.08995,2.40,2.40
2008.02.29 02:09:02.249,2.08905,2.08995,2.40,2.40
2008.02.29 02:09:02.468,2.08905,2.08995,2.40,2.40
2008.02.29 02:09:02.695,2.08905,2.08995,2.40,2.40
2008.02.29 02:09:02.909,2.08905,2.08995,2.40,2.40
2008.02.29 02:09:03.224,2.08905,2.08995,2.40,2.40
2008.02.29 02:09:03.553,2.08905,2.08995,2.40,2.40
2008.02.29 02:09:03.872,2.08905,2.08995,2.40,2.40
2008.02.29 02:09:04.124,2.08905,2.08995,2.40,2.40
2008.02.29 02:09:04.380,2.08905,2.08995,2.40,2.40
2008.02.29 02:09:04.624,2.08905,2.08995,2.40,2.40
2008.02.29 02:09:04.865,2.08905,2.08995,2.40,2.40
2008.02.29 02:09:05.158,2.08905,2.08995,2.40,2.40
2008.02.29 02:09:05.455,2.08905,2.08995,2.40,2.40
2008.02.29 02:09:05.736,2.08905,2.08995,2.40,2.40
2008.02.29 02:09:06.018,2.08905,2.08995,2.40,2.40
2008.02.29 02:09:06.306,2.08905,2.08995,2.40,2.40
2008.02.29 02:09:06.583,2.08905,2.08995,2.40,2.40
2008.02.29 02:09:06.859,2.08905,2.08995,2.40,2.40
2008.02.29 02:09:07.154,2.08905,2.08995,2.40,2.40
2008.02.29 02:09:07.426,2.08905,2.08995,2.40,2.40
2008.02.29 02:09:07.681,2.08905,2.08995,2.40,2.40
2008.02.29 02:09:10.360,2.08905,2.08995,2.40,2.40
2008.02.29 02:09:10.508,2.08905,2.08995,2.40,2.40
2008.02.29 02:09:10.545,2.08905,2.08995,2.40,2.40
2008.02.29 02:09:10.613,2.08905,2.08995,2.40,2.40
2008.02.29 02:09:10.672,2.08905,2.08995,2.40,2.40
2008.02.29 02:09:10.724,2.08905,2.08995,2.40,2.40
2008.02.29 02:09:10.852,2.08905,2.08995,2.40,2.40
2008.02.29 02:09:10.936,2.08905,2.08995,2.40,2.40
2008.02.29 02:09:10.978,2.08905,2.08995,2.40,2.40
2008.02.29 02:09:11.121,2.08905,2.08995,2.40,2.40
2008.02.29 02:09:11.210,2.08905,2.08995,2.40,2.40
2008.02.29 02:09:11.285,2.08905,2.08995,2.40,2.40
2008.02.29 02:09:11.431,2.08905,2.08995,2.40,2.40
2008.02.29 02:09:11.825,2.08905,2.08995,2.40,2.40
2008.02.29 02:09:12.170,2.08905,2.08995,2.40,2.40
2008.02.29 02:09:12.518,2.08905,2.08995,2.40,2.40
2008.02.29 02:09:12.745,2.08905,2.08995,2.40,2.40
2008.02.29 02:09:12.972,2.08905,2.08995,2.40,2.40
2008.02.29 02:09:13.209,2.08905,2.08995,2.40,2.40
2008.02.29 02:09:13.448,2.08905,2.08995,2.40,2.40
2008.02.29 02:09:13.675,2.08905,2.08995,2.40,2.40
2008.02.29 02:09:13.995,2.08905,2.08995,2.40,2.40
2008.02.29 02:09:14.310,2.08905,2.08995,2.40,2.40
2008.02.29 02:09:14.627,2.08905,2.08995,2.40,2.40
2008.02.29 02:09:14.859,2.08905,2.08995,2.40,2.40
2008.02.29 02:09:15.100,2.08905,2.08995,2.40,2.40
2008.02.29 02:09:15.337,2.08905,2.08995,2.40,2.40
2008.02.29 02:09:15.582,2.08905,2.08995,2.40,2.40
2008.02.29 02:09:15.922,2.08905,2.08995,2.40,2.40
2008.02.29 02:09:16.286,2.08905,2.08995,2.40,2.40
2008.02.29 02:09:16.618,2.08905,2.08995,2.40,2.40
2008.02.29 02:09:16.845,2.08905,2.08995,2.40,2.40
2008.02.29 02:09:17.084,2.08905,2.08995,2.40,2.40
2008.02.29 02:09:17.314,2.08905,2.08995,2.40,2.40
2008.02.29 02:09:17.548,2.08905,2.08995,2.40,2.40
2008.02.29 02:09:17.849,2.08905,2.08995,2.40,2.40
2008.02.29 02:09:18.156,2.08905,2.08995,2.40,2.40
2008.02.29 02:09:21.397,2.08905,2.08995,2.40,2.40
2008.02.29 02:09:21.565,2.089,2.08995,2.40,2.40
2008.02.29 02:09:21.635,2.089,2.08995,2.40,2.40
2008.02.29 02:09:21.723,2.089,2.08995,2.40,2.40
2008.02.29 02:09:23.057,2.089,2.08995,2.40,2.40
2008.02.29 02:09:23.275,2.089,2.08995,2.40,2.40
2008.02.29 02:09:23.461,2.089,2.08995,2.40,2.40
2008.02.29 02:09:23.660,2.089,2.08995,2.40,2.40
2008.02.29 02:09:25.538,2.089,2.08995,2.40,2.40
2008.02.29 02:09:25.761,2.08905,2.08995,2.40,2.40
2008.02.29 02:09:25.920,2.08905,2.08995,2.40,2.40
2008.02.29 02:09:26.062,2.08905,2.08995,2.40,2.40
2008.02.29 02:09:26.262,2.089,2.08995,2.40,2.40
2008.02.29 02:09:29.299,2.089,2.08995,2.40,9.20
2008.02.29 02:09:29.505,2.08905,2.08995,2.40,9.20
2008.02.29 02:09:29.718,2.08905,2.08995,2.40,9.20
2008.02.29 02:09:29.807,2.08905,2.08995,2.40,9.20
2008.02.29 02:09:31.952,2.08905,2.08995,2.40,9.20
2008.02.29 02:09:33.234,2.08905,2.08995,2.40,3.20
2008.02.29 02:09:35.233,2.08905,2.08995,2.40,3.20
2008.02.29 02:09:35.418,2.08905,2.08995,2.40,9.20
2008.02.29 02:09:35.443,2.08905,2.08995,2.40,3.20
2008.02.29 02:09:35.527,2.08905,2.08995,2.40,3.20
2008.02.29 02:09:36.882,2.08905,2.08995,2.40,3.20
2008.02.29 02:09:36.999,2.08905,2.08995,2.40,3.20
2008.02.29 02:09:37.139,2.08905,2.08995,2.40,3.20
2008.02.29 02:09:37.267,2.08905,2.08995,2.40,3.20
2008.02.29 02:09:37.405,2.08905,2.08995,2.40,3.20
2008.02.29 02:09:37.544,2.08905,2.08995,2.40,3.20
2008.02.29 02:09:37.687,2.08905,2.08995,2.40,3.20
2008.02.29 02:09:37.842,2.08905,2.08995,2.40,3.20
2008.02.29 02:09:37.975,2.08905,2.08995,2.40,3.20
2008.02.29 02:09:39.871,2.08905,2.08995,2.40,3.20
2008.02.29 02:09:39.991,2.08905,2.08995,2.40,3.20
2008.02.29 02:09:43.978,2.08905,2.08995,2.40,3.20
2008.02.29 02:09:44.119,2.08905,2.08995,2.40,3.20
2008.02.29 02:09:44.229,2.08905,2.08995,2.40,3.20
2008.02.29 02:09:44.409,2.08905,2.08995,2.40,3.20
2008.02.29 02:09:44.619,2.08905,2.08995,2.40,3.20
2008.02.29 02:09:46.023,2.08905,2.08995,2.40,3.20
2008.02.29 02:09:46.188,2.08905,2.08995,2.40,3.20
2008.02.29 02:09:46.374,2.08905,2.08995,2.40,3.20
2008.02.29 02:09:46.553,2.08905,2.08995,2.40,3.20
2008.02.29 02:09:46.729,2.08905,2.08995,2.40,3.20
2008.02.29 02:09:46.905,2.08905,2.08995,2.40,3.20
2008.02.29 02:09:48.397,2.08905,2.08995,2.40,3.20
2008.02.29 02:09:48.577,2.08905,2.08995,2.40,3.20
2008.02.29 02:09:48.770,2.08905,2.08995,2.40,3.20
2008.02.29 02:09:48.959,2.08905,2.08995,2.40,3.20
2008.02.29 02:09:49.166,2.08905,2.08995,2.40,3.20
2008.02.29 02:09:49.390,2.08905,2.08995,2.40,3.20
2008.02.29 02:09:49.747,2.08905,2.08995,2.40,3.20
2008.02.29 02:09:50.120,2.08905,2.08995,2.40,3.20
2008.02.29 02:09:50.459,2.08905,2.08995,2.40,3.20
2008.02.29 02:09:50.811,2.08905,2.08995,2.40,3.20
2008.02.29 02:09:51.066,2.08905,2.08995,2.40,3.20
2008.02.29 02:09:51.316,2.08905,2.08995,2.40,3.20
2008.02.29 02:09:51.552,2.08905,2.08995,2.40,3.20
2008.02.29 02:09:51.873,2.08905,2.08995,2.40,3.20
2008.02.29 02:09:53.949,2.08905,2.08995,2.40,3.20
2008.02.29 02:09:54.034,2.08905,2.08995,2.40,3.20
2008.02.29 02:09:54.239,2.08905,2.08995,2.40,3.20
2008.02.29 02:09:54.357,2.08905,2.08995,2.40,3.20
2008.02.29 02:09:55.849,2.08905,2.08995,2.40,3.20
2008.02.29 02:09:55.926,2.08905,2.08995,2.40,3.20
2008.02.29 02:09:57.463,2.08905,2.08995,2.40,3.20
2008.02.29 02:09:57.594,2.08905,2.08995,2.40,3.20
2008.02.29 02:09:57.733,2.08905,2.08995,2.40,3.20
2008.02.29 02:09:57.946,2.08905,2.08995,2.40,3.20
2008.02.29 02:09:59.427,2.08905,2.08995,2.40,3.20
2008.02.29 02:09:59.535,2.08905,2.08995,2.40,3.20
2008.02.29 02:10:01.162,2.08905,2.08995,2.40,3.20
2008.02.29 02:10:08.227,2.08905,2.08995,2.40,3.20
2008.02.29 02:10:08.385,2.08905,2.08995,2.40,3.20
2008.02.29 02:10:09.682,2.08905,2.08995,2.40,3.20
2008.02.29 02:10:12.047,2.08905,2.08995,2.40,3.20
2008.02.29 02:10:12.112,2.089,2.08995,2.40,3.20
2008.02.29 02:10:12.157,2.089,2.08995,2.40,3.20
2008.02.29 02:10:12.842,2.089,2.08995,2.40,3.20
2008.02.29 02:10:13.192,2.089,2.08995,2.40,3.20
2008.02.29 02:10:15.020,2.089,2.08995,2.40,3.20
2008.02.29 02:10:15.086,2.089,2.08995,2.40,3.20
2008.02.29 02:10:16.506,2.089,2.08995,2.40,3.20
2008.02.29 02:10:18.917,2.089,2.08995,2.40,3.20
2008.02.29 02:10:18.967,2.089,2.08995,2.40,3.40
2008.02.29 02:10:19.060,2.089,2.08995,2.40,3.40
2008.02.29 02:10:19.130,2.089,2.08995,2.40,3.40
2008.02.29 02:10:19.252,2.089,2.08995,2.40,3.40
2008.02.29 02:10:22.557,2.089,2.08995,2.40,3.40
2008.02.29 02:10:22.722,2.08895,2.08975,2.40,0.30
2008.02.29 02:10:22.793,2.08895,2.08975,2.40,0.30
2008.02.29 02:10:22.863,2.08895,2.08975,2.40,0.30
2008.02.29 02:10:24.026,2.08895,2.08975,2.40,0.30
2008.02.29 02:10:25.657,2.08875,2.0895,2.40,1.60
2008.02.29 02:10:26.973,2.08875,2.0898,4.80,1.90
2008.02.29 02:10:27.109,2.08875,2.0898,4.80,1.90
2008.02.29 02:10:27.189,2.08875,2.0898,4.80,1.90
2008.02.29 02:10:27.223,2.08875,2.0898,4.80,1.90
2008.02.29 02:10:27.420,2.08875,2.0898,4.80,1.90
2008.02.29 02:10:27.498,2.08875,2.0898,4.80,1.90
2008.02.29 02:10:27.685,2.08875,2.0898,4.80,1.90
2008.02.29 02:10:27.735,2.08875,2.0898,4.80,1.90
2008.02.29 02:10:27.839,2.08875,2.0898,4.80,1.90
2008.02.29 02:10:27.901,2.08875,2.0898,4.80,1.90
2008.02.29 02:10:27.977,2.08875,2.0898,4.80,1.90
2008.02.29 02:10:28.328,2.08875,2.0898,4.80,1.90
2008.02.29 02:10:28.682,2.08875,2.0898,4.80,1.90
2008.02.29 02:10:29.035,2.08875,2.0898,4.80,1.90
2008.02.29 02:10:29.274,2.08875,2.0898,4.80,1.90
2008.02.29 02:10:29.504,2.08875,2.0898,4.80,1.90
2008.02.29 02:10:29.737,2.08875,2.0898,4.80,1.90
2008.02.29 02:10:29.993,2.08875,2.0898,4.80,1.90
2008.02.29 02:10:30.243,2.08875,2.0898,4.80,1.90
2008.02.29 02:10:30.538,2.08875,2.0898,4.80,1.90
2008.02.29 02:10:30.845,2.08875,2.0898,4.80,1.90
2008.02.29 02:10:31.148,2.08875,2.0898,4.80,1.90
2008.02.29 02:10:31.422,2.08875,2.0898,4.80,1.90
2008.02.29 02:10:31.699,2.08875,2.0898,4.80,1.90
2008.02.29 02:10:31.974,2.08875,2.0898,4.80,1.90
2008.02.29 02:10:32.251,2.08875,2.0898,4.80,1.90
2008.02.29 02:10:32.528,2.08875,2.0898,4.80,1.90
2008.02.29 02:10:32.801,2.08875,2.0898,4.80,1.90
2008.02.29 02:10:33.076,2.08875,2.0898,4.80,1.90
2008.02.29 02:10:33.357,2.08875,2.0898,4.80,1.90
2008.02.29 02:10:33.630,2.08875,2.0898,4.80,1.90
2008.02.29 02:10:33.882,2.08875,2.0898,4.80,1.90
2008.02.29 02:10:34.144,2.08875,2.0898,4.80,1.90
2008.02.29 02:10:34.416,2.08875,2.0898,4.80,1.90
2008.02.29 02:10:34.676,2.08875,2.0898,4.80,1.90
2008.02.29 02:10:34.921,2.08875,2.0898,4.80,1.90
2008.02.29 02:10:35.177,2.08875,2.0898,4.80,1.90
2008.02.29 02:10:35.466,2.08875,2.0898,4.80,1.90
2008.02.29 02:10:35.766,2.08875,2.0898,4.80,1.90
2008.02.29 02:10:36.054,2.08875,2.0898,4.80,1.90
2008.02.29 02:10:36.341,2.08875,2.0898,4.80,1.90
2008.02.29 02:10:36.638,2.08875,2.0898,4.80,1.90
2008.02.29 02:10:36.938,2.08875,2.0898,4.80,1.90
2008.02.29 02:10:37.228,2.08875,2.0898,4.80,1.90
2008.02.29 02:10:37.483,2.08875,2.0898,4.80,1.90
2008.02.29 02:10:37.732,2.08875,2.0898,4.80,1.90
2008.02.29 02:10:37.995,2.08875,2.0898,4.80,1.60
2008.02.29 02:10:38.244,2.08875,2.0898,4.80,1.60
2008.02.29 02:10:38.517,2.08875,2.0898,4.80,1.60
2008.02.29 02:10:38.796,2.08875,2.0898,4.80,1.60
2008.02.29 02:10:39.067,2.08875,2.0898,4.80,1.60
2008.02.29 02:10:39.344,2.08875,2.0898,4.80,1.60
2008.02.29 02:10:39.593,2.08875,2.0898,4.80,1.60
2008.02.29 02:10:39.868,2.08875,2.0898,4.80,1.60
2008.02.29 02:10:40.124,2.08875,2.0898,4.80,1.60
2008.02.29 02:10:40.389,2.08875,2.0898,4.80,1.60
2008.02.29 02:10:40.719,2.08875,2.0898,4.80,1.60
2008.02.29 02:10:41.037,2.08875,2.0898,4.80,1.60
2008.02.29 02:10:41.365,2.08875,2.0898,4.80,1.60
2008.02.29 02:10:41.604,2.08875,2.0898,4.80,1.60
2008.02.29 02:10:41.869,2.08875,2.0898,4.80,1.60
2008.02.29 02:10:42.115,2.08875,2.0898,4.80,1.60
2008.02.29 02:10:43.887,2.08875,2.0898,4.80,1.60
2008.02.29 02:10:43.919,2.08875,2.0898,4.80,1.60
2008.02.29 02:10:43.937,2.08875,2.0898,4.80,1.60
2008.02.29 02:10:45.242,2.08875,2.0898,4.80,1.60
2008.02.29 02:10:45.379,2.08875,2.0898,4.80,1.60
2008.02.29 02:10:45.666,2.08875,2.0898,4.80,1.60
2008.02.29 02:10:45.724,2.08875,2.0898,4.80,1.60
2008.02.29 02:10:49.109,2.08875,2.0898,4.80,1.60
2008.02.29 02:10:49.181,2.08875,2.0898,4.80,1.60
2008.02.29 02:10:49.266,2.08875,2.0898,4.80,1.60
2008.02.29 02:10:49.454,2.08875,2.0898,4.80,1.60
2008.02.29 02:11:17.744,2.08875,2.0898,4.80,1.60
2008.02.29 02:11:17.821,2.0888,2.08985,2.40,4.80
2008.02.29 02:11:19.253,2.0888,2.08985,2.40,4.80
2008.02.29 02:11:22.551,2.0888,2.08985,2.40,4.80
2008.02.29 02:11:22.585,2.0888,2.08985,2.40,4.80
2008.02.29 02:11:22.633,2.0888,2.08985,2.40,4.80
2008.02.29 02:11:22.696,2.0888,2.08985,2.40,4.80
2008.02.29 02:11:22.746,2.0888,2.08985,2.40,4.80
2008.02.29 02:11:22.830,2.0888,2.08985,2.40,4.80
2008.02.29 02:11:22.961,2.0888,2.08985,2.40,4.80
2008.02.29 02:11:22.994,2.0888,2.08985,2.40,4.80
2008.02.29 02:11:23.130,2.0888,2.08985,2.40,4.80
2008.02.29 02:11:23.170,2.0888,2.08985,2.40,4.80
2008.02.29 02:11:23.253,2.0888,2.08985,2.40,4.80
2008.02.29 02:11:24.054,2.0888,2.08985,2.40,4.80
2008.02.29 02:11:25.163,2.0888,2.08985,2.40,4.80
2008.02.29 02:11:27.196,2.0888,2.08985,2.40,4.80
2008.02.29 02:11:27.257,2.0888,2.08985,2.40,4.80
2008.02.29 02:11:27.327,2.0888,2.08985,2.40,4.80
2008.02.29 02:11:28.723,2.0888,2.08985,2.40,4.80
2008.02.29 02:11:28.846,2.0888,2.08985,2.40,4.80
2008.02.29 02:11:28.964,2.0888,2.08985,2.40,4.80
2008.02.29 02:11:30.859,2.0888,2.08985,2.40,4.80
2008.02.29 02:11:30.981,2.0888,2.08985,2.40,4.80
2008.02.29 02:11:31.155,2.0888,2.08985,2.40,4.80
2008.02.29 02:11:31.297,2.0888,2.08985,2.40,4.80
2008.02.29 02:11:31.392,2.0888,2.08985,2.40,4.80
2008.02.29 02:11:31.499,2.0888,2.08985,2.40,4.80
2008.02.29 02:11:31.668,2.0888,2.08985,2.40,4.80
2008.02.29 02:11:31.797,2.0888,2.08985,2.40,4.80
2008.02.29 02:11:31.910,2.0888,2.08985,2.40,4.80
2008.02.29 02:11:33.421,2.0888,2.08985,2.40,4.80
2008.02.29 02:11:33.602,2.0888,2.08985,2.40,4.80
2008.02.29 02:11:35.044,2.0888,2.08985,2.40,4.80
2008.02.29 02:11:35.060,2.0888,2.08985,2.40,4.80
2008.02.29 02:11:35.179,2.0888,2.08985,2.40,4.80
2008.02.29 02:11:36.669,2.0888,2.08985,2.40,4.80
2008.02.29 02:11:38.363,2.0888,2.08985,2.40,4.80
2008.02.29 02:11:38.421,2.0888,2.08985,2.40,4.80
2008.02.29 02:11:39.826,2.0888,2.08985,2.40,4.80
2008.02.29 02:11:39.996,2.0888,2.08985,2.40,4.80
2008.02.29 02:11:40.084,2.0888,2.08985,2.40,4.80
2008.02.29 02:11:40.156,2.0888,2.08985,2.40,4.80
2008.02.29 02:11:41.992,2.0888,2.08985,2.40,4.80
2008.02.29 02:11:42.133,2.0888,2.08985,2.40,4.80
2008.02.29 02:11:42.251,2.0888,2.08985,2.40,4.80
2008.02.29 02:11:42.366,2.0888,2.08985,2.40,4.80
2008.02.29 02:11:42.501,2.0888,2.08985,2.40,4.80
2008.02.29 02:11:44.954,2.08885,2.08985,4.80,2.40
2008.02.29 02:11:45.106,2.08885,2.08985,4.80,2.40
2008.02.29 02:11:48.021,2.08885,2.08985,4.80,2.40
2008.02.29 02:11:48.099,2.0888,2.08985,2.40,4.80
2008.02.29 02:11:48.260,2.0888,2.08985,2.40,4.80
2008.02.29 02:11:48.279,2.0888,2.08985,2.40,4.80
2008.02.29 02:11:48.354,2.0888,2.08985,2.40,4.80
2008.02.29 02:11:48.387,2.08885,2.08985,4.80,2.40
2008.02.29 02:11:48.486,2.0888,2.08985,2.40,4.80
2008.02.29 02:11:49.572,2.0888,2.08985,2.40,4.80
2008.02.29 02:11:49.700,2.08885,2.08985,2.40,4.80
2008.02.29 02:11:49.845,2.08885,2.08985,5.60,4.00
2008.02.29 02:11:51.248,2.08885,2.08985,5.60,4.00
2008.02.29 02:11:51.384,2.08885,2.08985,5.60,4.00
2008.02.29 02:11:51.498,2.08885,2.08985,5.60,4.00
2008.02.29 02:11:51.659,2.08885,2.08985,5.60,4.00
2008.02.29 02:11:51.788,2.08885,2.08985,5.60,4.00
2008.02.29 02:11:51.901,2.08885,2.08985,5.60,4.00
2008.02.29 02:11:52.057,2.08885,2.08985,5.60,4.00
2008.02.29 02:11:53.012,2.08885,2.08985,5.60,4.00
2008.02.29 02:11:55.402,2.08885,2.08985,5.60,4.00
2008.02.29 02:11:55.459,2.08885,2.08985,5.60,4.00
2008.02.29 02:11:55.507,2.08885,2.08985,5.60,4.00
2008.02.29 02:11:55.541,2.08895,2.08985,4.80,4.00
2008.02.29 02:11:57.369,2.08895,2.08985,4.80,4.00
2008.02.29 02:11:58.796,2.08895,2.08985,0.80,2.40
2008.02.29 02:11:58.912,2.08885,2.08985,5.60,4.00
2008.02.29 02:11:59.026,2.08885,2.08985,5.60,4.00
2008.02.29 02:12:00.552,2.08885,2.08985,5.60,4.00
2008.02.29 02:12:00.662,2.08885,2.08985,5.60,4.00
2008.02.29 02:12:00.793,2.08885,2.08985,5.60,4.00
2008.02.29 02:12:00.907,2.08885,2.08985,5.60,4.00
2008.02.29 02:12:01.063,2.08885,2.08985,5.60,4.00
2008.02.29 02:12:01.209,2.08885,2.08985,5.60,4.00
2008.02.29 02:12:01.421,2.08885,2.08985,5.60,4.00
2008.02.29 02:12:02.310,2.08885,2.08985,5.60,4.00
2008.02.29 02:12:02.655,2.08885,2.08985,5.60,4.00
2008.02.29 02:12:04.183,2.08885,2.08985,5.60,4.00
2008.02.29 02:12:04.336,2.08885,2.08985,5.60,4.00
2008.02.29 02:12:05.899,2.08885,2.08985,5.60,4.00
2008.02.29 02:12:06.129,2.08885,2.08985,5.60,4.00
2008.02.29 02:12:06.260,2.08885,2.08985,5.60,4.00
2008.02.29 02:12:06.401,2.08885,2.08985,5.60,4.00
2008.02.29 02:12:06.534,2.08885,2.08985,5.60,4.00
2008.02.29 02:12:08.191,2.08885,2.08985,5.60,4.00
2008.02.29 02:12:08.372,2.08885,2.08985,5.60,4.00
2008.02.29 02:12:08.609,2.08885,2.08985,5.60,4.00
2008.02.29 02:12:08.802,2.08885,2.08985,5.60,4.00
2008.02.29 02:12:08.992,2.08885,2.08985,5.60,4.00
2008.02.29 02:12:09.171,2.08885,2.08985,5.60,4.00
2008.02.29 02:12:09.370,2.08885,2.08985,5.60,4.00
2008.02.29 02:12:09.725,2.08885,2.08985,5.60,4.00
2008.02.29 02:12:10.637,2.08885,2.08985,5.60,4.00
2008.02.29 02:12:10.753,2.08885,2.08985,5.60,4.00
2008.02.29 02:12:12.174,2.08885,2.08985,5.60,4.00
2008.02.29 02:12:12.807,2.08885,2.08985,5.60,4.00
2008.02.29 02:12:14.533,2.08885,2.08985,5.60,4.00
2008.02.29 02:12:14.542,2.08885,2.08985,5.60,4.00
2008.02.29 02:12:15.655,2.08885,2.08985,5.60,4.00
2008.02.29 02:12:17.626,2.08885,2.08985,4.80,4.00
2008.02.29 02:12:19.592,2.08885,2.08985,4.80,4.00
2008.02.29 02:12:19.718,2.08885,2.0898,4.80,1.60
2008.02.29 02:12:20.978,2.08885,2.0898,4.80,1.60
2008.02.29 02:12:24.120,2.08885,2.0898,4.80,1.60
2008.02.29 02:12:24.279,2.08885,2.08965,4.80,2.40
2008.02.29 02:12:24.424,2.08885,2.08965,4.80,2.40
2008.02.29 02:12:25.734,2.08885,2.08965,4.80,2.40
2008.02.29 02:12:25.777,2.08885,2.08965,4.80,2.40
2008.02.29 02:12:25.870,2.08885,2.08965,4.80,2.40
2008.02.29 02:12:26.058,2.08885,2.08965,4.80,2.40
2008.02.29 02:12:26.242,2.08885,2.08965,4.80,2.40
2008.02.29 02:12:26.328,2.08885,2.08965,4.80,2.40
2008.02.29 02:12:26.476,2.08885,2.08965,4.80,2.40
2008.02.29 02:12:26.621,2.08885,2.08965,4.80,2.40
2008.02.29 02:12:26.765,2.08885,2.08965,4.80,2.40
2008.02.29 02:12:27.129,2.08885,2.08965,4.80,2.40
2008.02.29 02:12:27.489,2.08885,2.08965,4.80,2.40
2008.02.29 02:12:27.843,2.08885,2.08965,4.80,2.40
2008.02.29 02:12:28.051,2.08885,2.08965,4.80,2.40
2008.02.29 02:12:28.286,2.08885,2.08965,4.80,2.40
2008.02.29 02:12:28.503,2.08885,2.08965,4.80,2.40
2008.02.29 02:12:28.720,2.08885,2.08965,4.80,2.40
2008.02.29 02:12:28.933,2.08885,2.08965,4.80,2.40
2008.02.29 02:12:29.274,2.08885,2.08965,4.80,2.40
2008.02.29 02:12:29.617,2.08885,2.08965,4.80,2.40
2008.02.29 02:12:29.964,2.08885,2.08965,4.80,2.40
2008.02.29 02:12:30.179,2.08885,2.08965,4.80,2.40
2008.02.29 02:12:30.446,2.08885,2.08965,4.80,2.40
2008.02.29 02:12:30.653,2.08885,2.08965,4.80,2.40
2008.02.29 02:12:30.859,2.08885,2.08965,4.80,2.40
2008.02.29 02:12:31.076,2.08885,2.08965,4.80,2.40
2008.02.29 02:12:31.413,2.08895,2.08965,2.40,2.40
2008.02.29 02:12:31.762,2.08895,2.08985,2.40,2.40
2008.02.29 02:12:32.127,2.08895,2.08985,2.40,2.40
2008.02.29 02:12:32.362,2.08895,2.08985,2.40,2.40
2008.02.29 02:12:32.585,2.08895,2.08985,2.40,2.40
2008.02.29 02:12:32.808,2.08895,2.08985,2.40,2.40
2008.02.29 02:12:33.030,2.08895,2.08985,2.40,2.40
2008.02.29 02:12:34.611,2.08895,2.08985,2.40,2.40
2008.02.29 02:12:34.866,2.08895,2.08985,2.40,2.40
2008.02.29 02:12:35.039,2.08895,2.08985,2.40,2.40
2008.02.29 02:12:35.133,2.08895,2.08985,2.40,2.40
2008.02.29 02:12:36.162,2.08895,2.08985,2.40,2.40
2008.02.29 02:12:36.216,2.08895,2.08985,2.40,2.40
2008.02.29 02:12:36.369,2.08895,2.08985,2.40,2.40
2008.02.29 02:12:36.572,2.08895,2.08985,2.40,2.40
2008.02.29 02:12:36.774,2.08895,2.08985,2.40,2.40
2008.02.29 02:12:36.975,2.08895,2.08985,2.40,2.40
2008.02.29 02:12:37.188,2.08895,2.08985,2.40,2.40
2008.02.29 02:12:37.543,2.08895,2.08985,2.40,2.40
2008.02.29 02:12:37.899,2.08895,2.08985,2.40,2.40
2008.02.29 02:12:38.243,2.08895,2.08985,2.40,2.40
2008.02.29 02:12:38.473,2.08895,2.08985,2.40,2.40
2008.02.29 02:12:38.707,2.08895,2.08985,2.40,2.40
2008.02.29 02:12:38.939,2.08895,2.08985,2.40,2.40
2008.02.29 02:12:39.156,2.08895,2.08985,2.40,2.40
2008.02.29 02:12:39.366,2.08895,2.08985,2.40,2.40
2008.02.29 02:12:39.672,2.08895,2.08985,2.40,2.40
2008.02.29 02:12:39.968,2.08895,2.08985,2.40,2.40
2008.02.29 02:12:40.285,2.08895,2.08985,2.40,2.40
2008.02.29 02:12:40.553,2.08895,2.08985,2.40,2.40
2008.02.29 02:12:40.803,2.08895,2.08985,2.40,2.40
2008.02.29 02:12:41.084,2.08895,2.08985,2.40,2.40
2008.02.29 02:12:41.343,2.08895,2.08985,2.40,2.40
2008.02.29 02:12:41.626,2.08895,2.08985,2.40,2.40
2008.02.29 02:12:41.920,2.08895,2.08985,2.40,2.40
2008.02.29 02:12:42.203,2.08895,2.08985,2.40,2.40
2008.02.29 02:12:42.490,2.08895,2.08985,2.40,2.40
2008.02.29 02:12:42.727,2.08895,2.08985,2.40,2.40
2008.02.29 02:12:42.976,2.08895,2.08985,2.40,2.40
2008.02.29 02:12:43.220,2.08895,2.08985,2.40,2.40
2008.02.29 02:12:43.473,2.08895,2.08985,2.40,2.40
2008.02.29 02:12:43.786,2.08895,2.08985,2.40,2.40
2008.02.29 02:12:44.072,2.08895,2.08985,2.40,2.40
2008.02.29 02:12:44.362,2.08895,2.08985,2.40,2.40
2008.02.29 02:12:44.624,2.08895,2.08985,2.40,2.40
2008.02.29 02:12:44.885,2.08895,2.08985,2.40,2.40
2008.02.29 02:12:45.133,2.08895,2.08985,2.40,2.40
2008.02.29 02:12:45.410,2.08895,2.08985,2.40,2.40
2008.02.29 02:12:45.678,2.08895,2.08985,2.40,2.40
2008.02.29 02:12:45.954,2.08895,2.08985,2.40,2.40
2008.02.29 02:12:46.222,2.08895,2.08985,2.40,2.40
2008.02.29 02:12:47.916,2.08895,2.08985,2.40,2.40
2008.02.29 02:12:48.052,2.08895,2.08985,2.40,2.40
2008.02.29 02:12:48.130,2.08895,2.08985,2.40,2.40
2008.02.29 02:12:48.221,2.08895,2.08985,2.40,2.40
2008.02.29 02:12:48.280,2.08895,2.08985,2.40,2.40
2008.02.29 02:12:48.445,2.08895,2.08985,2.40,2.40
2008.02.29 02:12:50.190,2.08895,2.08985,2.40,3.20
2008.02.29 02:12:50.372,2.08895,2.08985,2.40,3.20
2008.02.29 02:12:51.702,2.08895,2.08985,2.40,3.20
2008.02.29 02:12:51.773,2.08895,2.08985,2.40,3.20
2008.02.29 02:12:53.297,2.08895,2.08985,2.40,3.20
2008.02.29 02:12:53.380,2.08895,2.08985,2.40,3.20
2008.02.29 02:12:53.578,2.08895,2.08985,2.40,3.20
2008.02.29 02:12:53.622,2.08895,2.08985,2.40,3.20
2008.02.29 02:12:54.736,2.08895,2.08985,2.40,3.20
2008.02.29 02:12:55.001,2.08895,2.08985,2.40,3.20
2008.02.29 02:12:55.224,2.08895,2.08985,2.40,3.20
2008.02.29 02:12:55.363,2.08895,2.08985,2.40,3.20
2008.02.29 02:12:55.504,2.08895,2.08985,2.40,3.20
2008.02.29 02:12:55.661,2.08895,2.08985,2.40,3.20
2008.02.29 02:12:55.781,2.08895,2.08985,2.40,3.20
2008.02.29 02:12:56.142,2.08895,2.08985,2.40,3.20
2008.02.29 02:12:58.448,2.08895,2.08985,2.40,3.20
2008.02.29 02:12:58.599,2.08895,2.08985,2.40,3.20
2008.02.29 02:12:58.625,2.08895,2.08985,2.40,3.20
2008.02.29 02:13:00.151,2.08895,2.08985,2.40,3.20
2008.02.29 02:13:00.313,2.08895,2.08985,2.40,3.20
2008.02.29 02:13:00.480,2.08895,2.08985,2.40,3.20
2008.02.29 02:13:00.614,2.08895,2.08985,2.40,3.20
2008.02.29 02:13:02.205,2.08895,2.08985,2.40,3.20
2008.02.29 02:13:02.393,2.08895,2.08985,2.40,3.20
2008.02.29 02:13:02.562,2.08895,2.08985,2.40,3.20
2008.02.29 02:13:02.725,2.08895,2.08985,2.40,3.20
2008.02.29 02:13:02.905,2.08895,2.08985,2.40,3.20
2008.02.29 02:13:03.071,2.08895,2.08985,2.40,3.20
2008.02.29 02:13:03.233,2.08895,2.08985,2.40,3.20
2008.02.29 02:13:03.593,2.08895,2.08985,2.40,3.20
2008.02.29 02:13:03.945,2.08895,2.08985,2.40,3.20
2008.02.29 02:13:04.286,2.08895,2.08985,2.40,3.20
2008.02.29 02:13:04.499,2.08895,2.08985,2.40,3.20
2008.02.29 02:13:04.729,2.08895,2.08985,2.40,3.20
2008.02.29 02:13:04.967,2.08895,2.08985,2.40,3.20
2008.02.29 02:13:05.194,2.08895,2.08985,2.40,3.20
2008.02.29 02:13:05.497,2.08895,2.08985,2.40,3.20
2008.02.29 02:13:05.790,2.08895,2.08985,2.40,3.20
2008.02.29 02:13:06.093,2.08895,2.08985,2.40,3.20
2008.02.29 02:13:06.386,2.08895,2.08985,2.40,3.20
2008.02.29 02:13:08.604,2.08895,2.08985,2.40,3.20
2008.02.29 02:13:08.806,2.08895,2.08985,2.40,3.20
2008.02.29 02:13:08.933,2.08895,2.08985,2.40,3.20
2008.02.29 02:13:09.086,2.08895,2.08985,2.40,3.20
2008.02.29 02:13:09.221,2.08895,2.08985,2.40,3.20
2008.02.29 02:13:09.376,2.08895,2.08985,2.40,3.20
2008.02.29 02:13:09.536,2.08895,2.08985,2.40,3.20
2008.02.29 02:13:09.885,2.08895,2.08985,2.40,3.20
2008.02.29 02:13:10.227,2.08895,2.08985,2.40,3.20
2008.02.29 02:13:12.077,2.08895,2.08985,2.40,3.20
2008.02.29 02:13:12.190,2.08895,2.08985,2.40,3.20
2008.02.29 02:13:12.367,2.08895,2.08985,2.40,3.20
2008.02.29 02:13:12.582,2.08895,2.08985,2.40,3.20
2008.02.29 02:13:13.778,2.08895,2.08985,2.40,3.20
2008.02.29 02:13:14.054,2.08895,2.08985,2.40,3.20
2008.02.29 02:13:14.258,2.08895,2.08985,2.40,3.20
2008.02.29 02:13:14.472,2.08895,2.08985,2.40,3.20
2008.02.29 02:13:14.681,2.08895,2.08985,2.40,3.20
2008.02.29 02:13:14.891,2.08895,2.08985,2.40,3.20
2008.02.29 02:13:15.237,2.08895,2.08985,2.40,3.20
2008.02.29 02:13:15.586,2.08895,2.08985,2.40,3.20
2008.02.29 02:13:15.935,2.08895,2.08985,2.40,3.20
2008.02.29 02:13:16.206,2.08895,2.08985,2.40,3.20
2008.02.29 02:13:16.457,2.08895,2.08985,2.40,3.20
2008.02.29 02:13:16.707,2.08895,2.08985,2.40,3.20
2008.02.29 02:13:16.962,2.08895,2.08985,2.40,3.20
2008.02.29 02:13:17.218,2.08895,2.08985,2.40,3.20
2008.02.29 02:13:18.821,2.08895,2.08985,2.40,3.20
2008.02.29 02:13:19.050,2.08895,2.08985,2.40,3.20
2008.02.29 02:13:19.171,2.08895,2.08985,2.40,3.20
2008.02.29 02:13:19.306,2.08895,2.08985,2.40,3.20
2008.02.29 02:13:19.420,2.08895,2.08985,2.40,3.20
2008.02.29 02:13:19.536,2.08895,2.08985,2.40,3.20
2008.02.29 02:13:19.651,2.08895,2.08985,2.40,3.20
2008.02.29 02:13:21.175,2.08895,2.08985,2.40,3.20
2008.02.29 02:13:22.541,2.08895,2.08985,2.40,3.20
2008.02.29 02:13:24.141,2.08895,2.08985,2.40,3.20
2008.02.29 02:13:24.247,2.08895,2.08985,2.40,3.20
2008.02.29 02:13:24.357,2.08895,2.08985,2.40,3.20
2008.02.29 02:13:26.027,2.08895,2.08985,2.40,3.20
2008.02.29 02:13:27.961,2.08905,2.09005,2.40,9.20
2008.02.29 02:13:28.085,2.0891,2.09005,2.40,3.20
2008.02.29 02:13:28.188,2.0891,2.09005,2.40,3.20
2008.02.29 02:13:28.293,2.0891,2.09005,2.40,3.20
2008.02.29 02:13:28.438,2.0891,2.09005,2.40,3.20
2008.02.29 02:13:29.385,2.0891,2.09005,2.40,3.20
2008.02.29 02:13:29.594,2.0891,2.09005,2.40,3.20
2008.02.29 02:13:29.798,2.0891,2.09005,2.40,3.20
2008.02.29 02:13:29.992,2.0891,2.09005,2.40,3.20
2008.02.29 02:13:30.194,2.0891,2.09005,2.40,3.20
2008.02.29 02:13:30.386,2.0891,2.09005,2.40,3.20
2008.02.29 02:13:30.741,2.0891,2.09005,2.40,3.20
2008.02.29 02:13:31.086,2.0891,2.09005,2.40,3.20
2008.02.29 02:13:31.439,2.0891,2.09005,2.40,3.20
2008.02.29 02:13:31.687,2.0891,2.09005,2.40,3.20
2008.02.29 02:13:31.932,2.0891,2.09005,2.40,3.20
2008.02.29 02:13:32.187,2.0891,2.09005,2.40,3.20
2008.02.29 02:13:32.432,2.0891,2.09005,2.40,3.20
2008.02.29 02:13:32.705,2.0891,2.09005,2.40,3.20
2008.02.29 02:13:32.985,2.0891,2.09005,2.40,3.20
2008.02.29 02:13:33.256,2.0891,2.09005,2.40,3.20
2008.02.29 02:13:33.529,2.0891,2.09005,2.40,3.20
2008.02.29 02:13:33.778,2.0891,2.09005,2.40,3.20
2008.02.29 02:13:34.031,2.0891,2.09005,2.40,3.20
2008.02.29 02:13:34.293,2.0891,2.09005,2.40,3.20
2008.02.29 02:13:34.539,2.0891,2.09005,2.40,3.20
2008.02.29 02:13:34.819,2.0891,2.09005,2.40,3.20
2008.02.29 02:13:35.100,2.0891,2.09005,2.40,3.20
2008.02.29 02:13:35.381,2.0891,2.09005,2.40,3.20
2008.02.29 02:13:35.668,2.0891,2.09005,2.40,3.20
2008.02.29 02:13:35.927,2.0891,2.09005,2.40,3.20
2008.02.29 02:13:36.192,2.0891,2.09005,2.40,3.20
2008.02.29 02:13:36.464,2.0891,2.09005,2.40,3.20
2008.02.29 02:13:36.733,2.0891,2.09005,2.40,3.20
2008.02.29 02:13:37.061,2.0891,2.09005,2.40,3.20
2008.02.29 02:13:37.376,2.0891,2.09005,2.40,3.20
2008.02.29 02:13:37.701,2.0891,2.09005,2.40,3.20
2008.02.29 02:13:37.935,2.0891,2.09005,2.40,3.20
2008.02.29 02:13:38.192,2.0891,2.09005,2.40,3.20
2008.02.29 02:13:38.422,2.0891,2.09005,2.40,3.20
2008.02.29 02:13:38.638,2.0891,2.09005,2.40,3.20
2008.02.29 02:13:38.934,2.0891,2.09005,2.40,3.20
2008.02.29 02:13:39.240,2.0891,2.09005,2.40,3.20
2008.02.29 02:13:39.541,2.0891,2.09005,2.40,3.20
2008.02.29 02:13:39.854,2.0891,2.09005,2.40,3.20
2008.02.29 02:13:40.120,2.0891,2.09005,2.40,3.20
2008.02.29 02:13:40.360,2.0891,2.09005,2.40,3.20
2008.02.29 02:13:41.833,2.0891,2.09005,2.40,3.20
2008.02.29 02:13:41.969,2.0891,2.09005,2.40,3.20
2008.02.29 02:13:42.148,2.0891,2.09005,2.40,3.20
2008.02.29 02:13:42.273,2.0891,2.09005,2.40,3.20
2008.02.29 02:13:42.394,2.0891,2.09005,2.40,3.20
2008.02.29 02:13:42.552,2.0891,2.09005,2.40,3.20
2008.02.29 02:13:42.691,2.0891,2.09005,2.40,3.20
2008.02.29 02:13:43.049,2.0891,2.09005,2.40,3.20
2008.02.29 02:13:43.389,2.0891,2.09005,2.40,3.20
2008.02.29 02:13:43.729,2.0891,2.09005,2.40,3.20
2008.02.29 02:13:44.076,2.0891,2.09005,2.40,3.20
2008.02.29 02:13:44.297,2.0891,2.09005,2.40,3.20
2008.02.29 02:13:44.536,2.0891,2.09005,2.40,3.20
2008.02.29 02:13:44.750,2.0891,2.09005,2.40,3.20
2008.02.29 02:13:45.051,2.0891,2.09005,2.40,3.20
2008.02.29 02:13:45.354,2.0891,2.09005,2.40,3.20
2008.02.29 02:13:45.667,2.0891,2.09005,2.40,3.20
2008.02.29 02:13:45.981,2.0891,2.09005,2.40,3.20
2008.02.29 02:13:46.267,2.0891,2.09005,2.40,3.20
2008.02.29 02:13:46.537,2.0891,2.09005,2.40,3.20
2008.02.29 02:13:46.808,2.0891,2.09005,2.40,3.20
2008.02.29 02:13:47.046,2.0891,2.09005,2.40,3.20
2008.02.29 02:13:47.292,2.0891,2.09005,2.40,3.20
2008.02.29 02:13:47.522,2.0891,2.09005,2.40,3.20
2008.02.29 02:13:47.769,2.0891,2.09005,2.40,3.20
2008.02.29 02:13:48.017,2.0891,2.09005,2.40,3.20
2008.02.29 02:13:48.320,2.0891,2.09005,2.40,3.20
2008.02.29 02:13:48.607,2.0891,2.09005,2.40,3.20
2008.02.29 02:13:48.901,2.0891,2.09005,2.40,3.20
2008.02.29 02:13:49.140,2.0891,2.09005,2.40,3.20
2008.02.29 02:13:49.399,2.0891,2.09005,2.40,3.20
2008.02.29 02:13:49.645,2.0891,2.09005,2.40,3.20
2008.02.29 02:13:49.895,2.0891,2.09005,2.40,3.20
2008.02.29 02:13:50.169,2.0891,2.09005,2.40,3.20
2008.02.29 02:13:50.452,2.0891,2.09005,2.40,3.20
2008.02.29 02:13:50.735,2.0891,2.09005,2.40,3.20
2008.02.29 02:13:51.016,2.0891,2.09005,2.40,3.20
2008.02.29 02:13:51.298,2.0891,2.09005,2.40,3.20
2008.02.29 02:13:51.579,2.0891,2.09005,2.40,3.20
2008.02.29 02:13:51.862,2.0891,2.09005,2.40,3.20
2008.02.29 02:13:52.117,2.0891,2.09005,2.40,3.20
2008.02.29 02:13:52.362,2.0891,2.09005,2.40,3.20
2008.02.29 02:13:52.610,2.0891,2.09005,2.40,3.20
2008.02.29 02:13:52.868,2.0891,2.09005,2.40,3.20
2008.02.29 02:13:53.139,2.0891,2.09005,2.40,3.20
2008.02.29 02:13:53.419,2.0891,2.09005,2.40,3.20
2008.02.29 02:13:53.701,2.0891,2.09005,2.40,3.20
2008.02.29 02:13:53.968,2.0891,2.09005,2.40,3.20
2008.02.29 02:13:54.229,2.0891,2.09005,2.40,3.20
2008.02.29 02:13:54.492,2.0891,2.09005,2.40,3.20
2008.02.29 02:13:54.753,2.0891,2.09005,2.40,3.20
2008.02.29 02:13:55.024,2.0891,2.09005,2.40,3.20
2008.02.29 02:13:55.292,2.0891,2.09005,2.40,3.20
2008.02.29 02:13:55.589,2.0891,2.09005,2.40,3.20
2008.02.29 02:13:55.867,2.0891,2.09005,2.40,3.20
2008.02.29 02:13:56.132,2.0891,2.09005,2.40,3.20
2008.02.29 02:13:56.421,2.0891,2.09005,2.40,3.20
2008.02.29 02:13:56.703,2.0891,2.09005,2.40,3.20
2008.02.29 02:13:57.000,2.0891,2.09005,2.40,3.20
2008.02.29 02:13:57.242,2.0891,2.09005,2.40,3.20
2008.02.29 02:13:57.472,2.0891,2.09005,2.40,3.20
2008.02.29 02:13:57.712,2.0891,2.09005,2.40,3.20
2008.02.29 02:13:57.960,2.0891,2.09005,2.40,3.20
2008.02.29 02:13:58.276,2.0891,2.09005,2.40,3.20
2008.02.29 02:13:58.598,2.0891,2.09005,2.40,3.20
2008.02.29 02:13:58.909,2.0891,2.09005,2.40,3.20
2008.02.29 02:13:59.231,2.0891,2.09005,2.40,3.20
2008.02.29 02:13:59.457,2.0891,2.09005,2.40,3.20
2008.02.29 02:13:59.686,2.0891,2.09005,2.40,3.20
2008.02.29 02:13:59.932,2.0891,2.09005,2.40,3.20
2008.02.29 02:14:00.233,2.0891,2.09005,2.40,3.20
2008.02.29 02:14:00.518,2.0891,2.09005,2.40,3.20
2008.02.29 02:14:00.798,2.0891,2.09005,2.40,3.20
2008.02.29 02:14:08.585,2.0891,2.09005,2.40,3.20
2008.02.29 02:14:11.238,2.0891,2.09005,2.40,3.20
2008.02.29 02:14:13.326,2.08895,2.09,2.40,1.60
2008.02.29 02:14:13.372,2.0891,2.09005,2.40,3.20
2008.02.29 02:14:14.943,2.08895,2.09,2.40,1.60
2008.02.29 02:14:15.042,2.08895,2.09,2.40,1.60
2008.02.29 02:14:16.748,2.08895,2.09,2.40,1.60
2008.02.29 02:14:16.851,2.08895,2.09,2.40,1.60
2008.02.29 02:14:17.815,2.08895,2.09,2.40,1.60
2008.02.29 02:14:17.951,2.08895,2.09,2.40,1.60
2008.02.29 02:14:18.091,2.08895,2.09,2.40,1.60
2008.02.29 02:14:18.221,2.08895,2.09,2.40,1.60
2008.02.29 02:14:18.396,2.08895,2.09,2.40,1.60
2008.02.29 02:14:18.553,2.08895,2.09,2.40,1.60
2008.02.29 02:14:18.686,2.08895,2.09,2.40,1.60
2008.02.29 02:14:18.823,2.08895,2.09,2.40,1.60
2008.02.29 02:14:19.178,2.08895,2.09,2.40,1.60
2008.02.29 02:14:20.336,2.08895,2.09,2.40,1.60
2008.02.29 02:14:23.488,2.08895,2.09,2.40,1.60
2008.02.29 02:14:25.864,2.08895,2.09,4.80,1.60
2008.02.29 02:14:27.321,2.08895,2.09,4.80,1.60
2008.02.29 02:14:28.029,2.08895,2.09,4.80,1.60
2008.02.29 02:14:29.694,2.08895,2.09,4.80,1.60
2008.02.29 02:14:33.844,2.08895,2.09,4.80,1.60
2008.02.29 02:14:33.947,2.08905,2.09,2.40,1.60
2008.02.29 02:14:34.064,2.08905,2.09,2.40,1.60
2008.02.29 02:14:34.160,2.08905,2.09,2.40,1.60
2008.02.29 02:14:34.239,2.08905,2.09,2.40,1.60
2008.02.29 02:14:34.335,2.08905,2.09,2.40,1.60
2008.02.29 02:14:35.886,2.08905,2.09,2.40,1.60
2008.02.29 02:14:36.076,2.08905,2.09,2.40,1.60
2008.02.29 02:14:37.941,2.08905,2.09,2.40,1.60
2008.02.29 02:14:39.602,2.08905,2.09,2.40,1.60
2008.02.29 02:14:39.816,2.08895,2.09,4.80,1.60
2008.02.29 02:14:39.932,2.08895,2.09,4.80,1.60
2008.02.29 02:14:40.026,2.08895,2.09,4.80,1.60
2008.02.29 02:14:40.084,2.08895,2.09,4.80,1.60
2008.02.29 02:14:41.957,2.08895,2.09,4.80,1.60
2008.02.29 02:14:42.004,2.08895,2.09,4.80,1.60
2008.02.29 02:14:43.694,2.08925,2.09005,2.40,2.40
2008.02.29 02:14:46.390,2.08915,2.09005,2.40,3.20
2008.02.29 02:14:46.407,2.08925,2.09005,2.40,2.40
2008.02.29 02:14:46.581,2.08915,2.09005,2.40,3.20
2008.02.29 02:14:46.720,2.08915,2.09005,2.40,3.20
2008.02.29 02:14:46.887,2.08915,2.09005,2.40,3.20
2008.02.29 02:14:47.044,2.08915,2.09005,2.40,3.20
2008.02.29 02:14:48.651,2.08915,2.09005,2.40,3.20
2008.02.29 02:14:49.741,2.0892,2.09005,2.40,2.40
2008.02.29 02:14:49.767,2.0892,2.09005,2.40,2.40
2008.02.29 02:14:49.935,2.0892,2.09005,2.40,2.40
2008.02.29 02:14:51.432,2.0892,2.09005,2.40,2.40
2008.02.29 02:14:51.623,2.0892,2.09005,2.40,3.20
2008.02.29 02:14:51.720,2.0892,2.09005,2.40,3.20
2008.02.29 02:14:51.830,2.0892,2.09005,2.40,3.20
2008.02.29 02:14:53.520,2.0892,2.09005,2.40,3.20
2008.02.29 02:14:55.550,2.0892,2.09005,2.40,3.20
2008.02.29 02:14:55.649,2.0892,2.09005,2.40,3.20
2008.02.29 02:14:57.287,2.0892,2.09005,2.40,3.20
2008.02.29 02:14:57.398,2.0892,2.09005,2.40,3.20
2008.02.29 02:14:57.524,2.0892,2.09005,2.40,3.20
2008.02.29 02:14:57.617,2.0892,2.09005,2.40,3.20
2008.02.29 02:14:57.726,2.0892,2.09005,2.40,3.20
2008.02.29 02:14:59.291,2.0892,2.09005,2.40,3.20
2008.02.29 02:14:59.523,2.0892,2.09005,2.40,3.20
2008.02.29 02:14:59.717,2.0892,2.09005,2.40,3.20
2008.02.29 02:14:59.924,2.0892,2.09005,2.40,3.20
2008.02.29 02:15:00.158,2.0892,2.09005,2.40,3.20
2008.02.29 02:15:00.360,2.0892,2.09005,2.40,3.20
2008.02.29 02:15:00.573,2.0892,2.09005,2.40,3.20
2008.02.29 02:15:00.790,2.0892,2.09005,2.40,3.20
2008.02.29 02:15:01.164,2.0892,2.09005,2.40,3.20
2008.02.29 02:15:01.530,2.0892,2.09005,2.40,3.20
2008.02.29 02:15:01.895,2.0892,2.09005,2.40,3.20
2008.02.29 02:15:02.103,2.0892,2.09005,2.40,3.20
2008.02.29 02:15:02.321,2.0892,2.09005,2.40,3.20
2008.02.29 02:15:02.537,2.0892,2.09005,2.40,3.20
2008.02.29 02:15:02.743,2.0892,2.09005,2.40,3.20
2008.02.29 02:15:02.952,2.0892,2.09005,2.40,3.20
2008.02.29 02:15:03.309,2.0892,2.09005,2.40,3.20
2008.02.29 02:15:03.667,2.0892,2.09005,2.40,3.20
2008.02.29 02:15:04.010,2.0892,2.09005,2.40,3.20
2008.02.29 02:15:04.234,2.0892,2.09005,2.40,3.20
2008.02.29 02:15:04.450,2.0892,2.09005,2.40,3.20
2008.02.29 02:15:04.674,2.0892,2.09005,2.40,3.20
2008.02.29 02:15:04.900,2.0892,2.09005,2.40,3.20
2008.02.29 02:15:05.111,2.0892,2.09005,2.40,3.20
2008.02.29 02:15:05.456,2.0892,2.09005,2.40,3.20
2008.02.29 02:15:05.804,2.0892,2.09005,2.40,3.20
2008.02.29 02:15:06.149,2.0892,2.09005,2.40,3.20
2008.02.29 02:15:06.422,2.08935,2.09005,2.40,3.20
2008.02.29 02:15:06.685,2.08935,2.09025,2.40,3.20
2008.02.29 02:15:06.950,2.08935,2.09025,2.40,3.20
2008.02.29 02:15:07.216,2.08935,2.09025,2.40,3.20
2008.02.29 02:15:07.492,2.08935,2.09025,2.40,3.20
2008.02.29 02:15:07.766,2.08935,2.09025,2.40,3.20
2008.02.29 02:15:08.025,2.08935,2.09025,2.40,3.20
2008.02.29 02:15:08.283,2.08935,2.09025,2.40,3.20
2008.02.29 02:15:08.546,2.08935,2.09025,2.40,3.20
2008.02.29 02:15:08.808,2.08935,2.09025,2.40,3.20
2008.02.29 02:15:09.065,2.08935,2.09025,2.40,3.20
2008.02.29 02:15:10.834,2.08935,2.09025,2.40,3.20
2008.02.29 02:15:11.263,2.08935,2.09025,2.40,3.20
2008.02.29 02:15:12.940,2.08935,2.09025,2.40,3.20
2008.02.29 02:15:13.098,2.08935,2.09025,2.40,3.20
2008.02.29 02:15:13.253,2.08935,2.09025,2.40,3.20
2008.02.29 02:15:13.410,2.08935,2.09025,2.40,3.20
2008.02.29 02:15:13.558,2.08935,2.09025,2.40,3.20
2008.02.29 02:15:13.704,2.08935,2.09025,2.40,3.20
2008.02.29 02:15:13.863,2.08935,2.09025,2.40,3.20
2008.02.29 02:15:14.214,2.08935,2.09025,2.40,3.20
2008.02.29 02:15:14.552,2.08935,2.09025,2.40,3.20
2008.02.29 02:15:14.903,2.08935,2.09025,2.40,3.20
2008.02.29 02:15:16.901,2.08935,2.09025,2.40,3.20
2008.02.29 02:15:17.720,2.08935,2.09025,2.40,3.20
2008.02.29 02:15:17.772,2.08935,2.09025,2.40,3.20
2008.02.29 02:15:19.244,2.08935,2.09025,2.40,3.20
2008.02.29 02:15:19.461,2.08935,2.09025,2.40,3.20
2008.02.29 02:15:20.851,2.08935,2.09025,2.40,3.20
2008.02.29 02:15:20.958,2.08935,2.09025,4.80,3.20
2008.02.29 02:15:21.093,2.08935,2.09025,4.80,3.20
2008.02.29 02:15:21.217,2.08935,2.09025,4.80,3.20
2008.02.29 02:15:21.362,2.08935,2.09025,4.80,3.20
2008.02.29 02:15:22.484,2.08935,2.09025,4.80,3.20
2008.02.29 02:15:22.722,2.08935,2.09025,4.80,3.20
2008.02.29 02:15:22.948,2.08935,2.09025,4.80,3.20
2008.02.29 02:15:23.195,2.08935,2.09025,4.80,3.20
2008.02.29 02:15:23.464,2.08935,2.09025,4.80,3.20
2008.02.29 02:15:23.778,2.08935,2.09025,4.80,3.20
2008.02.29 02:15:24.089,2.08935,2.09025,4.80,3.20
2008.02.29 02:15:24.372,2.08935,2.09025,4.80,3.20
2008.02.29 02:15:24.667,2.08935,2.09025,4.80,3.20
2008.02.29 02:15:24.918,2.08935,2.09025,4.80,3.20
2008.02.29 02:15:25.158,2.08935,2.09025,4.80,3.20
2008.02.29 02:15:25.403,2.08935,2.09025,4.80,3.20
2008.02.29 02:15:25.655,2.08935,2.09025,4.80,3.20
2008.02.29 02:15:25.937,2.08935,2.09025,4.80,3.20
2008.02.29 02:15:26.240,2.08935,2.09025,4.80,3.20
2008.02.29 02:15:26.521,2.08935,2.09025,4.80,3.20
2008.02.29 02:15:26.809,2.08935,2.09025,4.80,3.20
2008.02.29 02:15:27.106,2.08935,2.09025,4.80,3.20
2008.02.29 02:15:27.404,2.08935,2.09025,4.80,3.20
2008.02.29 02:15:27.689,2.08935,2.09025,4.80,3.20
2008.02.29 02:15:27.936,2.08935,2.09025,4.80,3.20
2008.02.29 02:15:28.192,2.08935,2.09025,4.80,3.20
2008.02.29 02:15:28.438,2.08935,2.09025,4.80,3.20
2008.02.29 02:15:28.695,2.08935,2.09025,4.80,3.20
2008.02.29 02:15:28.986,2.08935,2.09025,4.80,3.20
2008.02.29 02:15:29.257,2.08935,2.09025,4.80,3.20
2008.02.29 02:15:29.540,2.08935,2.09025,4.80,3.20
2008.02.29 02:15:29.811,2.08935,2.09025,4.80,3.20
2008.02.29 02:15:30.084,2.08935,2.09025,4.80,3.20
2008.02.29 02:15:30.355,2.08935,2.09025,4.80,3.20
2008.02.29 02:15:30.621,2.08935,2.09025,4.80,3.20
2008.02.29 02:15:30.922,2.08935,2.09025,4.80,3.20
2008.02.29 02:15:31.213,2.08935,2.09025,4.80,3.20
2008.02.29 02:15:31.508,2.08935,2.09025,4.80,3.20
2008.02.29 02:15:31.794,2.08935,2.09025,4.80,3.20
2008.02.29 02:15:32.085,2.08935,2.09025,4.80,3.20
2008.02.29 02:15:32.375,2.08935,2.09025,4.80,3.20
2008.02.29 02:15:32.674,2.08935,2.09025,4.80,3.20
2008.02.29 02:15:32.924,2.08935,2.09025,4.80,3.20
2008.02.29 02:15:33.187,2.08935,2.09025,4.80,3.20
2008.02.29 02:15:33.441,2.08935,2.09025,4.80,3.20
2008.02.29 02:15:33.688,2.08935,2.09025,4.80,3.20
2008.02.29 02:15:35.146,2.08935,2.09025,4.80,3.20
2008.02.29 02:15:35.282,2.08935,2.09025,4.80,3.20
2008.02.29 02:15:36.529,2.08935,2.09025,4.80,3.20
2008.02.29 02:15:36.620,2.08935,2.09025,4.80,3.20
2008.02.29 02:15:36.802,2.08935,2.09025,4.80,3.20
2008.02.29 02:15:36.904,2.08935,2.09025,4.80,3.20
2008.02.29 02:15:37.041,2.08935,2.09025,4.80,3.20
2008.02.29 02:15:37.223,2.08935,2.09025,4.80,3.20
2008.02.29 02:15:37.366,2.08935,2.09025,4.80,3.20
2008.02.29 02:15:40.337,2.08935,2.09025,4.80,3.20
2008.02.29 02:15:41.621,2.08935,2.09025,4.80,3.20
2008.02.29 02:15:41.671,2.08935,2.09025,4.80,3.20
2008.02.29 02:15:41.691,2.08935,2.09025,4.80,3.20
2008.02.29 02:15:41.743,2.08935,2.09025,4.80,3.20
2008.02.29 02:15:41.793,2.08935,2.09025,4.80,3.20
2008.02.29 02:15:41.847,2.08935,2.09025,4.80,3.20
2008.02.29 02:15:41.903,2.08935,2.09025,4.80,3.20
2008.02.29 02:15:42.534,2.08935,2.09025,4.80,3.20
2008.02.29 02:15:43.706,2.08935,2.09025,4.80,3.20
2008.02.29 02:15:43.797,2.08935,2.09025,4.80,3.20
2008.02.29 02:15:46.201,2.08935,2.09025,4.80,3.20
2008.02.29 02:15:47.156,2.0896,2.09035,2.40,3.20
2008.02.29 02:15:47.243,2.0896,2.09035,2.40,3.20
2008.02.29 02:15:47.380,2.08955,2.09035,4.80,3.20
2008.02.29 02:15:47.539,2.08955,2.09035,4.80,2.40
2008.02.29 02:15:47.688,2.08955,2.09035,4.80,2.40
2008.02.29 02:15:47.846,2.08955,2.09035,4.80,2.40
2008.02.29 02:15:47.999,2.08955,2.09035,4.80,2.40
2008.02.29 02:15:48.149,2.08955,2.09035,4.80,2.40
2008.02.29 02:15:48.354,2.08955,2.09035,4.80,2.40
2008.02.29 02:15:48.713,2.08955,2.09035,4.80,2.40
2008.02.29 02:15:49.067,2.08955,2.09035,4.80,2.40
2008.02.29 02:15:49.426,2.08955,2.09035,4.80,2.40
2008.02.29 02:15:49.682,2.08955,2.09035,4.80,2.40
2008.02.29 02:15:49.959,2.08955,2.09035,4.80,2.40
2008.02.29 02:15:50.205,2.08955,2.09035,4.80,2.40
2008.02.29 02:15:50.459,2.08955,2.09035,4.80,2.40
2008.02.29 02:15:50.778,2.08955,2.09035,4.80,2.40
2008.02.29 02:15:51.064,2.08955,2.09035,4.80,2.40
2008.02.29 02:15:51.356,2.08955,2.09035,4.80,2.40
2008.02.29 02:15:51.664,2.08955,2.09045,4.80,2.40
2008.02.29 02:15:53.349,2.0896,2.09045,2.40,2.40
2008.02.29 02:15:53.974,2.0896,2.09045,2.40,7.20
2008.02.29 02:15:54.037,2.08955,2.09045,2.40,3.20
2008.02.29 02:15:54.226,2.08955,2.09045,2.40,3.20
2008.02.29 02:15:54.356,2.08955,2.09025,2.40,2.40
2008.02.29 02:15:54.482,2.0894,2.09025,2.40,2.40
2008.02.29 02:15:54.799,2.0894,2.09025,2.40,2.40
2008.02.29 02:15:55.084,2.0894,2.09025,2.40,2.40
2008.02.29 02:15:55.367,2.0894,2.09025,2.40,2.40
2008.02.29 02:15:55.652,2.0894,2.09025,2.40,2.40
2008.02.29 02:15:55.941,2.0894,2.09025,2.40,2.40
2008.02.29 02:15:56.240,2.0894,2.09025,2.40,2.40
2008.02.29 02:15:56.539,2.0894,2.09025,2.40,2.40
2008.02.29 02:15:56.808,2.0894,2.09025,2.40,2.40
2008.02.29 02:15:57.080,2.0894,2.09025,2.40,2.40
2008.02.29 02:15:57.392,2.0894,2.09025,2.40,2.40
2008.02.29 02:15:57.677,2.08965,2.09045,2.40,5.60
2008.02.29 02:15:57.965,2.08965,2.09065,4.80,2.40
2008.02.29 02:15:58.244,2.08975,2.09065,2.40,2.40
2008.02.29 02:15:58.521,2.08975,2.09065,2.40,2.40
2008.02.29 02:15:58.781,2.08975,2.09065,2.40,2.40
2008.02.29 02:15:59.033,2.08975,2.09065,2.40,2.40
2008.02.29 02:15:59.285,2.08975,2.09065,2.40,2.40
2008.02.29 02:15:59.543,2.08975,2.09065,2.40,2.40
2008.02.29 02:15:59.823,2.08975,2.09065,2.40,2.40
2008.02.29 02:16:00.112,2.08975,2.09065,2.40,2.40
2008.02.29 02:16:00.392,2.08975,2.09065,2.40,2.40
2008.02.29 02:16:00.684,2.08975,2.09065,2.40,2.40
2008.02.29 02:16:00.962,2.08975,2.09065,2.40,2.40
2008.02.29 02:16:01.232,2.08975,2.09065,2.40,2.40
2008.02.29 02:16:01.524,2.08975,2.09065,2.40,2.40
2008.02.29 02:16:01.825,2.08975,2.09065,2.40,2.40
2008.02.29 02:16:02.126,2.08975,2.09065,2.40,2.40
2008.02.29 02:16:02.438,2.08975,2.09065,2.40,2.40
2008.02.29 02:16:02.737,2.08975,2.09065,2.40,2.40
2008.02.29 02:16:02.979,2.08975,2.09065,2.40,2.40
2008.02.29 02:16:03.230,2.08975,2.09065,2.40,2.40
2008.02.29 02:16:03.472,2.08975,2.09065,2.40,2.40
2008.02.29 02:16:03.715,2.08975,2.09065,2.40,2.40
2008.02.29 02:16:04.008,2.08975,2.09065,2.40,2.40
2008.02.29 02:16:04.309,2.08975,2.09065,2.40,2.40
2008.02.29 02:16:04.596,2.08975,2.09065,2.40,2.40
2008.02.29 02:16:04.852,2.08975,2.09065,2.40,2.40
2008.02.29 02:16:05.107,2.08975,2.09065,2.40,2.40
2008.02.29 02:16:05.353,2.08975,2.09065,2.40,2.40
2008.02.29 02:16:05.609,2.08975,2.09065,2.40,2.40
2008.02.29 02:16:05.882,2.08975,2.09065,2.40,2.40
2008.02.29 02:16:06.173,2.08975,2.09065,2.40,2.40
2008.02.29 02:16:06.455,2.08975,2.09065,2.40,2.40
2008.02.29 02:16:06.744,2.08975,2.09065,2.40,2.40
2008.02.29 02:16:07.036,2.08975,2.09065,2.40,2.40
2008.02.29 02:16:07.332,2.08975,2.09065,2.40,2.40
2008.02.29 02:16:07.628,2.08975,2.09065,2.40,2.40
2008.02.29 02:16:07.897,2.08975,2.09065,2.40,2.40
2008.02.29 02:16:08.164,2.08975,2.09065,2.40,2.40
2008.02.29 02:16:08.429,2.08975,2.09065,2.40,2.40
2008.02.29 02:16:08.686,2.08975,2.09065,2.40,2.40
2008.02.29 02:16:08.963,2.08975,2.09065,2.40,2.40
2008.02.29 02:16:09.241,2.08975,2.09065,2.40,2.40
2008.02.29 02:16:09.518,2.08975,2.09065,2.40,2.40
2008.02.29 02:16:09.803,2.08975,2.09065,2.40,2.40
2008.02.29 02:16:10.053,2.08975,2.09065,2.40,2.40
2008.02.29 02:16:10.298,2.08975,2.09065,2.40,2.40
2008.02.29 02:16:10.547,2.08975,2.09065,2.40,2.40
2008.02.29 02:16:10.819,2.08975,2.09065,2.40,2.40
2008.02.29 02:16:11.111,2.08975,2.09065,2.40,2.40
2008.02.29 02:16:11.396,2.08975,2.09065,2.40,2.40
2008.02.29 02:16:11.659,2.08975,2.09065,2.40,2.40
2008.02.29 02:16:11.940,2.08975,2.09065,2.40,2.40
2008.02.29 02:16:12.236,2.08975,2.09065,2.40,2.40
2008.02.29 02:16:12.542,2.08975,2.09065,2.40,2.40
2008.02.29 02:16:12.832,2.08975,2.09065,2.40,2.40
2008.02.29 02:16:13.105,2.08975,2.09065,2.40,2.40
2008.02.29 02:16:13.368,2.08975,2.09065,2.40,2.40
2008.02.29 02:16:13.639,2.08975,2.09065,2.40,2.40
2008.02.29 02:16:13.902,2.08975,2.09065,2.40,2.40
2008.02.29 02:16:14.174,2.08975,2.09065,2.40,2.40
2008.02.29 02:16:14.436,2.08975,2.09065,2.40,2.40
2008.02.29 02:16:14.702,2.08975,2.09065,2.40,2.40
2008.02.29 02:16:14.951,2.08975,2.09065,2.40,2.40
2008.02.29 02:16:15.221,2.08975,2.09065,2.40,2.40
2008.02.29 02:16:15.502,2.08975,2.09065,2.40,2.40
2008.02.29 02:16:15.855,2.08975,2.09065,2.40,2.40
2008.02.29 02:16:16.104,2.08975,2.09065,2.40,2.40
2008.02.29 02:16:16.346,2.08975,2.09065,2.40,2.40
2008.02.29 02:16:16.584,2.08975,2.09065,2.40,2.40
2008.02.29 02:16:16.838,2.08975,2.09065,2.40,2.40
2008.02.29 02:16:17.179,2.08975,2.09065,2.40,2.40
2008.02.29 02:16:17.529,2.08975,2.09065,2.40,2.40
2008.02.29 02:16:17.855,2.08975,2.09065,2.40,2.40
2008.02.29 02:16:18.076,2.08975,2.09065,2.40,2.40
2008.02.29 02:16:18.305,2.08975,2.09065,2.40,2.40
2008.02.29 02:16:18.535,2.08975,2.09065,2.40,2.40
2008.02.29 02:16:18.747,2.08975,2.09065,2.40,2.40
2008.02.29 02:16:19.052,2.08975,2.09065,2.40,2.40
2008.02.29 02:16:19.354,2.08975,2.09065,2.40,2.40
2008.02.29 02:16:19.657,2.08975,2.09065,2.40,2.40
2008.02.29 02:16:19.963,2.08975,2.09065,2.40,2.40
2008.02.29 02:16:20.235,2.08975,2.09065,2.40,2.40
2008.02.29 02:16:20.491,2.08975,2.09065,2.40,2.40
2008.02.29 02:16:20.781,2.08975,2.09065,2.40,2.40
2008.02.29 02:16:21.037,2.08975,2.09065,2.40,2.40
2008.02.29 02:16:21.355,2.08975,2.09065,2.40,2.40
2008.02.29 02:16:21.662,2.08975,2.09065,2.40,2.40
2008.02.29 02:16:21.969,2.08975,2.09065,2.40,2.40
2008.02.29 02:16:22.207,2.0897,2.09055,2.40,2.40
2008.02.29 02:16:22.444,2.0897,2.09055,2.40,2.40
2008.02.29 02:16:22.682,2.0897,2.09055,2.40,2.40
2008.02.29 02:16:22.921,2.0897,2.09055,2.40,2.40
2008.02.29 02:16:23.188,2.0897,2.09055,2.40,2.40
2008.02.29 02:16:23.486,2.0897,2.09055,2.40,2.40
2008.02.29 02:16:23.763,2.0897,2.09055,2.40,2.40
2008.02.29 02:16:24.032,2.0897,2.09055,2.40,2.40
2008.02.29 02:16:24.315,2.0897,2.09055,2.40,2.40
2008.02.29 02:16:25.703,2.0897,2.09055,2.40,2.40
2008.02.29 02:16:25.865,2.0897,2.09055,2.40,2.40
2008.02.29 02:16:25.952,2.0897,2.09055,2.40,2.40
2008.02.29 02:16:27.439,2.0897,2.09055,2.40,2.40
2008.02.29 02:16:27.628,2.0897,2.09055,2.40,2.40
2008.02.29 02:16:27.794,2.0897,2.09055,2.40,2.40
2008.02.29 02:16:27.946,2.0897,2.09055,2.40,2.40
2008.02.29 02:16:28.090,2.0897,2.09055,2.40,2.40
2008.02.29 02:16:28.244,2.0897,2.09055,2.40,2.40
2008.02.29 02:16:28.386,2.0897,2.09055,2.40,2.40
2008.02.29 02:16:28.525,2.0897,2.09055,2.40,2.40
2008.02.29 02:16:28.873,2.0897,2.09055,2.40,2.40
2008.02.29 02:16:29.217,2.0897,2.09055,2.40,2.40
2008.02.29 02:16:29.560,2.0897,2.09055,2.40,2.40
2008.02.29 02:16:29.785,2.0897,2.09055,2.40,2.40
2008.02.29 02:16:30.010,2.0897,2.09055,2.40,2.40
2008.02.29 02:16:30.258,2.0897,2.09055,2.40,2.40
2008.02.29 02:16:30.489,2.0897,2.09055,2.40,2.40
2008.02.29 02:16:30.806,2.0897,2.09055,2.40,2.40
2008.02.29 02:16:31.109,2.0897,2.09055,2.40,2.40
2008.02.29 02:16:31.404,2.0897,2.09055,2.40,2.40
2008.02.29 02:16:31.695,2.0897,2.09055,2.40,2.40
2008.02.29 02:16:32.001,2.0897,2.09055,2.40,2.40
2008.02.29 02:16:32.307,2.0897,2.09055,2.40,2.40
2008.02.29 02:16:32.613,2.0897,2.09055,2.40,2.40
2008.02.29 02:16:32.854,2.0897,2.09055,2.40,2.40
2008.02.29 02:16:33.094,2.0897,2.09055,2.40,2.40
2008.02.29 02:16:34.622,2.0897,2.09055,2.40,2.40
2008.02.29 02:16:34.852,2.0897,2.09055,2.40,2.40
2008.02.29 02:16:35.855,2.0897,2.09055,2.40,2.40
2008.02.29 02:16:37.414,2.0897,2.09055,2.40,2.40
2008.02.29 02:16:38.488,2.0897,2.09055,2.40,2.40
2008.02.29 02:16:40.033,2.0897,2.09055,2.40,2.40
2008.02.29 02:16:40.132,2.0897,2.09055,2.40,2.40
2008.02.29 02:16:40.206,2.0897,2.09055,2.40,2.40
2008.02.29 02:16:40.347,2.0897,2.09055,2.40,2.40
2008.02.29 02:16:40.504,2.0897,2.09055,2.40,2.40
2008.02.29 02:16:40.711,2.0897,2.09055,2.40,2.40
2008.02.29 02:16:40.847,2.0897,2.09055,2.40,2.40
2008.02.29 02:16:40.956,2.0897,2.09055,2.40,2.40
2008.02.29 02:16:41.101,2.0897,2.09055,2.40,2.40
2008.02.29 02:16:41.487,2.0897,2.09055,2.40,2.40
2008.02.29 02:16:41.841,2.0897,2.09055,2.40,2.40
2008.02.29 02:16:42.182,2.0897,2.09055,2.40,2.40
2008.02.29 02:16:42.399,2.0897,2.09055,2.40,2.40
2008.02.29 02:16:42.623,2.0897,2.09055,2.40,2.40
2008.02.29 02:16:42.847,2.0897,2.09055,2.40,2.40
2008.02.29 02:16:45.894,2.0897,2.09055,2.40,2.40
2008.02.29 02:16:46.889,2.0897,2.09055,2.40,3.20
2008.02.29 02:16:46.975,2.0897,2.09055,2.40,3.20
2008.02.29 02:16:47.967,2.0897,2.09055,2.40,3.20
2008.02.29 02:16:48.053,2.0897,2.09055,2.40,3.20
2008.02.29 02:16:48.126,2.0897,2.09055,2.40,3.20
2008.02.29 02:16:48.202,2.0897,2.09055,2.40,3.20
2008.02.29 02:16:48.309,2.0897,2.09055,2.40,3.20
2008.02.29 02:16:48.385,2.0897,2.09055,2.40,3.20
2008.02.29 02:16:48.464,2.0897,2.09055,2.40,3.20
2008.02.29 02:16:48.632,2.0897,2.09055,2.40,3.20
2008.02.29 02:16:48.805,2.0897,2.09055,2.40,3.20
2008.02.29 02:16:48.909,2.0897,2.09055,2.40,3.20
2008.02.29 02:16:48.990,2.0897,2.09055,2.40,3.20
2008.02.29 02:16:49.348,2.0897,2.09055,2.40,3.20
2008.02.29 02:16:49.702,2.0897,2.09055,2.40,3.20
2008.02.29 02:16:50.049,2.0897,2.09055,2.40,3.20
2008.02.29 02:16:52.827,2.0897,2.09055,2.40,3.20
2008.02.29 02:16:53.313,2.0896,2.09055,2.40,13.20
2008.02.29 02:16:56.197,2.0896,2.09055,2.40,13.20
2008.02.29 02:16:58.097,2.0896,2.09055,2.40,13.20
2008.02.29 02:16:59.539,2.0897,2.09055,2.40,5.60
2008.02.29 02:16:59.621,2.0897,2.09055,2.40,5.60
2008.02.29 02:16:59.756,2.0897,2.09055,2.40,5.60
2008.02.29 02:16:59.905,2.0897,2.09055,2.40,5.60
2008.02.29 02:17:00.042,2.0897,2.09055,2.40,5.60
2008.02.29 02:17:00.166,2.0897,2.09055,2.40,5.60
2008.02.29 02:17:00.282,2.0897,2.09055,2.40,5.60
2008.02.29 02:17:01.638,2.0897,2.09055,2.40,5.60
2008.02.29 02:17:01.881,2.0897,2.09055,2.40,5.60
2008.02.29 02:17:02.107,2.0897,2.09055,2.40,5.60
2008.02.29 02:17:02.327,2.0897,2.09055,2.40,5.60
2008.02.29 02:17:02.552,2.0897,2.09055,2.40,5.60
2008.02.29 02:17:02.898,2.0897,2.09055,2.40,5.60
2008.02.29 02:17:03.263,2.0897,2.09055,2.40,5.60
2008.02.29 02:17:03.594,2.0897,2.09055,2.40,5.60
2008.02.29 02:17:03.828,2.0897,2.09055,2.40,5.60
2008.02.29 02:17:04.062,2.0897,2.09055,2.40,5.60
2008.02.29 02:17:04.295,2.0897,2.09055,2.40,5.60
2008.02.29 02:17:04.527,2.0897,2.09055,2.40,5.60
2008.02.29 02:17:04.822,2.0897,2.09055,2.40,5.60
2008.02.29 02:17:05.124,2.0897,2.09055,2.40,5.60
2008.02.29 02:17:05.416,2.0897,2.09055,2.40,5.60
2008.02.29 02:17:05.715,2.0897,2.09055,2.40,5.60
2008.02.29 02:17:05.975,2.0897,2.09055,2.40,5.60
2008.02.29 02:17:06.223,2.0897,2.09055,2.40,5.60
2008.02.29 02:17:06.479,2.0897,2.09055,2.40,5.60
2008.02.29 02:17:06.725,2.0897,2.09055,2.40,5.60
2008.02.29 02:17:07.031,2.0897,2.09055,2.40,5.60
2008.02.29 02:17:07.348,2.0897,2.09055,2.40,5.60
2008.02.29 02:17:07.659,2.0897,2.09055,2.40,5.60
2008.02.29 02:17:07.900,2.0897,2.09055,2.40,5.60
2008.02.29 02:17:08.139,2.0897,2.09055,2.40,5.60
2008.02.29 02:17:08.366,2.0897,2.09055,2.40,5.60
2008.02.29 02:17:08.594,2.0897,2.09055,2.40,5.60
2008.02.29 02:17:08.899,2.0897,2.09055,2.40,5.60
2008.02.29 02:17:09.204,2.0897,2.09055,2.40,5.60
2008.02.29 02:17:09.498,2.0897,2.09055,2.40,5.60
2008.02.29 02:17:11.351,2.0897,2.09055,2.40,5.60
2008.02.29 02:17:12.243,2.0897,2.09055,2.40,5.60
2008.02.29 02:17:12.333,2.0897,2.09055,2.40,5.60
2008.02.29 02:17:12.395,2.0897,2.09055,2.40,5.60
2008.02.29 02:17:12.519,2.0897,2.09055,2.40,5.60
2008.02.29 02:17:12.664,2.0897,2.09055,2.40,5.60
2008.02.29 02:17:14.194,2.0897,2.09055,2.40,5.60
2008.02.29 02:17:14.982,2.0897,2.09055,2.40,5.60
2008.02.29 02:17:17.065,2.0897,2.09055,2.40,5.60
2008.02.29 02:17:17.137,2.0897,2.09055,2.40,5.60
2008.02.29 02:17:17.226,2.0897,2.09055,2.40,5.60
2008.02.29 02:17:17.473,2.0897,2.09055,2.40,5.60
2008.02.29 02:17:18.388,2.0897,2.09055,2.40,5.60
2008.02.29 02:17:19.483,2.0897,2.09055,2.40,5.60
2008.02.29 02:17:21.842,2.0897,2.09055,2.40,5.60
2008.02.29 02:17:22.032,2.0897,2.09055,2.40,5.60
2008.02.29 02:17:23.540,2.0897,2.09055,2.40,5.60
2008.02.29 02:17:23.691,2.0897,2.09055,2.40,5.60
2008.02.29 02:17:24.432,2.0897,2.09055,2.40,5.60
2008.02.29 02:17:24.560,2.0897,2.09055,2.40,5.60
2008.02.29 02:17:24.689,2.0897,2.09055,2.40,5.60
2008.02.29 02:17:24.884,2.0897,2.09055,2.40,5.60
2008.02.29 02:17:26.158,2.0897,2.09055,2.40,5.60
2008.02.29 02:17:27.322,2.0897,2.09055,2.40,5.60
2008.02.29 02:17:27.368,2.0897,2.09055,2.40,5.60
2008.02.29 02:17:27.479,2.0897,2.09055,2.40,5.60
2008.02.29 02:17:27.574,2.0897,2.09055,2.40,5.60
2008.02.29 02:17:27.612,2.0897,2.09055,2.40,5.60
2008.02.29 02:17:27.618,2.0897,2.09055,2.40,5.60
2008.02.29 02:17:28.975,2.0897,2.09055,2.40,5.60
2008.02.29 02:17:30.824,2.0897,2.09055,2.40,5.60
2008.02.29 02:17:30.899,2.0897,2.09055,2.40,5.60
2008.02.29 02:17:30.948,2.0897,2.09055,2.40,5.60
2008.02.29 02:17:32.243,2.0897,2.09055,2.40,5.60
2008.02.29 02:17:32.506,2.0897,2.09055,2.40,5.60
2008.02.29 02:17:33.955,2.0897,2.09055,2.40,5.60
2008.02.29 02:17:34.097,2.0897,2.09055,2.40,5.60
2008.02.29 02:17:34.321,2.0897,2.09055,2.40,5.60
2008.02.29 02:17:36.091,2.0897,2.09055,2.40,5.60
2008.02.29 02:17:36.328,2.0897,2.09055,2.40,5.60
2008.02.29 02:17:36.553,2.0897,2.09055,2.40,5.60
2008.02.29 02:17:36.700,2.0897,2.09055,2.40,5.60
2008.02.29 02:17:36.855,2.0897,2.09055,2.40,5.60
2008.02.29 02:17:38.359,2.0897,2.09055,2.40,5.60
2008.02.29 02:17:38.580,2.0897,2.09055,2.40,5.60
2008.02.29 02:17:38.777,2.0897,2.09055,2.40,5.60
2008.02.29 02:17:38.957,2.0897,2.09055,2.40,5.60
2008.02.29 02:17:39.140,2.0897,2.09055,2.40,5.60
2008.02.29 02:17:41.098,2.0897,2.09055,2.40,5.60
2008.02.29 02:17:41.265,2.0897,2.09055,2.40,5.60
2008.02.29 02:17:41.405,2.0897,2.09055,2.40,5.60
2008.02.29 02:17:41.591,2.0897,2.09055,2.40,5.60
2008.02.29 02:17:41.756,2.0897,2.09055,2.40,5.60
2008.02.29 02:17:41.907,2.0897,2.09055,2.40,5.60
2008.02.29 02:17:42.067,2.0897,2.09055,2.40,5.60
2008.02.29 02:17:42.412,2.0897,2.09055,2.40,5.60
2008.02.29 02:17:44.428,2.0897,2.09055,2.40,5.60
2008.02.29 02:17:44.794,2.0897,2.09055,2.40,5.60
2008.02.29 02:17:44.864,2.0897,2.09055,2.40,5.60
2008.02.29 02:17:44.968,2.0897,2.09055,2.40,5.60
2008.02.29 02:17:45.154,2.0897,2.09055,2.40,5.60
2008.02.29 02:17:47.346,2.0897,2.09055,2.40,5.60
2008.02.29 02:17:48.714,2.0897,2.09055,2.40,5.60
2008.02.29 02:17:48.780,2.0897,2.09055,2.40,5.60
2008.02.29 02:17:48.846,2.0897,2.09055,2.40,5.60
2008.02.29 02:17:51.254,2.0897,2.09055,2.40,5.60
2008.02.29 02:17:51.343,2.0897,2.09055,2.40,5.60
2008.02.29 02:17:51.428,2.0897,2.09055,2.40,5.60
2008.02.29 02:17:51.521,2.0897,2.09055,2.40,5.60
2008.02.29 02:17:51.627,2.0897,2.09055,2.40,5.60
2008.02.29 02:17:51.756,2.0897,2.09055,2.40,5.60
2008.02.29 02:17:53.246,2.0897,2.09055,2.40,5.60
2008.02.29 02:17:53.413,2.0897,2.09055,2.40,5.60
2008.02.29 02:17:54.937,2.0897,2.09055,2.40,5.60
2008.02.29 02:17:55.029,2.0897,2.09055,2.40,5.60
2008.02.29 02:17:55.232,2.0897,2.09055,2.40,5.60
2008.02.29 02:17:55.356,2.0897,2.09055,2.40,5.60
2008.02.29 02:17:56.680,2.0897,2.09055,2.40,5.60
2008.02.29 02:17:58.564,2.08965,2.09055,2.40,5.60
2008.02.29 02:17:58.573,2.0897,2.09055,2.40,5.60
2008.02.29 02:17:58.659,2.08965,2.09055,2.40,5.60
2008.02.29 02:17:58.695,2.08965,2.09055,2.40,5.60
2008.02.29 02:17:58.854,2.08965,2.09055,2.40,5.60
2008.02.29 02:17:58.903,2.08965,2.09055,2.40,5.60
2008.02.29 02:17:59.031,2.08965,2.09055,2.40,5.60
2008.02.29 02:17:59.175,2.08965,2.09055,2.40,5.60
2008.02.29 02:18:00.214,2.08965,2.09055,2.40,5.60
2008.02.29 02:18:01.729,2.08965,2.09055,2.40,5.60
2008.02.29 02:18:02.004,2.0896,2.09055,2.40,3.20
2008.02.29 02:18:03.130,2.0896,2.09055,2.40,3.20
2008.02.29 02:18:03.143,2.0896,2.09055,2.40,3.20
2008.02.29 02:18:03.256,2.0896,2.09055,2.40,3.20
2008.02.29 02:18:07.391,2.0896,2.09055,2.40,3.20
2008.02.29 02:18:07.508,2.0896,2.09055,2.40,3.20
2008.02.29 02:18:09.015,2.0896,2.09055,2.40,3.20
2008.02.29 02:18:10.511,2.0896,2.09045,2.40,6.00
2008.02.29 02:18:10.658,2.0896,2.09045,2.40,6.00
2008.02.29 02:18:10.725,2.0896,2.09045,2.40,6.00
2008.02.29 02:18:10.805,2.0896,2.09045,2.40,6.00
2008.02.29 02:18:12.213,2.0893,2.09015,2.40,2.60
2008.02.29 02:18:12.397,2.0893,2.09015,2.40,13.40
2008.02.29 02:18:12.536,2.0893,2.09015,2.40,13.40
2008.02.29 02:18:12.725,2.0893,2.09015,2.40,13.40
2008.02.29 02:18:12.890,2.0893,2.09015,2.40,13.40
2008.02.29 02:18:13.043,2.0893,2.09015,2.40,13.40
2008.02.29 02:18:13.221,2.0893,2.09015,2.40,13.40
2008.02.29 02:18:14.633,2.0893,2.09015,2.40,13.40
2008.02.29 02:18:17.079,2.0893,2.09015,2.40,13.40
2008.02.29 02:18:17.207,2.08915,2.09015,2.40,13.40
2008.02.29 02:18:17.339,2.08915,2.09015,2.40,13.40
2008.02.29 02:18:17.486,2.08915,2.09015,2.40,13.40
2008.02.29 02:18:19.615,2.08915,2.09015,2.40,13.40
2008.02.29 02:18:19.775,2.08915,2.09015,2.40,15.60
2008.02.29 02:18:20.002,2.08915,2.09015,2.40,15.60
2008.02.29 02:18:21.801,2.08915,2.09015,2.40,15.60
2008.02.29 02:18:23.304,2.08915,2.09015,2.40,15.60
2008.02.29 02:18:23.425,2.08915,2.09015,2.40,15.60
2008.02.29 02:18:24.111,2.08915,2.09015,2.40,15.60
2008.02.29 02:18:24.270,2.0892,2.09015,2.40,15.60
2008.02.29 02:18:24.414,2.0892,2.09015,2.40,15.60
2008.02.29 02:18:24.635,2.0892,2.09015,2.40,15.60
2008.02.29 02:18:24.775,2.0892,2.09015,2.40,15.60
2008.02.29 02:18:24.943,2.0892,2.09015,2.40,15.60
2008.02.29 02:18:25.110,2.0892,2.09015,2.40,15.60
2008.02.29 02:18:25.303,2.0892,2.09015,2.40,15.60
2008.02.29 02:18:25.482,2.0892,2.09015,2.40,15.60
2008.02.29 02:18:25.830,2.0892,2.08975,2.40,2.40
2008.02.29 02:18:26.177,2.0892,2.08975,2.40,2.40
2008.02.29 02:18:26.531,2.08905,2.08975,2.40,2.40
2008.02.29 02:18:26.798,2.08905,2.08975,2.40,2.40
2008.02.29 02:18:27.072,2.08905,2.08975,2.40,2.40
2008.02.29 02:18:27.350,2.08905,2.08975,2.40,2.40
2008.02.29 02:18:27.603,2.08905,2.08975,2.40,2.40
2008.02.29 02:18:27.866,2.08905,2.08975,2.40,2.40
2008.02.29 02:18:28.129,2.08905,2.08975,2.40,2.40
2008.02.29 02:18:28.401,2.08905,2.08975,2.40,2.40
2008.02.29 02:18:28.659,2.08905,2.08975,2.40,2.40
2008.02.29 02:18:28.919,2.08905,2.08975,2.40,2.40
2008.02.29 02:18:29.193,2.08905,2.08975,2.40,2.40
2008.02.29 02:18:29.455,2.08905,2.08975,2.40,2.40
2008.02.29 02:18:29.739,2.08905,2.08975,2.40,2.40
2008.02.29 02:18:30.021,2.08905,2.08975,2.40,2.40
2008.02.29 02:18:30.314,2.08905,2.08975,2.40,2.40
2008.02.29 02:18:30.591,2.08905,2.08975,2.40,2.40
2008.02.29 02:18:30.866,2.08905,2.08975,2.40,2.40
2008.02.29 02:18:31.144,2.08905,2.08975,2.40,2.40
2008.02.29 02:18:31.423,2.08905,2.08975,2.40,2.40
2008.02.29 02:18:31.707,2.08905,2.08975,2.40,2.40
2008.02.29 02:18:32.004,2.08905,2.08975,2.40,2.40
2008.02.29 02:18:32.300,2.08905,2.08975,2.40,2.40
2008.02.29 02:18:32.596,2.08905,2.08975,2.40,2.40
2008.02.29 02:18:32.872,2.08905,2.08975,2.40,2.40
2008.02.29 02:18:33.160,2.08905,2.08975,2.40,2.40
2008.02.29 02:18:33.436,2.08905,2.08975,2.40,2.40
2008.02.29 02:18:33.698,2.08905,2.08975,2.40,2.40
2008.02.29 02:18:33.949,2.08905,2.08975,2.40,2.40
2008.02.29 02:18:34.201,2.08905,2.08975,2.40,2.40
2008.02.29 02:18:34.467,2.08905,2.08975,2.40,2.40
2008.02.29 02:18:36.222,2.08905,2.08975,2.40,2.40
2008.02.29 02:18:38.498,2.08905,2.08975,2.40,2.40
2008.02.29 02:18:40.165,2.08905,2.08975,2.40,2.40
2008.02.29 02:18:46.450,2.08905,2.08975,2.40,2.40
2008.02.29 02:18:46.577,2.08905,2.08975,2.40,2.40
2008.02.29 02:18:46.926,2.08905,2.08975,2.40,2.40
2008.02.29 02:18:47.214,2.08905,2.08975,2.40,2.40
2008.02.29 02:18:47.533,2.08905,2.08975,2.40,2.40
2008.02.29 02:18:47.832,2.08905,2.08975,2.40,2.40
2008.02.29 02:18:48.115,2.08905,2.08975,2.40,2.40
2008.02.29 02:18:48.405,2.08905,2.08975,2.40,2.40
2008.02.29 02:18:48.682,2.08905,2.08975,2.40,2.40
2008.02.29 02:18:48.951,2.08905,2.08975,2.40,2.40
2008.02.29 02:18:49.224,2.08905,2.08975,2.40,2.40
2008.02.29 02:18:49.505,2.08905,2.08975,2.40,2.40
2008.02.29 02:18:51.079,2.08895,2.08975,2.40,5.60
2008.02.29 02:18:51.232,2.08895,2.08975,2.40,5.60
2008.02.29 02:18:52.050,2.08895,2.08975,2.40,5.60
2008.02.29 02:18:55.220,2.0888,2.08975,2.40,5.40
2008.02.29 02:18:55.252,2.0888,2.08975,2.40,5.40
2008.02.29 02:18:55.325,2.0888,2.08975,2.40,5.40
2008.02.29 02:18:57.378,2.0888,2.08975,2.40,5.40
2008.02.29 02:18:57.485,2.0888,2.08975,2.40,5.40
2008.02.29 02:18:57.595,2.08875,2.08975,2.40,5.40
2008.02.29 02:18:59.181,2.08875,2.08975,2.40,5.40
2008.02.29 02:18:59.300,2.08875,2.08975,2.40,5.40
2008.02.29 02:18:59.425,2.08875,2.08975,2.40,5.40
2008.02.29 02:18:59.567,2.08875,2.08975,2.40,5.40
2008.02.29 02:18:59.728,2.08875,2.08975,2.40,5.40
2008.02.29 02:18:59.845,2.08875,2.08975,2.40,5.40
2008.02.29 02:19:00.011,2.08875,2.08975,2.40,5.40
2008.02.29 02:19:00.153,2.08875,2.08975,2.40,5.40
2008.02.29 02:19:00.495,2.08875,2.08975,2.40,5.40
2008.02.29 02:19:01.258,2.08875,2.08975,2.40,5.40
2008.02.29 02:19:01.377,2.08875,2.08975,2.40,5.40
2008.02.29 02:19:01.551,2.08875,2.08975,2.40,5.40
2008.02.29 02:19:01.693,2.08875,2.08975,2.40,5.40
2008.02.29 02:19:01.831,2.08875,2.08975,2.40,5.40
2008.02.29 02:19:02.023,2.08875,2.08975,2.40,5.40
2008.02.29 02:19:02.151,2.08875,2.08975,2.40,5.40
2008.02.29 02:19:02.500,2.08875,2.08975,2.40,5.40
2008.02.29 02:19:02.843,2.08875,2.08975,2.40,5.40
2008.02.29 02:19:03.185,2.08875,2.08975,2.40,5.40
2008.02.29 02:19:03.428,2.08875,2.08975,2.40,5.40
2008.02.29 02:19:03.664,2.08875,2.08975,2.40,5.40
2008.02.29 02:19:03.918,2.08875,2.08975,2.40,11.40
2008.02.29 02:19:04.138,2.08875,2.08975,2.40,11.40
2008.02.29 02:19:04.375,2.08875,2.08975,2.40,15.40
2008.02.29 02:19:04.695,2.08875,2.08975,2.40,15.40
2008.02.29 02:19:05.003,2.08875,2.08975,2.40,15.40
2008.02.29 02:19:05.321,2.08875,2.08975,2.40,15.40
2008.02.29 02:19:05.576,2.08875,2.08975,2.40,15.40
2008.02.29 02:19:05.829,2.08875,2.08975,2.40,15.40
2008.02.29 02:19:06.094,2.08875,2.08975,2.40,15.40
2008.02.29 02:19:06.358,2.08875,2.08975,2.40,15.40
2008.02.29 02:19:06.680,2.08875,2.08975,2.40,15.40
2008.02.29 02:19:06.989,2.08875,2.08975,2.40,15.40
2008.02.29 02:19:07.303,2.08875,2.08975,2.40,15.40
2008.02.29 02:19:07.539,2.08875,2.08975,2.40,15.40
2008.02.29 02:19:07.785,2.08875,2.08975,2.40,15.40
2008.02.29 02:19:08.024,2.08875,2.08975,2.40,15.40
2008.02.29 02:19:08.261,2.08875,2.08975,2.40,15.40
2008.02.29 02:19:08.505,2.08875,2.08975,2.40,15.40
2008.02.29 02:19:08.794,2.08875,2.08975,2.40,15.40
2008.02.29 02:19:09.091,2.08875,2.08975,2.40,15.40
2008.02.29 02:19:09.386,2.08875,2.08975,2.40,15.40
2008.02.29 02:19:09.642,2.08875,2.08975,2.40,15.40
2008.02.29 02:19:09.893,2.08875,2.08975,2.40,15.40
2008.02.29 02:19:10.140,2.08875,2.08975,2.40,15.40
2008.02.29 02:19:10.386,2.08875,2.08975,2.40,15.40
2008.02.29 02:19:10.651,2.08875,2.08975,2.40,15.40
2008.02.29 02:19:10.922,2.08875,2.08975,2.40,15.40
2008.02.29 02:19:11.196,2.08875,2.08975,2.40,15.40
2008.02.29 02:19:11.463,2.08875,2.08975,2.40,15.40
2008.02.29 02:19:11.763,2.08875,2.08975,2.40,15.40
2008.02.29 02:19:12.075,2.08875,2.08975,2.40,15.40
2008.02.29 02:19:12.381,2.08875,2.08975,2.40,15.40
2008.02.29 02:19:12.643,2.08875,2.08975,2.40,15.40
2008.02.29 02:19:12.898,2.08875,2.08975,2.40,15.40
2008.02.29 02:19:13.136,2.08875,2.08975,2.40,15.40
2008.02.29 02:19:13.380,2.08875,2.08975,2.40,15.40
2008.02.29 02:19:13.615,2.08875,2.08975,2.40,15.40
2008.02.29 02:19:13.890,2.08875,2.08975,2.40,15.40
2008.02.29 02:19:14.183,2.08875,2.08975,2.40,15.40
2008.02.29 02:19:14.475,2.08875,2.08975,2.40,15.40
2008.02.29 02:19:14.753,2.08875,2.08975,2.40,15.40
2008.02.29 02:19:15.024,2.08875,2.08975,2.40,15.40
2008.02.29 02:19:15.296,2.08875,2.08975,2.40,15.40
2008.02.29 02:19:15.572,2.08875,2.08975,2.40,15.40
2008.02.29 02:19:15.833,2.08875,2.08975,2.40,15.40
2008.02.29 02:19:16.144,2.08875,2.08975,2.40,15.40
2008.02.29 02:19:16.404,2.08875,2.08975,2.40,15.40
2008.02.29 02:19:16.665,2.08875,2.08975,2.40,15.40
2008.02.29 02:19:16.959,2.08875,2.08975,2.40,15.40
2008.02.29 02:19:17.253,2.08875,2.08975,2.40,15.40
2008.02.29 02:19:18.874,2.08875,2.08975,3.20,4.60
2008.02.29 02:19:18.987,2.08875,2.08975,8.00,4.60
2008.02.29 02:19:19.122,2.08875,2.08975,8.00,4.60
2008.02.29 02:19:19.251,2.08875,2.08975,8.00,4.60
2008.02.29 02:19:19.419,2.08875,2.08975,8.00,4.60
2008.02.29 02:19:20.785,2.08875,2.08975,8.00,4.60
2008.02.29 02:19:20.851,2.08875,2.08975,8.00,4.60
2008.02.29 02:19:21.007,2.08875,2.08975,8.00,4.60
2008.02.29 02:19:21.219,2.08875,2.08975,8.00,4.60
2008.02.29 02:19:21.432,2.08875,2.08975,8.00,4.60
2008.02.29 02:19:21.643,2.08875,2.08975,8.00,4.60
2008.02.29 02:19:21.868,2.08875,2.08975,8.00,4.60
2008.02.29 02:19:22.228,2.08875,2.08975,8.00,4.60
2008.02.29 02:19:22.576,2.08875,2.08975,8.00,4.60
2008.02.29 02:19:22.927,2.08875,2.08975,8.00,4.60
2008.02.29 02:19:23.148,2.08875,2.08975,8.00,4.60
2008.02.29 02:19:23.382,2.08875,2.08975,8.00,4.60
2008.02.29 02:19:23.613,2.08875,2.08975,8.00,4.60
2008.02.29 02:19:23.835,2.08875,2.08975,8.00,4.60
2008.02.29 02:19:24.157,2.08875,2.08975,8.00,4.60
2008.02.29 02:19:24.477,2.08875,2.08975,8.00,4.60
2008.02.29 02:19:24.797,2.08875,2.08975,8.00,4.60
2008.02.29 02:19:25.132,2.08875,2.08975,8.00,4.60
2008.02.29 02:19:25.384,2.08885,2.08975,2.40,4.60
2008.02.29 02:19:25.623,2.08885,2.08975,2.40,4.60
2008.02.29 02:19:25.870,2.08885,2.08975,2.40,4.60
2008.02.29 02:19:27.738,2.08885,2.08975,2.40,4.60
2008.02.29 02:19:27.869,2.08885,2.08975,2.40,4.60
2008.02.29 02:19:28.034,2.08885,2.08975,2.40,4.60
2008.02.29 02:19:28.129,2.08885,2.08975,2.40,4.60
2008.02.29 02:19:28.288,2.08885,2.08975,2.40,4.60
2008.02.29 02:19:30.187,2.08885,2.08975,2.40,4.60
2008.02.29 02:19:30.457,2.08885,2.08975,2.40,4.60
2008.02.29 02:19:30.633,2.08885,2.08975,2.40,4.60
2008.02.29 02:19:30.791,2.08885,2.08975,2.40,4.60
2008.02.29 02:19:30.937,2.08885,2.08975,2.40,4.60
2008.02.29 02:19:31.098,2.08885,2.08975,2.40,4.60
2008.02.29 02:19:32.908,2.08885,2.08975,2.40,4.60
2008.02.29 02:19:35.651,2.08885,2.08975,2.40,4.60
2008.02.29 02:19:36.787,2.08885,2.08975,2.40,4.60
2008.02.29 02:19:36.903,2.08885,2.08975,2.40,5.40
2008.02.29 02:19:36.991,2.08885,2.08975,2.40,5.40
2008.02.29 02:19:38.231,2.08885,2.08975,2.40,5.40
2008.02.29 02:19:38.392,2.08885,2.08975,2.40,5.40
2008.02.29 02:19:40.024,2.08885,2.08975,2.40,5.40
2008.02.29 02:19:42.003,2.08885,2.08975,2.40,5.40
2008.02.29 02:19:42.125,2.08885,2.08975,2.40,5.40
2008.02.29 02:19:42.204,2.08885,2.08975,2.40,5.40
2008.02.29 02:19:42.278,2.08885,2.08975,2.40,5.40
2008.02.29 02:19:42.402,2.08885,2.08975,2.40,5.40
2008.02.29 02:19:42.498,2.08885,2.08975,2.40,5.40
2008.02.29 02:19:44.147,2.08885,2.08975,2.40,5.40
2008.02.29 02:19:44.306,2.08885,2.08975,2.40,5.40
2008.02.29 02:19:44.498,2.08885,2.08975,2.40,5.40
2008.02.29 02:19:44.686,2.08885,2.08975,2.40,5.40
2008.02.29 02:19:44.816,2.08885,2.08975,2.40,5.40
2008.02.29 02:19:44.991,2.08885,2.08975,2.40,5.40
2008.02.29 02:19:45.148,2.08885,2.08975,2.40,5.40
2008.02.29 02:19:45.503,2.08885,2.08975,2.40,5.40
2008.02.29 02:19:45.845,2.08885,2.08975,2.40,5.40
2008.02.29 02:19:46.198,2.08885,2.08975,2.40,5.40
2008.02.29 02:19:46.607,2.08885,2.08975,2.40,5.40
2008.02.29 02:19:46.862,2.08885,2.08975,2.40,5.40
2008.02.29 02:19:47.108,2.08885,2.08975,2.40,5.40
2008.02.29 02:19:47.360,2.08885,2.08975,2.40,5.40
2008.02.29 02:19:47.659,2.08885,2.08975,2.40,4.60
2008.02.29 02:19:47.956,2.08885,2.08975,2.40,4.60
2008.02.29 02:19:48.254,2.08885,2.08975,2.40,4.60
2008.02.29 02:19:48.510,2.08885,2.08975,2.40,4.60
2008.02.29 02:19:48.754,2.08885,2.08975,2.40,4.60
2008.02.29 02:19:48.998,2.08885,2.08975,2.40,4.60
2008.02.29 02:19:49.240,2.08885,2.08975,2.40,4.60
2008.02.29 02:19:49.518,2.08885,2.08975,2.40,4.60
2008.02.29 02:19:49.807,2.08885,2.08975,2.40,4.60
2008.02.29 02:19:50.099,2.08885,2.08975,2.40,4.60
2008.02.29 02:19:50.391,2.08885,2.08975,2.40,4.60
2008.02.29 02:19:50.658,2.08885,2.08975,2.40,4.60
2008.02.29 02:19:50.927,2.08885,2.08975,2.40,4.60
2008.02.29 02:19:51.194,2.08885,2.08975,2.40,4.60
2008.02.29 02:19:51.452,2.08885,2.08975,2.40,4.60
2008.02.29 02:19:51.755,2.08885,2.08975,2.40,4.60
2008.02.29 02:19:52.047,2.08885,2.08975,2.40,4.60
2008.02.29 02:19:52.349,2.08885,2.08975,2.40,4.60
2008.02.29 02:19:52.596,2.08885,2.08975,2.40,5.40
2008.02.29 02:19:54.398,2.08885,2.08935,2.40,2.40
2008.02.29 02:19:56.539,2.08875,2.08955,2.40,4.60
2008.02.29 02:19:56.542,2.08875,2.08955,2.40,2.40
2008.02.29 02:19:56.593,2.08875,2.08955,2.40,4.60
2008.02.29 02:19:56.659,2.08875,2.08955,2.40,4.60
2008.02.29 02:20:00.227,2.08875,2.08955,2.40,4.60
2008.02.29 02:20:00.281,2.08875,2.08955,2.40,4.60
2008.02.29 02:20:00.416,2.08875,2.08955,2.40,4.60
2008.02.29 02:20:00.536,2.08885,2.08975,2.40,7.10
2008.02.29 02:20:00.716,2.08895,2.08975,2.40,6.30
2008.02.29 02:20:02.071,2.08895,2.08975,2.40,4.00
2008.02.29 02:20:02.240,2.08895,2.08975,3.20,2.40
2008.02.29 02:20:03.969,2.08895,2.08975,3.20,2.40
2008.02.29 02:20:05.410,2.08895,2.08955,0.80,2.40
2008.02.29 02:20:05.551,2.0889,2.08955,2.40,2.40
2008.02.29 02:20:06.983,2.08875,2.08955,2.40,4.60
2008.02.29 02:20:07.040,2.08875,2.08955,2.40,4.60
2008.02.29 02:20:07.147,2.08875,2.08955,2.40,4.60
2008.02.29 02:20:08.226,2.08875,2.08955,2.40,4.60
2008.02.29 02:20:08.324,2.08875,2.08955,5.60,4.60
2008.02.29 02:20:09.605,2.08875,2.08955,5.60,4.60
2008.02.29 02:20:11.582,2.08875,2.08955,5.60,2.40
2008.02.29 02:20:11.620,2.08875,2.08955,5.60,2.40
2008.02.29 02:20:11.733,2.08875,2.08955,5.60,2.40
2008.02.29 02:20:11.897,2.08875,2.08955,5.60,2.40
2008.02.29 02:20:11.966,2.08875,2.08955,5.60,2.40
2008.02.29 02:20:12.038,2.08875,2.08955,5.60,2.40
2008.02.29 02:20:12.103,2.08875,2.08955,5.60,2.40
2008.02.29 02:20:12.188,2.08875,2.08955,5.60,2.40
2008.02.29 02:20:13.939,2.08875,2.08955,5.60,2.40
2008.02.29 02:20:14.275,2.08875,2.08955,5.60,2.40
2008.02.29 02:20:14.477,2.08875,2.08955,5.60,2.40
2008.02.29 02:20:14.666,2.08875,2.08955,5.60,2.40
2008.02.29 02:20:14.821,2.08875,2.08955,5.60,2.40
2008.02.29 02:20:15.009,2.08875,2.08955,5.60,2.40
2008.02.29 02:20:15.371,2.08875,2.08955,5.60,2.40
2008.02.29 02:20:15.728,2.08875,2.08955,5.60,2.40
2008.02.29 02:20:16.072,2.08875,2.08955,5.60,2.40
2008.02.29 02:20:16.286,2.08875,2.08955,5.60,2.40
2008.02.29 02:20:16.503,2.08875,2.08955,5.60,2.40
2008.02.29 02:20:16.709,2.08875,2.08955,5.60,2.40
2008.02.29 02:20:16.922,2.08875,2.08955,5.60,2.40
2008.02.29 02:20:17.128,2.08875,2.08955,5.60,2.40
2008.02.29 02:20:17.475,2.08875,2.08955,5.60,2.40
2008.02.29 02:20:17.833,2.08875,2.08955,5.60,2.40
2008.02.29 02:20:18.192,2.08905,2.08965,2.40,4.00
2008.02.29 02:20:18.436,2.08905,2.08965,2.40,2.40
2008.02.29 02:20:21.959,2.08905,2.08965,2.40,2.40
2008.02.29 02:20:24.010,2.08905,2.08965,2.40,2.40
2008.02.29 02:20:24.023,2.08905,2.08965,2.40,2.40
2008.02.29 02:20:24.149,2.08905,2.08965,2.40,2.40
2008.02.29 02:20:24.300,2.08905,2.08965,2.40,2.40
2008.02.29 02:20:24.458,2.08905,2.08965,2.40,2.40
2008.02.29 02:20:24.605,2.08885,2.08955,5.60,2.40
2008.02.29 02:20:24.794,2.08885,2.08955,5.60,2.40
2008.02.29 02:20:24.930,2.08885,2.08955,5.60,2.40
2008.02.29 02:20:27.408,2.08885,2.08955,0.80,2.40
2008.02.29 02:20:27.565,2.08865,2.08955,2.40,4.60
2008.02.29 02:20:27.729,2.08865,2.08955,2.40,4.60
2008.02.29 02:20:29.096,2.08865,2.08955,2.40,4.60
2008.02.29 02:20:29.221,2.08865,2.08955,2.40,4.60
2008.02.29 02:20:29.371,2.08865,2.08955,2.40,4.60
2008.02.29 02:20:29.541,2.08865,2.08955,2.40,4.60
2008.02.29 02:20:29.709,2.08865,2.08955,2.40,4.60
2008.02.29 02:20:31.192,2.08865,2.08955,2.40,4.60
2008.02.29 02:20:31.378,2.08865,2.08955,2.40,4.60
2008.02.29 02:20:31.520,2.08865,2.08955,2.40,4.60
2008.02.29 02:20:31.654,2.08865,2.08955,2.40,4.60
2008.02.29 02:20:31.798,2.08865,2.08955,2.40,4.60
2008.02.29 02:20:31.947,2.08865,2.08955,2.40,4.60
2008.02.29 02:20:35.911,2.08865,2.08955,2.40,4.60
2008.02.29 02:20:36.121,2.08865,2.08955,2.40,4.60
2008.02.29 02:20:37.473,2.08865,2.08955,2.40,4.60
2008.02.29 02:20:38.954,2.08865,2.08955,2.40,4.60
2008.02.29 02:20:39.251,2.08865,2.08955,2.40,4.60
2008.02.29 02:20:39.356,2.08865,2.08955,2.40,4.60
2008.02.29 02:20:39.457,2.08865,2.08955,2.40,4.60
2008.02.29 02:20:39.612,2.08865,2.08955,2.40,4.60
2008.02.29 02:20:39.737,2.08865,2.08955,2.40,4.60
2008.02.29 02:20:39.813,2.08865,2.08955,2.40,4.60
2008.02.29 02:20:41.221,2.08865,2.08955,2.40,4.60
2008.02.29 02:20:41.462,2.08865,2.08955,2.40,4.60
2008.02.29 02:20:41.697,2.08865,2.08955,2.40,4.60
2008.02.29 02:20:41.912,2.08865,2.08955,2.40,4.60
2008.02.29 02:20:42.119,2.08865,2.08955,2.40,4.60
2008.02.29 02:20:42.462,2.08865,2.08955,2.40,4.60
2008.02.29 02:20:42.813,2.08865,2.08955,2.40,4.60
2008.02.29 02:20:43.159,2.08865,2.08955,2.40,4.60
2008.02.29 02:20:43.381,2.08865,2.08955,2.40,4.60
2008.02.29 02:20:43.592,2.08865,2.08955,2.40,4.60
2008.02.29 02:20:43.808,2.08865,2.08955,2.40,4.60
2008.02.29 02:20:44.014,2.08865,2.08955,2.40,4.60
2008.02.29 02:20:45.016,2.08865,2.08955,2.40,4.60
2008.02.29 02:20:45.267,2.08865,2.08955,2.40,4.60
2008.02.29 02:20:47.028,2.08865,2.08955,2.40,4.60
2008.02.29 02:20:47.320,2.08865,2.08955,2.40,4.60
2008.02.29 02:20:47.459,2.08865,2.08955,2.40,4.60
2008.02.29 02:20:47.589,2.08865,2.08955,2.40,4.60
2008.02.29 02:20:47.817,2.08865,2.08955,2.40,4.60
2008.02.29 02:20:50.637,2.08865,2.08955,2.40,4.60
2008.02.29 02:20:50.715,2.08865,2.08955,2.40,4.60
2008.02.29 02:20:50.800,2.08865,2.08955,2.40,4.60
2008.02.29 02:20:50.954,2.08865,2.08955,2.40,4.60
2008.02.29 02:20:51.032,2.08865,2.08955,2.40,4.60
2008.02.29 02:20:51.115,2.08865,2.08955,2.40,4.60
2008.02.29 02:20:51.403,2.08865,2.08955,2.40,4.60
2008.02.29 02:20:51.434,2.08865,2.08955,2.40,4.60
2008.02.29 02:20:51.502,2.08865,2.08955,2.40,4.60
2008.02.29 02:20:51.662,2.08865,2.08955,2.40,4.60
2008.02.29 02:20:52.019,2.08865,2.08955,2.40,4.60
2008.02.29 02:20:52.363,2.08865,2.08955,2.40,4.60
2008.02.29 02:20:52.718,2.08865,2.08955,2.40,4.60
2008.02.29 02:20:52.941,2.08865,2.08955,2.40,4.60
2008.02.29 02:20:53.157,2.08865,2.08955,2.40,4.60
2008.02.29 02:20:53.380,2.08865,2.08955,2.40,4.60
2008.02.29 02:20:53.586,2.08865,2.08955,2.40,4.60
2008.02.29 02:20:53.807,2.08865,2.08955,2.40,4.60
2008.02.29 02:20:54.138,2.08865,2.08955,2.40,4.60
2008.02.29 02:20:54.469,2.08865,2.08955,2.40,4.60
2008.02.29 02:20:54.800,2.08865,2.08955,2.40,4.60
2008.02.29 02:20:55.055,2.08865,2.08955,2.40,4.60
2008.02.29 02:20:55.309,2.08865,2.08955,2.40,4.60
2008.02.29 02:20:55.564,2.08865,2.08955,2.40,4.60
2008.02.29 02:20:55.824,2.08865,2.08955,2.40,4.60
2008.02.29 02:20:56.103,2.08865,2.08955,2.40,4.60
2008.02.29 02:20:56.385,2.08865,2.08955,2.40,4.60
2008.02.29 02:20:56.676,2.08865,2.08955,2.40,4.60
2008.02.29 02:20:56.976,2.08865,2.08955,2.40,4.60
2008.02.29 02:20:57.287,2.08865,2.08955,4.80,4.60
2008.02.29 02:20:57.600,2.08865,2.08955,4.80,4.60
2008.02.29 02:20:57.899,2.08865,2.08955,4.80,4.60
2008.02.29 02:20:58.167,2.08865,2.08955,4.80,4.60
2008.02.29 02:20:58.428,2.08865,2.08955,4.80,4.60
2008.02.29 02:20:59.950,2.08865,2.08955,4.80,4.60
2008.02.29 02:21:00.073,2.08865,2.08955,4.80,4.60
2008.02.29 02:21:00.269,2.08865,2.08955,4.80,4.60
2008.02.29 02:21:00.415,2.08865,2.08955,4.80,4.60
2008.02.29 02:21:03.010,2.08865,2.08955,4.80,4.60
2008.02.29 02:21:03.163,2.08865,2.08955,4.80,4.60
2008.02.29 02:21:03.313,2.08865,2.08955,4.80,4.60
2008.02.29 02:21:03.511,2.08865,2.08955,4.80,4.60
2008.02.29 02:21:03.697,2.08865,2.08955,4.80,4.60
2008.02.29 02:21:04.882,2.08865,2.08955,4.80,4.60
2008.02.29 02:21:05.052,2.08865,2.08955,4.80,4.60
2008.02.29 02:21:05.212,2.08865,2.08955,4.80,4.60
2008.02.29 02:21:05.388,2.08865,2.08955,4.80,4.60
2008.02.29 02:21:05.579,2.08865,2.08955,4.80,4.60
2008.02.29 02:21:05.734,2.08865,2.08955,4.80,4.60
2008.02.29 02:21:05.889,2.08865,2.08955,4.80,4.60
2008.02.29 02:21:06.241,2.08865,2.08955,4.80,4.60
2008.02.29 02:21:07.942,2.08865,2.08955,4.80,4.60
2008.02.29 02:21:08.041,2.08865,2.08955,4.80,4.60
2008.02.29 02:21:08.217,2.08865,2.08955,4.80,4.60
2008.02.29 02:21:08.307,2.08865,2.08955,4.80,4.60
2008.02.29 02:21:09.681,2.08865,2.08955,4.80,4.60
2008.02.29 02:21:17.099,2.08865,2.08955,4.80,4.60
2008.02.29 02:21:17.602,2.08875,2.0897,2.40,1.60
2008.02.29 02:21:17.851,2.08895,2.08995,2.40,1.60
2008.02.29 02:21:18.097,2.08895,2.08995,2.40,1.60
2008.02.29 02:21:18.323,2.08895,2.08995,4.80,1.60
2008.02.29 02:21:18.617,2.08895,2.08995,4.80,1.60
2008.02.29 02:21:18.906,2.08895,2.08995,4.80,1.60
2008.02.29 02:21:19.205,2.08895,2.08995,4.80,1.60
2008.02.29 02:21:19.479,2.08895,2.08995,4.80,1.60
2008.02.29 02:21:19.736,2.08895,2.08995,4.80,1.60
2008.02.29 02:21:20.004,2.08895,2.08995,4.80,1.60
2008.02.29 02:21:20.263,2.08895,2.08995,4.80,1.60
2008.02.29 02:21:20.516,2.08895,2.08995,4.80,1.60
2008.02.29 02:21:20.784,2.08895,2.08995,4.80,1.60
2008.02.29 02:21:21.048,2.08895,2.08995,4.80,1.60
2008.02.29 02:21:21.324,2.08895,2.08995,4.80,1.60
2008.02.29 02:21:21.612,2.08895,2.08995,4.80,1.60
2008.02.29 02:21:21.889,2.08895,2.08995,4.80,1.60
2008.02.29 02:21:22.168,2.08895,2.08995,4.80,1.60
2008.02.29 02:21:22.470,2.0892,2.09005,2.40,4.00
2008.02.29 02:21:22.757,2.0892,2.09015,2.40,4.60
2008.02.29 02:21:23.046,2.08905,2.09005,2.40,1.60
2008.02.29 02:21:23.350,2.08905,2.09005,2.40,5.60
2008.02.29 02:21:25.057,2.08895,2.08995,4.80,1.60
2008.02.29 02:21:26.233,2.08905,2.09005,2.40,1.60
2008.02.29 02:21:26.342,2.08905,2.09005,2.40,1.60
2008.02.29 02:21:26.557,2.08905,2.09005,2.40,1.60
2008.02.29 02:21:28.487,2.08905,2.09005,2.40,1.60
2008.02.29 02:21:28.642,2.08905,2.09005,2.40,1.60
2008.02.29 02:21:28.875,2.08905,2.09005,2.40,1.60
2008.02.29 02:21:30.552,2.08905,2.09005,2.40,1.60
2008.02.29 02:21:30.703,2.08905,2.09005,2.40,1.60
2008.02.29 02:21:30.846,2.08905,2.09005,2.40,1.60
2008.02.29 02:21:30.992,2.08905,2.09005,2.40,1.60
2008.02.29 02:21:33.052,2.08905,2.09005,2.40,1.60
2008.02.29 02:21:34.645,2.08905,2.09005,2.40,1.60
2008.02.29 02:21:36.079,2.08905,2.09005,2.40,1.60
2008.02.29 02:21:36.220,2.08905,2.09005,2.40,1.60
2008.02.29 02:21:36.460,2.08905,2.09005,2.40,1.60
2008.02.29 02:21:38.313,2.08905,2.09005,2.40,1.60
2008.02.29 02:21:38.468,2.08905,2.09005,2.40,1.60
2008.02.29 02:21:38.632,2.08905,2.09005,2.40,1.60
2008.02.29 02:21:38.793,2.08905,2.09005,2.40,1.60
2008.02.29 02:21:38.953,2.08905,2.09005,2.40,1.60
2008.02.29 02:21:39.133,2.08905,2.09005,2.40,1.60
2008.02.29 02:21:39.349,2.08905,2.09005,2.40,1.60
2008.02.29 02:21:39.710,2.08905,2.09005,2.40,1.60
2008.02.29 02:21:40.055,2.08905,2.09005,2.40,1.60
2008.02.29 02:21:40.402,2.08905,2.09005,2.40,1.60
2008.02.29 02:21:40.626,2.08905,2.09005,2.40,1.60
2008.02.29 02:21:40.840,2.08905,2.09005,2.40,1.60
2008.02.29 02:21:41.066,2.08905,2.09005,2.40,1.60
2008.02.29 02:21:41.291,2.08905,2.09005,2.40,1.60
2008.02.29 02:21:41.592,2.08905,2.09005,2.40,1.60
2008.02.29 02:21:41.876,2.08905,2.09005,2.40,1.60
2008.02.29 02:21:42.168,2.08905,2.09005,2.40,1.60
2008.02.29 02:21:42.459,2.08905,2.09005,2.40,1.60
2008.02.29 02:21:42.735,2.08905,2.09005,2.40,1.60
2008.02.29 02:21:43.011,2.08905,2.09005,2.40,1.60
2008.02.29 02:21:43.287,2.08905,2.09005,2.40,1.60
2008.02.29 02:21:43.564,2.08905,2.09005,2.40,1.60
2008.02.29 02:21:45.046,2.08905,2.09005,2.40,1.60
2008.02.29 02:21:45.157,2.08905,2.09005,2.40,1.60
2008.02.29 02:21:46.157,2.08905,2.09005,2.40,1.60
2008.02.29 02:21:46.304,2.08905,2.09005,2.40,1.60
2008.02.29 02:21:49.827,2.08905,2.09005,2.40,1.60
2008.02.29 02:21:51.638,2.08935,2.09035,4.80,4.60
2008.02.29 02:21:51.741,2.08935,2.09015,2.40,6.00
2008.02.29 02:21:51.831,2.08935,2.09015,2.40,6.00
2008.02.29 02:21:51.939,2.08935,2.09015,2.40,6.00
2008.02.29 02:21:52.034,2.08935,2.09015,2.40,6.00
2008.02.29 02:21:52.120,2.08935,2.09015,2.40,6.00
2008.02.29 02:21:52.268,2.08935,2.09015,2.40,6.00
2008.02.29 02:21:52.518,2.08935,2.09015,2.40,6.00
2008.02.29 02:21:52.667,2.08935,2.09015,2.40,6.00
2008.02.29 02:21:52.977,2.08935,2.09015,2.40,6.00
2008.02.29 02:21:53.332,2.08935,2.09015,2.40,6.00
2008.02.29 02:21:59.323,2.08935,2.09015,2.40,6.00
2008.02.29 02:21:59.389,2.08935,2.09015,2.40,6.00
2008.02.29 02:22:01.496,2.08935,2.09015,2.40,6.00
2008.02.29 02:22:01.757,2.08935,2.09025,2.40,6.20
2008.02.29 02:22:01.863,2.08935,2.09025,2.40,6.20
2008.02.29 02:22:03.741,2.08935,2.09025,2.40,6.20
2008.02.29 02:22:03.892,2.08935,2.09035,4.80,6.30
2008.02.29 02:22:04.050,2.0893,2.09025,2.40,6.00
2008.02.29 02:22:04.193,2.0893,2.09025,2.40,6.00
2008.02.29 02:22:04.313,2.0893,2.09015,2.40,6.00
2008.02.29 02:22:05.249,2.0893,2.09015,2.40,6.00
2008.02.29 02:22:05.523,2.0893,2.09015,2.40,6.00
2008.02.29 02:22:05.796,2.08925,2.09015,2.40,6.00
2008.02.29 02:22:06.065,2.08925,2.09025,2.40,7.90
2008.02.29 02:22:06.312,2.08925,2.09025,2.40,7.90
2008.02.29 02:22:06.622,2.08925,2.09025,2.40,6.20
2008.02.29 02:22:06.932,2.08925,2.09025,2.40,6.20
2008.02.29 02:22:07.256,2.08925,2.09025,2.40,6.20
2008.02.29 02:22:07.534,2.08925,2.09025,2.40,6.20
2008.02.29 02:22:07.805,2.08925,2.09025,2.40,6.20
2008.02.29 02:22:08.075,2.08925,2.09025,2.40,6.20
2008.02.29 02:22:08.353,2.08925,2.09025,2.40,6.20
2008.02.29 02:22:08.632,2.08925,2.09025,2.40,6.20
2008.02.29 02:22:08.892,2.08925,2.09025,2.40,6.20
2008.02.29 02:22:09.163,2.08925,2.09025,2.40,6.20
2008.02.29 02:22:09.426,2.08925,2.09025,2.40,6.20
2008.02.29 02:22:09.682,2.08925,2.09025,2.40,6.20
2008.02.29 02:22:09.939,2.08925,2.09025,2.40,6.20
2008.02.29 02:22:10.204,2.08925,2.09025,2.40,6.20
2008.02.29 02:22:10.480,2.08925,2.09025,2.40,6.20
2008.02.29 02:22:10.755,2.08925,2.09025,2.40,6.20
2008.02.29 02:22:11.032,2.08925,2.09025,2.40,6.20
2008.02.29 02:22:13.140,2.08925,2.09025,2.40,6.20
2008.02.29 02:22:13.198,2.08925,2.09025,2.40,6.20
2008.02.29 02:22:13.276,2.08925,2.09025,2.40,6.20
2008.02.29 02:22:13.336,2.08925,2.09025,2.40,6.20
2008.02.29 02:22:13.403,2.08925,2.09025,2.40,6.20
2008.02.29 02:22:16.098,2.08925,2.09025,2.40,6.20
2008.02.29 02:22:18.480,2.08925,2.09025,2.40,6.20
2008.02.29 02:22:18.526,2.08925,2.09025,2.40,6.20
2008.02.29 02:22:18.563,2.08925,2.09025,2.40,6.20
2008.02.29 02:22:18.619,2.08925,2.09025,2.40,6.20
2008.02.29 02:22:18.771,2.08925,2.09025,2.40,6.20
2008.02.29 02:22:19.649,2.08925,2.09025,2.40,6.20
2008.02.29 02:22:19.699,2.08925,2.09025,2.40,6.20
2008.02.29 02:22:20.347,2.08925,2.09025,2.40,6.20
2008.02.29 02:22:22.413,2.08925,2.09025,2.40,6.20
2008.02.29 02:22:25.620,2.08925,2.09025,2.40,6.20
2008.02.29 02:22:25.682,2.08925,2.09025,2.40,6.20
2008.02.29 02:22:25.719,2.08925,2.09025,2.40,6.20
2008.02.29 02:22:25.771,2.08925,2.09025,2.40,6.20
2008.02.29 02:22:25.808,2.08925,2.09025,2.40,6.20
2008.02.29 02:22:25.888,2.08925,2.09025,2.40,6.20
2008.02.29 02:22:25.936,2.08925,2.09025,2.40,6.20
2008.02.29 02:22:26.041,2.08925,2.09025,2.40,6.20
2008.02.29 02:22:26.147,2.08925,2.09025,2.40,6.20
2008.02.29 02:22:27.752,2.08925,2.09025,2.40,6.20
2008.02.29 02:22:27.974,2.08925,2.09025,2.40,6.20
2008.02.29 02:22:28.185,2.08925,2.09025,2.40,6.20
2008.02.29 02:22:31.070,2.08925,2.09025,2.40,6.20
2008.02.29 02:22:31.162,2.08925,2.09025,2.40,6.20
2008.02.29 02:22:31.239,2.08925,2.09025,2.40,6.20
2008.02.29 02:22:31.277,2.08925,2.09025,2.40,6.20
2008.02.29 02:22:32.775,2.08925,2.09025,2.40,6.20
2008.02.29 02:22:34.436,2.08925,2.09025,2.40,6.20
2008.02.29 02:22:34.585,2.08925,2.09025,2.40,6.20
2008.02.29 02:22:34.805,2.08925,2.09025,2.40,6.20
2008.02.29 02:22:35.015,2.08925,2.09025,2.40,6.20
2008.02.29 02:22:36.622,2.08925,2.09025,2.40,6.20
2008.02.29 02:22:36.826,2.08925,2.09025,2.40,6.20
2008.02.29 02:22:37.010,2.08925,2.09025,2.40,6.20
2008.02.29 02:22:37.182,2.08925,2.09025,2.40,6.20
2008.02.29 02:22:37.345,2.08925,2.09025,2.40,6.20
2008.02.29 02:22:37.508,2.08925,2.09025,2.40,6.20
2008.02.29 02:22:37.685,2.08925,2.09025,2.40,6.20
2008.02.29 02:22:38.042,2.08925,2.09025,2.40,6.20
2008.02.29 02:22:38.395,2.08925,2.09025,2.40,6.20
2008.02.29 02:22:38.751,2.08925,2.09025,2.40,6.20
2008.02.29 02:22:38.973,2.08925,2.09025,2.40,6.20
2008.02.29 02:22:39.197,2.08925,2.09025,2.40,6.20
2008.02.29 02:22:39.425,2.08925,2.09025,2.40,6.20
2008.02.29 02:22:39.657,2.08925,2.09025,2.40,6.20
2008.02.29 02:22:39.968,2.08925,2.09025,2.40,6.20
2008.02.29 02:22:40.272,2.08925,2.09025,2.40,6.20
2008.02.29 02:22:40.585,2.08925,2.09025,2.40,6.20
2008.02.29 02:22:40.888,2.08925,2.09025,2.40,6.20
2008.02.29 02:22:41.133,2.08925,2.09025,2.40,6.20
2008.02.29 02:22:41.370,2.08925,2.09025,2.40,6.20
2008.02.29 02:22:43.883,2.08925,2.09025,2.40,6.20
2008.02.29 02:22:43.957,2.08925,2.09025,2.40,6.20
2008.02.29 02:22:44.043,2.08925,2.09025,2.40,6.20
2008.02.29 02:22:44.149,2.08925,2.09025,2.40,6.20
2008.02.29 02:22:44.355,2.08925,2.09025,2.40,6.20
2008.02.29 02:22:44.504,2.08925,2.09025,2.40,6.20
2008.02.29 02:22:44.566,2.08925,2.09025,2.40,6.20
2008.02.29 02:22:44.709,2.08925,2.09025,2.40,6.20
2008.02.29 02:22:44.914,2.08925,2.09025,2.40,6.20
2008.02.29 02:22:44.983,2.08925,2.09025,2.40,6.20
2008.02.29 02:22:45.466,2.08925,2.09025,2.40,6.20
2008.02.29 02:22:45.834,2.08925,2.09025,2.40,6.20
2008.02.29 02:22:46.189,2.08925,2.09025,2.40,6.20
2008.02.29 02:22:46.394,2.08925,2.09025,2.40,6.20
2008.02.29 02:22:46.612,2.08925,2.09025,2.40,6.20
2008.02.29 02:22:46.848,2.08925,2.09025,2.40,6.20
2008.02.29 02:22:47.118,2.08925,2.09025,2.40,6.20
2008.02.29 02:22:47.428,2.08925,2.09025,2.40,6.20
2008.02.29 02:22:47.752,2.08925,2.09025,2.40,6.20
2008.02.29 02:22:48.108,2.08925,2.09025,2.40,6.20
2008.02.29 02:22:48.351,2.08925,2.09025,2.40,6.20
2008.02.29 02:22:48.591,2.08925,2.09025,2.40,6.20
2008.02.29 02:22:51.338,2.08925,2.09015,2.40,6.00
2008.02.29 02:22:53.122,2.08925,2.09015,2.40,6.00
2008.02.29 02:22:53.305,2.08925,2.09015,2.40,6.00
2008.02.29 02:22:53.343,2.08925,2.09015,2.40,6.00
2008.02.29 02:22:53.440,2.08925,2.09015,2.40,6.00
2008.02.29 02:22:54.741,2.08925,2.09015,2.40,6.00
2008.02.29 02:22:54.930,2.08925,2.09015,2.40,6.00
2008.02.29 02:22:55.084,2.08925,2.09015,2.40,6.00
2008.02.29 02:22:55.285,2.08925,2.09015,2.40,6.00
2008.02.29 02:22:55.480,2.08925,2.09015,2.40,6.00
2008.02.29 02:22:55.663,2.08925,2.09015,2.40,6.00
2008.02.29 02:22:57.216,2.08925,2.09015,2.40,6.00
2008.02.29 02:22:57.317,2.08925,2.09015,2.40,6.00
2008.02.29 02:22:57.978,2.08925,2.09015,2.40,6.00
2008.02.29 02:22:58.049,2.08925,2.09015,2.40,6.00
2008.02.29 02:22:58.130,2.08925,2.09015,2.40,6.00
2008.02.29 02:22:58.414,2.08945,2.09025,2.40,0.30
2008.02.29 02:22:58.703,2.08945,2.09035,2.40,5.40
2008.02.29 02:22:58.970,2.08935,2.09035,2.40,11.40
2008.02.29 02:22:59.213,2.08925,2.0903,2.40,1.60
2008.02.29 02:22:59.518,2.08925,2.0903,2.40,1.60
2008.02.29 02:22:59.831,2.08925,2.09015,2.40,6.00
2008.02.29 02:23:00.144,2.08925,2.09015,2.40,6.00
2008.02.29 02:23:00.391,2.08925,2.09015,2.40,6.00
2008.02.29 02:23:00.634,2.08925,2.09015,2.40,6.00
2008.02.29 02:23:00.887,2.08925,2.09015,2.40,6.00
2008.02.29 02:23:01.142,2.08925,2.09015,2.40,6.00
2008.02.29 02:23:01.453,2.08925,2.09015,2.40,6.00
2008.02.29 02:23:01.753,2.08925,2.09015,2.40,6.00
2008.02.29 02:23:02.049,2.08925,2.09015,2.40,6.00
2008.02.29 02:23:02.350,2.08925,2.09015,2.40,6.00
2008.02.29 02:23:02.643,2.08925,2.09015,2.40,6.00
2008.02.29 02:23:02.922,2.08925,2.09015,2.40,6.00
2008.02.29 02:23:03.204,2.08925,2.09015,2.40,6.00
2008.02.29 02:23:03.475,2.08925,2.09015,2.40,6.00
2008.02.29 02:23:03.766,2.08925,2.09015,2.40,6.00
2008.02.29 02:23:04.004,2.08925,2.09015,2.40,6.00
2008.02.29 02:23:04.263,2.08925,2.09015,2.40,6.00
2008.02.29 02:23:04.524,2.08925,2.09015,2.40,6.00
2008.02.29 02:23:04.789,2.08925,2.09015,2.40,6.00
2008.02.29 02:23:05.060,2.08925,2.09015,2.40,6.00
2008.02.29 02:23:05.334,2.08925,2.09015,2.40,6.00
2008.02.29 02:23:05.609,2.08925,2.09015,2.40,6.00
2008.02.29 02:23:05.891,2.08925,2.09015,2.40,6.00
2008.02.29 02:23:06.164,2.08925,2.09015,2.40,6.00
2008.02.29 02:23:06.441,2.08925,2.09015,2.40,6.00
2008.02.29 02:23:06.715,2.08925,2.09015,2.40,6.00
2008.02.29 02:23:06.973,2.08925,2.09015,2.40,6.00
2008.02.29 02:23:07.244,2.08925,2.09015,2.40,6.00
2008.02.29 02:23:07.514,2.08925,2.09015,2.40,6.00
2008.02.29 02:23:07.820,2.08925,2.09015,2.40,6.00
2008.02.29 02:23:08.133,2.08925,2.09015,2.40,6.00
2008.02.29 02:23:08.433,2.08925,2.09015,2.40,6.00
2008.02.29 02:23:08.713,2.08925,2.09015,2.40,6.00
2008.02.29 02:23:09.000,2.08925,2.09015,2.40,6.00
2008.02.29 02:23:09.276,2.08925,2.09015,2.40,6.00
2008.02.29 02:23:09.549,2.08925,2.09015,2.40,6.00
2008.02.29 02:23:09.817,2.08925,2.09015,2.40,6.00
2008.02.29 02:23:10.073,2.08925,2.09015,2.40,6.00
2008.02.29 02:23:10.331,2.08925,2.09015,2.40,6.00
2008.02.29 02:23:10.621,2.08925,2.09015,2.40,6.00
2008.02.29 02:23:10.922,2.08925,2.09015,2.40,6.00
2008.02.29 02:23:11.235,2.08925,2.09015,2.40,6.00
2008.02.29 02:23:11.529,2.08925,2.09015,2.40,6.00
2008.02.29 02:23:11.766,2.08925,2.09015,2.40,6.00
2008.02.29 02:23:12.014,2.08925,2.09015,2.40,6.00
2008.02.29 02:23:12.255,2.08925,2.09015,2.40,6.00
2008.02.29 02:23:12.494,2.08925,2.09015,2.40,6.00
2008.02.29 02:23:12.808,2.08925,2.09015,2.40,6.00
2008.02.29 02:23:13.115,2.08925,2.09015,2.40,6.00
2008.02.29 02:23:13.421,2.08925,2.09015,2.40,6.00
2008.02.29 02:23:13.681,2.08925,2.09015,2.40,6.00
2008.02.29 02:23:13.951,2.08925,2.09015,2.40,6.00
2008.02.29 02:23:14.213,2.08925,2.09025,2.40,6.00
2008.02.29 02:23:14.454,2.08925,2.09025,2.40,6.00
2008.02.29 02:23:14.736,2.08925,2.09025,2.40,6.00
2008.02.29 02:23:15.021,2.08925,2.09025,2.40,6.00
2008.02.29 02:23:15.292,2.08925,2.09025,2.40,6.00
2008.02.29 02:23:15.563,2.08925,2.09025,2.40,6.00
2008.02.29 02:23:15.824,2.08925,2.09025,2.40,6.00
2008.02.29 02:23:16.087,2.08925,2.09025,2.40,6.00
2008.02.29 02:23:16.345,2.08925,2.09025,2.40,6.00
2008.02.29 02:23:16.619,2.08925,2.09025,2.40,6.00
2008.02.29 02:23:16.898,2.08925,2.09025,2.40,6.00
2008.02.29 02:23:17.187,2.08925,2.09025,2.40,6.00
2008.02.29 02:23:17.491,2.08925,2.09025,2.40,6.00
2008.02.29 02:23:17.780,2.08925,2.09025,2.40,6.00
2008.02.29 02:23:18.082,2.08925,2.09025,2.40,6.00
2008.02.29 02:23:18.367,2.08925,2.09025,2.40,6.00
2008.02.29 02:23:18.650,2.08925,2.09025,2.40,6.00
2008.02.29 02:23:18.917,2.08925,2.09025,2.40,6.00
2008.02.29 02:23:19.174,2.08925,2.09025,2.40,6.00
2008.02.29 02:23:19.431,2.08925,2.09025,2.40,6.00
2008.02.29 02:23:19.697,2.08925,2.09025,2.40,6.00
2008.02.29 02:23:19.956,2.08925,2.09025,2.40,6.00
2008.02.29 02:23:20.208,2.08925,2.09025,2.40,6.00
2008.02.29 02:23:20.464,2.08925,2.09025,2.40,6.00
2008.02.29 02:23:20.716,2.08925,2.09025,2.40,6.00
2008.02.29 02:23:20.991,2.08925,2.09025,2.40,6.00
2008.02.29 02:23:21.272,2.08925,2.09025,2.40,6.00
2008.02.29 02:23:21.566,2.08935,2.09035,2.40,15.60
2008.02.29 02:23:21.858,2.08935,2.09035,2.40,15.60
2008.02.29 02:23:22.157,2.08935,2.09035,2.40,15.60
2008.02.29 02:23:22.446,2.08935,2.09035,2.40,15.60
2008.02.29 02:23:22.746,2.08935,2.09035,2.40,15.60
2008.02.29 02:23:22.997,2.08935,2.09035,2.40,15.60
2008.02.29 02:23:23.257,2.08935,2.09035,2.40,15.60
2008.02.29 02:23:23.510,2.08935,2.09035,2.40,15.60
2008.02.29 02:23:23.762,2.08935,2.09035,2.40,15.60
2008.02.29 02:23:24.042,2.08935,2.09035,2.40,15.60
2008.02.29 02:23:24.324,2.08935,2.09035,2.40,15.60
2008.02.29 02:23:24.618,2.08935,2.09035,2.40,15.60
2008.02.29 02:23:24.876,2.08935,2.09035,2.40,15.60
2008.02.29 02:23:25.148,2.08935,2.09035,2.40,15.60
2008.02.29 02:23:25.383,2.08935,2.09035,2.40,15.60
2008.02.29 02:23:25.629,2.08935,2.09035,2.40,15.60
2008.02.29 02:23:25.900,2.08935,2.09035,2.40,15.60
2008.02.29 02:23:26.183,2.08935,2.09035,2.40,15.60
2008.02.29 02:23:26.458,2.08935,2.09035,2.40,15.60
2008.02.29 02:23:26.739,2.08935,2.09035,2.40,15.60
2008.02.29 02:23:27.029,2.08935,2.09035,2.40,15.60
2008.02.29 02:23:27.328,2.08935,2.09035,2.40,15.60
2008.02.29 02:23:27.619,2.08935,2.09035,2.40,15.60
2008.02.29 02:23:27.873,2.08935,2.09035,2.40,15.60
2008.02.29 02:23:28.127,2.08935,2.09035,2.40,15.60
2008.02.29 02:23:28.377,2.08935,2.09035,2.40,15.60
2008.02.29 02:23:28.631,2.08935,2.09035,2.40,15.60
2008.02.29 02:23:28.919,2.08935,2.09035,2.40,15.60
2008.02.29 02:23:29.207,2.08935,2.09035,2.40,15.60
2008.02.29 02:23:29.505,2.08935,2.09035,2.40,15.60
2008.02.29 02:23:29.796,2.08935,2.09035,2.40,15.60
2008.02.29 02:23:30.041,2.08935,2.09035,2.40,15.60
2008.02.29 02:23:30.298,2.08935,2.09035,2.40,15.60
2008.02.29 02:23:30.553,2.08935,2.09035,2.40,15.60
2008.02.29 02:23:30.806,2.08935,2.09035,2.40,15.60
2008.02.29 02:23:31.108,2.08935,2.09035,2.40,15.60
2008.02.29 02:23:31.419,2.08935,2.09035,2.40,15.60
2008.02.29 02:23:31.730,2.08935,2.09035,2.40,15.60
2008.02.29 02:23:31.986,2.08935,2.09035,2.40,15.60
2008.02.29 02:23:33.488,2.08935,2.09035,2.40,15.60
2008.02.29 02:23:33.563,2.08935,2.09035,2.40,15.60
2008.02.29 02:23:33.663,2.08935,2.09035,2.40,15.60
2008.02.29 02:23:33.782,2.08935,2.09035,2.40,15.60
2008.02.29 02:23:33.894,2.08935,2.09035,2.40,15.60
2008.02.29 02:23:34.007,2.08935,2.09035,2.40,15.60
2008.02.29 02:23:35.904,2.08935,2.09035,2.40,15.60
2008.02.29 02:23:36.066,2.08935,2.09035,2.40,15.60
2008.02.29 02:23:36.210,2.08935,2.09035,2.40,15.60
2008.02.29 02:23:36.397,2.08935,2.09035,2.40,15.60
2008.02.29 02:23:36.576,2.08935,2.09035,2.40,15.60
2008.02.29 02:23:36.730,2.08935,2.09035,2.40,15.60
2008.02.29 02:23:36.871,2.08935,2.09035,2.40,15.60
2008.02.29 02:23:37.012,2.08935,2.09035,2.40,15.60
2008.02.29 02:23:37.363,2.08935,2.09035,2.40,15.60
2008.02.29 02:23:37.711,2.08935,2.09035,2.40,15.60
2008.02.29 02:23:39.632,2.08935,2.09035,2.40,15.60
2008.02.29 02:23:41.771,2.08935,2.09035,2.40,15.60
2008.02.29 02:23:41.858,2.08935,2.09035,2.40,15.60
2008.02.29 02:23:43.615,2.08935,2.09035,2.40,15.60
2008.02.29 02:23:43.775,2.08935,2.09035,2.40,15.60
2008.02.29 02:23:43.864,2.08935,2.09035,2.40,15.60
2008.02.29 02:23:44.033,2.08935,2.09035,2.40,15.60
2008.02.29 02:23:44.160,2.08935,2.09035,2.40,15.60
2008.02.29 02:23:44.268,2.08935,2.09035,2.40,15.60
2008.02.29 02:23:44.403,2.08935,2.09035,2.40,15.60
2008.02.29 02:23:44.518,2.08935,2.09035,2.40,15.60
2008.02.29 02:23:44.667,2.08935,2.09035,2.40,15.60
2008.02.29 02:23:47.122,2.08935,2.09035,2.40,15.60
2008.02.29 02:23:48.600,2.08935,2.09035,2.40,13.20
2008.02.29 02:23:48.666,2.0892,2.0902,2.40,1.60
2008.02.29 02:23:50.094,2.0892,2.0902,2.40,1.60
2008.02.29 02:23:50.597,2.0892,2.0902,2.40,1.60
2008.02.29 02:23:50.832,2.0892,2.0902,2.40,1.60
2008.02.29 02:23:50.922,2.0892,2.0902,2.40,1.60
2008.02.29 02:23:52.499,2.0892,2.0902,2.40,1.60
2008.02.29 02:23:52.585,2.0892,2.0902,2.40,1.60
2008.02.29 02:23:52.759,2.0892,2.0902,2.40,1.60
2008.02.29 02:23:52.965,2.0892,2.0902,2.40,1.60
2008.02.29 02:23:53.170,2.0892,2.0902,2.40,1.60
2008.02.29 02:23:53.367,2.0892,2.0902,2.40,1.60
2008.02.29 02:23:53.559,2.0892,2.0902,2.40,1.60
2008.02.29 02:23:53.902,2.0892,2.0902,2.40,1.60
2008.02.29 02:23:54.256,2.0892,2.0902,2.40,1.60
2008.02.29 02:23:54.612,2.0892,2.0902,2.40,1.60
2008.02.29 02:23:54.859,2.0892,2.09025,2.40,1.60
2008.02.29 02:23:55.102,2.0892,2.09025,2.40,1.60
2008.02.29 02:23:55.334,2.0892,2.09025,2.40,1.60
2008.02.29 02:23:55.560,2.0892,2.09025,2.40,1.60
2008.02.29 02:23:55.840,2.0892,2.09025,2.40,1.60
2008.02.29 02:23:56.121,2.0892,2.09025,2.40,1.60
2008.02.29 02:23:56.419,2.0892,2.09025,2.40,1.60
2008.02.29 02:23:56.709,2.0892,2.09025,2.40,1.60
2008.02.29 02:23:56.971,2.0892,2.09025,2.40,1.60
2008.02.29 02:23:57.218,2.0892,2.09025,2.40,1.60
2008.02.29 02:23:57.478,2.0892,2.09025,2.40,1.60
2008.02.29 02:23:57.737,2.0892,2.09025,2.40,1.60
2008.02.29 02:23:58.020,2.0892,2.09025,2.40,7.60
2008.02.29 02:23:58.303,2.0892,2.09025,2.40,7.60
2008.02.29 02:23:58.584,2.0892,2.09025,2.40,7.60
2008.02.29 02:23:58.860,2.0892,2.09025,2.40,7.60
2008.02.29 02:23:59.148,2.0892,2.09025,2.40,7.60
2008.02.29 02:23:59.427,2.0892,2.09025,2.40,7.60
2008.02.29 02:23:59.688,2.0892,2.09025,2.40,7.60
2008.02.29 02:24:01.543,2.0892,2.09025,2.40,7.60
2008.02.29 02:24:01.590,2.0892,2.09025,2.40,7.60
2008.02.29 02:24:01.752,2.0892,2.09025,2.40,7.60
2008.02.29 02:24:04.372,2.0892,2.09025,2.40,7.60
2008.02.29 02:24:05.282,2.0892,2.09025,2.40,7.60
2008.02.29 02:24:05.485,2.0892,2.09025,2.40,7.60
2008.02.29 02:24:07.316,2.0892,2.09025,2.40,7.60
2008.02.29 02:24:07.503,2.0892,2.09025,2.40,1.60
2008.02.29 02:24:07.657,2.0892,2.09025,2.40,1.60
2008.02.29 02:24:10.175,2.0892,2.09025,2.40,1.60
2008.02.29 02:24:10.743,2.0892,2.09025,2.40,1.60
2008.02.29 02:24:10.857,2.0892,2.09025,2.40,1.60
2008.02.29 02:24:12.511,2.0892,2.09025,2.40,1.60
2008.02.29 02:24:12.728,2.0892,2.09025,2.40,1.60
2008.02.29 02:24:12.899,2.0892,2.09025,2.40,1.60
2008.02.29 02:24:13.072,2.0892,2.09025,2.40,1.60
2008.02.29 02:24:13.275,2.0892,2.09025,2.40,1.60
2008.02.29 02:24:15.145,2.0892,2.09025,2.40,1.60
2008.02.29 02:24:16.393,2.0892,2.09025,2.40,1.60
2008.02.29 02:24:16.440,2.0892,2.09025,2.40,1.60
2008.02.29 02:24:16.482,2.0892,2.09025,2.40,1.60
2008.02.29 02:24:16.617,2.0892,2.09025,2.40,1.60
2008.02.29 02:24:16.717,2.0892,2.09025,2.40,1.60
2008.02.29 02:24:16.803,2.0892,2.09025,2.40,1.60
2008.02.29 02:24:17.031,2.0892,2.09025,2.40,1.60
2008.02.29 02:24:17.118,2.0892,2.09025,2.40,1.60
2008.02.29 02:24:17.233,2.0892,2.09025,2.40,1.60
2008.02.29 02:24:17.311,2.0892,2.09025,2.40,1.60
2008.02.29 02:24:17.439,2.0892,2.09025,2.40,1.60
2008.02.29 02:24:17.790,2.0892,2.09025,2.40,1.60
2008.02.29 02:24:18.129,2.0892,2.09025,2.40,1.60
2008.02.29 02:24:18.471,2.0892,2.09025,2.40,1.60
2008.02.29 02:24:18.688,2.0892,2.09025,2.40,1.60
2008.02.29 02:24:18.914,2.0892,2.09025,2.40,1.60
2008.02.29 02:24:19.142,2.0892,2.09025,2.40,1.60
2008.02.29 02:24:19.389,2.0892,2.09025,2.40,1.60
2008.02.29 02:24:19.631,2.0892,2.09025,2.40,1.60
2008.02.29 02:24:19.916,2.0892,2.09025,2.40,1.60
2008.02.29 02:24:20.218,2.0892,2.09025,2.40,1.60
2008.02.29 02:24:20.530,2.0892,2.09025,2.40,1.60
2008.02.29 02:24:20.832,2.0892,2.09025,2.40,1.60
2008.02.29 02:24:21.088,2.0892,2.09025,2.40,1.60
2008.02.29 02:24:22.800,2.0892,2.09025,2.40,1.60
2008.02.29 02:24:22.915,2.0892,2.09025,2.40,7.60
2008.02.29 02:24:23.054,2.0892,2.09025,2.40,7.60
2008.02.29 02:24:23.250,2.0892,2.09025,2.40,7.60
2008.02.29 02:24:23.400,2.0892,2.09025,2.40,7.60
2008.02.29 02:24:25.164,2.0892,2.09025,2.40,7.60
2008.02.29 02:24:26.999,2.0892,2.09025,2.40,7.60
2008.02.29 02:24:27.092,2.0892,2.09025,2.40,7.60
2008.02.29 02:24:27.313,2.0892,2.09025,2.40,7.60
2008.02.29 02:24:32.634,2.0892,2.09025,2.40,7.60
2008.02.29 02:24:32.796,2.0892,2.0902,2.40,1.60
2008.02.29 02:24:32.863,2.0892,2.0902,2.40,1.60
2008.02.29 02:24:32.960,2.0892,2.0902,2.40,1.60
2008.02.29 02:24:33.045,2.0892,2.0902,2.40,1.60
2008.02.29 02:24:35.018,2.0892,2.0902,2.40,1.60
2008.02.29 02:24:35.813,2.0892,2.0902,2.40,1.60
2008.02.29 02:24:36.000,2.0892,2.0902,2.40,1.60
2008.02.29 02:24:36.186,2.0892,2.0902,2.40,1.60
2008.02.29 02:24:36.321,2.0892,2.0902,2.40,1.60
2008.02.29 02:24:37.518,2.0892,2.0902,2.40,1.60
2008.02.29 02:24:37.567,2.0892,2.0902,2.40,1.60
2008.02.29 02:24:41.161,2.0892,2.0902,2.40,1.60
2008.02.29 02:24:41.207,2.0892,2.0902,2.40,1.60
2008.02.29 02:24:41.383,2.0892,2.0902,2.40,1.60
2008.02.29 02:24:41.464,2.0892,2.0902,2.40,1.60
2008.02.29 02:24:41.555,2.0892,2.0902,2.40,1.60
2008.02.29 02:24:41.598,2.0892,2.0902,2.40,1.60
2008.02.29 02:24:41.696,2.0892,2.0902,2.40,1.60
2008.02.29 02:24:42.981,2.0892,2.0902,2.40,1.60
2008.02.29 02:24:43.217,2.0892,2.0902,2.40,1.60
2008.02.29 02:24:43.408,2.0892,2.0902,2.40,1.60
2008.02.29 02:24:43.594,2.0892,2.0902,2.40,1.60
2008.02.29 02:24:43.786,2.0892,2.0902,2.40,1.60
2008.02.29 02:24:43.974,2.0892,2.0902,2.40,1.60
2008.02.29 02:24:44.329,2.0892,2.0902,2.40,1.60
2008.02.29 02:24:44.684,2.0892,2.0902,2.40,1.60
2008.02.29 02:24:45.027,2.0892,2.0902,2.40,1.60
2008.02.29 02:24:45.271,2.0892,2.0902,2.40,1.60
2008.02.29 02:24:45.501,2.0892,2.0902,2.40,1.60
2008.02.29 02:24:45.739,2.0892,2.0902,2.40,1.60
2008.02.29 02:24:45.967,2.0892,2.0902,2.40,1.60
2008.02.29 02:24:46.273,2.0892,2.0902,2.40,1.60
2008.02.29 02:24:46.582,2.0892,2.0902,2.40,1.60
2008.02.29 02:24:46.889,2.0892,2.0902,2.40,1.60
2008.02.29 02:24:47.207,2.0892,2.0902,2.40,1.60
2008.02.29 02:24:48.793,2.0892,2.0902,2.40,1.60
2008.02.29 02:24:53.719,2.0892,2.0902,2.40,1.60
2008.02.29 02:24:53.746,2.0892,2.0902,2.40,1.60
2008.02.29 02:24:53.855,2.0892,2.0902,2.40,1.60
2008.02.29 02:24:54.071,2.0892,2.0902,2.40,1.60
2008.02.29 02:24:54.219,2.0892,2.0902,2.40,1.60
2008.02.29 02:24:55.438,2.0892,2.0902,2.40,1.60
2008.02.29 02:24:55.586,2.0892,2.0902,2.40,1.60
2008.02.29 02:24:55.759,2.0892,2.0902,2.40,1.60
2008.02.29 02:24:55.940,2.0892,2.0902,2.40,1.60
2008.02.29 02:24:56.150,2.0892,2.0902,2.40,1.60
2008.02.29 02:24:56.334,2.0892,2.0902,2.40,1.60
2008.02.29 02:24:56.487,2.0892,2.0902,2.40,1.60
2008.02.29 02:24:56.830,2.0892,2.0902,2.40,1.60
2008.02.29 02:24:57.185,2.0892,2.0902,2.40,1.60
2008.02.29 02:24:57.546,2.0892,2.0902,2.40,1.60
2008.02.29 02:24:57.830,2.0892,2.0902,2.40,1.60
2008.02.29 02:24:58.092,2.0892,2.0902,2.40,1.60
2008.02.29 02:24:58.361,2.0892,2.0902,2.40,1.60
2008.02.29 02:24:58.626,2.0892,2.0902,2.40,1.60
2008.02.29 02:24:58.933,2.0892,2.0902,2.40,1.60
2008.02.29 02:24:59.221,2.0892,2.0902,2.40,1.60
2008.02.29 02:24:59.518,2.0892,2.0902,2.40,1.60
2008.02.29 02:24:59.797,2.0892,2.0902,2.40,1.60
2008.02.29 02:25:00.062,2.0892,2.0902,2.40,1.60
2008.02.29 02:25:00.334,2.0892,2.0902,2.40,1.60
2008.02.29 02:25:00.593,2.0892,2.0902,2.40,1.60
2008.02.29 02:25:00.866,2.0892,2.0902,2.40,1.60
2008.02.29 02:25:01.141,2.0892,2.0902,2.40,1.60
2008.02.29 02:25:01.426,2.0892,2.0902,2.40,1.60
2008.02.29 02:25:01.714,2.0892,2.0902,2.40,1.60
2008.02.29 02:25:01.975,2.0892,2.0902,2.40,1.60
2008.02.29 02:25:02.237,2.0892,2.0902,2.40,1.60
2008.02.29 02:25:02.509,2.0892,2.0902,2.40,1.60
2008.02.29 02:25:02.778,2.0892,2.0902,2.40,1.60
2008.02.29 02:25:03.088,2.0892,2.0902,2.40,1.60
2008.02.29 02:25:03.426,2.0892,2.0902,2.40,1.60
2008.02.29 02:25:03.753,2.0892,2.0902,2.40,1.60
2008.02.29 02:25:03.984,2.0892,2.0902,2.40,1.60
2008.02.29 02:25:04.211,2.0892,2.0902,2.40,1.60
2008.02.29 02:25:04.423,2.0892,2.0902,2.40,1.60
2008.02.29 02:25:04.646,2.0892,2.0902,2.40,1.60
2008.02.29 02:25:04.859,2.0892,2.0902,2.40,1.60
2008.02.29 02:25:05.194,2.0892,2.0902,2.40,1.60
2008.02.29 02:25:05.534,2.0892,2.0902,2.40,1.60
2008.02.29 02:25:05.870,2.0892,2.0902,2.40,1.60
2008.02.29 02:25:06.093,2.0892,2.0902,2.40,1.60
2008.02.29 02:25:06.312,2.0892,2.0902,2.40,1.60
2008.02.29 02:25:06.528,2.0892,2.0902,2.40,1.60
2008.02.29 02:25:06.746,2.0892,2.0902,2.40,1.60
2008.02.29 02:25:07.094,2.0892,2.0902,2.40,1.60
2008.02.29 02:25:07.449,2.0892,2.0902,2.40,1.60
2008.02.29 02:25:07.797,2.0892,2.0902,2.40,1.60
2008.02.29 02:25:08.050,2.0892,2.0902,2.40,1.60
2008.02.29 02:25:08.276,2.0892,2.0902,2.40,1.60
2008.02.29 02:25:08.495,2.0892,2.0902,2.40,1.60
2008.02.29 02:25:08.727,2.0892,2.0902,2.40,1.60
2008.02.29 02:25:08.958,2.0892,2.0902,2.40,1.60
2008.02.29 02:25:09.256,2.0892,2.0902,2.40,1.60
2008.02.29 02:25:09.553,2.0892,2.0902,2.40,1.60
2008.02.29 02:25:09.850,2.0892,2.0902,2.40,1.60
2008.02.29 02:25:11.519,2.0892,2.0902,2.40,1.60
2008.02.29 02:25:11.703,2.0892,2.0902,2.40,1.60
2008.02.29 02:25:13.967,2.0892,2.0902,2.40,1.60
2008.02.29 02:25:14.252,2.0892,2.0902,2.40,1.60
2008.02.29 02:25:15.038,2.0892,2.0902,2.40,1.60
2008.02.29 02:25:16.452,2.0892,2.0902,2.40,1.60
2008.02.29 02:25:18.849,2.0892,2.0902,2.40,1.60
2008.02.29 02:25:20.175,2.0892,2.0902,2.40,1.60
2008.02.29 02:25:20.271,2.0892,2.0902,2.40,1.60
2008.02.29 02:25:20.350,2.0892,2.0902,2.40,1.60
2008.02.29 02:25:20.402,2.0892,2.0902,2.40,1.60
2008.02.29 02:25:21.630,2.0892,2.0902,2.40,1.60
2008.02.29 02:25:21.947,2.0892,2.0902,2.40,1.60
2008.02.29 02:25:22.923,2.0892,2.0902,2.40,1.60
2008.02.29 02:25:23.065,2.0892,2.0902,2.40,1.60
2008.02.29 02:25:23.217,2.0892,2.0902,2.40,1.60
2008.02.29 02:25:23.356,2.0892,2.0902,2.40,1.60
2008.02.29 02:25:23.494,2.0892,2.0902,2.40,1.60
2008.02.29 02:25:23.678,2.0892,2.0902,2.40,1.60
2008.02.29 02:25:23.821,2.0892,2.0902,2.40,1.60
2008.02.29 02:25:25.041,2.0892,2.0902,2.40,1.60
2008.02.29 02:25:26.579,2.0892,2.0902,2.40,1.60
2008.02.29 02:25:26.790,2.0892,2.0902,2.40,1.60
2008.02.29 02:25:26.807,2.0892,2.0902,2.40,1.60
2008.02.29 02:25:26.931,2.0892,2.0902,2.40,1.60
2008.02.29 02:25:27.006,2.0892,2.0902,2.40,1.60
2008.02.29 02:25:27.082,2.0892,2.0902,2.40,1.60
2008.02.29 02:25:27.312,2.0892,2.0902,2.40,1.60
2008.02.29 02:25:27.349,2.0892,2.0902,2.40,1.60
2008.02.29 02:25:27.449,2.0892,2.0902,2.40,1.60
2008.02.29 02:25:27.612,2.0892,2.0902,2.40,1.60
2008.02.29 02:25:27.975,2.0892,2.0902,2.40,1.60
2008.02.29 02:25:28.307,2.0892,2.0902,2.40,1.60
2008.02.29 02:25:28.664,2.0892,2.0902,2.40,1.60
2008.02.29 02:25:28.889,2.0892,2.0902,2.40,1.60
2008.02.29 02:25:29.111,2.0892,2.0902,2.40,1.60
2008.02.29 02:25:29.339,2.0892,2.0902,2.40,1.60
2008.02.29 02:25:29.573,2.0892,2.0902,2.40,1.60
2008.02.29 02:25:29.862,2.0892,2.0902,2.40,1.60
2008.02.29 02:25:30.158,2.0892,2.0902,2.40,1.60
2008.02.29 02:25:30.454,2.0892,2.0902,2.40,1.60
2008.02.29 02:25:30.742,2.0892,2.0902,2.40,1.60
2008.02.29 02:25:31.014,2.0892,2.0902,2.40,1.60
2008.02.29 02:25:31.277,2.0892,2.0902,2.40,1.60
2008.02.29 02:25:31.538,2.0892,2.0902,2.40,1.60
2008.02.29 02:25:33.308,2.0892,2.0902,2.40,1.60
2008.02.29 02:25:34.406,2.0892,2.0902,2.40,1.60
2008.02.29 02:25:34.515,2.0892,2.0902,2.40,1.60
2008.02.29 02:25:34.649,2.0892,2.0902,2.40,1.60
2008.02.29 02:25:35.983,2.0892,2.0902,2.40,1.60
2008.02.29 02:25:37.614,2.0892,2.0902,2.40,1.60
2008.02.29 02:25:37.693,2.0892,2.0902,2.40,1.60
2008.02.29 02:25:37.783,2.0892,2.0902,2.40,1.60
2008.02.29 02:25:37.869,2.0892,2.0902,2.40,1.60
2008.02.29 02:25:39.233,2.0892,2.0902,2.40,1.60
2008.02.29 02:25:41.221,2.0892,2.0902,2.40,1.60
2008.02.29 02:25:43.263,2.0892,2.0902,2.40,1.60
2008.02.29 02:25:43.437,2.0892,2.0902,2.40,1.60
2008.02.29 02:25:43.577,2.0892,2.0902,2.40,1.60
2008.02.29 02:25:43.710,2.0892,2.0902,2.40,1.60
2008.02.29 02:25:44.682,2.0892,2.0902,2.40,1.60
2008.02.29 02:25:44.919,2.0892,2.0902,2.40,1.60
2008.02.29 02:25:45.124,2.0892,2.0902,2.40,1.60
2008.02.29 02:25:45.324,2.0892,2.0902,2.40,1.60
2008.02.29 02:25:45.534,2.0892,2.0902,2.40,1.60
2008.02.29 02:25:45.761,2.0892,2.0902,2.40,1.60
2008.02.29 02:25:46.095,2.0892,2.0902,2.40,1.60
2008.02.29 02:25:46.436,2.0892,2.0902,2.40,1.60
2008.02.29 02:25:46.787,2.0892,2.0902,2.40,1.60
2008.02.29 02:25:47.030,2.0892,2.0902,2.40,1.60
2008.02.29 02:25:47.262,2.0892,2.0902,2.40,1.60
2008.02.29 02:25:47.500,2.0892,2.0902,2.40,1.60
2008.02.29 02:25:47.712,2.0892,2.0902,2.40,1.60
2008.02.29 02:25:48.053,2.0892,2.0902,2.40,1.60
2008.02.29 02:25:48.395,2.0892,2.0902,2.40,1.60
2008.02.29 02:25:48.745,2.0892,2.0902,2.40,1.60
2008.02.29 02:25:49.099,2.0892,2.0902,2.40,1.60
2008.02.29 02:25:49.317,2.0892,2.0902,2.40,1.60
2008.02.29 02:25:49.542,2.0892,2.0902,2.40,1.60
2008.02.29 02:25:49.755,2.0892,2.0902,2.40,1.60
2008.02.29 02:25:49.979,2.0892,2.0902,2.40,1.60
2008.02.29 02:25:50.309,2.0892,2.0902,2.40,1.60
2008.02.29 02:25:50.614,2.0892,2.0902,2.40,1.60
2008.02.29 02:25:50.926,2.0892,2.0902,2.40,1.60
2008.02.29 02:25:51.178,2.0892,2.0902,2.40,1.60
2008.02.29 02:25:51.439,2.0892,2.0902,2.40,1.60
2008.02.29 02:25:51.695,2.0892,2.0902,2.40,1.60
2008.02.29 02:25:51.955,2.0892,2.0902,2.40,1.60
2008.02.29 02:25:52.246,2.0892,2.0902,2.40,1.60
2008.02.29 02:25:52.535,2.0892,2.0902,2.40,1.60
2008.02.29 02:25:52.839,2.0892,2.0902,2.40,1.60
2008.02.29 02:25:53.124,2.0892,2.09015,2.40,6.00
2008.02.29 02:25:53.402,2.08915,2.09015,2.40,10.00
2008.02.29 02:25:53.686,2.08915,2.09015,2.40,10.00
2008.02.29 02:25:53.956,2.08915,2.09015,2.40,10.00
2008.02.29 02:25:55.353,2.08915,2.09015,2.40,10.00
2008.02.29 02:25:57.096,2.08915,2.09015,2.40,10.00
2008.02.29 02:25:57.183,2.08915,2.09015,2.40,10.00
2008.02.29 02:25:57.315,2.0892,2.0902,2.40,1.60
2008.02.29 02:25:58.946,2.0892,2.0902,2.40,1.60
2008.02.29 02:25:59.182,2.0892,2.0902,2.40,1.60
2008.02.29 02:26:02.480,2.0892,2.0902,2.40,1.60
2008.02.29 02:26:02.800,2.0892,2.0902,2.40,1.60
2008.02.29 02:26:02.993,2.0892,2.0902,2.40,1.60
2008.02.29 02:26:03.117,2.0892,2.0902,2.40,1.60
2008.02.29 02:26:03.212,2.0892,2.0902,2.40,1.60
2008.02.29 02:26:03.312,2.0892,2.0902,2.40,1.60
2008.02.29 02:26:04.686,2.0892,2.0902,2.40,1.60
2008.02.29 02:26:06.571,2.0892,2.0902,2.40,1.60
2008.02.29 02:26:08.074,2.0892,2.0902,2.40,1.60
2008.02.29 02:26:09.167,2.0892,2.0902,2.40,1.60
2008.02.29 02:26:11.247,2.0892,2.0902,2.40,1.60
2008.02.29 02:26:12.283,2.0892,2.0902,2.40,1.60
2008.02.29 02:26:12.370,2.0892,2.0902,2.40,1.60
2008.02.29 02:26:13.507,2.0892,2.0902,2.40,1.60
2008.02.29 02:26:17.178,2.0892,2.0902,2.40,1.60
2008.02.29 02:26:17.261,2.0892,2.0902,2.40,1.60
2008.02.29 02:26:17.504,2.0892,2.0902,2.40,1.60
2008.02.29 02:26:17.520,2.0892,2.0902,2.40,1.60
2008.02.29 02:26:19.403,2.0892,2.0902,2.40,1.60
2008.02.29 02:26:19.511,2.0892,2.0902,2.40,1.60
2008.02.29 02:26:20.603,2.0892,2.0902,2.40,1.60
2008.02.29 02:26:23.227,2.0892,2.0902,2.40,1.60
2008.02.29 02:26:23.311,2.0892,2.0902,2.40,1.60
2008.02.29 02:26:23.452,2.0892,2.0902,2.40,1.60
2008.02.29 02:26:23.530,2.0892,2.0902,2.40,1.60
2008.02.29 02:26:24.950,2.0892,2.0902,2.40,1.60
2008.02.29 02:26:26.386,2.0892,2.0902,2.40,1.60
2008.02.29 02:26:26.534,2.0892,2.0902,2.40,1.60
2008.02.29 02:26:26.690,2.0892,2.0902,2.40,1.60
2008.02.29 02:26:28.544,2.0892,2.0902,2.40,1.60
2008.02.29 02:26:30.195,2.0892,2.0902,2.40,1.60
2008.02.29 02:26:30.308,2.0892,2.0902,2.40,1.60
2008.02.29 02:26:30.385,2.0892,2.0902,2.40,1.60
2008.02.29 02:26:30.459,2.0892,2.0902,2.40,1.60
2008.02.29 02:26:31.739,2.0892,2.0902,2.40,1.60
2008.02.29 02:26:31.882,2.0892,2.0902,2.40,1.60
2008.02.29 02:26:39.040,2.0892,2.0902,2.40,1.60
2008.02.29 02:26:40.427,2.0892,2.09015,2.40,11.60
2008.02.29 02:26:45.380,2.0892,2.09015,2.40,11.60
2008.02.29 02:26:45.403,2.08915,2.09015,2.40,13.20
2008.02.29 02:26:45.454,2.08915,2.09015,2.40,13.20
2008.02.29 02:26:45.503,2.08915,2.09015,2.40,13.20
2008.02.29 02:26:46.458,2.089,2.09005,2.40,1.60
2008.02.29 02:26:49.792,2.089,2.09005,2.40,1.60
2008.02.29 02:26:51.451,2.089,2.09005,2.40,1.60
2008.02.29 02:26:51.552,2.089,2.09005,2.40,1.60
2008.02.29 02:26:52.636,2.089,2.09005,2.40,1.60
2008.02.29 02:26:52.859,2.089,2.09005,2.40,1.60
2008.02.29 02:26:53.028,2.089,2.09005,2.40,1.60
2008.02.29 02:26:53.173,2.089,2.09005,2.40,1.60
2008.02.29 02:26:53.327,2.089,2.09005,2.40,1.60
2008.02.29 02:26:58.252,2.089,2.09005,2.40,1.60
2008.02.29 02:26:58.403,2.08895,2.08975,2.40,3.20
2008.02.29 02:26:58.493,2.08895,2.08975,2.40,3.20
2008.02.29 02:26:59.084,2.08895,2.08975,2.40,3.20
2008.02.29 02:26:59.343,2.08895,2.08975,2.40,3.20
2008.02.29 02:26:59.594,2.08895,2.08975,2.40,3.20
2008.02.29 02:26:59.847,2.08895,2.08975,2.40,3.20
2008.02.29 02:27:00.111,2.08895,2.08975,2.40,3.20
2008.02.29 02:27:00.395,2.08895,2.08975,2.40,3.20
2008.02.29 02:27:00.685,2.08895,2.08975,2.40,3.20
2008.02.29 02:27:00.982,2.08895,2.08975,2.40,3.20
2008.02.29 02:27:01.260,2.08895,2.08975,2.40,3.20
2008.02.29 02:27:01.514,2.08895,2.08975,2.40,3.20
2008.02.29 02:27:01.766,2.08895,2.08975,2.40,3.20
2008.02.29 02:27:02.030,2.08895,2.08975,2.40,3.20
2008.02.29 02:27:02.284,2.08895,2.08975,2.40,3.20
2008.02.29 02:27:02.608,2.08895,2.08975,2.40,3.20
2008.02.29 02:27:02.937,2.08895,2.08975,2.40,3.20
2008.02.29 02:27:03.252,2.08895,2.08975,2.40,3.20
2008.02.29 02:27:03.492,2.08895,2.08975,2.40,3.20
2008.02.29 02:27:03.722,2.08895,2.08975,2.40,3.20
2008.02.29 02:27:03.954,2.08895,2.08975,2.40,3.20
2008.02.29 02:27:04.195,2.08895,2.08975,2.40,3.20
2008.02.29 02:27:04.481,2.08895,2.08975,2.40,3.20
2008.02.29 02:27:04.786,2.08895,2.08975,2.40,3.20
2008.02.29 02:27:05.079,2.08895,2.08975,2.40,3.20
2008.02.29 02:27:05.358,2.08895,2.08975,2.40,3.20
2008.02.29 02:27:05.630,2.08895,2.08975,2.40,3.20
2008.02.29 02:27:05.893,2.08895,2.08975,2.40,3.20
2008.02.29 02:27:06.155,2.08895,2.08975,2.40,3.20
2008.02.29 02:27:06.417,2.08895,2.08975,2.40,3.20
2008.02.29 02:27:06.668,2.08895,2.08975,2.40,3.20
2008.02.29 02:27:06.948,2.08895,2.08975,2.40,3.20
2008.02.29 02:27:07.197,2.08895,2.08975,2.40,3.20
2008.02.29 02:27:07.447,2.08895,2.08975,2.40,3.20
2008.02.29 02:27:07.744,2.08895,2.08975,2.40,3.20
2008.02.29 02:27:08.042,2.08895,2.08975,2.40,3.20
2008.02.29 02:27:08.337,2.08895,2.08975,2.40,3.20
2008.02.29 02:27:08.579,2.08895,2.08975,2.40,3.20
2008.02.29 02:27:08.822,2.08895,2.08975,2.40,3.20
2008.02.29 02:27:09.075,2.08895,2.08975,2.40,3.20
2008.02.29 02:27:09.318,2.08895,2.08975,2.40,3.20
2008.02.29 02:27:09.580,2.08895,2.08975,2.40,3.20
2008.02.29 02:27:09.859,2.08895,2.08975,2.40,3.20
2008.02.29 02:27:10.138,2.08895,2.08975,2.40,3.20
2008.02.29 02:27:10.411,2.08895,2.08975,2.40,3.20
2008.02.29 02:27:10.680,2.08895,2.08975,2.40,3.20
2008.02.29 02:27:10.948,2.08895,2.08975,2.40,3.20
2008.02.29 02:27:11.218,2.08895,2.08975,2.40,3.20
2008.02.29 02:27:11.510,2.08895,2.08975,2.40,3.20
2008.02.29 02:27:11.801,2.08895,2.08975,2.40,3.20
2008.02.29 02:27:12.070,2.08895,2.08975,2.40,3.20
2008.02.29 02:27:12.334,2.08895,2.08975,2.40,3.20
2008.02.29 02:27:12.620,2.08895,2.08975,2.40,3.20
2008.02.29 02:27:12.915,2.08895,2.08975,2.40,3.20
2008.02.29 02:27:13.200,2.08895,2.08975,2.40,3.20
2008.02.29 02:27:13.485,2.08895,2.08975,2.40,3.20
2008.02.29 02:27:15.702,2.08895,2.08975,2.40,3.20
2008.02.29 02:27:15.813,2.08895,2.08975,2.40,3.20
2008.02.29 02:27:16.741,2.08895,2.08975,2.40,3.20
2008.02.29 02:27:16.962,2.08895,2.08975,2.40,3.20
2008.02.29 02:27:17.103,2.08895,2.08975,2.40,3.20
2008.02.29 02:27:17.253,2.08895,2.08975,2.40,3.20
2008.02.29 02:27:19.254,2.08895,2.08975,2.40,3.20
2008.02.29 02:27:19.386,2.08895,2.08975,2.40,3.20
2008.02.29 02:27:19.549,2.08895,2.08975,2.40,3.20
2008.02.29 02:27:19.705,2.08895,2.08975,2.40,3.20
2008.02.29 02:27:19.894,2.08895,2.08975,2.40,3.20
2008.02.29 02:27:20.065,2.08895,2.08975,2.40,3.20
2008.02.29 02:27:20.211,2.08895,2.08975,2.40,3.20
2008.02.29 02:27:21.385,2.08895,2.08975,2.40,3.20
2008.02.29 02:27:24.499,2.08895,2.08975,2.40,3.20
2008.02.29 02:27:24.608,2.08895,2.08975,2.40,3.20
2008.02.29 02:27:24.679,2.08895,2.08975,2.40,3.20
2008.02.29 02:27:24.876,2.08895,2.08975,2.40,3.20
2008.02.29 02:27:26.377,2.08895,2.08975,2.40,3.20
2008.02.29 02:27:26.404,2.08895,2.08975,2.40,3.20
2008.02.29 02:27:26.555,2.08895,2.08975,2.40,3.20
2008.02.29 02:27:26.721,2.08895,2.08975,2.40,3.20
2008.02.29 02:27:26.888,2.08895,2.08975,2.40,3.20
2008.02.29 02:27:27.048,2.08895,2.08975,2.40,3.20
2008.02.29 02:27:27.210,2.08895,2.08975,2.40,3.20
2008.02.29 02:27:27.371,2.08895,2.08975,2.40,3.20
2008.02.29 02:27:28.786,2.08895,2.08975,2.40,3.20
2008.02.29 02:27:29.694,2.0889,2.08975,2.40,3.20
2008.02.29 02:27:30.510,2.0889,2.08975,2.40,3.20
2008.02.29 02:27:30.608,2.0888,2.08975,2.40,3.20
2008.02.29 02:27:30.683,2.0888,2.08975,2.40,3.20
2008.02.29 02:27:30.778,2.0888,2.08975,2.40,3.20
2008.02.29 02:27:32.590,2.0888,2.08975,2.40,3.20
2008.02.29 02:27:32.712,2.0888,2.08975,2.40,3.20
2008.02.29 02:27:34.124,2.0888,2.08975,2.40,3.20
2008.02.29 02:27:34.176,2.0888,2.08975,2.40,3.20
2008.02.29 02:27:34.307,2.0888,2.08975,2.40,3.20
2008.02.29 02:27:35.565,2.0888,2.08975,2.40,3.20
2008.02.29 02:27:35.649,2.0888,2.08975,2.40,3.20
2008.02.29 02:27:37.848,2.0888,2.08975,2.40,3.20
2008.02.29 02:27:37.929,2.0888,2.08975,2.40,3.20
2008.02.29 02:27:38.006,2.0888,2.08975,2.40,3.20
2008.02.29 02:27:38.130,2.0888,2.08975,2.40,3.20
2008.02.29 02:27:40.267,2.0888,2.08975,2.40,3.20
2008.02.29 02:27:40.350,2.0888,2.08975,2.40,3.20
2008.02.29 02:27:40.491,2.0888,2.08975,2.40,3.20
2008.02.29 02:27:40.631,2.0888,2.08975,2.40,3.20
2008.02.29 02:27:40.756,2.0888,2.08975,2.40,3.20
2008.02.29 02:27:42.089,2.0888,2.08975,2.40,3.20
2008.02.29 02:27:42.253,2.0888,2.08975,2.40,3.20
2008.02.29 02:27:42.423,2.0888,2.08975,2.40,3.20
2008.02.29 02:27:42.622,2.0888,2.08975,2.40,3.20
2008.02.29 02:27:42.794,2.0888,2.08975,2.40,3.20
2008.02.29 02:27:42.954,2.0888,2.08975,2.40,3.20
2008.02.29 02:27:43.128,2.0888,2.08975,2.40,3.20
2008.02.29 02:27:43.486,2.08875,2.08975,2.40,7.20
2008.02.29 02:27:43.828,2.08875,2.08975,2.40,7.20
2008.02.29 02:27:44.179,2.08875,2.08975,2.40,7.20
2008.02.29 02:27:44.396,2.08875,2.08975,2.40,7.20
2008.02.29 02:27:44.625,2.08875,2.08975,2.40,7.20
2008.02.29 02:27:44.868,2.08875,2.08975,2.40,7.20
2008.02.29 02:27:45.100,2.08875,2.08975,2.40,7.20
2008.02.29 02:27:45.316,2.08875,2.08975,2.40,7.20
2008.02.29 02:27:45.651,2.08875,2.08975,2.40,7.20
2008.02.29 02:27:45.980,2.08875,2.08975,2.40,7.20
2008.02.29 02:27:46.306,2.08875,2.08975,2.40,7.20
2008.02.29 02:27:46.528,2.08875,2.08975,2.40,7.20
2008.02.29 02:27:46.776,2.08875,2.08975,2.40,7.20
2008.02.29 02:27:46.998,2.08875,2.08975,2.40,7.20
2008.02.29 02:27:47.219,2.08875,2.08975,2.40,7.20
2008.02.29 02:27:47.544,2.08875,2.08975,2.40,7.20
2008.02.29 02:27:47.869,2.08875,2.08975,2.40,7.20
2008.02.29 02:27:48.208,2.08875,2.08975,2.40,7.20
2008.02.29 02:27:48.452,2.08875,2.08975,2.40,7.20
2008.02.29 02:27:48.682,2.0887,2.08975,2.40,8.80
2008.02.29 02:27:48.924,2.0887,2.08975,2.40,8.80
2008.02.29 02:27:49.169,2.08865,2.08965,4.80,1.60
2008.02.29 02:27:49.399,2.08865,2.08965,4.80,1.60
2008.02.29 02:27:49.715,2.08865,2.08965,4.80,1.60
2008.02.29 02:27:50.043,2.0886,2.08955,2.40,2.40
2008.02.29 02:27:50.364,2.0886,2.08955,2.40,2.40
2008.02.29 02:27:50.616,2.0886,2.08955,2.40,2.40
2008.02.29 02:27:51.949,2.08895,2.0896,5.60,1.60
2008.02.29 02:27:52.091,2.08895,2.08965,5.60,2.40
2008.02.29 02:27:52.249,2.08895,2.08965,5.60,2.40
2008.02.29 02:27:52.420,2.08895,2.08965,5.60,2.40
2008.02.29 02:27:52.572,2.08895,2.08965,5.60,2.40
2008.02.29 02:27:52.749,2.08895,2.08965,5.60,2.40
2008.02.29 02:27:52.874,2.08895,2.08965,5.60,2.40
2008.02.29 02:27:54.391,2.08895,2.08965,5.60,2.40
2008.02.29 02:27:54.518,2.08895,2.08965,5.60,2.40
2008.02.29 02:27:55.370,2.08895,2.08965,5.60,2.40
2008.02.29 02:27:55.424,2.08895,2.08965,5.60,2.40
2008.02.29 02:27:56.341,2.08895,2.08965,5.60,2.40
2008.02.29 02:27:57.753,2.08895,2.08965,5.60,2.40
2008.02.29 02:27:57.801,2.08895,2.08965,5.60,2.40
2008.02.29 02:27:57.868,2.08895,2.08965,5.60,2.40
2008.02.29 02:27:58.485,2.08895,2.08965,5.60,2.40
2008.02.29 02:27:58.625,2.08895,2.08965,3.20,2.40
2008.02.29 02:27:58.756,2.08895,2.08965,5.60,2.40
2008.02.29 02:27:58.794,2.08895,2.08965,5.60,2.40
2008.02.29 02:27:59.153,2.08895,2.08965,5.60,2.40
2008.02.29 02:28:04.036,2.08895,2.08965,4.80,2.40
2008.02.29 02:28:04.070,2.08895,2.08965,5.60,2.40
2008.02.29 02:28:04.150,2.08895,2.08965,4.80,2.40
2008.02.29 02:28:04.374,2.08895,2.08965,4.80,2.40
2008.02.29 02:28:07.474,2.08895,2.08965,4.80,2.40
2008.02.29 02:28:08.342,2.08895,2.08965,4.80,2.40
2008.02.29 02:28:08.391,2.08895,2.08965,4.80,2.40
2008.02.29 02:28:09.743,2.08895,2.08965,4.80,2.40
2008.02.29 02:28:09.815,2.08895,2.08965,4.80,2.40
2008.02.29 02:28:11.802,2.08895,2.08965,4.80,2.40
2008.02.29 02:28:11.993,2.08895,2.08965,4.80,2.40
2008.02.29 02:28:13.725,2.08895,2.08965,4.80,2.40
2008.02.29 02:28:15.704,2.08895,2.08965,4.80,2.40
2008.02.29 02:28:16.327,2.08905,2.08975,2.40,2.40
2008.02.29 02:28:17.875,2.08905,2.08975,2.40,2.40
2008.02.29 02:28:19.177,2.08905,2.08975,2.40,2.40
2008.02.29 02:28:19.255,2.08905,2.08975,2.40,2.40
2008.02.29 02:28:23.981,2.08905,2.08975,2.40,2.40
2008.02.29 02:28:24.100,2.08905,2.08975,2.40,2.40
2008.02.29 02:28:25.656,2.08905,2.08975,2.40,2.40
2008.02.29 02:28:25.826,2.08885,2.08975,2.40,2.40
2008.02.29 02:28:27.498,2.08885,2.08975,2.40,2.40
2008.02.29 02:28:29.253,2.08885,2.08965,2.40,1.60
2008.02.29 02:28:29.293,2.08885,2.08965,2.40,1.60
2008.02.29 02:28:29.454,2.08885,2.08965,2.40,1.60
2008.02.29 02:28:29.654,2.08885,2.08965,2.40,1.60
2008.02.29 02:28:29.886,2.08885,2.08965,2.40,1.60
2008.02.29 02:28:31.013,2.08885,2.08965,2.40,1.60
2008.02.29 02:28:32.485,2.08885,2.08965,2.40,1.60
2008.02.29 02:28:32.559,2.08885,2.08965,2.40,1.60
2008.02.29 02:28:32.643,2.08885,2.08965,2.40,1.60
2008.02.29 02:28:32.962,2.08885,2.08965,2.40,1.60
2008.02.29 02:28:33.053,2.08885,2.08965,2.40,1.60
2008.02.29 02:28:33.096,2.08885,2.08965,2.40,1.60
2008.02.29 02:28:33.249,2.08885,2.08965,2.40,1.60
2008.02.29 02:28:33.288,2.08885,2.08965,2.40,1.60
2008.02.29 02:28:33.428,2.08885,2.08965,2.40,1.60
2008.02.29 02:28:35.324,2.08885,2.08965,2.40,1.60
2008.02.29 02:28:37.645,2.08885,2.08965,2.40,1.60
2008.02.29 02:28:37.813,2.08885,2.08965,2.40,1.60
2008.02.29 02:28:37.965,2.08885,2.08965,2.40,1.60
2008.02.29 02:28:38.113,2.08885,2.08965,2.40,1.60
2008.02.29 02:28:38.209,2.08885,2.08965,2.40,1.60
2008.02.29 02:28:38.328,2.08885,2.08965,2.40,1.60
2008.02.29 02:28:38.437,2.08885,2.08965,2.40,1.60
2008.02.29 02:28:38.548,2.08885,2.08965,2.40,1.60
2008.02.29 02:28:38.660,2.08885,2.08965,2.40,1.60
2008.02.29 02:28:39.018,2.08885,2.08965,2.40,1.60
2008.02.29 02:28:39.381,2.08885,2.08965,2.40,1.60
2008.02.29 02:28:39.740,2.08885,2.08965,2.40,1.60
2008.02.29 02:28:39.966,2.08885,2.08965,2.40,1.60
2008.02.29 02:28:46.806,2.08885,2.08965,2.40,1.60
2008.02.29 02:28:48.537,2.08885,2.08965,2.40,1.60
2008.02.29 02:28:50.157,2.08885,2.0897,2.40,1.60
2008.02.29 02:28:50.271,2.08885,2.0897,2.40,1.60
2008.02.29 02:28:50.343,2.08885,2.0897,2.40,1.60
2008.02.29 02:28:51.573,2.08885,2.0897,2.40,1.60
2008.02.29 02:28:52.660,2.08885,2.0897,2.40,1.60
2008.02.29 02:28:53.913,2.08885,2.0897,2.40,1.60
2008.02.29 02:28:54.062,2.08885,2.0897,2.40,1.60
2008.02.29 02:28:55.332,2.08885,2.0897,2.40,1.60
2008.02.29 02:28:55.442,2.08885,2.0897,2.40,1.60
2008.02.29 02:28:55.587,2.08885,2.0897,2.40,1.60
2008.02.29 02:28:55.701,2.08885,2.0897,2.40,1.60
2008.02.29 02:28:55.888,2.08885,2.0897,2.40,1.60
2008.02.29 02:28:56.074,2.08885,2.0897,2.40,1.60
2008.02.29 02:28:57.811,2.08885,2.0897,2.40,1.60
2008.02.29 02:28:57.982,2.08885,2.0897,2.40,1.60
2008.02.29 02:28:58.151,2.08885,2.0897,2.40,1.60
2008.02.29 02:28:58.323,2.08885,2.0897,2.40,1.60
2008.02.29 02:28:58.508,2.08885,2.0897,2.40,1.60
2008.02.29 02:28:58.680,2.08885,2.0897,2.40,1.60
2008.02.29 02:28:58.858,2.08885,2.0897,2.40,1.60
2008.02.29 02:29:00.504,2.08885,2.0897,2.40,1.60
2008.02.29 02:29:02.289,2.08885,2.0897,2.40,1.60
2008.02.29 02:29:02.359,2.08885,2.0897,2.40,1.60
2008.02.29 02:29:02.479,2.08885,2.0897,2.40,1.60
2008.02.29 02:29:02.550,2.08885,2.0897,2.40,1.60
2008.02.29 02:29:02.625,2.08885,2.0897,2.40,1.60
2008.02.29 02:29:02.702,2.08885,2.0897,2.40,1.60
2008.02.29 02:29:02.799,2.08885,2.0897,2.40,1.60
2008.02.29 02:29:04.078,2.08885,2.0897,2.40,1.60
2008.02.29 02:29:04.212,2.08885,2.0897,2.40,1.60
2008.02.29 02:29:04.400,2.08885,2.0897,2.40,1.60
2008.02.29 02:29:04.608,2.08885,2.0897,2.40,1.60
2008.02.29 02:29:04.813,2.08885,2.0897,2.40,1.60
2008.02.29 02:29:05.000,2.08885,2.0897,2.40,1.60
2008.02.29 02:29:05.190,2.08885,2.0897,2.40,1.60
2008.02.29 02:29:05.569,2.08885,2.0897,2.40,1.60
2008.02.29 02:29:05.905,2.08885,2.0897,2.40,1.60
2008.02.29 02:29:06.264,2.08885,2.0897,2.40,1.60
2008.02.29 02:29:06.515,2.08885,2.0897,2.40,1.60
2008.02.29 02:29:06.754,2.08885,2.0897,2.40,1.60
2008.02.29 02:29:06.975,2.08885,2.0897,2.40,1.60
2008.02.29 02:29:07.197,2.08885,2.0897,2.40,1.60
2008.02.29 02:29:07.531,2.08885,2.0897,2.40,1.60
2008.02.29 02:29:07.862,2.08885,2.0897,2.40,1.60
2008.02.29 02:29:08.195,2.08885,2.0897,2.40,1.60
2008.02.29 02:29:08.421,2.08885,2.0897,2.40,1.60
2008.02.29 02:29:08.643,2.08885,2.0897,2.40,1.60
2008.02.29 02:29:08.872,2.08885,2.0897,2.40,1.60
2008.02.29 02:29:09.104,2.08885,2.0897,2.40,1.60
2008.02.29 02:29:09.337,2.08885,2.0897,2.40,1.60
2008.02.29 02:29:10.402,2.08885,2.0897,2.40,1.60
2008.02.29 02:29:10.674,2.08885,2.0897,2.40,1.60
2008.02.29 02:29:10.866,2.08885,2.0897,2.40,1.60
2008.02.29 02:29:10.920,2.08885,2.0897,2.40,1.60
2008.02.29 02:29:11.034,2.08885,2.0897,2.40,1.60
2008.02.29 02:29:12.147,2.08885,2.0897,2.40,1.60
2008.02.29 02:29:13.610,2.08885,2.0897,2.40,1.60
2008.02.29 02:29:15.536,2.08885,2.0897,2.40,1.60
2008.02.29 02:29:18.467,2.08885,2.0897,2.40,1.60
2008.02.29 02:29:18.621,2.08885,2.0897,2.40,1.60
2008.02.29 02:29:18.643,2.08885,2.0897,2.40,1.60
2008.02.29 02:29:18.684,2.08885,2.0897,2.40,1.60
2008.02.29 02:29:20.256,2.08885,2.0897,2.40,1.60
2008.02.29 02:29:20.315,2.08885,2.0897,2.40,1.60
2008.02.29 02:29:20.489,2.08885,2.0897,2.40,1.60
2008.02.29 02:29:20.658,2.08885,2.0897,2.40,1.60
2008.02.29 02:29:20.827,2.08885,2.0897,2.40,1.60
2008.02.29 02:29:21.005,2.08885,2.0897,2.40,1.60
2008.02.29 02:29:21.156,2.08885,2.0897,2.40,1.60
2008.02.29 02:29:22.504,2.08885,2.0897,2.40,1.60
2008.02.29 02:29:22.708,2.08885,2.0897,2.40,1.60
2008.02.29 02:29:22.911,2.08885,2.0897,2.40,1.60
2008.02.29 02:29:23.105,2.08885,2.0897,2.40,1.60
2008.02.29 02:29:23.295,2.08885,2.0897,2.40,1.60
2008.02.29 02:29:23.493,2.08885,2.0897,2.40,1.60
2008.02.29 02:29:23.835,2.08885,2.0897,2.40,1.60
2008.02.29 02:29:24.186,2.08885,2.0897,2.40,1.60
2008.02.29 02:29:24.529,2.08885,2.0897,2.40,1.60
2008.02.29 02:29:24.742,2.08885,2.0897,2.40,1.60
2008.02.29 02:29:24.966,2.08885,2.0897,2.40,1.60
2008.02.29 02:29:25.196,2.08885,2.0897,2.40,1.60
2008.02.29 02:29:25.409,2.08885,2.0897,2.40,1.60
2008.02.29 02:29:25.622,2.08885,2.0897,2.40,1.60
2008.02.29 02:29:25.939,2.08885,2.0897,2.40,1.60
2008.02.29 02:29:26.250,2.08885,2.0897,2.40,1.60
2008.02.29 02:29:26.571,2.08885,2.0897,2.40,1.60
2008.02.29 02:29:26.804,2.08885,2.0897,2.40,1.60
2008.02.29 02:29:27.041,2.08885,2.0897,2.40,1.60
2008.02.29 02:29:27.262,2.08885,2.0897,2.40,1.60
2008.02.29 02:29:27.483,2.08885,2.0897,2.40,1.60
2008.02.29 02:29:27.717,2.08885,2.0897,2.40,1.60
2008.02.29 02:29:28.063,2.08885,2.0897,2.40,1.60
2008.02.29 02:29:28.418,2.08885,2.0897,2.40,1.60
2008.02.29 02:29:28.761,2.08885,2.0897,2.40,1.60
2008.02.29 02:29:28.989,2.08885,2.0897,2.40,1.60
2008.02.29 02:29:30.529,2.08885,2.0897,2.40,1.60
2008.02.29 02:29:30.659,2.08885,2.0897,2.40,1.60
2008.02.29 02:29:32.508,2.08885,2.0897,2.40,1.60
2008.02.29 02:29:32.609,2.08885,2.0897,2.40,1.60
2008.02.29 02:29:39.305,2.08885,2.0897,2.40,1.60
2008.02.29 02:29:41.597,2.08885,2.0897,2.40,1.60
2008.02.29 02:29:41.692,2.08885,2.0897,2.40,1.60
2008.02.29 02:29:41.727,2.08885,2.0897,2.40,1.60
2008.02.29 02:29:41.874,2.08885,2.0897,2.40,1.60
2008.02.29 02:29:42.042,2.08885,2.0897,2.40,1.60
2008.02.29 02:29:42.231,2.08885,2.0897,2.40,1.60
2008.02.29 02:29:42.406,2.08885,2.0897,2.40,1.60
2008.02.29 02:29:42.588,2.08885,2.0897,2.40,1.60
2008.02.29 02:29:42.768,2.08885,2.0897,2.40,1.60
2008.02.29 02:29:43.112,2.08885,2.0897,2.40,1.60
2008.02.29 02:29:43.465,2.08885,2.0897,2.40,1.60
2008.02.29 02:29:43.832,2.08885,2.0897,2.40,1.60
2008.02.29 02:29:44.064,2.08885,2.0897,2.40,1.60
2008.02.29 02:29:45.624,2.08885,2.0897,2.40,1.60
2008.02.29 02:29:48.832,2.08885,2.0897,2.40,1.60
2008.02.29 02:29:48.921,2.08895,2.0897,2.40,1.60
2008.02.29 02:29:49.196,2.08895,2.0897,2.40,1.60
2008.02.29 02:29:49.240,2.08895,2.0897,2.40,1.60
2008.02.29 02:29:51.682,2.08895,2.0897,2.40,1.60
2008.02.29 02:29:51.789,2.08885,2.0897,2.40,1.60
2008.02.29 02:29:51.857,2.08885,2.0897,2.40,1.60
2008.02.29 02:29:51.915,2.08885,2.0897,2.40,1.60
2008.02.29 02:29:53.311,2.08885,2.0897,2.40,1.60
2008.02.29 02:29:53.430,2.08895,2.0897,2.40,1.60
2008.02.29 02:29:55.468,2.08895,2.0897,2.40,1.60
2008.02.29 02:29:56.801,2.08885,2.0897,2.40,1.60
2008.02.29 02:29:59.090,2.08885,2.0897,2.40,1.60
2008.02.29 02:30:00.586,2.08885,2.0897,2.40,1.60
2008.02.29 02:30:00.779,2.08885,2.0897,2.40,1.60
2008.02.29 02:30:00.950,2.08885,2.0897,2.40,1.60
2008.02.29 02:30:01.132,2.08885,2.0897,2.40,1.60
2008.02.29 02:30:01.300,2.08885,2.0897,2.40,1.60
2008.02.29 02:30:01.515,2.08885,2.0897,2.40,1.60
2008.02.29 02:30:01.849,2.08885,2.0897,2.40,1.60
2008.02.29 02:30:02.201,2.08885,2.0897,2.40,1.60
2008.02.29 02:30:02.554,2.08885,2.0897,2.40,1.60
2008.02.29 02:30:02.807,2.08885,2.0897,2.40,1.60
2008.02.29 02:30:03.057,2.08885,2.0897,2.40,1.60
2008.02.29 02:30:03.317,2.08885,2.0897,2.40,1.60
2008.02.29 02:30:03.577,2.08885,2.0897,2.40,1.60
2008.02.29 02:30:03.851,2.08885,2.0897,2.40,1.60
2008.02.29 02:30:04.131,2.08885,2.0897,2.40,1.60
2008.02.29 02:30:04.418,2.08885,2.0897,2.40,1.60
2008.02.29 02:30:04.693,2.08885,2.0897,2.40,1.60
2008.02.29 02:30:04.962,2.08885,2.0897,2.40,1.60
2008.02.29 02:30:05.245,2.08885,2.0897,2.40,1.60
2008.02.29 02:30:05.504,2.08885,2.0897,2.40,1.60
2008.02.29 02:30:05.777,2.08885,2.0897,2.40,1.60
2008.02.29 02:30:06.058,2.08885,2.0897,2.40,1.60
2008.02.29 02:30:06.346,2.08885,2.0897,2.40,1.60
2008.02.29 02:30:06.639,2.08885,2.0897,2.40,1.60
2008.02.29 02:30:06.882,2.08885,2.0897,2.40,1.60
2008.02.29 02:30:07.124,2.08885,2.0897,2.40,1.60
2008.02.29 02:30:07.368,2.08885,2.0897,2.40,1.60
2008.02.29 02:30:07.623,2.08885,2.0897,2.40,1.60
2008.02.29 02:30:07.873,2.08885,2.0897,2.40,1.60
2008.02.29 02:30:08.185,2.08885,2.0897,2.40,1.60
2008.02.29 02:30:08.507,2.08885,2.0897,2.40,1.60
2008.02.29 02:30:08.821,2.08885,2.0897,2.40,1.60
2008.02.29 02:30:09.043,2.08885,2.0897,2.40,1.60
2008.02.29 02:30:09.275,2.08885,2.0897,2.40,1.60
2008.02.29 02:30:09.506,2.08885,2.0897,2.40,1.60
2008.02.29 02:30:11.488,2.08885,2.0897,2.40,1.60
2008.02.29 02:30:11.677,2.08885,2.0897,2.40,1.60
2008.02.29 02:30:13.836,2.08885,2.0897,2.40,1.60
2008.02.29 02:30:13.957,2.08885,2.0897,2.40,1.60
2008.02.29 02:30:14.074,2.08885,2.0897,2.40,1.60
2008.02.29 02:30:14.218,2.08885,2.0897,2.40,1.60
2008.02.29 02:30:14.424,2.08885,2.0897,2.40,1.60
2008.02.29 02:30:14.584,2.08885,2.0897,2.40,1.60
2008.02.29 02:30:14.682,2.08885,2.0897,2.40,1.60
2008.02.29 02:30:16.341,2.08885,2.0897,2.40,1.60
2008.02.29 02:30:16.359,2.08885,2.0897,2.40,1.60
2008.02.29 02:30:16.551,2.08885,2.0897,2.40,1.60
2008.02.29 02:30:16.754,2.08885,2.0897,2.40,1.60
2008.02.29 02:30:16.960,2.08885,2.0897,2.40,1.60
2008.02.29 02:30:17.162,2.08885,2.0897,2.40,1.60
2008.02.29 02:30:17.374,2.08885,2.0897,2.40,1.60
2008.02.29 02:30:17.731,2.08885,2.0897,2.40,1.60
2008.02.29 02:30:18.072,2.08885,2.0897,2.40,1.60
2008.02.29 02:30:18.415,2.08885,2.0897,2.40,1.60
2008.02.29 02:30:18.660,2.08885,2.0897,2.40,1.60
2008.02.29 02:30:18.917,2.08885,2.0897,2.40,1.60
2008.02.29 02:30:19.171,2.08885,2.0897,2.40,1.60
2008.02.29 02:30:19.430,2.08885,2.0897,2.40,1.60
2008.02.29 02:30:19.670,2.08885,2.0897,2.40,1.60
2008.02.29 02:30:19.963,2.08885,2.0897,2.40,1.60
2008.02.29 02:30:20.257,2.08885,2.0897,2.40,1.60
2008.02.29 02:30:20.557,2.08885,2.0897,2.40,1.60
2008.02.29 02:30:20.846,2.08885,2.0897,2.40,1.60
2008.02.29 02:30:21.113,2.08885,2.0897,2.40,1.60
2008.02.29 02:30:21.378,2.08885,2.0897,2.40,1.60
2008.02.29 02:30:21.639,2.08885,2.0897,2.40,1.60
2008.02.29 02:30:21.934,2.08885,2.0897,2.40,1.60
2008.02.29 02:30:23.735,2.08885,2.0897,2.40,1.60
2008.02.29 02:30:25.530,2.08885,2.0898,2.40,1.60
2008.02.29 02:30:26.316,2.08885,2.0898,2.40,1.60
2008.02.29 02:30:27.664,2.08885,2.0898,2.40,1.60
2008.02.29 02:30:27.781,2.08885,2.0898,2.40,1.60
2008.02.29 02:30:27.928,2.08885,2.0898,2.40,1.60
2008.02.29 02:30:28.020,2.08885,2.0898,2.40,1.60
2008.02.29 02:30:28.109,2.08885,2.0898,2.40,1.60
2008.02.29 02:30:28.273,2.08885,2.0898,2.40,1.60
2008.02.29 02:30:29.972,2.08885,2.0897,2.40,1.60
2008.02.29 02:30:30.138,2.08885,2.0897,2.40,1.60
2008.02.29 02:30:30.302,2.08885,2.0897,2.40,1.60
2008.02.29 02:30:30.480,2.08885,2.0897,2.40,1.60
2008.02.29 02:30:30.625,2.08885,2.0897,2.40,1.60
2008.02.29 02:30:30.799,2.08885,2.0897,2.40,1.60
2008.02.29 02:30:30.966,2.08885,2.0897,2.40,1.60
2008.02.29 02:30:31.335,2.08885,2.0897,2.40,1.60
2008.02.29 02:30:31.679,2.08885,2.0897,2.40,1.60
2008.02.29 02:30:33.495,2.08885,2.0897,2.40,1.60
2008.02.29 02:30:33.618,2.08885,2.0897,2.40,1.60
2008.02.29 02:30:34.717,2.08885,2.0897,2.40,1.60
2008.02.29 02:30:34.864,2.08885,2.0897,2.40,1.60
2008.02.29 02:30:35.010,2.08885,2.0897,2.40,1.60
2008.02.29 02:30:35.194,2.08885,2.0897,2.40,1.60
2008.02.29 02:30:35.325,2.08885,2.0897,2.40,1.60
2008.02.29 02:30:36.688,2.08895,2.0897,2.40,1.60
2008.02.29 02:30:36.873,2.08895,2.0897,2.40,1.60
2008.02.29 02:30:37.046,2.08895,2.0897,2.40,1.60
2008.02.29 02:30:37.243,2.08895,2.0897,2.40,1.60
2008.02.29 02:30:37.404,2.08895,2.0897,2.40,1.60
2008.02.29 02:30:37.581,2.08895,2.0897,2.40,1.60
2008.02.29 02:30:37.748,2.08895,2.0897,2.40,1.60
2008.02.29 02:30:38.101,2.08895,2.0897,2.40,1.60
2008.02.29 02:30:38.453,2.08895,2.0897,2.40,1.60
2008.02.29 02:30:38.803,2.08895,2.08975,2.40,1.60
2008.02.29 02:30:39.016,2.08895,2.08975,2.40,1.60
2008.02.29 02:30:39.244,2.08895,2.08975,2.40,1.60
2008.02.29 02:30:39.471,2.08895,2.08975,2.40,1.60
2008.02.29 02:30:39.697,2.08895,2.08975,2.40,1.60
2008.02.29 02:30:40.008,2.08895,2.08975,2.40,1.60
2008.02.29 02:30:40.329,2.08895,2.08975,2.40,1.60
2008.02.29 02:30:45.447,2.08895,2.08975,2.40,1.60
2008.02.29 02:30:46.769,2.08895,2.0898,2.40,1.60
2008.02.29 02:30:46.947,2.08895,2.0898,2.40,1.60
2008.02.29 02:30:48.483,2.08895,2.0898,2.40,1.60
2008.02.29 02:30:48.629,2.08895,2.0898,2.40,1.60
2008.02.29 02:30:48.716,2.08895,2.0898,2.40,1.60
2008.02.29 02:30:48.828,2.08895,2.0898,2.40,1.60
2008.02.29 02:30:49.080,2.08895,2.0898,2.40,1.60
2008.02.29 02:30:49.228,2.08895,2.0898,2.40,1.60
2008.02.29 02:30:50.928,2.08895,2.0898,2.40,1.60
2008.02.29 02:30:51.019,2.08895,2.0898,2.40,1.60
2008.02.29 02:30:51.332,2.08895,2.0898,2.40,1.60
2008.02.29 02:30:53.572,2.08895,2.0898,2.40,1.60
2008.02.29 02:30:55.341,2.08895,2.0898,2.40,1.60
2008.02.29 02:30:55.567,2.08895,2.0898,2.40,1.60
2008.02.29 02:30:55.648,2.08895,2.0898,2.40,1.60
2008.02.29 02:30:57.485,2.08895,2.0898,2.40,1.60
2008.02.29 02:30:57.616,2.08895,2.0898,2.40,1.60
2008.02.29 02:30:57.863,2.08895,2.0898,2.40,1.60
2008.02.29 02:31:01.438,2.08895,2.0898,2.40,1.60
2008.02.29 02:31:01.609,2.08885,2.0898,4.00,1.60
2008.02.29 02:31:03.071,2.08885,2.0898,4.00,1.60
2008.02.29 02:31:03.214,2.08885,2.0898,4.00,1.60
2008.02.29 02:31:03.397,2.08885,2.0898,4.00,1.60
2008.02.29 02:31:03.509,2.08885,2.0898,4.00,1.60
2008.02.29 02:31:03.628,2.08885,2.0898,4.00,1.60
2008.02.29 02:31:05.050,2.08885,2.0898,4.00,1.60
2008.02.29 02:31:05.241,2.08885,2.0898,4.00,1.60
2008.02.29 02:31:05.448,2.08885,2.0898,4.00,1.60
2008.02.29 02:31:05.695,2.08885,2.0898,4.00,1.60
2008.02.29 02:31:05.879,2.08885,2.0898,4.00,1.60
2008.02.29 02:31:06.083,2.08885,2.0898,4.00,1.60
2008.02.29 02:31:06.438,2.08885,2.0898,4.00,1.60
2008.02.29 02:31:08.634,2.08885,2.0898,4.00,1.60
2008.02.29 02:31:08.776,2.08885,2.0898,4.00,1.60
2008.02.29 02:31:08.789,2.08885,2.0898,4.00,1.60
2008.02.29 02:31:08.945,2.08885,2.0898,4.00,1.60
2008.02.29 02:31:10.645,2.08885,2.0898,4.00,1.60
2008.02.29 02:31:10.775,2.08885,2.0898,4.00,1.60
2008.02.29 02:31:10.880,2.08885,2.0898,4.00,1.60
2008.02.29 02:31:11.057,2.08885,2.0898,4.00,1.60
2008.02.29 02:31:11.178,2.08885,2.0898,4.00,1.60
2008.02.29 02:31:14.524,2.08885,2.0898,4.00,1.60
2008.02.29 02:31:15.826,2.08895,2.0898,2.40,1.60
2008.02.29 02:31:19.194,2.08885,2.0897,2.40,1.60
2008.02.29 02:31:37.607,2.08885,2.08965,2.40,1.60
2008.02.29 02:31:39.110,2.08885,2.08965,2.40,1.60
2008.02.29 02:31:41.047,2.08885,2.08965,2.40,1.60
2008.02.29 02:31:42.368,2.08885,2.08965,2.40,1.60
2008.02.29 02:31:42.520,2.08885,2.08965,2.40,1.60
2008.02.29 02:31:42.660,2.08885,2.08965,2.40,1.60
2008.02.29 02:31:42.707,2.08885,2.08965,2.40,1.60
2008.02.29 02:31:42.884,2.08885,2.08965,2.40,1.60
2008.02.29 02:31:42.960,2.08885,2.08965,2.40,1.60
2008.02.29 02:31:47.262,2.08885,2.08965,2.40,1.60
2008.02.29 02:31:48.384,2.08885,2.0897,2.40,1.60
2008.02.29 02:31:48.413,2.08885,2.08965,2.40,1.60
2008.02.29 02:31:48.560,2.08885,2.08965,2.40,1.60
2008.02.29 02:31:48.704,2.08885,2.08965,2.40,1.60
2008.02.29 02:31:48.888,2.08885,2.08965,2.40,1.60
2008.02.29 02:31:48.994,2.08885,2.08965,2.40,1.60
2008.02.29 02:31:49.158,2.08885,2.08965,2.40,1.60
2008.02.29 02:31:49.292,2.08885,2.08965,2.40,1.60
2008.02.29 02:31:49.433,2.08885,2.08965,2.40,1.60
2008.02.29 02:31:49.784,2.08885,2.08965,2.40,1.60
2008.02.29 02:31:51.197,2.08885,2.08965,2.40,1.60
2008.02.29 02:31:51.325,2.08885,2.08965,2.40,1.60
2008.02.29 02:31:51.456,2.08885,2.08965,2.40,1.60
2008.02.29 02:31:51.612,2.08885,2.08965,2.40,1.60
2008.02.29 02:31:51.767,2.08885,2.08965,2.40,1.60
2008.02.29 02:31:51.875,2.08885,2.08965,2.40,1.60
2008.02.29 02:31:53.751,2.08885,2.08965,2.40,1.60
2008.02.29 02:31:53.975,2.08875,2.0897,5.60,1.60
2008.02.29 02:31:54.791,2.08875,2.0897,5.60,1.60
2008.02.29 02:31:55.009,2.08875,2.0897,5.60,1.60
2008.02.29 02:31:55.194,2.08875,2.0897,5.60,1.60
2008.02.29 02:31:55.345,2.08875,2.0897,5.60,1.60
2008.02.29 02:31:55.515,2.08875,2.0897,5.60,1.60
2008.02.29 02:31:55.696,2.08875,2.0897,5.60,1.60
2008.02.29 02:31:55.850,2.08875,2.0897,5.60,1.60
2008.02.29 02:31:56.204,2.08875,2.0897,5.60,1.60
2008.02.29 02:31:56.574,2.08875,2.0897,5.60,1.60
2008.02.29 02:31:56.936,2.08875,2.0897,5.60,1.60
2008.02.29 02:31:57.169,2.08875,2.0897,5.60,1.60
2008.02.29 02:31:57.448,2.08875,2.0897,5.60,1.60
2008.02.29 02:31:57.669,2.08875,2.0897,5.60,1.60
2008.02.29 02:31:57.889,2.08875,2.0897,5.60,1.60
2008.02.29 02:31:58.240,2.08875,2.0897,5.60,1.60
2008.02.29 02:31:58.587,2.08875,2.0897,5.60,1.60
2008.02.29 02:31:58.934,2.08875,2.0897,5.60,1.60
2008.02.29 02:31:59.162,2.08875,2.0897,5.60,1.60
2008.02.29 02:31:59.390,2.08875,2.0897,5.60,1.60
2008.02.29 02:31:59.615,2.08875,2.0897,5.60,1.60
2008.02.29 02:31:59.845,2.08875,2.0897,5.60,1.60
2008.02.29 02:32:00.087,2.08875,2.0897,5.60,1.60
2008.02.29 02:32:00.411,2.08875,2.0897,5.60,1.60
2008.02.29 02:32:00.725,2.08875,2.0897,5.60,1.60
2008.02.29 02:32:01.026,2.08875,2.0897,5.60,1.60
2008.02.29 02:32:01.271,2.08875,2.0897,5.60,1.60
2008.02.29 02:32:01.576,2.08875,2.0897,5.60,1.60
2008.02.29 02:32:01.831,2.08875,2.0897,5.60,1.60
2008.02.29 02:32:02.073,2.08875,2.0897,5.60,1.60
2008.02.29 02:32:02.351,2.08875,2.0897,5.60,1.60
2008.02.29 02:32:02.627,2.08875,2.0897,5.60,1.60
2008.02.29 02:32:02.914,2.08875,2.0897,5.60,1.60
2008.02.29 02:32:03.195,2.08875,2.0897,5.60,1.60
2008.02.29 02:32:03.481,2.08875,2.0897,5.60,1.60
2008.02.29 02:32:03.756,2.08875,2.0897,5.60,1.60
2008.02.29 02:32:04.040,2.08875,2.0897,5.60,1.60
2008.02.29 02:32:04.299,2.08875,2.0897,5.60,1.60
2008.02.29 02:32:04.558,2.08875,2.0897,5.60,1.60
2008.02.29 02:32:04.820,2.08875,2.0897,5.60,1.60
2008.02.29 02:32:05.079,2.08875,2.0897,5.60,1.60
2008.02.29 02:32:05.357,2.08875,2.0897,5.60,1.60
2008.02.29 02:32:05.628,2.08875,2.0897,5.60,1.60
2008.02.29 02:32:05.900,2.08885,2.0897,2.40,1.60
2008.02.29 02:32:06.180,2.08885,2.0897,2.40,1.60
2008.02.29 02:32:06.439,2.08885,2.0897,2.40,1.60
2008.02.29 02:32:06.708,2.08885,2.0897,2.40,1.60
2008.02.29 02:32:06.978,2.08885,2.0897,2.40,1.60
2008.02.29 02:32:07.242,2.08885,2.0897,2.40,1.60
2008.02.29 02:32:07.554,2.08885,2.0897,2.40,1.60
2008.02.29 02:32:07.829,2.08885,2.0897,2.40,1.60
2008.02.29 02:32:08.128,2.08885,2.0897,2.40,1.60
2008.02.29 02:32:08.384,2.08885,2.0897,2.40,1.60
2008.02.29 02:32:08.641,2.08885,2.0897,2.40,1.60
2008.02.29 02:32:08.911,2.08885,2.0897,2.40,1.60
2008.02.29 02:32:09.175,2.08885,2.0897,2.40,1.60
2008.02.29 02:32:09.474,2.08885,2.0897,2.40,1.60
2008.02.29 02:32:09.762,2.08885,2.0897,2.40,1.60
2008.02.29 02:32:10.065,2.08885,2.0897,2.40,1.60
2008.02.29 02:32:10.356,2.08885,2.0897,2.40,1.60
2008.02.29 02:32:11.797,2.08885,2.0897,2.40,1.60
2008.02.29 02:32:11.940,2.08885,2.0897,2.40,1.60
2008.02.29 02:32:12.045,2.08885,2.0897,2.40,1.60
2008.02.29 02:32:13.703,2.08885,2.0897,2.40,1.60
2008.02.29 02:32:13.773,2.08885,2.0897,2.40,1.60
2008.02.29 02:32:13.922,2.08885,2.0897,2.40,1.60
2008.02.29 02:32:14.066,2.08885,2.0897,2.40,1.60
2008.02.29 02:32:14.182,2.08885,2.0897,2.40,1.60
2008.02.29 02:32:14.318,2.08885,2.0897,2.40,1.60
2008.02.29 02:32:14.419,2.08885,2.0897,2.40,1.60
2008.02.29 02:32:15.925,2.08885,2.0897,2.40,1.60
2008.02.29 02:32:16.751,2.0889,2.08985,2.40,0.80
2008.02.29 02:32:16.975,2.0889,2.08985,2.40,3.20
2008.02.29 02:32:18.481,2.0889,2.08985,2.40,3.20
2008.02.29 02:32:18.600,2.0889,2.08985,2.40,3.20
2008.02.29 02:32:18.699,2.0889,2.08985,2.40,3.20
2008.02.29 02:32:18.871,2.0889,2.08985,2.40,3.20
2008.02.29 02:32:18.994,2.0889,2.08985,2.40,3.20
2008.02.29 02:32:20.747,2.0889,2.08985,2.40,3.20
2008.02.29 02:32:20.886,2.0889,2.08985,2.40,3.20
2008.02.29 02:32:21.018,2.0889,2.08985,2.40,3.20
2008.02.29 02:32:21.147,2.0889,2.08985,2.40,3.20
2008.02.29 02:32:21.282,2.0889,2.08985,2.40,3.20
2008.02.29 02:32:21.445,2.0889,2.08985,2.40,3.20
2008.02.29 02:32:21.562,2.0889,2.08985,2.40,3.20
2008.02.29 02:32:21.701,2.0889,2.08985,2.40,3.20
2008.02.29 02:32:21.810,2.0889,2.08985,2.40,3.20
2008.02.29 02:32:22.179,2.0889,2.08985,2.40,3.20
2008.02.29 02:32:22.544,2.0889,2.08985,2.40,3.20
2008.02.29 02:32:22.881,2.08895,2.08985,2.40,3.20
2008.02.29 02:32:23.132,2.08895,2.08985,2.40,4.80
2008.02.29 02:32:23.391,2.08895,2.08985,2.40,4.80
2008.02.29 02:32:23.641,2.08895,2.08985,2.40,4.80
2008.02.29 02:32:23.898,2.08895,2.08985,2.40,4.80
2008.02.29 02:32:24.204,2.08895,2.08985,2.40,4.80
2008.02.29 02:32:25.853,2.08895,2.08985,2.40,4.80
2008.02.29 02:32:25.975,2.08895,2.08985,2.40,4.80
2008.02.29 02:32:26.094,2.08895,2.08985,2.40,3.20
2008.02.29 02:32:26.211,2.08895,2.08985,2.40,3.20
2008.02.29 02:32:26.349,2.08895,2.08985,2.40,3.20
2008.02.29 02:32:28.183,2.08895,2.08985,2.40,3.20
2008.02.29 02:32:28.897,2.08895,2.08985,2.40,3.20
2008.02.29 02:32:29.040,2.08895,2.08985,2.40,3.20
2008.02.29 02:32:30.565,2.08905,2.08985,2.40,3.20
2008.02.29 02:32:35.208,2.08905,2.08985,2.40,3.20
2008.02.29 02:32:35.418,2.08895,2.08985,2.40,3.20
2008.02.29 02:32:35.609,2.08895,2.08985,2.40,3.20
2008.02.29 02:32:35.782,2.08895,2.08985,2.40,3.20
2008.02.29 02:32:35.962,2.08895,2.08985,2.40,3.20
2008.02.29 02:32:36.143,2.08895,2.08985,2.40,3.20
2008.02.29 02:32:36.481,2.08895,2.08985,2.40,3.20
2008.02.29 02:32:36.825,2.08895,2.08985,2.40,3.20
2008.02.29 02:32:37.176,2.08895,2.08985,2.40,3.20
2008.02.29 02:32:37.531,2.08895,2.08985,2.40,3.20
2008.02.29 02:32:37.737,2.08895,2.08985,2.40,3.20
2008.02.29 02:32:37.950,2.08895,2.08985,2.40,3.20
2008.02.29 02:32:38.156,2.08895,2.08985,2.40,3.20
2008.02.29 02:32:38.372,2.08895,2.08985,2.40,3.20
2008.02.29 02:32:38.720,2.08895,2.08985,2.40,3.20
2008.02.29 02:32:39.062,2.08895,2.08985,2.40,3.20
2008.02.29 02:32:39.412,2.08895,2.08985,2.40,3.20
2008.02.29 02:32:39.629,2.08895,2.08985,2.40,3.20
2008.02.29 02:32:39.850,2.08895,2.08985,2.40,3.20
2008.02.29 02:32:40.079,2.08895,2.08985,2.40,3.20
2008.02.29 02:32:40.300,2.08895,2.08985,2.40,3.20
2008.02.29 02:32:40.615,2.08895,2.08985,2.40,3.20
2008.02.29 02:32:40.932,2.08895,2.08985,2.40,3.20
2008.02.29 02:32:41.254,2.08895,2.08985,2.40,3.20
2008.02.29 02:32:41.509,2.08895,2.08985,2.40,3.20
2008.02.29 02:32:41.733,2.08895,2.08985,2.40,3.20
2008.02.29 02:32:43.732,2.08895,2.08985,2.40,3.20
2008.02.29 02:32:45.562,2.08885,2.08985,2.40,3.20
2008.02.29 02:32:45.623,2.08875,2.08975,4.80,1.60
2008.02.29 02:32:45.679,2.08875,2.08975,4.80,1.60
2008.02.29 02:32:45.808,2.08875,2.08975,4.80,1.60
2008.02.29 02:32:46.108,2.08875,2.08975,4.80,1.60
2008.02.29 02:32:48.159,2.08875,2.08975,4.80,1.60
2008.02.29 02:32:48.297,2.08875,2.0898,7.20,1.60
2008.02.29 02:32:48.421,2.08875,2.0898,7.20,1.60
2008.02.29 02:32:48.568,2.08875,2.0898,7.20,1.60
2008.02.29 02:32:48.747,2.08875,2.0898,7.20,1.60
2008.02.29 02:32:50.421,2.08875,2.0898,7.20,1.60
2008.02.29 02:32:50.617,2.08875,2.0898,7.20,1.60
2008.02.29 02:32:50.811,2.08875,2.0898,7.20,1.60
2008.02.29 02:32:51.008,2.08875,2.0898,7.20,1.60
2008.02.29 02:32:51.196,2.08875,2.0898,7.20,1.60
2008.02.29 02:32:51.377,2.08875,2.0898,7.20,1.60
2008.02.29 02:32:51.731,2.08875,2.0898,7.20,1.60
2008.02.29 02:32:52.092,2.08875,2.0898,7.20,1.60
2008.02.29 02:32:53.804,2.08875,2.0898,7.20,1.60
2008.02.29 02:32:56.025,2.08875,2.0898,7.20,1.60
2008.02.29 02:32:56.144,2.08885,2.0898,2.40,1.60
2008.02.29 02:32:56.257,2.08885,2.0898,2.40,1.60
2008.02.29 02:32:56.457,2.08885,2.08985,2.40,4.00
2008.02.29 02:32:56.690,2.08885,2.08985,2.40,4.00
2008.02.29 02:32:58.241,2.08885,2.08985,2.40,4.00
2008.02.29 02:32:58.335,2.08895,2.0899,2.40,1.60
2008.02.29 02:32:59.245,2.08895,2.0899,2.40,1.60
2008.02.29 02:32:59.406,2.08895,2.08995,2.40,1.60
2008.02.29 02:32:59.556,2.08895,2.08995,2.40,1.60
2008.02.29 02:32:59.722,2.08895,2.08995,2.40,1.60
2008.02.29 02:32:59.877,2.08895,2.08995,2.40,1.60
2008.02.29 02:33:00.036,2.0889,2.08995,2.40,1.60
2008.02.29 02:33:00.193,2.0889,2.08995,2.40,5.60
2008.02.29 02:33:00.343,2.0889,2.08995,2.40,5.60
2008.02.29 02:33:01.479,2.08885,2.0899,2.40,1.60
2008.02.29 02:33:01.569,2.08885,2.0899,2.40,1.60
2008.02.29 02:33:01.672,2.08885,2.0899,2.40,1.60
2008.02.29 02:33:01.786,2.08885,2.0899,2.40,1.60
2008.02.29 02:33:01.888,2.08885,2.0899,2.40,1.60
2008.02.29 02:33:02.013,2.08885,2.0899,2.40,1.60
2008.02.29 02:33:02.124,2.08885,2.0899,2.40,1.60
2008.02.29 02:33:02.439,2.08885,2.0899,2.40,1.60
2008.02.29 02:33:02.798,2.08885,2.0899,2.40,1.60
2008.02.29 02:33:03.140,2.08885,2.0899,2.40,1.60
2008.02.29 02:33:03.494,2.08885,2.0899,4.80,1.60
2008.02.29 02:33:03.761,2.08885,2.0899,4.80,1.60
2008.02.29 02:33:04.016,2.08885,2.0899,4.80,1.60
2008.02.29 02:33:04.273,2.08885,2.0899,4.80,1.60
2008.02.29 02:33:04.540,2.08885,2.0899,4.80,1.60
2008.02.29 02:33:04.813,2.08885,2.0899,4.80,1.60
2008.02.29 02:33:05.075,2.08885,2.0899,4.80,1.60
2008.02.29 02:33:05.344,2.08885,2.0899,4.80,1.60
2008.02.29 02:33:05.601,2.08885,2.0899,4.80,1.60
2008.02.29 02:33:05.873,2.08885,2.0899,4.80,1.60
2008.02.29 02:33:06.150,2.08885,2.0899,4.80,1.60
2008.02.29 02:33:06.424,2.08885,2.0899,4.80,1.60
2008.02.29 02:33:06.698,2.08885,2.0899,4.80,1.60
2008.02.29 02:33:06.953,2.08885,2.0899,4.80,1.60
2008.02.29 02:33:07.216,2.08885,2.0899,4.80,1.60
2008.02.29 02:33:07.471,2.08885,2.0899,4.80,1.60
2008.02.29 02:33:07.720,2.08885,2.0899,4.80,1.60
2008.02.29 02:33:08.037,2.08885,2.0899,4.80,1.60
2008.02.29 02:33:08.378,2.08885,2.0899,4.80,1.60
2008.02.29 02:33:08.709,2.08885,2.0899,4.80,1.60
2008.02.29 02:33:08.951,2.08885,2.0899,4.80,1.60
2008.02.29 02:33:09.191,2.08885,2.0899,4.80,1.60
2008.02.29 02:33:09.439,2.08885,2.0899,4.80,1.60
2008.02.29 02:33:09.687,2.08885,2.0899,4.80,1.60
2008.02.29 02:33:09.976,2.08885,2.0899,4.80,1.60
2008.02.29 02:33:10.270,2.08885,2.0899,4.80,1.60
2008.02.29 02:33:10.557,2.08885,2.0899,4.80,1.60
2008.02.29 02:33:10.856,2.08885,2.0899,4.80,1.60
2008.02.29 02:33:11.116,2.08885,2.0899,4.80,1.60
2008.02.29 02:33:11.376,2.08885,2.08985,2.40,1.60
2008.02.29 02:33:11.644,2.08885,2.08985,2.40,1.60
2008.02.29 02:33:11.931,2.08885,2.08985,2.40,1.60
2008.02.29 02:33:12.230,2.08885,2.08985,2.40,1.60
2008.02.29 02:33:12.548,2.08885,2.08985,2.40,1.60
2008.02.29 02:33:12.867,2.08885,2.08985,2.40,1.60
2008.02.29 02:33:13.175,2.08885,2.0898,2.40,1.60
2008.02.29 02:33:13.484,2.08885,2.0898,2.40,1.60
2008.02.29 02:33:13.806,2.08885,2.0898,2.40,1.60
2008.02.29 02:33:14.039,2.08885,2.0898,2.40,1.60
2008.02.29 02:33:14.260,2.08885,2.0898,2.40,1.60
2008.02.29 02:33:14.482,2.08885,2.0898,2.40,1.60
2008.02.29 02:33:14.711,2.08885,2.0898,2.40,1.60
2008.02.29 02:33:15.035,2.08885,2.08985,2.40,1.60
2008.02.29 02:33:15.355,2.08885,2.08985,2.40,1.60
2008.02.29 02:33:15.668,2.08885,2.08985,2.40,1.60
2008.02.29 02:33:15.978,2.08885,2.08985,2.40,1.60
2008.02.29 02:33:16.681,2.08885,2.08985,2.40,1.60
2008.02.29 02:33:16.863,2.08885,2.08985,2.40,1.60
2008.02.29 02:33:17.040,2.08885,2.08985,2.40,1.60
2008.02.29 02:33:17.230,2.08885,2.08985,2.40,1.60
2008.02.29 02:33:17.426,2.08885,2.08985,2.40,1.60
2008.02.29 02:33:19.209,2.08885,2.08985,2.40,1.60
2008.02.29 02:33:20.696,2.08885,2.08985,2.40,1.60
2008.02.29 02:33:22.436,2.08895,2.0899,2.40,1.60
2008.02.29 02:33:22.506,2.08895,2.0899,2.40,1.60
2008.02.29 02:33:24.748,2.08895,2.0899,2.40,1.60
2008.02.29 02:33:26.311,2.08895,2.0899,2.40,1.60
2008.02.29 02:33:26.373,2.08895,2.0899,2.40,1.60
2008.02.29 02:33:26.484,2.08895,2.0899,2.40,1.60
2008.02.29 02:33:26.604,2.08885,2.0899,4.80,1.60
2008.02.29 02:33:26.784,2.08885,2.0899,4.80,1.60
2008.02.29 02:33:26.915,2.08885,2.08985,2.40,1.60
2008.02.29 02:33:28.194,2.08885,2.08985,2.40,1.60
2008.02.29 02:33:28.381,2.08885,2.08985,4.80,1.60
2008.02.29 02:33:28.568,2.08885,2.08985,4.80,1.60
2008.02.29 02:33:28.764,2.08885,2.08985,4.80,1.60
2008.02.29 02:33:28.949,2.08885,2.08985,4.80,1.60
2008.02.29 02:33:29.133,2.08885,2.08985,4.80,1.60
2008.02.29 02:33:29.477,2.08885,2.08985,4.80,1.60
2008.02.29 02:33:29.827,2.08885,2.08985,4.80,1.60
2008.02.29 02:33:30.171,2.08885,2.08985,4.80,1.60
2008.02.29 02:33:30.384,2.08885,2.08985,4.80,1.60
2008.02.29 02:33:30.600,2.08885,2.08985,4.80,1.60
2008.02.29 02:33:30.813,2.08885,2.08985,4.80,1.60
2008.02.29 02:33:32.873,2.08895,2.08985,2.40,4.00
2008.02.29 02:33:33.035,2.08895,2.08985,2.40,4.80
2008.02.29 02:33:33.204,2.08895,2.08985,2.40,4.80
2008.02.29 02:33:33.362,2.08895,2.08985,2.40,4.80
2008.02.29 02:33:35.930,2.08895,2.08985,2.40,4.80
2008.02.29 02:33:39.175,2.08895,2.08985,2.40,4.80
2008.02.29 02:33:39.361,2.08895,2.08985,2.40,4.80
2008.02.29 02:33:39.508,2.08895,2.08985,2.40,4.80
2008.02.29 02:33:39.583,2.08895,2.08985,2.40,4.80
2008.02.29 02:33:39.808,2.08895,2.08985,2.40,4.80
2008.02.29 02:33:39.948,2.08895,2.08985,2.40,4.80
2008.02.29 02:33:40.310,2.08895,2.08985,2.40,4.80
2008.02.29 02:33:40.666,2.0888,2.0898,2.40,1.60
2008.02.29 02:33:41.021,2.08875,2.08975,4.80,1.60
2008.02.29 02:33:41.279,2.08875,2.08975,4.80,1.60
2008.02.29 02:33:41.521,2.08875,2.08975,4.80,1.60
2008.02.29 02:33:41.763,2.08875,2.08975,4.80,1.60
2008.02.29 02:33:42.014,2.08875,2.08975,4.80,1.60
2008.02.29 02:33:42.295,2.08875,2.08975,4.80,1.60
2008.02.29 02:33:42.587,2.08875,2.08975,4.80,1.60
2008.02.29 02:33:42.869,2.08875,2.08975,4.80,1.60
2008.02.29 02:33:43.158,2.08875,2.08975,4.80,1.60
2008.02.29 02:33:43.444,2.08875,2.08975,4.80,1.60
2008.02.29 02:33:43.743,2.08885,2.0898,2.40,1.60
2008.02.29 02:33:44.041,2.08885,2.0898,2.40,1.60
2008.02.29 02:33:44.291,2.08885,2.0898,2.40,1.60
2008.02.29 02:33:44.541,2.08885,2.08985,2.40,1.60
2008.02.29 02:33:44.798,2.08885,2.08985,2.40,1.60
2008.02.29 02:33:45.050,2.08885,2.08985,2.40,1.60
2008.02.29 02:33:45.328,2.08885,2.08985,2.40,1.60
2008.02.29 02:33:45.597,2.08885,2.08985,2.40,1.60
2008.02.29 02:33:45.874,2.08885,2.08985,2.40,1.60
2008.02.29 02:33:46.142,2.08885,2.08985,2.40,1.60
2008.02.29 02:33:46.422,2.08885,2.08985,2.40,1.60
2008.02.29 02:33:46.692,2.08885,2.08985,2.40,1.60
2008.02.29 02:33:46.970,2.08885,2.08985,2.40,1.60
2008.02.29 02:33:47.256,2.0888,2.08985,2.40,4.80
2008.02.29 02:33:47.552,2.08875,2.08975,4.80,1.60
2008.02.29 02:33:47.814,2.08875,2.08975,4.80,1.60
2008.02.29 02:33:48.079,2.08875,2.08975,4.80,1.60
2008.02.29 02:33:48.373,2.08875,2.08975,4.80,1.60
2008.02.29 02:33:48.659,2.08875,2.08975,4.80,1.60
2008.02.29 02:33:48.952,2.08875,2.08975,4.80,1.60
2008.02.29 02:33:49.239,2.08875,2.08975,4.80,1.60
2008.02.29 02:33:49.488,2.08875,2.08975,4.80,1.60
2008.02.29 02:33:49.730,2.08875,2.08975,4.80,1.60
2008.02.29 02:33:49.984,2.08875,2.08975,4.80,1.60
2008.02.29 02:33:50.240,2.08875,2.08975,4.80,1.60
2008.02.29 02:33:50.577,2.08875,2.08975,4.80,1.60
2008.02.29 02:33:50.918,2.08875,2.08975,4.80,1.60
2008.02.29 02:33:51.229,2.08895,2.08975,2.40,1.60
2008.02.29 02:33:51.492,2.08895,2.08985,2.40,4.80
2008.02.29 02:33:51.752,2.08895,2.08985,2.40,4.80
2008.02.29 02:33:51.994,2.08895,2.08985,2.40,4.80
2008.02.29 02:33:52.255,2.08895,2.08985,2.40,4.80
2008.02.29 02:33:52.545,2.08895,2.08985,2.40,4.80
2008.02.29 02:33:52.844,2.08895,2.08985,2.40,4.80
2008.02.29 02:33:53.143,2.08915,2.08985,2.40,4.80
2008.02.29 02:33:53.437,2.08915,2.08985,2.40,2.40
2008.02.29 02:33:53.745,2.08915,2.08985,2.40,2.40
2008.02.29 02:33:54.052,2.08915,2.08985,2.40,2.40
2008.02.29 02:33:54.342,2.08915,2.08985,2.40,2.40
2008.02.29 02:33:54.597,2.08915,2.08985,2.40,2.40
2008.02.29 02:33:54.844,2.08915,2.08985,2.40,2.40
2008.02.29 02:33:55.090,2.08915,2.08985,2.40,2.40
2008.02.29 02:33:55.357,2.08925,2.08985,2.40,2.40
2008.02.29 02:33:55.653,2.08925,2.08985,2.40,2.40
2008.02.29 02:33:55.951,2.08925,2.08985,2.40,2.40
2008.02.29 02:33:56.261,2.08925,2.08965,2.40,2.40
2008.02.29 02:33:56.560,2.08915,2.08965,2.40,2.40
2008.02.29 02:33:56.854,2.08925,2.08985,2.40,2.40
2008.02.29 02:33:57.117,2.08925,2.08985,2.40,2.40
2008.02.29 02:33:57.401,2.08925,2.08985,2.40,2.40
2008.02.29 02:33:57.687,2.08925,2.08985,2.40,2.40
2008.02.29 02:33:57.971,2.08925,2.08985,2.40,2.40
2008.02.29 02:33:58.256,2.08925,2.08985,2.40,2.40
2008.02.29 02:33:58.552,2.08915,2.08985,2.40,2.40
2008.02.29 02:33:58.838,2.08915,2.08985,2.40,2.40
2008.02.29 02:33:59.126,2.08915,2.08985,2.40,2.40
2008.02.29 02:33:59.416,2.08915,2.08985,2.40,2.40
2008.02.29 02:33:59.694,2.08915,2.08985,2.40,2.40
2008.02.29 02:33:59.967,2.08915,2.08985,2.40,2.40
2008.02.29 02:34:00.251,2.08915,2.08985,2.40,2.40
2008.02.29 02:34:00.560,2.08915,2.08985,2.40,2.40
2008.02.29 02:34:00.857,2.08915,2.08985,2.40,2.40
2008.02.29 02:34:01.157,2.08915,2.08985,2.40,2.40
2008.02.29 02:34:02.826,2.08915,2.08985,2.40,2.40
2008.02.29 02:34:04.564,2.08915,2.08985,2.40,2.40
2008.02.29 02:34:05.989,2.08915,2.09015,4.80,1.60
2008.02.29 02:34:07.371,2.08915,2.0901,2.40,1.60
2008.02.29 02:34:08.902,2.08915,2.0902,4.80,1.60
2008.02.29 02:34:09.039,2.08915,2.09015,4.80,4.00
2008.02.29 02:34:09.117,2.08915,2.09005,2.40,1.60
2008.02.29 02:34:10.267,2.08915,2.09005,2.40,1.60
2008.02.29 02:34:10.413,2.08935,2.0901,4.80,1.60
2008.02.29 02:34:11.920,2.08935,2.0901,5.60,1.60
2008.02.29 02:34:12.110,2.08935,2.0901,5.60,1.60
2008.02.29 02:34:12.363,2.08935,2.0901,5.60,1.60
2008.02.29 02:34:12.601,2.08935,2.0901,5.60,1.60
2008.02.29 02:34:14.115,2.08935,2.09005,5.60,1.60
2008.02.29 02:34:14.319,2.08935,2.08995,2.40,2.20
2008.02.29 02:34:14.515,2.08935,2.08995,2.40,2.20
2008.02.29 02:34:14.732,2.08935,2.08995,2.40,2.20
2008.02.29 02:34:14.943,2.08935,2.08995,2.40,2.20
2008.02.29 02:34:15.137,2.08935,2.08995,2.40,2.20
2008.02.29 02:34:15.482,2.08935,2.08995,2.40,2.20
2008.02.29 02:34:15.833,2.08935,2.08995,2.40,2.20
2008.02.29 02:34:16.183,2.08935,2.08995,2.40,2.20
2008.02.29 02:34:16.417,2.08935,2.08995,2.40,2.20
2008.02.29 02:34:16.642,2.08935,2.08995,2.40,2.20
2008.02.29 02:34:16.878,2.08935,2.08995,2.40,2.20
2008.02.29 02:34:17.109,2.08935,2.08995,2.40,2.20
2008.02.29 02:34:17.346,2.08935,2.08995,2.40,2.20
2008.02.29 02:34:17.709,2.08935,2.08995,2.40,2.20
2008.02.29 02:34:18.015,2.08935,2.08995,2.40,2.20
2008.02.29 02:34:18.321,2.08935,2.08995,2.40,2.20
2008.02.29 02:34:18.633,2.08935,2.08995,2.40,2.20
2008.02.29 02:34:18.939,2.08935,2.08995,2.40,2.20
2008.02.29 02:34:19.259,2.08935,2.08995,2.40,2.20
2008.02.29 02:34:19.522,2.08935,2.08995,2.40,2.20
2008.02.29 02:34:19.792,2.08935,2.08995,2.40,2.20
2008.02.29 02:34:20.064,2.08935,2.08995,2.40,2.20
2008.02.29 02:34:20.330,2.08935,2.08995,2.40,2.20
2008.02.29 02:34:20.623,2.08935,2.08995,2.40,2.20
2008.02.29 02:34:20.923,2.08935,2.08995,2.40,2.20
2008.02.29 02:34:21.216,2.08955,2.09,2.40,1.60
2008.02.29 02:34:21.469,2.08955,2.09015,2.40,8.60
2008.02.29 02:34:21.721,2.08955,2.09015,2.40,8.60
2008.02.29 02:34:21.987,2.08955,2.09015,2.40,8.60
2008.02.29 02:34:22.256,2.08955,2.09015,2.40,4.60
2008.02.29 02:34:22.557,2.08945,2.09015,4.80,4.60
2008.02.29 02:34:22.847,2.08935,2.09005,4.80,2.40
2008.02.29 02:34:24.610,2.08935,2.09005,4.80,2.40
2008.02.29 02:34:24.743,2.08935,2.08995,2.40,2.40
2008.02.29 02:34:24.970,2.08935,2.08995,2.40,2.40
2008.02.29 02:34:25.096,2.08935,2.09005,4.80,2.40
2008.02.29 02:34:28.715,2.08935,2.09005,4.80,2.40
2008.02.29 02:34:28.941,2.08935,2.09005,4.80,2.40
2008.02.29 02:34:29.049,2.08935,2.09005,4.80,2.40
2008.02.29 02:34:30.529,2.08935,2.09005,4.80,2.40
2008.02.29 02:34:32.776,2.08935,2.09005,4.80,2.40
2008.02.29 02:34:34.254,2.08935,2.09005,4.80,2.40
2008.02.29 02:34:34.406,2.08935,2.09005,4.80,2.40
2008.02.29 02:34:35.553,2.08935,2.09005,4.80,2.40
2008.02.29 02:34:36.904,2.08935,2.09005,4.80,2.40
2008.02.29 02:34:37.019,2.08935,2.09005,4.80,2.40
2008.02.29 02:34:41.465,2.08935,2.09005,4.80,2.40
2008.02.29 02:34:42.910,2.08915,2.08995,5.60,2.40
2008.02.29 02:34:43.006,2.08915,2.08995,5.60,2.40
2008.02.29 02:34:43.079,2.08915,2.08995,5.60,2.40
2008.02.29 02:34:44.555,2.08915,2.08995,5.60,2.40
2008.02.29 02:34:44.774,2.08915,2.08995,5.60,2.40
2008.02.29 02:34:44.935,2.08915,2.08995,5.60,2.40
2008.02.29 02:34:45.085,2.08915,2.08995,5.60,2.40
2008.02.29 02:34:45.256,2.08915,2.08995,5.60,2.40
2008.02.29 02:34:45.607,2.08915,2.08995,5.60,2.40
2008.02.29 02:34:45.902,2.08915,2.08995,5.60,2.40
2008.02.29 02:34:46.217,2.08915,2.08995,5.60,2.40
2008.02.29 02:34:46.447,2.08915,2.08995,5.60,2.40
2008.02.29 02:34:46.686,2.08915,2.08995,5.60,2.40
2008.02.29 02:34:46.913,2.08915,2.08995,5.60,2.40
2008.02.29 02:34:47.150,2.08915,2.08995,5.60,2.40
2008.02.29 02:34:47.432,2.08915,2.08995,5.60,2.40
2008.02.29 02:34:47.723,2.08915,2.08995,5.60,2.40
2008.02.29 02:34:48.018,2.08915,2.08995,5.60,2.40
2008.02.29 02:34:48.308,2.08915,2.08995,5.60,2.40
2008.02.29 02:34:48.587,2.08915,2.08995,5.60,2.40
2008.02.29 02:34:48.866,2.08915,2.08995,5.60,2.40
2008.02.29 02:34:49.156,2.08915,2.08995,5.60,2.40
2008.02.29 02:34:49.412,2.08915,2.08995,5.60,2.40
2008.02.29 02:34:49.674,2.08915,2.08995,5.60,2.40
2008.02.29 02:34:49.928,2.08915,2.08995,5.60,2.40
2008.02.29 02:34:50.182,2.08915,2.08995,5.60,2.40
2008.02.29 02:34:50.479,2.08915,2.08995,5.60,2.40
2008.02.29 02:34:50.777,2.08915,2.08985,4.80,2.40
2008.02.29 02:34:51.064,2.08915,2.08985,4.80,2.40
2008.02.29 02:34:54.560,2.08915,2.08995,5.60,2.40
2008.02.29 02:34:54.622,2.08915,2.08995,5.60,2.40
2008.02.29 02:34:54.656,2.08915,2.08995,5.60,2.40
2008.02.29 02:34:57.477,2.08915,2.08995,5.60,2.40
2008.02.29 02:34:57.549,2.08915,2.08995,5.60,2.40
2008.02.29 02:34:57.657,2.08915,2.08995,5.60,2.40
2008.02.29 02:34:57.843,2.08915,2.08995,5.60,2.40
2008.02.29 02:34:57.985,2.08915,2.08995,5.60,2.40
2008.02.29 02:34:58.056,2.08915,2.08995,5.60,2.40
2008.02.29 02:34:58.109,2.08915,2.08995,5.60,2.40
2008.02.29 02:34:59.256,2.08915,2.08995,5.60,2.40
2008.02.29 02:35:01.108,2.08915,2.08985,5.60,2.40
2008.02.29 02:35:02.669,2.08915,2.08985,5.60,2.40
2008.02.29 02:35:02.719,2.08915,2.08985,5.60,2.40
2008.02.29 02:35:07.005,2.08915,2.08985,5.60,2.40
2008.02.29 02:35:09.154,2.08915,2.08985,5.60,2.40
2008.02.29 02:35:09.257,2.08915,2.08985,5.60,2.40
2008.02.29 02:35:10.970,2.08915,2.08985,5.60,2.40
2008.02.29 02:35:12.794,2.08915,2.08985,5.60,2.40
2008.02.29 02:35:13.567,2.08915,2.08985,5.60,2.40
2008.02.29 02:35:13.588,2.08915,2.08985,5.60,2.40
2008.02.29 02:35:13.635,2.08915,2.08985,5.60,2.40
2008.02.29 02:35:13.719,2.08915,2.08985,5.60,2.40
2008.02.29 02:35:13.856,2.08915,2.08985,5.60,2.40
2008.02.29 02:35:16.654,2.08915,2.08985,5.60,2.40
2008.02.29 02:35:16.803,2.08915,2.08985,5.60,2.40
2008.02.29 02:35:18.383,2.08915,2.08985,5.60,2.40
2008.02.29 02:35:18.548,2.08915,2.08985,5.60,2.40
2008.02.29 02:35:20.213,2.08915,2.08985,5.60,2.40
2008.02.29 02:35:20.331,2.08915,2.08985,5.60,2.40
2008.02.29 02:35:21.772,2.08915,2.08985,5.60,2.40
2008.02.29 02:35:21.974,2.08915,2.08985,5.60,2.40
2008.02.29 02:35:22.069,2.08915,2.08985,5.60,2.40
2008.02.29 02:35:22.182,2.08915,2.08985,5.60,2.40
2008.02.29 02:35:22.333,2.08915,2.08985,5.60,2.40
2008.02.29 02:35:22.535,2.08915,2.08985,5.60,2.40
2008.02.29 02:35:24.789,2.08915,2.08985,5.60,2.40
2008.02.29 02:35:27.142,2.08895,2.08975,8.00,2.40
2008.02.29 02:35:27.256,2.08895,2.08975,8.00,2.40
2008.02.29 02:35:27.303,2.08895,2.08975,8.00,2.40
2008.02.29 02:35:27.463,2.08895,2.08975,8.00,2.40
2008.02.29 02:35:27.515,2.08895,2.08975,8.00,2.40
2008.02.29 02:35:27.592,2.08895,2.08975,8.00,2.40
2008.02.29 02:35:27.702,2.08895,2.08975,8.00,2.40
2008.02.29 02:35:27.808,2.08895,2.08975,8.00,2.40
2008.02.29 02:35:29.239,2.08895,2.08975,8.00,2.40
2008.02.29 02:35:29.443,2.08895,2.08975,2.40,2.40
2008.02.29 02:35:29.646,2.08895,2.08975,2.40,2.40
2008.02.29 02:35:29.851,2.08895,2.08975,2.40,2.40
2008.02.29 02:35:30.046,2.08895,2.08975,2.40,2.40
2008.02.29 02:35:30.248,2.08895,2.08975,2.40,2.40
2008.02.29 02:35:31.813,2.08895,2.08975,2.40,2.40
2008.02.29 02:35:32.472,2.08895,2.08975,2.40,2.40
2008.02.29 02:35:32.654,2.08895,2.08975,2.40,2.40
2008.02.29 02:35:32.719,2.08895,2.08975,2.40,2.40
2008.02.29 02:35:32.837,2.08895,2.08975,2.40,2.40
2008.02.29 02:35:33.689,2.08895,2.08975,2.40,2.40
2008.02.29 02:35:33.998,2.08895,2.08975,2.40,2.40
2008.02.29 02:35:34.139,2.08895,2.08975,2.40,2.40
2008.02.29 02:35:34.273,2.08895,2.08975,2.40,2.40
2008.02.29 02:35:34.429,2.08895,2.08975,2.40,2.40
2008.02.29 02:35:40.564,2.08895,2.08975,2.40,2.40
2008.02.29 02:35:40.718,2.08885,2.08975,4.80,3.20
2008.02.29 02:35:43.204,2.08885,2.08975,4.80,3.20
2008.02.29 02:35:43.252,2.08885,2.08975,4.80,3.20
2008.02.29 02:35:43.570,2.08885,2.08975,4.80,3.20
2008.02.29 02:35:45.120,2.08885,2.08975,4.80,3.20
2008.02.29 02:35:45.169,2.08885,2.08975,4.80,3.20
2008.02.29 02:35:45.342,2.08895,2.08975,2.40,2.40
2008.02.29 02:35:45.509,2.08895,2.08975,2.40,2.40
2008.02.29 02:35:45.679,2.08895,2.08975,2.40,2.40
2008.02.29 02:35:45.842,2.08895,2.08975,2.40,2.40
2008.02.29 02:35:46.016,2.08895,2.08975,2.40,2.40
2008.02.29 02:35:47.611,2.08895,2.08975,2.40,2.40
2008.02.29 02:35:47.693,2.08895,2.08975,2.40,2.40
2008.02.29 02:35:47.778,2.08895,2.08975,2.40,2.40
2008.02.29 02:35:50.164,2.08895,2.08975,2.40,2.40
2008.02.29 02:35:51.512,2.08895,2.08975,2.40,2.40
2008.02.29 02:35:51.638,2.08895,2.08975,2.40,2.40
2008.02.29 02:35:51.752,2.08895,2.08975,2.40,2.40
2008.02.29 02:35:51.894,2.08915,2.08985,3.20,2.40
2008.02.29 02:35:53.472,2.08915,2.08985,3.20,2.40
2008.02.29 02:35:53.642,2.08915,2.08985,5.60,2.40
2008.02.29 02:35:53.786,2.08915,2.08985,5.60,2.40
2008.02.29 02:35:53.936,2.08915,2.08985,5.60,2.40
2008.02.29 02:35:54.080,2.08915,2.08985,5.60,2.40
2008.02.29 02:35:54.227,2.08915,2.08985,5.60,2.40
2008.02.29 02:35:55.763,2.08915,2.08985,5.60,2.40
2008.02.29 02:35:55.916,2.08915,2.08985,5.60,2.40
2008.02.29 02:35:56.021,2.08915,2.08985,5.60,2.40
2008.02.29 02:35:56.209,2.08915,2.08985,5.60,2.40
2008.02.29 02:35:56.787,2.08915,2.08985,5.60,2.40
2008.02.29 02:35:57.136,2.08905,2.08975,2.40,2.40
2008.02.29 02:35:57.464,2.08905,2.08975,5.60,2.40
2008.02.29 02:35:57.779,2.08905,2.08975,5.60,2.40
2008.02.29 02:35:58.024,2.08905,2.08975,5.60,2.40
2008.02.29 02:35:59.561,2.08905,2.08975,5.60,2.40
2008.02.29 02:35:59.696,2.08905,2.08995,5.60,2.40
2008.02.29 02:35:59.831,2.08905,2.08995,5.60,2.40
2008.02.29 02:35:59.996,2.08915,2.08995,5.60,2.40
2008.02.29 02:36:00.112,2.08915,2.08995,5.60,2.40
2008.02.29 02:36:00.246,2.08915,2.08995,5.60,2.40
2008.02.29 02:36:00.353,2.08915,2.08995,5.60,2.40
2008.02.29 02:36:01.931,2.08915,2.08995,5.60,2.40
2008.02.29 02:36:03.332,2.08915,2.08995,5.60,2.40
2008.02.29 02:36:03.502,2.08915,2.08985,2.40,2.40
2008.02.29 02:36:05.804,2.08915,2.08985,2.40,4.60
2008.02.29 02:36:05.889,2.08915,2.08985,3.20,4.60
2008.02.29 02:36:06.035,2.08915,2.0899,5.60,1.60
2008.02.29 02:36:06.226,2.08915,2.0899,5.60,1.60
2008.02.29 02:36:06.348,2.08915,2.0899,5.60,1.60
2008.02.29 02:36:06.463,2.08915,2.0899,5.60,1.60
2008.02.29 02:36:08.253,2.08915,2.0899,5.60,1.60
2008.02.29 02:36:10.371,2.08915,2.0899,5.60,1.60
2008.02.29 02:36:10.434,2.08915,2.0899,5.60,1.60
2008.02.29 02:36:10.619,2.08915,2.0899,5.60,1.60
2008.02.29 02:36:10.805,2.08915,2.0899,5.60,1.60
2008.02.29 02:36:11.005,2.08915,2.0899,5.60,1.60
2008.02.29 02:36:11.129,2.08915,2.0899,5.60,1.60
2008.02.29 02:36:11.239,2.08915,2.0899,5.60,1.60
2008.02.29 02:36:11.329,2.08915,2.0899,5.60,1.60
2008.02.29 02:36:11.702,2.08935,2.09,5.60,1.60
2008.02.29 02:36:12.048,2.08935,2.09005,5.60,2.40
2008.02.29 02:36:12.390,2.08935,2.09005,5.60,2.40
2008.02.29 02:36:12.740,2.08935,2.09005,5.60,2.40
2008.02.29 02:36:13.724,2.08935,2.09005,5.60,2.40
2008.02.29 02:36:13.858,2.08935,2.09005,5.60,2.40
2008.02.29 02:36:13.979,2.08935,2.09005,5.60,2.40
2008.02.29 02:36:14.105,2.08935,2.09005,5.60,2.40
2008.02.29 02:36:14.228,2.08935,2.09005,5.60,2.40
2008.02.29 02:36:14.367,2.08935,2.09005,5.60,2.40
2008.02.29 02:36:14.497,2.08935,2.09005,5.60,2.40
2008.02.29 02:36:15.456,2.08935,2.09005,5.60,2.40
2008.02.29 02:36:15.774,2.08935,2.09005,5.60,2.40
2008.02.29 02:36:16.084,2.08935,2.09005,5.60,2.40
2008.02.29 02:36:16.372,2.08935,2.09005,5.60,2.40
2008.02.29 02:36:16.671,2.08935,2.09005,5.60,2.40
2008.02.29 02:36:16.964,2.08935,2.09005,5.60,2.40
2008.02.29 02:36:17.260,2.08935,2.09005,5.60,2.40
2008.02.29 02:36:17.558,2.08935,2.09005,5.60,2.40
2008.02.29 02:36:17.820,2.08935,2.09005,5.60,2.40
2008.02.29 02:36:18.074,2.08935,2.09005,5.60,2.40
2008.02.29 02:36:18.333,2.08935,2.09005,5.60,2.40
2008.02.29 02:36:18.586,2.08935,2.09005,5.60,2.40
2008.02.29 02:36:18.900,2.08935,2.09005,5.60,2.40
2008.02.29 02:36:19.208,2.08935,2.09005,5.60,2.40
2008.02.29 02:36:19.516,2.08935,2.09005,5.60,2.40
2008.02.29 02:36:19.741,2.08935,2.09005,5.60,2.40
2008.02.29 02:36:19.983,2.08935,2.09005,5.60,2.40
2008.02.29 02:36:20.225,2.08935,2.09005,5.60,2.40
2008.02.29 02:36:20.477,2.08935,2.09005,5.60,2.40
2008.02.29 02:36:20.780,2.08935,2.09005,5.60,2.40
2008.02.29 02:36:21.071,2.08935,2.09005,5.60,2.40
2008.02.29 02:36:21.362,2.08935,2.09005,5.60,2.40
2008.02.29 02:36:21.654,2.08935,2.09005,5.60,2.40
2008.02.29 02:36:21.897,2.08935,2.09005,5.60,2.40
2008.02.29 02:36:22.134,2.08935,2.09005,5.60,2.40
2008.02.29 02:36:22.372,2.08915,2.08995,12.00,2.40
2008.02.29 02:36:22.628,2.08915,2.08995,8.00,2.40
2008.02.29 02:36:22.908,2.08915,2.08995,8.00,2.40
2008.02.29 02:36:24.368,2.08915,2.08995,8.00,2.40
2008.02.29 02:36:24.493,2.08915,2.08995,8.00,2.40
2008.02.29 02:36:25.300,2.08915,2.08995,8.00,2.40
2008.02.29 02:36:25.438,2.08915,2.08995,8.00,2.40
2008.02.29 02:36:26.969,2.08915,2.08995,8.00,2.40
2008.02.29 02:36:27.058,2.08915,2.08995,8.00,2.40
2008.02.29 02:36:28.668,2.08915,2.08995,8.00,2.40
2008.02.29 02:36:30.179,2.08915,2.08995,8.00,2.40
2008.02.29 02:36:31.640,2.08915,2.08995,8.00,2.40
2008.02.29 02:36:31.700,2.08915,2.08995,8.00,2.40
2008.02.29 02:36:33.278,2.08915,2.08995,8.00,2.40
2008.02.29 02:36:33.486,2.08915,2.08995,7.20,2.40
2008.02.29 02:36:34.931,2.08915,2.08995,7.20,2.40
2008.02.29 02:36:35.046,2.08915,2.08995,7.20,2.40
2008.02.29 02:36:35.178,2.08915,2.08995,7.20,2.40
2008.02.29 02:36:35.297,2.08915,2.08995,7.20,2.40
2008.02.29 02:36:35.425,2.08915,2.08995,7.20,2.40
2008.02.29 02:36:37.084,2.08915,2.08995,7.20,2.40
2008.02.29 02:36:37.271,2.08915,2.08995,7.20,2.40
2008.02.29 02:36:37.442,2.08915,2.08995,7.20,2.40
2008.02.29 02:36:37.606,2.08915,2.08995,7.20,2.40
2008.02.29 02:36:37.769,2.08915,2.08995,7.20,2.40
2008.02.29 02:36:37.946,2.08915,2.08995,7.20,2.40
2008.02.29 02:36:38.113,2.08915,2.08995,7.20,2.40
2008.02.29 02:36:38.460,2.08915,2.08995,7.20,2.40
2008.02.29 02:36:38.808,2.08915,2.08995,7.20,2.40
2008.02.29 02:36:39.169,2.08915,2.08995,7.20,2.40
2008.02.29 02:36:39.394,2.08915,2.08995,7.20,2.40
2008.02.29 02:36:39.622,2.08915,2.08995,7.20,2.40
2008.02.29 02:36:41.948,2.08915,2.08995,7.20,2.40
2008.02.29 02:36:42.071,2.08915,2.08995,7.20,2.40
2008.02.29 02:36:42.209,2.08915,2.08995,7.20,2.40
2008.02.29 02:36:42.295,2.08915,2.08995,7.20,2.40
2008.02.29 02:36:43.669,2.08915,2.08995,7.20,2.40
2008.02.29 02:36:45.377,2.08915,2.08995,7.20,2.40
2008.02.29 02:36:45.502,2.08915,2.08995,7.20,2.40
2008.02.29 02:36:48.680,2.08915,2.08995,7.20,2.40
2008.02.29 02:36:48.939,2.08915,2.08995,7.20,2.40
2008.02.29 02:36:50.475,2.08915,2.08995,7.20,2.40
2008.02.29 02:36:50.645,2.08915,2.08995,7.20,2.40
2008.02.29 02:36:50.824,2.08915,2.08995,7.20,2.40
2008.02.29 02:36:50.992,2.08915,2.08995,7.20,2.40
2008.02.29 02:36:51.173,2.08915,2.08995,7.20,2.40
2008.02.29 02:36:51.361,2.08915,2.08995,7.20,2.40
2008.02.29 02:36:51.531,2.08915,2.08995,7.20,2.40
2008.02.29 02:36:51.874,2.08915,2.08995,7.20,2.40
2008.02.29 02:36:52.226,2.08915,2.08995,7.20,2.40
2008.02.29 02:36:52.581,2.08915,2.08995,7.20,2.40
2008.02.29 02:36:52.810,2.08915,2.08995,7.20,2.40
2008.02.29 02:36:53.042,2.08915,2.08995,7.20,2.40
2008.02.29 02:36:53.284,2.08915,2.08995,7.20,2.40
2008.02.29 02:36:53.536,2.08915,2.08995,7.20,2.40
2008.02.29 02:36:53.860,2.08915,2.08995,7.20,2.40
2008.02.29 02:36:54.209,2.08915,2.08995,7.20,2.40
2008.02.29 02:36:54.551,2.08915,2.08995,7.20,2.40
2008.02.29 02:36:54.894,2.08915,2.08995,7.20,2.40
2008.02.29 02:36:56.431,2.08915,2.08995,7.20,2.40
2008.02.29 02:36:57.956,2.08915,2.08995,7.20,2.40
2008.02.29 02:36:58.086,2.08915,2.08995,7.20,2.40
2008.02.29 02:36:58.251,2.08915,2.08995,7.20,2.40
2008.02.29 02:36:58.390,2.08915,2.08995,7.20,2.40
2008.02.29 02:37:00.025,2.0892,2.08995,2.40,2.40
2008.02.29 02:37:00.930,2.08915,2.08995,7.20,2.40
2008.02.29 02:37:01.153,2.08915,2.08995,7.20,2.40
2008.02.29 02:37:01.319,2.08915,2.08995,7.20,2.40
2008.02.29 02:37:01.464,2.08915,2.08995,7.20,2.40
2008.02.29 02:37:01.590,2.08915,2.08995,7.20,2.40
2008.02.29 02:37:01.764,2.08915,2.08995,7.20,2.40
2008.02.29 02:37:03.474,2.08935,2.09005,2.40,2.40
2008.02.29 02:37:03.594,2.08935,2.09005,4.80,2.40
2008.02.29 02:37:03.819,2.08935,2.09005,4.80,2.40
2008.02.29 02:37:07.104,2.08935,2.09005,4.80,2.40
2008.02.29 02:37:07.326,2.08935,2.09005,4.80,2.40
2008.02.29 02:37:49.746,2.08915,2.09015,6.40,1.60
2008.02.29 02:37:49.960,2.08915,2.09015,6.40,1.60
2008.02.29 02:37:50.172,2.08915,2.09015,6.40,1.60
2008.02.29 02:37:50.382,2.08915,2.09015,6.40,1.60
2008.02.29 02:37:50.601,2.08915,2.09015,6.40,1.60
2008.02.29 02:37:50.812,2.08915,2.09015,6.40,1.60
2008.02.29 02:37:51.170,2.08935,2.09015,4.80,4.00
2008.02.29 02:37:51.526,2.08935,2.09015,4.80,2.40
2008.02.29 02:37:51.887,2.08935,2.09015,4.80,2.40
2008.02.29 02:37:52.132,2.08925,2.08995,5.60,2.40
2008.02.29 02:37:52.366,2.08925,2.08995,5.60,2.40
2008.02.29 02:37:52.598,2.08915,2.08985,5.60,2.40
2008.02.29 02:37:52.839,2.08915,2.08985,5.60,2.40
2008.02.29 02:37:53.161,2.08915,2.08985,5.60,2.40
2008.02.29 02:37:53.475,2.08915,2.08985,5.60,2.40
2008.02.29 02:37:53.776,2.08915,2.08985,5.60,2.40
2008.02.29 02:37:54.071,2.08915,2.08985,5.60,2.40
2008.02.29 02:37:54.361,2.08915,2.08985,5.60,2.40
2008.02.29 02:37:54.652,2.08915,2.08985,5.60,2.40
2008.02.29 02:37:54.944,2.08915,2.08985,5.60,2.40
2008.02.29 02:37:55.240,2.08915,2.08985,4.80,2.40
2008.02.29 02:37:55.535,2.08915,2.08985,4.80,2.40
2008.02.29 02:37:55.822,2.08915,2.08985,4.80,2.40
2008.02.29 02:37:56.123,2.08915,2.08985,4.80,2.40
2008.02.29 02:37:56.368,2.08915,2.08985,4.80,2.40
2008.02.29 02:37:56.613,2.08915,2.08985,4.80,2.40
2008.02.29 02:37:56.869,2.08915,2.08985,4.80,2.40
2008.02.29 02:37:57.141,2.08915,2.08985,4.80,2.40
2008.02.29 02:37:57.415,2.08915,2.08985,4.80,2.40
2008.02.29 02:37:57.698,2.08915,2.08985,4.80,2.40
2008.02.29 02:37:57.969,2.08915,2.08985,4.80,2.40
2008.02.29 02:37:58.254,2.08915,2.08985,4.80,2.40
2008.02.29 02:37:58.530,2.08915,2.08985,4.80,2.40
2008.02.29 02:37:58.822,2.08915,2.08985,4.80,2.40
2008.02.29 02:37:59.117,2.08915,2.08985,4.80,2.40
2008.02.29 02:37:59.418,2.08915,2.08985,4.80,2.40
2008.02.29 02:37:59.719,2.08915,2.08985,4.80,2.40
2008.02.29 02:38:00.033,2.08915,2.08985,4.80,2.40
2008.02.29 02:38:00.289,2.08915,2.08985,4.80,2.40
2008.02.29 02:38:00.546,2.08915,2.08985,4.80,2.40
2008.02.29 02:38:00.794,2.08915,2.08985,4.80,2.40
2008.02.29 02:38:01.041,2.08915,2.08985,4.80,2.40
2008.02.29 02:38:01.351,2.08915,2.08985,4.80,2.40
2008.02.29 02:38:01.669,2.08915,2.08985,4.80,2.40
2008.02.29 02:38:01.978,2.08915,2.08985,4.80,2.40
2008.02.29 02:38:02.263,2.08915,2.08985,4.80,2.40
2008.02.29 02:38:02.560,2.08915,2.08985,4.80,2.40
2008.02.29 02:38:02.860,2.08915,2.08985,4.80,2.40
2008.02.29 02:38:03.115,2.08915,2.08985,4.80,2.40
2008.02.29 02:38:03.398,2.08915,2.08985,4.80,2.40
2008.02.29 02:38:03.689,2.08915,2.08985,4.80,2.40
2008.02.29 02:38:03.971,2.08915,2.08985,4.80,2.40
2008.02.29 02:38:04.265,2.08915,2.08985,4.80,2.40
2008.02.29 02:38:04.565,2.08915,2.08985,4.80,2.40
2008.02.29 02:38:04.862,2.08915,2.08985,4.80,2.40
2008.02.29 02:38:05.167,2.08915,2.08985,4.80,2.40
2008.02.29 02:38:05.439,2.08915,2.08985,4.80,2.40
2008.02.29 02:38:05.699,2.08915,2.08985,4.80,2.40
2008.02.29 02:38:05.964,2.08915,2.08985,4.80,2.40
2008.02.29 02:38:06.233,2.08915,2.08985,4.80,2.40
2008.02.29 02:38:06.534,2.08915,2.08985,4.80,2.40
2008.02.29 02:38:06.846,2.08915,2.08985,4.80,2.40
2008.02.29 02:38:07.153,2.08915,2.08985,4.80,2.40
2008.02.29 02:38:07.402,2.08915,2.08985,4.80,2.40
2008.02.29 02:38:07.660,2.08915,2.08985,4.80,2.40
2008.02.29 02:38:09.373,2.089,2.08985,2.40,2.40
2008.02.29 02:38:09.395,2.08895,2.08985,7.20,2.40
2008.02.29 02:38:09.524,2.08895,2.08985,7.20,2.40
2008.02.29 02:38:09.664,2.08895,2.08985,7.20,2.40
2008.02.29 02:38:09.813,2.08895,2.08985,7.20,2.40
2008.02.29 02:38:09.954,2.08895,2.08985,7.20,2.40
2008.02.29 02:38:10.107,2.08895,2.08985,7.20,2.40
2008.02.29 02:38:10.265,2.08895,2.08985,7.20,2.40
2008.02.29 02:38:10.424,2.08895,2.08985,7.20,2.40
2008.02.29 02:38:10.609,2.08895,2.08985,7.20,2.40
2008.02.29 02:38:10.955,2.08905,2.08985,2.40,2.40
2008.02.29 02:38:11.287,2.08905,2.08985,2.40,2.40
2008.02.29 02:38:11.633,2.08895,2.08985,4.80,4.00
2008.02.29 02:38:11.870,2.08895,2.08985,4.80,4.00
2008.02.29 02:38:12.103,2.08895,2.08985,7.20,2.40
2008.02.29 02:38:12.348,2.08895,2.08985,7.20,2.40
2008.02.29 02:38:12.595,2.08895,2.08985,7.20,2.40
2008.02.29 02:38:12.902,2.08895,2.08985,7.20,2.40
2008.02.29 02:38:13.208,2.08895,2.08985,7.20,2.40
2008.02.29 02:38:13.508,2.08895,2.08985,7.20,2.40
2008.02.29 02:38:13.804,2.08895,2.08985,7.20,2.40
2008.02.29 02:38:14.086,2.08895,2.08985,7.20,2.40
2008.02.29 02:38:14.373,2.08895,2.08985,7.20,2.40
2008.02.29 02:38:14.655,2.08895,2.08985,7.20,2.40
2008.02.29 02:38:14.896,2.08895,2.08985,7.20,2.40
2008.02.29 02:38:15.137,2.08895,2.08985,7.20,2.40
2008.02.29 02:38:15.385,2.08895,2.08985,7.20,2.40
2008.02.29 02:38:15.627,2.08895,2.08985,7.20,2.40
2008.02.29 02:38:17.125,2.08895,2.08985,7.20,2.40
2008.02.29 02:38:17.167,2.08895,2.08985,7.20,2.40
2008.02.29 02:38:17.270,2.08895,2.08985,7.20,2.40
2008.02.29 02:38:17.386,2.08895,2.08985,7.20,2.40
2008.02.29 02:38:17.427,2.08895,2.08985,7.20,2.40
2008.02.29 02:38:17.530,2.08895,2.08985,7.20,2.40
2008.02.29 02:38:17.857,2.08895,2.08985,7.20,2.40
2008.02.29 02:38:19.361,2.08895,2.08985,7.20,2.40
2008.02.29 02:38:19.598,2.08895,2.08985,7.20,2.40
2008.02.29 02:38:19.827,2.08895,2.08985,7.20,2.40
2008.02.29 02:38:22.505,2.08895,2.08985,7.20,2.40
2008.02.29 02:38:23.745,2.08895,2.08985,7.20,2.40
2008.02.29 02:38:23.812,2.08895,2.08985,7.20,2.40
2008.02.29 02:38:23.890,2.08895,2.08985,7.20,2.40
2008.02.29 02:38:23.964,2.08895,2.08985,7.20,2.40
2008.02.29 02:38:24.190,2.08895,2.08985,7.20,2.40
2008.02.29 02:38:24.308,2.08895,2.08985,7.20,2.40
2008.02.29 02:38:24.381,2.08895,2.08985,7.20,2.40
2008.02.29 02:38:24.463,2.08895,2.08985,7.20,2.40
2008.02.29 02:38:24.576,2.08895,2.08985,7.20,2.40
2008.02.29 02:38:24.647,2.08895,2.08985,7.20,2.40
2008.02.29 02:38:26.017,2.08895,2.08985,7.20,2.40
2008.02.29 02:38:27.463,2.08915,2.08985,2.40,2.40
2008.02.29 02:38:27.598,2.08915,2.08985,2.40,2.40
2008.02.29 02:38:30.401,2.08915,2.08985,2.40,2.40
2008.02.29 02:38:30.523,2.08905,2.08985,4.80,2.40
2008.02.29 02:38:30.611,2.08905,2.08985,4.80,2.40
2008.02.29 02:38:30.670,2.08905,2.08985,4.80,2.40
2008.02.29 02:38:31.927,2.08905,2.08985,4.80,2.40
2008.02.29 02:38:33.188,2.08905,2.08985,4.80,2.40
2008.02.29 02:38:33.290,2.08905,2.08985,4.80,2.40
2008.02.29 02:38:33.443,2.08905,2.08985,4.80,2.40
2008.02.29 02:38:33.523,2.08905,2.08985,4.80,2.40
2008.02.29 02:38:33.630,2.08905,2.08985,4.80,2.40
2008.02.29 02:38:33.760,2.08905,2.08985,4.80,2.40
2008.02.29 02:38:33.810,2.08905,2.08985,4.80,2.40
2008.02.29 02:38:34.042,2.08905,2.08985,4.80,2.40
2008.02.29 02:38:34.173,2.08905,2.08985,4.80,2.40
2008.02.29 02:38:34.241,2.08905,2.08985,4.80,2.40
2008.02.29 02:38:34.611,2.08905,2.08985,4.80,2.40
2008.02.29 02:38:34.968,2.08905,2.08985,4.80,2.40
2008.02.29 02:38:35.309,2.08905,2.08985,4.80,2.40
2008.02.29 02:38:35.557,2.08905,2.08985,4.80,2.40
2008.02.29 02:38:35.808,2.08905,2.08985,4.80,2.40
2008.02.29 02:38:36.054,2.08905,2.08985,4.80,2.40
2008.02.29 02:38:36.311,2.08905,2.08985,4.80,2.40
2008.02.29 02:38:36.589,2.08905,2.08985,4.80,2.40
2008.02.29 02:38:36.879,2.08905,2.08985,4.80,2.40
2008.02.29 02:38:37.171,2.08905,2.08985,4.80,2.40
2008.02.29 02:38:37.447,2.08905,2.08985,4.80,2.40
2008.02.29 02:38:37.736,2.08905,2.08985,2.40,2.40
2008.02.29 02:38:38.036,2.08895,2.08985,7.20,2.40
2008.02.29 02:38:38.347,2.089,2.08985,2.40,2.40
2008.02.29 02:38:39.962,2.0889,2.08985,2.40,2.40
2008.02.29 02:38:40.132,2.0889,2.08985,2.40,2.40
2008.02.29 02:38:41.683,2.0889,2.08985,2.40,2.40
2008.02.29 02:38:48.308,2.089,2.08985,2.40,2.40
2008.02.29 02:38:48.387,2.089,2.08985,2.40,2.40
2008.02.29 02:38:48.430,2.089,2.08985,2.40,2.40
2008.02.29 02:38:48.667,2.089,2.08985,2.40,2.40
2008.02.29 02:38:50.094,2.089,2.08985,2.40,2.40
2008.02.29 02:38:50.236,2.089,2.08985,2.40,2.40
2008.02.29 02:38:50.374,2.089,2.08985,2.40,2.40
2008.02.29 02:38:50.528,2.089,2.08985,2.40,2.40
2008.02.29 02:38:50.678,2.089,2.08985,2.40,2.40
2008.02.29 02:38:50.827,2.089,2.08985,2.40,2.40
2008.02.29 02:38:50.988,2.089,2.08985,2.40,2.40
2008.02.29 02:38:51.129,2.089,2.08985,2.40,2.40
2008.02.29 02:38:51.521,2.089,2.08985,2.40,2.40
2008.02.29 02:38:51.883,2.089,2.08985,2.40,2.40
2008.02.29 02:38:52.243,2.089,2.08985,2.40,3.20
2008.02.29 02:38:52.455,2.089,2.08985,2.40,3.20
2008.02.29 02:38:52.674,2.089,2.08985,2.40,3.20
2008.02.29 02:38:52.894,2.089,2.08985,2.40,3.20
2008.02.29 02:38:53.121,2.089,2.08985,2.40,3.20
2008.02.29 02:38:53.414,2.089,2.08985,2.40,3.20
2008.02.29 02:38:53.714,2.089,2.08985,2.40,3.20
2008.02.29 02:38:54.004,2.089,2.08985,2.40,3.20
2008.02.29 02:38:54.303,2.089,2.08985,2.40,3.20
2008.02.29 02:38:54.570,2.089,2.08985,2.40,3.20
2008.02.29 02:38:54.836,2.089,2.08985,2.40,3.20
2008.02.29 02:38:55.111,2.089,2.08985,2.40,3.20
2008.02.29 02:38:55.372,2.089,2.08985,2.40,3.20
2008.02.29 02:38:58.665,2.089,2.08985,2.40,3.20
2008.02.29 02:38:58.765,2.089,2.08985,2.40,3.20
2008.02.29 02:38:59.435,2.089,2.08985,2.40,3.20
2008.02.29 02:38:59.452,2.089,2.08985,2.40,3.20
2008.02.29 02:38:59.490,2.089,2.08985,2.40,3.20
2008.02.29 02:38:59.772,2.089,2.08985,2.40,2.40
2008.02.29 02:39:00.030,2.089,2.08985,2.40,2.40
2008.02.29 02:39:00.298,2.089,2.08985,2.40,2.40
2008.02.29 02:39:00.563,2.089,2.08985,2.40,2.40
2008.02.29 02:39:00.848,2.089,2.08985,2.40,2.40
2008.02.29 02:39:01.124,2.089,2.08985,2.40,2.40
2008.02.29 02:39:01.401,2.089,2.08985,2.40,2.40
2008.02.29 02:39:01.689,2.089,2.08985,2.40,2.40
2008.02.29 02:39:01.933,2.089,2.08985,2.40,2.40
2008.02.29 02:39:02.191,2.089,2.08985,2.40,2.40
2008.02.29 02:39:02.440,2.089,2.08985,2.40,2.40
2008.02.29 02:39:02.677,2.089,2.08985,2.40,2.40
2008.02.29 02:39:02.964,2.089,2.08985,2.40,2.40
2008.02.29 02:39:03.252,2.08895,2.08985,4.80,2.40
2008.02.29 02:39:03.552,2.08895,2.08985,4.80,2.40
2008.02.29 02:39:03.842,2.08895,2.08985,4.80,2.40
2008.02.29 02:39:04.140,2.08895,2.08985,4.80,2.40
2008.02.29 02:39:04.433,2.08905,2.08985,2.40,2.40
2008.02.29 02:39:04.729,2.08905,2.08985,2.40,2.40
2008.02.29 02:39:04.978,2.08905,2.08985,2.40,2.40
2008.02.29 02:39:05.234,2.08905,2.08985,2.40,2.40
2008.02.29 02:39:05.481,2.08905,2.08985,2.40,2.40
2008.02.29 02:39:05.726,2.08905,2.08985,2.40,2.40
2008.02.29 02:39:05.993,2.08905,2.08985,2.40,2.40
2008.02.29 02:39:06.268,2.08905,2.08985,2.40,2.40
2008.02.29 02:39:06.533,2.08905,2.08985,2.40,2.40
2008.02.29 02:39:06.803,2.08905,2.08985,2.40,2.40
2008.02.29 02:39:07.075,2.08905,2.08985,2.40,2.40
2008.02.29 02:39:07.364,2.08905,2.08985,2.40,2.40
2008.02.29 02:39:07.648,2.08905,2.08985,2.40,2.40
2008.02.29 02:39:09.373,2.08905,2.08985,2.40,2.40
2008.02.29 02:39:09.549,2.08905,2.08985,2.40,2.40
2008.02.29 02:39:11.710,2.08905,2.08985,2.40,2.40
2008.02.29 02:39:11.849,2.08905,2.08985,2.40,2.40
2008.02.29 02:39:11.964,2.08905,2.08985,2.40,2.40
2008.02.29 02:39:12.090,2.08905,2.08985,2.40,2.40
2008.02.29 02:39:12.211,2.08905,2.08985,2.40,2.40
2008.02.29 02:39:13.754,2.08905,2.08985,2.40,2.40
2008.02.29 02:39:13.937,2.08905,2.08985,4.80,2.40
2008.02.29 02:39:14.118,2.08905,2.08985,4.80,2.40
2008.02.29 02:39:14.305,2.08905,2.08985,4.80,2.40
2008.02.29 02:39:14.575,2.08905,2.08985,4.80,2.40
2008.02.29 02:39:15.822,2.08905,2.08985,4.80,2.40
2008.02.29 02:39:15.990,2.08905,2.08985,4.80,2.40
2008.02.29 02:39:17.764,2.08905,2.08985,4.80,2.40
2008.02.29 02:39:20.146,2.08905,2.08985,4.80,2.40
2008.02.29 02:39:20.993,2.08905,2.08985,4.80,2.40
2008.02.29 02:39:22.788,2.08905,2.08985,4.80,2.40
2008.02.29 02:39:22.861,2.08905,2.08985,4.80,2.40
2008.02.29 02:39:22.917,2.08905,2.08985,4.80,2.40
2008.02.29 02:39:24.318,2.08905,2.08985,4.80,2.40
2008.02.29 02:39:24.436,2.08905,2.08985,4.80,2.40
2008.02.29 02:39:24.560,2.08905,2.08985,4.80,2.40
2008.02.29 02:39:25.245,2.08905,2.08985,4.80,2.40
2008.02.29 02:39:25.345,2.08905,2.08985,4.80,2.40
2008.02.29 02:39:25.567,2.08905,2.08985,4.80,2.40
2008.02.29 02:39:25.819,2.08905,2.08985,4.80,2.40
2008.02.29 02:39:26.051,2.08905,2.08985,4.80,2.40
2008.02.29 02:39:26.280,2.08905,2.08985,4.80,2.40
2008.02.29 02:39:26.494,2.08905,2.08985,4.80,2.40
2008.02.29 02:39:26.846,2.08905,2.08985,4.80,2.40
2008.02.29 02:39:27.187,2.08905,2.08985,4.80,2.40
2008.02.29 02:39:27.528,2.08905,2.08985,4.80,2.40
2008.02.29 02:39:27.747,2.08905,2.08985,4.80,2.40
2008.02.29 02:39:27.979,2.08905,2.08985,4.80,2.40
2008.02.29 02:39:28.226,2.08905,2.08985,4.80,2.40
2008.02.29 02:39:28.441,2.08905,2.08985,4.80,2.40
2008.02.29 02:39:28.805,2.08905,2.08985,4.80,2.40
2008.02.29 02:39:29.164,2.08905,2.08985,4.80,2.40
2008.02.29 02:39:29.507,2.08905,2.08985,4.80,2.40
2008.02.29 02:39:29.719,2.08905,2.08985,4.80,2.40
2008.02.29 02:39:29.940,2.08905,2.08985,4.80,2.40
2008.02.29 02:39:30.149,2.08905,2.08985,4.80,2.40
2008.02.29 02:39:30.368,2.08905,2.08985,4.80,2.40
2008.02.29 02:39:30.580,2.08905,2.08985,4.80,2.40
2008.02.29 02:39:30.901,2.08905,2.08985,4.80,2.40
2008.02.29 02:39:31.222,2.08905,2.08985,4.80,2.40
2008.02.29 02:39:33.043,2.08905,2.08985,4.80,2.40
2008.02.29 02:39:33.115,2.08905,2.08985,4.80,2.40
2008.02.29 02:39:33.193,2.08905,2.08985,4.80,2.40
2008.02.29 02:39:33.268,2.08905,2.08985,4.80,2.40
2008.02.29 02:39:35.902,2.08905,2.08985,4.80,2.40
2008.02.29 02:39:35.961,2.08905,2.08985,4.80,2.40
2008.02.29 02:39:36.031,2.08905,2.08985,4.80,2.40
2008.02.29 02:39:36.137,2.08905,2.08985,4.80,2.40
2008.02.29 02:39:36.210,2.08905,2.08985,4.80,2.40
2008.02.29 02:39:36.351,2.08905,2.08985,4.80,2.40
2008.02.29 02:39:36.573,2.08905,2.08985,4.80,2.40
2008.02.29 02:39:37.991,2.08905,2.08985,4.80,2.40
2008.02.29 02:39:40.019,2.08905,2.08985,4.80,2.40
2008.02.29 02:39:42.566,2.08905,2.08985,4.80,2.40
2008.02.29 02:39:42.662,2.08905,2.08985,4.80,2.40
2008.02.29 02:39:43.935,2.08905,2.08985,4.80,2.40
2008.02.29 02:39:44.009,2.08905,2.08985,4.80,2.40
2008.02.29 02:39:44.232,2.08905,2.08985,4.80,2.40
2008.02.29 02:39:44.344,2.08905,2.08985,4.80,2.40
2008.02.29 02:39:44.456,2.08905,2.08985,4.80,2.40
2008.02.29 02:39:46.381,2.08905,2.08985,4.80,2.40
2008.02.29 02:39:46.543,2.08905,2.08985,4.80,2.40
2008.02.29 02:39:46.707,2.08905,2.08985,4.80,2.40
2008.02.29 02:39:46.856,2.08905,2.08985,4.80,2.40
2008.02.29 02:39:47.020,2.08905,2.08985,4.80,2.40
2008.02.29 02:39:47.203,2.08905,2.08985,4.80,2.40
2008.02.29 02:39:47.344,2.08905,2.08985,4.80,2.40
2008.02.29 02:39:47.696,2.08905,2.08985,4.80,2.40
2008.02.29 02:39:48.041,2.08905,2.08985,4.80,2.40
2008.02.29 02:39:48.391,2.08905,2.08985,4.80,2.40
2008.02.29 02:39:48.640,2.08905,2.08985,4.80,2.40
2008.02.29 02:39:48.901,2.08905,2.08985,4.80,2.40
2008.02.29 02:39:49.148,2.08905,2.08985,4.80,2.40
2008.02.29 02:39:49.407,2.08905,2.08985,4.80,2.40
2008.02.29 02:39:49.680,2.08905,2.08985,4.80,2.40
2008.02.29 02:39:49.951,2.08905,2.08985,4.80,2.40
2008.02.29 02:39:50.225,2.08905,2.08985,4.80,2.40
2008.02.29 02:39:50.498,2.08905,2.08985,4.80,2.40
2008.02.29 02:39:50.750,2.08905,2.08985,4.80,2.40
2008.02.29 02:39:51.007,2.08905,2.08985,4.80,2.40
2008.02.29 02:39:51.277,2.08905,2.08985,4.80,2.40
2008.02.29 02:39:51.542,2.08905,2.08985,4.80,2.40
2008.02.29 02:39:51.822,2.08905,2.08985,4.80,2.40
2008.02.29 02:39:52.095,2.08905,2.08985,4.80,2.40
2008.02.29 02:39:52.376,2.08905,2.08985,4.80,2.40
2008.02.29 02:39:52.656,2.08905,2.08985,4.80,2.40
2008.02.29 02:39:52.924,2.08905,2.08985,4.80,2.40
2008.02.29 02:39:53.186,2.08905,2.08985,4.80,2.40
2008.02.29 02:39:53.448,2.08905,2.08985,4.80,2.40
2008.02.29 02:39:53.748,2.08905,2.08985,4.80,2.40
2008.02.29 02:39:54.039,2.08905,2.08985,4.80,2.40
2008.02.29 02:39:54.330,2.08905,2.08985,4.80,2.40
2008.02.29 02:39:54.627,2.08905,2.08985,4.80,2.40
2008.02.29 02:39:54.875,2.08905,2.08985,4.80,2.40
2008.02.29 02:39:55.120,2.08905,2.08985,4.80,2.40
2008.02.29 02:39:55.370,2.08905,2.08985,4.80,2.40
2008.02.29 02:39:56.965,2.08905,2.08985,4.80,2.40
2008.02.29 02:39:57.013,2.08905,2.08985,4.80,2.40
2008.02.29 02:39:58.445,2.08905,2.08985,4.80,2.40
2008.02.29 02:39:58.528,2.08905,2.08985,4.80,2.40
2008.02.29 02:39:58.655,2.08905,2.08985,4.80,2.40
2008.02.29 02:40:00.506,2.08905,2.08985,4.80,2.40
2008.02.29 02:40:02.683,2.08905,2.08985,4.80,2.40
2008.02.29 02:40:02.754,2.08905,2.08985,4.80,2.40
2008.02.29 02:40:02.853,2.08905,2.08985,4.80,2.40
2008.02.29 02:40:02.965,2.08905,2.08985,4.80,2.40
2008.02.29 02:40:03.046,2.08905,2.08985,4.80,2.40
2008.02.29 02:40:03.117,2.08905,2.08985,4.80,2.40
2008.02.29 02:40:03.399,2.08905,2.08985,4.80,2.40
2008.02.29 02:40:05.170,2.08905,2.08985,4.80,2.40
2008.02.29 02:40:05.352,2.08905,2.08985,4.80,2.40
2008.02.29 02:40:05.550,2.08905,2.08985,4.80,2.40
2008.02.29 02:40:05.741,2.08905,2.08985,4.80,2.40
2008.02.29 02:40:05.936,2.08905,2.08985,4.80,2.40
2008.02.29 02:40:06.137,2.08905,2.08985,4.80,2.40
2008.02.29 02:40:06.493,2.08905,2.08985,4.80,2.40
2008.02.29 02:40:06.839,2.08905,2.08985,4.80,2.40
2008.02.29 02:40:07.193,2.08905,2.08985,4.80,2.40
2008.02.29 02:40:07.395,2.08905,2.08985,4.80,2.40
2008.02.29 02:40:07.608,2.08905,2.08985,4.80,2.40
2008.02.29 02:40:07.825,2.08905,2.08985,4.80,2.40
2008.02.29 02:40:08.049,2.08905,2.08985,4.80,2.40
2008.02.29 02:40:08.279,2.08905,2.08985,4.80,2.40
2008.02.29 02:40:08.592,2.08905,2.08985,4.80,2.40
2008.02.29 02:40:08.889,2.08905,2.08985,4.80,2.40
2008.02.29 02:40:09.194,2.08905,2.08985,4.80,2.40
2008.02.29 02:40:09.490,2.08905,2.08985,4.80,2.40
2008.02.29 02:40:09.767,2.08905,2.08985,4.80,2.40
2008.02.29 02:40:10.044,2.08905,2.08985,4.80,2.40
2008.02.29 02:40:10.335,2.08905,2.08985,4.80,2.40
2008.02.29 02:40:10.584,2.08905,2.08985,4.80,2.40
2008.02.29 02:40:11.672,2.08905,2.08985,4.80,2.40
2008.02.29 02:40:11.799,2.08905,2.08985,4.80,2.40
2008.02.29 02:40:11.923,2.08905,2.08985,4.80,2.40
2008.02.29 02:40:12.057,2.08905,2.08985,4.80,2.40
2008.02.29 02:40:13.311,2.08905,2.08985,2.40,2.40
2008.02.29 02:40:13.462,2.08905,2.08985,2.40,2.40
2008.02.29 02:40:20.843,2.08905,2.08985,2.40,2.40
2008.02.29 02:40:22.734,2.08905,2.08975,2.40,2.40
2008.02.29 02:40:24.279,2.08905,2.08975,2.40,2.40
2008.02.29 02:40:24.489,2.08905,2.08975,2.40,2.40
2008.02.29 02:40:26.042,2.08905,2.08975,2.40,2.40
2008.02.29 02:40:26.180,2.08905,2.08975,5.60,2.40
2008.02.29 02:40:26.354,2.08905,2.08975,5.60,2.40
2008.02.29 02:40:26.526,2.08905,2.08975,5.60,2.40
2008.02.29 02:40:26.670,2.08905,2.08975,5.60,2.40
2008.02.29 02:40:26.825,2.08905,2.08975,5.60,2.40
2008.02.29 02:40:26.971,2.08905,2.08975,5.60,2.40
2008.02.29 02:40:27.331,2.08905,2.08975,5.60,2.40
2008.02.29 02:40:27.684,2.08905,2.08975,5.60,2.40
2008.02.29 02:40:28.026,2.08905,2.08975,5.60,2.40
2008.02.29 02:40:28.280,2.08905,2.08975,5.60,2.40
2008.02.29 02:40:28.523,2.08905,2.08975,2.40,2.40
2008.02.29 02:40:28.750,2.08895,2.08975,4.80,2.40
2008.02.29 02:40:28.987,2.08895,2.08975,4.80,2.40
2008.02.29 02:40:29.293,2.08895,2.08975,4.80,2.40
2008.02.29 02:40:29.598,2.08895,2.08975,4.80,2.40
2008.02.29 02:40:29.913,2.08895,2.08975,4.80,2.40
2008.02.29 02:40:30.217,2.08895,2.08975,4.80,2.40
2008.02.29 02:40:30.472,2.08895,2.08975,4.80,2.40
2008.02.29 02:40:32.121,2.08895,2.08975,4.80,2.40
2008.02.29 02:40:32.318,2.08895,2.08975,4.80,2.40
2008.02.29 02:40:32.427,2.08895,2.08975,4.80,2.40
2008.02.29 02:40:32.557,2.08895,2.08975,4.80,2.40
2008.02.29 02:40:32.673,2.08895,2.08975,4.80,2.40
2008.02.29 02:40:32.783,2.08895,2.08975,4.80,2.40
2008.02.29 02:40:32.924,2.08895,2.08975,4.80,2.40
2008.02.29 02:40:33.041,2.08895,2.08975,4.80,2.40
2008.02.29 02:40:33.185,2.08895,2.08975,4.80,2.40
2008.02.29 02:40:33.564,2.08895,2.08975,4.80,2.40
2008.02.29 02:40:33.918,2.08895,2.08975,4.80,2.40
2008.02.29 02:40:34.271,2.08895,2.08975,4.80,2.40
2008.02.29 02:40:34.527,2.08895,2.08975,4.80,2.40
2008.02.29 02:40:34.783,2.08895,2.08975,4.80,2.40
2008.02.29 02:40:35.043,2.08895,2.08975,4.80,2.40
2008.02.29 02:40:35.302,2.08895,2.08975,4.80,2.40
2008.02.29 02:40:35.589,2.08895,2.08975,4.80,2.40
2008.02.29 02:40:35.866,2.08895,2.08975,2.40,2.40
2008.02.29 02:40:36.154,2.08895,2.08975,2.40,2.40
2008.02.29 02:40:36.413,2.08895,2.08975,4.80,2.40
2008.02.29 02:40:36.685,2.08895,2.08975,4.80,2.40
2008.02.29 02:40:36.960,2.08895,2.08975,4.80,2.40
2008.02.29 02:40:37.225,2.08895,2.08975,4.80,2.40
2008.02.29 02:40:37.483,2.08895,2.08975,4.80,2.40
2008.02.29 02:40:37.739,2.08895,2.08975,4.80,2.40
2008.02.29 02:40:38.004,2.08895,2.08975,4.80,2.40
2008.02.29 02:40:38.291,2.08895,2.08975,4.80,2.40
2008.02.29 02:40:38.557,2.08895,2.08975,4.80,2.40
2008.02.29 02:40:38.832,2.08895,2.08975,4.80,2.40
2008.02.29 02:40:39.092,2.08895,2.08975,4.80,2.40
2008.02.29 02:40:39.370,2.08895,2.08975,4.80,2.40
2008.02.29 02:40:39.663,2.08895,2.08975,4.80,2.40
2008.02.29 02:40:39.984,2.08895,2.08975,4.80,2.40
2008.02.29 02:40:40.273,2.08895,2.08975,4.80,2.40
2008.02.29 02:40:40.519,2.08895,2.08975,4.80,2.40
2008.02.29 02:40:40.776,2.08895,2.08975,4.80,2.40
2008.02.29 02:40:41.023,2.08895,2.08975,4.80,2.40
2008.02.29 02:40:41.273,2.08895,2.08975,4.80,2.40
2008.02.29 02:40:41.567,2.08895,2.08975,4.80,2.40
2008.02.29 02:40:41.848,2.08895,2.08975,4.80,2.40
2008.02.29 02:40:42.129,2.08895,2.08975,4.80,2.40
2008.02.29 02:40:42.423,2.08895,2.08975,4.80,2.40
2008.02.29 02:40:42.692,2.08895,2.08975,4.80,2.40
2008.02.29 02:40:42.951,2.08895,2.08975,4.80,2.40
2008.02.29 02:40:43.223,2.08895,2.08975,4.80,2.40
2008.02.29 02:40:43.493,2.08895,2.08975,4.80,2.40
2008.02.29 02:40:43.778,2.08895,2.08975,4.80,2.40
2008.02.29 02:40:44.066,2.08895,2.08975,4.80,2.40
2008.02.29 02:40:44.365,2.08895,2.08975,4.80,2.40
2008.02.29 02:40:44.617,2.08895,2.08975,4.80,2.40
2008.02.29 02:40:44.853,2.08895,2.08975,4.80,2.40
2008.02.29 02:40:45.106,2.08895,2.08975,4.80,2.40
2008.02.29 02:40:45.342,2.08895,2.08975,4.80,2.40
2008.02.29 02:40:45.587,2.08895,2.08975,4.80,2.40
2008.02.29 02:40:45.885,2.08895,2.08975,4.80,2.40
2008.02.29 02:40:46.202,2.08895,2.08975,4.80,2.40
2008.02.29 02:40:46.503,2.08895,2.08975,4.80,2.40
2008.02.29 02:40:46.768,2.08895,2.08975,4.80,2.40
2008.02.29 02:40:47.023,2.08895,2.08975,4.80,2.40
2008.02.29 02:40:47.275,2.08895,2.08975,4.80,2.40
2008.02.29 02:40:47.530,2.08895,2.08975,4.80,2.40
2008.02.29 02:40:47.798,2.08895,2.08975,4.80,2.40
2008.02.29 02:40:48.074,2.08895,2.08975,4.80,2.40
2008.02.29 02:40:48.351,2.08895,2.08975,4.80,2.40
2008.02.29 02:40:48.626,2.08895,2.08975,4.80,2.40
2008.02.29 02:40:48.956,2.08895,2.08975,4.80,2.40
2008.02.29 02:40:49.276,2.08895,2.08975,4.80,2.40
2008.02.29 02:40:49.609,2.08895,2.08975,4.80,2.40
2008.02.29 02:40:49.847,2.08895,2.08975,4.80,2.40
2008.02.29 02:40:50.077,2.08895,2.08975,4.80,2.40
2008.02.29 02:40:50.308,2.08895,2.08975,4.80,2.40
2008.02.29 02:40:50.540,2.08895,2.08975,4.80,2.40
2008.02.29 02:40:50.847,2.08895,2.08975,4.80,2.40
2008.02.29 02:40:51.145,2.08895,2.08975,4.80,2.40
2008.02.29 02:40:51.442,2.08895,2.08975,4.80,2.40
2008.02.29 02:40:51.695,2.08895,2.08975,4.80,2.40
2008.02.29 02:40:53.242,2.08895,2.08975,4.80,2.40
2008.02.29 02:40:54.754,2.08895,2.08975,4.80,2.40
2008.02.29 02:40:54.815,2.08895,2.08975,4.80,2.40
2008.02.29 02:40:54.871,2.08895,2.08975,4.80,2.40
2008.02.29 02:40:56.429,2.08895,2.08975,4.80,2.40
2008.02.29 02:40:56.619,2.08885,2.08955,4.80,2.40
2008.02.29 02:40:56.787,2.08885,2.08955,4.80,2.40
2008.02.29 02:40:56.872,2.08885,2.08955,4.80,2.40
2008.02.29 02:40:58.401,2.08885,2.08955,4.80,2.40
2008.02.29 02:40:58.576,2.08885,2.08955,4.80,2.40
2008.02.29 02:40:58.734,2.08885,2.08955,4.80,2.40
2008.02.29 02:40:58.905,2.08885,2.08955,5.60,2.40
2008.02.29 02:40:59.059,2.08895,2.08955,2.40,2.40
2008.02.29 02:40:59.220,2.08895,2.08955,2.40,2.40
2008.02.29 02:40:59.381,2.08895,2.08955,2.40,2.40
2008.02.29 02:40:59.731,2.08895,2.08955,2.40,2.40
2008.02.29 02:41:00.088,2.08895,2.08955,2.40,2.40
2008.02.29 02:41:00.431,2.08895,2.08955,2.40,2.40
2008.02.29 02:41:00.646,2.08895,2.08955,2.40,2.40
2008.02.29 02:41:00.863,2.08895,2.08955,2.40,2.40
2008.02.29 02:41:01.067,2.08895,2.08955,2.40,2.40
2008.02.29 02:41:02.708,2.08895,2.08955,2.40,2.40
2008.02.29 02:41:04.356,2.08895,2.08955,2.40,2.40
2008.02.29 02:41:05.916,2.08895,2.08955,2.40,2.40
2008.02.29 02:41:07.748,2.08895,2.08955,2.40,2.40
2008.02.29 02:41:07.818,2.08895,2.08955,2.40,2.40
2008.02.29 02:41:10.148,2.08895,2.08955,2.40,2.40
2008.02.29 02:41:10.316,2.08895,2.08955,2.40,2.40
2008.02.29 02:41:10.437,2.08895,2.08955,2.40,2.40
2008.02.29 02:41:11.772,2.08895,2.08955,2.40,2.40
2008.02.29 02:41:13.281,2.08895,2.08955,2.40,2.40
2008.02.29 02:41:22.366,2.08895,2.08955,2.40,2.40
2008.02.29 02:41:22.498,2.08895,2.08955,2.40,2.40
2008.02.29 02:41:22.660,2.08895,2.08955,2.40,2.40
2008.02.29 02:41:22.736,2.08895,2.08955,2.40,2.40
2008.02.29 02:41:22.877,2.08895,2.08955,2.40,2.40
2008.02.29 02:41:22.951,2.08895,2.08955,2.40,2.40
2008.02.29 02:41:23.022,2.08895,2.08955,2.40,2.40
2008.02.29 02:41:24.397,2.08895,2.08955,2.40,2.40
2008.02.29 02:41:24.592,2.08895,2.08955,2.40,2.40
2008.02.29 02:41:24.772,2.08895,2.08955,2.40,2.40
2008.02.29 02:41:24.967,2.08895,2.08955,2.40,2.40
2008.02.29 02:41:25.162,2.08895,2.08955,2.40,2.40
2008.02.29 02:41:25.359,2.08895,2.08955,2.40,2.40
2008.02.29 02:41:25.537,2.08895,2.08955,2.40,2.40
2008.02.29 02:41:25.894,2.08895,2.08955,2.40,2.40
2008.02.29 02:41:26.252,2.08895,2.08955,2.40,2.40
2008.02.29 02:41:26.608,2.08895,2.08955,2.40,2.40
2008.02.29 02:41:26.833,2.08895,2.08955,2.40,2.40
2008.02.29 02:41:27.050,2.08895,2.08955,2.40,2.40
2008.02.29 02:41:27.264,2.08895,2.08955,2.40,2.40
2008.02.29 02:41:27.480,2.08895,2.08955,2.40,2.40
2008.02.29 02:41:27.797,2.08895,2.08955,2.40,2.40
2008.02.29 02:41:28.103,2.08895,2.08955,2.40,2.40
2008.02.29 02:41:28.411,2.08895,2.08955,2.40,2.40
2008.02.29 02:41:28.716,2.08895,2.08955,2.40,2.40
2008.02.29 02:41:28.973,2.08895,2.08955,2.40,2.40
2008.02.29 02:41:29.240,2.08895,2.08955,2.40,2.40
2008.02.29 02:41:29.497,2.08895,2.08955,2.40,2.40
2008.02.29 02:41:29.758,2.08895,2.08955,2.40,2.40
2008.02.29 02:41:30.038,2.08895,2.08955,2.40,2.40
2008.02.29 02:41:30.323,2.08895,2.08955,2.40,2.40
2008.02.29 02:41:32.102,2.08895,2.08955,2.40,2.40
2008.02.29 02:41:32.128,2.08895,2.08955,2.40,2.40
2008.02.29 02:41:32.159,2.08895,2.08955,2.40,2.40
2008.02.29 02:41:32.173,2.08895,2.08955,2.40,2.40
2008.02.29 02:41:33.891,2.08895,2.08955,2.40,2.40
2008.02.29 02:41:35.995,2.08895,2.08955,2.40,2.40
2008.02.29 02:41:36.057,2.08895,2.08955,2.40,2.40
2008.02.29 02:41:36.161,2.08895,2.08955,2.40,2.40
2008.02.29 02:41:36.216,2.08895,2.08955,2.40,2.40
2008.02.29 02:41:36.393,2.08895,2.08955,2.40,2.40
2008.02.29 02:41:36.537,2.08895,2.08955,2.40,2.40
2008.02.29 02:41:36.686,2.08895,2.08955,2.40,2.40
2008.02.29 02:41:36.813,2.08895,2.08955,2.40,2.40
2008.02.29 02:41:38.117,2.08895,2.08955,2.40,2.40
2008.02.29 02:41:38.328,2.08895,2.08955,2.40,2.40
2008.02.29 02:41:38.516,2.08895,2.08955,2.40,2.40
2008.02.29 02:41:38.717,2.08895,2.08955,2.40,2.40
2008.02.29 02:41:38.919,2.08895,2.08955,2.40,2.40
2008.02.29 02:41:39.121,2.08895,2.08955,2.40,2.40
2008.02.29 02:41:40.671,2.08895,2.08955,2.40,2.40
2008.02.29 02:41:43.009,2.08895,2.08955,2.40,2.40
2008.02.29 02:41:43.149,2.08895,2.08955,2.40,2.40
2008.02.29 02:41:44.152,2.08895,2.08955,2.40,2.40
2008.02.29 02:41:44.781,2.08895,2.08955,2.40,2.40
2008.02.29 02:41:44.993,2.08895,2.08955,2.40,2.40
2008.02.29 02:41:45.213,2.08895,2.08955,2.40,2.40
2008.02.29 02:41:46.683,2.08895,2.08955,2.40,2.40
2008.02.29 02:41:48.732,2.08895,2.08955,2.40,2.40
2008.02.29 02:41:48.793,2.08895,2.08955,2.40,2.40
2008.02.29 02:41:50.018,2.08895,2.08955,2.40,2.40
2008.02.29 02:41:50.143,2.08885,2.08955,5.60,2.40
2008.02.29 02:41:51.311,2.08885,2.08955,5.60,2.40
2008.02.29 02:41:54.134,2.08885,2.08955,5.60,2.40
2008.02.29 02:41:54.353,2.08905,2.08965,2.40,2.40
2008.02.29 02:41:54.483,2.08905,2.08965,2.40,2.40
2008.02.29 02:41:54.503,2.08905,2.08965,2.40,2.40
2008.02.29 02:41:54.625,2.08905,2.08965,2.40,2.40
2008.02.29 02:41:55.773,2.08905,2.08965,2.40,2.40
2008.02.29 02:41:57.388,2.08905,2.08965,2.40,2.40
2008.02.29 02:41:57.522,2.08905,2.08965,2.40,2.40
2008.02.29 02:42:03.663,2.08905,2.08965,2.40,2.40
2008.02.29 02:42:03.910,2.08905,2.08965,2.40,2.40
2008.02.29 02:42:03.978,2.08905,2.08965,2.40,2.40
2008.02.29 02:42:04.056,2.08905,2.08965,2.40,2.40
2008.02.29 02:42:04.189,2.08905,2.08965,2.40,2.40
2008.02.29 02:42:04.203,2.08905,2.08965,2.40,2.40
2008.02.29 02:42:04.256,2.08905,2.08965,2.40,2.40
2008.02.29 02:42:06.314,2.08905,2.08965,2.40,2.40
2008.02.29 02:42:06.486,2.08905,2.08965,2.40,2.40
2008.02.29 02:42:06.648,2.08905,2.08965,2.40,2.40
2008.02.29 02:42:06.825,2.08905,2.08965,2.40,2.40
2008.02.29 02:42:08.294,2.08905,2.08965,2.40,2.40
2008.02.29 02:42:08.518,2.08905,2.08965,2.40,2.40
2008.02.29 02:42:10.286,2.08905,2.08965,2.40,2.40
2008.02.29 02:42:11.676,2.08895,2.08965,4.80,2.40
2008.02.29 02:42:11.781,2.08895,2.08965,2.40,4.60
2008.02.29 02:42:13.457,2.08895,2.08965,2.40,4.60
2008.02.29 02:42:14.829,2.08875,2.08945,2.40,4.60
2008.02.29 02:42:14.888,2.08875,2.08945,2.40,4.60
2008.02.29 02:42:16.449,2.08875,2.08945,2.40,4.60
2008.02.29 02:42:18.418,2.08865,2.08925,2.40,2.40
2008.02.29 02:42:18.526,2.08865,2.08925,2.40,2.40
2008.02.29 02:42:20.198,2.08865,2.08925,2.40,2.40
2008.02.29 02:42:20.313,2.08865,2.08925,2.40,2.40
2008.02.29 02:42:20.382,2.08865,2.08925,2.40,2.40
2008.02.29 02:42:22.099,2.08865,2.08925,2.40,2.40
2008.02.29 02:42:22.267,2.08865,2.08925,2.40,2.40
2008.02.29 02:42:23.600,2.08865,2.08925,2.40,2.40
2008.02.29 02:42:25.515,2.08865,2.08925,2.40,2.40
2008.02.29 02:42:25.618,2.08865,2.08925,2.40,2.40
2008.02.29 02:42:25.669,2.08865,2.08925,2.40,2.40
2008.02.29 02:42:25.782,2.08865,2.08925,2.40,2.40
2008.02.29 02:42:25.898,2.08865,2.08925,2.40,2.40
2008.02.29 02:42:26.081,2.08865,2.08925,2.40,2.40
2008.02.29 02:42:26.173,2.08865,2.08925,2.40,2.40
2008.02.29 02:42:26.276,2.08865,2.08925,2.40,2.40
2008.02.29 02:42:27.299,2.08865,2.08925,2.40,2.40
2008.02.29 02:42:27.593,2.08865,2.08925,2.40,2.40
2008.02.29 02:42:27.871,2.08865,2.08925,2.40,2.40
2008.02.29 02:42:28.125,2.08865,2.08925,2.40,2.40
2008.02.29 02:42:28.438,2.08865,2.08925,2.40,2.40
2008.02.29 02:42:28.743,2.08865,2.08925,2.40,2.40
2008.02.29 02:42:29.061,2.08865,2.08925,2.40,2.40
2008.02.29 02:42:29.369,2.08865,2.08925,2.40,2.40
2008.02.29 02:42:29.637,2.08865,2.08925,2.40,2.40
2008.02.29 02:42:29.907,2.08865,2.08925,2.40,2.40
2008.02.29 02:42:30.163,2.08865,2.08925,2.40,2.40
2008.02.29 02:42:30.422,2.08865,2.08925,2.40,2.40
2008.02.29 02:42:30.720,2.08865,2.08925,2.40,2.40
2008.02.29 02:42:31.017,2.08865,2.08925,2.40,2.40
2008.02.29 02:42:31.309,2.08865,2.08925,2.40,2.40
2008.02.29 02:42:31.561,2.08865,2.08925,2.40,2.40
2008.02.29 02:42:31.828,2.08865,2.08925,2.40,2.40
2008.02.29 02:42:32.085,2.08865,2.08925,2.40,2.40
2008.02.29 02:42:32.351,2.08865,2.08925,2.40,2.40
2008.02.29 02:42:32.631,2.08865,2.08925,2.40,2.40
2008.02.29 02:42:32.914,2.08865,2.08925,2.40,2.40
2008.02.29 02:42:33.192,2.08865,2.08925,2.40,2.40
2008.02.29 02:42:33.484,2.08865,2.08925,2.40,2.40
2008.02.29 02:42:33.764,2.08865,2.08925,2.40,2.40
2008.02.29 02:42:34.044,2.08865,2.08925,2.40,2.40
2008.02.29 02:42:34.331,2.08865,2.08925,2.40,2.40
2008.02.29 02:42:34.607,2.08865,2.08925,2.40,2.40
2008.02.29 02:42:34.889,2.08865,2.08925,2.40,2.40
2008.02.29 02:42:35.180,2.08865,2.08925,2.40,2.40
2008.02.29 02:42:35.462,2.08865,2.08925,2.40,2.40
2008.02.29 02:42:35.724,2.08865,2.08925,2.40,2.40
2008.02.29 02:42:35.989,2.08865,2.08925,2.40,2.40
2008.02.29 02:42:36.240,2.08865,2.08925,2.40,2.40
2008.02.29 02:42:36.487,2.08865,2.08925,2.40,2.40
2008.02.29 02:42:36.764,2.08865,2.08925,2.40,2.40
2008.02.29 02:42:37.055,2.08865,2.08925,2.40,2.40
2008.02.29 02:42:37.341,2.08865,2.08925,2.40,2.40
2008.02.29 02:42:40.314,2.08865,2.08925,2.40,2.40
2008.02.29 02:42:40.413,2.08865,2.08925,2.40,2.40
2008.02.29 02:42:40.459,2.08865,2.08925,2.40,2.40
2008.02.29 02:42:40.590,2.08865,2.08925,2.40,2.40
2008.02.29 02:42:41.838,2.08865,2.08925,2.40,2.40
2008.02.29 02:42:42.055,2.08865,2.08925,2.40,2.40
2008.02.29 02:42:42.215,2.08865,2.08925,2.40,2.40
2008.02.29 02:42:42.408,2.08865,2.08925,2.40,2.40
2008.02.29 02:42:42.583,2.08865,2.08925,2.40,2.40
2008.02.29 02:42:42.770,2.08865,2.08925,2.40,2.40
2008.02.29 02:42:43.124,2.08865,2.08925,2.40,2.40
2008.02.29 02:42:43.484,2.08865,2.08925,2.40,2.40
2008.02.29 02:42:43.836,2.08865,2.08925,2.40,2.40
2008.02.29 02:42:44.102,2.08865,2.08925,2.40,2.40
2008.02.29 02:42:44.364,2.08865,2.08925,2.40,2.40
2008.02.29 02:42:44.606,2.08865,2.08925,2.40,2.40
2008.02.29 02:42:44.867,2.08875,2.08945,2.40,4.60
2008.02.29 02:42:45.144,2.08875,2.08945,2.40,4.60
2008.02.29 02:42:45.431,2.08875,2.08945,2.40,4.60
2008.02.29 02:42:45.706,2.08875,2.08945,2.40,4.60
2008.02.29 02:42:45.982,2.08875,2.08945,2.40,4.60
2008.02.29 02:42:46.232,2.08875,2.08945,2.40,4.60
2008.02.29 02:42:46.494,2.08875,2.08945,2.40,4.60
2008.02.29 02:42:46.751,2.08875,2.08945,2.40,4.60
2008.02.29 02:42:47.003,2.08875,2.08945,2.40,4.60
2008.02.29 02:42:47.279,2.08875,2.08945,2.40,4.60
2008.02.29 02:42:47.549,2.08875,2.08945,2.40,4.60
2008.02.29 02:42:47.821,2.08875,2.08945,2.40,4.60
2008.02.29 02:42:48.100,2.08865,2.08925,2.40,2.40
2008.02.29 02:42:48.364,2.08865,2.08925,2.40,2.40
2008.02.29 02:42:48.626,2.08865,2.08925,2.40,2.40
2008.02.29 02:42:48.889,2.08865,2.08925,2.40,2.40
2008.02.29 02:42:49.193,2.08865,2.08925,2.40,2.40
2008.02.29 02:42:49.493,2.08865,2.08925,2.40,2.40
2008.02.29 02:42:49.797,2.08865,2.08925,2.40,2.40
2008.02.29 02:42:53.400,2.08855,2.08925,5.60,2.40
2008.02.29 02:42:53.443,2.08855,2.08925,5.60,2.40
2008.02.29 02:42:53.589,2.08855,2.08925,5.60,2.40
2008.02.29 02:42:54.603,2.08855,2.08925,5.60,2.40
2008.02.29 02:42:54.806,2.08845,2.08915,4.80,2.40
2008.02.29 02:42:56.346,2.08845,2.08915,4.80,2.40
2008.02.29 02:42:56.453,2.08845,2.08915,4.80,2.40
2008.02.29 02:42:56.677,2.08845,2.08915,4.80,2.40
2008.02.29 02:42:56.808,2.08845,2.08915,4.80,2.40
2008.02.29 02:42:56.935,2.08845,2.08915,4.80,2.40
2008.02.29 02:42:58.262,2.08845,2.08915,4.80,2.40
2008.02.29 02:43:00.179,2.08845,2.08915,4.80,2.40
2008.02.29 02:43:00.296,2.08845,2.08915,4.80,2.40
2008.02.29 02:43:01.414,2.08845,2.08915,4.80,2.40
2008.02.29 02:43:01.978,2.08845,2.08915,4.80,2.40
2008.02.29 02:43:02.133,2.08845,2.08915,4.80,2.40
2008.02.29 02:43:02.307,2.08845,2.08915,4.80,2.40
2008.02.29 02:43:02.479,2.08845,2.08915,4.80,2.40
2008.02.29 02:43:02.707,2.08845,2.08915,4.80,2.40
2008.02.29 02:43:02.937,2.08845,2.08915,4.80,2.40
2008.02.29 02:43:03.161,2.08845,2.08915,4.80,2.40
2008.02.29 02:43:03.392,2.08845,2.08915,4.80,2.40
2008.02.29 02:43:03.624,2.08845,2.08915,4.80,2.40
2008.02.29 02:43:03.949,2.08845,2.08915,4.80,2.40
2008.02.29 02:43:04.277,2.08855,2.08925,4.80,2.40
2008.02.29 02:43:04.603,2.08855,2.08925,4.80,2.40
2008.02.29 02:43:04.878,2.08855,2.08925,4.80,2.40
2008.02.29 02:43:05.159,2.08855,2.08925,4.80,2.40
2008.02.29 02:43:05.442,2.08855,2.08925,4.80,2.40
2008.02.29 02:43:05.712,2.08855,2.08925,4.80,2.40
2008.02.29 02:43:05.981,2.08855,2.08925,4.80,2.40
2008.02.29 02:43:06.241,2.08855,2.08925,4.80,2.40
2008.02.29 02:43:06.501,2.08855,2.08925,4.80,2.40
2008.02.29 02:43:06.766,2.08855,2.08925,4.80,2.40
2008.02.29 02:43:07.031,2.08855,2.08925,4.80,2.40
2008.02.29 02:43:07.303,2.08855,2.08925,4.80,2.40
2008.02.29 02:43:07.566,2.08855,2.08925,4.80,2.40
2008.02.29 02:43:07.844,2.08855,2.08925,4.80,2.40
2008.02.29 02:43:08.115,2.08855,2.08925,4.80,2.40
2008.02.29 02:43:08.383,2.08855,2.08925,4.80,2.40
2008.02.29 02:43:09.968,2.08855,2.08925,4.80,2.40
2008.02.29 02:43:10.120,2.08855,2.08925,4.80,2.40
2008.02.29 02:43:10.291,2.08855,2.08925,4.80,2.40
2008.02.29 02:43:12.444,2.08855,2.08925,4.80,2.40
2008.02.29 02:43:12.650,2.08855,2.08925,4.80,2.40
2008.02.29 02:43:12.794,2.08855,2.08925,4.80,2.40
2008.02.29 02:43:12.914,2.08865,2.08925,2.40,2.40
2008.02.29 02:43:16.304,2.08865,2.08935,4.80,2.40
2008.02.29 02:43:16.457,2.08875,2.08945,4.80,2.40
2008.02.29 02:43:16.641,2.08875,2.08945,4.80,2.40
2008.02.29 02:43:16.722,2.08875,2.08945,4.80,2.40
2008.02.29 02:43:16.821,2.08875,2.08945,4.80,2.40
2008.02.29 02:43:16.955,2.08875,2.08945,4.80,2.40
2008.02.29 02:43:17.039,2.08875,2.08945,4.80,2.40
2008.02.29 02:43:18.547,2.08875,2.08945,4.80,2.40
2008.02.29 02:43:18.730,2.08875,2.08945,2.40,2.40
2008.02.29 02:43:18.908,2.08865,2.08935,2.40,2.40
2008.02.29 02:43:19.084,2.08865,2.08935,2.40,2.40
2008.02.29 02:43:19.281,2.08865,2.08935,2.40,2.40
2008.02.29 02:43:19.463,2.08865,2.08935,2.40,2.40
2008.02.29 02:43:19.635,2.08865,2.08935,2.40,2.40
2008.02.29 02:43:19.988,2.08865,2.08935,2.40,2.40
2008.02.29 02:43:20.332,2.08865,2.08935,2.40,2.40
2008.02.29 02:43:20.688,2.08865,2.08935,2.40,2.40
2008.02.29 02:43:20.921,2.0886,2.08935,2.40,2.40
2008.02.29 02:43:21.162,2.08855,2.08915,4.80,2.40
2008.02.29 02:43:21.378,2.08855,2.08915,4.80,2.40
2008.02.29 02:43:21.599,2.08855,2.08915,2.40,2.40
2008.02.29 02:43:21.810,2.08855,2.08915,2.40,2.40
2008.02.29 02:43:22.158,2.08855,2.08915,2.40,2.40
2008.02.29 02:43:22.498,2.08855,2.08915,2.40,2.40
2008.02.29 02:43:22.848,2.08855,2.08915,2.40,2.40
2008.02.29 02:43:23.078,2.08855,2.08915,2.40,2.40
2008.02.29 02:43:23.293,2.08855,2.08915,2.40,2.40
2008.02.29 02:43:23.514,2.08855,2.08915,2.40,2.40
2008.02.29 02:43:23.747,2.08855,2.08915,2.40,2.40
2008.02.29 02:43:24.073,2.08855,2.08915,2.40,2.40
2008.02.29 02:43:24.425,2.08855,2.08915,2.40,2.40
2008.02.29 02:43:24.778,2.08855,2.08915,2.40,2.40
2008.02.29 02:43:26.540,2.08855,2.08915,2.40,2.40
2008.02.29 02:43:26.614,2.08855,2.08915,2.40,2.40
2008.02.29 02:43:26.676,2.08855,2.08915,2.40,2.40
2008.02.29 02:43:26.725,2.08855,2.08915,2.40,2.40
2008.02.29 02:43:26.971,2.08855,2.08915,2.40,2.40
2008.02.29 02:43:29.413,2.08855,2.08915,2.40,2.40
2008.02.29 02:43:29.495,2.08855,2.08915,2.40,2.40
2008.02.29 02:43:29.609,2.08855,2.08915,2.40,2.40
2008.02.29 02:43:30.923,2.08855,2.08925,4.80,2.40
2008.02.29 02:43:31.047,2.08855,2.08925,4.80,2.40
2008.02.29 02:43:32.455,2.08855,2.08925,4.80,2.40
2008.02.29 02:43:34.241,2.08855,2.08925,5.60,2.40
2008.02.29 02:43:34.315,2.08855,2.08925,5.60,2.40
2008.02.29 02:43:35.495,2.08865,2.08925,2.40,2.40
2008.02.29 02:43:35.629,2.08865,2.08935,2.40,2.40
2008.02.29 02:43:35.812,2.08865,2.08935,2.40,2.40
2008.02.29 02:43:35.948,2.08865,2.08935,2.40,2.40
2008.02.29 02:43:36.094,2.08865,2.08935,2.40,2.40
2008.02.29 02:43:36.239,2.08865,2.08935,2.40,2.40
2008.02.29 02:43:36.373,2.08865,2.08935,2.40,2.40
2008.02.29 02:43:36.523,2.08865,2.08935,2.40,2.40
2008.02.29 02:43:36.869,2.08865,2.08935,2.40,2.40
2008.02.29 02:43:37.227,2.08865,2.08935,2.40,2.40
2008.02.29 02:43:37.570,2.08865,2.08935,2.40,2.40
2008.02.29 02:43:37.804,2.08865,2.08935,2.40,2.40
2008.02.29 02:43:38.046,2.08865,2.08935,2.40,2.40
2008.02.29 02:43:38.277,2.08865,2.08935,2.40,2.40
2008.02.29 02:43:38.521,2.08865,2.08935,2.40,2.40
2008.02.29 02:43:38.837,2.08865,2.08935,2.40,2.40
2008.02.29 02:43:39.139,2.08865,2.08935,2.40,2.40
2008.02.29 02:43:39.450,2.08865,2.08935,2.40,2.40
2008.02.29 02:43:39.753,2.08865,2.08935,2.40,2.40
2008.02.29 02:43:40.032,2.08865,2.08935,2.40,2.40
2008.02.29 02:43:40.304,2.08865,2.08935,2.40,2.40
2008.02.29 02:43:40.586,2.08865,2.08935,2.40,2.40
2008.02.29 02:43:40.869,2.08865,2.08935,2.40,2.40
2008.02.29 02:43:41.120,2.08865,2.08935,2.40,2.40
2008.02.29 02:43:41.381,2.08865,2.08935,2.40,2.40
2008.02.29 02:43:41.638,2.08865,2.08935,2.40,2.40
2008.02.29 02:43:41.909,2.08865,2.08935,2.40,2.40
2008.02.29 02:43:42.190,2.08865,2.08935,2.40,2.40
2008.02.29 02:43:42.460,2.08865,2.08935,2.40,2.40
2008.02.29 02:43:42.731,2.08865,2.08935,2.40,2.40
2008.02.29 02:43:43.005,2.08865,2.08935,2.40,2.40
2008.02.29 02:43:43.270,2.08865,2.08935,2.40,2.40
2008.02.29 02:43:43.542,2.08865,2.08935,2.40,2.40
2008.02.29 02:43:43.805,2.08865,2.08935,2.40,2.40
2008.02.29 02:43:44.107,2.08865,2.08935,2.40,2.40
2008.02.29 02:43:44.423,2.08865,2.08935,2.40,2.40
2008.02.29 02:43:44.716,2.08865,2.08935,2.40,2.40
2008.02.29 02:43:44.954,2.08865,2.08935,2.40,2.40
2008.02.29 02:43:45.201,2.08865,2.08935,2.40,2.40
2008.02.29 02:43:45.435,2.08865,2.08935,2.40,2.40
2008.02.29 02:43:45.677,2.08865,2.08935,2.40,2.40
2008.02.29 02:43:45.971,2.08865,2.08935,2.40,2.40
2008.02.29 02:43:46.271,2.08865,2.08935,2.40,2.40
2008.02.29 02:43:47.152,2.08865,2.08935,2.40,2.40
2008.02.29 02:43:50.899,2.08865,2.08935,2.40,2.40
2008.02.29 02:43:52.703,2.08865,2.08935,2.40,2.40
2008.02.29 02:43:52.879,2.08865,2.08935,2.40,2.40
2008.02.29 02:43:52.925,2.08865,2.08935,2.40,2.40
2008.02.29 02:43:52.965,2.08865,2.08935,2.40,2.40
2008.02.29 02:43:53.043,2.08865,2.08935,2.40,2.40
2008.02.29 02:43:54.577,2.08865,2.08935,2.40,2.40
2008.02.29 02:43:54.707,2.08865,2.08935,2.40,2.40
2008.02.29 02:43:54.898,2.08865,2.08935,2.40,2.40
2008.02.29 02:43:55.060,2.08865,2.08935,2.40,2.40
2008.02.29 02:43:55.200,2.08865,2.08935,2.40,2.40
2008.02.29 02:43:55.346,2.08865,2.08935,2.40,2.40
2008.02.29 02:43:55.494,2.08865,2.08935,2.40,2.40
2008.02.29 02:43:55.659,2.08865,2.08935,2.40,2.40
2008.02.29 02:43:56.012,2.08865,2.08935,2.40,2.40
2008.02.29 02:43:56.358,2.08865,2.08935,2.40,2.40
2008.02.29 02:43:58.039,2.08865,2.08935,2.40,2.40
2008.02.29 02:43:58.817,2.08865,2.08935,2.40,2.40
2008.02.29 02:44:02.105,2.08865,2.08935,2.40,2.40
2008.02.29 02:44:02.147,2.08865,2.08935,2.40,2.40
2008.02.29 02:44:02.280,2.08865,2.08935,2.40,2.40
2008.02.29 02:44:02.404,2.08865,2.08935,2.40,2.40
2008.02.29 02:44:02.484,2.08865,2.08935,2.40,2.40
2008.02.29 02:44:03.911,2.08865,2.08935,2.40,2.40
2008.02.29 02:44:04.038,2.08865,2.08935,2.40,2.40
2008.02.29 02:44:04.183,2.08865,2.08935,2.40,2.40
2008.02.29 02:44:04.313,2.08865,2.08935,2.40,2.40
2008.02.29 02:44:04.482,2.08865,2.08935,2.40,2.40
2008.02.29 02:44:04.626,2.08865,2.08935,2.40,2.40
2008.02.29 02:44:04.790,2.08865,2.08935,2.40,2.40
2008.02.29 02:44:04.935,2.08865,2.08935,2.40,2.40
2008.02.29 02:44:05.277,2.08865,2.08935,2.40,2.40
2008.02.29 02:44:05.632,2.08865,2.08935,2.40,2.40
2008.02.29 02:44:05.975,2.08865,2.08935,2.40,2.40
2008.02.29 02:44:06.191,2.08865,2.08935,2.40,2.40
2008.02.29 02:44:06.420,2.08865,2.08935,2.40,2.40
2008.02.29 02:44:07.726,2.08865,2.08935,2.40,2.40
2008.02.29 02:44:08.147,2.08865,2.08935,2.40,2.40
2008.02.29 02:44:08.250,2.08865,2.08935,2.40,2.40
2008.02.29 02:44:09.770,2.08865,2.08935,2.40,2.40
2008.02.29 02:44:09.872,2.08865,2.08935,2.40,2.40
2008.02.29 02:44:09.984,2.08865,2.08935,2.40,2.40
2008.02.29 02:44:11.658,2.08865,2.08935,2.40,2.40
2008.02.29 02:44:11.771,2.08865,2.08935,2.40,2.40
2008.02.29 02:44:12.796,2.08865,2.08935,2.40,2.40
2008.02.29 02:44:13.960,2.08865,2.08935,2.40,2.40
2008.02.29 02:44:15.227,2.08865,2.08935,2.40,2.40
2008.02.29 02:44:16.718,2.08865,2.08935,2.40,2.40
2008.02.29 02:44:16.813,2.08865,2.08935,2.40,2.40
2008.02.29 02:44:16.861,2.08865,2.08935,2.40,2.40
2008.02.29 02:44:16.994,2.08865,2.08935,2.40,2.40
2008.02.29 02:44:17.061,2.08865,2.08935,2.40,2.40
2008.02.29 02:44:17.177,2.08865,2.08935,2.40,2.40
2008.02.29 02:44:17.285,2.08865,2.08935,2.40,2.40
2008.02.29 02:44:17.384,2.08865,2.08935,2.40,2.40
2008.02.29 02:44:17.472,2.08865,2.08935,2.40,2.40
2008.02.29 02:44:17.552,2.08865,2.08935,2.40,2.40
2008.02.29 02:44:18.974,2.08865,2.08935,2.40,2.40
2008.02.29 02:44:20.473,2.08865,2.08935,2.40,2.40
2008.02.29 02:44:20.549,2.08865,2.08935,2.40,2.40
2008.02.29 02:44:21.480,2.08865,2.08935,2.40,2.40
2008.02.29 02:44:21.603,2.08865,2.08935,2.40,2.40
2008.02.29 02:44:21.737,2.08865,2.08935,2.40,2.40
2008.02.29 02:44:21.898,2.08865,2.08935,2.40,2.40
2008.02.29 02:44:22.039,2.08865,2.08935,2.40,2.40
2008.02.29 02:44:22.173,2.08865,2.08935,2.40,2.40
2008.02.29 02:44:22.295,2.08865,2.08935,2.40,2.40
2008.02.29 02:44:22.434,2.08865,2.08935,2.40,2.40
2008.02.29 02:44:22.548,2.08865,2.08935,2.40,2.40
2008.02.29 02:44:22.901,2.0886,2.08935,2.40,2.40
2008.02.29 02:44:23.268,2.08855,2.08925,8.00,2.40
2008.02.29 02:44:23.613,2.08855,2.08925,5.60,2.40
2008.02.29 02:44:23.849,2.08855,2.08925,5.60,2.40
2008.02.29 02:44:24.088,2.08855,2.08925,5.60,2.40
2008.02.29 02:44:24.314,2.08855,2.08925,5.60,2.40
2008.02.29 02:44:25.852,2.08855,2.08925,5.60,2.40
2008.02.29 02:44:26.045,2.08855,2.08925,5.60,2.40
2008.02.29 02:44:26.185,2.08855,2.08925,5.60,2.40
2008.02.29 02:44:27.825,2.08855,2.08925,5.60,2.40
2008.02.29 02:44:28.013,2.08855,2.08925,5.60,2.40
2008.02.29 02:44:28.164,2.08855,2.08925,5.60,2.40
2008.02.29 02:44:28.291,2.08855,2.08925,5.60,2.40
2008.02.29 02:44:28.432,2.08855,2.08925,5.60,2.40
2008.02.29 02:44:28.563,2.08855,2.08925,5.60,2.40
2008.02.29 02:44:30.601,2.08865,2.08925,2.40,2.40
2008.02.29 02:44:30.755,2.08865,2.08925,2.40,2.40
2008.02.29 02:44:30.936,2.08865,2.08925,2.40,2.40
2008.02.29 02:44:31.089,2.08865,2.08925,2.40,2.40
2008.02.29 02:44:31.231,2.08865,2.08925,2.40,2.40
2008.02.29 02:44:31.386,2.08865,2.08925,2.40,2.40
2008.02.29 02:44:31.522,2.08865,2.08925,2.40,2.40
2008.02.29 02:44:31.670,2.08865,2.08925,2.40,2.40
2008.02.29 02:44:32.035,2.08865,2.08925,2.40,2.40
2008.02.29 02:44:32.400,2.08865,2.08925,2.40,2.40
2008.02.29 02:44:32.750,2.08865,2.08925,2.40,2.40
2008.02.29 02:44:32.969,2.08865,2.08925,2.40,2.40
2008.02.29 02:44:33.203,2.08865,2.08925,2.40,2.40
2008.02.29 02:44:33.420,2.08865,2.08925,2.40,2.40
2008.02.29 02:44:33.647,2.08865,2.08925,2.40,2.40
2008.02.29 02:44:36.448,2.08865,2.08925,2.40,2.40
2008.02.29 02:44:36.528,2.08865,2.08925,2.40,2.40
2008.02.29 02:44:36.655,2.08865,2.08925,2.40,2.40
2008.02.29 02:44:36.757,2.08865,2.08925,2.40,2.40
2008.02.29 02:44:36.878,2.08865,2.08925,2.40,2.40
2008.02.29 02:44:38.184,2.08865,2.08925,2.40,2.40
2008.02.29 02:44:38.368,2.08865,2.08925,2.40,2.40
2008.02.29 02:44:38.509,2.08865,2.08925,2.40,2.40
2008.02.29 02:44:38.675,2.08855,2.08925,5.60,2.40
2008.02.29 02:44:38.841,2.08855,2.08925,5.60,2.40
2008.02.29 02:44:39.006,2.08855,2.08925,5.60,2.40
2008.02.29 02:44:39.193,2.08855,2.08925,5.60,2.40
2008.02.29 02:44:39.551,2.08855,2.08925,5.60,2.40
2008.02.29 02:44:39.911,2.08855,2.08925,5.60,2.40
2008.02.29 02:44:40.264,2.08855,2.08925,5.60,2.40
2008.02.29 02:44:40.500,2.08855,2.08925,5.60,2.40
2008.02.29 02:44:40.742,2.08855,2.08925,5.60,2.40
2008.02.29 02:44:40.978,2.08855,2.08925,5.60,2.40
2008.02.29 02:44:41.210,2.08855,2.08925,5.60,2.40
2008.02.29 02:44:41.506,2.08855,2.08925,5.60,2.40
2008.02.29 02:44:41.793,2.08855,2.08925,5.60,2.40
2008.02.29 02:44:42.080,2.08855,2.08925,5.60,2.40
2008.02.29 02:44:42.366,2.08855,2.08925,5.60,2.40
2008.02.29 02:44:42.627,2.08855,2.08925,5.60,2.40
2008.02.29 02:44:42.883,2.08855,2.08925,5.60,2.40
2008.02.29 02:44:43.151,2.08855,2.08925,5.60,2.40
2008.02.29 02:44:43.409,2.08855,2.08925,5.60,2.40
2008.02.29 02:44:43.702,2.08855,2.08925,5.60,2.40
2008.02.29 02:44:43.984,2.08855,2.08925,5.60,2.40
2008.02.29 02:44:44.256,2.08855,2.08925,5.60,2.40
2008.02.29 02:44:44.548,2.08855,2.08925,5.60,2.40
2008.02.29 02:44:44.849,2.08855,2.08925,5.60,2.40
2008.02.29 02:44:45.145,2.08855,2.08925,5.60,2.40
2008.02.29 02:44:45.448,2.08855,2.08925,5.60,2.40
2008.02.29 02:44:45.678,2.08855,2.08925,5.60,2.40
2008.02.29 02:44:45.919,2.08855,2.08925,5.60,2.40
2008.02.29 02:44:46.150,2.08855,2.08925,5.60,2.40
2008.02.29 02:44:46.390,2.08855,2.08925,5.60,2.40
2008.02.29 02:44:46.668,2.08855,2.08925,5.60,2.40
2008.02.29 02:44:46.959,2.08855,2.08925,5.60,2.40
2008.02.29 02:44:47.240,2.08855,2.08925,5.60,2.40
2008.02.29 02:44:47.525,2.08855,2.08925,5.60,2.40
2008.02.29 02:44:47.817,2.08855,2.08925,5.60,2.40
2008.02.29 02:44:48.108,2.08855,2.08925,5.60,2.40
2008.02.29 02:44:48.385,2.08855,2.08925,5.60,2.40
2008.02.29 02:44:48.620,2.08855,2.08925,5.60,2.40
2008.02.29 02:44:49.757,2.08855,2.08925,5.60,2.40
2008.02.29 02:44:50.029,2.08855,2.08925,5.60,2.40
2008.02.29 02:44:50.153,2.08855,2.08925,5.60,2.40
2008.02.29 02:44:50.289,2.08855,2.08925,5.60,2.40
2008.02.29 02:44:51.843,2.08855,2.08925,5.60,2.40
2008.02.29 02:44:51.995,2.08835,2.08915,5.60,2.40
2008.02.29 02:44:53.463,2.08835,2.08915,5.60,2.40
2008.02.29 02:44:55.058,2.08835,2.08915,5.60,2.40
2008.02.29 02:44:56.556,2.08835,2.08915,5.60,4.00
2008.02.29 02:44:56.696,2.08835,2.08915,5.60,4.00
2008.02.29 02:44:57.792,2.08835,2.08915,5.60,4.00
2008.02.29 02:44:57.958,2.08835,2.08915,5.60,4.00
2008.02.29 02:44:59.832,2.08835,2.08915,5.60,4.00
2008.02.29 02:44:59.966,2.08835,2.08915,5.60,4.00
2008.02.29 02:45:00.054,2.08835,2.08915,5.60,4.00
2008.02.29 02:45:01.533,2.08835,2.08915,5.60,4.00
2008.02.29 02:45:01.780,2.08835,2.08915,5.60,4.00
2008.02.29 02:45:02.032,2.08835,2.08915,5.60,4.00
2008.02.29 02:45:02.152,2.08835,2.08915,5.60,4.00
2008.02.29 02:45:02.271,2.08835,2.08915,5.60,4.00
2008.02.29 02:45:02.399,2.08835,2.08915,5.60,4.00
2008.02.29 02:45:02.747,2.08835,2.08915,5.60,4.00
2008.02.29 02:45:03.087,2.08835,2.08915,5.60,4.00
2008.02.29 02:45:03.427,2.08835,2.08915,5.60,4.00
2008.02.29 02:45:03.654,2.08835,2.08915,5.60,4.00
2008.02.29 02:45:03.874,2.08835,2.08915,5.60,4.00
2008.02.29 02:45:04.097,2.08835,2.08915,5.60,4.00
2008.02.29 02:45:04.323,2.08835,2.08915,5.60,4.00
2008.02.29 02:45:04.553,2.08835,2.08915,5.60,4.00
2008.02.29 02:45:04.905,2.08835,2.08915,5.60,4.00
2008.02.29 02:45:05.245,2.08835,2.08915,5.60,4.00
2008.02.29 02:45:05.584,2.08835,2.08915,5.60,4.00
2008.02.29 02:45:05.813,2.08835,2.08915,5.60,4.00
2008.02.29 02:45:06.037,2.08835,2.08915,5.60,4.00
2008.02.29 02:45:06.269,2.08835,2.08915,5.60,4.00
2008.02.29 02:45:06.503,2.08835,2.08915,5.60,4.00
2008.02.29 02:45:06.845,2.08835,2.08915,5.60,4.00
2008.02.29 02:45:07.151,2.08835,2.08915,5.60,4.00
2008.02.29 02:45:07.469,2.08835,2.08915,5.60,4.00
2008.02.29 02:45:07.722,2.08835,2.08915,5.60,4.00
2008.02.29 02:45:07.975,2.08835,2.08915,5.60,4.00
2008.02.29 02:45:08.218,2.08835,2.08915,5.60,4.00
2008.02.29 02:45:08.466,2.08835,2.08915,5.60,4.00
2008.02.29 02:45:08.780,2.08835,2.08915,5.60,4.00
2008.02.29 02:45:09.087,2.08835,2.08915,5.60,4.00
2008.02.29 02:45:09.395,2.08835,2.08915,5.60,4.00
2008.02.29 02:45:09.702,2.08835,2.08915,5.60,4.00
2008.02.29 02:45:09.995,2.08835,2.08915,5.60,4.00
2008.02.29 02:45:10.289,2.08835,2.08905,5.60,2.40
2008.02.29 02:45:10.581,2.08835,2.08905,5.60,2.40
2008.02.29 02:45:10.850,2.08835,2.08905,5.60,2.40
2008.02.29 02:45:11.126,2.08835,2.08905,5.60,2.40
2008.02.29 02:45:11.402,2.08835,2.08905,5.60,2.40
2008.02.29 02:45:11.683,2.08835,2.08905,5.60,2.40
2008.02.29 02:45:11.961,2.08835,2.08905,5.60,2.40
2008.02.29 02:45:12.254,2.08835,2.08905,5.60,2.40
2008.02.29 02:45:12.530,2.08835,2.08905,5.60,2.40
2008.02.29 02:45:12.790,2.08835,2.08905,5.60,2.40
2008.02.29 02:45:13.042,2.08835,2.08905,5.60,2.40
2008.02.29 02:45:13.304,2.08835,2.08905,5.60,2.40
2008.02.29 02:45:13.560,2.08835,2.08905,5.60,2.40
2008.02.29 02:45:15.400,2.08835,2.08905,5.60,2.40
2008.02.29 02:45:16.859,2.08835,2.08905,5.60,2.40
2008.02.29 02:45:18.500,2.08835,2.08905,5.60,2.40
2008.02.29 02:45:21.748,2.08835,2.08905,5.60,2.40
2008.02.29 02:45:21.844,2.08835,2.08905,5.60,2.40
2008.02.29 02:45:23.236,2.08835,2.08905,5.60,2.40
2008.02.29 02:45:23.391,2.08835,2.08905,5.60,2.40
2008.02.29 02:45:23.511,2.08835,2.08905,5.60,2.40
2008.02.29 02:45:25.089,2.08835,2.08905,5.60,2.40
2008.02.29 02:45:25.277,2.08835,2.08905,5.60,2.40
2008.02.29 02:45:25.361,2.08835,2.08905,5.60,2.40
2008.02.29 02:45:27.077,2.08835,2.08905,5.60,2.40
2008.02.29 02:45:27.224,2.08835,2.08905,5.60,2.40
2008.02.29 02:45:27.358,2.08835,2.08905,5.60,2.40
2008.02.29 02:45:27.509,2.08835,2.08905,5.60,2.40
2008.02.29 02:45:27.644,2.08835,2.08905,5.60,2.40
2008.02.29 02:45:29.212,2.08835,2.08905,5.60,2.40
2008.02.29 02:45:29.433,2.08835,2.08905,5.60,2.40
2008.02.29 02:45:29.616,2.08835,2.08905,5.60,2.40
2008.02.29 02:45:29.803,2.08835,2.08905,5.60,2.40
2008.02.29 02:45:29.994,2.08835,2.08905,5.60,2.40
2008.02.29 02:45:30.175,2.08835,2.08905,5.60,2.40
2008.02.29 02:45:30.524,2.08835,2.08905,5.60,2.40
2008.02.29 02:45:30.857,2.08835,2.08905,5.60,2.40
2008.02.29 02:45:31.203,2.08835,2.08905,5.60,2.40
2008.02.29 02:45:31.454,2.08835,2.08905,4.80,2.40
2008.02.29 02:45:31.712,2.08835,2.08905,4.80,2.40
2008.02.29 02:45:31.967,2.08835,2.08905,4.80,2.40
2008.02.29 02:45:32.216,2.08835,2.08905,4.80,2.40
2008.02.29 02:45:32.501,2.08835,2.08905,4.80,2.40
2008.02.29 02:45:32.785,2.08835,2.08905,4.80,2.40
2008.02.29 02:45:33.079,2.08835,2.08905,4.80,2.40
2008.02.29 02:45:33.367,2.08835,2.08905,4.80,2.40
2008.02.29 02:45:33.637,2.08835,2.08905,4.80,2.40
2008.02.29 02:45:33.901,2.08835,2.08905,4.80,2.40
2008.02.29 02:45:34.164,2.08835,2.08905,4.80,2.40
2008.02.29 02:45:34.420,2.08835,2.08905,4.80,2.40
2008.02.29 02:45:34.714,2.08835,2.08905,4.80,2.40
2008.02.29 02:45:35.001,2.08835,2.08905,4.80,2.40
2008.02.29 02:45:35.297,2.08835,2.08905,4.80,2.40
2008.02.29 02:45:35.547,2.08835,2.08905,4.80,2.40
2008.02.29 02:45:35.828,2.08835,2.08905,4.80,2.40
2008.02.29 02:45:36.099,2.08835,2.08905,4.80,2.40
2008.02.29 02:45:36.361,2.08835,2.08905,4.80,2.40
2008.02.29 02:45:36.656,2.08835,2.08905,4.80,2.40
2008.02.29 02:45:36.961,2.08835,2.08905,4.80,2.40
2008.02.29 02:45:37.251,2.08835,2.08905,4.80,2.40
2008.02.29 02:45:37.492,2.08835,2.08905,4.80,2.40
2008.02.29 02:45:37.727,2.08835,2.08905,4.80,2.40
2008.02.29 02:45:37.959,2.08835,2.08905,4.80,2.40
2008.02.29 02:45:38.201,2.08835,2.08905,4.80,2.40
2008.02.29 02:45:38.439,2.08835,2.08905,4.80,2.40
2008.02.29 02:45:38.737,2.08835,2.08905,4.80,2.40
2008.02.29 02:45:39.030,2.08835,2.08905,4.80,2.40
2008.02.29 02:45:39.304,2.08835,2.08905,4.80,2.40
2008.02.29 02:45:39.606,2.08835,2.08905,4.80,2.40
2008.02.29 02:45:39.888,2.08835,2.08905,4.80,2.40
2008.02.29 02:45:40.188,2.08835,2.08905,4.80,2.40
2008.02.29 02:45:40.484,2.08835,2.08905,4.80,2.40
2008.02.29 02:45:42.139,2.08835,2.08905,4.80,2.40
2008.02.29 02:45:43.321,2.08835,2.08905,4.80,2.40
2008.02.29 02:45:43.352,2.08835,2.08905,4.80,2.40
2008.02.29 02:45:43.463,2.08835,2.08905,4.80,2.40
2008.02.29 02:45:43.588,2.08835,2.08905,4.80,2.40
2008.02.29 02:45:43.727,2.08835,2.08905,4.80,2.40
2008.02.29 02:45:43.932,2.08835,2.08905,4.80,2.40
2008.02.29 02:45:45.353,2.08835,2.08905,4.80,2.40
2008.02.29 02:45:45.568,2.08835,2.08905,4.80,2.40
2008.02.29 02:45:45.759,2.08835,2.08905,4.80,2.40
2008.02.29 02:45:45.971,2.08835,2.08905,4.80,2.40
2008.02.29 02:45:46.205,2.08835,2.08905,4.80,2.40
2008.02.29 02:45:46.412,2.08835,2.08905,4.80,2.40
2008.02.29 02:45:46.753,2.08835,2.08905,4.80,2.40
2008.02.29 02:45:47.074,2.08835,2.08905,4.80,2.40
2008.02.29 02:45:47.397,2.08835,2.08905,4.80,2.40
2008.02.29 02:45:47.626,2.08835,2.08905,4.80,2.40
2008.02.29 02:45:47.853,2.08835,2.08905,4.80,2.40
2008.02.29 02:45:48.091,2.08835,2.08905,4.80,2.40
2008.02.29 02:45:48.329,2.08835,2.08905,4.80,2.40
2008.02.29 02:45:48.560,2.08835,2.08905,4.80,2.40
2008.02.29 02:45:50.789,2.08835,2.08905,4.80,2.40
2008.02.29 02:45:50.878,2.08835,2.08905,4.80,2.40
2008.02.29 02:45:50.992,2.08835,2.08905,4.80,2.40
2008.02.29 02:45:52.793,2.08835,2.08905,4.80,2.40
2008.02.29 02:45:52.827,2.08835,2.08905,4.80,2.40
2008.02.29 02:45:52.957,2.08835,2.08905,4.80,2.40
2008.02.29 02:45:53.074,2.08835,2.08905,4.80,2.40
2008.02.29 02:45:53.128,2.08835,2.08905,4.80,2.40
2008.02.29 02:45:54.093,2.08835,2.08905,4.80,2.40
2008.02.29 02:45:54.266,2.08835,2.08905,4.80,2.40
2008.02.29 02:45:54.446,2.08835,2.08905,4.80,2.40
2008.02.29 02:45:54.620,2.08835,2.08905,4.80,2.40
2008.02.29 02:45:54.817,2.08835,2.08905,4.80,2.40
2008.02.29 02:45:54.990,2.08825,2.08895,4.80,2.40
2008.02.29 02:45:55.177,2.08825,2.08895,4.80,2.40
2008.02.29 02:45:55.550,2.08825,2.08895,4.80,2.40
2008.02.29 02:45:55.915,2.08825,2.08895,4.80,2.40
2008.02.29 02:45:56.258,2.08825,2.08895,4.80,2.40
2008.02.29 02:45:56.476,2.08825,2.08895,4.80,2.40
2008.02.29 02:45:56.692,2.08825,2.08895,4.80,2.40
2008.02.29 02:45:56.913,2.08825,2.08895,4.80,2.40
2008.02.29 02:45:57.135,2.08825,2.08895,4.80,2.40
2008.02.29 02:45:57.438,2.08825,2.08895,4.80,2.40
2008.02.29 02:45:57.740,2.08825,2.08895,4.80,2.40
2008.02.29 02:45:58.032,2.08825,2.08895,4.80,2.40
2008.02.29 02:45:58.325,2.08825,2.08895,4.80,2.40
2008.02.29 02:45:58.567,2.08825,2.08895,4.80,2.40
2008.02.29 02:45:58.865,2.08825,2.08895,4.80,2.40
2008.02.29 02:45:59.121,2.08825,2.08895,4.80,2.40
2008.02.29 02:45:59.337,2.08825,2.08895,4.80,2.40
2008.02.29 02:45:59.651,2.08825,2.08895,4.80,2.40
2008.02.29 02:45:59.958,2.08825,2.08895,4.80,2.40
2008.02.29 02:46:00.267,2.08825,2.08895,4.80,2.40
2008.02.29 02:46:00.511,2.08825,2.08895,4.80,2.40
2008.02.29 02:46:00.760,2.08825,2.08895,4.80,2.40
2008.02.29 02:46:00.990,2.08825,2.08895,4.80,2.40
2008.02.29 02:46:01.242,2.08825,2.08895,4.80,2.40
2008.02.29 02:46:01.549,2.08825,2.08895,4.80,2.40
2008.02.29 02:46:01.861,2.08825,2.08895,4.80,2.40
2008.02.29 02:46:02.162,2.08825,2.08895,4.80,2.40
2008.02.29 02:46:02.472,2.08825,2.08895,4.80,2.40
2008.02.29 02:46:02.719,2.08825,2.08895,4.80,2.40
2008.02.29 02:46:02.972,2.08825,2.08895,4.80,2.40
2008.02.29 02:46:03.225,2.08825,2.08895,4.80,2.40
2008.02.29 02:46:03.524,2.08825,2.08895,4.80,2.40
2008.02.29 02:46:03.818,2.08825,2.08895,4.80,2.40
2008.02.29 02:46:04.114,2.08825,2.08895,4.80,2.40
2008.02.29 02:46:04.402,2.08825,2.08895,4.80,2.40
2008.02.29 02:46:04.678,2.08825,2.08895,4.80,2.40
2008.02.29 02:46:04.970,2.08825,2.08895,4.80,2.40
2008.02.29 02:46:05.310,2.08825,2.08895,4.80,2.40
2008.02.29 02:46:05.569,2.08825,2.08895,4.80,2.40
2008.02.29 02:46:05.805,2.08825,2.08895,4.80,2.40
2008.02.29 02:46:06.050,2.08825,2.08895,4.80,2.40
2008.02.29 02:46:06.286,2.08825,2.08895,4.80,2.40
2008.02.29 02:46:06.588,2.08825,2.08895,4.80,2.40
2008.02.29 02:46:06.880,2.08825,2.08895,4.80,2.40
2008.02.29 02:46:07.168,2.08825,2.08895,4.80,2.40
2008.02.29 02:46:07.463,2.08825,2.08895,4.80,2.40
2008.02.29 02:46:07.706,2.08825,2.08895,4.80,2.40
2008.02.29 02:46:07.961,2.08825,2.08895,4.80,2.40
2008.02.29 02:46:08.210,2.08835,2.08895,2.40,2.40
2008.02.29 02:46:08.450,2.08835,2.08895,2.40,2.40
2008.02.29 02:46:08.757,2.08835,2.08895,2.40,2.40
2008.02.29 02:46:09.098,2.08825,2.08895,4.80,2.40
2008.02.29 02:46:09.409,2.08825,2.08895,4.80,2.40
2008.02.29 02:46:09.689,2.08825,2.08895,4.80,2.40
2008.02.29 02:46:09.969,2.08825,2.08895,4.80,2.40
2008.02.29 02:46:10.256,2.08825,2.08895,4.80,2.40
2008.02.29 02:46:10.534,2.08825,2.08895,4.80,2.40
2008.02.29 02:46:10.790,2.08825,2.08895,4.80,2.40
2008.02.29 02:46:11.051,2.08825,2.08895,4.80,2.40
2008.02.29 02:46:11.303,2.08825,2.08895,4.80,2.40
2008.02.29 02:46:11.559,2.08825,2.08895,4.80,2.40
2008.02.29 02:46:11.842,2.08825,2.08895,4.80,2.40
2008.02.29 02:46:12.119,2.08825,2.08895,4.80,2.40
2008.02.29 02:46:12.392,2.08825,2.08895,4.80,2.40
2008.02.29 02:46:12.653,2.08825,2.08895,4.80,2.40
2008.02.29 02:46:12.899,2.08825,2.08895,4.80,2.40
2008.02.29 02:46:13.153,2.08825,2.08895,4.80,2.40
2008.02.29 02:46:13.399,2.08825,2.08895,4.80,2.40
2008.02.29 02:46:13.682,2.08825,2.08895,4.80,2.40
2008.02.29 02:46:13.962,2.08825,2.08895,4.80,2.40
2008.02.29 02:46:14.236,2.08825,2.08895,4.80,2.40
2008.02.29 02:46:14.518,2.08825,2.08895,4.80,2.40
2008.02.29 02:46:14.805,2.08825,2.08895,4.80,2.40
2008.02.29 02:46:15.096,2.08825,2.08895,4.80,2.40
2008.02.29 02:46:15.388,2.08825,2.08895,4.80,2.40
2008.02.29 02:46:15.650,2.08825,2.08895,4.80,2.40
2008.02.29 02:46:15.906,2.08825,2.08895,4.80,2.40
2008.02.29 02:46:16.174,2.08825,2.08895,4.80,2.40
2008.02.29 02:46:16.439,2.08825,2.08895,4.80,2.40
2008.02.29 02:46:16.706,2.08825,2.08895,4.80,2.40
2008.02.29 02:46:16.959,2.08825,2.08895,4.80,2.40
2008.02.29 02:46:17.196,2.08825,2.08895,4.80,2.40
2008.02.29 02:46:17.454,2.08825,2.08895,4.80,2.40
2008.02.29 02:46:17.756,2.08825,2.08895,4.80,2.40
2008.02.29 02:46:18.051,2.08825,2.08895,4.80,2.40
2008.02.29 02:46:18.348,2.08825,2.08895,4.80,2.40
2008.02.29 02:46:18.646,2.08825,2.08895,4.80,2.40
2008.02.29 02:46:18.877,2.08825,2.08895,4.80,2.40
2008.02.29 02:46:19.098,2.08825,2.08895,4.80,2.40
2008.02.29 02:46:19.322,2.08825,2.08895,4.80,2.40
2008.02.29 02:46:19.551,2.08825,2.08895,4.80,2.40
2008.02.29 02:46:19.908,2.08825,2.08895,4.80,2.40
2008.02.29 02:46:20.251,2.08825,2.08895,4.80,2.40
2008.02.29 02:46:20.593,2.08825,2.08895,4.80,2.40
2008.02.29 02:46:20.823,2.08825,2.08895,4.80,2.40
2008.02.29 02:46:21.055,2.08825,2.08895,4.80,2.40
2008.02.29 02:46:21.294,2.08825,2.08895,4.80,2.40
2008.02.29 02:46:21.541,2.08825,2.08895,4.80,2.40
2008.02.29 02:46:21.837,2.08825,2.08895,4.80,2.40
2008.02.29 02:46:22.136,2.08825,2.08895,4.80,2.40
2008.02.29 02:46:22.444,2.08825,2.08895,4.80,2.40
2008.02.29 02:46:22.743,2.08825,2.08895,4.80,2.40
2008.02.29 02:46:22.995,2.08825,2.08895,4.80,2.40
2008.02.29 02:46:23.245,2.08825,2.08895,4.80,2.40
2008.02.29 02:46:23.483,2.08825,2.08895,4.80,2.40
2008.02.29 02:46:23.732,2.08825,2.08895,4.80,2.40
2008.02.29 02:46:24.009,2.08825,2.08895,4.80,2.40
2008.02.29 02:46:25.657,2.08825,2.08895,4.80,2.40
2008.02.29 02:46:25.858,2.08825,2.08895,4.80,2.40
2008.02.29 02:46:25.941,2.08825,2.08895,4.80,2.40
2008.02.29 02:46:29.016,2.08825,2.08895,4.80,2.40
2008.02.29 02:46:29.057,2.08825,2.08895,4.80,2.40
2008.02.29 02:46:29.122,2.08825,2.08895,4.80,2.40
2008.02.29 02:46:30.098,2.08825,2.08895,4.80,2.40
2008.02.29 02:46:32.757,2.08825,2.08895,4.80,2.40
2008.02.29 02:46:33.355,2.08825,2.08895,4.80,2.40
2008.02.29 02:46:33.423,2.08825,2.08895,4.80,2.40
2008.02.29 02:46:33.564,2.08825,2.08895,4.80,2.40
2008.02.29 02:46:34.763,2.08825,2.08895,4.80,2.40
2008.02.29 02:46:35.024,2.08825,2.08895,4.80,2.40
2008.02.29 02:46:36.950,2.08825,2.08895,4.80,2.40
2008.02.29 02:46:38.935,2.08825,2.08895,4.80,2.40
2008.02.29 02:46:39.152,2.08835,2.08905,4.80,2.40
2008.02.29 02:46:40.727,2.08835,2.08905,4.80,2.40
2008.02.29 02:46:40.843,2.08835,2.08905,4.80,2.40
2008.02.29 02:46:41.017,2.08835,2.08905,4.80,2.40
2008.02.29 02:46:41.191,2.08835,2.08905,4.80,2.40
2008.02.29 02:46:41.351,2.08835,2.08905,4.80,2.40
2008.02.29 02:46:41.525,2.08835,2.08905,4.80,2.40
2008.02.29 02:46:41.699,2.08835,2.08905,5.60,2.40
2008.02.29 02:46:41.863,2.08835,2.08905,5.60,2.40
2008.02.29 02:46:42.025,2.08835,2.08905,5.60,2.40
2008.02.29 02:46:42.376,2.08835,2.08905,5.60,2.40
2008.02.29 02:46:42.728,2.08835,2.08905,5.60,2.40
2008.02.29 02:46:43.083,2.08835,2.08905,5.60,2.40
2008.02.29 02:46:43.304,2.08835,2.08905,5.60,2.40
2008.02.29 02:46:43.570,2.08835,2.08905,5.60,2.40
2008.02.29 02:46:43.802,2.08835,2.08905,5.60,2.40
2008.02.29 02:46:44.044,2.08835,2.08905,5.60,2.40
2008.02.29 02:46:44.384,2.08835,2.08905,5.60,2.40
2008.02.29 02:46:44.714,2.08835,2.08905,5.60,2.40
2008.02.29 02:46:45.051,2.08835,2.08905,5.60,2.40
2008.02.29 02:46:45.277,2.08835,2.08905,5.60,2.40
2008.02.29 02:46:45.505,2.08835,2.08905,5.60,2.40
2008.02.29 02:46:45.736,2.08835,2.08905,5.60,2.40
2008.02.29 02:46:45.973,2.08835,2.08905,5.60,2.40
2008.02.29 02:46:46.211,2.08835,2.08905,5.60,2.40
2008.02.29 02:46:46.527,2.08835,2.08905,5.60,2.40
2008.02.29 02:46:46.854,2.08835,2.08905,5.60,2.40
2008.02.29 02:46:47.168,2.08835,2.08905,5.60,2.40
2008.02.29 02:46:47.440,2.08835,2.08905,5.60,2.40
2008.02.29 02:46:47.710,2.08845,2.08905,2.40,2.40
2008.02.29 02:46:47.974,2.08845,2.08905,2.40,2.40
2008.02.29 02:46:48.247,2.08845,2.08905,2.40,2.40
2008.02.29 02:46:48.569,2.08845,2.08905,2.40,2.40
2008.02.29 02:46:48.874,2.08835,2.08905,5.60,2.40
2008.02.29 02:46:49.175,2.08835,2.08905,5.60,2.40
2008.02.29 02:46:49.466,2.08835,2.08905,5.60,2.40
2008.02.29 02:46:49.764,2.08835,2.08905,5.60,2.40
2008.02.29 02:46:50.063,2.08835,2.08905,5.60,2.40
2008.02.29 02:46:50.371,2.08835,2.08905,5.60,2.40
2008.02.29 02:46:50.618,2.08835,2.08905,5.60,2.40
2008.02.29 02:46:50.890,2.08835,2.08905,5.60,2.40
2008.02.29 02:46:51.719,2.08835,2.08905,5.60,2.40
2008.02.29 02:46:51.880,2.08835,2.08905,5.60,2.40
2008.02.29 02:46:52.035,2.08835,2.08905,5.60,2.40
2008.02.29 02:46:52.201,2.08835,2.08905,5.60,2.40
2008.02.29 02:46:52.345,2.08835,2.08905,5.60,2.40
2008.02.29 02:46:52.503,2.08835,2.08905,5.60,2.40
2008.02.29 02:46:52.668,2.08835,2.08905,5.60,2.40
2008.02.29 02:46:53.022,2.08835,2.08905,5.60,2.40
2008.02.29 02:46:53.363,2.08835,2.08905,5.60,2.40
2008.02.29 02:46:53.703,2.08835,2.08905,5.60,2.40
2008.02.29 02:46:53.933,2.08835,2.08905,5.60,2.40
2008.02.29 02:46:54.164,2.08835,2.08905,5.60,2.40
2008.02.29 02:46:54.388,2.08835,2.08905,5.60,2.40
2008.02.29 02:46:54.625,2.08835,2.08905,5.60,2.40
2008.02.29 02:46:54.855,2.08835,2.08905,5.60,2.40
2008.02.29 02:46:55.196,2.08835,2.08905,5.60,2.40
2008.02.29 02:46:55.538,2.08835,2.08905,5.60,2.40
2008.02.29 02:46:55.880,2.08835,2.08905,5.60,2.40
2008.02.29 02:46:56.103,2.08835,2.08905,5.60,2.40
2008.02.29 02:46:56.324,2.08835,2.08905,5.60,2.40
2008.02.29 02:46:56.535,2.08835,2.08905,5.60,2.40
2008.02.29 02:46:56.763,2.08835,2.08905,5.60,2.40
2008.02.29 02:46:56.982,2.08835,2.08905,5.60,2.40
2008.02.29 02:46:57.681,2.08835,2.08905,5.60,2.40
2008.02.29 02:46:58.002,2.08835,2.08905,5.60,2.40
2008.02.29 02:46:58.188,2.08835,2.08905,5.60,2.40
2008.02.29 02:46:58.397,2.08835,2.08905,5.60,2.40
2008.02.29 02:46:58.606,2.08835,2.08905,5.60,2.40
2008.02.29 02:46:58.807,2.08835,2.08905,5.60,2.40
2008.02.29 02:46:59.006,2.08835,2.08905,5.60,2.40
2008.02.29 02:46:59.321,2.08835,2.08905,5.60,2.40
2008.02.29 02:46:59.628,2.08835,2.08905,5.60,2.40
2008.02.29 02:46:59.935,2.08835,2.08905,5.60,2.40
2008.02.29 02:47:00.228,2.08835,2.08905,5.60,2.40
2008.02.29 02:47:00.514,2.08835,2.08905,5.60,2.40
2008.02.29 02:47:00.792,2.08835,2.08905,5.60,2.40
2008.02.29 02:47:01.053,2.08835,2.08905,5.60,2.40
2008.02.29 02:47:01.309,2.08835,2.08905,5.60,2.40
2008.02.29 02:47:01.566,2.08835,2.08905,5.60,2.40
2008.02.29 02:47:01.826,2.08835,2.08905,5.60,2.40
2008.02.29 02:47:02.098,2.08835,2.08905,5.60,2.40
2008.02.29 02:47:02.390,2.08835,2.08905,5.60,2.40
2008.02.29 02:47:04.158,2.08835,2.08905,5.60,2.40
2008.02.29 02:47:06.994,2.08835,2.08905,5.60,2.40
2008.02.29 02:47:07.086,2.08835,2.08905,5.60,2.40
2008.02.29 02:47:07.175,2.08835,2.08905,5.60,2.40
2008.02.29 02:47:07.268,2.08835,2.08905,5.60,2.40
2008.02.29 02:47:09.284,2.08835,2.08905,5.60,2.40
2008.02.29 02:47:11.547,2.08835,2.08905,5.60,2.40
2008.02.29 02:47:11.597,2.08835,2.08905,5.60,2.40
2008.02.29 02:47:16.514,2.08835,2.08905,5.60,2.40
2008.02.29 02:47:16.557,2.08845,2.08905,2.40,2.40
2008.02.29 02:47:16.633,2.08845,2.08905,2.40,2.40
2008.02.29 02:47:18.019,2.08845,2.08905,2.40,2.40
2008.02.29 02:47:18.090,2.08845,2.08905,2.40,2.40
2008.02.29 02:47:18.281,2.08845,2.08905,2.40,2.40
2008.02.29 02:47:18.470,2.08845,2.08905,2.40,2.40
2008.02.29 02:47:23.213,2.08845,2.08905,2.40,2.40
2008.02.29 02:47:24.915,2.08845,2.08905,2.40,2.40
2008.02.29 02:47:25.111,2.08845,2.08905,2.40,2.40
2008.02.29 02:47:25.286,2.08845,2.08905,2.40,2.40
2008.02.29 02:47:25.448,2.08845,2.08905,2.40,2.40
2008.02.29 02:47:25.605,2.08845,2.08905,2.40,2.40
2008.02.29 02:47:25.775,2.08845,2.08905,2.40,2.40
2008.02.29 02:47:25.942,2.08845,2.08905,2.40,2.40
2008.02.29 02:47:26.285,2.08845,2.08905,2.40,2.40
2008.02.29 02:47:26.652,2.08845,2.08905,2.40,2.40
2008.02.29 02:47:26.995,2.08845,2.08905,2.40,2.40
2008.02.29 02:47:27.205,2.08845,2.08905,2.40,2.40
2008.02.29 02:47:27.430,2.08845,2.08905,2.40,2.40
2008.02.29 02:47:27.661,2.08845,2.08905,2.40,2.40
2008.02.29 02:47:27.906,2.08845,2.08905,2.40,2.40
2008.02.29 02:47:28.219,2.08845,2.08905,2.40,2.40
2008.02.29 02:47:28.532,2.08845,2.08905,2.40,2.40
2008.02.29 02:47:28.833,2.08845,2.08905,2.40,2.40
2008.02.29 02:47:29.134,2.08845,2.08905,2.40,2.40
2008.02.29 02:47:29.372,2.08845,2.08905,2.40,2.40
2008.02.29 02:47:29.608,2.08845,2.08905,2.40,2.40
2008.02.29 02:47:29.843,2.08845,2.08905,2.40,2.40
2008.02.29 02:47:30.086,2.08845,2.08905,2.40,2.40
2008.02.29 02:47:30.423,2.08845,2.08905,2.40,2.40
2008.02.29 02:47:30.750,2.08845,2.08905,2.40,2.40
2008.02.29 02:47:31.058,2.08845,2.08905,2.40,2.40
2008.02.29 02:47:31.288,2.08845,2.08905,2.40,2.40
2008.02.29 02:47:31.501,2.08845,2.08905,2.40,2.40
2008.02.29 02:47:31.735,2.08845,2.08905,2.40,2.40
2008.02.29 02:47:31.958,2.08845,2.08905,2.40,2.40
2008.02.29 02:47:32.270,2.08835,2.08895,2.40,2.40
2008.02.29 02:47:32.582,2.08835,2.08895,2.40,2.40
2008.02.29 02:47:32.885,2.08835,2.08895,2.40,2.40
2008.02.29 02:47:33.188,2.08845,2.089,2.40,1.60
2008.02.29 02:47:33.454,2.08845,2.08905,2.40,2.40
2008.02.29 02:47:33.711,2.08845,2.08905,2.40,2.40
2008.02.29 02:47:33.994,2.08845,2.08905,2.40,2.40
2008.02.29 02:47:34.252,2.08845,2.08905,2.40,2.40
2008.02.29 02:47:34.517,2.08845,2.08905,2.40,2.40
2008.02.29 02:47:34.770,2.08845,2.08905,2.40,2.40
2008.02.29 02:47:35.036,2.08845,2.08905,2.40,2.40
2008.02.29 02:47:35.346,2.08845,2.08905,2.40,2.40
2008.02.29 02:47:35.663,2.08845,2.08905,2.40,2.40
2008.02.29 02:47:35.987,2.08845,2.08905,2.40,2.40
2008.02.29 02:47:36.209,2.08845,2.08905,2.40,2.40
2008.02.29 02:47:36.442,2.08845,2.08905,2.40,2.40
2008.02.29 02:47:36.665,2.08845,2.08905,2.40,2.40
2008.02.29 02:47:36.887,2.08845,2.08905,2.40,2.40
2008.02.29 02:47:37.119,2.08845,2.08905,2.40,2.40
2008.02.29 02:47:37.429,2.08845,2.08905,2.40,2.40
2008.02.29 02:47:37.753,2.08845,2.08905,2.40,2.40
2008.02.29 02:47:38.080,2.08845,2.08905,2.40,2.40
2008.02.29 02:47:38.311,2.08845,2.08905,2.40,2.40
2008.02.29 02:47:38.547,2.08845,2.08905,2.40,2.40
2008.02.29 02:47:38.787,2.08825,2.08905,5.60,2.40
2008.02.29 02:47:39.015,2.08825,2.08905,5.60,2.40
2008.02.29 02:47:39.238,2.08825,2.08905,5.60,2.40
2008.02.29 02:47:39.586,2.08825,2.08905,5.60,2.40
2008.02.29 02:47:39.933,2.08825,2.08905,5.60,2.40
2008.02.29 02:47:40.270,2.08825,2.08905,5.60,2.40
2008.02.29 02:47:40.525,2.08825,2.08905,5.60,2.40
2008.02.29 02:47:40.797,2.08825,2.08905,5.60,2.40
2008.02.29 02:47:41.048,2.08825,2.08905,5.60,2.40
2008.02.29 02:47:41.320,2.08825,2.08905,5.60,2.40
2008.02.29 02:47:41.598,2.08825,2.08905,5.60,2.40
2008.02.29 02:47:41.871,2.08825,2.08905,5.60,2.40
2008.02.29 02:47:42.142,2.08825,2.08905,5.60,2.40
2008.02.29 02:47:42.410,2.08825,2.08905,5.60,2.40
2008.02.29 02:47:42.680,2.08825,2.08905,5.60,2.40
2008.02.29 02:47:42.954,2.08825,2.08905,5.60,2.40
2008.02.29 02:47:43.238,2.08825,2.08905,5.60,2.40
2008.02.29 02:47:43.495,2.08825,2.08905,5.60,2.40
2008.02.29 02:47:43.777,2.08825,2.08905,5.60,2.40
2008.02.29 02:47:45.649,2.08825,2.08905,5.60,2.40
2008.02.29 02:47:48.232,2.08825,2.08905,5.60,2.40
2008.02.29 02:47:48.450,2.08825,2.08905,5.60,2.40
2008.02.29 02:47:48.472,2.08835,2.08895,2.40,2.40
2008.02.29 02:47:49.859,2.08855,2.08905,2.40,2.40
2008.02.29 02:47:49.955,2.08855,2.08905,2.40,2.40
2008.02.29 02:47:50.095,2.08855,2.08905,2.40,2.40
2008.02.29 02:47:50.205,2.08855,2.08905,2.40,2.40
2008.02.29 02:47:50.316,2.08855,2.08905,2.40,2.40
2008.02.29 02:47:50.499,2.08855,2.08905,2.40,2.40
2008.02.29 02:47:52.098,2.08855,2.08905,2.40,2.40
2008.02.29 02:47:52.293,2.08855,2.08905,2.40,2.40
2008.02.29 02:47:57.314,2.08855,2.08905,2.40,2.40
2008.02.29 02:47:58.985,2.08835,2.08895,2.40,2.40
2008.02.29 02:47:59.073,2.08835,2.08895,2.40,2.40
2008.02.29 02:47:59.170,2.08835,2.08895,2.40,2.40
2008.02.29 02:47:59.237,2.08835,2.08895,2.40,2.40
2008.02.29 02:47:59.319,2.08835,2.08895,2.40,2.40
2008.02.29 02:47:59.400,2.08835,2.08895,2.40,2.40
2008.02.29 02:47:59.502,2.08835,2.08895,2.40,2.40
2008.02.29 02:47:59.720,2.08835,2.08895,2.40,2.40
2008.02.29 02:48:01.609,2.08835,2.08895,2.40,2.40
2008.02.29 02:48:01.748,2.08835,2.08895,2.40,2.40
2008.02.29 02:48:01.903,2.08835,2.08895,2.40,2.40
2008.02.29 02:48:02.089,2.08835,2.08895,2.40,2.40
2008.02.29 02:48:02.256,2.08835,2.08895,2.40,2.40
2008.02.29 02:48:02.427,2.08835,2.08895,2.40,2.40
2008.02.29 02:48:02.584,2.08835,2.08895,2.40,2.40
2008.02.29 02:48:02.944,2.08835,2.08895,2.40,2.40
2008.02.29 02:48:03.291,2.08835,2.08895,2.40,2.40
2008.02.29 02:48:03.639,2.08835,2.08895,2.40,2.40
2008.02.29 02:48:03.852,2.08825,2.08895,5.60,4.00
2008.02.29 02:48:04.066,2.08825,2.08885,2.40,2.40
2008.02.29 02:48:04.280,2.08825,2.08885,2.40,2.40
2008.02.29 02:48:04.503,2.08825,2.08885,2.40,2.40
2008.02.29 02:48:04.726,2.08825,2.08885,2.40,2.40
2008.02.29 02:48:05.091,2.08825,2.08885,2.40,2.40
2008.02.29 02:48:05.433,2.08825,2.08885,2.40,2.40
2008.02.29 02:48:05.775,2.08825,2.08885,2.40,2.40
2008.02.29 02:48:05.991,2.08825,2.08885,2.40,2.40
2008.02.29 02:48:06.210,2.08825,2.08885,2.40,2.40
2008.02.29 02:48:06.454,2.08805,2.08885,2.40,3.20
2008.02.29 02:48:06.687,2.08805,2.08885,2.40,3.20
2008.02.29 02:48:06.978,2.08805,2.08885,2.40,3.20
2008.02.29 02:48:07.270,2.08805,2.08885,2.40,3.20
2008.02.29 02:48:07.562,2.08805,2.08885,2.40,3.20
2008.02.29 02:48:07.855,2.08805,2.08885,2.40,3.20
2008.02.29 02:48:08.093,2.08805,2.08885,2.40,3.20
2008.02.29 02:48:09.319,2.08805,2.08885,2.40,3.20
2008.02.29 02:48:09.459,2.08805,2.08885,4.80,3.20
2008.02.29 02:48:09.589,2.08825,2.08885,2.40,2.40
2008.02.29 02:48:09.747,2.08825,2.08885,2.40,2.40
2008.02.29 02:48:09.870,2.08825,2.08885,2.40,2.40
2008.02.29 02:48:10.009,2.08825,2.08885,2.40,2.40
2008.02.29 02:48:13.667,2.08825,2.08885,2.40,2.40
2008.02.29 02:48:15.373,2.08825,2.08885,2.40,2.40
2008.02.29 02:48:15.525,2.08825,2.08885,2.40,2.40
2008.02.29 02:48:17.028,2.08825,2.08885,2.40,2.40
2008.02.29 02:48:17.181,2.08825,2.08885,2.40,2.40
2008.02.29 02:48:17.330,2.08825,2.08885,2.40,2.40
2008.02.29 02:48:17.561,2.08825,2.08885,2.40,2.40
2008.02.29 02:48:19.600,2.08825,2.08885,2.40,2.40
2008.02.29 02:48:19.710,2.08825,2.08885,2.40,2.40
2008.02.29 02:48:19.861,2.08825,2.08885,2.40,2.40
2008.02.29 02:48:20.000,2.08825,2.08885,2.40,2.40
2008.02.29 02:48:20.209,2.08825,2.08885,2.40,2.40
2008.02.29 02:48:21.964,2.08825,2.08885,2.40,2.40
2008.02.29 02:48:23.606,2.08825,2.08885,2.40,2.40
2008.02.29 02:48:25.425,2.08825,2.08885,2.40,2.40
2008.02.29 02:48:25.441,2.08825,2.08885,2.40,2.40
2008.02.29 02:48:25.535,2.08825,2.08885,2.40,2.40
2008.02.29 02:48:26.952,2.08825,2.08885,2.40,2.40
2008.02.29 02:48:27.076,2.08805,2.08905,12.00,2.40
2008.02.29 02:48:27.169,2.08805,2.08905,12.00,2.40
2008.02.29 02:48:28.922,2.08805,2.08905,12.00,2.40
2008.02.29 02:48:29.076,2.08805,2.08905,5.60,4.00
2008.02.29 02:48:30.687,2.08805,2.08905,5.60,4.00
2008.02.29 02:48:30.843,2.08805,2.08905,5.60,4.00
2008.02.29 02:48:30.948,2.08805,2.08905,5.60,4.00
2008.02.29 02:48:32.232,2.08805,2.08905,5.60,4.00
2008.02.29 02:48:32.389,2.08805,2.08905,5.60,4.00
2008.02.29 02:48:32.553,2.08805,2.08905,5.60,4.00
2008.02.29 02:48:32.712,2.08805,2.08905,5.60,4.00
2008.02.29 02:48:32.865,2.08805,2.08905,5.60,4.00
2008.02.29 02:48:33.029,2.08805,2.08905,5.60,4.00
2008.02.29 02:48:33.208,2.08805,2.08905,5.60,4.00
2008.02.29 02:48:33.551,2.08805,2.08905,5.60,4.00
2008.02.29 02:48:33.891,2.08805,2.08905,5.60,4.00
2008.02.29 02:48:34.233,2.08805,2.08905,5.60,4.00
2008.02.29 02:48:34.586,2.08805,2.08905,5.60,4.00
2008.02.29 02:48:34.853,2.08805,2.08905,5.60,4.00
2008.02.29 02:48:35.122,2.08805,2.08905,5.60,4.00
2008.02.29 02:48:35.384,2.08805,2.08905,5.60,4.00
2008.02.29 02:48:35.681,2.08805,2.08905,5.60,4.00
2008.02.29 02:48:35.974,2.08805,2.08905,5.60,4.00
2008.02.29 02:48:36.255,2.08805,2.08905,5.60,4.00
2008.02.29 02:48:36.537,2.08805,2.08905,5.60,4.00
2008.02.29 02:48:36.803,2.08805,2.08905,5.60,4.00
2008.02.29 02:48:37.056,2.08805,2.08905,5.60,4.00
2008.02.29 02:48:37.316,2.08805,2.08905,5.60,4.00
2008.02.29 02:48:37.588,2.08805,2.08905,5.60,4.00
2008.02.29 02:48:37.859,2.08805,2.08905,5.60,4.00
2008.02.29 02:48:38.135,2.08805,2.08905,5.60,4.00
2008.02.29 02:48:38.427,2.08805,2.08905,5.60,4.00
2008.02.29 02:48:38.702,2.08805,2.08905,5.60,4.00
2008.02.29 02:48:38.961,2.08805,2.08905,5.60,4.00
2008.02.29 02:48:39.228,2.08805,2.08905,5.60,4.00
2008.02.29 02:48:39.489,2.08805,2.08905,5.60,4.00
2008.02.29 02:48:39.765,2.08805,2.08905,5.60,4.00
2008.02.29 02:48:40.049,2.08805,2.08905,5.60,4.00
2008.02.29 02:48:40.332,2.08815,2.08905,5.60,2.40
2008.02.29 02:48:40.594,2.08815,2.08905,5.60,2.40
2008.02.29 02:48:40.867,2.08815,2.08905,5.60,2.40
2008.02.29 02:48:41.113,2.08815,2.08905,5.60,2.40
2008.02.29 02:48:41.368,2.08815,2.08905,5.60,2.40
2008.02.29 02:48:41.625,2.08815,2.08905,5.60,2.40
2008.02.29 02:48:41.891,2.08815,2.08905,5.60,2.40
2008.02.29 02:48:42.158,2.08815,2.08905,5.60,2.40
2008.02.29 02:48:42.445,2.08815,2.08905,5.60,2.40
2008.02.29 02:48:42.708,2.08815,2.08905,5.60,2.40
2008.02.29 02:48:42.970,2.08815,2.08905,5.60,2.40
2008.02.29 02:48:43.231,2.08815,2.08905,5.60,2.40
2008.02.29 02:48:43.495,2.08815,2.08905,5.60,2.40
2008.02.29 02:48:43.783,2.08815,2.08905,5.60,2.40
2008.02.29 02:48:44.077,2.08815,2.08905,5.60,2.40
2008.02.29 02:48:44.359,2.08815,2.08905,5.60,2.40
2008.02.29 02:48:44.656,2.08815,2.08905,5.60,2.40
2008.02.29 02:48:44.949,2.08815,2.08905,5.60,2.40
2008.02.29 02:48:45.245,2.08815,2.08905,5.60,2.40
2008.02.29 02:48:45.546,2.08815,2.08905,5.60,2.40
2008.02.29 02:48:45.815,2.08815,2.08905,5.60,2.40
2008.02.29 02:48:46.083,2.08815,2.08905,5.60,2.40
2008.02.29 02:48:46.333,2.08815,2.08905,5.60,2.40
2008.02.29 02:48:46.593,2.08815,2.08905,5.60,2.40
2008.02.29 02:48:46.888,2.08815,2.08905,5.60,2.40
2008.02.29 02:48:47.187,2.08815,2.08905,5.60,2.40
2008.02.29 02:48:48.730,2.08815,2.08905,5.60,2.40
2008.02.29 02:48:49.789,2.08805,2.08905,9.60,4.00
2008.02.29 02:48:51.814,2.08805,2.08905,5.60,4.00
2008.02.29 02:48:51.983,2.0882,2.08905,2.40,2.40
2008.02.29 02:48:52.023,2.0882,2.08905,2.40,2.40
2008.02.29 02:48:52.128,2.0882,2.08905,2.40,2.40
2008.02.29 02:48:54.484,2.0882,2.08905,2.40,2.40
2008.02.29 02:48:54.626,2.0882,2.08905,2.40,2.40
2008.02.29 02:48:54.841,2.0882,2.08905,2.40,2.40
2008.02.29 02:48:54.951,2.0882,2.08905,2.40,2.40
2008.02.29 02:48:55.092,2.0882,2.08905,2.40,2.40
2008.02.29 02:48:55.222,2.0882,2.08905,2.40,2.40
2008.02.29 02:48:55.376,2.0882,2.08905,2.40,2.40
2008.02.29 02:48:55.508,2.0882,2.08905,2.40,2.40
2008.02.29 02:48:55.863,2.0882,2.08905,2.40,2.40
2008.02.29 02:48:56.214,2.0882,2.08905,2.40,2.40
2008.02.29 02:48:56.553,2.0882,2.08905,2.40,2.40
2008.02.29 02:48:56.765,2.0882,2.08905,2.40,2.40
2008.02.29 02:48:56.977,2.0882,2.08905,2.40,2.40
2008.02.29 02:48:57.195,2.0882,2.08905,2.40,2.40
2008.02.29 02:48:57.428,2.0882,2.08905,2.40,2.40
2008.02.29 02:48:57.664,2.0882,2.08905,2.40,2.40
2008.02.29 02:48:57.972,2.0882,2.08905,2.40,2.40
2008.02.29 02:48:58.287,2.0882,2.08905,2.40,2.40
2008.02.29 02:48:58.588,2.0882,2.08905,2.40,2.40
2008.02.29 02:49:04.492,2.0882,2.08905,2.40,2.40
2008.02.29 02:49:06.888,2.0882,2.08905,2.40,2.40
2008.02.29 02:49:07.984,2.0882,2.08905,2.40,2.40
2008.02.29 02:49:09.719,2.0882,2.08885,2.40,2.40
2008.02.29 02:49:11.103,2.08815,2.08885,5.60,2.40
2008.02.29 02:49:11.248,2.08815,2.08885,5.60,2.40
2008.02.29 02:49:11.340,2.08815,2.08885,5.60,2.40
2008.02.29 02:49:11.463,2.08815,2.08885,5.60,2.40
2008.02.29 02:49:11.551,2.08815,2.08885,5.60,2.40
2008.02.29 02:49:12.779,2.08815,2.08885,5.60,2.40
2008.02.29 02:49:20.270,2.08815,2.08885,5.60,2.40
2008.02.29 02:49:20.410,2.08815,2.08885,5.60,2.40
2008.02.29 02:49:20.504,2.08815,2.08885,5.60,2.40
2008.02.29 02:49:22.251,2.08815,2.08885,5.60,2.40
2008.02.29 02:49:22.369,2.08815,2.08885,5.60,2.40
2008.02.29 02:49:22.508,2.08815,2.08885,5.60,2.40
2008.02.29 02:49:22.635,2.08815,2.08885,5.60,2.40
2008.02.29 02:49:22.862,2.08815,2.08885,5.60,2.40
2008.02.29 02:49:23.000,2.08815,2.08885,5.60,2.40
2008.02.29 02:49:25.474,2.08815,2.08885,5.60,2.40
2008.02.29 02:49:27.149,2.08815,2.08885,5.60,2.40
2008.02.29 02:49:27.358,2.08815,2.08885,5.60,2.40
2008.02.29 02:49:27.535,2.08815,2.08885,5.60,2.40
2008.02.29 02:49:27.708,2.08815,2.08885,5.60,2.40
2008.02.29 02:49:28.867,2.08815,2.08885,5.60,2.40
2008.02.29 02:49:29.102,2.08815,2.08885,5.60,2.40
2008.02.29 02:49:29.310,2.08815,2.08885,5.60,2.40
2008.02.29 02:49:29.516,2.08815,2.08885,5.60,2.40
2008.02.29 02:49:32.338,2.08815,2.08885,5.60,2.40
2008.02.29 02:49:32.503,2.08815,2.08885,4.80,2.40
2008.02.29 02:49:33.691,2.08815,2.08885,4.80,2.40
2008.02.29 02:49:33.851,2.08815,2.08885,4.80,2.40
2008.02.29 02:49:33.999,2.08815,2.08885,4.80,2.40
2008.02.29 02:49:35.908,2.08815,2.08885,4.80,2.40
2008.02.29 02:49:36.056,2.08815,2.08885,5.60,2.40
2008.02.29 02:49:36.193,2.08815,2.08885,5.60,2.40
2008.02.29 02:49:36.347,2.08815,2.08885,5.60,2.40
2008.02.29 02:49:36.492,2.08815,2.08885,5.60,2.40
2008.02.29 02:49:36.622,2.08815,2.08885,5.60,2.40
2008.02.29 02:49:36.792,2.08815,2.08885,5.60,2.40
2008.02.29 02:49:38.048,2.08815,2.08885,5.60,2.40
2008.02.29 02:49:38.137,2.08815,2.08885,5.60,2.40
2008.02.29 02:49:38.229,2.08815,2.08885,5.60,2.40
2008.02.29 02:49:38.356,2.08815,2.08885,5.60,2.40
2008.02.29 02:49:38.471,2.08815,2.08885,5.60,2.40
2008.02.29 02:49:38.590,2.08815,2.08885,5.60,2.40
2008.02.29 02:49:38.673,2.08815,2.08885,5.60,2.40
2008.02.29 02:49:38.807,2.08815,2.08885,5.60,2.40
2008.02.29 02:49:41.777,2.08815,2.08885,5.60,2.40
2008.02.29 02:49:41.959,2.08815,2.08885,5.60,2.40
2008.02.29 02:49:42.085,2.08815,2.08885,5.60,2.40
2008.02.29 02:49:42.217,2.08815,2.08885,5.60,2.40
2008.02.29 02:49:42.344,2.08815,2.08885,5.60,2.40
2008.02.29 02:49:42.505,2.08815,2.08885,5.60,2.40
2008.02.29 02:49:44.326,2.08815,2.08885,5.60,2.40
2008.02.29 02:49:44.441,2.08815,2.08885,5.60,2.40
2008.02.29 02:49:44.608,2.08825,2.08885,2.40,2.40
2008.02.29 02:49:44.763,2.08825,2.08885,2.40,2.40
2008.02.29 02:49:44.916,2.08815,2.08885,7.20,2.40
2008.02.29 02:49:45.071,2.08815,2.08885,4.80,2.40
2008.02.29 02:49:45.222,2.08815,2.08885,4.80,2.40
2008.02.29 02:49:45.379,2.08815,2.08885,4.80,2.40
2008.02.29 02:49:45.759,2.08815,2.08885,4.80,2.40
2008.02.29 02:49:46.106,2.08815,2.08885,4.80,2.40
2008.02.29 02:49:46.465,2.08815,2.08885,4.80,2.40
2008.02.29 02:49:46.701,2.08815,2.08885,4.80,2.40
2008.02.29 02:49:46.913,2.08815,2.08885,4.80,2.40
2008.02.29 02:49:47.127,2.08815,2.08885,4.80,2.40
2008.02.29 02:49:47.344,2.08815,2.08885,4.80,2.40
2008.02.29 02:49:47.575,2.08815,2.08885,4.80,2.40
2008.02.29 02:49:47.888,2.08815,2.08885,4.80,2.40
2008.02.29 02:49:48.200,2.08815,2.08885,4.80,2.40
2008.02.29 02:49:48.523,2.08815,2.08885,4.80,2.40
2008.02.29 02:49:48.754,2.08815,2.08885,4.80,2.40
2008.02.29 02:49:48.981,2.08815,2.08885,4.80,2.40
2008.02.29 02:49:49.222,2.08815,2.08885,4.80,2.40
2008.02.29 02:49:49.450,2.08815,2.08885,4.80,2.40
2008.02.29 02:49:49.787,2.08815,2.08885,4.80,2.40
2008.02.29 02:49:50.114,2.08815,2.08885,4.80,2.40
2008.02.29 02:49:50.440,2.08815,2.08885,4.80,2.40
2008.02.29 02:49:50.671,2.08815,2.08885,4.80,2.40
2008.02.29 02:49:50.905,2.08815,2.08885,4.80,2.40
2008.02.29 02:49:51.147,2.08815,2.08885,4.80,2.40
2008.02.29 02:49:51.394,2.08815,2.08885,4.80,2.40
2008.02.29 02:49:51.624,2.08815,2.08885,4.80,2.40
2008.02.29 02:49:51.916,2.08815,2.08885,4.80,2.40
2008.02.29 02:49:52.204,2.08815,2.08885,4.80,2.40
2008.02.29 02:49:52.495,2.08815,2.08885,4.80,2.40
2008.02.29 02:49:52.748,2.08815,2.08885,4.80,2.40
2008.02.29 02:49:53.004,2.08815,2.08885,4.80,2.40
2008.02.29 02:49:53.270,2.08815,2.08885,4.80,2.40
2008.02.29 02:49:53.533,2.08815,2.08885,4.80,2.40
2008.02.29 02:49:53.798,2.08815,2.08885,4.80,2.40
2008.02.29 02:49:54.075,2.08815,2.08885,4.80,2.40
2008.02.29 02:49:54.340,2.08815,2.08885,4.80,2.40
2008.02.29 02:49:54.601,2.08815,2.08885,4.80,2.40
2008.02.29 02:49:54.911,2.08815,2.08885,4.80,2.40
2008.02.29 02:49:55.208,2.08815,2.08885,4.80,2.40
2008.02.29 02:49:55.506,2.08815,2.08885,4.80,2.40
2008.02.29 02:49:55.821,2.08815,2.08885,4.80,2.40
2008.02.29 02:49:56.078,2.08815,2.08885,4.80,2.40
2008.02.29 02:49:56.327,2.08815,2.08885,4.80,2.40
2008.02.29 02:49:56.584,2.08815,2.08885,4.80,2.40
2008.02.29 02:49:56.851,2.08815,2.08885,4.80,2.40
2008.02.29 02:49:57.114,2.08815,2.08885,4.80,2.40
2008.02.29 02:49:57.379,2.08815,2.08885,4.80,2.40
2008.02.29 02:49:57.637,2.08815,2.08885,4.80,2.40
2008.02.29 02:49:57.918,2.08815,2.08885,4.80,2.40
2008.02.29 02:49:58.215,2.08815,2.08885,4.80,2.40
2008.02.29 02:49:58.504,2.08815,2.08885,4.80,2.40
2008.02.29 02:49:58.799,2.08815,2.08885,4.80,2.40
2008.02.29 02:49:59.111,2.08815,2.08885,4.80,2.40
2008.02.29 02:49:59.382,2.08815,2.08885,4.80,2.40
2008.02.29 02:49:59.653,2.08815,2.08885,4.80,2.40
2008.02.29 02:49:59.946,2.08815,2.08885,4.80,2.40
2008.02.29 02:50:00.245,2.08815,2.08885,4.80,2.40
2008.02.29 02:50:00.551,2.08815,2.08885,4.80,2.40
2008.02.29 02:50:00.871,2.08815,2.08885,4.80,2.40
2008.02.29 02:50:01.134,2.08815,2.08885,4.80,2.40
2008.02.29 02:50:01.378,2.08815,2.08885,4.80,2.40
2008.02.29 02:50:01.630,2.08815,2.08885,4.80,2.40
2008.02.29 02:50:01.911,2.08815,2.08885,4.80,2.40
2008.02.29 02:50:02.198,2.08815,2.08885,4.80,2.40
2008.02.29 02:50:02.475,2.08815,2.08885,4.80,2.40
2008.02.29 02:50:02.764,2.08815,2.08885,4.80,2.40
2008.02.29 02:50:03.057,2.08815,2.08885,4.80,2.40
2008.02.29 02:50:03.339,2.08815,2.08885,4.80,2.40
2008.02.29 02:50:03.619,2.08815,2.08885,4.80,2.40
2008.02.29 02:50:03.893,2.08815,2.08885,4.80,2.40
2008.02.29 02:50:04.160,2.08835,2.08905,2.40,4.00
2008.02.29 02:50:04.431,2.08835,2.08905,2.40,4.00
2008.02.29 02:50:04.703,2.08835,2.08905,2.40,2.40
2008.02.29 02:50:05.015,2.08835,2.08905,2.40,2.40
2008.02.29 02:50:05.335,2.08835,2.08905,2.40,2.40
2008.02.29 02:50:05.641,2.08835,2.08905,2.40,2.40
2008.02.29 02:50:05.949,2.08835,2.08905,2.40,2.40
2008.02.29 02:50:06.199,2.08835,2.08905,2.40,2.40
2008.02.29 02:50:06.449,2.08835,2.08905,2.40,2.40
2008.02.29 02:50:06.710,2.08835,2.08905,2.40,2.40
2008.02.29 02:50:06.986,2.08835,2.08905,2.40,2.40
2008.02.29 02:50:07.266,2.08835,2.08905,2.40,2.40
2008.02.29 02:50:07.550,2.08835,2.08905,2.40,2.40
2008.02.29 02:50:07.830,2.08835,2.08905,2.40,2.40
2008.02.29 02:50:08.071,2.08835,2.08905,2.40,2.40
2008.02.29 02:50:08.314,2.08835,2.08905,2.40,2.40
2008.02.29 02:50:08.556,2.08835,2.08905,2.40,2.40
2008.02.29 02:50:08.798,2.08835,2.08905,2.40,2.40
2008.02.29 02:50:10.432,2.08835,2.08905,2.40,2.40
2008.02.29 02:50:10.536,2.08835,2.08905,2.40,2.40
2008.02.29 02:50:10.629,2.08835,2.08905,2.40,2.40
2008.02.29 02:50:10.724,2.08835,2.08905,2.40,2.40
2008.02.29 02:50:10.843,2.08835,2.08905,2.40,2.40
2008.02.29 02:50:12.248,2.08835,2.08905,2.40,2.40
2008.02.29 02:50:12.446,2.08835,2.08905,2.40,2.40
2008.02.29 02:50:12.620,2.08835,2.08905,2.40,2.40
2008.02.29 02:50:12.799,2.08835,2.08905,2.40,2.40
2008.02.29 02:50:12.968,2.08835,2.08905,2.40,2.40
2008.02.29 02:50:13.137,2.08835,2.08905,2.40,2.40
2008.02.29 02:50:14.117,2.08835,2.08905,2.40,2.40
2008.02.29 02:50:15.408,2.08835,2.08905,2.40,2.40
2008.02.29 02:50:15.491,2.08825,2.08895,3.20,2.40
2008.02.29 02:50:15.523,2.08825,2.08895,3.20,2.40
2008.02.29 02:50:15.629,2.08825,2.08895,3.20,2.40
2008.02.29 02:50:15.816,2.08825,2.08895,3.20,2.40
2008.02.29 02:50:15.940,2.08825,2.08895,3.20,2.40
2008.02.29 02:50:15.991,2.08825,2.08895,3.20,2.40
2008.02.29 02:50:16.065,2.08825,2.08895,3.20,2.40
2008.02.29 02:50:16.310,2.08825,2.08895,3.20,2.40
2008.02.29 02:50:19.006,2.08825,2.08895,3.20,2.40
2008.02.29 02:50:19.016,2.08825,2.08895,3.20,2.40
2008.02.29 02:50:19.144,2.08825,2.08895,3.20,2.40
2008.02.29 02:50:19.670,2.08825,2.08895,3.20,2.40
2008.02.29 02:50:19.712,2.08825,2.08895,3.20,2.40
2008.02.29 02:50:21.098,2.08825,2.08895,3.20,2.40
2008.02.29 02:50:21.464,2.08825,2.08895,3.20,2.40
2008.02.29 02:50:23.042,2.08825,2.08895,3.20,2.40
2008.02.29 02:50:23.153,2.08805,2.08885,5.60,2.40
2008.02.29 02:50:23.939,2.08805,2.08885,5.60,2.40
2008.02.29 02:50:24.069,2.08805,2.08885,5.60,2.40
2008.02.29 02:50:24.266,2.08805,2.08885,5.60,2.40
2008.02.29 02:50:24.474,2.08805,2.08885,5.60,2.40
2008.02.29 02:50:24.684,2.08805,2.08885,5.60,2.40
2008.02.29 02:50:24.894,2.08805,2.08885,5.60,2.40
2008.02.29 02:50:25.091,2.08805,2.08885,5.60,2.40
2008.02.29 02:50:25.434,2.08805,2.08885,5.60,2.40
2008.02.29 02:50:25.775,2.08805,2.08885,5.60,2.40
2008.02.29 02:50:26.117,2.08805,2.08885,5.60,2.40
2008.02.29 02:50:26.328,2.08805,2.08885,5.60,2.40
2008.02.29 02:50:26.543,2.08805,2.08885,5.60,2.40
2008.02.29 02:50:26.767,2.08805,2.08885,5.60,2.40
2008.02.29 02:50:26.994,2.08805,2.08885,5.60,2.40
2008.02.29 02:50:27.205,2.08805,2.08885,5.60,2.40
2008.02.29 02:50:27.521,2.08805,2.08885,5.60,2.40
2008.02.29 02:50:27.843,2.08805,2.08885,5.60,2.40
2008.02.29 02:50:29.551,2.08805,2.08885,5.60,2.40
2008.02.29 02:50:29.613,2.08805,2.08885,5.60,2.40
2008.02.29 02:50:29.759,2.08805,2.08885,5.60,2.40
2008.02.29 02:50:29.878,2.08805,2.08885,5.60,2.40
2008.02.29 02:50:32.016,2.08805,2.08885,5.60,2.40
2008.02.29 02:50:32.186,2.08805,2.08885,5.60,2.40
2008.02.29 02:50:32.338,2.08805,2.08885,5.60,2.40
2008.02.29 02:50:32.503,2.08805,2.08885,5.60,2.40
2008.02.29 02:50:32.665,2.08805,2.08885,5.60,2.40
2008.02.29 02:50:32.813,2.08805,2.08885,5.60,2.40
2008.02.29 02:50:32.974,2.08805,2.08885,5.60,2.40
2008.02.29 02:50:35.311,2.08805,2.08885,5.60,2.40
2008.02.29 02:50:37.874,2.08805,2.08885,5.60,2.40
2008.02.29 02:50:39.569,2.08805,2.08885,5.60,2.40
2008.02.29 02:50:41.037,2.08805,2.08885,5.60,2.40
2008.02.29 02:50:41.146,2.08805,2.08885,5.60,2.40
2008.02.29 02:50:41.253,2.08805,2.08885,5.60,2.40
2008.02.29 02:50:41.371,2.08805,2.08885,5.60,2.40
2008.02.29 02:50:41.506,2.08805,2.08885,5.60,2.40
2008.02.29 02:50:43.072,2.08805,2.08885,5.60,2.40
2008.02.29 02:50:43.231,2.08805,2.08885,5.60,2.40
2008.02.29 02:50:43.424,2.08805,2.08885,5.60,2.40
2008.02.29 02:50:43.572,2.08805,2.08885,5.60,2.40
2008.02.29 02:50:43.740,2.08805,2.08885,5.60,2.40
2008.02.29 02:50:43.896,2.08805,2.08885,5.60,2.40
2008.02.29 02:50:44.057,2.08805,2.08885,5.60,2.40
2008.02.29 02:50:44.209,2.08805,2.08885,5.60,2.40
2008.02.29 02:50:44.574,2.08805,2.08885,5.60,2.40
2008.02.29 02:50:44.940,2.08805,2.08885,5.60,2.40
2008.02.29 02:50:45.295,2.08805,2.08885,5.60,2.40
2008.02.29 02:50:45.558,2.08805,2.08885,5.60,2.40
2008.02.29 02:50:45.825,2.08805,2.08885,5.60,2.40
2008.02.29 02:50:46.090,2.08805,2.08885,5.60,2.40
2008.02.29 02:50:46.360,2.08805,2.08885,5.60,2.40
2008.02.29 02:50:46.626,2.08805,2.08885,5.60,2.40
2008.02.29 02:50:46.898,2.08805,2.08885,5.60,2.40
2008.02.29 02:50:47.159,2.08805,2.08885,5.60,2.40
2008.02.29 02:50:47.422,2.08805,2.08885,5.60,2.40
2008.02.29 02:50:47.690,2.08805,2.08885,5.60,2.40
2008.02.29 02:50:47.948,2.08805,2.08885,5.60,2.40
2008.02.29 02:50:49.432,2.08805,2.08885,5.60,2.40
2008.02.29 02:50:49.564,2.08805,2.08885,5.60,2.40
2008.02.29 02:50:49.684,2.08805,2.08885,5.60,2.40
2008.02.29 02:50:49.848,2.08805,2.08885,5.60,2.40
2008.02.29 02:50:49.986,2.08805,2.08885,5.60,2.40
2008.02.29 02:50:50.128,2.08805,2.08885,5.60,2.40
2008.02.29 02:50:50.265,2.08805,2.08885,5.60,2.40
2008.02.29 02:50:51.722,2.08805,2.08885,5.60,2.40
2008.02.29 02:50:51.924,2.08805,2.08885,5.60,2.40
2008.02.29 02:50:52.148,2.08805,2.08885,5.60,2.40
2008.02.29 02:50:52.362,2.08805,2.08885,5.60,2.40
2008.02.29 02:50:52.585,2.08805,2.08885,5.60,2.40
2008.02.29 02:50:52.809,2.08805,2.08885,5.60,2.40
2008.02.29 02:50:53.154,2.08805,2.08885,5.60,2.40
2008.02.29 02:50:53.500,2.08805,2.08885,5.60,2.40
2008.02.29 02:50:53.848,2.08805,2.08885,5.60,2.40
2008.02.29 02:50:54.080,2.08805,2.08885,5.60,2.40
2008.02.29 02:50:54.297,2.08805,2.08885,5.60,2.40
2008.02.29 02:50:54.521,2.08805,2.08885,5.60,2.40
2008.02.29 02:50:54.738,2.08805,2.08885,5.60,2.40
2008.02.29 02:50:54.964,2.08805,2.08885,5.60,2.40
2008.02.29 02:50:55.302,2.08805,2.08885,5.60,2.40
2008.02.29 02:50:58.501,2.08805,2.08885,5.60,2.40
2008.02.29 02:50:58.625,2.08805,2.08885,5.60,2.40
2008.02.29 02:50:58.940,2.08805,2.08885,5.60,2.40
2008.02.29 02:50:59.023,2.08805,2.08885,5.60,2.40
2008.02.29 02:50:59.294,2.08805,2.08885,5.60,2.40
2008.02.29 02:50:59.328,2.08805,2.08885,5.60,2.40
2008.02.29 02:50:59.443,2.08805,2.08885,5.60,2.40
2008.02.29 02:50:59.800,2.08805,2.08885,5.60,2.40
2008.02.29 02:51:00.141,2.08805,2.08885,5.60,2.40
2008.02.29 02:51:00.484,2.08805,2.08885,5.60,2.40
2008.02.29 02:51:00.834,2.08805,2.08885,5.60,2.40
2008.02.29 02:51:01.061,2.08805,2.08885,5.60,2.40
2008.02.29 02:51:02.520,2.08805,2.08885,5.60,2.40
2008.02.29 02:51:02.639,2.08815,2.08885,2.40,2.40
2008.02.29 02:51:02.783,2.08815,2.08885,2.40,2.40
2008.02.29 02:51:02.913,2.08815,2.08885,2.40,2.40
2008.02.29 02:51:03.118,2.08815,2.08885,2.40,2.40
2008.02.29 02:51:03.289,2.08815,2.08885,2.40,2.40
2008.02.29 02:51:03.397,2.08815,2.08885,2.40,2.40
2008.02.29 02:51:03.540,2.08815,2.08885,2.40,2.40
2008.02.29 02:51:05.284,2.08815,2.08885,2.40,2.40
2008.02.29 02:51:07.005,2.08815,2.08885,2.40,2.40
2008.02.29 02:51:07.140,2.08815,2.08885,2.40,2.40
2008.02.29 02:51:07.190,2.08815,2.08885,2.40,2.40
2008.02.29 02:51:07.270,2.08815,2.08885,2.40,2.40
2008.02.29 02:51:12.559,2.08815,2.08885,2.40,2.40
2008.02.29 02:51:12.712,2.08805,2.08885,5.60,2.40
2008.02.29 02:51:12.921,2.08805,2.08885,5.60,2.40
2008.02.29 02:51:12.976,2.08805,2.08885,5.60,2.40
2008.02.29 02:51:13.037,2.08805,2.08885,5.60,2.40
2008.02.29 02:51:14.252,2.08805,2.08885,5.60,2.40
2008.02.29 02:51:14.494,2.08815,2.08885,2.40,2.40
2008.02.29 02:51:14.588,2.08815,2.08885,2.40,2.40
2008.02.29 02:51:14.771,2.08815,2.08885,2.40,2.40
2008.02.29 02:51:14.930,2.08815,2.08885,2.40,2.40
2008.02.29 02:51:19.471,2.08805,2.08885,5.60,2.40
2008.02.29 02:51:19.506,2.08815,2.08885,2.40,2.40
2008.02.29 02:51:19.521,2.08805,2.08885,5.60,2.40
2008.02.29 02:51:19.561,2.08825,2.08885,2.40,2.40
2008.02.29 02:51:19.629,2.08825,2.08885,2.40,2.40
2008.02.29 02:51:21.296,2.08825,2.08885,2.40,2.40
2008.02.29 02:51:26.988,2.08815,2.08885,2.40,2.40
2008.02.29 02:51:27.126,2.08815,2.08885,2.40,2.40
2008.02.29 02:51:29.488,2.08805,2.08885,5.60,2.40
2008.02.29 02:51:30.503,2.08815,2.08885,5.60,2.40
2008.02.29 02:51:31.119,2.08815,2.08885,5.60,2.40
2008.02.29 02:51:34.350,2.08815,2.08885,5.60,2.40
2008.02.29 02:51:34.447,2.08805,2.08875,7.20,2.40
2008.02.29 02:51:34.496,2.08805,2.08875,4.80,2.40
2008.02.29 02:51:34.511,2.08805,2.08875,4.80,2.40
2008.02.29 02:51:35.876,2.08805,2.08875,4.80,2.40
2008.02.29 02:51:38.052,2.08815,2.08875,2.40,2.40
2008.02.29 02:51:38.159,2.08815,2.08865,2.40,2.40
2008.02.29 02:51:40.126,2.08815,2.08865,2.40,2.40
2008.02.29 02:51:40.240,2.08805,2.08865,2.40,2.40
2008.02.29 02:51:40.395,2.08805,2.08865,2.40,2.40
2008.02.29 02:51:41.340,2.08805,2.08865,2.40,2.40
2008.02.29 02:51:41.520,2.08805,2.08865,2.40,2.40
2008.02.29 02:51:41.709,2.08805,2.08865,2.40,2.40
2008.02.29 02:51:41.908,2.08795,2.08865,2.40,2.40
2008.02.29 02:51:42.079,2.08795,2.08865,2.40,2.40
2008.02.29 02:51:42.265,2.08795,2.08865,2.40,2.40
2008.02.29 02:51:42.452,2.08795,2.08865,2.40,2.40
2008.02.29 02:51:42.794,2.08795,2.08865,2.40,2.40
2008.02.29 02:51:43.151,2.08795,2.08865,2.40,2.40
2008.02.29 02:51:43.504,2.08795,2.08865,2.40,2.40
2008.02.29 02:51:43.715,2.08795,2.08865,2.40,2.40
2008.02.29 02:51:43.928,2.08795,2.08865,2.40,2.40
2008.02.29 02:51:44.142,2.08795,2.08865,2.40,2.40
2008.02.29 02:51:44.371,2.08795,2.08865,2.40,2.40
2008.02.29 02:51:44.693,2.08795,2.08865,2.40,2.40
2008.02.29 02:51:45.007,2.08795,2.08865,2.40,2.40
2008.02.29 02:51:45.339,2.08795,2.08865,2.40,2.40
2008.02.29 02:51:45.664,2.08795,2.08865,2.40,2.40
2008.02.29 02:51:45.909,2.08795,2.08845,2.40,2.40
2008.02.29 02:51:46.162,2.08795,2.08845,2.40,2.40
2008.02.29 02:51:46.421,2.08795,2.08845,2.40,2.40
2008.02.29 02:51:46.669,2.08795,2.08845,2.40,2.40
2008.02.29 02:51:46.952,2.08795,2.08845,2.40,2.40
2008.02.29 02:51:47.230,2.08795,2.08845,2.40,2.40
2008.02.29 02:51:47.521,2.08795,2.08845,2.40,2.40
2008.02.29 02:51:47.783,2.08795,2.08845,2.40,2.40
2008.02.29 02:51:48.038,2.08795,2.08845,2.40,2.40
2008.02.29 02:51:48.288,2.08795,2.08845,2.40,2.40
2008.02.29 02:51:48.529,2.08795,2.08845,2.40,2.40
2008.02.29 02:51:48.806,2.08795,2.08845,2.40,2.40
2008.02.29 02:51:49.095,2.08795,2.08845,2.40,2.40
2008.02.29 02:51:49.393,2.08795,2.08845,2.40,2.40
2008.02.29 02:51:49.679,2.08795,2.08845,2.40,2.40
2008.02.29 02:51:49.974,2.08795,2.08845,2.40,2.40
2008.02.29 02:51:50.266,2.08795,2.08845,2.40,2.40
2008.02.29 02:51:50.571,2.08795,2.08845,2.40,2.40
2008.02.29 02:51:50.820,2.08795,2.08845,2.40,2.40
2008.02.29 02:51:53.642,2.08795,2.08845,2.40,2.40
2008.02.29 02:51:53.725,2.08795,2.08845,2.40,2.40
2008.02.29 02:51:53.822,2.08795,2.08845,2.40,2.40
2008.02.29 02:51:53.945,2.08795,2.08845,2.40,2.40
2008.02.29 02:51:54.087,2.08795,2.08845,2.40,2.40
2008.02.29 02:51:55.528,2.08795,2.08845,2.40,2.40
2008.02.29 02:51:55.599,2.08795,2.08845,2.40,2.40
2008.02.29 02:51:55.703,2.08795,2.08845,2.40,2.40
2008.02.29 02:51:56.795,2.08795,2.08845,2.40,2.40
2008.02.29 02:51:59.398,2.08765,2.08835,6.40,2.40
2008.02.29 02:51:59.489,2.08765,2.08835,4.80,2.40
2008.02.29 02:51:59.559,2.08765,2.08835,4.80,2.40
2008.02.29 02:52:02.294,2.08765,2.08835,4.80,2.40
2008.02.29 02:52:02.488,2.08765,2.08815,2.40,2.40
2008.02.29 02:52:04.310,2.08765,2.08815,2.40,2.40
2008.02.29 02:52:04.817,2.08765,2.08815,2.40,2.40
2008.02.29 02:52:06.860,2.08765,2.08835,2.40,2.40
2008.02.29 02:52:07.662,2.08765,2.08835,2.40,2.40
2008.02.29 02:52:07.702,2.08765,2.08835,2.40,2.40
2008.02.29 02:52:07.800,2.08765,2.08835,2.40,2.40
2008.02.29 02:52:09.529,2.08765,2.08835,2.40,2.40
2008.02.29 02:52:09.613,2.08765,2.08835,2.40,2.40
2008.02.29 02:52:09.793,2.08765,2.08835,2.40,2.40
2008.02.29 02:52:10.051,2.08765,2.08835,2.40,2.40
2008.02.29 02:52:10.156,2.08765,2.08835,2.40,2.40
2008.02.29 02:52:12.136,2.08765,2.08835,2.40,2.40
2008.02.29 02:52:12.907,2.08775,2.08845,4.80,2.40
2008.02.29 02:52:13.085,2.08775,2.08845,4.80,2.40
2008.02.29 02:52:13.301,2.08775,2.08845,4.80,2.40
2008.02.29 02:52:13.518,2.08775,2.08845,4.80,2.40
2008.02.29 02:52:13.738,2.08775,2.08845,4.80,2.40
2008.02.29 02:52:13.956,2.08775,2.08845,4.80,2.40
2008.02.29 02:52:14.181,2.08785,2.08845,2.40,2.40
2008.02.29 02:52:14.540,2.08785,2.08845,2.40,2.40
2008.02.29 02:52:14.888,2.08785,2.08845,2.40,2.40
2008.02.29 02:52:15.254,2.08785,2.08845,2.40,2.40
2008.02.29 02:52:15.508,2.08785,2.08845,2.40,2.40
2008.02.29 02:52:15.763,2.08785,2.08845,2.40,2.40
2008.02.29 02:52:16.010,2.08785,2.08845,2.40,2.40
2008.02.29 02:52:16.265,2.08795,2.08845,2.40,2.40
2008.02.29 02:52:16.540,2.08795,2.08845,2.40,2.40
2008.02.29 02:52:16.817,2.08795,2.08845,2.40,2.40
2008.02.29 02:52:17.102,2.08795,2.08845,2.40,2.40
2008.02.29 02:52:17.406,2.08775,2.08845,2.40,2.40
2008.02.29 02:52:17.729,2.08765,2.08845,2.40,2.40
2008.02.29 02:52:18.052,2.08765,2.08845,2.40,2.40
2008.02.29 02:52:18.358,2.08765,2.08845,2.40,2.40
2008.02.29 02:52:18.610,2.08765,2.08845,2.40,2.40
2008.02.29 02:52:18.877,2.08765,2.08845,2.40,2.40
2008.02.29 02:52:19.122,2.08765,2.08845,2.40,2.40
2008.02.29 02:52:19.367,2.08765,2.08845,2.40,2.40
2008.02.29 02:52:19.642,2.08765,2.08845,2.40,2.40
2008.02.29 02:52:19.929,2.08765,2.08845,2.40,2.40
2008.02.29 02:52:20.224,2.08765,2.08845,2.40,2.40
2008.02.29 02:52:20.516,2.08765,2.08845,2.40,2.40
2008.02.29 02:52:20.818,2.08765,2.08845,2.40,2.40
2008.02.29 02:52:21.126,2.08765,2.08845,2.40,2.40
2008.02.29 02:52:21.447,2.08765,2.08845,2.40,2.40
2008.02.29 02:52:21.706,2.08765,2.08845,2.40,2.40
2008.02.29 02:52:21.963,2.08765,2.08845,2.40,2.40
2008.02.29 02:52:22.215,2.08765,2.08845,2.40,2.40
2008.02.29 02:52:22.457,2.08765,2.08845,2.40,2.40
2008.02.29 02:52:22.753,2.08765,2.08845,2.40,2.40
2008.02.29 02:52:23.057,2.08765,2.08845,2.40,2.40
2008.02.29 02:52:23.349,2.08765,2.08845,2.40,2.40
2008.02.29 02:52:23.609,2.08765,2.08845,2.40,2.40
2008.02.29 02:52:23.866,2.08765,2.08845,2.40,2.40
2008.02.29 02:52:24.133,2.08765,2.08845,2.40,2.40
2008.02.29 02:52:24.382,2.08765,2.08845,2.40,2.40
2008.02.29 02:52:24.674,2.08765,2.08845,2.40,2.40
2008.02.29 02:52:24.966,2.08765,2.08845,2.40,2.40
2008.02.29 02:52:25.266,2.08765,2.08845,2.40,2.40
2008.02.29 02:52:25.563,2.08765,2.08845,2.40,2.40
2008.02.29 02:52:26.406,2.08765,2.08845,2.40,2.40
2008.02.29 02:52:26.504,2.08765,2.08845,2.40,2.40
2008.02.29 02:52:26.633,2.08765,2.08845,2.40,2.40
2008.02.29 02:52:26.756,2.08765,2.08845,2.40,2.40
2008.02.29 02:52:26.968,2.08765,2.08845,2.40,2.40
2008.02.29 02:52:27.073,2.08765,2.08845,2.40,2.40
2008.02.29 02:52:27.190,2.08765,2.08845,2.40,2.40
2008.02.29 02:52:27.280,2.08765,2.08845,2.40,2.40
2008.02.29 02:52:27.429,2.08765,2.08845,2.40,2.40
2008.02.29 02:52:27.784,2.0876,2.08845,2.40,2.40
2008.02.29 02:52:28.937,2.0876,2.08845,2.40,2.40
2008.02.29 02:52:29.047,2.0876,2.08845,2.40,2.40
2008.02.29 02:52:30.333,2.0876,2.08845,2.40,2.40
2008.02.29 02:52:30.447,2.0876,2.08845,2.40,2.40
2008.02.29 02:52:30.591,2.0876,2.08845,2.40,2.40
2008.02.29 02:52:32.333,2.0876,2.08845,2.40,2.40
2008.02.29 02:52:32.486,2.0876,2.08845,2.40,2.40
2008.02.29 02:52:32.608,2.0876,2.08845,2.40,2.40
2008.02.29 02:52:32.746,2.08765,2.08845,2.40,2.40
2008.02.29 02:52:34.135,2.08765,2.08845,2.40,2.40
2008.02.29 02:52:34.200,2.08765,2.08845,2.40,2.40
2008.02.29 02:52:34.385,2.08765,2.08845,2.40,2.40
2008.02.29 02:52:34.576,2.08765,2.08845,2.40,2.40
2008.02.29 02:52:34.760,2.08765,2.08845,2.40,2.40
2008.02.29 02:52:34.947,2.08765,2.08845,2.40,2.40
2008.02.29 02:52:35.122,2.08765,2.08845,2.40,2.40
2008.02.29 02:52:35.472,2.0876,2.08845,2.40,2.40
2008.02.29 02:52:35.814,2.0876,2.08845,2.40,2.40
2008.02.29 02:52:36.154,2.0876,2.08845,2.40,2.40
2008.02.29 02:52:36.386,2.0876,2.08845,2.40,2.40
2008.02.29 02:52:36.611,2.0876,2.08845,2.40,2.40
2008.02.29 02:52:36.827,2.0876,2.08845,2.40,2.40
2008.02.29 02:52:37.050,2.0876,2.08845,2.40,2.40
2008.02.29 02:52:37.284,2.08765,2.08845,2.40,2.40
2008.02.29 02:52:37.596,2.08765,2.08845,2.40,2.40
2008.02.29 02:52:37.913,2.08765,2.08845,2.40,2.40
2008.02.29 02:52:38.238,2.08765,2.08845,2.40,2.40
2008.02.29 02:52:38.518,2.08765,2.08845,2.40,2.40
2008.02.29 02:52:38.783,2.08765,2.08845,2.40,2.40
2008.02.29 02:52:39.043,2.08765,2.08845,2.40,2.40
2008.02.29 02:52:39.319,2.08765,2.08845,2.40,2.40
2008.02.29 02:52:39.620,2.08775,2.08845,3.20,2.40
2008.02.29 02:52:39.923,2.08775,2.08845,5.60,2.40
2008.02.29 02:52:40.208,2.08775,2.08845,5.60,2.40
2008.02.29 02:52:40.486,2.08775,2.08845,5.60,2.40
2008.02.29 02:52:40.767,2.08775,2.08845,5.60,2.40
2008.02.29 02:52:41.054,2.08775,2.08845,5.60,2.40
2008.02.29 02:52:41.332,2.08775,2.08845,5.60,2.40
2008.02.29 02:52:41.596,2.08775,2.08845,5.60,2.40
2008.02.29 02:52:42.836,2.08775,2.08845,5.60,2.40
2008.02.29 02:52:44.315,2.0876,2.08845,2.40,2.40
2008.02.29 02:52:44.385,2.0876,2.08845,2.40,2.40
2008.02.29 02:52:44.474,2.0876,2.08845,2.40,2.40
2008.02.29 02:52:44.618,2.0876,2.08845,2.40,2.40
2008.02.29 02:52:44.636,2.0876,2.08845,2.40,2.40
2008.02.29 02:52:44.752,2.0876,2.08845,2.40,2.40
2008.02.29 02:52:45.043,2.0876,2.08845,2.40,2.40
2008.02.29 02:52:45.079,2.0876,2.08845,2.40,2.40
2008.02.29 02:52:45.186,2.0876,2.08845,2.40,2.40
2008.02.29 02:52:45.545,2.0876,2.08845,2.40,2.40
2008.02.29 02:52:45.887,2.08775,2.08845,5.60,2.40
2008.02.29 02:52:46.238,2.08775,2.08845,5.60,2.40
2008.02.29 02:52:46.444,2.08775,2.08845,5.60,2.40
2008.02.29 02:52:46.663,2.08775,2.08845,5.60,2.40
2008.02.29 02:52:46.893,2.08775,2.08845,5.60,2.40
2008.02.29 02:52:47.114,2.08775,2.08845,5.60,2.40
2008.02.29 02:52:47.342,2.08775,2.08845,5.60,2.40
2008.02.29 02:52:47.654,2.08775,2.08845,5.60,2.40
2008.02.29 02:52:47.969,2.08775,2.08845,5.60,2.40
2008.02.29 02:52:48.278,2.08775,2.08845,5.60,2.40
2008.02.29 02:52:48.519,2.08775,2.08845,5.60,2.40
2008.02.29 02:52:48.759,2.08775,2.08845,5.60,2.40
2008.02.29 02:52:49.009,2.08775,2.08845,5.60,2.40
2008.02.29 02:52:49.237,2.0876,2.08845,2.40,2.40
2008.02.29 02:52:49.513,2.0876,2.08845,2.40,2.40
2008.02.29 02:52:49.788,2.0876,2.08845,2.40,2.40
2008.02.29 02:52:50.072,2.0876,2.08845,2.40,2.40
2008.02.29 02:52:50.347,2.0876,2.08845,2.40,2.40
2008.02.29 02:52:50.641,2.0876,2.08845,2.40,2.40
2008.02.29 02:52:50.928,2.0876,2.08845,2.40,2.40
2008.02.29 02:52:51.227,2.0876,2.08845,2.40,2.40
2008.02.29 02:52:51.485,2.0876,2.08845,2.40,2.40
2008.02.29 02:52:51.736,2.0876,2.08845,2.40,2.40
2008.02.29 02:52:51.995,2.0876,2.08845,2.40,2.40
2008.02.29 02:52:52.244,2.0876,2.08845,2.40,2.40
2008.02.29 02:52:52.489,2.0876,2.08845,2.40,2.40
2008.02.29 02:52:52.756,2.0876,2.08845,2.40,2.40
2008.02.29 02:52:53.024,2.0876,2.08845,2.40,2.40
2008.02.29 02:52:53.302,2.0876,2.08845,2.40,2.40
2008.02.29 02:52:53.579,2.0876,2.08845,2.40,2.40
2008.02.29 02:52:53.855,2.0876,2.08845,2.40,2.40
2008.02.29 02:52:54.132,2.0876,2.08845,2.40,2.40
2008.02.29 02:52:54.410,2.0876,2.08845,2.40,2.40
2008.02.29 02:52:54.658,2.08775,2.08845,5.60,2.40
2008.02.29 02:52:54.906,2.08775,2.08845,5.60,2.40
2008.02.29 02:52:55.158,2.08775,2.08845,5.60,2.40
2008.02.29 02:52:55.419,2.08775,2.08845,5.60,2.40
2008.02.29 02:52:55.741,2.08775,2.08845,5.60,2.40
2008.02.29 02:52:56.071,2.08775,2.08845,5.60,2.40
2008.02.29 02:52:56.401,2.08775,2.08845,5.60,2.40
2008.02.29 02:52:56.639,2.08775,2.08845,5.60,2.40
2008.02.29 02:52:56.868,2.08775,2.08845,5.60,2.40
2008.02.29 02:52:57.099,2.08775,2.08845,5.60,2.40
2008.02.29 02:52:57.328,2.08775,2.08845,5.60,2.40
2008.02.29 02:52:57.545,2.08775,2.08845,5.60,2.40
2008.02.29 02:52:57.887,2.08775,2.08845,5.60,2.40
2008.02.29 02:52:58.215,2.08775,2.08845,5.60,2.40
2008.02.29 02:52:58.549,2.08775,2.08845,5.60,2.40
2008.02.29 02:52:58.797,2.08775,2.08845,5.60,2.40
2008.02.29 02:52:59.047,2.08775,2.08845,5.60,2.40
2008.02.29 02:52:59.288,2.08775,2.08845,5.60,2.40
2008.02.29 02:52:59.582,2.08775,2.08845,5.60,2.40
2008.02.29 02:52:59.847,2.08775,2.08845,5.60,2.40
2008.02.29 02:53:00.113,2.08775,2.08845,5.60,2.40
2008.02.29 02:53:00.379,2.08775,2.08845,5.60,2.40
2008.02.29 02:53:00.654,2.08775,2.08845,5.60,2.40
2008.02.29 02:53:00.943,2.08775,2.08845,5.60,2.40
2008.02.29 02:53:01.242,2.08775,2.08845,5.60,2.40
2008.02.29 02:53:01.539,2.08775,2.08845,5.60,2.40
2008.02.29 02:53:01.800,2.08775,2.08845,5.60,2.40
2008.02.29 02:53:02.061,2.08775,2.08845,5.60,2.40
2008.02.29 02:53:02.328,2.08775,2.08845,5.60,2.40
2008.02.29 02:53:02.582,2.08775,2.08845,5.60,2.40
2008.02.29 02:53:02.872,2.08775,2.08845,5.60,2.40
2008.02.29 02:53:03.164,2.08775,2.08845,5.60,2.40
2008.02.29 02:53:03.450,2.08775,2.08845,5.60,2.40
2008.02.29 02:53:03.732,2.08775,2.08845,5.60,2.40
2008.02.29 02:53:04.016,2.08775,2.08845,5.60,2.40
2008.02.29 02:53:04.294,2.08775,2.08845,5.60,2.40
2008.02.29 02:53:04.582,2.08775,2.08845,5.60,2.40
2008.02.29 02:53:04.878,2.08775,2.08845,5.60,2.40
2008.02.29 02:53:05.158,2.08775,2.08845,5.60,2.40
2008.02.29 02:53:05.439,2.08775,2.08845,5.60,2.40
2008.02.29 02:53:08.011,2.08775,2.08845,5.60,2.40
2008.02.29 02:53:08.104,2.08775,2.08845,5.60,2.40
2008.02.29 02:53:08.181,2.08775,2.08845,5.60,2.40
2008.02.29 02:53:08.260,2.08775,2.08845,5.60,2.40
2008.02.29 02:53:08.316,2.08775,2.08845,5.60,2.40
2008.02.29 02:53:08.404,2.08775,2.08845,5.60,2.40
2008.02.29 02:53:08.448,2.08775,2.08845,5.60,2.40
2008.02.29 02:53:08.578,2.08775,2.08845,5.60,2.40
2008.02.29 02:53:08.673,2.08775,2.08845,5.60,2.40
2008.02.29 02:53:08.768,2.08775,2.08845,5.60,2.40
2008.02.29 02:53:09.955,2.08775,2.08845,5.60,2.40
2008.02.29 02:53:10.165,2.08775,2.08845,5.60,2.40
2008.02.29 02:53:10.374,2.08775,2.08845,5.60,2.40
2008.02.29 02:53:10.596,2.08775,2.08845,5.60,2.40
2008.02.29 02:53:10.807,2.08775,2.08845,5.60,2.40
2008.02.29 02:53:11.020,2.08775,2.08845,5.60,2.40
2008.02.29 02:53:11.382,2.08775,2.08845,5.60,2.40
2008.02.29 02:53:11.730,2.08775,2.08845,5.60,2.40
2008.02.29 02:53:12.076,2.08775,2.08845,5.60,2.40
2008.02.29 02:53:12.297,2.08775,2.08845,5.60,2.40
2008.02.29 02:53:12.514,2.08775,2.08845,5.60,2.40
2008.02.29 02:53:12.726,2.08775,2.08845,5.60,2.40
2008.02.29 02:53:12.943,2.08775,2.08845,5.60,2.40
2008.02.29 02:53:13.172,2.08775,2.08845,5.60,2.40
2008.02.29 02:53:13.515,2.08775,2.08845,5.60,2.40
2008.02.29 02:53:13.856,2.08775,2.08845,5.60,2.40
2008.02.29 02:53:14.189,2.08775,2.08845,5.60,2.40
2008.02.29 02:53:14.442,2.08775,2.08845,5.60,2.40
2008.02.29 02:53:14.678,2.08775,2.08845,5.60,2.40
2008.02.29 02:53:14.922,2.08775,2.08845,5.60,2.40
2008.02.29 02:53:16.536,2.08775,2.08845,5.60,2.40
2008.02.29 02:53:18.540,2.0876,2.08845,2.40,2.40
2008.02.29 02:53:18.715,2.0876,2.08845,2.40,2.40
2008.02.29 02:53:18.863,2.0876,2.08845,2.40,2.40
2008.02.29 02:53:19.009,2.0876,2.08845,2.40,2.40
2008.02.29 02:53:20.617,2.0876,2.08845,2.40,2.40
2008.02.29 02:53:20.713,2.0876,2.08845,2.40,2.40
2008.02.29 02:53:20.880,2.0876,2.08845,2.40,2.40
2008.02.29 02:53:21.051,2.0876,2.08845,2.40,2.40
2008.02.29 02:53:21.222,2.0876,2.08845,2.40,2.40
2008.02.29 02:53:21.393,2.0876,2.08845,2.40,2.40
2008.02.29 02:53:21.565,2.08775,2.08845,3.20,2.40
2008.02.29 02:53:21.921,2.08775,2.08845,5.60,2.40
2008.02.29 02:53:22.262,2.08775,2.08845,5.60,2.40
2008.02.29 02:53:22.603,2.08775,2.08845,5.60,2.40
2008.02.29 02:53:22.827,2.08775,2.08845,5.60,2.40
2008.02.29 02:53:23.056,2.08775,2.08845,5.60,2.40
2008.02.29 02:53:23.276,2.08775,2.08845,5.60,2.40
2008.02.29 02:53:23.483,2.08775,2.08845,5.60,2.40
2008.02.29 02:53:23.708,2.08775,2.08845,5.60,2.40
2008.02.29 02:53:24.009,2.08775,2.08845,5.60,2.40
2008.02.29 02:53:24.315,2.08775,2.08845,5.60,2.40
2008.02.29 02:53:24.627,2.08775,2.08845,5.60,2.40
2008.02.29 02:53:24.924,2.08775,2.08845,5.60,2.40
2008.02.29 02:53:25.232,2.08775,2.08845,5.60,2.40
2008.02.29 02:53:25.531,2.08775,2.08845,5.60,2.40
2008.02.29 02:53:25.832,2.08775,2.08845,5.60,2.40
2008.02.29 02:53:26.082,2.08775,2.08845,5.60,2.40
2008.02.29 02:53:26.343,2.08775,2.08845,5.60,2.40
2008.02.29 02:53:26.610,2.08775,2.08845,5.60,2.40
2008.02.29 02:53:26.879,2.08775,2.08845,5.60,2.40
2008.02.29 02:53:27.130,2.08775,2.08845,5.60,2.40
2008.02.29 02:53:27.386,2.08775,2.08845,5.60,2.40
2008.02.29 02:53:27.651,2.08775,2.08845,2.40,2.40
2008.02.29 02:53:27.938,2.08775,2.08845,2.40,2.40
2008.02.29 02:53:28.213,2.08755,2.08845,5.60,2.40
2008.02.29 02:53:28.492,2.08755,2.08845,5.60,2.40
2008.02.29 02:53:28.775,2.08755,2.08845,5.60,2.40
2008.02.29 02:53:29.026,2.08755,2.08845,5.60,2.40
2008.02.29 02:53:29.277,2.08755,2.08845,5.60,2.40
2008.02.29 02:53:31.281,2.0876,2.08845,2.40,2.40
2008.02.29 02:53:32.574,2.0876,2.08845,2.40,2.40
2008.02.29 02:53:34.265,2.0876,2.08845,2.40,2.40
2008.02.29 02:53:34.429,2.0876,2.08845,2.40,2.40
2008.02.29 02:53:34.540,2.08765,2.08845,2.40,2.40
2008.02.29 02:53:35.873,2.08765,2.08845,2.40,2.40
2008.02.29 02:53:37.608,2.08765,2.08845,2.40,2.40
2008.02.29 02:53:37.730,2.08765,2.08845,2.40,2.40
2008.02.29 02:53:37.832,2.08765,2.08845,2.40,2.40
2008.02.29 02:53:39.295,2.08765,2.08845,2.40,2.40
2008.02.29 02:53:39.448,2.08765,2.08845,2.40,2.40
2008.02.29 02:53:39.610,2.08765,2.08845,2.40,2.40
2008.02.29 02:53:39.748,2.08765,2.08845,2.40,2.40
2008.02.29 02:53:39.866,2.08765,2.08845,2.40,2.40
2008.02.29 02:53:41.591,2.08775,2.08845,2.40,2.40
2008.02.29 02:53:43.193,2.08775,2.08845,2.40,2.40
2008.02.29 02:53:44.554,2.08775,2.08845,5.60,2.40
2008.02.29 02:53:44.602,2.08775,2.08845,5.60,2.40
2008.02.29 02:53:44.665,2.08775,2.08845,5.60,2.40
2008.02.29 02:53:44.769,2.08775,2.08845,5.60,2.40
2008.02.29 02:53:44.819,2.08775,2.08845,5.60,2.40
2008.02.29 02:53:47.969,2.08775,2.08845,5.60,2.40
2008.02.29 02:53:48.379,2.08775,2.08875,5.60,11.60
2008.02.29 02:53:48.608,2.08775,2.08875,5.60,1.60
2008.02.29 02:53:48.664,2.08775,2.08875,5.60,1.60
2008.02.29 02:53:48.730,2.08775,2.08875,5.60,1.60
2008.02.29 02:53:49.057,2.08775,2.08875,5.60,1.60
2008.02.29 02:53:49.397,2.08775,2.08875,5.60,1.60
2008.02.29 02:53:51.372,2.08775,2.08875,5.60,1.60
2008.02.29 02:53:53.668,2.08775,2.08875,5.60,1.60
2008.02.29 02:53:53.730,2.08775,2.08875,5.60,1.60
2008.02.29 02:53:53.787,2.08775,2.08875,5.60,1.60
2008.02.29 02:53:53.892,2.08775,2.08875,5.60,1.60
2008.02.29 02:53:54.976,2.08775,2.08875,5.60,1.60
2008.02.29 02:53:55.108,2.08775,2.08875,5.60,1.60
2008.02.29 02:53:55.252,2.08775,2.08875,5.60,1.60
2008.02.29 02:53:57.301,2.08775,2.08875,5.60,1.60
2008.02.29 02:53:57.428,2.08775,2.08875,5.60,1.60
2008.02.29 02:53:57.565,2.08775,2.08875,5.60,1.60
2008.02.29 02:53:57.776,2.08775,2.08875,5.60,1.60
2008.02.29 02:53:57.950,2.08775,2.08875,5.60,1.60
2008.02.29 02:53:58.095,2.08775,2.08875,5.60,1.60
2008.02.29 02:54:00.876,2.08775,2.08875,5.60,1.60
2008.02.29 02:54:01.028,2.08785,2.08885,8.80,2.40
2008.02.29 02:54:01.185,2.08785,2.08885,8.80,2.40
2008.02.29 02:54:01.333,2.08785,2.08885,8.80,2.40
2008.02.29 02:54:01.435,2.08785,2.08885,8.80,2.40
2008.02.29 02:54:02.977,2.08785,2.08885,8.80,2.40
2008.02.29 02:54:03.126,2.08785,2.08885,8.80,2.40
2008.02.29 02:54:03.289,2.08785,2.08885,8.80,2.40
2008.02.29 02:54:03.493,2.08785,2.08885,8.80,2.40
2008.02.29 02:54:03.671,2.08785,2.08885,8.80,2.40
2008.02.29 02:54:03.850,2.08785,2.08885,8.80,3.20
2008.02.29 02:54:04.026,2.08785,2.08885,8.80,3.20
2008.02.29 02:54:04.376,2.08785,2.08885,8.80,3.20
2008.02.29 02:54:04.727,2.08795,2.08885,2.40,3.20
2008.02.29 02:54:05.082,2.08795,2.08885,5.60,2.40
2008.02.29 02:54:05.336,2.08795,2.08885,5.60,2.40
2008.02.29 02:54:05.592,2.08795,2.08885,5.60,2.40
2008.02.29 02:54:05.842,2.08795,2.08885,5.60,2.40
2008.02.29 02:54:06.093,2.08795,2.08885,5.60,2.40
2008.02.29 02:54:06.361,2.08795,2.08885,5.60,2.40
2008.02.29 02:54:06.643,2.08795,2.08885,5.60,2.40
2008.02.29 02:54:06.929,2.08795,2.08885,5.60,2.40
2008.02.29 02:54:07.196,2.08795,2.08885,5.60,2.40
2008.02.29 02:54:07.472,2.08795,2.08885,5.60,2.40
2008.02.29 02:54:07.758,2.08795,2.08885,5.60,2.40
2008.02.29 02:54:08.047,2.08795,2.08885,5.60,2.40
2008.02.29 02:54:08.337,2.08795,2.08885,5.60,2.40
2008.02.29 02:54:08.571,2.08795,2.08885,5.60,2.40
2008.02.29 02:54:08.831,2.08795,2.08885,5.60,2.40
2008.02.29 02:54:09.089,2.08795,2.08885,5.60,2.40
2008.02.29 02:54:09.366,2.08795,2.08885,5.60,2.40
2008.02.29 02:54:09.631,2.08795,2.08885,5.60,2.40
2008.02.29 02:54:09.897,2.08795,2.08885,5.60,2.40
2008.02.29 02:54:10.163,2.08795,2.08885,5.60,2.40
2008.02.29 02:54:10.459,2.08795,2.08885,5.60,2.40
2008.02.29 02:54:10.769,2.08795,2.08885,5.60,2.40
2008.02.29 02:54:11.070,2.08795,2.08885,5.60,2.40
2008.02.29 02:54:11.377,2.08795,2.08885,5.60,2.40
2008.02.29 02:54:11.630,2.08795,2.08885,5.60,2.40
2008.02.29 02:54:11.871,2.08795,2.08885,5.60,2.40
2008.02.29 02:54:12.111,2.08795,2.08885,5.60,2.40
2008.02.29 02:54:12.364,2.08795,2.08885,5.60,2.40
2008.02.29 02:54:12.649,2.08795,2.08885,5.60,2.40
2008.02.29 02:54:12.935,2.08795,2.08885,5.60,2.40
2008.02.29 02:54:13.221,2.08795,2.08885,5.60,2.40
2008.02.29 02:54:13.478,2.08795,2.08885,5.60,2.40
2008.02.29 02:54:13.738,2.08795,2.08885,5.60,2.40
2008.02.29 02:54:13.985,2.08795,2.08885,5.60,2.40
2008.02.29 02:54:14.234,2.08795,2.08885,5.60,2.40
2008.02.29 02:54:14.508,2.08795,2.08885,5.60,2.40
2008.02.29 02:54:14.784,2.08795,2.08885,5.60,2.40
2008.02.29 02:54:15.061,2.08795,2.08885,5.60,2.40
2008.02.29 02:54:15.379,2.08795,2.08885,5.60,2.40
2008.02.29 02:54:15.683,2.08795,2.08885,5.60,2.40
2008.02.29 02:54:15.977,2.08795,2.08885,5.60,2.40
2008.02.29 02:54:16.280,2.08795,2.08885,5.60,2.40
2008.02.29 02:54:16.518,2.08795,2.08885,5.60,2.40
2008.02.29 02:54:16.747,2.08795,2.08885,5.60,2.40
2008.02.29 02:54:16.974,2.08795,2.08885,5.60,2.40
2008.02.29 02:54:17.215,2.08795,2.08885,5.60,2.40
2008.02.29 02:54:17.483,2.08795,2.08885,5.60,2.40
2008.02.29 02:54:17.818,2.08795,2.08885,5.60,2.40
2008.02.29 02:54:18.126,2.08795,2.08885,5.60,2.40
2008.02.29 02:54:18.414,2.08795,2.08885,5.60,2.40
2008.02.29 02:54:18.652,2.08795,2.08885,5.60,2.40
2008.02.29 02:54:18.894,2.08795,2.08885,5.60,2.40
2008.02.29 02:54:19.127,2.08795,2.08885,5.60,2.40
2008.02.29 02:54:19.355,2.08795,2.08885,5.60,2.40
2008.02.29 02:54:20.866,2.08795,2.08865,5.60,2.40
2008.02.29 02:54:21.003,2.08795,2.08865,5.60,2.40
2008.02.29 02:54:21.149,2.08795,2.08865,5.60,2.40
2008.02.29 02:54:21.205,2.08795,2.08865,5.60,2.40
2008.02.29 02:54:22.461,2.08795,2.08865,5.60,2.40
2008.02.29 02:54:22.623,2.08795,2.08865,5.60,2.40
2008.02.29 02:54:24.040,2.08795,2.08865,5.60,2.40
2008.02.29 02:54:24.162,2.08795,2.08865,5.60,2.40
2008.02.29 02:54:24.330,2.08795,2.08865,5.60,2.40
2008.02.29 02:54:25.633,2.08795,2.08865,5.60,2.40
2008.02.29 02:54:27.298,2.08795,2.08865,5.60,2.40
2008.02.29 02:54:28.619,2.08795,2.08865,5.60,2.40
2008.02.29 02:54:31.898,2.08795,2.08865,5.60,2.40
2008.02.29 02:54:32.022,2.08795,2.08865,5.60,2.40
2008.02.29 02:54:32.102,2.08795,2.08865,5.60,2.40
2008.02.29 02:54:32.161,2.08795,2.08865,5.60,2.40
2008.02.29 02:54:35.199,2.08795,2.08865,5.60,2.40
2008.02.29 02:54:36.015,2.08795,2.08865,5.60,2.40
2008.02.29 02:54:38.433,2.08795,2.08865,5.60,2.40
2008.02.29 02:54:38.479,2.08795,2.08865,5.60,2.40
2008.02.29 02:54:38.550,2.08795,2.08865,5.60,2.40
2008.02.29 02:54:38.711,2.08795,2.08865,5.60,2.40
2008.02.29 02:54:38.760,2.08795,2.08865,5.60,2.40
2008.02.29 02:54:39.070,2.08795,2.08865,5.60,2.40
2008.02.29 02:54:40.625,2.08795,2.08865,5.60,2.40
2008.02.29 02:54:42.149,2.08795,2.08865,5.60,2.40
2008.02.29 02:54:43.573,2.08795,2.08865,5.60,2.40
2008.02.29 02:54:43.777,2.08795,2.08865,5.60,2.40
2008.02.29 02:54:43.956,2.08795,2.08865,5.60,2.40
2008.02.29 02:54:45.152,2.08795,2.08865,5.60,2.40
2008.02.29 02:54:45.179,2.08795,2.08865,5.60,2.40
2008.02.29 02:54:46.864,2.08795,2.08865,4.80,2.40
2008.02.29 02:54:46.946,2.08785,2.08865,4.80,2.40
2008.02.29 02:54:47.059,2.08785,2.08865,4.80,2.40
2008.02.29 02:54:47.257,2.08785,2.08865,4.80,2.40
2008.02.29 02:54:47.432,2.08785,2.08865,4.80,2.40
2008.02.29 02:54:48.937,2.08785,2.08865,4.80,2.40
2008.02.29 02:54:49.132,2.08785,2.08865,4.80,2.40
2008.02.29 02:54:49.300,2.08785,2.08865,4.80,2.40
2008.02.29 02:54:49.483,2.08785,2.08865,4.80,2.40
2008.02.29 02:54:49.722,2.08785,2.08865,4.80,2.40
2008.02.29 02:54:49.918,2.08785,2.08865,4.80,2.40
2008.02.29 02:54:50.260,2.08785,2.08865,4.80,2.40
2008.02.29 02:54:50.602,2.08785,2.08865,4.80,2.40
2008.02.29 02:54:50.942,2.08785,2.08865,4.80,2.40
2008.02.29 02:54:51.286,2.08785,2.08865,4.80,2.40
2008.02.29 02:54:51.525,2.08785,2.08865,4.80,2.40
2008.02.29 02:54:51.764,2.08785,2.08865,4.80,2.40
2008.02.29 02:54:51.988,2.08785,2.08865,4.80,2.40
2008.02.29 02:54:52.267,2.08785,2.08865,4.80,2.40
2008.02.29 02:54:52.543,2.08785,2.08865,4.80,2.40
2008.02.29 02:54:52.821,2.08785,2.08865,4.80,2.40
2008.02.29 02:54:53.106,2.08785,2.08865,4.80,2.40
2008.02.29 02:54:53.379,2.08785,2.08865,4.80,2.40
2008.02.29 02:54:53.661,2.08785,2.08865,4.80,2.40
2008.02.29 02:54:53.953,2.08785,2.08865,4.80,2.40
2008.02.29 02:54:54.227,2.08785,2.08865,4.80,2.40
2008.02.29 02:54:54.491,2.08785,2.08865,4.80,2.40
2008.02.29 02:54:54.756,2.08785,2.08865,4.80,2.40
2008.02.29 02:54:55.011,2.08785,2.08865,4.80,2.40
2008.02.29 02:54:55.322,2.08785,2.08865,4.80,2.40
2008.02.29 02:54:55.642,2.08785,2.08865,4.80,2.40
2008.02.29 02:54:55.954,2.08795,2.08865,3.20,2.40
2008.02.29 02:54:56.270,2.08795,2.08865,5.60,2.40
2008.02.29 02:54:56.510,2.08795,2.08865,5.60,2.40
2008.02.29 02:54:56.745,2.08795,2.08865,5.60,2.40
2008.02.29 02:54:56.991,2.08795,2.08865,5.60,2.40
2008.02.29 02:54:57.236,2.08795,2.08865,0.80,2.40
2008.02.29 02:54:57.531,2.08785,2.08865,4.80,2.40
2008.02.29 02:54:57.817,2.08785,2.08865,4.80,2.40
2008.02.29 02:54:58.106,2.08785,2.08865,4.80,2.40
2008.02.29 02:54:58.376,2.08785,2.08865,4.80,2.40
2008.02.29 02:54:58.642,2.08785,2.08865,4.80,2.40
2008.02.29 02:54:58.898,2.08785,2.08865,4.80,2.40
2008.02.29 02:54:59.163,2.08785,2.08865,4.80,2.40
2008.02.29 02:54:59.428,2.08785,2.08865,4.80,2.40
2008.02.29 02:54:59.706,2.08785,2.08865,4.80,2.40
2008.02.29 02:54:59.983,2.08785,2.08865,4.80,2.40
2008.02.29 02:55:00.260,2.08785,2.08865,4.80,2.40
2008.02.29 02:55:00.541,2.08785,2.08865,4.80,2.40
2008.02.29 02:55:00.830,2.08785,2.08865,4.80,2.40
2008.02.29 02:55:01.106,2.08785,2.08865,4.80,2.40
2008.02.29 02:55:01.398,2.08785,2.08865,4.80,2.40
2008.02.29 02:55:01.682,2.08785,2.08865,4.80,2.40
2008.02.29 02:55:01.971,2.08785,2.08865,4.80,2.40
2008.02.29 02:55:02.261,2.08785,2.08865,4.80,2.40
2008.02.29 02:55:02.516,2.08785,2.08865,4.80,2.40
2008.02.29 02:55:02.761,2.08785,2.08865,4.80,2.40
2008.02.29 02:55:03.014,2.08785,2.08865,4.80,2.40
2008.02.29 02:55:03.270,2.08785,2.08845,4.80,2.40
2008.02.29 02:55:03.581,2.08785,2.08845,4.80,2.40
2008.02.29 02:55:03.895,2.08785,2.08845,2.40,2.40
2008.02.29 02:55:04.204,2.08785,2.08845,2.40,2.40
2008.02.29 02:55:04.517,2.08785,2.08845,2.40,2.40
2008.02.29 02:55:04.745,2.08785,2.08845,2.40,2.40
2008.02.29 02:55:05.026,2.08785,2.08845,2.40,2.40
2008.02.29 02:55:05.267,2.08785,2.08845,2.40,2.40
2008.02.29 02:55:05.607,2.08785,2.08865,2.40,2.40
2008.02.29 02:55:05.943,2.08785,2.08845,2.40,2.40
2008.02.29 02:55:06.278,2.08785,2.08845,4.80,2.40
2008.02.29 02:55:06.510,2.08785,2.08845,2.40,2.40
2008.02.29 02:55:06.743,2.08785,2.08845,2.40,2.40
2008.02.29 02:55:06.984,2.08785,2.08845,2.40,2.40
2008.02.29 02:55:07.216,2.08785,2.08845,2.40,2.40
2008.02.29 02:55:07.463,2.08775,2.08845,3.20,2.40
2008.02.29 02:55:07.760,2.08775,2.08845,2.40,2.40
2008.02.29 02:55:08.067,2.08775,2.08845,2.40,2.40
2008.02.29 02:55:08.373,2.08775,2.08845,2.40,2.40
2008.02.29 02:55:08.631,2.08775,2.08845,2.40,2.40
2008.02.29 02:55:08.893,2.08775,2.08845,2.40,2.40
2008.02.29 02:55:09.161,2.08775,2.08845,2.40,2.40
2008.02.29 02:55:09.409,2.08775,2.08845,2.40,2.40
2008.02.29 02:55:09.672,2.08775,2.08845,2.40,2.40
2008.02.29 02:55:09.945,2.08775,2.08845,2.40,2.40
2008.02.29 02:55:10.218,2.08775,2.08845,2.40,2.40
2008.02.29 02:55:10.487,2.08775,2.08845,2.40,2.40
2008.02.29 02:55:10.799,2.08775,2.08845,2.40,2.40
2008.02.29 02:55:11.126,2.08775,2.08845,2.40,2.40
2008.02.29 02:55:11.447,2.08775,2.08845,2.40,2.40
2008.02.29 02:55:11.668,2.08775,2.08845,2.40,2.40
2008.02.29 02:55:11.894,2.08775,2.08845,2.40,2.40
2008.02.29 02:55:12.150,2.08775,2.08845,2.40,2.40
2008.02.29 02:55:12.385,2.08775,2.08845,2.40,2.40
2008.02.29 02:55:12.606,2.08775,2.08845,2.40,2.40
2008.02.29 02:55:12.926,2.08775,2.08845,2.40,2.40
2008.02.29 02:55:13.244,2.08775,2.08845,2.40,2.40
2008.02.29 02:55:13.552,2.08775,2.08845,2.40,2.40
2008.02.29 02:55:14.204,2.08775,2.08845,2.40,2.40
2008.02.29 02:55:14.443,2.08775,2.08845,2.40,2.40
2008.02.29 02:55:14.641,2.08775,2.08845,2.40,2.40
2008.02.29 02:55:14.822,2.08775,2.08845,2.40,2.40
2008.02.29 02:55:15.016,2.08775,2.08845,2.40,2.40
2008.02.29 02:55:15.206,2.08775,2.08845,2.40,2.40
2008.02.29 02:55:15.391,2.08775,2.08845,2.40,2.40
2008.02.29 02:55:15.591,2.08775,2.08845,2.40,2.40
2008.02.29 02:55:15.951,2.08775,2.08845,2.40,2.40
2008.02.29 02:55:16.309,2.08775,2.08845,2.40,2.40
2008.02.29 02:55:16.669,2.08775,2.08845,2.40,2.40
2008.02.29 02:55:16.904,2.08775,2.08845,2.40,2.40
2008.02.29 02:55:17.129,2.08775,2.08845,2.40,2.40
2008.02.29 02:55:17.355,2.08775,2.08845,2.40,2.40
2008.02.29 02:55:17.585,2.08775,2.08845,2.40,2.40
2008.02.29 02:55:17.869,2.08775,2.08845,2.40,2.40
2008.02.29 02:55:18.156,2.08775,2.08845,2.40,2.40
2008.02.29 02:55:18.453,2.08775,2.08845,2.40,2.40
2008.02.29 02:55:18.753,2.08775,2.08845,2.40,2.40
2008.02.29 02:55:19.054,2.08775,2.08845,2.40,2.40
2008.02.29 02:55:19.353,2.08775,2.08845,2.40,2.40
2008.02.29 02:55:19.642,2.0877,2.08845,2.40,2.40
2008.02.29 02:55:19.906,2.08765,2.08845,4.80,2.40
2008.02.29 02:55:20.170,2.08765,2.08845,4.80,2.40
2008.02.29 02:55:20.452,2.08765,2.08845,4.80,2.40
2008.02.29 02:55:20.725,2.08765,2.08845,4.80,2.40
2008.02.29 02:55:21.029,2.08765,2.08845,4.80,2.40
2008.02.29 02:55:21.334,2.08765,2.08845,4.80,2.40
2008.02.29 02:55:21.647,2.08765,2.08845,4.80,2.40
2008.02.29 02:55:21.898,2.08765,2.08845,4.80,2.40
2008.02.29 02:55:22.157,2.08765,2.08845,4.80,2.40
2008.02.29 02:55:22.420,2.08765,2.08845,4.80,2.40
2008.02.29 02:55:22.682,2.08765,2.08845,4.80,2.40
2008.02.29 02:55:23.001,2.08765,2.08845,4.80,2.40
2008.02.29 02:55:23.317,2.0876,2.08845,2.40,2.40
2008.02.29 02:55:23.628,2.08755,2.08845,4.80,2.40
2008.02.29 02:55:23.886,2.08755,2.08845,4.80,2.40
2008.02.29 02:55:24.146,2.08755,2.08845,4.80,2.40
2008.02.29 02:55:24.403,2.08755,2.08845,4.80,2.40
2008.02.29 02:55:24.654,2.08755,2.08845,4.80,2.40
2008.02.29 02:55:24.950,2.08755,2.08845,4.80,2.40
2008.02.29 02:55:25.246,2.08755,2.08845,4.80,2.40
2008.02.29 02:55:25.544,2.08755,2.08845,2.40,3.20
2008.02.29 02:55:25.850,2.08755,2.08845,2.40,3.20
2008.02.29 02:55:26.144,2.0875,2.08835,2.40,2.40
2008.02.29 02:55:26.443,2.08745,2.08835,6.40,2.40
2008.02.29 02:55:26.717,2.08745,2.08835,6.40,2.40
2008.02.29 02:55:27.001,2.08745,2.08835,6.40,2.40
2008.02.29 02:55:27.282,2.08745,2.08835,6.40,2.40
2008.02.29 02:55:29.010,2.08745,2.08835,6.40,2.40
2008.02.29 02:55:29.196,2.08755,2.08835,2.40,2.40
2008.02.29 02:55:31.075,2.08755,2.08835,2.40,2.40
2008.02.29 02:55:31.212,2.08755,2.08825,2.40,2.40
2008.02.29 02:55:32.859,2.08755,2.08825,2.40,2.40
2008.02.29 02:55:34.778,2.08755,2.08825,2.40,2.40
2008.02.29 02:55:34.936,2.08745,2.08825,6.40,2.40
2008.02.29 02:55:36.366,2.08755,2.08825,4.80,2.40
2008.02.29 02:55:36.522,2.08755,2.08825,4.80,2.40
2008.02.29 02:55:36.655,2.08755,2.08825,4.80,2.40
2008.02.29 02:55:36.820,2.08755,2.08825,4.80,2.40
2008.02.29 02:55:36.916,2.08755,2.08825,4.80,2.40
2008.02.29 02:55:37.111,2.08755,2.08825,4.80,2.40
2008.02.29 02:55:37.242,2.08755,2.08825,4.80,2.40
2008.02.29 02:55:37.434,2.08755,2.08825,4.80,2.40
2008.02.29 02:55:37.796,2.08755,2.08825,4.80,2.40
2008.02.29 02:55:38.150,2.08755,2.08825,4.80,2.40
2008.02.29 02:55:38.491,2.08755,2.08825,4.80,2.40
2008.02.29 02:55:38.707,2.08755,2.08825,4.80,2.40
2008.02.29 02:55:38.930,2.08755,2.08825,4.80,2.40
2008.02.29 02:55:39.144,2.08755,2.08825,4.80,2.40
2008.02.29 02:55:39.362,2.08755,2.08825,4.80,2.40
2008.02.29 02:55:39.588,2.08755,2.08825,4.80,2.40
2008.02.29 02:55:39.913,2.08755,2.08825,4.80,2.40
2008.02.29 02:55:40.230,2.08745,2.08825,6.40,2.40
2008.02.29 02:55:40.550,2.08745,2.08825,4.00,2.40
2008.02.29 02:55:40.853,2.08745,2.08825,4.00,2.40
2008.02.29 02:55:41.166,2.08745,2.08825,4.00,2.40
2008.02.29 02:55:41.456,2.08745,2.08825,4.00,2.40
2008.02.29 02:55:41.731,2.08745,2.08825,4.00,2.40
2008.02.29 02:55:41.991,2.08745,2.08825,4.00,2.40
2008.02.29 02:55:42.243,2.08745,2.08825,4.00,2.40
2008.02.29 02:55:42.502,2.08745,2.08825,4.00,2.40
2008.02.29 02:55:42.764,2.08745,2.08825,4.00,2.40
2008.02.29 02:55:43.034,2.08745,2.08825,4.00,2.40
2008.02.29 02:55:43.305,2.08745,2.08825,4.00,2.40
2008.02.29 02:55:43.569,2.08745,2.08825,4.00,2.40
2008.02.29 02:55:43.864,2.08745,2.08825,4.00,2.40
2008.02.29 02:55:44.156,2.08745,2.08825,4.00,2.40
2008.02.29 02:55:45.771,2.08745,2.08825,4.00,2.40
2008.02.29 02:55:48.517,2.08745,2.08825,4.00,2.40
2008.02.29 02:55:48.618,2.08745,2.08825,4.00,2.40
2008.02.29 02:55:48.666,2.08745,2.08825,4.00,2.40
2008.02.29 02:55:49.703,2.08745,2.08825,4.00,2.40
2008.02.29 02:55:49.744,2.08745,2.08825,4.00,2.40
2008.02.29 02:55:51.247,2.08745,2.08825,4.00,2.40
2008.02.29 02:55:52.793,2.08745,2.08825,4.00,2.40
2008.02.29 02:55:53.707,2.08745,2.08825,4.00,2.40
2008.02.29 02:55:56.578,2.08745,2.08825,4.00,2.40
2008.02.29 02:55:56.635,2.08745,2.08825,4.00,2.40
2008.02.29 02:55:56.672,2.08745,2.08825,4.00,2.40
2008.02.29 02:55:56.713,2.08745,2.08825,4.00,2.40
2008.02.29 02:55:56.779,2.08745,2.08825,4.00,2.40
2008.02.29 02:55:57.053,2.08745,2.08825,4.00,2.40
2008.02.29 02:55:57.335,2.08745,2.08825,4.00,2.40
2008.02.29 02:55:57.604,2.08745,2.08825,4.00,2.40
2008.02.29 02:55:57.889,2.08745,2.08825,4.00,2.40
2008.02.29 02:55:58.167,2.08745,2.08825,4.00,2.40
2008.02.29 02:55:58.443,2.08745,2.08825,4.00,2.40
2008.02.29 02:55:59.520,2.08745,2.08825,4.00,2.40
2008.02.29 02:55:59.660,2.08745,2.08825,4.00,2.40
2008.02.29 02:56:01.660,2.08745,2.08825,4.00,2.40
2008.02.29 02:56:03.261,2.08745,2.08825,4.00,2.40
2008.02.29 02:56:04.051,2.08745,2.08825,4.00,2.40
2008.02.29 02:56:04.112,2.08745,2.08825,4.00,2.40
2008.02.29 02:56:04.270,2.08745,2.08825,4.00,2.40
2008.02.29 02:56:04.441,2.08745,2.08825,4.00,2.40
2008.02.29 02:56:04.619,2.08745,2.08825,4.00,2.40
2008.02.29 02:56:08.194,2.08745,2.08825,4.00,2.40
2008.02.29 02:56:08.550,2.08745,2.08825,4.00,2.40
2008.02.29 02:56:08.623,2.08745,2.08825,4.00,2.40
2008.02.29 02:56:08.700,2.08745,2.08825,4.00,2.40
2008.02.29 02:56:08.767,2.08745,2.08825,4.00,2.40
2008.02.29 02:56:10.165,2.08745,2.08825,4.00,2.40
2008.02.29 02:56:11.281,2.08745,2.08825,4.00,2.40
2008.02.29 02:56:11.423,2.08745,2.08825,4.00,2.40
2008.02.29 02:56:12.949,2.08745,2.08825,4.00,2.40
2008.02.29 02:56:14.246,2.08745,2.08825,4.00,2.40
2008.02.29 02:56:14.299,2.08745,2.08825,4.00,2.40
2008.02.29 02:56:14.382,2.08745,2.08825,4.00,2.40
2008.02.29 02:56:14.469,2.08745,2.08825,4.00,2.40
2008.02.29 02:56:14.615,2.08745,2.08825,4.00,2.40
2008.02.29 02:56:14.715,2.08745,2.08825,4.00,2.40
2008.02.29 02:56:14.796,2.08745,2.08825,4.00,2.40
2008.02.29 02:56:14.866,2.08745,2.08825,4.00,2.40
2008.02.29 02:56:14.945,2.08745,2.08825,4.00,2.40
2008.02.29 02:56:15.112,2.08745,2.08825,4.00,2.40
2008.02.29 02:56:17.307,2.08745,2.08825,4.00,2.40
2008.02.29 02:56:17.463,2.08745,2.08825,4.00,2.40
2008.02.29 02:56:17.637,2.08745,2.08825,4.00,2.40
2008.02.29 02:56:17.806,2.08745,2.08825,4.00,2.40
2008.02.29 02:56:17.977,2.08745,2.08825,4.00,2.40
2008.02.29 02:56:18.147,2.08745,2.08825,4.00,2.40
2008.02.29 02:56:18.316,2.08745,2.08825,4.00,2.40
2008.02.29 02:56:18.486,2.08745,2.08825,4.00,2.40
2008.02.29 02:56:20.355,2.08745,2.08825,4.00,2.40
2008.02.29 02:56:22.111,2.08745,2.08825,4.00,2.40
2008.02.29 02:56:22.225,2.08745,2.08825,4.00,2.40
2008.02.29 02:56:22.349,2.08745,2.08825,4.00,2.40
2008.02.29 02:56:22.378,2.08745,2.08825,4.00,2.40
2008.02.29 02:56:23.944,2.08745,2.08825,4.00,2.40
2008.02.29 02:56:24.091,2.08745,2.08825,4.00,2.40
2008.02.29 02:56:25.013,2.08745,2.08825,4.00,2.40
2008.02.29 02:56:25.206,2.08745,2.08825,4.00,2.40
2008.02.29 02:56:26.292,2.08745,2.08825,4.00,2.40
2008.02.29 02:56:27.254,2.08745,2.08825,4.00,2.40
2008.02.29 02:56:28.731,2.08745,2.08825,4.00,2.40
2008.02.29 02:56:28.852,2.08745,2.08825,4.00,2.40
2008.02.29 02:56:28.942,2.08745,2.08825,4.00,2.40
2008.02.29 02:56:29.082,2.08745,2.08825,4.00,2.40
2008.02.29 02:56:29.256,2.08745,2.08825,4.00,2.40
2008.02.29 02:56:29.563,2.08745,2.08825,4.00,2.40
2008.02.29 02:56:30.321,2.08745,2.08825,4.00,2.40
2008.02.29 02:56:30.606,2.08745,2.08825,4.00,2.40
2008.02.29 02:56:30.895,2.08745,2.08825,4.00,2.40
2008.02.29 02:56:31.190,2.08745,2.08825,4.00,2.40
2008.02.29 02:56:31.461,2.08745,2.08825,4.00,2.40
2008.02.29 02:56:31.763,2.08745,2.08825,4.00,2.40
2008.02.29 02:56:32.053,2.08745,2.08825,4.00,2.40
2008.02.29 02:56:32.354,2.08745,2.08825,4.00,2.40
2008.02.29 02:56:32.601,2.08745,2.08825,4.00,2.40
2008.02.29 02:56:32.863,2.08745,2.08825,4.00,2.40
2008.02.29 02:56:33.117,2.08745,2.08825,4.00,2.40
2008.02.29 02:56:33.366,2.08745,2.08825,4.00,2.40
2008.02.29 02:56:33.628,2.08745,2.08825,4.00,2.40
2008.02.29 02:56:33.889,2.08745,2.08825,4.00,2.40
2008.02.29 02:56:34.150,2.08745,2.08825,4.00,2.40
2008.02.29 02:56:34.411,2.08745,2.08825,4.00,2.40
2008.02.29 02:56:34.683,2.08745,2.08825,6.40,2.40
2008.02.29 02:56:34.971,2.08745,2.08825,6.40,2.40
2008.02.29 02:56:35.242,2.08745,2.08825,6.40,2.40
2008.02.29 02:56:35.514,2.08745,2.08825,6.40,2.40
2008.02.29 02:56:35.820,2.08745,2.08825,6.40,2.40
2008.02.29 02:56:36.117,2.08745,2.08825,6.40,2.40
2008.02.29 02:56:36.414,2.08745,2.08825,6.40,2.40
2008.02.29 02:56:36.678,2.08745,2.08825,6.40,2.40
2008.02.29 02:56:36.948,2.08745,2.08825,6.40,2.40
2008.02.29 02:56:37.193,2.08745,2.08825,6.40,2.40
2008.02.29 02:56:37.452,2.08745,2.08825,6.40,2.40
2008.02.29 02:56:37.771,2.08745,2.08825,6.40,2.40
2008.02.29 02:56:38.072,2.08745,2.08825,6.40,2.40
2008.02.29 02:56:38.373,2.08745,2.08825,6.40,2.40
2008.02.29 02:56:38.678,2.08745,2.08825,6.40,2.40
2008.02.29 02:56:38.933,2.08745,2.08825,6.40,2.40
2008.02.29 02:56:39.194,2.08745,2.08825,6.40,2.40
2008.02.29 02:56:39.461,2.08745,2.08825,6.40,2.40
2008.02.29 02:56:39.720,2.08745,2.08825,6.40,2.40
2008.02.29 02:56:39.981,2.08745,2.08825,6.40,2.40
2008.02.29 02:56:40.253,2.08745,2.08825,6.40,2.40
2008.02.29 02:56:40.515,2.08745,2.08825,6.40,2.40
2008.02.29 02:56:40.836,2.08745,2.08825,6.40,2.40
2008.02.29 02:56:41.134,2.08745,2.08825,6.40,2.40
2008.02.29 02:56:41.445,2.08745,2.08825,6.40,2.40
2008.02.29 02:56:41.774,2.08745,2.08825,6.40,2.40
2008.02.29 02:56:42.031,2.08745,2.08825,6.40,2.40
2008.02.29 02:56:42.289,2.08745,2.08825,6.40,2.40
2008.02.29 02:56:42.549,2.08745,2.08825,6.40,2.40
2008.02.29 02:56:42.842,2.08745,2.08825,6.40,2.40
2008.02.29 02:56:43.133,2.08745,2.08825,6.40,2.40
2008.02.29 02:56:43.433,2.08745,2.08825,6.40,2.40
2008.02.29 02:56:43.724,2.08745,2.08825,6.40,2.40
2008.02.29 02:56:43.976,2.08745,2.08825,6.40,2.40
2008.02.29 02:56:44.238,2.08745,2.08825,6.40,2.40
2008.02.29 02:56:44.490,2.08745,2.08825,6.40,2.40
2008.02.29 02:56:44.752,2.08745,2.08825,6.40,2.40
2008.02.29 02:56:45.042,2.08745,2.08825,6.40,2.40
2008.02.29 02:56:45.318,2.08745,2.08825,6.40,2.40
2008.02.29 02:56:45.599,2.08745,2.08825,6.40,2.40
2008.02.29 02:56:45.895,2.08745,2.08825,6.40,2.40
2008.02.29 02:56:46.187,2.08745,2.08825,6.40,2.40
2008.02.29 02:56:46.487,2.08745,2.08825,6.40,2.40
2008.02.29 02:56:46.775,2.08745,2.08825,6.40,2.40
2008.02.29 02:56:47.050,2.08745,2.08825,6.40,2.40
2008.02.29 02:56:47.323,2.08745,2.08825,6.40,2.40
2008.02.29 02:56:47.597,2.08745,2.08825,6.40,2.40
2008.02.29 02:56:47.858,2.08745,2.08825,6.40,2.40
2008.02.29 02:56:48.137,2.08745,2.08825,6.40,2.40
2008.02.29 02:56:48.398,2.08745,2.08825,6.40,2.40
2008.02.29 02:56:48.676,2.08745,2.08825,6.40,2.40
2008.02.29 02:56:48.925,2.08745,2.08825,6.40,2.40
2008.02.29 02:56:49.188,2.08745,2.08825,6.40,2.40
2008.02.29 02:56:49.467,2.08745,2.08825,6.40,2.40
2008.02.29 02:56:49.738,2.08745,2.08825,6.40,2.40
2008.02.29 02:56:50.021,2.08745,2.08825,6.40,2.40
2008.02.29 02:56:50.292,2.08745,2.08825,6.40,2.40
2008.02.29 02:56:50.566,2.08745,2.08825,6.40,2.40
2008.02.29 02:56:50.838,2.08745,2.08825,6.40,2.40
2008.02.29 02:56:51.142,2.08745,2.08825,6.40,2.40
2008.02.29 02:56:51.442,2.08745,2.08825,6.40,2.40
2008.02.29 02:56:51.723,2.08745,2.08825,6.40,2.40
2008.02.29 02:56:51.974,2.08745,2.08815,6.40,2.40
2008.02.29 02:56:52.219,2.08745,2.08815,4.00,2.40
2008.02.29 02:56:52.473,2.08745,2.08815,4.00,2.40
2008.02.29 02:56:52.721,2.08745,2.08815,4.00,2.40
2008.02.29 02:56:52.999,2.08745,2.08815,4.00,2.40
2008.02.29 02:56:53.267,2.08745,2.08815,4.00,2.40
2008.02.29 02:56:53.541,2.08745,2.08815,4.00,2.40
2008.02.29 02:56:53.832,2.08745,2.08815,4.00,2.40
2008.02.29 02:56:54.131,2.08745,2.08815,4.00,2.40
2008.02.29 02:56:54.419,2.08745,2.08815,4.00,2.40
2008.02.29 02:56:54.705,2.08745,2.08815,4.00,2.40
2008.02.29 02:56:54.987,2.08745,2.08815,4.00,2.40
2008.02.29 02:56:55.239,2.08745,2.08815,4.00,2.40
2008.02.29 02:56:55.500,2.08745,2.08815,4.00,2.40
2008.02.29 02:56:55.760,2.08745,2.08815,4.00,2.40
2008.02.29 02:56:56.061,2.08745,2.08815,4.00,2.40
2008.02.29 02:56:56.368,2.08745,2.08815,4.00,2.40
2008.02.29 02:56:56.669,2.08745,2.08815,4.00,2.40
2008.02.29 02:56:56.974,2.08745,2.08815,4.00,2.40
2008.02.29 02:56:57.223,2.08745,2.08815,4.00,2.40
2008.02.29 02:56:57.477,2.08745,2.08815,4.00,2.40
2008.02.29 02:56:57.728,2.08745,2.08815,4.00,2.40
2008.02.29 02:56:57.977,2.08745,2.08815,4.00,2.40
2008.02.29 02:56:58.266,2.08745,2.08815,4.00,2.40
2008.02.29 02:56:58.562,2.08745,2.08815,4.00,2.40
2008.02.29 02:56:58.859,2.08745,2.08815,4.00,2.40
2008.02.29 02:56:59.110,2.08745,2.08815,4.00,2.40
2008.02.29 02:56:59.380,2.08745,2.08815,4.00,2.40
2008.02.29 02:56:59.637,2.08745,2.08815,4.00,2.40
2008.02.29 02:56:59.931,2.08745,2.08815,4.00,2.40
2008.02.29 02:57:00.216,2.08745,2.08815,4.00,2.40
2008.02.29 02:57:00.506,2.08745,2.08815,4.00,2.40
2008.02.29 02:57:00.786,2.08745,2.08815,4.00,2.40
2008.02.29 02:57:01.080,2.08755,2.08815,2.40,2.40
2008.02.29 02:57:01.372,2.08755,2.08815,2.40,2.40
2008.02.29 02:57:01.667,2.08755,2.08815,2.40,2.40
2008.02.29 02:57:01.976,2.08755,2.08805,2.40,2.40
2008.02.29 02:57:02.246,2.08745,2.08805,4.00,2.40
2008.02.29 02:57:02.506,2.08745,2.08805,4.00,2.40
2008.02.29 02:57:02.766,2.08745,2.08805,4.00,2.40
2008.02.29 02:57:03.012,2.08745,2.08805,4.00,2.40
2008.02.29 02:57:03.333,2.08745,2.08805,4.00,2.40
2008.02.29 02:57:03.648,2.08745,2.08805,4.00,2.40
2008.02.29 02:57:03.969,2.08745,2.08805,4.00,2.40
2008.02.29 02:57:04.206,2.08745,2.08805,4.00,2.40
2008.02.29 02:57:04.449,2.08745,2.08805,4.00,2.40
2008.02.29 02:57:35.538,2.08725,2.0883,6.40,1.60
2008.02.29 02:57:37.724,2.08725,2.0883,6.40,1.60
2008.02.29 02:57:37.749,2.08725,2.08825,6.40,0.80
2008.02.29 02:57:38.652,2.08725,2.0883,6.40,1.60
2008.02.29 02:57:38.823,2.08725,2.0883,6.40,1.60
2008.02.29 02:57:39.493,2.08725,2.0883,6.40,1.60
2008.02.29 02:57:40.765,2.08725,2.0883,6.40,1.60
2008.02.29 02:57:40.912,2.08725,2.0883,6.40,1.60
2008.02.29 02:57:41.025,2.08725,2.0883,6.40,1.60
2008.02.29 02:57:41.129,2.08725,2.0883,6.40,1.60
2008.02.29 02:57:41.234,2.08725,2.0883,6.40,1.60
2008.02.29 02:57:41.344,2.08725,2.08825,6.40,0.80
2008.02.29 02:57:41.445,2.08725,2.08825,6.40,0.80
2008.02.29 02:57:41.550,2.08725,2.08825,6.40,0.80
2008.02.29 02:57:41.897,2.08725,2.08825,6.40,0.80
2008.02.29 02:57:42.244,2.08725,2.08825,6.40,0.80
2008.02.29 02:57:42.594,2.08725,2.08825,6.40,0.80
2008.02.29 02:57:42.800,2.08725,2.08825,6.40,0.80
2008.02.29 02:57:43.005,2.08725,2.08825,6.40,0.80
2008.02.29 02:57:43.214,2.08725,2.08825,6.40,0.80
2008.02.29 02:57:43.421,2.08725,2.08825,6.40,0.80
2008.02.29 02:57:43.630,2.08725,2.08825,6.40,0.80
2008.02.29 02:57:43.835,2.08725,2.08825,6.40,0.80
2008.02.29 02:57:44.171,2.08725,2.08825,6.40,0.80
2008.02.29 02:57:44.515,2.08725,2.08825,6.40,0.80
2008.02.29 02:57:44.851,2.08725,2.08825,6.40,0.80
2008.02.29 02:57:45.072,2.08725,2.08825,6.40,0.80
2008.02.29 02:57:45.284,2.08725,2.08825,6.40,0.80
2008.02.29 02:57:45.495,2.08725,2.08825,6.40,0.80
2008.02.29 02:57:45.708,2.08725,2.08825,6.40,0.80
2008.02.29 02:57:46.046,2.08725,2.08825,6.40,0.80
2008.02.29 02:57:46.383,2.08725,2.08825,6.40,0.80
2008.02.29 02:57:46.721,2.08725,2.08825,6.40,0.80
2008.02.29 02:57:46.942,2.08725,2.08825,6.40,0.80
2008.02.29 02:57:47.163,2.08725,2.08825,6.40,0.80
2008.02.29 02:57:47.376,2.08725,2.08825,6.40,0.80
2008.02.29 02:57:47.589,2.08725,2.08825,2.40,0.80
2008.02.29 02:57:47.806,2.08745,2.08805,1.60,2.40
2008.02.29 02:57:48.147,2.08745,2.08805,1.60,2.40
2008.02.29 02:57:48.488,2.08745,2.08805,1.60,2.40
2008.02.29 02:57:48.828,2.08745,2.08805,1.60,2.40
2008.02.29 02:57:49.043,2.08745,2.08805,1.60,2.40
2008.02.29 02:57:49.270,2.08745,2.08805,1.60,2.40
2008.02.29 02:57:49.484,2.08745,2.08805,1.60,2.40
2008.02.29 02:57:49.703,2.08745,2.08805,1.60,2.40
2008.02.29 02:57:49.929,2.08745,2.08805,1.60,2.40
2008.02.29 02:57:50.259,2.08745,2.08805,1.60,2.40
2008.02.29 02:57:50.589,2.08745,2.08805,1.60,2.40
2008.02.29 02:57:50.917,2.08745,2.08805,1.60,2.40
2008.02.29 02:57:51.186,2.08745,2.08805,1.60,2.40
2008.02.29 02:57:51.454,2.08745,2.08805,1.60,2.40
2008.02.29 02:57:51.721,2.08745,2.08805,1.60,2.40
2008.02.29 02:57:51.990,2.08745,2.08805,1.60,2.40
2008.02.29 02:57:52.289,2.08745,2.08805,1.60,2.40
2008.02.29 02:57:52.575,2.08745,2.08805,1.60,2.40
2008.02.29 02:57:52.867,2.08745,2.08805,1.60,2.40
2008.02.29 02:57:53.112,2.08745,2.08805,1.60,2.40
2008.02.29 02:57:53.355,2.08745,2.08805,1.60,2.40
2008.02.29 02:57:53.606,2.08745,2.08805,1.60,2.40
2008.02.29 02:57:53.863,2.08745,2.08805,1.60,2.40
2008.02.29 02:57:54.154,2.08745,2.08805,1.60,2.40
2008.02.29 02:57:54.451,2.08745,2.08805,1.60,2.40
2008.02.29 02:57:54.745,2.08745,2.08805,1.60,2.40
2008.02.29 02:57:55.036,2.08745,2.08805,1.60,2.40
2008.02.29 02:57:55.284,2.08745,2.08805,1.60,2.40
2008.02.29 02:57:55.534,2.08745,2.08805,1.60,2.40
2008.02.29 02:57:55.787,2.08745,2.08805,1.60,2.40
2008.02.29 02:57:56.036,2.08745,2.08805,1.60,2.40
2008.02.29 02:57:56.357,2.08745,2.08805,1.60,2.40
2008.02.29 02:57:56.679,2.08745,2.08805,1.60,2.40
2008.02.29 02:57:57.002,2.08745,2.08805,1.60,2.40
2008.02.29 02:57:57.232,2.08745,2.08805,1.60,2.40
2008.02.29 02:57:57.462,2.08745,2.08805,1.60,2.40
2008.02.29 02:57:57.705,2.08745,2.08805,1.60,2.40
2008.02.29 02:57:57.939,2.08745,2.08805,1.60,2.40
2008.02.29 02:57:58.164,2.08745,2.08805,1.60,2.40
2008.02.29 02:57:58.501,2.08745,2.08805,1.60,2.40
2008.02.29 02:57:58.842,2.08745,2.08805,1.60,2.40
2008.02.29 02:57:59.181,2.08745,2.08805,1.60,2.40
2008.02.29 02:57:59.416,2.08745,2.08805,1.60,2.40
2008.02.29 02:57:59.641,2.08745,2.08805,1.60,2.40
2008.02.29 02:57:59.875,2.08745,2.08805,1.60,2.40
2008.02.29 02:58:01.814,2.08745,2.08805,1.60,2.40
2008.02.29 02:58:01.862,2.08745,2.08805,1.60,2.40
2008.02.29 02:58:01.975,2.08745,2.08805,1.60,2.40
2008.02.29 02:58:02.133,2.08745,2.08805,1.60,2.40
2008.02.29 02:58:02.170,2.08745,2.08805,1.60,2.40
2008.02.29 02:58:02.298,2.08745,2.08805,1.60,2.40
2008.02.29 02:58:02.380,2.08745,2.08805,1.60,2.40
2008.02.29 02:58:02.512,2.08745,2.08805,1.60,2.40
2008.02.29 02:58:04.130,2.08745,2.08805,1.60,2.40
2008.02.29 02:58:04.321,2.08745,2.08805,1.60,2.40
2008.02.29 02:58:04.539,2.08745,2.08805,1.60,2.40
2008.02.29 02:58:04.747,2.08745,2.08805,1.60,2.40
2008.02.29 02:58:04.953,2.08745,2.08805,1.60,2.40
2008.02.29 02:58:05.158,2.08745,2.08805,1.60,2.40
2008.02.29 02:58:05.503,2.08745,2.08805,1.60,2.40
2008.02.29 02:58:05.843,2.08745,2.08805,1.60,2.40
2008.02.29 02:58:06.190,2.08745,2.08805,1.60,2.40
2008.02.29 02:58:06.415,2.08745,2.08805,1.60,2.40
2008.02.29 02:58:06.630,2.08745,2.08805,1.60,2.40
2008.02.29 02:58:06.841,2.08745,2.08805,1.60,2.40
2008.02.29 02:58:07.061,2.08745,2.08805,1.60,2.40
2008.02.29 02:58:07.284,2.08745,2.08805,1.60,2.40
2008.02.29 02:58:07.595,2.08745,2.08805,1.60,2.40
2008.02.29 02:58:07.901,2.08745,2.08805,1.60,2.40
2008.02.29 02:58:08.204,2.08745,2.08805,1.60,2.40
2008.02.29 02:58:08.467,2.08745,2.08805,1.60,2.40
2008.02.29 02:58:08.728,2.08745,2.08805,1.60,2.40
2008.02.29 02:58:08.971,2.08745,2.08805,1.60,2.40
2008.02.29 02:58:09.217,2.08745,2.08805,1.60,2.40
2008.02.29 02:58:09.492,2.08745,2.08805,1.60,2.40
2008.02.29 02:58:09.763,2.08745,2.08805,1.60,2.40
2008.02.29 02:58:10.063,2.08745,2.08805,1.60,2.40
2008.02.29 02:58:10.323,2.08745,2.08805,1.60,2.40
2008.02.29 02:58:10.627,2.08745,2.08805,1.60,2.40
2008.02.29 02:58:10.933,2.08745,2.08805,1.60,2.40
2008.02.29 02:58:11.237,2.08745,2.08805,1.60,2.40
2008.02.29 02:58:11.480,2.08745,2.08805,1.60,2.40
2008.02.29 02:58:11.721,2.08745,2.08805,1.60,2.40
2008.02.29 02:58:11.963,2.08745,2.08805,1.60,2.40
2008.02.29 02:58:12.236,2.08745,2.08805,1.60,2.40
2008.02.29 02:58:12.522,2.08745,2.08805,1.60,2.40
2008.02.29 02:58:12.767,2.08745,2.08805,1.60,2.40
2008.02.29 02:58:13.028,2.08745,2.08805,1.60,2.40
2008.02.29 02:58:13.288,2.08745,2.08805,1.60,2.40
2008.02.29 02:58:13.571,2.08745,2.08805,1.60,2.40
2008.02.29 02:58:13.849,2.08745,2.08805,1.60,2.40
2008.02.29 02:58:14.126,2.08745,2.08805,1.60,2.40
2008.02.29 02:58:14.409,2.08745,2.08805,1.60,2.40
2008.02.29 02:58:14.682,2.08745,2.08805,1.60,2.40
2008.02.29 02:58:14.953,2.08745,2.08805,1.60,2.40
2008.02.29 02:58:15.229,2.08745,2.08805,1.60,2.40
2008.02.29 02:58:15.533,2.08745,2.08805,1.60,2.40
2008.02.29 02:58:15.837,2.08745,2.08805,1.60,2.40
2008.02.29 02:58:16.132,2.08745,2.08805,1.60,2.40
2008.02.29 02:58:16.427,2.08745,2.08805,1.60,2.40
2008.02.29 02:58:16.680,2.08745,2.08805,1.60,2.40
2008.02.29 02:58:16.940,2.08745,2.08805,1.60,2.40
2008.02.29 02:58:17.194,2.08745,2.08805,1.60,2.40
2008.02.29 02:58:17.459,2.08745,2.08805,1.60,2.40
2008.02.29 02:58:17.743,2.08745,2.08805,1.60,2.40
2008.02.29 02:58:18.018,2.08745,2.08805,1.60,2.40
2008.02.29 02:58:18.301,2.08745,2.08805,1.60,2.40
2008.02.29 02:58:18.556,2.08745,2.08805,1.60,2.40
2008.02.29 02:58:18.819,2.08745,2.08805,1.60,2.40
2008.02.29 02:58:19.083,2.08745,2.08805,1.60,2.40
2008.02.29 02:58:19.342,2.08745,2.08805,1.60,2.40
2008.02.29 02:58:19.623,2.08745,2.08805,1.60,2.40
2008.02.29 02:58:19.909,2.08745,2.08805,1.60,2.40
2008.02.29 02:58:20.174,2.08745,2.08805,1.60,2.40
2008.02.29 02:58:20.451,2.08745,2.08805,1.60,2.40
2008.02.29 02:58:20.766,2.08745,2.08805,1.60,2.40
2008.02.29 02:58:21.952,2.08745,2.08805,1.60,2.40
2008.02.29 02:58:22.078,2.08745,2.08805,1.60,2.40
2008.02.29 02:58:22.211,2.08745,2.08805,1.60,2.40
2008.02.29 02:58:22.331,2.08745,2.08805,1.60,2.40
2008.02.29 02:58:22.459,2.08745,2.08805,1.60,2.40
2008.02.29 02:58:22.587,2.08745,2.08805,1.60,2.40
2008.02.29 02:58:22.737,2.08745,2.08805,1.60,2.40
2008.02.29 02:58:22.886,2.08745,2.08805,1.60,2.40
2008.02.29 02:58:23.013,2.08745,2.08805,1.60,2.40
2008.02.29 02:58:23.344,2.08745,2.08805,1.60,2.40
2008.02.29 02:58:23.684,2.08745,2.08805,1.60,2.40
2008.02.29 02:58:24.032,2.08745,2.08805,1.60,2.40
2008.02.29 02:58:24.276,2.08745,2.08805,1.60,2.40
2008.02.29 02:58:24.539,2.08745,2.08805,1.60,2.40
2008.02.29 02:58:26.434,2.08745,2.08805,1.60,2.40
2008.02.29 02:58:26.554,2.08745,2.08805,1.60,2.40
2008.02.29 02:58:26.671,2.08745,2.08805,1.60,2.40
2008.02.29 02:58:26.803,2.08745,2.08805,1.60,2.40
2008.02.29 02:58:26.918,2.08745,2.08805,1.60,2.40
2008.02.29 02:58:27.033,2.08745,2.08805,1.60,2.40
2008.02.29 02:58:27.152,2.08745,2.08805,1.60,2.40
2008.02.29 02:58:27.289,2.08745,2.08805,1.60,2.40
2008.02.29 02:58:27.432,2.08745,2.08805,1.60,2.40
2008.02.29 02:58:27.772,2.08745,2.08805,1.60,2.40
2008.02.29 02:58:28.133,2.08745,2.08805,1.60,2.40
2008.02.29 02:58:28.485,2.08745,2.08805,1.60,2.40
2008.02.29 02:58:28.715,2.08745,2.08805,1.60,2.40
2008.02.29 02:58:28.945,2.08745,2.08805,1.60,2.40
2008.02.29 02:58:29.174,2.08745,2.08805,1.60,2.40
2008.02.29 02:58:30.671,2.08745,2.08805,1.60,2.40
2008.02.29 02:58:31.944,2.08745,2.08805,1.60,2.40
2008.02.29 02:58:31.992,2.08745,2.08805,1.60,2.40
2008.02.29 02:58:32.141,2.08745,2.08805,1.60,2.40
2008.02.29 02:58:32.288,2.08745,2.08805,1.60,2.40
2008.02.29 02:58:32.435,2.08745,2.08805,1.60,2.40
2008.02.29 02:58:32.586,2.08745,2.08805,1.60,2.40
2008.02.29 02:58:32.731,2.08745,2.08805,1.60,2.40
2008.02.29 02:58:32.880,2.08745,2.08805,1.60,2.40
2008.02.29 02:58:33.017,2.08745,2.08805,1.60,2.40
2008.02.29 02:58:33.377,2.08745,2.08805,1.60,2.40
2008.02.29 02:58:33.736,2.08745,2.08805,1.60,2.40
2008.02.29 02:58:34.094,2.08745,2.08805,1.60,2.40
2008.02.29 02:58:34.336,2.08745,2.08805,1.60,2.40
2008.02.29 02:58:34.563,2.08765,2.08805,2.40,2.40
2008.02.29 02:58:34.802,2.08775,2.08805,2.40,2.40
2008.02.29 02:58:35.029,2.08775,2.08815,2.40,1.60
2008.02.29 02:58:35.353,2.08775,2.08835,2.40,2.40
2008.02.29 02:58:35.666,2.08775,2.08835,2.40,2.40
2008.02.29 02:58:35.979,2.08775,2.08835,2.40,2.40
2008.02.29 02:58:36.305,2.08775,2.08835,2.40,2.40
2008.02.29 02:58:36.611,2.08775,2.08835,2.40,2.40
2008.02.29 02:58:36.898,2.08775,2.08835,2.40,2.40
2008.02.29 02:58:37.180,2.08785,2.08845,2.40,2.40
2008.02.29 02:58:37.433,2.08785,2.08845,2.40,2.40
2008.02.29 02:58:37.692,2.08785,2.08845,2.40,2.40
2008.02.29 02:58:37.938,2.08785,2.08845,2.40,2.40
2008.02.29 02:58:38.194,2.08785,2.08845,2.40,2.40
2008.02.29 02:58:38.514,2.08785,2.08845,2.40,2.40
2008.02.29 02:58:38.834,2.08785,2.08845,2.40,2.40
2008.02.29 02:58:39.141,2.08785,2.08845,2.40,2.40
2008.02.29 02:58:39.375,2.08785,2.08845,2.40,2.40
2008.02.29 02:58:39.619,2.08785,2.08845,2.40,2.40
2008.02.29 02:58:39.867,2.08785,2.08845,2.40,2.40
2008.02.29 02:58:40.105,2.08785,2.08845,2.40,2.40
2008.02.29 02:58:40.401,2.08785,2.08845,2.40,2.40
2008.02.29 02:58:40.685,2.08785,2.08845,2.40,2.40
2008.02.29 02:58:40.980,2.08785,2.08845,2.40,2.40
2008.02.29 02:58:41.265,2.08785,2.08845,2.40,2.40
2008.02.29 02:58:41.556,2.08785,2.08845,2.40,2.40
2008.02.29 02:58:41.853,2.08785,2.08845,2.40,2.40
2008.02.29 02:58:42.158,2.08785,2.08825,2.40,2.40
2008.02.29 02:58:42.430,2.08775,2.08825,2.40,2.40
2008.02.29 02:58:43.902,2.08785,2.08845,2.40,2.40
2008.02.29 02:58:44.021,2.08785,2.08845,2.40,2.40
2008.02.29 02:58:44.201,2.08785,2.08845,2.40,2.40
2008.02.29 02:58:44.359,2.08785,2.08845,2.40,2.40
2008.02.29 02:58:44.510,2.08785,2.08845,2.40,2.40
2008.02.29 02:58:44.550,2.08785,2.08845,2.40,2.40
2008.02.29 02:58:45.785,2.08785,2.08845,2.40,2.40
2008.02.29 02:58:46.549,2.08785,2.08845,2.40,2.40
2008.02.29 02:58:46.740,2.08785,2.08845,2.40,2.40
2008.02.29 02:58:46.927,2.08785,2.08845,2.40,2.40
2008.02.29 02:58:47.205,2.08785,2.08845,2.40,2.40
2008.02.29 02:58:47.480,2.08785,2.08845,2.40,2.40
2008.02.29 02:58:47.776,2.08785,2.08845,2.40,2.40
2008.02.29 02:58:48.048,2.08785,2.08845,2.40,2.40
2008.02.29 02:58:48.365,2.08785,2.08845,2.40,2.40
2008.02.29 02:58:48.671,2.08785,2.08845,2.40,2.40
2008.02.29 02:58:50.434,2.08785,2.08845,2.40,2.40
2008.02.29 02:58:50.531,2.08785,2.08845,2.40,2.40
2008.02.29 02:58:50.556,2.08785,2.08845,2.40,2.40
2008.02.29 02:58:50.595,2.08785,2.08845,2.40,2.40
2008.02.29 02:58:50.749,2.08785,2.08845,2.40,2.40
2008.02.29 02:58:50.770,2.08785,2.08845,2.40,2.40
2008.02.29 02:58:51.250,2.08785,2.08845,2.40,2.40
2008.02.29 02:58:52.403,2.08785,2.08845,2.40,2.40
2008.02.29 02:58:52.578,2.08785,2.08845,2.40,2.40
2008.02.29 02:58:52.731,2.08785,2.08845,2.40,2.40
2008.02.29 02:58:52.906,2.08785,2.08845,2.40,2.40
2008.02.29 02:58:53.069,2.08785,2.08845,2.40,2.40
2008.02.29 02:58:53.222,2.08785,2.08845,2.40,2.40
2008.02.29 02:58:53.382,2.08785,2.08845,2.40,2.40
2008.02.29 02:58:53.737,2.08785,2.08845,2.40,2.40
2008.02.29 02:58:54.077,2.08785,2.08845,2.40,2.40
2008.02.29 02:58:55.401,2.08785,2.08845,2.40,2.40
2008.02.29 02:58:55.503,2.08785,2.08845,2.40,2.40
2008.02.29 02:58:55.612,2.08785,2.08845,2.40,2.40
2008.02.29 02:58:55.777,2.08785,2.08845,2.40,2.40
2008.02.29 02:58:58.942,2.08785,2.08845,2.40,2.40
2008.02.29 02:58:59.118,2.08785,2.08845,2.40,2.40
2008.02.29 02:58:59.169,2.08785,2.08845,2.40,2.40
2008.02.29 02:58:59.225,2.08785,2.08845,2.40,2.40
2008.02.29 02:59:00.121,2.08785,2.08845,2.40,2.40
2008.02.29 02:59:00.275,2.08785,2.08845,2.40,2.40
2008.02.29 02:59:00.424,2.08785,2.08845,2.40,2.40
2008.02.29 02:59:00.587,2.08785,2.08845,2.40,2.40
2008.02.29 02:59:00.742,2.08785,2.08845,2.40,2.40
2008.02.29 02:59:00.905,2.08785,2.08845,2.40,2.40
2008.02.29 02:59:01.078,2.08785,2.08845,2.40,2.40
2008.02.29 02:59:01.249,2.08785,2.08845,2.40,2.40
2008.02.29 02:59:01.611,2.08785,2.08835,2.40,2.40
2008.02.29 02:59:01.961,2.08775,2.08835,2.40,2.40
2008.02.29 02:59:02.308,2.08775,2.08835,2.40,2.40
2008.02.29 02:59:02.538,2.08775,2.08835,2.40,2.40
2008.02.29 02:59:02.754,2.08775,2.08835,2.40,2.40
2008.02.29 02:59:02.972,2.08775,2.08835,2.40,2.40
2008.02.29 02:59:03.198,2.08775,2.08835,2.40,2.40
2008.02.29 02:59:03.504,2.08775,2.08835,2.40,2.40
2008.02.29 02:59:03.820,2.08785,2.08845,2.40,2.40
2008.02.29 02:59:04.137,2.08785,2.08845,2.40,2.40
2008.02.29 02:59:04.454,2.08785,2.08845,2.40,2.40
2008.02.29 02:59:04.699,2.08785,2.08845,2.40,2.40
2008.02.29 02:59:04.948,2.08785,2.08845,2.40,2.40
2008.02.29 02:59:05.198,2.08785,2.08855,4.80,2.40
2008.02.29 02:59:05.521,2.08785,2.08855,4.80,2.40
2008.02.29 02:59:05.823,2.08785,2.08855,4.80,2.40
2008.02.29 02:59:06.140,2.08785,2.08855,4.80,2.40
2008.02.29 02:59:06.443,2.08785,2.08855,4.80,2.40
2008.02.29 02:59:06.694,2.08785,2.08855,4.80,2.40
2008.02.29 02:59:06.950,2.08785,2.08855,4.80,2.40
2008.02.29 02:59:07.207,2.08785,2.08855,4.80,2.40
2008.02.29 02:59:07.466,2.08785,2.08855,4.80,2.40
2008.02.29 02:59:07.733,2.08785,2.08855,4.80,2.40
2008.02.29 02:59:08.003,2.08785,2.08855,4.80,2.40
2008.02.29 02:59:08.289,2.08785,2.08845,2.40,2.40
2008.02.29 02:59:08.572,2.08785,2.08845,2.40,2.40
2008.02.29 02:59:08.859,2.08785,2.08845,2.40,2.40
2008.02.29 02:59:09.137,2.08785,2.08845,2.40,2.40
2008.02.29 02:59:09.428,2.08785,2.08845,2.40,2.40
2008.02.29 02:59:09.692,2.08785,2.08845,2.40,2.40
2008.02.29 02:59:09.949,2.08785,2.08845,2.40,2.40
2008.02.29 02:59:10.212,2.08785,2.08845,2.40,2.40
2008.02.29 02:59:10.477,2.08785,2.08845,2.40,2.40
2008.02.29 02:59:10.783,2.08785,2.08845,2.40,2.40
2008.02.29 02:59:11.106,2.08785,2.08845,2.40,2.40
2008.02.29 02:59:11.419,2.08785,2.08845,2.40,2.40
2008.02.29 02:59:11.662,2.08785,2.08845,2.40,2.40
2008.02.29 02:59:11.928,2.08785,2.08845,2.40,2.40
2008.02.29 02:59:12.158,2.08785,2.08845,2.40,2.40
2008.02.29 02:59:12.415,2.08785,2.08845,2.40,2.40
2008.02.29 02:59:12.706,2.08785,2.08845,2.40,2.40
2008.02.29 02:59:13.002,2.08785,2.08845,2.40,2.40
2008.02.29 02:59:13.289,2.08785,2.08845,2.40,2.40
2008.02.29 02:59:13.554,2.08785,2.08845,2.40,2.40
2008.02.29 02:59:13.800,2.08785,2.08845,2.40,2.40
2008.02.29 02:59:14.048,2.08785,2.08845,2.40,2.40
2008.02.29 02:59:14.294,2.08785,2.08845,2.40,2.40
2008.02.29 02:59:14.540,2.08785,2.08845,2.40,2.40
2008.02.29 02:59:14.814,2.08785,2.08845,2.40,2.40
2008.02.29 02:59:15.091,2.08785,2.08845,2.40,2.40
2008.02.29 02:59:15.384,2.08785,2.08845,2.40,2.40
2008.02.29 02:59:15.693,2.08785,2.08845,2.40,2.40
2008.02.29 02:59:15.998,2.08785,2.08845,2.40,2.40
2008.02.29 02:59:16.433,2.08785,2.08845,2.40,2.40
2008.02.29 02:59:16.684,2.08785,2.08845,2.40,2.40
2008.02.29 02:59:16.917,2.08785,2.08845,2.40,2.40
2008.02.29 02:59:17.137,2.08785,2.08845,2.40,2.40
2008.02.29 02:59:17.352,2.08785,2.08845,2.40,2.40
2008.02.29 02:59:17.578,2.08785,2.08845,2.40,2.40
2008.02.29 02:59:17.897,2.08785,2.08845,2.40,2.40
2008.02.29 02:59:18.220,2.08785,2.08845,2.40,2.40
2008.02.29 02:59:18.541,2.08785,2.08865,2.40,2.40
2008.02.29 02:59:18.766,2.08785,2.08865,2.40,2.40
2008.02.29 02:59:18.994,2.08785,2.08865,2.40,2.40
2008.02.29 02:59:19.225,2.08785,2.08865,2.40,2.40
2008.02.29 02:59:19.442,2.08785,2.08865,2.40,2.40
2008.02.29 02:59:19.754,2.08785,2.08865,2.40,2.40
2008.02.29 02:59:20.090,2.08785,2.08865,2.40,2.40
2008.02.29 02:59:20.404,2.08785,2.08865,2.40,2.40
2008.02.29 02:59:20.711,2.08785,2.08865,2.40,2.40
2008.02.29 02:59:20.987,2.08785,2.08865,2.40,2.40
2008.02.29 02:59:21.260,2.08785,2.08865,2.40,2.40
2008.02.29 02:59:21.531,2.08785,2.08865,2.40,2.40
2008.02.29 02:59:21.788,2.08785,2.08865,2.40,2.40
2008.02.29 02:59:22.040,2.08785,2.08865,2.40,2.40
2008.02.29 02:59:22.299,2.08785,2.08865,2.40,2.40
2008.02.29 02:59:22.555,2.08785,2.08865,2.40,2.40
2008.02.29 02:59:22.842,2.08785,2.08865,2.40,2.40
2008.02.29 02:59:23.137,2.08785,2.08865,2.40,2.40
2008.02.29 02:59:23.453,2.08785,2.08865,2.40,2.40
2008.02.29 02:59:23.749,2.08785,2.08865,2.40,2.40
2008.02.29 02:59:24.004,2.08785,2.08865,2.40,2.40
2008.02.29 02:59:24.260,2.08785,2.08865,2.40,2.40
2008.02.29 02:59:24.517,2.08785,2.08865,2.40,2.40
2008.02.29 02:59:24.774,2.08785,2.08865,2.40,2.40
2008.02.29 02:59:25.042,2.08785,2.08865,2.40,2.40
2008.02.29 02:59:25.318,2.08785,2.08865,2.40,2.40
2008.02.29 02:59:25.595,2.08785,2.08865,2.40,2.40
2008.02.29 02:59:25.894,2.08785,2.08865,2.40,2.40
2008.02.29 02:59:26.214,2.08785,2.08865,2.40,2.40
2008.02.29 02:59:27.724,2.0878,2.08845,2.40,2.40
2008.02.29 02:59:29.182,2.08775,2.08845,4.80,2.40
2008.02.29 02:59:29.317,2.08775,2.08845,4.80,2.40
2008.02.29 02:59:29.516,2.08775,2.08845,4.80,2.40
2008.02.29 02:59:29.634,2.08775,2.08845,4.80,2.40
2008.02.29 02:59:30.018,2.08775,2.08845,4.80,2.40
2008.02.29 02:59:31.143,2.08775,2.08845,4.80,2.40
2008.02.29 02:59:31.480,2.08765,2.08845,2.40,2.40
2008.02.29 02:59:31.751,2.08765,2.08845,2.40,2.40
2008.02.29 02:59:32.018,2.08765,2.08845,2.40,2.40
2008.02.29 02:59:32.260,2.08765,2.08845,2.40,2.40
2008.02.29 02:59:32.575,2.08765,2.08845,2.40,3.20
2008.02.29 02:59:32.891,2.08755,2.08845,2.40,3.20
2008.02.29 02:59:33.206,2.08755,2.08845,2.40,3.20
2008.02.29 02:59:33.448,2.08755,2.08845,2.40,3.20
2008.02.29 02:59:34.024,2.08755,2.08845,2.40,3.20
2008.02.29 02:59:35.495,2.08755,2.08845,2.40,3.20
2008.02.29 02:59:35.621,2.08755,2.08845,2.40,3.20
2008.02.29 02:59:37.020,2.08755,2.08845,2.40,3.20
2008.02.29 02:59:37.172,2.08775,2.08845,2.40,2.40
2008.02.29 02:59:37.324,2.08775,2.08845,2.40,2.40
2008.02.29 02:59:37.467,2.08775,2.08845,2.40,2.40
2008.02.29 02:59:37.602,2.08775,2.08845,2.40,2.40
2008.02.29 02:59:39.033,2.08775,2.08845,2.40,2.40
2008.02.29 02:59:40.650,2.08775,2.08845,2.40,2.40
2008.02.29 02:59:40.708,2.08775,2.08845,2.40,2.40
2008.02.29 02:59:40.811,2.08775,2.08845,2.40,2.40
2008.02.29 02:59:40.946,2.08775,2.08845,2.40,2.40
2008.02.29 02:59:41.094,2.08765,2.08845,2.40,2.40
2008.02.29 02:59:41.331,2.08765,2.08845,2.40,2.40
2008.02.29 02:59:45.362,2.0876,2.08845,2.40,2.40
2008.02.29 02:59:45.705,2.08755,2.08845,2.40,3.20
2008.02.29 02:59:47.543,2.08755,2.08845,2.40,3.20
2008.02.29 02:59:47.710,2.08775,2.08845,2.40,2.40
2008.02.29 02:59:49.297,2.08775,2.08845,2.40,2.40
2008.02.29 02:59:49.367,2.08775,2.08845,2.40,2.40
2008.02.29 02:59:49.467,2.08775,2.08845,2.40,2.40
2008.02.29 02:59:49.555,2.08775,2.08845,2.40,2.40
2008.02.29 02:59:51.347,2.08775,2.08845,2.40,2.40
2008.02.29 02:59:51.474,2.08775,2.08845,4.80,2.40
2008.02.29 02:59:51.624,2.08775,2.08845,4.80,2.40
2008.02.29 02:59:53.161,2.08775,2.08845,4.80,2.40
2008.02.29 02:59:53.311,2.08775,2.08845,4.80,2.40
2008.02.29 02:59:56.287,2.08775,2.08845,4.80,2.40
2008.02.29 02:59:56.378,2.08775,2.08845,2.40,2.40
2008.02.29 02:59:56.469,2.08775,2.08845,2.40,2.40
2008.02.29 02:59:56.575,2.08775,2.08845,2.40,2.40
2008.02.29 02:59:56.714,2.08775,2.08845,2.40,2.40
2008.02.29 02:59:58.256,2.08775,2.08845,2.40,2.40
2008.02.29 02:59:58.339,2.08775,2.08845,2.40,4.60
